datetime,D11Z,D12Z,D21Z,D31Z,D41Z,D42Z,D43Z,Total
2024-03-01 01:00:00,1,2,1,0,0,2,0,6
2024-03-01 01:10:00,1,2,0,0,0,3,0,6
2024-03-01 01:20:00,2,1,1,0,2,1,0,7
2024-03-01 01:30:00,1,3,0,0,1,1,0,6
2024-03-01 01:40:00,1,2,0,0,1,3,0,7
2024-03-01 01:50:00,2,3,0,0,0,2,0,7
2024-03-01 02:00:00,0,0,0,0,2,6,0,8
2024-03-01 02:10:00,1,1,1,0,0,1,0,4
2024-03-01 02:20:00,1,1,0,0,0,3,0,5
2024-03-01 02:30:00,1,1,0,0,0,2,0,4
2024-03-01 02:40:00,0,1,0,0,0,1,0,2
2024-03-01 02:50:00,0,1,1,0,0,3,0,5
2024-03-01 03:00:00,0,0,0,0,0,2,0,2
2024-03-01 03:10:00,0,1,0,0,1,1,0,3
2024-03-01 03:20:00,0,0,0,0,1,1,0,2
2024-03-01 03:30:00,1,1,0,0,0,1,0,3
2024-03-01 03:40:00,0,0,1,0,1,3,0,5
2024-03-01 03:50:00,0,0,0,0,1,0,0,1
2024-03-01 04:00:00,0,0,0,0,0,2,0,2
2024-03-01 04:10:00,0,0,0,0,0,9,0,9
2024-03-01 04:20:00,0,0,0,0,0,2,0,2
2024-03-01 04:30:00,0,0,1,0,2,2,0,5
2024-03-01 04:40:00,0,1,1,0,0,1,0,3
2024-03-01 04:50:00,2,3,0,0,0,0,0,5
2024-03-01 05:00:00,0,0,0,0,1,1,0,2
2024-03-01 05:10:00,3,3,0,0,4,11,0,21
2024-03-01 05:20:00,0,3,0,0,1,5,1,10
2024-03-01 05:30:00,1,3,0,0,4,11,0,19
2024-03-01 05:40:00,0,3,0,0,4,13,1,21
2024-03-01 05:50:00,3,6,0,0,6,17,0,32
2024-03-01 06:00:00,1,7,0,0,7,26,2,43
2024-03-01 06:10:00,5,7,1,0,3,19,0,35
2024-03-01 06:20:00,5,5,1,0,5,32,0,48
2024-03-01 06:30:00,5,7,3,0,7,31,1,54
2024-03-01 06:40:00,5,6,1,0,5,31,2,50
2024-03-01 06:50:00,4,7,0,0,10,37,0,58
2024-03-01 07:00:00,3,10,1,0,14,45,1,74
2024-03-01 07:10:00,7,14,6,0,16,49,2,94
2024-03-01 07:20:00,2,9,3,0,16,75,1,106
2024-03-01 07:30:00,6,21,4,0,25,70,2,128
2024-03-01 07:40:00,9,22,2,0,25,62,1,121
2024-03-01 07:50:00,12,25,1,0,26,68,3,135
2024-03-01 08:00:00,11,19,1,0,26,66,1,124
2024-03-01 08:10:00,8,17,4,0,25,61,2,117
2024-03-01 08:20:00,9,23,1,0,17,48,0,98
2024-03-01 08:30:00,9,21,0,0,19,62,1,112
2024-03-01 08:40:00,12,23,5,0,26,62,1,129
2024-03-01 08:50:00,10,24,3,0,18,48,1,104
2024-03-01 09:00:00,14,30,6,0,24,56,1,131
2024-03-01 09:10:00,13,24,6,0,26,72,3,144
2024-03-01 09:20:00,15,28,2,0,20,57,1,123
2024-03-01 09:30:00,15,34,2,0,32,72,1,156
2024-03-01 09:40:00,17,29,3,0,20,54,1,124
2024-03-01 09:50:00,13,33,6,0,31,82,1,166
2024-03-01 10:00:00,10,19,3,0,29,69,1,131
2024-03-01 10:10:00,14,41,5,0,33,84,1,178
2024-03-01 10:20:00,7,29,6,0,27,70,0,139
2024-03-01 10:30:00,6,9,4,0,11,31,1,62
2024-03-01 10:40:00,16,26,9,1,46,84,0,182
2024-03-01 10:50:00,23,39,8,0,33,74,1,178
2024-03-01 11:00:00,14,34,6,0,26,67,1,148
2024-03-01 11:10:00,10,19,15,0,25,72,2,143
2024-03-01 11:20:00,15,24,19,0,22,65,0,145
2024-03-01 11:30:00,17,30,8,0,22,65,1,143
2024-03-01 11:40:00,16,26,20,0,20,80,0,162
2024-03-01 11:50:00,23,36,7,0,25,62,1,154
2024-03-01 12:00:00,13,35,15,0,24,62,1,150
2024-03-01 12:10:00,26,39,16,0,18,51,1,151
2024-03-01 12:20:00,16,41,14,0,21,60,0,152
2024-03-01 12:30:00,6,22,11,0,16,55,1,111
2024-03-01 12:40:00,12,21,19,0,22,62,0,136
2024-03-01 12:50:00,18,39,13,0,25,68,1,164
2024-03-01 13:00:00,17,35,13,0,25,84,0,174
2024-03-01 13:10:00,25,32,13,0,25,101,2,198
2024-03-01 13:20:00,22,37,14,0,26,87,0,186
2024-03-01 13:30:00,15,33,10,0,17,81,1,157
2024-03-01 13:40:00,12,21,15,0,15,66,0,129
2024-03-01 13:50:00,14,35,7,0,23,74,1,154
2024-03-01 14:00:00,18,33,9,0,17,76,1,154
2024-03-01 14:10:00,11,27,8,0,18,79,1,144
2024-03-01 14:20:00,14,30,9,0,18,81,0,152
2024-03-01 14:30:00,9,21,13,0,25,85,1,154
2024-03-01 14:40:00,16,19,7,0,23,86,0,151
2024-03-01 14:50:00,12,22,9,0,18,84,2,147
2024-03-01 15:00:00,14,29,10,0,22,76,0,151
2024-03-01 15:10:00,14,31,7,0,24,90,2,168
2024-03-01 15:20:00,9,30,7,0,25,87,0,158
2024-03-01 15:30:00,8,26,8,0,26,89,1,158
2024-03-01 15:40:00,15,21,11,0,26,86,0,159
2024-03-01 15:50:00,19,25,9,0,24,84,1,162
2024-03-01 16:00:00,18,31,7,0,29,86,1,172
2024-03-01 16:10:00,9,21,10,0,19,69,1,129
2024-03-01 16:20:00,11,20,12,0,23,91,0,157
2024-03-01 16:30:00,12,23,15,0,27,76,1,154
2024-03-01 16:40:00,13,28,16,0,23,84,1,165
2024-03-01 16:50:00,9,29,8,0,18,92,1,157
2024-03-01 17:00:00,15,29,13,0,29,95,1,182
2024-03-01 17:10:00,14,19,12,0,25,86,1,157
2024-03-01 17:20:00,25,31,5,0,13,66,0,140
2024-03-01 17:30:00,11,30,10,0,26,79,1,157
2024-03-01 17:40:00,18,29,14,0,29,93,1,184
2024-03-01 17:50:00,18,25,15,0,22,71,1,152
2024-03-01 18:00:00,14,32,6,0,20,72,0,144
2024-03-01 18:10:00,9,25,11,0,21,75,2,143
2024-03-01 18:20:00,17,30,8,0,29,72,0,156
2024-03-01 18:30:00,9,15,10,0,19,62,1,116
2024-03-01 18:40:00,8,17,10,0,19,70,0,124
2024-03-01 18:50:00,16,21,11,0,24,56,1,129
2024-03-01 19:00:00,10,22,6,0,17,60,1,116
2024-03-01 19:10:00,9,18,10,0,30,84,2,153
2024-03-01 19:20:00,15,22,6,0,27,67,1,138
2024-03-01 19:30:00,6,12,6,0,24,66,0,114
2024-03-01 19:40:00,14,23,7,0,17,62,1,124
2024-03-01 19:50:00,11,38,8,0,25,70,0,152
2024-03-01 20:00:00,6,22,8,0,18,52,0,106
2024-03-01 20:10:00,10,18,7,0,18,51,1,105
2024-03-01 20:20:00,6,23,7,0,25,59,0,120
2024-03-01 20:30:00,5,15,4,0,19,42,0,85
2024-03-01 20:40:00,10,13,4,0,15,50,0,92
2024-03-01 20:50:00,3,11,2,0,11,40,0,67
2024-03-01 21:00:00,3,10,4,0,9,38,0,64
2024-03-01 21:10:00,7,14,1,0,11,30,2,65
2024-03-01 21:20:00,3,12,2,0,11,38,0,66
2024-03-01 21:30:00,3,13,1,0,5,26,0,48
2024-03-01 21:40:00,6,13,1,0,9,30,0,59
2024-03-01 21:50:00,4,11,2,0,11,41,0,69
2024-03-01 22:00:00,2,12,2,0,7,35,1,59
2024-03-01 22:10:00,5,13,4,0,11,34,0,67
2024-03-01 22:20:00,2,10,4,0,12,43,0,71
2024-03-01 22:30:00,5,10,3,0,7,17,0,42
2024-03-01 22:40:00,4,10,2,0,10,30,1,57
2024-03-01 22:50:00,6,7,2,0,11,27,0,53
2024-03-01 23:00:00,4,11,13,0,11,35,0,74
2024-03-01 23:10:00,4,7,12,0,11,30,1,65
2024-03-01 23:20:00,3,12,17,0,10,33,0,75
2024-03-01 23:30:00,1,3,9,0,2,19,0,34
2024-03-01 23:40:00,4,6,5,0,7,31,1,54
2024-03-01 23:50:00,3,6,6,0,6,16,0,37
2024-03-02 00:00:00,1,7,2,0,6,19,0,35
2024-03-02 00:10:00,4,9,1,0,4,19,0,37
2024-03-02 00:20:00,1,2,1,0,2,20,0,26
2024-03-02 00:30:00,2,5,3,0,1,14,0,25
2024-03-02 00:40:00,1,3,2,0,1,5,0,12
2024-03-02 00:50:00,3,3,0,0,7,16,0,29
2024-03-02 01:00:00,0,1,1,0,3,12,0,17
2024-03-02 01:10:00,2,2,0,0,2,8,1,15
2024-03-02 01:20:00,0,4,0,0,1,8,0,13
2024-03-02 01:30:00,3,2,0,0,5,11,0,21
2024-03-02 01:40:00,2,3,0,0,3,16,0,24
2024-03-02 01:50:00,0,2,1,0,1,5,0,9
2024-03-02 02:00:00,1,3,0,0,4,5,0,13
2024-03-02 02:10:00,2,5,2,0,2,9,1,21
2024-03-02 02:20:00,2,1,0,0,3,10,0,16
2024-03-02 02:30:00,0,3,0,0,1,6,0,10
2024-03-02 02:40:00,1,2,0,0,2,7,0,12
2024-03-02 02:50:00,0,1,0,0,1,5,0,7
2024-03-02 03:00:00,0,1,0,0,1,5,0,7
2024-03-02 03:10:00,0,1,0,0,2,8,0,11
2024-03-02 03:20:00,1,2,1,0,0,2,0,6
2024-03-02 03:30:00,1,0,0,0,2,5,0,8
2024-03-02 03:40:00,0,0,0,0,1,2,0,3
2024-03-02 03:50:00,0,2,0,0,1,5,0,8
2024-03-02 04:00:00,0,1,0,0,1,3,0,5
2024-03-02 04:10:00,2,0,0,0,2,3,0,7
2024-03-02 04:20:00,0,1,0,0,2,5,0,8
2024-03-02 04:30:00,0,1,0,0,2,3,0,6
2024-03-02 04:40:00,1,3,0,0,0,11,0,15
2024-03-02 04:50:00,2,1,0,0,2,3,0,8
2024-03-02 05:00:00,0,1,0,0,2,5,0,8
2024-03-02 05:10:00,0,2,0,0,2,4,1,9
2024-03-02 05:20:00,3,2,0,0,1,5,0,11
2024-03-02 05:30:00,3,5,0,0,3,18,0,29
2024-03-02 05:40:00,0,3,0,0,4,9,0,16
2024-03-02 05:50:00,1,0,0,0,3,18,0,22
2024-03-02 06:00:00,1,3,0,0,2,9,0,15
2024-03-02 06:10:00,0,1,2,0,0,3,1,7
2024-03-02 06:20:00,1,1,0,0,2,11,0,15
2024-03-02 06:30:00,2,2,0,0,0,11,0,15
2024-03-02 06:40:00,2,4,2,0,3,27,0,38
2024-03-02 06:50:00,0,2,0,0,3,13,0,18
2024-03-02 07:00:00,1,1,0,0,6,12,0,20
2024-03-02 07:10:00,2,3,0,0,4,20,1,30
2024-03-02 07:20:00,1,3,0,0,2,8,0,14
2024-03-02 07:30:00,3,6,0,0,2,8,0,19
2024-03-02 07:40:00,5,2,0,0,6,15,0,28
2024-03-02 07:50:00,6,11,0,0,3,12,0,32
2024-03-02 08:00:00,1,6,2,0,6,20,0,35
2024-03-02 08:10:00,4,2,1,0,6,23,1,37
2024-03-02 08:20:00,6,9,0,0,4,9,0,28
2024-03-02 08:30:00,5,11,0,0,7,25,0,48
2024-03-02 08:40:00,6,10,0,0,4,44,0,64
2024-03-02 08:50:00,3,10,1,0,12,36,0,62
2024-03-02 09:00:00,1,10,0,0,8,41,0,60
2024-03-02 09:10:00,2,11,0,0,14,23,1,51
2024-03-02 09:20:00,7,9,1,0,12,41,0,70
2024-03-02 09:30:00,4,11,2,0,13,45,0,75
2024-03-02 09:40:00,6,14,3,0,22,43,0,88
2024-03-02 09:50:00,9,14,1,0,21,62,1,108
2024-03-02 10:00:00,5,21,2,0,18,36,0,82
2024-03-02 10:10:00,9,16,1,0,16,62,1,105
2024-03-02 10:20:00,8,21,5,0,23,63,0,120
2024-03-02 10:30:00,5,12,3,0,24,65,0,109
2024-03-02 10:40:00,10,23,7,0,18,48,0,106
2024-03-02 10:50:00,8,21,6,0,33,93,0,161
2024-03-02 11:00:00,8,23,8,0,17,83,0,139
2024-03-02 11:10:00,14,20,11,0,24,72,0,141
2024-03-02 11:20:00,2,18,6,0,18,67,1,112
2024-03-02 11:30:00,11,18,5,0,16,59,0,109
2024-03-02 11:40:00,6,18,9,0,15,68,0,116
2024-03-02 11:50:00,10,29,6,0,22,74,1,142
2024-03-02 12:00:00,13,21,7,0,25,68,0,134
2024-03-02 12:10:00,14,23,13,0,26,87,0,163
2024-03-02 12:20:00,12,25,12,0,31,67,1,148
2024-03-02 12:30:00,4,15,9,0,25,87,0,140
2024-03-02 12:40:00,15,36,12,0,29,92,0,184
2024-03-02 12:50:00,6,20,10,0,24,85,0,145
2024-03-02 13:00:00,10,25,11,0,22,61,0,129
2024-03-02 13:10:00,6,31,17,0,18,70,0,142
2024-03-02 13:20:00,8,20,13,0,25,100,1,167
2024-03-02 13:30:00,7,17,16,0,72,381,0,493
2024-03-02 13:40:00,10,24,16,0,58,365,0,473
2024-03-02 13:50:00,6,19,10,0,46,337,0,418
2024-03-02 14:00:00,10,30,12,0,38,369,1,460
2024-03-02 14:10:00,12,32,9,0,49,389,1,492
2024-03-02 14:20:00,8,21,12,0,27,366,0,434
2024-03-02 14:30:00,6,25,11,0,32,335,0,409
2024-03-02 14:40:00,14,23,17,0,31,370,0,455
2024-03-02 14:50:00,10,27,8,0,33,331,0,409
2024-03-02 15:00:00,8,26,18,0,26,349,0,427
2024-03-02 15:10:00,6,24,12,0,33,335,0,410
2024-03-02 15:20:00,13,33,16,0,39,318,1,420
2024-03-02 15:30:00,7,21,13,0,35,331,0,407
2024-03-02 15:40:00,18,31,16,0,34,310,0,409
2024-03-02 15:50:00,8,17,14,0,32,357,0,428
2024-03-02 16:00:00,7,25,7,0,27,334,1,401
2024-03-02 16:10:00,4,23,27,0,31,314,0,399
2024-03-02 16:20:00,10,24,14,0,26,279,1,354
2024-03-02 16:30:00,13,28,16,0,24,303,0,384
2024-03-02 16:40:00,10,29,9,1,30,297,0,376
2024-03-02 16:50:00,9,28,16,0,23,299,0,375
2024-03-02 17:00:00,5,27,12,0,36,282,0,362
2024-03-02 17:10:00,9,32,20,0,31,275,1,368
2024-03-02 17:20:00,10,23,16,0,33,283,0,365
2024-03-02 17:30:00,11,29,11,0,31,281,0,363
2024-03-02 17:40:00,9,27,12,0,33,287,0,368
2024-03-02 17:50:00,7,32,23,0,26,293,0,381
2024-03-02 18:00:00,8,22,15,0,22,338,1,406
2024-03-02 18:10:00,10,30,16,0,20,287,0,363
2024-03-02 18:20:00,11,23,14,0,27,305,1,381
2024-03-02 18:30:00,9,23,11,0,30,311,0,384
2024-03-02 18:40:00,11,27,14,0,23,281,0,356
2024-03-02 18:50:00,15,23,13,0,30,301,0,382
2024-03-02 19:00:00,12,28,12,0,38,330,0,420
2024-03-02 19:10:00,5,12,9,0,27,271,1,325
2024-03-02 19:20:00,3,19,4,0,28,365,0,419
2024-03-02 19:30:00,10,22,9,0,37,362,0,440
2024-03-02 19:40:00,3,20,11,0,46,420,0,500
2024-03-02 19:50:00,5,14,6,0,110,404,1,540
2024-03-02 20:00:00,7,8,6,0,211,325,0,557
2024-03-02 20:10:00,7,20,9,0,245,179,0,460
2024-03-02 20:20:00,7,12,2,0,75,271,1,368
2024-03-02 20:30:00,9,15,4,0,13,45,0,86
2024-03-02 20:40:00,4,17,8,0,10,31,0,70
2024-03-02 20:50:00,5,17,6,0,14,32,0,74
2024-03-02 21:00:00,3,13,3,0,6,37,0,62
2024-03-02 21:10:00,3,8,2,0,5,27,1,46
2024-03-02 21:20:00,5,14,4,0,16,44,0,83
2024-03-02 21:30:00,5,13,4,0,14,35,0,71
2024-03-02 21:40:00,5,19,1,0,15,37,0,77
2024-03-02 21:50:00,4,8,4,0,11,37,0,64
2024-03-02 22:00:00,1,11,2,0,7,28,0,49
2024-03-02 22:10:00,2,13,2,0,6,30,1,54
2024-03-02 22:20:00,8,12,7,0,7,37,0,71
2024-03-02 22:30:00,4,7,6,0,9,29,0,55
2024-03-02 22:40:00,1,8,1,0,7,25,0,42
2024-03-02 22:50:00,0,6,2,0,6,28,0,42
2024-03-02 23:00:00,3,5,5,0,12,43,0,68
2024-03-02 23:10:00,3,10,2,0,11,34,1,61
2024-03-02 23:20:00,2,11,0,0,7,21,0,41
2024-03-02 23:30:00,3,8,3,0,2,17,0,33
2024-03-02 23:40:00,3,9,2,0,7,26,0,47
2024-03-02 23:50:00,1,4,1,0,6,27,0,39
2024-03-03 00:00:00,2,9,3,0,11,29,0,54
2024-03-03 00:10:00,5,5,2,0,4,20,1,37
2024-03-03 00:20:00,3,5,0,0,6,22,0,36
2024-03-03 00:30:00,1,5,0,0,5,15,0,26
2024-03-03 00:40:00,5,5,0,0,3,23,0,36
2024-03-03 00:50:00,3,7,1,0,5,10,0,26
2024-03-03 01:00:00,3,8,0,0,6,20,0,37
2024-03-03 01:10:00,4,8,0,0,2,8,1,23
2024-03-03 01:20:00,1,4,3,0,4,7,0,19
2024-03-03 01:30:00,1,4,0,0,2,12,0,19
2024-03-03 01:40:00,1,3,0,0,6,13,0,23
2024-03-03 01:50:00,2,3,0,0,2,16,0,23
2024-03-03 02:00:00,0,2,1,0,4,12,0,19
2024-03-03 02:10:00,2,1,1,0,3,13,1,21
2024-03-03 02:20:00,1,2,0,0,5,11,0,19
2024-03-03 02:30:00,1,2,0,0,1,5,0,9
2024-03-03 02:40:00,1,2,0,0,3,5,0,11
2024-03-03 02:50:00,1,1,1,0,1,7,0,11
2024-03-03 03:00:00,0,2,0,0,1,5,0,8
2024-03-03 03:10:00,0,3,0,0,0,4,0,7
2024-03-03 03:20:00,0,0,0,0,0,4,0,4
2024-03-03 03:30:00,0,4,0,0,3,5,0,12
2024-03-03 03:40:00,0,2,0,0,0,2,0,4
2024-03-03 03:50:00,0,2,0,0,2,4,0,8
2024-03-03 04:00:00,0,0,0,0,4,5,0,9
2024-03-03 04:10:00,0,0,0,0,0,1,0,1
2024-03-03 04:20:00,1,1,0,0,1,2,0,5
2024-03-03 04:30:00,0,3,0,0,0,3,0,6
2024-03-03 04:40:00,0,5,0,0,1,4,0,10
2024-03-03 04:50:00,0,1,0,0,1,5,0,7
2024-03-03 05:00:00,1,2,0,0,2,5,0,10
2024-03-03 05:10:00,0,0,0,0,0,4,0,4
2024-03-03 05:20:00,0,1,0,0,1,7,0,9
2024-03-03 05:30:00,0,3,0,0,1,2,0,6
2024-03-03 05:40:00,2,2,1,0,0,3,0,8
2024-03-03 05:50:00,0,0,1,0,1,1,0,3
2024-03-03 06:00:00,1,0,1,0,2,12,0,16
2024-03-03 06:10:00,2,3,0,0,1,6,1,13
2024-03-03 06:20:00,0,0,0,0,3,8,0,11
2024-03-03 06:30:00,0,1,0,0,3,4,0,8
2024-03-03 06:40:00,3,3,1,0,1,6,1,15
2024-03-03 06:50:00,0,1,0,0,0,3,0,4
2024-03-03 07:00:00,1,0,0,0,1,3,0,5
2024-03-03 07:10:00,1,1,1,0,0,0,0,3
2024-03-03 07:20:00,1,0,0,0,0,6,0,7
2024-03-03 07:30:00,0,0,1,0,0,3,0,4
2024-03-03 07:40:00,0,2,0,0,1,7,0,10
2024-03-03 07:50:00,1,0,0,0,1,1,0,3
2024-03-03 08:00:00,1,2,0,0,3,8,0,14
2024-03-03 08:10:00,1,2,1,0,2,10,1,17
2024-03-03 08:20:00,3,4,0,0,1,9,0,17
2024-03-03 08:30:00,1,0,0,0,1,6,0,8
2024-03-03 08:40:00,4,6,1,0,6,12,0,29
2024-03-03 08:50:00,1,1,1,0,2,14,0,19
2024-03-03 09:00:00,4,7,0,0,8,12,0,31
2024-03-03 09:10:00,5,4,0,0,8,20,0,37
2024-03-03 09:20:00,2,3,0,0,6,13,0,24
2024-03-03 09:30:00,3,8,0,0,3,11,0,25
2024-03-03 09:40:00,3,4,0,0,5,20,0,32
2024-03-03 09:50:00,3,6,0,0,11,32,0,52
2024-03-03 10:00:00,4,8,0,0,6,25,0,43
2024-03-03 10:10:00,3,7,0,0,7,17,1,35
2024-03-03 10:20:00,4,5,1,0,10,27,0,47
2024-03-03 10:30:00,4,13,0,0,8,19,0,44
2024-03-03 10:40:00,8,14,1,0,9,34,1,67
2024-03-03 10:50:00,6,15,0,0,11,24,0,56
2024-03-03 11:00:00,4,6,0,0,7,20,0,37
2024-03-03 11:10:00,8,11,0,0,4,19,0,42
2024-03-03 11:20:00,10,9,2,0,4,27,0,52
2024-03-03 11:30:00,4,9,0,0,4,32,0,49
2024-03-03 11:40:00,6,13,0,0,2,34,1,56
2024-03-03 11:50:00,6,13,2,0,5,41,0,67
2024-03-03 12:00:00,5,10,0,0,10,36,0,61
2024-03-03 12:10:00,8,9,1,0,9,25,1,53
2024-03-03 12:20:00,1,15,0,0,10,45,0,71
2024-03-03 12:30:00,8,12,1,0,20,41,0,82
2024-03-03 12:40:00,6,11,2,0,10,38,0,67
2024-03-03 12:50:00,8,21,2,0,7,29,1,68
2024-03-03 13:00:00,9,17,2,0,9,48,0,85
2024-03-03 13:10:00,7,17,4,0,12,32,1,73
2024-03-03 13:20:00,6,15,1,0,14,50,0,86
2024-03-03 13:30:00,5,12,1,0,14,44,0,76
2024-03-03 13:40:00,9,20,0,0,10,46,1,86
2024-03-03 13:50:00,6,15,1,0,16,58,0,96
2024-03-03 14:00:00,10,13,1,0,12,48,0,84
2024-03-03 14:10:00,10,15,2,0,16,50,1,94
2024-03-03 14:20:00,4,16,2,0,14,47,0,83
2024-03-03 14:30:00,7,20,1,0,9,38,0,75
2024-03-03 14:40:00,2,13,1,0,17,53,1,87
2024-03-03 14:50:00,6,19,4,0,15,49,0,93
2024-03-03 15:00:00,4,22,3,0,11,38,0,78
2024-03-03 15:10:00,8,16,3,0,20,44,1,92
2024-03-03 15:20:00,9,14,0,0,20,43,0,86
2024-03-03 15:30:00,2,12,1,0,15,50,0,80
2024-03-03 15:40:00,7,17,0,0,15,51,1,91
2024-03-03 15:50:00,8,22,2,0,16,38,0,86
2024-03-03 16:00:00,5,13,7,0,18,44,0,87
2024-03-03 16:10:00,7,17,0,0,22,44,1,91
2024-03-03 16:20:00,6,17,0,0,17,49,0,89
2024-03-03 16:30:00,9,25,3,0,13,48,0,98
2024-03-03 16:40:00,5,21,3,0,11,44,1,85
2024-03-03 16:50:00,7,16,2,0,15,52,0,92
2024-03-03 17:00:00,7,25,1,0,19,51,0,103
2024-03-03 17:10:00,7,14,3,0,14,36,1,75
2024-03-03 17:20:00,8,18,0,0,18,47,0,91
2024-03-03 17:30:00,6,14,5,0,15,51,0,91
2024-03-03 17:40:00,4,19,0,0,16,51,1,91
2024-03-03 17:50:00,9,21,0,0,20,41,0,91
2024-03-03 18:00:00,6,31,3,0,16,49,0,105
2024-03-03 18:10:00,13,31,0,0,11,43,1,99
2024-03-03 18:20:00,7,13,0,0,19,47,0,86
2024-03-03 18:30:00,6,21,1,0,18,44,0,90
2024-03-03 18:40:00,9,25,1,0,5,26,1,67
2024-03-03 18:50:00,5,17,2,0,12,49,0,85
2024-03-03 19:00:00,6,22,0,0,10,31,0,69
2024-03-03 19:10:00,5,13,1,0,14,35,1,69
2024-03-03 19:20:00,7,22,0,0,20,46,0,95
2024-03-03 19:30:00,6,13,1,0,8,27,0,55
2024-03-03 19:40:00,7,19,1,0,12,32,1,72
2024-03-03 19:50:00,7,14,3,0,7,29,0,60
2024-03-03 20:00:00,2,16,1,0,11,28,1,59
2024-03-03 20:10:00,9,13,0,0,9,24,0,55
2024-03-03 20:20:00,7,9,0,0,8,25,0,49
2024-03-03 20:30:00,2,14,1,0,3,34,0,54
2024-03-03 20:40:00,5,7,0,0,5,21,0,38
2024-03-03 20:50:00,1,13,0,0,3,21,0,38
2024-03-03 21:00:00,4,12,2,0,5,27,0,50
2024-03-03 21:10:00,3,11,2,0,5,23,0,44
2024-03-03 21:20:00,1,9,0,0,10,24,0,44
2024-03-03 21:30:00,5,10,0,0,5,24,0,44
2024-03-03 21:40:00,2,14,0,0,6,22,0,44
2024-03-03 21:50:00,5,11,1,0,5,23,0,45
2024-03-03 22:00:00,8,11,2,0,7,16,0,44
2024-03-03 22:10:00,5,8,1,0,5,18,1,38
2024-03-03 22:20:00,2,9,0,0,4,25,0,40
2024-03-03 22:30:00,1,6,3,0,7,15,0,32
2024-03-03 22:40:00,1,5,0,0,6,24,0,36
2024-03-03 22:50:00,1,6,0,0,2,23,0,32
2024-03-03 23:00:00,1,3,0,0,3,15,0,22
2024-03-03 23:10:00,2,5,1,0,3,11,0,22
2024-03-03 23:20:00,2,7,0,0,5,10,0,24
2024-03-03 23:30:00,1,4,0,0,7,9,0,21
2024-03-03 23:40:00,0,2,0,0,5,21,0,28
2024-03-03 23:50:00,0,0,0,0,3,13,0,16
2024-03-04 00:00:00,0,4,0,0,3,11,0,18
2024-03-04 00:10:00,1,2,0,0,4,6,1,14
2024-03-04 00:20:00,1,2,0,0,4,7,0,14
2024-03-04 00:30:00,0,0,0,0,1,3,0,4
2024-03-04 00:40:00,1,4,0,0,1,2,0,8
2024-03-04 00:50:00,0,2,0,0,1,2,0,5
2024-03-04 01:00:00,1,2,1,0,0,3,0,7
2024-03-04 01:10:00,0,1,1,0,2,2,0,6
2024-03-04 01:20:00,0,0,0,0,0,3,0,3
2024-03-04 01:30:00,0,3,1,0,1,3,0,8
2024-03-04 01:40:00,0,1,0,0,2,6,0,9
2024-03-04 01:50:00,0,0,0,0,0,1,0,1
2024-03-04 02:00:00,1,0,0,0,0,0,0,1
2024-03-04 02:10:00,0,0,0,0,0,0,0,0
2024-03-04 02:20:00,0,0,0,0,2,2,0,4
2024-03-04 02:30:00,0,0,0,0,0,1,0,1
2024-03-04 02:40:00,1,1,0,0,1,0,0,3
2024-03-04 02:50:00,0,1,0,0,0,2,0,3
2024-03-04 03:00:00,2,1,0,0,0,0,0,3
2024-03-04 03:10:00,1,1,0,0,0,1,0,3
2024-03-04 03:20:00,0,1,0,0,1,1,0,3
2024-03-04 03:30:00,0,0,0,0,0,0,0,0
2024-03-04 03:40:00,0,2,0,0,0,2,0,4
2024-03-04 03:50:00,0,1,0,0,0,2,0,3
2024-03-04 04:00:00,0,0,0,0,0,2,0,2
2024-03-04 04:10:00,0,0,0,0,0,4,0,4
2024-03-04 04:20:00,0,2,0,0,0,4,0,6
2024-03-04 04:30:00,0,0,0,0,1,5,0,6
2024-03-04 04:40:00,1,1,2,0,1,6,0,11
2024-03-04 04:50:00,3,1,0,0,3,10,0,17
2024-03-04 05:00:00,1,0,0,0,2,10,0,13
2024-03-04 05:10:00,3,3,0,0,1,11,0,18
2024-03-04 05:20:00,2,2,0,0,0,16,0,20
2024-03-04 05:30:00,1,4,0,0,4,53,1,63
2024-03-04 05:40:00,1,2,0,0,2,42,1,48
2024-03-04 05:50:00,2,3,0,0,5,62,1,73
2024-03-04 06:00:00,2,7,0,0,6,50,0,65
2024-03-04 06:10:00,5,5,1,0,4,66,1,82
2024-03-04 06:20:00,6,4,1,0,9,88,0,108
2024-03-04 06:30:00,1,7,1,0,10,71,3,93
2024-03-04 06:40:00,7,8,0,0,6,75,4,100
2024-03-04 06:50:00,6,6,0,0,9,59,0,80
2024-03-04 07:00:00,6,9,1,0,11,98,1,126
2024-03-04 07:10:00,8,16,3,0,14,104,2,147
2024-03-04 07:20:00,9,15,0,0,21,107,1,153
2024-03-04 07:30:00,4,14,3,0,18,98,2,139
2024-03-04 07:40:00,12,21,2,0,31,129,2,197
2024-03-04 07:50:00,7,21,2,0,34,70,3,137
2024-03-04 08:00:00,8,16,0,0,24,81,1,130
2024-03-04 08:10:00,7,17,3,0,30,105,2,164
2024-03-04 08:20:00,11,21,4,0,37,105,0,178
2024-03-04 08:30:00,8,19,5,0,35,90,1,158
2024-03-04 08:40:00,13,28,7,0,28,80,1,157
2024-03-04 08:50:00,8,32,6,0,19,63,0,128
2024-03-04 09:00:00,10,30,0,0,18,74,1,133
2024-03-04 09:10:00,10,19,7,0,19,64,3,122
2024-03-04 09:20:00,16,36,4,0,34,72,1,163
2024-03-04 09:30:00,11,31,10,0,26,75,1,154
2024-03-04 09:40:00,8,35,3,0,23,63,1,133
2024-03-04 09:50:00,15,38,8,0,29,76,1,167
2024-03-04 10:00:00,14,29,5,0,24,74,1,147
2024-03-04 10:10:00,9,21,4,0,32,85,1,152
2024-03-04 10:20:00,19,31,4,0,24,77,0,155
2024-03-04 10:30:00,10,29,9,0,25,57,1,131
2024-03-04 10:40:00,18,26,8,0,27,72,1,152
2024-03-04 10:50:00,19,23,7,0,27,74,0,150
2024-03-04 11:00:00,12,32,6,0,18,51,1,120
2024-03-04 11:10:00,15,33,9,0,21,59,2,139
2024-03-04 11:20:00,15,41,12,0,27,51,0,146
2024-03-04 11:30:00,17,29,6,0,25,54,1,132
2024-03-04 11:40:00,9,24,4,0,26,74,1,138
2024-03-04 11:50:00,11,25,11,0,31,62,0,140
2024-03-04 12:00:00,21,34,14,0,27,63,1,160
2024-03-04 12:10:00,18,33,10,0,31,60,0,152
2024-03-04 12:20:00,7,20,7,0,20,69,0,123
2024-03-04 12:30:00,12,28,7,0,23,50,1,121
2024-03-04 12:40:00,17,20,7,0,22,62,1,129
2024-03-04 12:50:00,14,29,10,0,18,69,0,140
2024-03-04 13:00:00,15,22,11,0,20,72,1,141
2024-03-04 13:10:00,9,10,8,0,20,87,2,136
2024-03-04 13:20:00,13,30,6,0,12,64,0,125
2024-03-04 13:30:00,15,34,12,0,32,70,1,164
2024-03-04 13:40:00,8,33,6,0,20,77,1,145
2024-03-04 13:50:00,13,28,6,0,21,61,0,129
2024-03-04 14:00:00,19,14,13,0,24,64,1,135
2024-03-04 14:10:00,20,37,3,0,31,71,1,163
2024-03-04 14:20:00,13,27,13,0,29,90,1,173
2024-03-04 14:30:00,13,28,7,0,23,73,0,144
2024-03-04 14:40:00,19,34,16,0,15,62,0,146
2024-03-04 14:50:00,11,24,16,0,28,86,1,166
2024-03-04 15:00:00,20,34,8,0,25,85,1,173
2024-03-04 15:10:00,16,26,14,0,25,98,1,180
2024-03-04 15:20:00,18,43,8,0,33,99,0,201
2024-03-04 15:30:00,6,28,6,0,33,92,1,166
2024-03-04 15:40:00,19,35,11,0,21,103,1,190
2024-03-04 15:50:00,23,34,13,0,26,79,0,175
2024-03-04 16:00:00,21,37,9,0,14,80,1,162
2024-03-04 16:10:00,19,41,11,0,24,99,1,195
2024-03-04 16:20:00,22,36,16,0,19,83,0,176
2024-03-04 16:30:00,11,32,16,0,24,96,1,180
2024-03-04 16:40:00,14,37,12,0,22,106,1,192
2024-03-04 16:50:00,22,29,15,0,19,81,2,168
2024-03-04 17:00:00,10,22,15,0,23,66,0,136
2024-03-04 17:10:00,13,24,30,0,19,92,0,178
2024-03-04 17:20:00,12,27,24,0,24,85,0,172
2024-03-04 17:30:00,10,30,24,0,19,88,2,173
2024-03-04 17:40:00,18,23,17,0,25,79,0,162
2024-03-04 17:50:00,16,21,16,0,23,85,1,162
2024-03-04 18:00:00,14,29,27,0,25,78,1,174
2024-03-04 18:10:00,11,27,18,0,17,74,2,149
2024-03-04 18:20:00,10,23,24,0,17,67,0,141
2024-03-04 18:30:00,10,25,22,0,13,70,1,141
2024-03-04 18:40:00,17,18,18,0,22,69,1,145
2024-03-04 18:50:00,11,24,11,0,22,57,1,126
2024-03-04 19:00:00,12,25,19,0,18,56,0,130
2024-03-04 19:10:00,16,21,18,0,17,53,1,126
2024-03-04 19:20:00,6,16,18,0,12,41,1,94
2024-03-04 19:30:00,5,13,11,0,15,39,1,84
2024-03-04 19:40:00,9,13,5,0,4,38,0,69
2024-03-04 19:50:00,9,11,15,0,10,26,0,71
2024-03-04 20:00:00,13,35,8,0,10,28,0,94
2024-03-04 20:10:00,13,30,9,0,25,23,1,101
2024-03-04 20:20:00,2,21,6,0,19,27,0,75
2024-03-04 20:30:00,6,22,5,0,24,27,0,84
2024-03-04 20:40:00,5,21,4,0,19,24,0,73
2024-03-04 20:50:00,6,26,0,0,22,27,0,81
2024-03-04 21:00:00,10,18,4,0,20,21,0,73
2024-03-04 21:10:00,7,19,7,0,14,18,2,67
2024-03-04 21:20:00,4,23,10,0,21,24,0,82
2024-03-04 21:30:00,6,17,8,0,19,21,0,71
2024-03-04 21:40:00,6,17,5,0,8,14,0,50
2024-03-04 21:50:00,3,17,3,0,8,22,0,53
2024-03-04 22:00:00,8,22,2,0,5,23,0,60
2024-03-04 22:10:00,8,16,3,0,12,31,0,70
2024-03-04 22:20:00,4,18,3,0,12,22,0,59
2024-03-04 22:30:00,2,13,2,0,7,26,0,50
2024-03-04 22:40:00,2,8,0,0,10,41,1,62
2024-03-04 22:50:00,2,7,1,0,9,25,0,44
2024-03-04 23:00:00,1,10,0,0,7,36,1,55
2024-03-04 23:10:00,9,9,1,0,7,36,0,62
2024-03-04 23:20:00,1,0,1,0,11,27,0,40
2024-03-04 23:30:00,0,6,0,0,9,40,0,55
2024-03-04 23:40:00,3,3,0,0,5,52,1,64
2024-03-04 23:50:00,0,2,0,0,7,46,0,55
2024-03-05 00:00:00,1,5,2,0,7,57,0,72
2024-03-05 00:10:00,6,6,2,0,2,23,1,40
2024-03-05 00:20:00,2,5,0,0,1,28,0,36
2024-03-05 00:30:00,1,5,1,0,3,54,0,64
2024-03-05 00:40:00,3,2,0,0,1,23,0,29
2024-03-05 00:50:00,0,2,0,0,4,66,0,72
2024-03-05 01:00:00,1,3,0,0,2,62,0,68
2024-03-05 01:10:00,0,2,0,0,0,77,0,79
2024-03-05 01:20:00,1,5,1,0,4,114,0,125
2024-03-05 01:30:00,1,1,1,0,0,94,0,97
2024-03-05 01:40:00,1,0,0,0,4,98,0,103
2024-03-05 01:50:00,1,0,0,0,0,60,0,61
2024-03-05 02:00:00,1,4,0,0,4,88,0,97
2024-03-05 02:10:00,1,2,0,0,1,105,0,109
2024-03-05 02:20:00,0,2,0,0,1,61,0,64
2024-03-05 02:30:00,0,0,0,0,1,93,0,94
2024-03-05 02:40:00,0,2,0,0,1,93,0,96
2024-03-05 02:50:00,0,0,0,0,0,76,0,76
2024-03-05 03:00:00,0,1,0,0,0,93,0,94
2024-03-05 03:10:00,0,0,0,0,0,48,0,48
2024-03-05 03:20:00,0,1,0,0,1,51,0,53
2024-03-05 03:30:00,0,2,0,0,2,179,0,183
2024-03-05 03:40:00,1,1,0,0,0,152,0,154
2024-03-05 03:50:00,0,0,0,0,1,213,0,214
2024-03-05 04:00:00,2,2,0,0,1,181,0,186
2024-03-05 04:10:00,0,0,0,0,1,211,0,212
2024-03-05 04:20:00,1,3,0,0,1,182,0,187
2024-03-05 04:30:00,0,2,0,0,2,243,0,247
2024-03-05 04:40:00,4,2,0,0,4,301,0,311
2024-03-05 04:50:00,3,3,0,0,1,345,0,352
2024-03-05 05:00:00,0,1,0,0,17,267,0,285
2024-03-05 05:10:00,2,4,0,0,42,245,0,293
2024-03-05 05:20:00,2,3,0,0,63,265,0,333
2024-03-05 05:30:00,1,5,0,0,73,234,1,314
2024-03-05 05:40:00,1,2,0,0,63,251,1,318
2024-03-05 05:50:00,4,4,0,0,47,404,0,459
2024-03-05 06:00:00,2,7,1,0,164,148,1,323
2024-03-05 06:10:00,3,6,0,0,161,252,1,423
2024-03-05 06:20:00,5,9,1,0,287,26,2,330
2024-03-05 06:30:00,5,6,0,0,272,151,1,435
2024-03-05 06:40:00,8,13,1,0,198,114,4,338
2024-03-05 06:50:00,2,7,1,0,49,11,0,70
2024-03-05 07:00:00,9,10,1,0,15,41,1,77
2024-03-05 07:10:00,13,16,0,0,16,53,2,100
2024-03-05 07:20:00,5,16,0,0,20,61,0,102
2024-03-05 07:30:00,1,16,6,0,20,64,2,109
2024-03-05 07:40:00,12,21,1,0,18,67,3,122
2024-03-05 07:50:00,11,26,4,0,45,84,2,172
2024-03-05 08:00:00,13,20,1,0,32,67,1,134
2024-03-05 08:10:00,9,27,4,0,33,73,1,147
2024-03-05 08:20:00,15,33,3,0,21,72,3,147
2024-03-05 08:30:00,11,28,2,0,19,60,1,121
2024-03-05 08:40:00,10,20,6,0,28,86,2,152
2024-03-05 08:50:00,8,33,4,0,28,74,0,147
2024-03-05 09:00:00,18,27,1,0,28,61,1,136
2024-03-05 09:10:00,11,21,4,0,27,60,3,126
2024-03-05 09:20:00,17,24,4,0,35,72,0,152
2024-03-05 09:30:00,6,21,4,0,25,61,1,118
2024-03-05 09:40:00,11,26,7,0,24,67,0,135
2024-03-05 09:50:00,22,31,3,0,37,70,2,165
2024-03-05 10:00:00,7,22,8,0,18,54,1,110
2024-03-05 10:10:00,23,30,8,0,21,73,0,155
2024-03-05 10:20:00,12,32,10,0,24,60,1,139
2024-03-05 10:30:00,8,21,5,0,23,71,1,129
2024-03-05 10:40:00,18,33,6,0,34,78,0,169
2024-03-05 10:50:00,10,29,10,0,33,75,1,158
2024-03-05 11:00:00,14,28,16,0,24,53,1,136
2024-03-05 11:10:00,16,28,21,0,27,47,1,140
2024-03-05 11:20:00,13,34,16,0,34,78,0,175
2024-03-05 11:30:00,15,23,9,0,25,59,1,132
2024-03-05 11:40:00,11,23,10,0,32,58,0,134
2024-03-05 11:50:00,14,28,13,0,31,63,1,150
2024-03-05 12:00:00,11,29,15,0,30,68,1,154
2024-03-05 12:10:00,18,20,15,0,27,68,0,148
2024-03-05 12:20:00,16,27,16,0,13,53,1,126
2024-03-05 12:30:00,15,26,14,0,24,70,1,150
2024-03-05 12:40:00,12,25,15,0,23,51,1,127
2024-03-05 12:50:00,15,30,19,0,23,62,0,149
2024-03-05 13:00:00,17,32,13,0,20,78,1,161
2024-03-05 13:10:00,17,28,19,0,25,63,1,153
2024-03-05 13:20:00,10,22,8,0,21,62,0,123
2024-03-05 13:30:00,20,26,10,0,13,62,1,132
2024-03-05 13:40:00,14,23,15,0,24,79,1,156
2024-03-05 13:50:00,13,29,7,0,20,63,0,132
2024-03-05 14:00:00,10,23,7,0,24,73,1,138
2024-03-05 14:10:00,10,25,9,0,25,84,1,154
2024-03-05 14:20:00,17,25,9,0,22,69,1,143
2024-03-05 14:30:00,13,25,8,0,33,79,1,159
2024-03-05 14:40:00,15,26,6,0,24,87,0,158
2024-03-05 14:50:00,13,28,11,0,33,93,1,179
2024-03-05 15:00:00,12,32,15,0,29,69,1,158
2024-03-05 15:10:00,19,33,5,0,27,80,1,165
2024-03-05 15:20:00,16,38,14,0,20,94,0,182
2024-03-05 15:30:00,11,31,8,0,23,96,1,170
2024-03-05 15:40:00,14,30,10,0,35,114,0,203
2024-03-05 15:50:00,22,24,16,0,22,89,1,174
2024-03-05 16:00:00,23,42,10,0,26,89,1,191
2024-03-05 16:10:00,12,40,8,0,18,101,1,180
2024-03-05 16:20:00,14,32,11,0,28,97,0,182
2024-03-05 16:30:00,20,35,23,0,26,99,1,204
2024-03-05 16:40:00,19,29,21,0,28,104,0,201
2024-03-05 16:50:00,11,49,24,0,35,104,1,224
2024-03-05 17:00:00,12,24,24,0,22,104,1,187
2024-03-05 17:10:00,21,41,27,0,21,88,0,198
2024-03-05 17:20:00,14,32,26,0,19,82,0,173
2024-03-05 17:30:00,8,25,26,0,30,107,0,196
2024-03-05 17:40:00,21,40,19,0,21,87,1,189
2024-03-05 17:50:00,16,35,25,0,15,83,0,174
2024-03-05 18:00:00,13,27,33,0,24,90,2,189
2024-03-05 18:10:00,8,21,43,0,31,84,1,188
2024-03-05 18:20:00,10,17,28,0,20,80,0,155
2024-03-05 18:30:00,16,35,20,0,23,88,1,183
2024-03-05 18:40:00,15,23,31,0,23,73,1,166
2024-03-05 18:50:00,8,23,17,0,24,82,0,154
2024-03-05 19:00:00,7,27,23,0,29,73,1,160
2024-03-05 19:10:00,15,20,16,0,17,56,1,125
2024-03-05 19:20:00,11,24,16,0,20,63,0,134
2024-03-05 19:30:00,12,19,10,0,26,55,1,123
2024-03-05 19:40:00,13,19,8,0,18,52,0,110
2024-03-05 19:50:00,6,17,8,0,17,53,1,102
2024-03-05 20:00:00,13,37,13,0,35,42,0,140
2024-03-05 20:10:00,14,33,7,0,29,30,1,114
2024-03-05 20:20:00,4,26,5,0,35,35,0,105
2024-03-05 20:30:00,8,29,4,0,16,20,0,77
2024-03-05 20:40:00,9,28,4,0,18,18,0,77
2024-03-05 20:50:00,5,29,3,0,19,23,0,79
2024-03-05 21:00:00,10,18,1,0,13,13,0,55
2024-03-05 21:10:00,10,25,3,0,9,17,2,66
2024-03-05 21:20:00,7,36,9,0,12,13,0,77
2024-03-05 21:30:00,5,22,7,0,23,24,0,81
2024-03-05 21:40:00,14,26,3,0,19,17,0,79
2024-03-05 21:50:00,6,19,2,0,20,22,0,69
2024-03-05 22:00:00,4,12,1,0,21,16,0,54
2024-03-05 22:10:00,5,21,1,0,14,16,1,58
2024-03-05 22:20:00,2,16,10,0,24,16,0,68
2024-03-05 22:30:00,3,14,13,0,18,18,0,66
2024-03-05 22:40:00,7,17,29,0,14,12,1,80
2024-03-05 22:50:00,1,7,7,0,10,13,0,38
2024-03-05 23:00:00,5,13,1,0,11,12,0,42
2024-03-05 23:10:00,3,13,3,0,3,3,1,26
2024-03-05 23:20:00,4,10,0,0,8,9,0,31
2024-03-05 23:30:00,0,4,4,0,6,5,1,20
2024-03-05 23:40:00,3,8,0,0,8,7,0,26
2024-03-05 23:50:00,3,7,3,0,5,6,0,24
2024-03-06 00:00:00,5,5,0,0,3,5,0,18
2024-03-06 00:10:00,2,6,2,0,3,6,0,19
2024-03-06 00:20:00,0,1,0,0,1,1,0,3
2024-03-06 00:30:00,2,2,0,0,2,2,0,8
2024-03-06 00:40:00,2,6,0,0,2,1,0,11
2024-03-06 00:50:00,2,3,0,0,1,2,0,8
2024-03-06 01:00:00,1,4,1,0,2,2,0,10
2024-03-06 01:10:00,3,3,0,0,0,3,0,9
2024-03-06 01:20:00,1,2,0,0,1,1,0,5
2024-03-06 01:30:00,0,2,1,0,3,4,0,10
2024-03-06 01:40:00,0,0,0,0,1,2,0,3
2024-03-06 01:50:00,1,1,0,0,2,1,0,5
2024-03-06 02:00:00,1,0,0,0,1,1,0,3
2024-03-06 02:10:00,3,3,0,0,0,0,0,6
2024-03-06 02:20:00,0,0,0,0,1,1,0,2
2024-03-06 02:30:00,0,1,0,0,2,3,0,6
2024-03-06 02:40:00,0,0,0,0,1,2,0,3
2024-03-06 02:50:00,0,0,0,0,4,4,0,8
2024-03-06 03:00:00,0,2,0,0,4,5,0,11
2024-03-06 03:10:00,0,3,1,0,0,2,0,6
2024-03-06 03:20:00,0,0,0,0,0,1,0,1
2024-03-06 03:30:00,1,1,0,0,0,0,0,2
2024-03-06 03:40:00,0,1,0,0,0,2,0,3
2024-03-06 03:50:00,1,3,1,0,1,11,0,17
2024-03-06 04:00:00,0,2,0,0,1,7,0,10
2024-03-06 04:10:00,0,1,0,0,0,12,0,13
2024-03-06 04:20:00,0,1,0,0,2,16,0,19
2024-03-06 04:30:00,3,2,1,0,1,7,0,14
2024-03-06 04:40:00,0,1,0,0,3,15,0,19
2024-03-06 04:50:00,2,2,2,0,1,42,0,49
2024-03-06 05:00:00,0,1,0,0,3,44,0,48
2024-03-06 05:10:00,1,3,0,0,2,170,0,176
2024-03-06 05:20:00,2,6,0,0,4,103,0,115
2024-03-06 05:30:00,0,5,0,0,15,122,1,143
2024-03-06 05:40:00,1,2,0,0,11,106,1,121
2024-03-06 05:50:00,5,6,0,0,15,88,0,114
2024-03-06 06:00:00,5,6,2,0,9,120,1,143
2024-03-06 06:10:00,5,6,2,0,33,114,0,160
2024-03-06 06:20:00,1,6,2,0,22,88,1,120
2024-03-06 06:30:00,2,6,0,0,62,30,1,101
2024-03-06 06:40:00,8,10,2,0,29,145,2,196
2024-03-06 06:50:00,4,13,1,0,27,73,1,119
2024-03-06 07:00:00,7,10,2,0,47,77,1,144
2024-03-06 07:10:00,6,8,1,0,86,131,1,233
2024-03-06 07:20:00,4,17,3,0,68,199,1,292
2024-03-06 07:30:00,5,14,1,0,144,32,1,197
2024-03-06 07:40:00,12,25,4,0,110,57,3,211
2024-03-06 07:50:00,9,20,1,0,17,62,1,110
2024-03-06 08:00:00,15,18,2,0,30,79,2,146
2024-03-06 08:10:00,6,16,3,0,20,79,2,126
2024-03-06 08:20:00,9,26,3,0,29,56,1,124
2024-03-06 08:30:00,16,28,2,0,23,56,1,126
2024-03-06 08:40:00,12,26,4,0,32,62,2,138
2024-03-06 08:50:00,19,28,3,0,28,71,0,149
2024-03-06 09:00:00,12,19,5,0,22,65,1,124
2024-03-06 09:10:00,10,24,7,0,23,63,3,130
2024-03-06 09:20:00,12,19,2,0,26,54,1,114
2024-03-06 09:30:00,13,21,5,0,27,67,1,134
2024-03-06 09:40:00,10,23,7,0,29,64,1,134
2024-03-06 09:50:00,18,29,7,0,39,70,1,164
2024-03-06 10:00:00,16,28,3,0,24,59,1,131
2024-03-06 10:10:00,19,36,2,0,33,73,1,164
2024-03-06 10:20:00,19,30,7,0,29,61,0,146
2024-03-06 10:30:00,14,39,10,0,24,72,1,160
2024-03-06 10:40:00,13,26,8,0,26,77,1,151
2024-03-06 10:50:00,13,29,9,0,31,74,0,156
2024-03-06 11:00:00,21,29,12,0,19,61,1,143
2024-03-06 11:10:00,15,26,11,0,23,63,1,139
2024-03-06 11:20:00,18,31,12,0,33,74,0,168
2024-03-06 11:30:00,8,23,13,0,20,62,1,127
2024-03-06 11:40:00,11,31,10,0,26,64,1,143
2024-03-06 11:50:00,15,33,13,0,17,54,0,132
2024-03-06 12:00:00,14,15,14,0,22,71,1,137
2024-03-06 12:10:00,15,20,11,0,19,67,0,132
2024-03-06 12:20:00,12,28,15,0,8,46,1,110
2024-03-06 12:30:00,13,18,15,0,18,64,1,129
2024-03-06 12:40:00,16,40,7,0,12,50,0,125
2024-03-06 12:50:00,14,24,15,0,24,70,1,148
2024-03-06 13:00:00,10,25,23,0,22,83,1,164
2024-03-06 13:10:00,18,37,14,0,24,53,1,147
2024-03-06 13:20:00,12,27,17,0,21,86,1,164
2024-03-06 13:30:00,15,20,9,0,28,50,1,123
2024-03-06 13:40:00,14,18,7,0,18,65,0,122
2024-03-06 13:50:00,10,18,11,0,27,15,1,82
2024-03-06 14:00:00,6,25,17,0,19,60,1,128
2024-03-06 14:10:00,14,23,11,0,15,61,1,125
2024-03-06 14:20:00,11,21,14,0,22,69,1,138
2024-03-06 14:30:00,9,18,12,0,25,72,1,137
2024-03-06 14:40:00,20,33,19,0,19,61,0,152
2024-03-06 14:50:00,13,29,8,0,31,95,1,177
2024-03-06 15:00:00,13,22,9,0,18,82,1,145
2024-03-06 15:10:00,10,30,12,0,29,78,2,161
2024-03-06 15:20:00,15,39,11,0,29,72,0,166
2024-03-06 15:30:00,13,30,9,0,22,91,1,166
2024-03-06 15:40:00,13,31,12,0,20,85,0,161
2024-03-06 15:50:00,15,22,11,0,21,81,1,151
2024-03-06 16:00:00,11,35,9,0,10,87,1,153
2024-03-06 16:10:00,20,32,9,0,23,98,1,183
2024-03-06 16:20:00,10,29,17,0,15,100,1,172
2024-03-06 16:30:00,17,35,14,0,30,101,1,198
2024-03-06 16:40:00,12,34,18,0,19,121,2,206
2024-03-06 16:50:00,19,29,12,0,20,83,0,163
2024-03-06 17:00:00,11,30,18,0,28,111,1,199
2024-03-06 17:10:00,13,31,24,0,19,77,0,164
2024-03-06 17:20:00,13,26,22,0,17,80,0,158
2024-03-06 17:30:00,22,40,28,0,25,97,1,213
2024-03-06 17:40:00,9,20,20,0,21,88,1,159
2024-03-06 17:50:00,11,24,22,0,25,92,0,174
2024-03-06 18:00:00,14,29,20,0,17,81,0,161
2024-03-06 18:10:00,12,31,29,0,18,100,2,192
2024-03-06 18:20:00,4,22,30,0,24,91,0,171
2024-03-06 18:30:00,16,28,17,0,19,71,1,152
2024-03-06 18:40:00,14,24,17,0,15,90,0,160
2024-03-06 18:50:00,17,28,15,0,12,62,2,136
2024-03-06 19:00:00,8,17,16,0,25,73,0,139
2024-03-06 19:10:00,12,23,13,0,19,57,1,125
2024-03-06 19:20:00,8,20,18,0,18,50,0,114
2024-03-06 19:30:00,8,13,8,0,15,51,1,96
2024-03-06 19:40:00,11,20,10,0,11,40,0,92
2024-03-06 19:50:00,4,25,6,0,11,39,0,85
2024-03-06 20:00:00,16,46,18,0,27,27,0,134
2024-03-06 20:10:00,11,29,9,0,19,21,0,89
2024-03-06 20:20:00,5,24,10,0,20,30,0,89
2024-03-06 20:30:00,9,23,7,0,22,24,0,85
2024-03-06 20:40:00,5,23,2,0,21,26,0,77
2024-03-06 20:50:00,9,24,4,0,18,26,0,81
2024-03-06 21:00:00,4,20,5,0,2,3,1,35
2024-03-06 21:10:00,9,21,4,0,22,26,1,83
2024-03-06 21:20:00,4,20,4,0,18,17,0,63
2024-03-06 21:30:00,2,12,2,0,13,18,0,47
2024-03-06 21:40:00,6,18,5,0,14,15,0,58
2024-03-06 21:50:00,6,19,4,0,9,14,0,52
2024-03-06 22:00:00,5,17,2,0,20,24,0,68
2024-03-06 22:10:00,1,17,3,0,14,19,1,55
2024-03-06 22:20:00,4,9,1,0,18,19,0,51
2024-03-06 22:30:00,3,15,2,0,11,14,0,45
2024-03-06 22:40:00,3,9,2,0,12,13,1,40
2024-03-06 22:50:00,5,9,2,0,9,8,0,33
2024-03-06 23:00:00,1,11,0,0,8,13,1,34
2024-03-06 23:10:00,3,10,2,0,5,5,0,25
2024-03-06 23:20:00,2,6,1,0,10,10,0,29
2024-03-06 23:30:00,0,5,1,0,5,6,0,17
2024-03-06 23:40:00,2,16,3,0,6,6,1,34
2024-03-06 23:50:00,1,4,1,0,2,2,0,10
2024-03-07 00:00:00,1,2,0,0,3,3,0,9
2024-03-07 00:10:00,3,7,2,0,2,4,1,19
2024-03-07 00:20:00,1,5,0,0,5,5,0,16
2024-03-07 00:30:00,1,1,0,0,1,3,0,6
2024-03-07 00:40:00,5,4,0,0,5,5,0,19
2024-03-07 00:50:00,0,4,0,0,3,5,0,12
2024-03-07 01:00:00,1,1,0,0,2,3,0,7
2024-03-07 01:10:00,2,3,0,0,1,2,0,8
2024-03-07 01:20:00,1,5,0,0,2,4,0,12
2024-03-07 01:30:00,1,4,0,0,0,2,0,7
2024-03-07 01:40:00,0,0,0,0,2,2,0,4
2024-03-07 01:50:00,1,3,0,0,2,3,0,9
2024-03-07 02:00:00,0,2,2,0,1,2,0,7
2024-03-07 02:10:00,0,0,0,0,1,3,0,4
2024-03-07 02:20:00,1,1,0,0,1,1,0,4
2024-03-07 02:30:00,0,0,0,0,0,1,0,1
2024-03-07 02:40:00,0,1,1,0,0,0,0,2
2024-03-07 02:50:00,1,1,0,0,0,0,0,2
2024-03-07 03:00:00,0,1,0,0,0,2,0,3
2024-03-07 03:10:00,0,3,0,0,0,0,0,3
2024-03-07 03:20:00,0,2,0,0,0,1,0,3
2024-03-07 03:30:00,0,1,0,0,0,1,0,2
2024-03-07 03:40:00,1,2,0,0,0,1,0,4
2024-03-07 03:50:00,3,2,0,0,0,0,0,5
2024-03-07 04:00:00,0,3,1,0,1,3,0,8
2024-03-07 04:10:00,1,1,0,0,2,2,0,6
2024-03-07 04:20:00,0,1,0,0,3,2,0,6
2024-03-07 04:30:00,0,1,1,0,1,2,0,5
2024-03-07 04:40:00,1,2,0,0,0,4,0,7
2024-03-07 04:50:00,4,4,0,0,3,1,0,12
2024-03-07 05:00:00,0,0,1,0,1,2,0,4
2024-03-07 05:10:00,1,2,1,0,1,4,0,9
2024-03-07 05:20:00,3,7,0,0,5,11,0,26
2024-03-07 05:30:00,1,3,0,0,4,12,1,21
2024-03-07 05:40:00,2,6,0,0,1,11,1,21
2024-03-07 05:50:00,6,4,0,0,8,20,0,38
2024-03-07 06:00:00,2,5,0,0,7,21,1,36
2024-03-07 06:10:00,7,7,4,0,9,21,3,51
2024-03-07 06:20:00,5,7,0,0,5,25,0,42
2024-03-07 06:30:00,2,6,0,0,7,28,2,45
2024-03-07 06:40:00,5,15,1,0,10,45,5,81
2024-03-07 06:50:00,6,4,1,0,8,30,0,49
2024-03-07 07:00:00,5,12,0,0,4,35,1,57
2024-03-07 07:10:00,9,7,1,0,13,36,1,67
2024-03-07 07:20:00,7,12,1,0,20,58,0,98
2024-03-07 07:30:00,6,11,4,0,17,47,2,87
2024-03-07 07:40:00,7,24,0,0,33,81,2,147
2024-03-07 07:50:00,10,23,1,0,26,72,3,135
2024-03-07 08:00:00,12,26,0,0,28,78,0,144
2024-03-07 08:10:00,10,25,3,0,35,66,2,141
2024-03-07 08:20:00,9,24,2,0,22,71,1,129
2024-03-07 08:30:00,12,26,2,0,18,87,1,146
2024-03-07 08:40:00,11,25,4,0,30,83,1,154
2024-03-07 08:50:00,10,28,2,0,35,85,1,161
2024-03-07 09:00:00,14,24,5,0,33,71,1,148
2024-03-07 09:10:00,12,21,7,0,25,72,2,139
2024-03-07 09:20:00,12,27,1,0,17,56,2,115
2024-03-07 09:30:00,13,27,2,0,21,61,1,125
2024-03-07 09:40:00,10,30,7,0,26,82,1,156
2024-03-07 09:50:00,19,36,7,0,22,89,1,174
2024-03-07 10:00:00,11,29,9,0,18,78,1,146
2024-03-07 10:10:00,14,30,5,0,24,77,2,152
2024-03-07 10:20:00,18,33,8,0,26,89,0,174
2024-03-07 10:30:00,14,22,12,0,32,85,1,166
2024-03-07 10:40:00,16,22,9,0,29,70,1,147
2024-03-07 10:50:00,19,23,3,0,18,45,0,108
2024-03-07 11:00:00,13,24,12,0,25,66,1,141
2024-03-07 11:10:00,18,35,10,0,18,49,1,131
2024-03-07 11:20:00,15,31,10,0,25,62,1,144
2024-03-07 11:30:00,15,34,8,0,27,50,1,135
2024-03-07 11:40:00,12,24,17,0,1,1,0,55
2024-03-07 11:50:00,16,27,7,0,26,57,1,134
2024-03-07 12:00:00,14,25,13,0,27,65,1,145
2024-03-07 12:10:00,16,32,17,0,24,70,2,161
2024-03-07 12:20:00,14,29,15,0,16,63,0,137
2024-03-07 12:30:00,13,26,13,0,24,77,1,154
2024-03-07 12:40:00,21,36,15,0,20,71,0,163
2024-03-07 12:50:00,10,17,15,0,24,78,1,145
2024-03-07 13:00:00,14,29,22,0,21,65,1,152
2024-03-07 13:10:00,10,20,16,0,32,90,1,169
2024-03-07 13:20:00,24,35,11,0,19,70,0,159
2024-03-07 13:30:00,13,19,11,0,11,53,2,109
2024-03-07 13:40:00,11,22,10,0,28,64,0,135
2024-03-07 13:50:00,15,22,17,0,18,61,1,134
2024-03-07 14:00:00,13,26,8,0,20,91,1,159
2024-03-07 14:10:00,20,35,13,0,24,62,1,155
2024-03-07 14:20:00,15,33,11,0,29,56,1,145
2024-03-07 14:30:00,15,33,16,0,31,142,1,238
2024-03-07 14:40:00,13,22,16,0,22,84,0,157
2024-03-07 14:50:00,12,17,13,0,22,83,0,147
2024-03-07 15:00:00,17,32,10,0,21,92,1,173
2024-03-07 15:10:00,14,27,13,0,28,85,1,168
2024-03-07 15:20:00,14,21,25,0,33,89,0,182
2024-03-07 15:30:00,18,35,14,0,25,66,1,159
2024-03-07 15:40:00,12,35,15,0,24,91,0,177
2024-03-07 15:50:00,17,26,12,0,28,104,1,188
2024-03-07 16:00:00,16,36,16,0,22,79,1,170
2024-03-07 16:10:00,15,38,16,0,20,92,2,183
2024-03-07 16:20:00,16,36,20,0,35,131,0,238
2024-03-07 16:30:00,20,35,16,0,21,81,1,174
2024-03-07 16:40:00,14,26,9,0,25,113,1,188
2024-03-07 16:50:00,13,22,14,0,32,96,0,177
2024-03-07 17:00:00,16,35,26,0,20,106,1,204
2024-03-07 17:10:00,17,36,23,0,30,92,1,199
2024-03-07 17:20:00,10,31,30,0,20,96,0,187
2024-03-07 17:30:00,10,28,25,0,14,101,1,179
2024-03-07 17:40:00,14,31,37,0,32,106,2,222
2024-03-07 17:50:00,19,40,17,0,23,90,0,189
2024-03-07 18:00:00,14,28,39,0,26,71,1,179
2024-03-07 18:10:00,14,23,47,0,19,85,1,189
2024-03-07 18:20:00,19,27,38,0,21,81,1,187
2024-03-07 18:30:00,11,24,31,0,23,67,1,157
2024-03-07 18:40:00,13,18,23,0,20,75,0,149
2024-03-07 18:50:00,7,24,20,0,19,59,0,129
2024-03-07 19:00:00,9,23,20,0,21,56,1,130
2024-03-07 19:10:00,13,22,30,0,21,66,2,154
2024-03-07 19:20:00,8,19,21,0,20,69,0,137
2024-03-07 19:30:00,4,16,5,0,16,45,1,87
2024-03-07 19:40:00,15,23,14,0,18,55,1,126
2024-03-07 19:50:00,11,25,12,0,16,42,0,106
2024-03-07 20:00:00,10,35,18,0,20,39,0,122
2024-03-07 20:10:00,9,26,12,0,28,35,1,111
2024-03-07 20:20:00,8,40,7,0,27,32,0,114
2024-03-07 20:30:00,7,17,5,0,19,23,0,71
2024-03-07 20:40:00,10,26,1,0,25,20,0,82
2024-03-07 20:50:00,4,16,8,0,23,25,0,76
2024-03-07 21:00:00,6,13,6,0,16,19,1,61
2024-03-07 21:10:00,5,27,5,0,22,25,1,85
2024-03-07 21:20:00,4,15,9,0,16,23,0,67
2024-03-07 21:30:00,8,25,11,0,24,21,0,89
2024-03-07 21:40:00,8,19,3,0,6,15,0,51
2024-03-07 21:50:00,6,19,3,0,20,29,0,77
2024-03-07 22:00:00,2,11,5,0,18,22,0,58
2024-03-07 22:10:00,6,14,2,0,18,21,1,62
2024-03-07 22:20:00,4,10,3,0,18,24,0,59
2024-03-07 22:30:00,1,6,2,0,23,22,0,54
2024-03-07 22:40:00,9,14,2,0,14,14,1,54
2024-03-07 22:50:00,4,3,1,0,16,17,0,41
2024-03-07 23:00:00,6,11,2,0,6,9,1,35
2024-03-07 23:10:00,4,11,1,0,12,12,0,40
2024-03-07 23:20:00,1,5,0,0,7,9,0,22
2024-03-07 23:30:00,5,10,2,0,6,6,1,30
2024-03-07 23:40:00,2,6,0,0,4,4,0,16
2024-03-07 23:50:00,1,10,2,0,6,7,0,26
2024-03-08 00:00:00,2,6,0,0,4,6,0,18
2024-03-08 00:10:00,3,10,1,0,3,3,1,21
2024-03-08 00:20:00,2,3,1,0,3,3,0,12
2024-03-08 00:30:00,1,3,0,0,4,3,0,11
2024-03-08 00:40:00,4,6,0,0,3,2,0,15
2024-03-08 00:50:00,0,2,0,0,1,18,0,21
2024-03-08 01:00:00,0,1,1,0,3,4,0,9
2024-03-08 01:10:00,2,3,0,0,4,5,0,14
2024-03-08 01:20:00,2,6,1,0,6,3,0,18
2024-03-08 01:30:00,2,5,1,0,0,4,0,12
2024-03-08 01:40:00,0,2,0,0,2,2,0,6
2024-03-08 01:50:00,0,1,1,0,1,3,0,6
2024-03-08 02:00:00,1,1,0,0,1,1,0,4
2024-03-08 02:10:00,1,5,0,0,1,1,0,8
2024-03-08 02:20:00,0,0,1,0,1,2,0,4
2024-03-08 02:30:00,0,0,1,0,4,4,0,9
2024-03-08 02:40:00,1,2,0,0,0,2,0,5
2024-03-08 02:50:00,1,3,0,0,1,1,0,6
2024-03-08 03:00:00,0,0,0,0,0,0,0,0
2024-03-08 03:10:00,0,1,0,0,4,3,0,8
2024-03-08 03:20:00,0,1,0,0,0,0,0,1
2024-03-08 03:30:00,0,0,0,0,0,0,0,0
2024-03-08 03:40:00,0,1,0,0,1,2,0,4
2024-03-08 03:50:00,0,0,1,0,1,3,0,5
2024-03-08 04:00:00,0,1,1,0,2,2,0,6
2024-03-08 04:10:00,1,1,0,0,2,2,0,6
2024-03-08 04:20:00,0,2,0,0,1,2,0,5
2024-03-08 04:30:00,0,1,0,0,1,1,0,3
2024-03-08 04:40:00,1,1,0,0,2,2,0,6
2024-03-08 04:50:00,2,4,0,0,1,0,0,7
2024-03-08 05:00:00,0,1,0,0,0,4,0,5
2024-03-08 05:10:00,3,4,0,0,3,5,0,15
2024-03-08 05:20:00,3,3,1,0,3,9,0,19
2024-03-08 05:30:00,0,3,0,0,3,13,1,20
2024-03-08 05:40:00,3,2,0,0,4,14,1,24
2024-03-08 05:50:00,4,6,0,0,6,12,0,28
2024-03-08 06:00:00,3,7,0,0,8,26,1,45
2024-03-08 06:10:00,4,4,2,0,2,16,3,31
2024-03-08 06:20:00,5,4,4,0,8,25,0,46
2024-03-08 06:30:00,0,4,0,0,7,27,1,39
2024-03-08 06:40:00,4,14,0,0,7,27,4,56
2024-03-08 06:50:00,5,7,1,0,11,28,0,52
2024-03-08 07:00:00,4,10,1,0,5,33,1,54
2024-03-08 07:10:00,10,9,2,0,10,34,2,67
2024-03-08 07:20:00,3,12,2,0,24,53,1,95
2024-03-08 07:30:00,10,20,3,0,25,64,0,122
2024-03-08 07:40:00,10,23,4,0,30,67,5,139
2024-03-08 07:50:00,13,27,4,0,35,55,1,135
2024-03-08 08:00:00,15,28,4,0,25,64,1,137
2024-03-08 08:10:00,7,11,3,0,25,67,3,116
2024-03-08 08:20:00,6,21,1,0,21,64,1,114
2024-03-08 08:30:00,10,27,4,0,19,59,0,119
2024-03-08 08:40:00,12,29,5,0,35,76,2,159
2024-03-08 08:50:00,13,24,4,0,24,59,0,124
2024-03-08 09:00:00,9,24,4,0,19,59,1,116
2024-03-08 09:10:00,14,27,3,0,25,74,3,146
2024-03-08 09:20:00,12,24,7,0,22,61,1,127
2024-03-08 09:30:00,14,29,8,0,30,68,1,150
2024-03-08 09:40:00,16,28,3,0,25,74,1,147
2024-03-08 09:50:00,19,28,4,0,26,76,1,154
2024-03-08 10:00:00,9,26,3,0,22,62,1,123
2024-03-08 10:10:00,15,32,10,0,30,76,2,165
2024-03-08 10:20:00,11,29,4,0,19,71,0,134
2024-03-08 10:30:00,13,25,5,0,23,69,1,136
2024-03-08 10:40:00,14,24,10,0,22,68,1,139
2024-03-08 10:50:00,14,23,9,0,28,68,0,142
2024-03-08 11:00:00,14,30,10,0,26,76,1,157
2024-03-08 11:10:00,14,24,11,0,30,75,2,156
2024-03-08 11:20:00,10,33,12,0,25,84,0,164
2024-03-08 11:30:00,13,32,12,0,20,75,1,153
2024-03-08 11:40:00,12,27,8,0,25,77,0,149
2024-03-08 11:50:00,16,25,11,0,23,65,1,141
2024-03-08 12:00:00,10,27,8,0,20,80,1,146
2024-03-08 12:10:00,14,21,14,0,24,72,1,146
2024-03-08 12:20:00,12,28,12,0,20,72,1,145
2024-03-08 12:30:00,12,25,11,0,29,88,1,166
2024-03-08 12:40:00,22,37,9,0,13,78,0,159
2024-03-08 12:50:00,17,25,13,0,22,69,1,147
2024-03-08 13:00:00,20,29,7,0,26,95,1,178
2024-03-08 13:10:00,16,33,15,0,22,79,0,165
2024-03-08 13:20:00,12,27,13,0,18,72,1,143
2024-03-08 13:30:00,9,28,17,0,24,87,1,166
2024-03-08 13:40:00,13,28,11,0,26,70,0,148
2024-03-08 13:50:00,15,24,13,0,23,82,1,158
2024-03-08 14:00:00,13,30,18,0,27,79,1,168
2024-03-08 14:10:00,14,23,9,0,19,79,1,145
2024-03-08 14:20:00,12,30,12,0,24,83,1,162
2024-03-08 14:30:00,16,27,9,0,18,76,1,147
2024-03-08 14:40:00,13,22,12,0,20,81,0,148
2024-03-08 14:50:00,23,30,11,0,26,78,0,168
2024-03-08 15:00:00,11,29,17,0,51,386,2,496
2024-03-08 15:10:00,9,23,7,0,144,283,2,468
2024-03-08 15:20:00,19,28,11,0,163,8,0,229
2024-03-08 15:30:00,14,28,10,0,98,210,1,361
2024-03-08 15:40:00,12,21,8,0,20,110,0,171
2024-03-08 15:50:00,11,22,11,0,23,102,0,169
2024-03-08 16:00:00,15,31,12,0,23,82,2,165
2024-03-08 16:10:00,12,29,12,0,28,93,1,175
2024-03-08 16:20:00,12,31,10,0,21,88,1,163
2024-03-08 16:30:00,17,29,6,0,28,85,1,166
2024-03-08 16:40:00,17,20,13,0,30,91,0,171
2024-03-08 16:50:00,16,26,11,0,28,91,0,172
2024-03-08 17:00:00,6,26,24,0,25,109,2,192
2024-03-08 17:10:00,13,40,27,0,24,74,1,179
2024-03-08 17:20:00,12,24,18,0,23,90,0,167
2024-03-08 17:30:00,5,8,10,0,27,60,0,110
2024-03-08 17:40:00,11,22,45,0,26,78,2,184
2024-03-08 17:50:00,16,25,25,0,17,89,0,172
2024-03-08 18:00:00,11,36,34,0,23,88,2,194
2024-03-08 18:10:00,18,34,24,0,23,72,1,172
2024-03-08 18:20:00,13,29,17,0,21,64,1,145
2024-03-08 18:30:00,11,25,22,0,29,114,1,202
2024-03-08 18:40:00,10,22,17,0,33,101,0,183
2024-03-08 18:50:00,14,21,24,0,31,85,1,176
2024-03-08 19:00:00,11,37,23,0,30,84,1,186
2024-03-08 19:10:00,13,33,17,0,23,66,2,154
2024-03-08 19:20:00,9,20,21,0,21,71,0,142
2024-03-08 19:30:00,7,24,15,0,28,66,1,141
2024-03-08 19:40:00,13,26,11,0,14,58,0,122
2024-03-08 19:50:00,16,31,14,0,35,48,1,145
2024-03-08 20:00:00,13,50,12,0,42,45,1,163
2024-03-08 20:10:00,13,40,25,0,52,45,0,175
2024-03-08 20:20:00,17,51,16,0,33,41,0,158
2024-03-08 20:30:00,5,36,3,0,36,37,0,117
2024-03-08 20:40:00,7,29,10,0,35,41,0,122
2024-03-08 20:50:00,6,28,8,0,28,37,0,107
2024-03-08 21:00:00,13,38,7,0,24,24,0,106
2024-03-08 21:10:00,15,39,8,0,29,28,1,120
2024-03-08 21:20:00,6,18,9,0,33,33,0,99
2024-03-08 21:30:00,9,28,12,0,26,30,0,105
2024-03-08 21:40:00,9,24,9,0,26,29,0,97
2024-03-08 21:50:00,9,29,4,0,31,26,0,99
2024-03-08 22:00:00,7,38,7,0,21,31,1,105
2024-03-08 22:10:00,12,37,9,0,21,24,0,103
2024-03-08 22:20:00,4,28,10,0,18,23,0,83
2024-03-08 22:30:00,10,32,3,0,24,31,0,100
2024-03-08 22:40:00,5,23,7,0,24,27,1,87
2024-03-08 22:50:00,2,19,4,0,20,24,0,69
2024-03-08 23:00:00,6,17,3,0,24,26,0,76
2024-03-08 23:10:00,6,15,11,0,19,21,1,73
2024-03-08 23:20:00,7,18,4,0,16,16,0,61
2024-03-08 23:30:00,5,14,4,0,17,15,1,56
2024-03-08 23:40:00,3,12,5,0,18,23,0,61
2024-03-08 23:50:00,4,17,1,0,17,19,0,58
2024-03-09 00:00:00,4,6,3,0,6,14,0,33
2024-03-09 00:10:00,5,15,7,0,12,16,0,55
2024-03-09 00:20:00,4,9,1,0,13,16,0,43
2024-03-09 00:30:00,3,12,2,0,14,17,0,48
2024-03-09 00:40:00,1,12,1,0,9,12,0,35
2024-03-09 00:50:00,1,10,2,0,8,14,0,35
2024-03-09 01:00:00,1,10,3,0,14,19,0,47
2024-03-09 01:10:00,5,11,3,0,12,14,0,45
2024-03-09 01:20:00,1,3,2,0,9,12,0,27
2024-03-09 01:30:00,1,2,3,0,10,29,0,45
2024-03-09 01:40:00,5,7,1,0,3,20,0,36
2024-03-09 01:50:00,1,3,1,0,6,39,0,50
2024-03-09 02:00:00,3,6,1,0,5,68,1,84
2024-03-09 02:10:00,3,8,0,0,5,67,0,83
2024-03-09 02:20:00,1,2,0,0,3,59,0,65
2024-03-09 02:30:00,1,5,1,0,3,178,0,188
2024-03-09 02:40:00,3,7,1,0,3,223,0,237
2024-03-09 02:50:00,2,3,1,0,4,200,0,210
2024-03-09 03:00:00,1,4,0,0,8,282,0,295
2024-03-09 03:10:00,0,2,0,0,22,225,0,249
2024-03-09 03:20:00,0,4,0,0,16,177,0,197
2024-03-09 03:30:00,0,2,0,0,171,1,0,174
2024-03-09 03:40:00,0,3,0,0,2,0,0,5
2024-03-09 03:50:00,1,3,0,0,2,3,0,9
2024-03-09 04:00:00,0,2,0,0,2,23,0,27
2024-03-09 04:10:00,1,4,0,0,2,4,0,11
2024-03-09 04:20:00,1,4,0,0,1,5,0,11
2024-03-09 04:30:00,0,3,0,0,1,1,0,5
2024-03-09 04:40:00,2,2,1,0,1,4,0,10
2024-03-09 04:50:00,0,2,0,0,1,7,0,10
2024-03-09 05:00:00,1,3,0,0,1,4,0,9
2024-03-09 05:10:00,0,3,0,0,4,7,0,14
2024-03-09 05:20:00,3,2,0,0,2,3,0,10
2024-03-09 05:30:00,2,2,0,0,3,6,0,13
2024-03-09 05:40:00,1,1,0,0,1,13,0,16
2024-03-09 05:50:00,1,1,0,0,2,6,0,10
2024-03-09 06:00:00,0,2,0,0,1,5,0,8
2024-03-09 06:10:00,2,1,1,0,0,4,1,9
2024-03-09 06:20:00,2,3,0,0,5,11,0,21
2024-03-09 06:30:00,1,4,0,0,1,10,0,16
2024-03-09 06:40:00,2,3,0,0,3,13,0,21
2024-03-09 06:50:00,0,1,0,0,3,14,0,18
2024-03-09 07:00:00,1,6,1,0,4,9,0,21
2024-03-09 07:10:00,3,2,0,0,4,6,1,16
2024-03-09 07:20:00,3,5,0,0,2,9,0,19
2024-03-09 07:30:00,8,6,0,0,4,8,0,26
2024-03-09 07:40:00,4,3,0,0,4,13,0,24
2024-03-09 07:50:00,2,3,0,0,6,16,0,27
2024-03-09 08:00:00,2,5,0,0,9,11,0,27
2024-03-09 08:10:00,5,4,0,0,2,12,1,24
2024-03-09 08:20:00,3,3,0,0,7,19,0,32
2024-03-09 08:30:00,4,10,0,0,9,20,0,43
2024-03-09 08:40:00,14,9,0,0,10,30,0,63
2024-03-09 08:50:00,0,7,2,0,11,26,0,46
2024-03-09 09:00:00,3,10,0,0,10,31,0,54
2024-03-09 09:10:00,3,12,1,0,10,30,1,57
2024-03-09 09:20:00,4,9,0,0,17,40,0,70
2024-03-09 09:30:00,10,12,0,0,17,46,0,85
2024-03-09 09:40:00,12,17,4,0,14,53,0,100
2024-03-09 09:50:00,6,18,3,0,16,69,1,113
2024-03-09 10:00:00,3,24,2,0,18,56,0,103
2024-03-09 10:10:00,10,17,2,0,29,66,0,124
2024-03-09 10:20:00,6,28,2,0,23,62,0,121
2024-03-09 10:30:00,13,23,3,0,19,59,0,117
2024-03-09 10:40:00,12,20,6,0,27,67,0,132
2024-03-09 10:50:00,8,19,5,0,19,69,0,120
2024-03-09 11:00:00,8,19,11,0,32,69,0,139
2024-03-09 11:10:00,7,23,8,0,27,66,1,132
2024-03-09 11:20:00,7,17,9,0,18,67,0,118
2024-03-09 11:30:00,9,24,8,0,20,90,0,151
2024-03-09 11:40:00,11,26,9,0,25,73,0,144
2024-03-09 11:50:00,5,28,8,0,18,80,1,140
2024-03-09 12:00:00,5,20,12,0,28,66,0,131
2024-03-09 12:10:00,11,20,11,0,19,77,1,139
2024-03-09 12:20:00,12,27,6,0,27,85,0,157
2024-03-09 12:30:00,9,21,15,0,21,81,0,147
2024-03-09 12:40:00,17,28,10,0,19,70,0,144
2024-03-09 12:50:00,15,24,9,0,25,76,0,149
2024-03-09 13:00:00,12,33,21,0,23,88,0,177
2024-03-09 13:10:00,11,28,16,0,22,87,0,164
2024-03-09 13:20:00,10,27,18,0,18,82,1,156
2024-03-09 13:30:00,8,28,17,0,28,63,0,144
2024-03-09 13:40:00,12,34,17,0,23,78,0,164
2024-03-09 13:50:00,9,32,7,0,38,75,1,162
2024-03-09 14:00:00,12,26,15,0,37,87,0,177
2024-03-09 14:10:00,15,24,15,0,26,77,1,158
2024-03-09 14:20:00,11,36,15,0,26,83,0,171
2024-03-09 14:30:00,7,19,23,0,28,79,0,156
2024-03-09 14:40:00,10,29,16,0,24,74,0,153
2024-03-09 14:50:00,9,29,15,0,29,88,0,170
2024-03-09 15:00:00,10,30,18,0,21,79,0,158
2024-03-09 15:10:00,10,25,22,0,25,89,0,171
2024-03-09 15:20:00,13,31,18,0,26,94,0,182
2024-03-09 15:30:00,11,28,18,0,40,184,0,281
2024-03-09 15:40:00,8,20,6,0,21,24,0,79
2024-03-09 15:50:00,11,17,13,0,20,4,1,66
2024-03-09 16:00:00,5,26,12,0,26,69,0,138
2024-03-09 16:10:00,8,26,17,0,32,82,0,165
2024-03-09 16:20:00,4,25,16,0,30,73,1,149
2024-03-09 16:30:00,9,30,19,0,12,50,0,120
2024-03-09 16:40:00,8,27,12,0,23,72,0,142
2024-03-09 16:50:00,14,30,16,0,29,88,0,177
2024-03-09 17:00:00,5,19,13,0,22,70,0,129
2024-03-09 17:10:00,4,22,9,0,27,36,0,98
2024-03-09 17:20:00,10,29,16,0,11,38,1,105
2024-03-09 17:30:00,15,33,14,0,21,59,0,142
2024-03-09 17:40:00,15,27,22,0,31,79,0,174
2024-03-09 17:50:00,11,34,8,0,28,71,0,152
2024-03-09 18:00:00,9,25,11,0,33,69,0,147
2024-03-09 18:10:00,13,24,14,0,23,50,0,124
2024-03-09 18:20:00,9,23,12,0,12,47,1,104
2024-03-09 18:30:00,5,23,26,0,15,47,0,116
2024-03-09 18:40:00,10,16,21,0,28,68,0,143
2024-03-09 18:50:00,14,22,16,0,17,59,0,128
2024-03-09 19:00:00,10,23,9,0,25,76,0,143
2024-03-09 19:10:00,9,27,5,0,31,69,1,142
2024-03-09 19:20:00,4,18,5,0,23,53,0,103
2024-03-09 19:30:00,1,14,8,0,28,66,0,117
2024-03-09 19:40:00,16,28,7,0,25,52,0,128
2024-03-09 19:50:00,9,22,8,0,11,44,1,95
2024-03-09 20:00:00,10,16,9,0,14,48,0,97
2024-03-09 20:10:00,5,20,6,0,18,48,1,98
2024-03-09 20:20:00,4,13,5,0,19,50,0,91
2024-03-09 20:30:00,6,16,4,0,16,35,0,77
2024-03-09 20:40:00,6,13,5,0,11,38,0,73
2024-03-09 20:50:00,4,15,3,0,12,46,0,80
2024-03-09 21:00:00,4,14,1,0,15,46,0,80
2024-03-09 21:10:00,4,18,4,0,9,38,0,73
2024-03-09 21:20:00,3,14,3,0,13,34,0,67
2024-03-09 21:30:00,9,20,5,0,12,44,0,90
2024-03-09 21:40:00,7,14,2,0,9,23,0,55
2024-03-09 21:50:00,3,15,2,0,11,46,0,77
2024-03-09 22:00:00,4,15,1,0,15,33,0,68
2024-03-09 22:10:00,1,14,3,0,14,26,1,59
2024-03-09 22:20:00,2,12,1,0,12,39,0,66
2024-03-09 22:30:00,4,14,1,0,9,32,0,60
2024-03-09 22:40:00,7,12,1,0,7,29,0,56
2024-03-09 22:50:00,3,11,1,0,12,41,0,68
2024-03-09 23:00:00,4,13,0,0,8,30,1,56
2024-03-09 23:10:00,2,7,3,0,6,25,0,43
2024-03-09 23:20:00,2,7,4,0,7,28,0,48
2024-03-09 23:30:00,3,9,2,0,4,16,0,34
2024-03-09 23:40:00,6,9,2,0,10,29,0,56
2024-03-09 23:50:00,3,11,1,0,4,20,0,39
2024-03-10 00:00:00,0,11,2,0,6,21,0,40
2024-03-10 00:10:00,1,7,0,0,1,23,1,33
2024-03-10 00:20:00,2,1,0,0,8,19,0,30
2024-03-10 00:30:00,1,3,0,0,3,17,0,24
2024-03-10 00:40:00,2,6,1,0,4,17,0,30
2024-03-10 00:50:00,1,3,1,0,3,19,0,27
2024-03-10 01:00:00,1,8,0,0,5,15,0,29
2024-03-10 01:10:00,0,3,1,0,4,11,1,20
2024-03-10 01:20:00,1,2,0,0,1,13,0,17
2024-03-10 01:30:00,1,2,1,0,1,9,0,14
2024-03-10 01:40:00,3,6,3,0,4,19,0,35
2024-03-10 01:50:00,1,1,1,0,1,7,0,11
2024-03-10 02:00:00,1,2,3,0,1,6,1,14
2024-03-10 02:10:00,5,7,1,0,2,10,0,25
2024-03-10 02:20:00,1,1,1,0,4,13,0,20
2024-03-10 02:30:00,3,7,0,0,2,5,0,17
2024-03-10 02:40:00,4,4,0,0,5,14,0,27
2024-03-10 02:50:00,1,1,0,0,1,6,0,9
2024-03-10 03:00:00,1,2,1,0,2,8,0,14
2024-03-10 03:10:00,0,0,0,0,2,5,0,7
2024-03-10 03:20:00,0,3,1,0,4,4,0,12
2024-03-10 03:30:00,0,0,2,0,3,6,0,11
2024-03-10 03:40:00,0,1,3,0,1,7,0,12
2024-03-10 03:50:00,0,2,0,0,0,4,0,6
2024-03-10 04:00:00,0,4,1,0,0,4,0,9
2024-03-10 04:10:00,0,0,0,0,4,6,0,10
2024-03-10 04:20:00,0,1,0,0,3,5,0,9
2024-03-10 04:30:00,1,1,1,0,1,2,0,6
2024-03-10 04:40:00,1,2,0,0,3,3,0,9
2024-03-10 04:50:00,2,1,1,0,2,3,0,9
2024-03-10 05:00:00,0,0,1,0,0,2,0,3
2024-03-10 05:10:00,0,2,0,0,1,4,0,7
2024-03-10 05:20:00,1,2,0,0,0,6,0,9
2024-03-10 05:30:00,0,4,0,0,1,7,0,12
2024-03-10 05:40:00,4,1,0,0,2,5,0,12
2024-03-10 05:50:00,2,1,0,0,0,4,0,7
2024-03-10 06:00:00,1,1,0,0,1,3,0,6
2024-03-10 06:10:00,2,1,0,0,0,7,1,11
2024-03-10 06:20:00,0,1,0,0,1,3,0,5
2024-03-10 06:30:00,0,0,1,0,1,5,0,7
2024-03-10 06:40:00,2,1,1,0,2,5,1,12
2024-03-10 06:50:00,0,1,0,0,3,13,0,17
2024-03-10 07:00:00,0,0,0,0,0,27,0,27
2024-03-10 07:10:00,3,1,0,0,1,10,0,15
2024-03-10 07:20:00,2,5,0,0,2,26,0,35
2024-03-10 07:30:00,1,1,0,0,3,35,0,40
2024-03-10 07:40:00,1,2,0,0,4,79,0,86
2024-03-10 07:50:00,1,0,0,0,2,55,0,58
2024-03-10 08:00:00,0,0,0,0,4,57,0,61
2024-03-10 08:10:00,1,2,0,0,1,111,1,116
2024-03-10 08:20:00,2,6,0,0,4,102,0,114
2024-03-10 08:30:00,1,1,0,0,3,130,0,135
2024-03-10 08:40:00,4,6,1,0,4,142,1,158
2024-03-10 08:50:00,0,1,0,0,5,103,0,109
2024-03-10 09:00:00,2,3,0,0,4,152,0,161
2024-03-10 09:10:00,4,4,0,0,1,184,0,193
2024-03-10 09:20:00,4,7,1,0,5,207,0,224
2024-03-10 09:30:00,1,4,0,0,5,172,0,182
2024-03-10 09:40:00,1,6,1,0,8,240,0,256
2024-03-10 09:50:00,1,8,0,0,8,264,0,281
2024-03-10 10:00:00,4,6,0,0,15,290,0,315
2024-03-10 10:10:00,7,9,0,0,8,271,1,296
2024-03-10 10:20:00,5,10,1,0,14,197,0,227
2024-03-10 10:30:00,3,11,2,0,6,233,0,255
2024-03-10 10:40:00,8,16,2,0,8,216,0,250
2024-03-10 10:50:00,5,9,1,0,11,197,1,224
2024-03-10 11:00:00,6,16,0,0,6,193,0,221
2024-03-10 11:10:00,5,6,2,0,5,164,0,182
2024-03-10 11:20:00,5,15,1,0,11,152,0,184
2024-03-10 11:30:00,9,14,1,0,11,153,0,188
2024-03-10 11:40:00,6,11,0,0,12,148,1,178
2024-03-10 11:50:00,5,19,2,0,9,129,0,164
2024-03-10 12:00:00,3,15,4,0,10,136,0,168
2024-03-10 12:10:00,10,11,0,0,8,87,1,117
2024-03-10 12:20:00,6,17,0,0,14,103,0,140
2024-03-10 12:30:00,9,10,1,0,18,82,0,120
2024-03-10 12:40:00,7,17,3,0,9,85,1,122
2024-03-10 12:50:00,6,14,0,0,14,77,0,111
2024-03-10 13:00:00,5,13,4,0,10,51,0,83
2024-03-10 13:10:00,6,17,1,0,12,74,1,111
2024-03-10 13:20:00,3,12,1,0,14,77,0,107
2024-03-10 13:30:00,14,19,0,0,17,59,0,109
2024-03-10 13:40:00,2,17,3,0,9,45,1,77
2024-03-10 13:50:00,2,14,1,0,5,50,0,72
2024-03-10 14:00:00,6,16,3,0,22,74,0,121
2024-03-10 14:10:00,7,22,6,0,16,53,1,105
2024-03-10 14:20:00,3,11,1,0,14,66,0,95
2024-03-10 14:30:00,4,15,2,0,11,50,0,82
2024-03-10 14:40:00,10,24,1,0,14,52,1,102
2024-03-10 14:50:00,7,14,1,0,16,45,0,83
2024-03-10 15:00:00,5,9,2,0,17,49,0,82
2024-03-10 15:10:00,5,13,2,0,14,56,1,91
2024-03-10 15:20:00,6,13,0,0,9,40,0,68
2024-03-10 15:30:00,7,24,1,0,17,54,0,103
2024-03-10 15:40:00,7,15,1,0,12,54,1,90
2024-03-10 15:50:00,3,17,2,0,26,46,0,94
2024-03-10 16:00:00,3,20,3,0,9,42,0,77
2024-03-10 16:10:00,8,24,0,0,8,42,1,83
2024-03-10 16:20:00,9,18,3,0,9,43,0,82
2024-03-10 16:30:00,7,16,1,0,8,37,0,69
2024-03-10 16:40:00,6,23,3,0,18,47,1,98
2024-03-10 16:50:00,5,21,2,0,29,61,0,118
2024-03-10 17:00:00,11,24,2,0,17,48,0,102
2024-03-10 17:10:00,4,19,1,0,26,51,1,102
2024-03-10 17:20:00,4,27,3,0,30,49,0,113
2024-03-10 17:30:00,7,18,0,0,13,48,0,86
2024-03-10 17:40:00,10,23,3,0,19,49,1,105
2024-03-10 17:50:00,8,24,4,0,16,55,0,107
2024-03-10 18:00:00,6,27,0,0,17,54,0,104
2024-03-10 18:10:00,4,15,1,0,14,46,1,81
2024-03-10 18:20:00,6,19,3,0,17,59,0,104
2024-03-10 18:30:00,3,17,0,0,13,60,0,93
2024-03-10 18:40:00,7,18,2,0,10,52,1,90
2024-03-10 18:50:00,6,16,1,0,14,48,0,85
2024-03-10 19:00:00,6,16,0,0,18,60,0,100
2024-03-10 19:10:00,6,9,2,0,11,49,1,78
2024-03-10 19:20:00,7,14,1,0,10,45,0,77
2024-03-10 19:30:00,5,18,3,0,13,48,0,87
2024-03-10 19:40:00,8,21,2,0,14,66,1,112
2024-03-10 19:50:00,1,9,3,0,17,58,0,88
2024-03-10 20:00:00,5,13,2,0,14,58,0,92
2024-03-10 20:10:00,4,16,1,0,8,63,1,93
2024-03-10 20:20:00,6,12,1,0,18,53,0,90
2024-03-10 20:30:00,4,13,2,0,4,72,0,95
2024-03-10 20:40:00,4,13,1,0,3,59,0,80
2024-03-10 20:50:00,1,9,0,0,7,56,0,73
2024-03-10 21:00:00,2,8,0,0,9,66,0,85
2024-03-10 21:10:00,1,6,0,0,8,108,0,123
2024-03-10 21:20:00,0,4,0,0,2,126,0,132
2024-03-10 21:30:00,6,15,0,0,1,110,0,132
2024-03-10 21:40:00,5,12,2,0,7,150,0,176
2024-03-10 21:50:00,0,12,0,0,5,182,0,199
2024-03-10 22:00:00,1,8,0,0,6,127,0,142
2024-03-10 22:10:00,4,12,0,0,6,208,1,231
2024-03-10 22:20:00,1,8,0,0,3,173,0,185
2024-03-10 22:30:00,1,8,2,0,6,209,0,226
2024-03-10 22:40:00,1,4,0,0,14,210,0,229
2024-03-10 22:50:00,4,5,0,0,28,265,0,302
2024-03-10 23:00:00,2,3,0,0,35,206,0,246
2024-03-10 23:10:00,0,3,1,0,64,217,0,285
2024-03-10 23:20:00,4,3,0,0,172,175,0,354
2024-03-10 23:30:00,1,4,0,0,1,3,0,9
2024-03-10 23:40:00,1,2,0,0,5,9,0,17
2024-03-10 23:50:00,1,5,0,0,4,18,0,28
2024-03-11 00:00:00,1,0,0,0,1,7,0,9
2024-03-11 00:10:00,0,5,1,0,2,3,0,11
2024-03-11 00:20:00,0,0,1,0,2,5,0,8
2024-03-11 00:30:00,0,3,0,0,4,5,0,12
2024-03-11 00:40:00,2,2,0,0,3,5,0,12
2024-03-11 00:50:00,1,4,1,0,0,4,0,10
2024-03-11 01:00:00,1,0,0,0,0,5,0,6
2024-03-11 01:10:00,0,0,0,0,0,2,0,2
2024-03-11 01:20:00,0,0,0,0,2,5,0,7
2024-03-11 01:30:00,0,0,0,0,1,1,0,2
2024-03-11 01:40:00,0,0,0,0,2,6,0,8
2024-03-11 01:50:00,0,0,0,0,0,0,0,0
2024-03-11 02:00:00,0,0,0,0,0,2,0,2
2024-03-11 02:10:00,0,1,0,0,0,1,0,2
2024-03-11 02:20:00,0,2,0,0,0,1,0,3
2024-03-11 02:30:00,1,2,0,0,2,2,0,7
2024-03-11 02:40:00,0,0,0,0,0,3,0,3
2024-03-11 02:50:00,0,0,0,0,0,3,0,3
2024-03-11 03:00:00,0,0,0,0,0,0,0,0
2024-03-11 03:10:00,0,0,0,0,10,46,0,56
2024-03-11 03:20:00,1,2,0,0,0,0,0,3
2024-03-11 03:30:00,0,1,1,0,0,0,0,2
2024-03-11 03:40:00,2,2,0,0,0,0,0,4
2024-03-11 03:50:00,0,0,0,0,0,1,0,1
2024-03-11 04:00:00,0,0,0,0,1,4,0,5
2024-03-11 04:10:00,0,0,0,0,2,2,0,4
2024-03-11 04:20:00,0,0,0,0,0,1,0,1
2024-03-11 04:30:00,0,0,0,0,0,0,0,0
2024-03-11 04:40:00,0,0,1,0,1,2,0,4
2024-03-11 04:50:00,3,2,1,0,3,5,0,14
2024-03-11 05:00:00,0,1,0,0,0,3,0,4
2024-03-11 05:10:00,4,3,0,0,0,4,0,11
2024-03-11 05:20:00,3,2,0,0,4,9,0,18
2024-03-11 05:30:00,1,3,0,0,5,12,1,22
2024-03-11 05:40:00,1,3,0,0,8,19,1,32
2024-03-11 05:50:00,1,6,0,0,3,17,0,27
2024-03-11 06:00:00,5,8,0,0,4,13,0,30
2024-03-11 06:10:00,3,7,0,0,4,17,1,32
2024-03-11 06:20:00,1,3,1,0,6,18,0,29
2024-03-11 06:30:00,2,5,1,0,12,31,2,53
2024-03-11 06:40:00,4,11,0,0,6,42,3,66
2024-03-11 06:50:00,3,11,1,0,11,47,0,73
2024-03-11 07:00:00,6,12,0,0,11,31,1,61
2024-03-11 07:10:00,9,12,5,0,14,36,0,76
2024-03-11 07:20:00,6,17,2,0,19,54,2,100
2024-03-11 07:30:00,5,10,1,0,18,71,1,106
2024-03-11 07:40:00,11,16,0,0,18,66,2,113
2024-03-11 07:50:00,11,21,4,0,37,70,2,145
2024-03-11 08:00:00,9,15,1,0,33,68,1,127
2024-03-11 08:10:00,6,18,2,0,29,66,3,124
2024-03-11 08:20:00,16,36,4,0,28,60,0,144
2024-03-11 08:30:00,16,25,5,0,32,72,1,151
2024-03-11 08:40:00,15,25,3,0,21,68,1,133
2024-03-11 08:50:00,12,18,2,0,22,64,0,118
2024-03-11 09:00:00,14,33,6,0,25,65,1,144
2024-03-11 09:10:00,15,29,6,0,23,57,2,132
2024-03-11 09:20:00,7,22,5,0,18,53,1,106
2024-03-11 09:30:00,8,30,2,0,18,58,1,117
2024-03-11 09:40:00,14,35,4,0,29,79,0,161
2024-03-11 09:50:00,18,25,7,0,42,80,2,174
2024-03-11 10:00:00,11,37,3,0,31,59,1,142
2024-03-11 10:10:00,13,26,4,0,19,61,0,123
2024-03-11 10:20:00,15,33,2,0,28,72,0,150
2024-03-11 10:30:00,15,29,4,0,27,74,1,150
2024-03-11 10:40:00,28,32,13,0,26,68,1,168
2024-03-11 10:50:00,17,29,7,0,28,62,0,143
2024-03-11 11:00:00,13,25,11,0,28,69,1,147
2024-03-11 11:10:00,14,19,10,0,22,66,1,132
2024-03-11 11:20:00,12,21,15,0,23,63,0,134
2024-03-11 11:30:00,17,26,8,0,20,60,1,132
2024-03-11 11:40:00,10,15,9,0,13,49,0,96
2024-03-11 11:50:00,26,29,10,0,25,61,1,152
2024-03-11 12:00:00,12,20,6,0,24,66,1,129
2024-03-11 12:10:00,13,23,9,0,19,60,0,124
2024-03-11 12:20:00,17,30,6,0,26,59,0,138
2024-03-11 12:30:00,8,21,12,0,8,48,0,97
2024-03-11 12:40:00,15,27,9,0,26,73,1,151
2024-03-11 12:50:00,10,23,18,0,31,98,0,180
2024-03-11 13:00:00,10,21,12,0,19,64,1,127
2024-03-11 13:10:00,16,24,8,0,18,70,1,137
2024-03-11 13:20:00,11,23,9,0,22,78,0,143
2024-03-11 13:30:00,9,21,15,0,21,62,1,129
2024-03-11 13:40:00,13,24,12,0,23,86,0,158
2024-03-11 13:50:00,12,22,9,0,29,67,1,140
2024-03-11 14:00:00,7,18,8,0,14,47,1,95
2024-03-11 14:10:00,19,31,10,0,20,71,1,152
2024-03-11 14:20:00,19,35,12,0,27,69,0,162
2024-03-11 14:30:00,16,34,12,0,23,80,0,165
2024-03-11 14:40:00,14,19,7,0,17,75,1,133
2024-03-11 14:50:00,22,41,6,0,21,89,0,179
2024-03-11 15:00:00,8,19,15,0,19,73,1,135
2024-03-11 15:10:00,19,31,9,0,28,88,0,175
2024-03-11 15:20:00,22,28,11,0,20,81,1,163
2024-03-11 15:30:00,13,26,8,0,24,86,1,158
2024-03-11 15:40:00,14,36,9,0,24,84,0,167
2024-03-11 15:50:00,15,29,8,0,22,81,1,156
2024-03-11 16:00:00,10,27,14,0,26,103,1,181
2024-03-11 16:10:00,18,32,12,0,20,86,1,169
2024-03-11 16:20:00,12,34,16,0,23,91,0,176
2024-03-11 16:30:00,17,29,14,0,24,94,1,179
2024-03-11 16:40:00,17,31,10,0,24,75,1,158
2024-03-11 16:50:00,20,33,16,0,23,80,0,172
2024-03-11 17:00:00,15,28,4,0,15,80,1,143
2024-03-11 17:10:00,14,22,10,0,21,90,1,158
2024-03-11 17:20:00,20,39,10,0,16,93,0,178
2024-03-11 17:30:00,14,30,11,0,19,85,0,159
2024-03-11 17:40:00,14,27,9,0,23,83,1,157
2024-03-11 17:50:00,14,22,13,0,23,63,0,135
2024-03-11 18:00:00,7,25,9,0,20,74,1,136
2024-03-11 18:10:00,12,28,11,0,20,90,1,162
2024-03-11 18:20:00,11,29,8,0,11,51,0,110
2024-03-11 18:30:00,6,18,8,0,21,62,1,116
2024-03-11 18:40:00,12,13,12,0,14,67,1,119
2024-03-11 18:50:00,18,17,6,0,17,49,1,108
2024-03-11 19:00:00,4,20,12,0,12,52,0,100
2024-03-11 19:10:00,8,15,7,0,10,42,2,84
2024-03-11 19:20:00,12,20,8,0,15,40,0,95
2024-03-11 19:30:00,7,16,4,0,10,43,1,81
2024-03-11 19:40:00,11,18,3,0,14,49,1,96
2024-03-11 19:50:00,8,10,4,0,16,40,0,78
2024-03-11 20:00:00,9,14,5,0,13,30,0,71
2024-03-11 20:10:00,8,12,7,0,16,49,1,93
2024-03-11 20:20:00,4,17,2,0,7,31,0,61
2024-03-11 20:30:00,1,9,2,0,13,35,0,60
2024-03-11 20:40:00,9,11,2,0,11,27,0,60
2024-03-11 20:50:00,5,15,1,0,3,25,0,49
2024-03-11 21:00:00,1,9,1,0,20,47,1,79
2024-03-11 21:10:00,3,11,5,0,7,13,1,40
2024-03-11 21:20:00,5,11,7,0,2,18,0,43
2024-03-11 21:30:00,5,12,1,0,6,19,0,43
2024-03-11 21:40:00,4,7,2,0,8,21,0,42
2024-03-11 21:50:00,4,4,2,0,8,20,0,38
2024-03-11 22:00:00,6,9,1,0,8,23,1,48
2024-03-11 22:10:00,3,6,1,0,5,16,0,31
2024-03-11 22:20:00,3,4,8,0,6,25,0,46
2024-03-11 22:30:00,4,7,1,0,4,15,0,31
2024-03-11 22:40:00,3,6,0,0,1,6,1,17
2024-03-11 22:50:00,2,4,2,0,4,13,0,25
2024-03-11 23:00:00,2,3,0,0,2,9,1,17
2024-03-11 23:10:00,1,2,0,0,3,9,0,15
2024-03-11 23:20:00,2,6,0,0,0,8,0,16
2024-03-11 23:30:00,6,2,0,0,8,11,0,27
2024-03-11 23:40:00,1,6,0,0,2,6,1,16
2024-03-11 23:50:00,1,5,0,0,3,10,0,19
2024-03-12 00:00:00,0,2,0,0,4,5,0,11
2024-03-12 00:10:00,2,5,0,0,1,7,1,16
2024-03-12 00:20:00,0,0,0,0,1,4,0,5
2024-03-12 00:30:00,0,1,0,0,0,3,0,4
2024-03-12 00:40:00,2,2,0,0,1,2,0,7
2024-03-12 00:50:00,0,0,0,0,0,5,0,5
2024-03-12 01:00:00,0,5,0,0,0,5,0,10
2024-03-12 01:10:00,1,1,1,0,1,5,0,9
2024-03-12 01:20:00,0,1,0,0,1,4,0,6
2024-03-12 01:30:00,2,4,0,0,1,1,0,8
2024-03-12 01:40:00,0,2,0,0,2,5,0,9
2024-03-12 01:50:00,2,4,1,0,1,2,0,10
2024-03-12 02:00:00,0,1,0,0,1,5,0,7
2024-03-12 02:10:00,0,1,0,0,0,5,0,6
2024-03-12 02:20:00,1,0,0,0,0,2,0,3
2024-03-12 02:30:00,2,0,0,0,1,2,0,5
2024-03-12 02:40:00,0,0,0,0,0,1,0,1
2024-03-12 02:50:00,0,3,0,0,0,3,0,6
2024-03-12 03:00:00,0,1,0,0,0,0,0,1
2024-03-12 03:10:00,0,0,1,0,0,0,0,1
2024-03-12 03:20:00,0,0,0,0,0,0,0,0
2024-03-12 03:30:00,2,1,0,0,0,0,0,3
2024-03-12 03:40:00,0,0,0,0,0,0,0,0
2024-03-12 03:50:00,0,1,0,0,0,0,0,1
2024-03-12 04:00:00,0,1,0,0,0,1,0,2
2024-03-12 04:10:00,0,0,0,0,1,1,0,2
2024-03-12 04:20:00,0,0,1,0,0,0,0,1
2024-03-12 04:30:00,1,0,1,0,0,1,0,3
2024-03-12 04:40:00,1,2,0,0,1,3,0,7
2024-03-12 04:50:00,2,2,2,0,2,3,0,11
2024-03-12 05:00:00,0,1,0,0,1,4,0,6
2024-03-12 05:10:00,1,4,0,0,0,3,0,8
2024-03-12 05:20:00,0,4,0,0,3,8,1,16
2024-03-12 05:30:00,1,5,0,0,5,13,0,24
2024-03-12 05:40:00,0,7,0,0,4,14,1,26
2024-03-12 05:50:00,6,3,1,0,3,14,0,27
2024-03-12 06:00:00,3,2,2,0,3,20,0,30
2024-03-12 06:10:00,5,8,1,0,3,19,2,38
2024-03-12 06:20:00,3,9,2,0,4,22,0,40
2024-03-12 06:30:00,3,6,1,0,5,37,1,53
2024-03-12 06:40:00,7,6,0,0,6,35,3,57
2024-03-12 06:50:00,9,9,0,0,12,37,0,67
2024-03-12 07:00:00,11,11,0,0,11,28,1,62
2024-03-12 07:10:00,4,10,1,0,16,51,0,82
2024-03-12 07:20:00,5,11,1,0,19,59,1,96
2024-03-12 07:30:00,6,18,2,0,20,75,1,122
2024-03-12 07:40:00,9,17,1,0,20,63,2,112
2024-03-12 07:50:00,10,23,3,0,30,91,2,159
2024-03-12 08:00:00,13,30,3,0,33,71,1,151
2024-03-12 08:10:00,11,26,3,0,28,81,2,151
2024-03-12 08:20:00,11,25,3,0,27,64,0,130
2024-03-12 08:30:00,13,27,4,0,25,62,1,132
2024-03-12 08:40:00,13,30,4,0,33,82,0,162
2024-03-12 08:50:00,18,30,2,0,25,89,1,165
2024-03-12 09:00:00,7,24,7,0,21,55,1,115
2024-03-12 09:10:00,8,24,8,0,26,67,1,134
2024-03-12 09:20:00,12,27,3,0,31,66,1,140
2024-03-12 09:30:00,10,29,7,0,27,70,2,145
2024-03-12 09:40:00,17,32,6,0,24,68,1,148
2024-03-12 09:50:00,13,40,7,0,29,56,1,146
2024-03-12 10:00:00,14,31,8,0,28,64,1,146
2024-03-12 10:10:00,9,23,11,0,23,72,1,139
2024-03-12 10:20:00,8,33,8,0,21,46,0,116
2024-03-12 10:30:00,14,28,5,0,25,66,1,139
2024-03-12 10:40:00,13,27,8,0,26,55,0,129
2024-03-12 10:50:00,13,23,9,0,23,58,1,127
2024-03-12 11:00:00,12,25,6,0,17,58,1,119
2024-03-12 11:10:00,12,32,12,0,22,55,1,134
2024-03-12 11:20:00,9,26,13,0,19,59,0,126
2024-03-12 11:30:00,11,29,8,0,26,60,1,135
2024-03-12 11:40:00,12,25,12,0,30,75,1,155
2024-03-12 11:50:00,16,23,11,0,25,62,0,137
2024-03-12 12:00:00,16,25,10,0,21,56,1,129
2024-03-12 12:10:00,10,21,14,0,21,70,1,137
2024-03-12 12:20:00,20,30,11,0,18,55,0,134
2024-03-12 12:30:00,16,28,17,0,23,67,0,151
2024-03-12 12:40:00,16,27,17,0,24,65,1,150
2024-03-12 12:50:00,11,15,13,0,19,70,0,128
2024-03-12 13:00:00,11,20,11,0,17,60,0,119
2024-03-12 13:10:00,14,31,11,0,21,70,2,149
2024-03-12 13:20:00,10,23,11,0,20,64,0,128
2024-03-12 13:30:00,10,24,11,0,17,56,1,119
2024-03-12 13:40:00,20,25,20,0,23,68,1,157
2024-03-12 13:50:00,17,17,8,0,20,74,0,136
2024-03-12 14:00:00,20,34,9,0,18,55,1,137
2024-03-12 14:10:00,12,20,11,0,27,77,1,148
2024-03-12 14:20:00,16,23,7,0,32,96,0,174
2024-03-12 14:30:00,11,34,15,0,22,74,0,156
2024-03-12 14:40:00,12,21,6,0,22,86,1,148
2024-03-12 14:50:00,14,29,13,0,30,94,0,180
2024-03-12 15:00:00,12,32,7,0,21,88,1,161
2024-03-12 15:10:00,14,21,15,0,21,77,0,148
2024-03-12 15:20:00,18,36,16,0,21,94,1,186
2024-03-12 15:30:00,8,32,7,0,17,78,1,143
2024-03-12 15:40:00,16,35,11,0,29,98,0,189
2024-03-12 15:50:00,22,33,13,0,21,84,1,174
2024-03-12 16:00:00,13,30,12,0,18,80,1,154
2024-03-12 16:10:00,14,39,13,0,16,83,1,166
2024-03-12 16:20:00,18,38,17,0,30,103,0,206
2024-03-12 16:30:00,17,36,8,0,18,78,1,158
2024-03-12 16:40:00,18,33,8,0,24,87,2,172
2024-03-12 16:50:00,17,32,8,0,31,120,0,208
2024-03-12 17:00:00,26,27,8,0,28,97,1,187
2024-03-12 17:10:00,8,25,20,0,29,92,0,174
2024-03-12 17:20:00,12,33,16,0,28,90,1,180
2024-03-12 17:30:00,10,33,13,0,19,92,1,168
2024-03-12 17:40:00,12,27,11,0,27,90,0,167
2024-03-12 17:50:00,9,19,14,0,21,95,1,159
2024-03-12 18:00:00,20,30,17,0,19,83,1,170
2024-03-12 18:10:00,14,26,28,0,12,72,1,153
2024-03-12 18:20:00,6,28,7,0,21,87,0,149
2024-03-12 18:30:00,10,18,8,0,20,79,1,136
2024-03-12 18:40:00,15,14,10,0,15,62,1,117
2024-03-12 18:50:00,12,19,8,0,20,54,0,113
2024-03-12 19:00:00,9,21,14,0,17,59,1,121
2024-03-12 19:10:00,7,17,9,0,9,40,2,84
2024-03-12 19:20:00,10,21,7,0,8,45,0,91
2024-03-12 19:30:00,7,25,4,0,15,50,1,102
2024-03-12 19:40:00,15,18,5,0,16,36,1,91
2024-03-12 19:50:00,8,22,8,0,8,40,0,86
2024-03-12 20:00:00,9,13,9,0,14,34,0,79
2024-03-12 20:10:00,6,24,4,0,5,31,1,71
2024-03-12 20:20:00,4,8,3,0,3,37,0,55
2024-03-12 20:30:00,5,10,3,0,6,23,0,47
2024-03-12 20:40:00,8,12,2,0,12,37,0,71
2024-03-12 20:50:00,4,15,3,0,10,28,0,60
2024-03-12 21:00:00,1,9,4,0,3,20,0,37
2024-03-12 21:10:00,7,17,0,0,8,37,2,71
2024-03-12 21:20:00,2,6,5,0,10,23,0,46
2024-03-12 21:30:00,1,13,10,0,8,24,0,56
2024-03-12 21:40:00,5,10,2,0,2,23,0,42
2024-03-12 21:50:00,4,8,0,0,12,34,0,58
2024-03-12 22:00:00,4,12,4,0,7,29,0,56
2024-03-12 22:10:00,4,15,1,0,4,19,1,44
2024-03-12 22:20:00,1,4,0,0,5,19,0,29
2024-03-12 22:30:00,3,6,1,0,5,14,0,29
2024-03-12 22:40:00,3,10,3,0,2,24,1,43
2024-03-12 22:50:00,4,8,2,0,4,14,0,32
2024-03-12 23:00:00,1,4,1,0,5,10,0,21
2024-03-12 23:10:00,3,7,2,0,0,9,1,22
2024-03-12 23:20:00,3,5,0,0,2,11,0,21
2024-03-12 23:30:00,4,7,1,0,4,9,0,25
2024-03-12 23:40:00,1,4,0,0,2,6,0,13
2024-03-12 23:50:00,1,4,1,0,3,8,0,17
2024-03-13 00:00:00,0,0,0,0,4,10,0,14
2024-03-13 00:10:00,0,4,1,0,3,3,1,12
2024-03-13 00:20:00,1,2,1,0,2,3,0,9
2024-03-13 00:30:00,1,2,0,0,2,6,0,11
2024-03-13 00:40:00,2,2,2,0,0,3,0,9
2024-03-13 00:50:00,0,0,0,0,0,4,0,4
2024-03-13 01:00:00,0,3,0,0,5,7,0,15
2024-03-13 01:10:00,2,0,0,0,0,3,0,5
2024-03-13 01:20:00,1,1,0,0,1,2,0,5
2024-03-13 01:30:00,1,2,0,0,1,5,0,9
2024-03-13 01:40:00,0,0,0,0,1,1,0,2
2024-03-13 01:50:00,0,1,0,0,1,1,0,3
2024-03-13 02:00:00,0,2,0,0,3,6,0,11
2024-03-13 02:10:00,0,0,0,0,0,2,0,2
2024-03-13 02:20:00,1,1,0,0,1,1,0,4
2024-03-13 02:30:00,1,5,0,0,1,4,0,11
2024-03-13 02:40:00,2,2,0,0,0,1,0,5
2024-03-13 02:50:00,0,0,0,0,0,3,0,3
2024-03-13 03:00:00,1,0,0,0,1,1,0,3
2024-03-13 03:10:00,0,0,0,0,0,1,0,1
2024-03-13 03:20:00,0,2,0,0,1,1,0,4
2024-03-13 03:30:00,0,0,1,0,0,2,0,3
2024-03-13 03:40:00,0,1,0,0,1,1,0,3
2024-03-13 03:50:00,0,0,0,0,1,2,0,3
2024-03-13 04:00:00,0,1,0,0,0,1,0,2
2024-03-13 04:10:00,0,1,0,0,1,1,0,3
2024-03-13 04:20:00,1,1,0,0,1,2,0,5
2024-03-13 04:30:00,1,2,0,0,0,1,0,4
2024-03-13 04:40:00,0,1,0,0,0,4,0,5
2024-03-13 04:50:00,2,1,2,0,2,2,0,9
2024-03-13 05:00:00,0,1,0,0,1,3,0,5
2024-03-13 05:10:00,2,4,0,0,1,4,0,11
2024-03-13 05:20:00,1,1,0,0,0,4,0,6
2024-03-13 05:30:00,0,3,0,0,6,13,1,23
2024-03-13 05:40:00,3,6,1,0,4,13,1,28
2024-03-13 05:50:00,2,4,0,0,6,17,0,29
2024-03-13 06:00:00,3,4,1,0,6,23,0,37
2024-03-13 06:10:00,7,8,1,0,4,19,2,41
2024-03-13 06:20:00,1,6,4,0,1,20,0,32
2024-03-13 06:30:00,2,6,1,0,8,38,2,57
2024-03-13 06:40:00,5,12,0,0,7,19,2,45
2024-03-13 06:50:00,4,10,0,0,18,61,0,93
2024-03-13 07:00:00,8,13,1,0,11,21,1,55
2024-03-13 07:10:00,6,16,2,0,18,41,3,86
2024-03-13 07:20:00,3,12,1,0,11,46,0,73
2024-03-13 07:30:00,4,17,3,0,26,80,0,130
2024-03-13 07:40:00,13,25,1,0,20,72,2,133
2024-03-13 07:50:00,9,24,3,0,36,83,3,158
2024-03-13 08:00:00,8,31,1,0,33,68,1,142
2024-03-13 08:10:00,11,24,2,0,33,69,2,141
2024-03-13 08:20:00,9,31,3,0,24,53,0,120
2024-03-13 08:30:00,13,21,4,0,24,58,1,121
2024-03-13 08:40:00,10,22,2,0,21,62,0,117
2024-03-13 08:50:00,16,25,4,0,26,68,2,141
2024-03-13 09:00:00,18,35,3,0,27,63,1,147
2024-03-13 09:10:00,14,25,1,0,20,69,2,131
2024-03-13 09:20:00,12,31,5,0,23,65,1,137
2024-03-13 09:30:00,13,29,6,0,24,70,1,143
2024-03-13 09:40:00,13,26,7,0,34,66,1,147
2024-03-13 09:50:00,12,23,5,0,24,70,1,135
2024-03-13 10:00:00,15,25,2,0,23,70,1,136
2024-03-13 10:10:00,10,28,3,0,25,53,0,119
2024-03-13 10:20:00,8,26,9,0,16,63,0,122
2024-03-13 10:30:00,13,31,8,0,29,75,1,157
2024-03-13 10:40:00,13,28,9,0,17,56,0,123
2024-03-13 10:50:00,19,29,6,0,23,67,1,145
2024-03-13 11:00:00,10,34,16,0,27,63,1,151
2024-03-13 11:10:00,20,28,18,0,18,62,1,147
2024-03-13 11:20:00,8,28,14,0,19,60,0,129
2024-03-13 11:30:00,17,24,7,0,25,71,1,145
2024-03-13 11:40:00,14,21,11,0,21,54,1,122
2024-03-13 11:50:00,13,28,15,0,15,58,0,129
2024-03-13 12:00:00,16,35,8,0,26,59,1,145
2024-03-13 12:10:00,21,28,14,0,28,75,0,166
2024-03-13 12:20:00,14,31,13,0,27,66,0,151
2024-03-13 12:30:00,16,28,15,0,29,72,0,160
2024-03-13 12:40:00,15,28,6,0,21,50,1,121
2024-03-13 12:50:00,12,24,12,0,19,66,0,133
2024-03-13 13:00:00,14,21,12,0,23,61,1,132
2024-03-13 13:10:00,20,22,15,0,19,74,0,150
2024-03-13 13:20:00,9,20,15,0,23,70,0,137
2024-03-13 13:30:00,12,24,12,0,10,64,1,123
2024-03-13 13:40:00,13,19,7,0,20,61,0,120
2024-03-13 13:50:00,9,22,9,0,23,61,1,125
2024-03-13 14:00:00,12,17,14,0,21,75,1,140
2024-03-13 14:10:00,8,23,13,0,11,51,1,107
2024-03-13 14:20:00,12,37,10,0,14,81,0,154
2024-03-13 14:30:00,10,20,17,0,20,62,0,129
2024-03-13 14:40:00,15,23,3,0,19,69,0,129
2024-03-13 14:50:00,6,25,8,0,28,81,1,149
2024-03-13 15:00:00,14,23,14,0,21,78,1,151
2024-03-13 15:10:00,10,24,9,0,22,86,1,152
2024-03-13 15:20:00,13,28,10,0,22,80,0,153
2024-03-13 15:30:00,11,26,10,0,19,85,1,152
2024-03-13 15:40:00,18,24,15,0,16,101,1,175
2024-03-13 15:50:00,15,23,9,0,26,85,0,158
2024-03-13 16:00:00,16,25,8,0,20,86,1,156
2024-03-13 16:10:00,12,28,8,0,16,80,1,145
2024-03-13 16:20:00,16,36,10,0,17,87,0,166
2024-03-13 16:30:00,10,25,8,0,20,92,1,156
2024-03-13 16:40:00,14,30,12,0,16,83,2,157
2024-03-13 16:50:00,15,34,16,0,15,75,0,155
2024-03-13 17:00:00,17,23,9,0,21,83,1,154
2024-03-13 17:10:00,17,31,9,0,18,95,1,171
2024-03-13 17:20:00,13,34,16,0,17,100,0,180
2024-03-13 17:30:00,4,21,18,0,20,85,1,149
2024-03-13 17:40:00,26,36,7,0,14,79,0,162
2024-03-13 17:50:00,15,30,8,0,20,80,0,153
2024-03-13 18:00:00,13,27,4,0,21,92,2,159
2024-03-13 18:10:00,14,31,16,0,17,68,1,147
2024-03-13 18:20:00,9,22,10,0,22,84,0,147
2024-03-13 18:30:00,12,22,4,0,5,62,0,105
2024-03-13 18:40:00,11,26,10,0,15,84,2,148
2024-03-13 18:50:00,13,25,8,0,17,68,0,131
2024-03-13 19:00:00,12,13,8,0,20,54,1,108
2024-03-13 19:10:00,11,19,8,0,14,46,1,99
2024-03-13 19:20:00,5,20,5,0,23,56,0,109
2024-03-13 19:30:00,2,15,4,0,11,46,1,79
2024-03-13 19:40:00,16,18,3,0,12,38,0,87
2024-03-13 19:50:00,6,20,7,0,17,36,1,87
2024-03-13 20:00:00,12,22,9,0,11,43,0,97
2024-03-13 20:10:00,9,9,7,0,8,33,1,67
2024-03-13 20:20:00,7,17,4,0,8,36,0,72
2024-03-13 20:30:00,6,19,2,0,12,30,0,69
2024-03-13 20:40:00,6,11,2,0,13,31,0,63
2024-03-13 20:50:00,6,17,6,0,8,23,0,60
2024-03-13 21:00:00,2,8,2,0,9,27,0,48
2024-03-13 21:10:00,5,15,0,0,10,39,2,71
2024-03-13 21:20:00,4,7,2,0,8,21,0,42
2024-03-13 21:30:00,4,10,2,0,3,20,0,39
2024-03-13 21:40:00,7,15,4,0,8,21,0,55
2024-03-13 21:50:00,3,7,1,0,6,35,0,52
2024-03-13 22:00:00,3,7,3,0,3,16,0,32
2024-03-13 22:10:00,1,4,0,0,2,21,1,29
2024-03-13 22:20:00,2,5,1,0,7,26,0,41
2024-03-13 22:30:00,6,10,1,0,6,19,0,42
2024-03-13 22:40:00,7,7,0,0,6,23,1,44
2024-03-13 22:50:00,4,4,5,0,6,25,0,44
2024-03-13 23:00:00,5,13,1,0,4,16,0,39
2024-03-13 23:10:00,2,10,1,0,6,13,1,33
2024-03-13 23:20:00,0,6,1,0,0,10,0,17
2024-03-13 23:30:00,2,5,3,0,1,11,1,23
2024-03-13 23:40:00,2,4,0,0,2,10,0,18
2024-03-13 23:50:00,1,2,0,0,1,8,0,12
2024-03-14 00:00:00,1,0,4,0,8,6,0,19
2024-03-14 00:10:00,0,5,1,0,2,2,1,11
2024-03-14 00:20:00,0,3,0,0,2,7,0,12
2024-03-14 00:30:00,0,0,0,0,0,0,0,0
2024-03-14 00:40:00,3,3,0,0,0,3,0,9
2024-03-14 00:50:00,0,0,0,0,3,2,0,5
2024-03-14 01:00:00,1,5,0,0,1,2,0,9
2024-03-14 01:10:00,0,1,0,0,1,2,0,4
2024-03-14 01:20:00,0,1,0,0,1,2,0,4
2024-03-14 01:30:00,2,2,0,0,1,5,0,10
2024-03-14 01:40:00,1,3,0,0,2,3,0,9
2024-03-14 01:50:00,1,1,0,0,3,8,0,13
2024-03-14 02:00:00,1,1,0,0,0,3,0,5
2024-03-14 02:10:00,0,2,0,0,0,2,0,4
2024-03-14 02:20:00,0,0,0,0,0,1,0,1
2024-03-14 02:30:00,0,0,0,0,0,0,0,0
2024-03-14 02:40:00,0,0,0,0,0,0,0,0
2024-03-14 02:50:00,0,0,0,0,0,2,0,2
2024-03-14 03:00:00,0,1,0,0,0,1,0,2
2024-03-14 03:10:00,1,0,0,0,0,7,0,8
2024-03-14 03:20:00,0,2,0,0,0,0,0,2
2024-03-14 03:30:00,0,1,1,0,0,1,0,3
2024-03-14 03:40:00,0,1,0,0,0,0,0,1
2024-03-14 03:50:00,0,0,0,0,0,0,0,0
2024-03-14 04:00:00,1,0,0,0,0,2,0,3
2024-03-14 04:10:00,0,0,0,0,1,3,0,4
2024-03-14 04:20:00,0,3,1,0,1,0,0,5
2024-03-14 04:30:00,0,2,0,0,0,1,0,3
2024-03-14 04:40:00,1,3,1,0,1,2,0,8
2024-03-14 04:50:00,0,2,0,0,1,2,0,5
2024-03-14 05:00:00,1,2,0,0,1,2,0,6
2024-03-14 05:10:00,4,3,2,0,1,4,0,14
2024-03-14 05:20:00,0,2,1,0,2,5,0,10
2024-03-14 05:30:00,2,3,0,0,3,13,1,22
2024-03-14 05:40:00,1,2,0,0,5,20,1,29
2024-03-14 05:50:00,4,3,0,0,5,13,0,25
2024-03-14 06:00:00,6,5,0,0,8,29,0,48
2024-03-14 06:10:00,10,9,1,0,6,25,2,53
2024-03-14 06:20:00,2,3,0,0,2,16,0,23
2024-03-14 06:30:00,3,8,2,0,5,18,1,37
2024-03-14 06:40:00,7,8,1,0,8,38,2,64
2024-03-14 06:50:00,3,12,0,0,11,26,0,52
2024-03-14 07:00:00,8,13,3,0,8,32,1,65
2024-03-14 07:10:00,7,14,0,0,12,46,3,82
2024-03-14 07:20:00,9,10,2,0,14,56,0,91
2024-03-14 07:30:00,4,16,1,0,13,66,1,101
2024-03-14 07:40:00,9,25,0,0,21,77,3,135
2024-03-14 07:50:00,12,23,1,0,25,74,1,136
2024-03-14 08:00:00,14,26,1,0,23,61,1,126
2024-03-14 08:10:00,13,28,0,0,32,70,1,144
2024-03-14 08:20:00,20,24,2,0,29,62,1,138
2024-03-14 08:30:00,10,24,2,0,28,60,1,125
2024-03-14 08:40:00,9,25,2,0,26,82,1,145
2024-03-14 08:50:00,13,28,0,0,33,94,1,169
2024-03-14 09:00:00,8,16,0,0,15,38,1,78
2024-03-14 09:10:00,7,12,0,1,8,23,0,51
2024-03-14 09:20:00,10,23,2,0,22,52,2,111
2024-03-14 09:30:00,12,25,1,0,24,67,1,130
2024-03-14 09:40:00,12,37,1,0,26,85,0,161
2024-03-14 09:50:00,19,33,1,0,23,70,1,147
2024-03-14 10:00:00,13,35,0,0,19,64,1,132
2024-03-14 10:10:00,16,33,1,0,23,46,0,119
2024-03-14 10:20:00,15,34,0,0,30,58,0,137
2024-03-14 10:30:00,19,29,0,0,23,69,1,141
2024-03-14 10:40:00,21,41,2,0,23,73,1,161
2024-03-14 10:50:00,20,35,2,0,17,56,0,130
2024-03-14 11:00:00,12,34,1,0,26,66,1,140
2024-03-14 11:10:00,20,35,1,0,20,59,1,136
2024-03-14 11:20:00,11,19,1,0,9,36,0,76
2024-03-14 11:30:00,22,40,2,1,6,25,1,97
2024-03-14 11:40:00,19,33,0,0,22,74,1,149
2024-03-14 11:50:00,10,29,0,0,25,63,0,127
2024-03-14 12:00:00,13,38,0,0,19,57,1,128
2024-03-14 12:10:00,8,24,0,0,32,62,0,126
2024-03-14 12:20:00,10,25,0,0,19,60,0,114
2024-03-14 12:30:00,6,27,0,0,23,64,0,120
2024-03-14 12:40:00,15,33,0,0,17,62,2,129
2024-03-14 12:50:00,17,38,0,0,27,73,0,155
2024-03-14 13:00:00,9,26,0,0,29,75,1,140
2024-03-14 13:10:00,19,33,3,0,23,48,0,126
2024-03-14 13:20:00,14,35,1,0,19,59,1,129
2024-03-14 13:30:00,10,23,2,0,19,68,1,123
2024-03-14 13:40:00,17,28,0,0,21,72,1,139
2024-03-14 13:50:00,9,34,1,0,28,82,0,154
2024-03-14 14:00:00,13,34,0,0,24,67,1,139
2024-03-14 14:10:00,14,39,7,0,18,81,0,159
2024-03-14 14:20:00,12,25,12,0,12,72,0,133
2024-03-14 14:30:00,14,37,14,0,21,82,0,168
2024-03-14 14:40:00,20,34,7,0,21,78,1,161
2024-03-14 14:50:00,11,23,14,0,24,96,0,168
2024-03-14 15:00:00,8,36,12,0,23,88,1,168
2024-03-14 15:10:00,17,39,21,0,24,90,1,192
2024-03-14 15:20:00,18,32,11,0,21,82,0,164
2024-03-14 15:30:00,14,35,12,0,26,89,1,177
2024-03-14 15:40:00,23,55,11,0,23,89,0,201
2024-03-14 15:50:00,20,34,8,0,30,108,1,201
2024-03-14 16:00:00,20,43,11,0,32,89,1,196
2024-03-14 16:10:00,14,41,18,0,32,99,0,204
2024-03-14 16:20:00,18,35,12,0,26,84,0,175
2024-03-14 16:30:00,17,37,9,0,19,103,0,185
2024-03-14 16:40:00,14,31,13,0,34,103,1,196
2024-03-14 16:50:00,16,33,13,0,30,95,0,187
2024-03-14 17:00:00,18,51,9,0,28,97,2,205
2024-03-14 17:10:00,8,29,14,0,22,95,0,168
2024-03-14 17:20:00,24,36,9,0,17,80,1,167
2024-03-14 17:30:00,12,35,7,0,26,85,0,165
2024-03-14 17:40:00,20,31,11,0,18,102,0,182
2024-03-14 17:50:00,19,30,9,0,28,91,1,178
2024-03-14 18:00:00,14,38,18,0,14,71,1,156
2024-03-14 18:10:00,19,32,11,0,17,97,1,177
2024-03-14 18:20:00,11,38,6,0,28,90,0,173
2024-03-14 18:30:00,6,23,11,0,23,65,1,129
2024-03-14 18:40:00,14,24,10,0,22,69,0,139
2024-03-14 18:50:00,9,24,7,0,14,53,1,108
2024-03-14 19:00:00,5,20,8,0,19,61,1,114
2024-03-14 19:10:00,9,20,6,0,15,56,1,107
2024-03-14 19:20:00,9,30,9,0,9,35,0,92
2024-03-14 19:30:00,10,15,3,0,13,49,0,90
2024-03-14 19:40:00,13,20,8,0,11,39,1,92
2024-03-14 19:50:00,7,14,3,0,6,36,0,66
2024-03-14 20:00:00,11,24,8,0,14,39,0,96
2024-03-14 20:10:00,7,14,3,0,8,33,1,66
2024-03-14 20:20:00,5,13,3,0,7,29,0,57
2024-03-14 20:30:00,3,6,2,0,6,30,0,47
2024-03-14 20:40:00,4,12,4,0,10,35,0,65
2024-03-14 20:50:00,3,13,0,0,14,34,0,64
2024-03-14 21:00:00,3,9,3,0,12,23,0,50
2024-03-14 21:10:00,7,14,2,0,7,20,1,51
2024-03-14 21:20:00,4,12,4,0,6,34,0,60
2024-03-14 21:30:00,6,16,3,0,8,32,0,65
2024-03-14 21:40:00,6,13,0,0,14,24,0,57
2024-03-14 21:50:00,5,8,1,0,4,16,0,34
2024-03-14 22:00:00,2,9,1,0,14,17,0,43
2024-03-14 22:10:00,0,13,2,0,2,25,1,43
2024-03-14 22:20:00,1,7,3,0,6,19,0,36
2024-03-14 22:30:00,2,7,1,0,6,18,0,34
2024-03-14 22:40:00,4,11,1,0,3,13,1,33
2024-03-14 22:50:00,1,6,0,0,5,15,0,27
2024-03-14 23:00:00,2,6,1,0,6,15,0,30
2024-03-14 23:10:00,3,7,3,0,3,14,1,31
2024-03-14 23:20:00,2,6,4,0,2,19,0,33
2024-03-14 23:30:00,1,1,0,0,1,8,0,11
2024-03-14 23:40:00,4,7,1,0,1,7,1,21
2024-03-14 23:50:00,2,8,0,0,59,3,0,72
2024-03-15 00:00:00,2,5,0,0,2,6,0,15
2024-03-15 00:10:00,1,2,1,0,4,6,1,15
2024-03-15 00:20:00,2,4,0,0,4,10,0,20
2024-03-15 00:30:00,0,2,2,0,2,9,0,15
2024-03-15 00:40:00,3,5,0,0,1,13,0,22
2024-03-15 00:50:00,0,4,0,0,1,4,0,9
2024-03-15 01:00:00,0,3,0,0,2,7,0,12
2024-03-15 01:10:00,1,3,0,0,1,3,0,8
2024-03-15 01:20:00,1,2,0,0,3,2,0,8
2024-03-15 01:30:00,2,5,0,0,1,5,0,13
2024-03-15 01:40:00,1,3,0,0,1,2,0,7
2024-03-15 01:50:00,0,0,0,0,3,5,0,8
2024-03-15 02:00:00,1,0,0,0,1,5,0,7
2024-03-15 02:10:00,0,1,0,0,1,3,0,5
2024-03-15 02:20:00,0,4,0,0,0,1,0,5
2024-03-15 02:30:00,2,3,0,0,0,3,0,8
2024-03-15 02:40:00,0,1,1,0,1,1,0,4
2024-03-15 02:50:00,1,0,0,0,0,4,0,5
2024-03-15 03:00:00,0,1,0,0,0,1,0,2
2024-03-15 03:10:00,0,1,0,0,1,1,0,3
2024-03-15 03:20:00,1,1,1,0,0,1,0,4
2024-03-15 03:30:00,0,0,0,0,3,4,0,7
2024-03-15 03:40:00,0,3,0,0,0,0,0,3
2024-03-15 03:50:00,1,0,0,0,3,5,0,9
2024-03-15 04:00:00,0,0,0,0,0,0,0,0
2024-03-15 04:10:00,1,1,0,0,1,1,0,4
2024-03-15 04:20:00,0,0,0,0,0,1,0,1
2024-03-15 04:30:00,2,1,0,0,0,3,0,6
2024-03-15 04:40:00,0,2,0,0,1,1,0,4
2024-03-15 04:50:00,1,3,1,0,0,1,0,6
2024-03-15 05:00:00,0,2,0,0,0,3,0,5
2024-03-15 05:10:00,1,4,0,0,4,6,0,15
2024-03-15 05:20:00,1,3,1,0,4,8,0,17
2024-03-15 05:30:00,0,5,0,0,4,11,1,21
2024-03-15 05:40:00,0,2,1,0,5,14,1,23
2024-03-15 05:50:00,4,4,0,0,7,20,0,35
2024-03-15 06:00:00,1,5,0,0,3,21,1,31
2024-03-15 06:10:00,4,9,1,0,4,22,3,43
2024-03-15 06:20:00,4,6,1,0,2,20,0,33
2024-03-15 06:30:00,3,4,2,0,4,23,2,38
2024-03-15 06:40:00,6,6,1,0,4,34,3,54
2024-03-15 06:50:00,10,15,1,0,13,34,0,73
2024-03-15 07:00:00,7,18,0,0,8,30,0,63
2024-03-15 07:10:00,6,10,0,0,8,41,1,66
2024-03-15 07:20:00,13,15,4,0,24,50,1,107
2024-03-15 07:30:00,3,16,0,0,16,54,1,90
2024-03-15 07:40:00,11,29,3,0,18,63,3,127
2024-03-15 07:50:00,11,21,0,0,33,60,3,128
2024-03-15 08:00:00,10,28,5,0,33,70,0,146
2024-03-15 08:10:00,12,22,2,0,61,278,3,378
2024-03-15 08:20:00,9,15,2,0,32,370,1,429
2024-03-15 08:30:00,14,15,2,0,29,394,1,455
2024-03-15 08:40:00,16,27,3,1,35,355,0,437
2024-03-15 08:50:00,11,31,4,0,22,329,1,398
2024-03-15 09:00:00,13,35,4,0,43,415,1,511
2024-03-15 09:10:00,17,29,4,0,39,417,2,508
2024-03-15 09:20:00,16,33,2,0,243,71,1,366
2024-03-15 09:30:00,17,32,8,0,18,56,1,132
2024-03-15 09:40:00,12,27,6,0,25,56,1,127
2024-03-15 09:50:00,18,29,9,1,21,73,1,152
2024-03-15 10:00:00,11,27,6,0,29,74,1,148
2024-03-15 10:10:00,17,25,4,0,22,60,2,130
2024-03-15 10:20:00,12,35,5,0,33,59,0,144
2024-03-15 10:30:00,15,39,14,0,21,59,1,149
2024-03-15 10:40:00,20,38,6,0,20,62,0,146
2024-03-15 10:50:00,15,34,7,0,21,66,1,144
2024-03-15 11:00:00,11,39,15,0,28,72,1,166
2024-03-15 11:10:00,16,25,13,0,18,51,0,123
2024-03-15 11:20:00,12,33,12,0,20,62,1,140
2024-03-15 11:30:00,10,29,5,0,20,50,1,115
2024-03-15 11:40:00,13,37,11,0,25,63,0,149
2024-03-15 11:50:00,18,33,19,0,30,63,1,164
2024-03-15 12:00:00,12,38,16,0,18,65,1,150
2024-03-15 12:10:00,15,21,12,1,15,64,2,130
2024-03-15 12:20:00,16,36,9,0,24,75,0,160
2024-03-15 12:30:00,10,26,7,0,21,63,1,128
2024-03-15 12:40:00,16,34,14,0,16,67,0,147
2024-03-15 12:50:00,18,27,10,0,17,69,1,142
2024-03-15 13:00:00,15,26,8,0,20,75,0,144
2024-03-15 13:10:00,12,31,18,0,22,79,1,163
2024-03-15 13:20:00,18,28,8,0,21,71,0,146
2024-03-15 13:30:00,11,30,7,0,19,74,1,142
2024-03-15 13:40:00,18,31,15,0,25,86,1,176
2024-03-15 13:50:00,15,32,7,0,20,86,0,160
2024-03-15 14:00:00,8,37,19,0,21,73,1,159
2024-03-15 14:10:00,13,28,8,0,28,87,0,164
2024-03-15 14:20:00,11,33,9,0,22,125,0,200
2024-03-15 14:30:00,11,34,8,0,19,95,1,168
2024-03-15 14:40:00,12,35,8,0,28,88,1,172
2024-03-15 14:50:00,16,41,11,0,16,82,0,166
2024-03-15 15:00:00,13,28,12,0,26,82,1,162
2024-03-15 15:10:00,17,28,13,0,28,97,0,183
2024-03-15 15:20:00,15,32,10,0,19,89,1,166
2024-03-15 15:30:00,15,34,9,0,16,81,1,156
2024-03-15 15:40:00,13,28,11,0,24,88,0,164
2024-03-15 15:50:00,19,36,10,0,20,86,1,172
2024-03-15 16:00:00,11,19,14,0,29,95,1,169
2024-03-15 16:10:00,12,32,14,0,16,76,2,152
2024-03-15 16:20:00,18,41,14,0,22,84,0,179
2024-03-15 16:30:00,17,29,19,0,24,74,0,163
2024-03-15 16:40:00,15,29,9,0,26,84,1,164
2024-03-15 16:50:00,11,25,12,0,29,96,1,174
2024-03-15 17:00:00,10,29,10,0,21,105,0,175
2024-03-15 17:10:00,10,22,11,0,13,66,1,123
2024-03-15 17:20:00,11,26,8,0,18,70,0,133
2024-03-15 17:30:00,17,28,12,0,16,59,1,133
2024-03-15 17:40:00,10,27,6,0,28,75,1,147
2024-03-15 17:50:00,15,36,10,0,18,83,0,162
2024-03-15 18:00:00,6,20,17,0,20,80,1,144
2024-03-15 18:10:00,13,31,10,0,29,87,1,171
2024-03-15 18:20:00,8,45,6,0,19,69,0,147
2024-03-15 18:30:00,11,30,11,0,25,68,1,146
2024-03-15 18:40:00,10,17,8,0,23,80,1,139
2024-03-15 18:50:00,11,26,5,0,23,71,0,136
2024-03-15 19:00:00,15,22,11,0,20,54,0,122
2024-03-15 19:10:00,12,24,16,0,19,85,2,158
2024-03-15 19:20:00,8,22,8,0,25,60,0,123
2024-03-15 19:30:00,12,18,6,0,19,67,0,122
2024-03-15 19:40:00,14,21,9,0,19,69,1,133
2024-03-15 19:50:00,12,20,11,0,11,50,0,104
2024-03-15 20:00:00,11,22,7,0,22,90,0,152
2024-03-15 20:10:00,8,19,5,0,22,72,1,127
2024-03-15 20:20:00,4,18,4,0,15,58,0,99
2024-03-15 20:30:00,2,11,6,0,14,40,0,73
2024-03-15 20:40:00,9,24,1,0,25,78,0,137
2024-03-15 20:50:00,6,20,1,0,12,48,0,87
2024-03-15 21:00:00,2,10,2,0,4,22,1,41
2024-03-15 21:10:00,6,17,3,0,9,50,1,86
2024-03-15 21:20:00,8,19,1,0,11,37,0,76
2024-03-15 21:30:00,5,10,4,0,14,44,0,77
2024-03-15 21:40:00,8,13,4,0,15,48,0,88
2024-03-15 21:50:00,3,11,1,0,8,32,0,55
2024-03-15 22:00:00,5,13,1,0,14,36,0,69
2024-03-15 22:10:00,0,9,1,0,9,25,0,44
2024-03-15 22:20:00,7,11,3,0,8,26,0,55
2024-03-15 22:30:00,3,6,2,0,9,30,0,50
2024-03-15 22:40:00,6,8,2,0,6,25,1,48
2024-03-15 22:50:00,2,11,1,0,5,35,0,54
2024-03-15 23:00:00,4,10,3,0,6,24,1,48
2024-03-15 23:10:00,2,8,2,0,8,18,0,38
2024-03-15 23:20:00,2,7,5,0,5,11,0,30
2024-03-15 23:30:00,4,7,3,0,4,21,0,39
2024-03-15 23:40:00,7,6,3,0,1,18,1,36
2024-03-15 23:50:00,8,5,2,0,7,24,0,46
2024-03-16 00:00:00,1,5,4,0,4,11,0,25
2024-03-16 00:10:00,3,6,2,0,2,6,1,20
2024-03-16 00:20:00,1,3,4,0,2,13,0,23
2024-03-16 00:30:00,1,8,3,0,4,11,0,27
2024-03-16 00:40:00,5,6,8,0,4,10,0,33
2024-03-16 00:50:00,1,3,4,0,2,11,0,21
2024-03-16 01:00:00,0,4,4,0,4,9,1,22
2024-03-16 01:10:00,1,4,3,0,2,12,0,22
2024-03-16 01:20:00,3,5,3,0,1,8,0,20
2024-03-16 01:30:00,2,4,1,0,2,10,0,19
2024-03-16 01:40:00,3,4,0,0,2,9,0,18
2024-03-16 01:50:00,1,4,0,0,1,15,0,21
2024-03-16 02:00:00,0,2,0,0,0,5,0,7
2024-03-16 02:10:00,0,3,0,0,3,7,1,14
2024-03-16 02:20:00,2,4,0,0,5,7,0,18
2024-03-16 02:30:00,0,4,0,0,3,5,0,12
2024-03-16 02:40:00,2,3,0,0,1,5,0,11
2024-03-16 02:50:00,1,0,0,0,1,5,0,7
2024-03-16 03:00:00,0,2,0,0,0,5,0,7
2024-03-16 03:10:00,0,0,0,0,2,5,0,7
2024-03-16 03:20:00,0,0,0,0,0,1,0,1
2024-03-16 03:30:00,1,1,0,0,1,4,0,7
2024-03-16 03:40:00,0,0,0,0,0,4,0,4
2024-03-16 03:50:00,0,0,0,0,4,6,0,10
2024-03-16 04:00:00,2,3,0,0,2,6,0,13
2024-03-16 04:10:00,0,0,0,0,4,5,0,9
2024-03-16 04:20:00,0,1,0,0,0,1,0,2
2024-03-16 04:30:00,0,1,0,0,2,4,0,7
2024-03-16 04:40:00,1,2,0,0,0,3,0,6
2024-03-16 04:50:00,3,3,0,0,3,4,0,13
2024-03-16 05:00:00,1,1,0,0,2,6,0,10
2024-03-16 05:10:00,0,3,0,0,0,7,1,11
2024-03-16 05:20:00,1,1,0,0,0,5,0,7
2024-03-16 05:30:00,1,1,0,0,2,4,0,8
2024-03-16 05:40:00,1,2,0,0,4,11,0,18
2024-03-16 05:50:00,0,1,0,0,8,13,0,22
2024-03-16 06:00:00,1,3,0,0,0,2,0,6
2024-03-16 06:10:00,1,4,0,0,1,12,1,19
2024-03-16 06:20:00,0,1,0,0,1,5,0,7
2024-03-16 06:30:00,4,5,1,0,3,5,0,18
2024-03-16 06:40:00,4,4,1,0,2,15,0,26
2024-03-16 06:50:00,0,1,0,0,0,9,0,10
2024-03-16 07:00:00,1,2,0,0,2,6,0,11
2024-03-16 07:10:00,2,2,0,0,3,5,1,13
2024-03-16 07:20:00,0,1,0,0,2,13,0,16
2024-03-16 07:30:00,3,4,1,0,2,9,0,19
2024-03-16 07:40:00,2,3,0,0,6,11,0,22
2024-03-16 07:50:00,3,4,1,0,3,12,0,23
2024-03-16 08:00:00,3,5,0,0,5,16,0,29
2024-03-16 08:10:00,2,8,0,0,4,8,1,23
2024-03-16 08:20:00,1,2,0,0,10,13,0,26
2024-03-16 08:30:00,2,8,2,0,9,17,0,38
2024-03-16 08:40:00,4,13,0,0,6,22,0,45
2024-03-16 08:50:00,5,11,1,0,14,22,0,53
2024-03-16 09:00:00,4,10,1,0,8,30,0,53
2024-03-16 09:10:00,6,12,0,0,7,31,1,57
2024-03-16 09:20:00,4,10,0,0,13,40,0,67
2024-03-16 09:30:00,11,12,1,0,27,49,0,100
2024-03-16 09:40:00,8,13,1,0,8,49,0,79
2024-03-16 09:50:00,5,17,0,0,22,58,1,103
2024-03-16 10:00:00,6,16,2,0,17,41,0,82
2024-03-16 10:10:00,6,18,3,0,20,45,1,93
2024-03-16 10:20:00,6,11,4,0,17,62,0,100
2024-03-16 10:30:00,9,24,3,0,20,47,0,103
2024-03-16 10:40:00,12,23,6,0,15,63,0,119
2024-03-16 10:50:00,8,18,6,0,25,67,0,124
2024-03-16 11:00:00,8,29,5,0,19,63,0,124
2024-03-16 11:10:00,12,16,18,0,21,70,0,137
2024-03-16 11:20:00,10,19,14,0,24,76,1,144
2024-03-16 11:30:00,14,26,9,0,18,60,0,127
2024-03-16 11:40:00,9,19,12,0,22,82,0,144
2024-03-16 11:50:00,11,34,8,0,26,82,1,162
2024-03-16 12:00:00,5,22,12,0,23,77,0,139
2024-03-16 12:10:00,7,18,11,0,28,85,1,150
2024-03-16 12:20:00,10,23,11,0,20,85,0,149
2024-03-16 12:30:00,5,17,15,0,26,79,0,142
2024-03-16 12:40:00,11,26,13,0,21,82,0,153
2024-03-16 12:50:00,10,25,10,0,21,78,0,144
2024-03-16 13:00:00,9,28,13,0,24,84,0,158
2024-03-16 13:10:00,12,25,10,0,13,73,1,134
2024-03-16 13:20:00,8,23,7,0,23,75,0,136
2024-03-16 13:30:00,7,20,13,0,31,73,0,144
2024-03-16 13:40:00,19,26,16,0,20,71,0,152
2024-03-16 13:50:00,9,25,13,0,20,84,1,152
2024-03-16 14:00:00,8,20,10,0,26,84,0,148
2024-03-16 14:10:00,19,31,10,0,27,88,1,176
2024-03-16 14:20:00,4,24,8,0,25,88,0,149
2024-03-16 14:30:00,9,21,15,0,20,79,0,144
2024-03-16 14:40:00,11,28,7,0,21,79,0,146
2024-03-16 14:50:00,5,23,19,0,28,97,0,172
2024-03-16 15:00:00,8,23,16,0,24,65,0,136
2024-03-16 15:10:00,10,24,12,0,22,75,1,144
2024-03-16 15:20:00,8,21,14,0,21,64,0,128
2024-03-16 15:30:00,7,20,9,0,29,69,0,134
2024-03-16 15:40:00,10,15,16,0,25,75,0,141
2024-03-16 15:50:00,6,27,10,0,18,65,1,127
2024-03-16 16:00:00,11,24,19,0,18,66,0,138
2024-03-16 16:10:00,7,19,17,0,24,72,1,140
2024-03-16 16:20:00,7,21,13,0,21,68,0,130
2024-03-16 16:30:00,13,22,19,0,25,60,0,139
2024-03-16 16:40:00,5,24,15,0,20,54,0,118
2024-03-16 16:50:00,6,20,13,0,30,45,0,114
2024-03-16 17:00:00,10,22,8,0,24,60,0,124
2024-03-16 17:10:00,6,13,12,0,19,70,1,121
2024-03-16 17:20:00,6,19,27,0,16,59,0,127
2024-03-16 17:30:00,11,21,20,0,20,61,0,133
2024-03-16 17:40:00,6,26,31,0,17,58,0,138
2024-03-16 17:50:00,7,16,31,0,26,59,1,140
2024-03-16 18:00:00,9,23,29,0,22,59,0,142
2024-03-16 18:10:00,9,28,23,0,28,67,1,156
2024-03-16 18:20:00,10,22,24,0,17,59,0,132
2024-03-16 18:30:00,4,16,23,0,15,64,0,122
2024-03-16 18:40:00,9,25,16,0,17,67,0,134
2024-03-16 18:50:00,12,29,24,0,28,71,0,164
2024-03-16 19:00:00,9,25,16,0,23,61,0,134
2024-03-16 19:10:00,3,18,22,0,25,67,1,136
2024-03-16 19:20:00,5,19,17,0,19,62,0,122
2024-03-16 19:30:00,10,16,11,0,12,57,0,106
2024-03-16 19:40:00,8,18,11,0,23,56,0,116
2024-03-16 19:50:00,8,27,6,0,20,51,1,113
2024-03-16 20:00:00,12,12,15,0,14,45,0,98
2024-03-16 20:10:00,9,25,17,0,17,44,0,112
2024-03-16 20:20:00,5,12,5,0,17,54,1,94
2024-03-16 20:30:00,5,9,4,0,9,35,0,62
2024-03-16 20:40:00,5,18,7,0,18,42,0,90
2024-03-16 20:50:00,5,11,10,0,10,38,0,74
2024-03-16 21:00:00,0,6,3,0,13,35,0,57
2024-03-16 21:10:00,1,15,9,0,19,47,1,92
2024-03-16 21:20:00,7,16,2,0,9,39,0,73
2024-03-16 21:30:00,4,15,8,0,7,23,0,57
2024-03-16 21:40:00,9,13,2,0,9,42,0,75
2024-03-16 21:50:00,5,19,4,0,17,44,0,89
2024-03-16 22:00:00,5,16,3,0,16,42,0,82
2024-03-16 22:10:00,4,20,3,0,11,31,1,70
2024-03-16 22:20:00,2,8,2,0,16,37,0,65
2024-03-16 22:30:00,2,14,17,0,7,22,0,62
2024-03-16 22:40:00,3,9,22,0,14,41,0,89
2024-03-16 22:50:00,1,9,5,0,16,53,0,84
2024-03-16 23:00:00,2,10,3,0,14,42,0,71
2024-03-16 23:10:00,3,15,5,0,8,34,1,66
2024-03-16 23:20:00,0,10,3,0,1,29,0,43
2024-03-16 23:30:00,2,9,6,0,9,28,0,54
2024-03-16 23:40:00,5,12,2,0,3,29,0,51
2024-03-16 23:50:00,0,2,4,0,7,26,0,39
2024-03-17 00:00:00,0,5,4,0,10,26,0,45
2024-03-17 00:10:00,3,3,2,0,4,25,1,38
2024-03-17 00:20:00,3,5,2,0,1,13,0,24
2024-03-17 00:30:00,3,2,5,0,7,21,0,38
2024-03-17 00:40:00,2,8,4,0,6,22,0,42
2024-03-17 00:50:00,0,2,0,0,5,12,0,19
2024-03-17 01:00:00,1,6,1,0,7,21,0,36
2024-03-17 01:10:00,4,9,4,0,3,15,1,36
2024-03-17 01:20:00,0,3,4,0,4,15,0,26
2024-03-17 01:30:00,1,4,3,0,1,9,0,18
2024-03-17 01:40:00,4,4,2,0,3,17,0,30
2024-03-17 01:50:00,0,2,6,0,4,8,0,20
2024-03-17 02:00:00,0,1,7,0,0,12,0,20
2024-03-17 02:10:00,0,7,4,0,7,15,1,34
2024-03-17 02:20:00,0,2,2,0,1,9,0,14
2024-03-17 02:30:00,1,3,3,0,4,9,0,20
2024-03-17 02:40:00,2,2,6,0,2,5,0,17
2024-03-17 02:50:00,2,4,1,0,1,6,0,14
2024-03-17 03:00:00,1,5,5,0,10,15,0,36
2024-03-17 03:10:00,0,0,4,0,56,7,0,67
2024-03-17 03:20:00,0,2,4,0,1,5,0,12
2024-03-17 03:30:00,1,0,2,0,2,9,0,14
2024-03-17 03:40:00,1,1,1,0,1,3,0,7
2024-03-17 03:50:00,0,2,2,0,3,4,0,11
2024-03-17 04:00:00,1,1,2,0,0,0,0,4
2024-03-17 04:10:00,0,0,1,0,1,4,0,6
2024-03-17 04:20:00,0,1,2,0,27,5,0,35
2024-03-17 04:30:00,0,1,1,0,0,1,0,3
2024-03-17 04:40:00,0,0,2,0,0,1,0,3
2024-03-17 04:50:00,0,1,2,0,0,2,0,5
2024-03-17 05:00:00,0,1,3,0,0,6,0,10
2024-03-17 05:10:00,1,0,0,0,1,1,0,3
2024-03-17 05:20:00,0,1,1,0,1,3,0,6
2024-03-17 05:30:00,1,3,0,0,1,4,0,9
2024-03-17 05:40:00,3,1,0,0,1,5,0,10
2024-03-17 05:50:00,0,2,1,0,1,26,0,30
2024-03-17 06:00:00,0,0,1,0,1,5,0,7
2024-03-17 06:10:00,3,3,0,0,1,3,1,11
2024-03-17 06:20:00,1,1,0,0,0,5,0,7
2024-03-17 06:30:00,1,4,1,0,1,22,0,29
2024-03-17 06:40:00,2,5,0,0,2,21,1,31
2024-03-17 06:50:00,0,1,0,0,0,3,0,4
2024-03-17 07:00:00,0,6,0,0,2,5,0,13
2024-03-17 07:10:00,1,3,1,0,2,10,0,17
2024-03-17 07:20:00,0,6,0,0,6,5,0,17
2024-03-17 07:30:00,2,4,1,0,8,9,0,24
2024-03-17 07:40:00,0,1,0,0,4,6,0,11
2024-03-17 07:50:00,1,5,0,0,2,75,0,83
2024-03-17 08:00:00,1,3,2,0,5,5,0,16
2024-03-17 08:10:00,3,4,0,0,4,22,1,34
2024-03-17 08:20:00,1,6,0,0,3,3,0,13
2024-03-17 08:30:00,1,2,0,0,8,6,0,17
2024-03-17 08:40:00,4,12,0,0,5,7,1,29
2024-03-17 08:50:00,0,7,1,0,12,15,0,35
2024-03-17 09:00:00,3,7,0,0,5,6,0,21
2024-03-17 09:10:00,2,5,0,0,7,11,0,25
2024-03-17 09:20:00,7,16,0,0,5,4,0,32
2024-03-17 09:30:00,2,16,0,0,17,13,0,48
2024-03-17 09:40:00,3,9,1,0,14,19,0,46
2024-03-17 09:50:00,11,19,0,0,26,30,0,86
2024-03-17 10:00:00,8,14,0,0,19,21,0,62
2024-03-17 10:10:00,0,16,0,0,13,13,1,43
2024-03-17 10:20:00,6,14,0,0,19,20,0,59
2024-03-17 10:30:00,6,22,0,0,11,14,0,53
2024-03-17 10:40:00,8,19,0,0,20,22,1,70
2024-03-17 10:50:00,12,20,0,0,24,23,0,79
2024-03-17 11:00:00,10,18,0,0,19,23,0,70
2024-03-17 11:10:00,6,15,1,0,29,24,0,75
2024-03-17 11:20:00,4,14,0,0,19,24,0,61
2024-03-17 11:30:00,7,21,2,0,18,24,0,72
2024-03-17 11:40:00,7,19,0,0,29,25,0,80
2024-03-17 11:50:00,11,24,0,0,17,21,0,73
2024-03-17 12:00:00,5,36,0,0,28,22,1,92
2024-03-17 12:10:00,10,35,0,0,18,22,1,86
2024-03-17 12:20:00,12,38,0,0,32,31,0,113
2024-03-17 12:30:00,4,24,1,0,35,34,0,98
2024-03-17 12:40:00,5,15,2,0,18,31,1,72
2024-03-17 12:50:00,8,13,0,0,9,35,0,65
2024-03-17 13:00:00,5,12,0,0,12,36,0,65
2024-03-17 13:10:00,13,20,0,0,12,37,1,83
2024-03-17 13:20:00,8,16,0,0,10,38,0,72
2024-03-17 13:30:00,2,12,3,0,11,31,0,59
2024-03-17 13:40:00,5,16,1,0,13,43,1,79
2024-03-17 13:50:00,9,9,0,0,10,30,0,58
2024-03-17 14:00:00,2,9,1,0,14,33,0,59
2024-03-17 14:10:00,8,16,1,0,8,42,1,76
2024-03-17 14:20:00,4,9,4,0,6,50,0,73
2024-03-17 14:30:00,10,11,0,0,11,43,0,75
2024-03-17 14:40:00,9,24,4,0,17,40,1,95
2024-03-17 14:50:00,7,18,2,0,12,47,0,86
2024-03-17 15:00:00,7,11,2,0,15,42,0,77
2024-03-17 15:10:00,5,20,3,0,16,26,1,71
2024-03-17 15:20:00,4,11,3,0,18,51,0,87
2024-03-17 15:30:00,5,16,2,0,16,39,0,78
2024-03-17 15:40:00,8,17,1,0,9,37,1,73
2024-03-17 15:50:00,9,9,1,0,11,48,0,78
2024-03-17 16:00:00,8,15,2,0,8,38,0,71
2024-03-17 16:10:00,8,11,4,0,7,40,1,71
2024-03-17 16:20:00,5,16,2,0,12,37,0,72
2024-03-17 16:30:00,3,15,4,0,10,31,0,63
2024-03-17 16:40:00,7,20,7,0,11,30,0,75
2024-03-17 16:50:00,2,19,6,0,14,34,1,76
2024-03-17 17:00:00,11,23,4,0,10,42,0,90
2024-03-17 17:10:00,6,18,1,0,14,32,1,72
2024-03-17 17:20:00,11,16,3,0,18,58,0,106
2024-03-17 17:30:00,10,23,0,0,13,44,0,90
2024-03-17 17:40:00,5,19,5,0,20,44,1,94
2024-03-17 17:50:00,5,17,2,0,17,45,0,86
2024-03-17 18:00:00,4,20,1,0,19,49,0,93
2024-03-17 18:10:00,9,17,0,0,10,43,1,80
2024-03-17 18:20:00,6,19,2,0,15,49,0,91
2024-03-17 18:30:00,8,19,1,0,17,45,0,90
2024-03-17 18:40:00,8,21,2,0,14,32,1,78
2024-03-17 18:50:00,2,14,2,0,13,33,0,64
2024-03-17 19:00:00,5,17,2,0,12,32,0,68
2024-03-17 19:10:00,7,11,1,0,6,28,1,54
2024-03-17 19:20:00,3,10,5,0,5,38,0,61
2024-03-17 19:30:00,4,15,1,0,11,38,0,69
2024-03-17 19:40:00,4,13,3,0,16,35,1,72
2024-03-17 19:50:00,2,14,0,0,13,29,0,58
2024-03-17 20:00:00,3,8,1,0,14,42,0,68
2024-03-17 20:10:00,6,12,2,0,9,33,1,63
2024-03-17 20:20:00,6,14,1,0,5,24,0,50
2024-03-17 20:30:00,1,9,2,0,10,31,0,53
2024-03-17 20:40:00,1,11,1,0,7,31,0,51
2024-03-17 20:50:00,1,8,0,0,10,31,0,50
2024-03-17 21:00:00,3,15,1,0,10,32,0,61
2024-03-17 21:10:00,4,8,2,0,3,21,0,38
2024-03-17 21:20:00,0,8,0,0,7,32,0,47
2024-03-17 21:30:00,5,10,1,0,12,40,0,68
2024-03-17 21:40:00,4,8,2,0,7,37,0,58
2024-03-17 21:50:00,4,13,4,0,6,62,0,89
2024-03-17 22:00:00,1,10,1,0,6,173,0,191
2024-03-17 22:10:00,1,6,5,0,33,86,1,132
2024-03-17 22:20:00,0,6,0,0,8,27,0,41
2024-03-17 22:30:00,1,5,0,0,7,19,0,32
2024-03-17 22:40:00,2,2,1,0,5,14,0,24
2024-03-17 22:50:00,1,5,1,0,5,19,0,31
2024-03-17 23:00:00,1,4,0,0,3,12,0,20
2024-03-17 23:10:00,0,1,0,0,10,15,0,26
2024-03-17 23:20:00,0,3,1,0,3,10,0,17
2024-03-17 23:30:00,0,2,0,0,4,9,0,15
2024-03-17 23:40:00,0,1,0,0,2,4,0,7
2024-03-17 23:50:00,0,3,0,0,2,7,0,12
2024-03-18 00:00:00,1,1,0,0,2,7,0,11
2024-03-18 00:10:00,1,3,0,0,1,2,1,8
2024-03-18 00:20:00,0,0,0,0,3,7,0,10
2024-03-18 00:30:00,2,4,0,0,0,1,0,7
2024-03-18 00:40:00,4,2,0,0,0,4,0,10
2024-03-18 00:50:00,1,1,0,0,5,9,0,16
2024-03-18 01:00:00,0,0,1,0,1,2,0,4
2024-03-18 01:10:00,1,1,0,0,1,1,0,4
2024-03-18 01:20:00,0,1,0,0,0,2,0,3
2024-03-18 01:30:00,0,0,0,0,3,5,0,8
2024-03-18 01:40:00,0,0,0,0,1,2,0,3
2024-03-18 01:50:00,0,0,0,0,0,3,0,3
2024-03-18 02:00:00,0,1,0,0,0,0,0,1
2024-03-18 02:10:00,0,1,0,0,0,1,0,2
2024-03-18 02:20:00,0,0,0,0,0,0,0,0
2024-03-18 02:30:00,0,0,0,1,0,0,0,1
2024-03-18 02:40:00,0,0,0,0,0,1,0,1
2024-03-18 02:50:00,0,0,0,0,0,2,0,2
2024-03-18 03:00:00,1,1,0,0,0,2,0,4
2024-03-18 03:10:00,0,1,0,1,0,1,0,3
2024-03-18 03:20:00,0,0,0,0,0,1,0,1
2024-03-18 03:30:00,0,0,0,0,1,2,0,3
2024-03-18 03:40:00,0,1,0,0,0,1,0,2
2024-03-18 03:50:00,1,1,0,0,1,1,0,4
2024-03-18 04:00:00,0,1,0,0,0,2,0,3
2024-03-18 04:10:00,0,1,1,0,1,2,0,5
2024-03-18 04:20:00,2,2,0,0,0,0,0,4
2024-03-18 04:30:00,4,3,0,0,1,3,0,11
2024-03-18 04:40:00,0,1,0,0,1,3,0,5
2024-03-18 04:50:00,1,1,1,0,0,5,0,8
2024-03-18 05:00:00,2,2,0,0,0,1,0,5
2024-03-18 05:10:00,0,5,0,0,2,5,0,12
2024-03-18 05:20:00,1,4,0,0,3,11,1,20
2024-03-18 05:30:00,2,5,0,0,2,6,0,15
2024-03-18 05:40:00,0,5,0,0,4,13,1,23
2024-03-18 05:50:00,1,5,0,0,6,23,1,36
2024-03-18 06:00:00,4,10,3,0,5,18,0,40
2024-03-18 06:10:00,2,5,0,0,6,24,3,40
2024-03-18 06:20:00,4,6,1,0,5,18,0,34
2024-03-18 06:30:00,3,9,1,0,7,31,1,52
2024-03-18 06:40:00,6,12,3,0,10,31,4,66
2024-03-18 06:50:00,5,11,1,0,12,49,0,78
2024-03-18 07:00:00,3,12,3,0,12,36,1,67
2024-03-18 07:10:00,10,18,3,0,13,35,2,81
2024-03-18 07:20:00,4,14,2,0,18,55,1,94
2024-03-18 07:30:00,11,23,0,0,17,45,0,96
2024-03-18 07:40:00,15,20,2,0,25,76,2,140
2024-03-18 07:50:00,7,20,2,0,28,62,3,122
2024-03-18 08:00:00,9,29,1,0,28,52,1,120
2024-03-18 08:10:00,9,21,4,0,22,76,3,135
2024-03-18 08:20:00,9,28,4,0,27,66,1,135
2024-03-18 08:30:00,11,17,4,0,13,80,1,126
2024-03-18 08:40:00,10,25,3,0,19,62,1,120
2024-03-18 08:50:00,11,32,3,0,27,56,1,130
2024-03-18 09:00:00,10,28,1,0,27,60,1,127
2024-03-18 09:10:00,15,31,4,0,12,41,2,105
2024-03-18 09:20:00,10,16,7,0,29,68,1,131
2024-03-18 09:30:00,10,32,6,0,20,60,1,129
2024-03-18 09:40:00,16,37,8,0,30,72,1,164
2024-03-18 09:50:00,16,30,4,0,44,74,1,169
2024-03-18 10:00:00,16,34,9,0,29,67,1,156
2024-03-18 10:10:00,16,23,10,0,25,64,2,140
2024-03-18 10:20:00,19,36,15,0,35,76,0,181
2024-03-18 10:30:00,17,27,6,0,36,70,1,157
2024-03-18 10:40:00,21,32,9,0,35,80,0,177
2024-03-18 10:50:00,10,29,6,0,20,60,1,126
2024-03-18 11:00:00,10,19,9,0,17,56,1,112
2024-03-18 11:10:00,10,20,6,1,20,41,0,98
2024-03-18 11:20:00,12,30,14,0,33,57,1,147
2024-03-18 11:30:00,20,29,12,0,30,74,1,166
2024-03-18 11:40:00,13,20,14,0,23,57,1,128
2024-03-18 11:50:00,12,33,9,0,22,63,0,139
2024-03-18 12:00:00,16,26,16,0,19,59,1,137
2024-03-18 12:10:00,15,37,15,0,29,70,1,167
2024-03-18 12:20:00,12,27,8,0,22,67,1,137
2024-03-18 12:30:00,12,26,13,0,24,63,1,139
2024-03-18 12:40:00,13,22,8,0,26,62,0,131
2024-03-18 12:50:00,17,21,17,0,22,75,1,153
2024-03-18 13:00:00,8,20,12,0,9,62,1,112
2024-03-18 13:10:00,18,23,12,0,19,56,1,129
2024-03-18 13:20:00,12,27,12,0,22,77,1,151
2024-03-18 13:30:00,11,28,9,0,20,59,1,128
2024-03-18 13:40:00,20,29,7,0,24,60,1,141
2024-03-18 13:50:00,15,29,18,0,26,65,0,153
2024-03-18 14:00:00,8,28,12,0,17,59,1,125
2024-03-18 14:10:00,14,30,14,0,22,64,1,145
2024-03-18 14:20:00,14,27,14,0,15,62,2,134
2024-03-18 14:30:00,12,28,9,0,22,69,0,140
2024-03-18 14:40:00,14,28,16,0,20,77,1,156
2024-03-18 14:50:00,18,28,10,0,19,93,0,168
2024-03-18 15:00:00,17,31,18,0,20,85,1,172
2024-03-18 15:10:00,21,37,10,0,22,74,1,165
2024-03-18 15:20:00,12,21,13,0,26,89,2,163
2024-03-18 15:30:00,8,32,10,0,28,82,0,160
2024-03-18 15:40:00,16,38,14,0,14,75,0,157
2024-03-18 15:50:00,16,33,9,0,19,90,1,168
2024-03-18 16:00:00,18,44,5,0,27,72,1,167
2024-03-18 16:10:00,19,34,15,0,21,99,1,189
2024-03-18 16:20:00,15,25,13,0,23,86,1,163
2024-03-18 16:30:00,16,41,17,0,20,87,1,182
2024-03-18 16:40:00,16,30,11,0,15,86,2,160
2024-03-18 16:50:00,16,28,7,0,21,87,0,159
2024-03-18 17:00:00,10,33,11,0,20,76,1,151
2024-03-18 17:10:00,16,42,10,0,19,94,0,181
2024-03-18 17:20:00,14,44,10,0,20,69,1,158
2024-03-18 17:30:00,18,43,10,0,17,81,1,170
2024-03-18 17:40:00,17,36,5,0,19,78,0,155
2024-03-18 17:50:00,17,30,8,0,22,82,1,160
2024-03-18 18:00:00,6,22,10,0,25,84,1,148
2024-03-18 18:10:00,11,31,12,0,20,84,1,159
2024-03-18 18:20:00,12,21,18,0,20,69,1,141
2024-03-18 18:30:00,5,14,7,0,15,43,1,85
2024-03-18 18:40:00,16,17,7,0,8,36,1,85
2024-03-18 18:50:00,7,19,8,0,11,60,0,105
2024-03-18 19:00:00,8,22,6,0,15,53,1,105
2024-03-18 19:10:00,6,15,17,0,14,42,2,96
2024-03-18 19:20:00,5,17,3,0,10,36,1,72
2024-03-18 19:30:00,8,21,4,0,14,35,0,82
2024-03-18 19:40:00,8,18,9,0,17,47,1,100
2024-03-18 19:50:00,7,17,6,0,16,41,0,87
2024-03-18 20:00:00,5,18,7,0,15,42,0,87
2024-03-18 20:10:00,9,15,10,0,11,35,1,81
2024-03-18 20:20:00,5,11,3,0,11,38,0,68
2024-03-18 20:30:00,3,11,3,0,9,21,0,47
2024-03-18 20:40:00,5,6,1,1,5,26,0,44
2024-03-18 20:50:00,7,8,3,0,8,31,0,57
2024-03-18 21:00:00,5,9,5,0,7,23,0,49
2024-03-18 21:10:00,4,8,3,0,9,22,1,47
2024-03-18 21:20:00,2,8,0,0,7,17,0,34
2024-03-18 21:30:00,5,14,4,0,4,18,0,45
2024-03-18 21:40:00,11,16,2,0,3,21,0,53
2024-03-18 21:50:00,3,5,0,0,5,22,0,35
2024-03-18 22:00:00,5,13,2,0,5,15,1,41
2024-03-18 22:10:00,0,4,1,0,6,23,0,34
2024-03-18 22:20:00,2,8,0,0,6,18,0,34
2024-03-18 22:30:00,3,11,0,0,7,18,0,39
2024-03-18 22:40:00,1,11,2,0,8,19,1,42
2024-03-18 22:50:00,2,4,1,0,8,17,0,32
2024-03-18 23:00:00,0,3,0,0,6,12,0,21
2024-03-18 23:10:00,0,5,0,0,3,14,1,23
2024-03-18 23:20:00,0,4,0,0,5,9,0,18
2024-03-18 23:30:00,2,3,1,0,1,8,1,16
2024-03-18 23:40:00,5,8,0,0,2,12,0,27
2024-03-18 23:50:00,0,2,0,0,3,8,0,13
2024-03-19 00:00:00,3,6,0,0,1,2,1,13
2024-03-19 00:10:00,1,3,0,0,2,2,0,8
2024-03-19 00:20:00,2,3,0,0,2,6,0,13
2024-03-19 00:30:00,1,1,0,0,1,7,0,10
2024-03-19 00:40:00,3,4,0,0,1,3,0,11
2024-03-19 00:50:00,0,1,0,0,1,0,0,2
2024-03-19 01:00:00,0,1,0,0,0,2,0,3
2024-03-19 01:10:00,1,3,0,0,0,2,0,6
2024-03-19 01:20:00,0,2,0,0,3,6,0,11
2024-03-19 01:30:00,2,3,0,0,0,4,0,9
2024-03-19 01:40:00,0,2,0,0,1,2,0,5
2024-03-19 01:50:00,0,2,1,0,1,4,0,8
2024-03-19 02:00:00,2,0,0,0,0,0,0,2
2024-03-19 02:10:00,1,1,0,0,0,1,0,3
2024-03-19 02:20:00,1,1,0,0,1,1,0,4
2024-03-19 02:30:00,1,3,0,0,0,1,0,5
2024-03-19 02:40:00,0,1,0,0,2,1,0,4
2024-03-19 02:50:00,0,0,0,0,0,1,0,1
2024-03-19 03:00:00,0,1,0,0,0,0,0,1
2024-03-19 03:10:00,0,0,0,0,0,2,0,2
2024-03-19 03:20:00,1,2,0,0,1,0,0,4
2024-03-19 03:30:00,0,1,0,0,0,0,0,1
2024-03-19 03:40:00,0,1,0,0,0,1,0,2
2024-03-19 03:50:00,0,1,0,0,1,3,0,5
2024-03-19 04:00:00,0,1,0,0,2,3,0,6
2024-03-19 04:10:00,0,1,0,0,0,0,0,1
2024-03-19 04:20:00,1,0,0,0,0,2,0,3
2024-03-19 04:30:00,1,1,0,0,0,1,0,3
2024-03-19 04:40:00,3,3,0,0,0,4,0,10
2024-03-19 04:50:00,3,2,0,0,1,4,0,10
2024-03-19 05:00:00,1,1,0,0,3,4,0,9
2024-03-19 05:10:00,2,2,0,0,0,4,0,8
2024-03-19 05:20:00,3,4,0,0,5,9,1,22
2024-03-19 05:30:00,0,2,0,0,1,9,0,12
2024-03-19 05:40:00,0,3,0,0,1,17,1,22
2024-03-19 05:50:00,3,6,0,0,8,19,1,37
2024-03-19 06:00:00,4,4,1,0,13,22,0,44
2024-03-19 06:10:00,6,7,1,0,3,21,3,41
2024-03-19 06:20:00,1,3,2,0,3,26,0,35
2024-03-19 06:30:00,1,5,0,0,4,21,2,33
2024-03-19 06:40:00,5,13,1,0,11,36,3,69
2024-03-19 06:50:00,9,19,0,0,11,37,0,76
2024-03-19 07:00:00,7,8,0,0,18,37,2,72
2024-03-19 07:10:00,9,12,4,0,13,37,1,76
2024-03-19 07:20:00,4,13,1,0,15,59,1,93
2024-03-19 07:30:00,4,18,2,0,14,55,1,94
2024-03-19 07:40:00,12,23,2,0,23,75,2,137
2024-03-19 07:50:00,17,22,2,0,33,59,3,136
2024-03-19 08:00:00,13,27,1,0,29,61,1,132
2024-03-19 08:10:00,9,19,0,0,21,57,1,107
2024-03-19 08:20:00,16,25,1,0,24,62,2,130
2024-03-19 08:30:00,9,18,1,0,28,56,1,113
2024-03-19 08:40:00,8,23,6,0,33,84,2,156
2024-03-19 08:50:00,13,29,5,0,19,59,0,125
2024-03-19 09:00:00,10,28,2,0,28,64,1,133
2024-03-19 09:10:00,7,23,6,0,25,55,2,118
2024-03-19 09:20:00,11,25,5,0,19,51,1,112
2024-03-19 09:30:00,8,33,3,0,23,67,1,135
2024-03-19 09:40:00,15,33,6,0,37,88,0,179
2024-03-19 09:50:00,10,25,7,0,32,91,2,167
2024-03-19 10:00:00,16,31,8,0,35,76,1,167
2024-03-19 10:10:00,15,32,6,0,29,84,1,167
2024-03-19 10:20:00,8,30,8,0,21,59,0,126
2024-03-19 10:30:00,12,29,6,0,28,73,1,149
2024-03-19 10:40:00,20,35,8,0,29,69,0,161
2024-03-19 10:50:00,16,40,8,0,28,63,1,156
2024-03-19 11:00:00,12,26,11,0,17,59,1,126
2024-03-19 11:10:00,14,38,7,0,20,62,1,142
2024-03-19 11:20:00,20,29,17,0,28,75,0,169
2024-03-19 11:30:00,10,32,5,0,23,73,1,144
2024-03-19 11:40:00,12,23,12,0,21,63,0,131
2024-03-19 11:50:00,12,21,16,0,25,52,0,126
2024-03-19 12:00:00,12,25,10,0,30,53,1,131
2024-03-19 12:10:00,14,23,13,1,18,58,0,127
2024-03-19 12:20:00,14,29,16,0,25,60,0,144
2024-03-19 12:30:00,12,32,9,0,29,85,1,168
2024-03-19 12:40:00,16,33,6,0,24,71,0,150
2024-03-19 12:50:00,13,22,9,0,20,67,1,132
2024-03-19 13:00:00,10,23,15,0,19,66,1,134
2024-03-19 13:10:00,14,19,8,0,26,79,0,146
2024-03-19 13:20:00,6,30,6,0,18,79,1,140
2024-03-19 13:30:00,7,27,10,0,18,57,1,120
2024-03-19 13:40:00,15,28,11,0,22,61,0,137
2024-03-19 13:50:00,8,29,14,0,20,71,1,143
2024-03-19 14:00:00,12,22,12,1,26,66,1,140
2024-03-19 14:10:00,10,25,12,0,21,67,0,135
2024-03-19 14:20:00,8,20,12,0,23,75,1,139
2024-03-19 14:30:00,13,37,10,0,33,85,1,179
2024-03-19 14:40:00,17,35,12,0,19,82,1,166
2024-03-19 14:50:00,14,32,10,0,23,89,0,168
2024-03-19 15:00:00,15,46,12,0,22,76,1,172
2024-03-19 15:10:00,15,35,10,0,21,89,1,171
2024-03-19 15:20:00,21,37,11,0,17,68,0,154
2024-03-19 15:30:00,27,42,16,0,20,98,1,204
2024-03-19 15:40:00,16,30,13,0,26,88,0,173
2024-03-19 15:50:00,16,26,9,0,16,100,1,168
2024-03-19 16:00:00,13,33,9,0,25,99,1,180
2024-03-19 16:10:00,18,36,13,0,27,87,1,182
2024-03-19 16:20:00,14,28,12,0,30,101,0,185
2024-03-19 16:30:00,19,45,7,0,25,96,1,193
2024-03-19 16:40:00,17,30,13,0,22,110,2,194
2024-03-19 16:50:00,19,44,15,0,25,96,0,199
2024-03-19 17:00:00,18,39,10,0,29,91,1,188
2024-03-19 17:10:00,19,42,15,0,31,96,1,204
2024-03-19 17:20:00,29,47,19,0,25,98,0,218
2024-03-19 17:30:00,12,38,13,0,19,89,1,172
2024-03-19 17:40:00,18,36,14,0,22,108,0,198
2024-03-19 17:50:00,8,30,19,0,16,82,1,156
2024-03-19 18:00:00,11,27,14,0,17,89,1,159
2024-03-19 18:10:00,12,27,22,0,10,73,1,145
2024-03-19 18:20:00,14,29,8,0,19,92,1,163
2024-03-19 18:30:00,11,33,10,0,17,63,1,135
2024-03-19 18:40:00,11,16,17,0,24,73,1,142
2024-03-19 18:50:00,13,21,14,0,30,73,1,152
2024-03-19 19:00:00,10,20,10,0,10,54,0,104
2024-03-19 19:10:00,8,15,15,0,18,58,1,115
2024-03-19 19:20:00,7,19,8,0,11,44,0,89
2024-03-19 19:30:00,7,19,6,0,14,45,1,92
2024-03-19 19:40:00,13,21,6,0,14,38,1,93
2024-03-19 19:50:00,9,21,2,0,8,49,0,89
2024-03-19 20:00:00,8,16,9,0,7,32,0,72
2024-03-19 20:10:00,11,17,5,0,11,34,1,79
2024-03-19 20:20:00,7,17,6,0,13,35,0,78
2024-03-19 20:30:00,1,6,4,0,5,20,0,36
2024-03-19 20:40:00,6,15,4,0,7,29,0,61
2024-03-19 20:50:00,3,13,3,0,3,26,0,48
2024-03-19 21:00:00,5,9,2,0,12,28,1,57
2024-03-19 21:10:00,7,14,0,0,12,32,0,65
2024-03-19 21:20:00,2,11,7,0,10,32,0,62
2024-03-19 21:30:00,4,14,2,0,7,25,0,52
2024-03-19 21:40:00,6,13,4,0,6,21,0,50
2024-03-19 21:50:00,4,8,2,0,8,19,0,41
2024-03-19 22:00:00,1,7,0,0,11,14,1,34
2024-03-19 22:10:00,4,9,1,0,1,16,0,31
2024-03-19 22:20:00,0,4,2,0,4,24,0,34
2024-03-19 22:30:00,2,5,1,0,7,29,0,44
2024-03-19 22:40:00,2,8,1,0,2,18,1,32
2024-03-19 22:50:00,1,3,0,0,3,24,0,31
2024-03-19 23:00:00,2,7,1,0,0,17,1,28
2024-03-19 23:10:00,1,4,0,0,1,11,0,17
2024-03-19 23:20:00,0,2,0,0,3,8,0,13
2024-03-19 23:30:00,0,2,0,0,3,12,0,17
2024-03-19 23:40:00,2,5,0,0,3,13,0,23
2024-03-19 23:50:00,1,6,0,0,4,6,0,17
2024-03-20 00:00:00,2,4,3,1,1,9,1,21
2024-03-20 00:10:00,0,4,0,0,2,9,0,15
2024-03-20 00:20:00,1,4,0,0,2,3,0,10
2024-03-20 00:30:00,1,3,0,0,0,4,0,8
2024-03-20 00:40:00,2,3,0,0,1,5,0,11
2024-03-20 00:50:00,0,8,0,0,1,5,0,14
2024-03-20 01:00:00,1,2,0,0,1,2,0,6
2024-03-20 01:10:00,3,3,0,0,1,4,0,11
2024-03-20 01:20:00,0,3,0,0,1,2,0,6
2024-03-20 01:30:00,1,3,0,0,2,6,0,12
2024-03-20 01:40:00,1,1,0,0,2,4,0,8
2024-03-20 01:50:00,0,1,0,0,0,0,0,1
2024-03-20 02:00:00,0,0,1,0,1,3,0,5
2024-03-20 02:10:00,1,2,0,0,1,0,0,4
2024-03-20 02:20:00,0,0,1,0,0,4,0,5
2024-03-20 02:30:00,0,1,1,1,0,1,0,4
2024-03-20 02:40:00,0,0,0,0,0,2,0,2
2024-03-20 02:50:00,0,0,0,0,0,0,0,0
2024-03-20 03:00:00,0,1,0,0,0,0,0,1
2024-03-20 03:10:00,0,0,0,0,0,0,0,0
2024-03-20 03:20:00,0,1,0,0,0,2,0,3
2024-03-20 03:30:00,1,0,0,0,0,1,0,2
2024-03-20 03:40:00,0,1,0,0,0,2,0,3
2024-03-20 03:50:00,0,0,0,0,0,2,0,2
2024-03-20 04:00:00,0,0,0,0,1,2,0,3
2024-03-20 04:10:00,0,0,0,0,2,3,0,5
2024-03-20 04:20:00,0,0,0,0,0,3,0,3
2024-03-20 04:30:00,0,1,0,0,0,2,0,3
2024-03-20 04:40:00,6,2,1,0,0,7,0,16
2024-03-20 04:50:00,3,2,0,0,2,4,0,11
2024-03-20 05:00:00,1,2,0,0,0,4,0,7
2024-03-20 05:10:00,3,3,0,0,2,3,0,11
2024-03-20 05:20:00,1,7,0,0,1,7,1,17
2024-03-20 05:30:00,0,1,0,0,5,12,0,18
2024-03-20 05:40:00,0,3,0,0,2,8,1,14
2024-03-20 05:50:00,3,6,1,0,8,17,0,35
2024-03-20 06:00:00,2,7,0,0,7,28,1,45
2024-03-20 06:10:00,4,5,1,0,5,16,1,32
2024-03-20 06:20:00,2,7,0,0,3,26,1,39
2024-03-20 06:30:00,5,6,0,0,6,21,1,39
2024-03-20 06:40:00,3,13,2,0,9,57,3,87
2024-03-20 06:50:00,6,14,0,0,7,31,0,58
2024-03-20 07:00:00,7,11,1,0,10,37,1,67
2024-03-20 07:10:00,2,14,1,0,17,37,2,73
2024-03-20 07:20:00,6,11,3,0,21,63,1,105
2024-03-20 07:30:00,5,19,3,0,14,57,1,99
2024-03-20 07:40:00,6,17,3,0,26,77,2,131
2024-03-20 07:50:00,9,25,1,0,31,66,3,135
2024-03-20 08:00:00,8,21,1,0,34,72,1,137
2024-03-20 08:10:00,7,26,3,0,16,49,1,102
2024-03-20 08:20:00,10,29,2,1,25,63,2,132
2024-03-20 08:30:00,11,25,2,0,35,81,1,155
2024-03-20 08:40:00,18,30,6,0,14,81,2,151
2024-03-20 08:50:00,9,22,1,0,27,60,0,119
2024-03-20 09:00:00,15,33,6,0,29,71,1,155
2024-03-20 09:10:00,13,23,1,1,22,67,1,128
2024-03-20 09:20:00,10,26,4,0,26,67,2,135
2024-03-20 09:30:00,10,28,7,0,26,74,1,146
2024-03-20 09:40:00,18,35,5,0,28,59,1,146
2024-03-20 09:50:00,13,25,4,0,27,69,1,139
2024-03-20 10:00:00,19,35,3,0,31,64,1,153
2024-03-20 10:10:00,18,41,3,0,15,59,1,137
2024-03-20 10:20:00,16,33,8,0,27,74,0,158
2024-03-20 10:30:00,10,33,7,0,25,68,1,144
2024-03-20 10:40:00,20,42,9,0,23,63,1,158
2024-03-20 10:50:00,14,38,11,0,29,61,0,153
2024-03-20 11:00:00,14,25,12,0,31,72,1,155
2024-03-20 11:10:00,15,30,13,0,16,47,0,121
2024-03-20 11:20:00,9,22,11,0,21,71,1,135
2024-03-20 11:30:00,15,32,8,0,19,69,0,143
2024-03-20 11:40:00,15,39,7,0,15,50,1,127
2024-03-20 11:50:00,16,34,15,0,25,58,0,148
2024-03-20 12:00:00,7,29,13,0,20,66,1,136
2024-03-20 12:10:00,21,31,9,0,23,70,1,155
2024-03-20 12:20:00,11,32,13,0,19,58,0,133
2024-03-20 12:30:00,13,25,16,0,28,64,1,147
2024-03-20 12:40:00,13,27,15,0,28,71,1,155
2024-03-20 12:50:00,6,22,9,0,21,71,0,129
2024-03-20 13:00:00,13,22,20,0,21,82,1,159
2024-03-20 13:10:00,16,19,9,0,22,79,1,146
2024-03-20 13:20:00,13,27,12,0,21,61,0,134
2024-03-20 13:30:00,8,34,19,0,23,57,1,142
2024-03-20 13:40:00,17,26,5,0,20,64,0,132
2024-03-20 13:50:00,11,25,9,0,13,59,1,118
2024-03-20 14:00:00,5,22,9,0,16,63,1,116
2024-03-20 14:10:00,14,21,16,0,19,83,1,154
2024-03-20 14:20:00,8,26,12,0,26,78,0,150
2024-03-20 14:30:00,15,32,18,0,27,86,1,179
2024-03-20 14:40:00,17,24,7,0,23,88,0,159
2024-03-20 14:50:00,8,24,8,0,27,97,1,165
2024-03-20 15:00:00,16,36,9,0,23,67,1,152
2024-03-20 15:10:00,15,37,9,0,28,102,1,192
2024-03-20 15:20:00,11,30,8,0,21,82,0,152
2024-03-20 15:30:00,6,30,16,0,15,93,1,161
2024-03-20 15:40:00,13,35,15,0,20,86,1,170
2024-03-20 15:50:00,19,32,7,0,20,85,0,163
2024-03-20 16:00:00,11,33,13,0,24,114,1,196
2024-03-20 16:10:00,18,42,12,0,19,80,1,172
2024-03-20 16:20:00,15,36,19,0,21,110,0,201
2024-03-20 16:30:00,16,29,9,0,21,103,0,178
2024-03-20 16:40:00,15,38,19,0,14,97,2,185
2024-03-20 16:50:00,14,38,13,0,25,106,1,197
2024-03-20 17:00:00,18,35,11,0,22,94,1,181
2024-03-20 17:10:00,15,31,21,0,25,119,0,211
2024-03-20 17:20:00,16,35,15,0,18,90,1,175
2024-03-20 17:30:00,11,34,21,0,30,76,1,173
2024-03-20 17:40:00,19,32,8,0,20,85,1,165
2024-03-20 17:50:00,15,38,16,0,30,87,0,186
2024-03-20 18:00:00,19,46,6,0,20,86,1,178
2024-03-20 18:10:00,15,40,13,0,19,85,1,173
2024-03-20 18:20:00,10,23,12,0,21,77,0,143
2024-03-20 18:30:00,8,29,8,0,16,66,0,127
2024-03-20 18:40:00,15,23,15,0,19,60,1,133
2024-03-20 18:50:00,14,28,11,0,15,58,0,126
2024-03-20 19:00:00,9,13,7,0,17,59,1,106
2024-03-20 19:10:00,11,34,12,0,16,45,2,120
2024-03-20 19:20:00,9,21,8,0,13,42,0,93
2024-03-20 19:30:00,8,22,5,0,18,56,1,110
2024-03-20 19:40:00,11,24,6,0,17,55,1,114
2024-03-20 19:50:00,10,21,8,0,11,32,0,82
2024-03-20 20:00:00,9,22,8,0,8,44,0,91
2024-03-20 20:10:00,6,20,5,0,10,36,1,78
2024-03-20 20:20:00,5,19,6,0,8,32,0,70
2024-03-20 20:30:00,4,12,6,0,13,25,0,60
2024-03-20 20:40:00,6,15,5,0,10,36,0,72
2024-03-20 20:50:00,4,14,1,0,8,28,0,55
2024-03-20 21:00:00,5,11,2,0,8,27,0,53
2024-03-20 21:10:00,3,11,3,0,6,23,2,48
2024-03-20 21:20:00,2,13,3,0,5,24,0,47
2024-03-20 21:30:00,3,11,4,0,7,26,0,51
2024-03-20 21:40:00,3,13,2,0,8,30,0,56
2024-03-20 21:50:00,1,12,3,0,9,34,0,59
2024-03-20 22:00:00,3,8,4,0,7,32,0,54
2024-03-20 22:10:00,9,13,4,0,10,21,0,57
2024-03-20 22:20:00,4,8,0,0,6,33,0,51
2024-03-20 22:30:00,2,11,4,0,3,34,0,54
2024-03-20 22:40:00,1,5,1,0,4,14,1,26
2024-03-20 22:50:00,3,8,0,1,4,14,0,30
2024-03-20 23:00:00,1,4,0,0,6,15,0,26
2024-03-20 23:10:00,3,8,2,0,5,18,1,37
2024-03-20 23:20:00,0,4,2,0,1,10,0,17
2024-03-20 23:30:00,2,2,0,0,3,14,0,21
2024-03-20 23:40:00,0,5,1,0,1,9,1,17
2024-03-20 23:50:00,3,1,0,0,2,6,0,12
2024-03-21 00:00:00,1,5,0,0,5,10,0,21
2024-03-21 00:10:00,1,4,0,0,1,2,1,9
2024-03-21 00:20:00,0,5,0,0,3,7,0,15
2024-03-21 00:30:00,0,5,2,0,0,8,0,15
2024-03-21 00:40:00,2,1,0,0,1,4,0,8
2024-03-21 00:50:00,1,3,0,0,2,5,0,11
2024-03-21 01:00:00,1,0,0,0,1,6,0,8
2024-03-21 01:10:00,1,4,0,0,1,1,0,7
2024-03-21 01:20:00,1,2,1,0,1,7,0,12
2024-03-21 01:30:00,0,2,0,0,1,5,0,8
2024-03-21 01:40:00,0,1,0,0,0,2,0,3
2024-03-21 01:50:00,1,2,0,0,2,3,0,8
2024-03-21 02:00:00,0,1,0,0,1,5,0,7
2024-03-21 02:10:00,1,2,0,0,0,2,0,5
2024-03-21 02:20:00,0,0,0,0,0,2,0,2
2024-03-21 02:30:00,0,0,0,0,0,2,0,2
2024-03-21 02:40:00,2,2,0,0,0,0,0,4
2024-03-21 02:50:00,0,1,0,0,0,2,0,3
2024-03-21 03:00:00,1,2,0,0,0,2,0,5
2024-03-21 03:10:00,0,0,0,0,0,0,0,0
2024-03-21 03:20:00,1,1,0,0,1,1,0,4
2024-03-21 03:30:00,0,0,0,0,1,2,0,3
2024-03-21 03:40:00,1,2,0,0,1,1,0,5
2024-03-21 03:50:00,1,2,0,0,1,3,0,7
2024-03-21 04:00:00,0,0,0,0,0,1,0,1
2024-03-21 04:10:00,0,1,0,0,2,2,0,5
2024-03-21 04:20:00,0,0,0,0,0,3,0,3
2024-03-21 04:30:00,2,2,0,0,0,2,0,6
2024-03-21 04:40:00,0,1,0,0,1,3,0,5
2024-03-21 04:50:00,1,1,0,0,2,4,0,8
2024-03-21 05:00:00,0,2,0,0,0,3,0,5
2024-03-21 05:10:00,2,1,0,0,2,6,0,11
2024-03-21 05:20:00,1,2,0,0,4,9,0,16
2024-03-21 05:30:00,0,3,0,0,2,5,1,11
2024-03-21 05:40:00,2,3,0,0,5,11,1,22
2024-03-21 05:50:00,3,6,0,0,7,16,0,32
2024-03-21 06:00:00,2,4,0,0,3,19,1,29
2024-03-21 06:10:00,5,7,2,0,7,20,2,43
2024-03-21 06:20:00,2,4,2,0,6,22,0,36
2024-03-21 06:30:00,0,7,2,0,6,25,2,42
2024-03-21 06:40:00,5,8,0,0,2,33,3,51
2024-03-21 06:50:00,5,12,1,0,11,33,0,62
2024-03-21 07:00:00,14,17,0,0,11,29,1,72
2024-03-21 07:10:00,4,13,3,0,8,36,1,65
2024-03-21 07:20:00,8,9,2,0,18,57,0,94
2024-03-21 07:30:00,3,10,2,0,14,65,1,95
2024-03-21 07:40:00,6,21,1,0,22,70,4,124
2024-03-21 07:50:00,10,31,2,0,25,71,0,139
2024-03-21 08:00:00,19,30,1,0,27,69,2,148
2024-03-21 08:10:00,11,28,4,0,32,69,2,146
2024-03-21 08:20:00,15,25,2,1,16,60,1,120
2024-03-21 08:30:00,8,29,0,0,14,57,1,109
2024-03-21 08:40:00,14,28,5,0,19,65,2,133
2024-03-21 08:50:00,9,20,1,0,23,55,0,108
2024-03-21 09:00:00,12,19,3,0,28,63,2,127
2024-03-21 09:10:00,14,32,6,0,19,53,1,125
2024-03-21 09:20:00,8,20,4,0,31,68,0,131
2024-03-21 09:30:00,8,28,6,0,22,68,1,133
2024-03-21 09:40:00,10,29,6,0,18,84,1,148
2024-03-21 09:50:00,16,32,7,0,28,83,1,167
2024-03-21 10:00:00,16,24,4,0,14,65,1,124
2024-03-21 10:10:00,12,22,2,0,22,74,2,134
2024-03-21 10:20:00,15,27,7,0,24,66,0,139
2024-03-21 10:30:00,15,28,5,0,27,70,1,146
2024-03-21 10:40:00,15,31,16,0,18,80,1,161
2024-03-21 10:50:00,13,20,8,0,23,68,0,132
2024-03-21 11:00:00,12,27,10,0,30,49,1,129
2024-03-21 11:10:00,16,40,7,0,22,56,0,141
2024-03-21 11:20:00,17,28,13,1,19,55,0,133
2024-03-21 11:30:00,10,24,13,0,26,55,1,129
2024-03-21 11:40:00,14,27,9,0,26,57,1,134
2024-03-21 11:50:00,13,27,6,0,27,71,0,144
2024-03-21 12:00:00,19,30,11,0,24,77,1,162
2024-03-21 12:10:00,12,33,14,0,27,76,2,164
2024-03-21 12:20:00,14,32,15,0,19,53,0,133
2024-03-21 12:30:00,13,28,15,0,20,69,1,146
2024-03-21 12:40:00,18,25,10,0,13,53,0,119
2024-03-21 12:50:00,16,31,13,0,13,47,1,121
2024-03-21 13:00:00,11,34,16,0,23,82,1,167
2024-03-21 13:10:00,20,38,13,0,14,63,0,148
2024-03-21 13:20:00,16,21,13,0,22,50,0,122
2024-03-21 13:30:00,7,26,13,0,24,70,1,141
2024-03-21 13:40:00,9,30,5,0,30,64,0,138
2024-03-21 13:50:00,11,25,9,0,18,60,1,124
2024-03-21 14:00:00,8,21,11,0,18,91,1,150
2024-03-21 14:10:00,12,35,7,0,20,80,1,155
2024-03-21 14:20:00,7,28,7,0,22,69,1,134
2024-03-21 14:30:00,14,25,10,0,24,94,1,168
2024-03-21 14:40:00,11,35,13,0,28,90,0,177
2024-03-21 14:50:00,14,27,11,0,23,91,1,167
2024-03-21 15:00:00,24,40,10,0,22,99,1,196
2024-03-21 15:10:00,11,26,14,0,35,96,0,182
2024-03-21 15:20:00,18,48,13,0,20,94,0,193
2024-03-21 15:30:00,14,36,21,0,23,94,1,189
2024-03-21 15:40:00,22,36,11,0,19,92,1,181
2024-03-21 15:50:00,27,36,15,0,27,85,0,190
2024-03-21 16:00:00,17,30,8,0,19,87,1,162
2024-03-21 16:10:00,18,38,13,0,13,95,2,179
2024-03-21 16:20:00,13,32,9,0,28,85,0,167
2024-03-21 16:30:00,21,46,18,0,23,98,1,207
2024-03-21 16:40:00,9,31,19,0,23,96,1,179
2024-03-21 16:50:00,27,32,8,0,27,100,1,195
2024-03-21 17:00:00,17,28,17,0,23,78,1,164
2024-03-21 17:10:00,9,31,13,0,18,93,0,164
2024-03-21 17:20:00,24,40,11,0,21,86,0,182
2024-03-21 17:30:00,10,29,13,0,17,96,1,166
2024-03-21 17:40:00,21,34,14,0,21,104,0,194
2024-03-21 17:50:00,15,28,17,0,29,83,0,172
2024-03-21 18:00:00,10,30,4,0,22,78,2,146
2024-03-21 18:10:00,11,30,12,1,16,89,2,161
2024-03-21 18:20:00,12,38,13,0,20,90,0,173
2024-03-21 18:30:00,3,24,11,0,13,69,1,121
2024-03-21 18:40:00,15,33,14,0,16,60,1,139
2024-03-21 18:50:00,10,26,10,0,15,52,0,113
2024-03-21 19:00:00,5,22,22,0,16,44,0,109
2024-03-21 19:10:00,14,24,16,0,8,48,2,112
2024-03-21 19:20:00,9,23,9,0,15,57,0,113
2024-03-21 19:30:00,6,19,2,0,12,34,1,74
2024-03-21 19:40:00,11,14,2,0,15,48,1,91
2024-03-21 19:50:00,11,18,6,0,12,37,0,84
2024-03-21 20:00:00,6,20,7,0,9,34,0,76
2024-03-21 20:10:00,8,19,3,0,11,45,1,87
2024-03-21 20:20:00,6,19,4,0,11,36,0,76
2024-03-21 20:30:00,2,9,2,0,11,29,0,53
2024-03-21 20:40:00,15,20,0,0,8,33,0,76
2024-03-21 20:50:00,7,13,6,0,8,35,0,69
2024-03-21 21:00:00,1,8,4,0,7,27,0,47
2024-03-21 21:10:00,4,12,2,0,11,34,1,64
2024-03-21 21:20:00,3,8,4,0,7,24,0,46
2024-03-21 21:30:00,8,17,3,0,6,28,0,62
2024-03-21 21:40:00,3,7,1,0,7,23,0,41
2024-03-21 21:50:00,5,10,2,0,9,29,0,55
2024-03-21 22:00:00,4,8,1,0,8,27,0,48
2024-03-21 22:10:00,3,9,2,0,1,12,0,27
2024-03-21 22:20:00,3,9,1,0,5,24,0,42
2024-03-21 22:30:00,0,5,3,0,4,22,0,34
2024-03-21 22:40:00,6,10,1,0,4,21,1,43
2024-03-21 22:50:00,2,7,2,0,9,29,0,49
2024-03-21 23:00:00,2,9,0,0,6,19,0,36
2024-03-21 23:10:00,2,8,0,0,5,23,0,38
2024-03-21 23:20:00,1,5,1,0,5,14,0,26
2024-03-21 23:30:00,2,13,2,0,2,14,1,34
2024-03-21 23:40:00,2,2,1,0,2,6,0,13
2024-03-21 23:50:00,2,3,1,0,2,10,0,18
2024-03-22 00:00:00,1,4,0,0,0,7,0,12
2024-03-22 00:10:00,3,4,1,0,0,7,1,16
2024-03-22 00:20:00,2,5,0,0,4,6,0,17
2024-03-22 00:30:00,3,8,0,0,2,5,0,18
2024-03-22 00:40:00,2,2,0,0,3,6,0,13
2024-03-22 00:50:00,2,3,0,0,1,7,0,13
2024-03-22 01:00:00,2,2,0,0,1,6,0,11
2024-03-22 01:10:00,1,4,1,0,2,8,0,16
2024-03-22 01:20:00,1,2,1,0,2,6,0,12
2024-03-22 01:30:00,0,1,0,0,0,4,0,5
2024-03-22 01:40:00,0,0,0,0,2,4,0,6
2024-03-22 01:50:00,1,2,1,0,0,7,0,11
2024-03-22 02:00:00,0,0,0,0,0,4,0,4
2024-03-22 02:10:00,1,3,0,0,0,2,0,6
2024-03-22 02:20:00,1,2,1,0,0,4,0,8
2024-03-22 02:30:00,0,2,0,0,1,2,0,5
2024-03-22 02:40:00,1,0,1,0,2,4,0,8
2024-03-22 02:50:00,0,0,0,0,0,2,0,2
2024-03-22 03:00:00,0,0,0,0,0,1,0,1
2024-03-22 03:10:00,0,2,1,0,0,0,0,3
2024-03-22 03:20:00,0,0,0,0,1,4,0,5
2024-03-22 03:30:00,0,0,0,0,2,2,0,4
2024-03-22 03:40:00,0,2,0,0,3,5,0,10
2024-03-22 03:50:00,0,1,1,0,3,4,0,9
2024-03-22 04:00:00,2,1,0,0,0,0,0,3
2024-03-22 04:10:00,2,2,0,0,0,1,0,5
2024-03-22 04:20:00,0,0,0,0,0,3,0,3
2024-03-22 04:30:00,0,0,0,0,0,0,0,0
2024-03-22 04:40:00,0,2,1,0,0,0,0,3
2024-03-22 04:50:00,2,2,0,0,2,3,0,9
2024-03-22 05:00:00,1,2,0,1,1,3,0,8
2024-03-22 05:10:00,1,2,0,0,2,11,0,16
2024-03-22 05:20:00,0,2,1,0,1,7,0,11
2024-03-22 05:30:00,1,5,0,0,4,12,1,23
2024-03-22 05:40:00,3,2,0,0,5,10,1,21
2024-03-22 05:50:00,1,5,0,0,7,19,0,32
2024-03-22 06:00:00,1,8,0,0,3,14,1,27
2024-03-22 06:10:00,5,3,1,0,6,20,1,36
2024-03-22 06:20:00,2,7,2,0,3,21,0,35
2024-03-22 06:30:00,6,8,0,0,5,19,1,39
2024-03-22 06:40:00,5,13,2,0,3,28,4,55
2024-03-22 06:50:00,6,13,0,0,6,32,0,57
2024-03-22 07:00:00,6,15,1,0,11,33,1,67
2024-03-22 07:10:00,13,14,2,0,14,48,2,93
2024-03-22 07:20:00,4,11,2,0,20,58,0,95
2024-03-22 07:30:00,2,15,1,0,16,53,2,89
2024-03-22 07:40:00,12,21,2,0,28,59,2,124
2024-03-22 07:50:00,6,30,0,0,31,48,3,118
2024-03-22 08:00:00,11,17,2,0,32,61,0,123
2024-03-22 08:10:00,8,19,0,0,26,55,3,111
2024-03-22 08:20:00,11,29,3,0,24,52,0,119
2024-03-22 08:30:00,12,19,1,0,25,56,1,114
2024-03-22 08:40:00,8,24,6,0,19,48,1,106
2024-03-22 08:50:00,7,20,2,0,20,49,1,99
2024-03-22 09:00:00,18,31,6,0,21,44,2,122
2024-03-22 09:10:00,9,29,4,0,22,53,2,119
2024-03-22 09:20:00,12,28,7,0,26,54,0,127
2024-03-22 09:30:00,10,40,4,0,20,65,1,140
2024-03-22 09:40:00,8,28,1,0,25,68,3,133
2024-03-22 09:50:00,16,32,9,0,24,61,0,142
2024-03-22 10:00:00,16,28,5,0,20,63,1,133
2024-03-22 10:10:00,11,24,4,0,24,69,1,133
2024-03-22 10:20:00,6,20,5,0,24,53,0,108
2024-03-22 10:30:00,14,24,8,0,18,72,1,137
2024-03-22 10:40:00,20,36,5,0,24,73,1,159
2024-03-22 10:50:00,15,26,12,0,25,76,0,154
2024-03-22 11:00:00,17,39,11,0,25,71,1,164
2024-03-22 11:10:00,18,32,13,0,21,75,0,159
2024-03-22 11:20:00,15,30,8,0,23,72,1,149
2024-03-22 11:30:00,7,28,16,0,24,66,1,142
2024-03-22 11:40:00,13,29,12,0,21,76,1,152
2024-03-22 11:50:00,16,33,16,0,23,65,0,153
2024-03-22 12:00:00,19,38,14,0,26,74,1,172
2024-03-22 12:10:00,7,27,17,0,25,78,1,155
2024-03-22 12:20:00,11,24,12,0,23,66,0,136
2024-03-22 12:30:00,11,27,9,0,22,63,1,133
2024-03-22 12:40:00,16,26,12,0,16,87,1,158
2024-03-22 12:50:00,17,23,12,0,31,82,1,166
2024-03-22 13:00:00,12,31,9,0,18,66,0,136
2024-03-22 13:10:00,16,21,15,0,23,85,1,161
2024-03-22 13:20:00,19,25,9,0,18,73,0,144
2024-03-22 13:30:00,6,19,12,0,24,65,2,128
2024-03-22 13:40:00,10,26,16,0,23,90,0,165
2024-03-22 13:50:00,12,27,11,0,22,76,1,149
2024-03-22 14:00:00,7,17,12,0,20,81,1,138
2024-03-22 14:10:00,17,27,11,0,19,73,1,148
2024-03-22 14:20:00,12,25,6,0,25,80,0,148
2024-03-22 14:30:00,6,35,8,0,26,75,1,151
2024-03-22 14:40:00,15,20,6,0,17,91,0,149
2024-03-22 14:50:00,13,26,10,0,15,82,2,148
2024-03-22 15:00:00,8,22,15,0,24,93,0,162
2024-03-22 15:10:00,16,24,8,0,24,109,2,183
2024-03-22 15:20:00,7,30,9,0,27,106,0,179
2024-03-22 15:30:00,18,25,6,0,24,124,1,198
2024-03-22 15:40:00,14,28,7,0,14,111,1,175
2024-03-22 15:50:00,13,31,8,0,22,110,0,184
2024-03-22 16:00:00,11,32,13,0,21,118,1,196
2024-03-22 16:10:00,12,24,7,0,15,80,1,139
2024-03-22 16:20:00,8,24,14,0,14,87,0,147
2024-03-22 16:30:00,10,30,12,0,26,81,1,160
2024-03-22 16:40:00,15,24,13,0,18,78,0,148
2024-03-22 16:50:00,7,32,8,0,21,79,1,148
2024-03-22 17:00:00,14,16,7,0,23,74,0,134
2024-03-22 17:10:00,14,27,12,0,21,62,1,137
2024-03-22 17:20:00,4,26,17,0,14,73,0,134
2024-03-22 17:30:00,9,29,11,0,29,91,1,170
2024-03-22 17:40:00,17,26,9,0,22,78,1,153
2024-03-22 17:50:00,14,21,9,0,19,91,1,155
2024-03-22 18:00:00,11,21,11,0,20,67,1,131
2024-03-22 18:10:00,11,31,8,0,39,79,0,168
2024-03-22 18:20:00,11,22,7,0,20,65,0,125
2024-03-22 18:30:00,3,12,0,0,16,33,0,64
2024-03-22 18:40:00,2,7,7,0,9,32,0,57
2024-03-22 18:50:00,3,11,6,0,10,25,1,56
2024-03-22 19:00:00,11,16,4,0,18,68,1,118
2024-03-22 19:10:00,12,22,8,0,18,60,2,122
2024-03-22 19:20:00,6,17,6,0,15,63,0,107
2024-03-22 19:30:00,4,20,8,0,16,47,1,96
2024-03-22 19:40:00,10,21,3,0,15,56,1,106
2024-03-22 19:50:00,4,16,7,0,14,57,0,98
2024-03-22 20:00:00,8,17,10,0,17,42,0,94
2024-03-22 20:10:00,9,15,4,0,13,36,1,78
2024-03-22 20:20:00,7,15,4,0,21,48,0,95
2024-03-22 20:30:00,11,17,1,0,14,34,0,77
2024-03-22 20:40:00,8,13,4,0,14,42,0,81
2024-03-22 20:50:00,4,11,1,0,9,23,0,48
2024-03-22 21:00:00,2,12,1,0,11,36,0,62
2024-03-22 21:10:00,6,22,2,0,15,30,2,77
2024-03-22 21:20:00,4,12,1,0,16,32,0,65
2024-03-22 21:30:00,7,12,0,0,6,27,0,52
2024-03-22 21:40:00,4,19,5,0,10,26,0,64
2024-03-22 21:50:00,7,19,23,0,10,34,0,93
2024-03-22 22:00:00,3,10,11,0,9,31,0,64
2024-03-22 22:10:00,5,13,7,0,12,34,1,72
2024-03-22 22:20:00,2,17,6,0,10,26,0,61
2024-03-22 22:30:00,2,11,2,0,5,22,0,42
2024-03-22 22:40:00,5,16,2,0,4,25,1,53
2024-03-22 22:50:00,2,7,1,0,5,32,0,47
2024-03-22 23:00:00,1,4,4,0,7,21,1,38
2024-03-22 23:10:00,6,8,3,0,3,13,0,33
2024-03-22 23:20:00,0,2,1,0,3,22,0,28
2024-03-22 23:30:00,2,4,0,0,8,16,0,30
2024-03-22 23:40:00,6,7,0,0,5,24,0,42
2024-03-22 23:50:00,6,7,2,0,4,18,0,37
2024-03-23 00:00:00,2,8,0,0,2,23,0,35
2024-03-23 00:10:00,1,5,1,0,5,14,1,27
2024-03-23 00:20:00,4,6,2,0,3,12,0,27
2024-03-23 00:30:00,2,5,0,0,7,18,0,32
2024-03-23 00:40:00,3,5,0,0,5,15,0,28
2024-03-23 00:50:00,0,3,0,0,2,14,0,19
2024-03-23 01:00:00,3,5,0,0,5,15,0,28
2024-03-23 01:10:00,2,4,2,0,1,14,1,24
2024-03-23 01:20:00,1,0,1,0,4,13,0,19
2024-03-23 01:30:00,3,4,0,0,2,11,0,20
2024-03-23 01:40:00,3,6,0,0,1,5,0,15
2024-03-23 01:50:00,2,4,0,0,2,6,0,14
2024-03-23 02:00:00,0,4,1,0,6,19,1,31
2024-03-23 02:10:00,1,2,0,0,3,6,0,12
2024-03-23 02:20:00,1,2,0,0,2,5,0,10
2024-03-23 02:30:00,1,4,0,0,1,7,0,13
2024-03-23 02:40:00,1,1,0,0,2,9,0,13
2024-03-23 02:50:00,0,1,0,0,0,5,0,6
2024-03-23 03:00:00,3,1,0,0,4,10,0,18
2024-03-23 03:10:00,1,1,0,0,1,4,0,7
2024-03-23 03:20:00,1,2,0,0,1,4,0,8
2024-03-23 03:30:00,0,0,1,0,1,3,0,5
2024-03-23 03:40:00,1,0,0,0,0,6,0,7
2024-03-23 03:50:00,0,0,0,0,1,1,0,2
2024-03-23 04:00:00,3,3,3,0,1,2,0,12
2024-03-23 04:10:00,0,1,1,0,3,2,0,7
2024-03-23 04:20:00,0,4,0,0,1,3,0,8
2024-03-23 04:30:00,0,1,1,0,0,0,0,2
2024-03-23 04:40:00,1,3,0,0,0,1,0,5
2024-03-23 04:50:00,0,1,1,0,1,5,0,8
2024-03-23 05:00:00,0,0,0,0,1,2,0,3
2024-03-23 05:10:00,1,1,2,0,4,4,1,13
2024-03-23 05:20:00,1,3,0,0,0,3,0,7
2024-03-23 05:30:00,0,0,0,0,3,6,0,9
2024-03-23 05:40:00,6,5,1,0,3,9,0,24
2024-03-23 05:50:00,2,2,0,0,2,6,0,12
2024-03-23 06:00:00,2,3,0,0,0,4,0,9
2024-03-23 06:10:00,2,2,0,0,2,5,1,12
2024-03-23 06:20:00,1,4,1,0,1,7,0,14
2024-03-23 06:30:00,2,3,1,0,3,17,0,26
2024-03-23 06:40:00,3,5,1,0,1,14,0,24
2024-03-23 06:50:00,0,2,0,0,1,10,0,13
2024-03-23 07:00:00,2,4,0,0,3,11,0,20
2024-03-23 07:10:00,2,4,0,0,0,4,1,11
2024-03-23 07:20:00,1,2,0,0,0,7,0,10
2024-03-23 07:30:00,1,1,1,0,0,8,0,11
2024-03-23 07:40:00,7,8,1,0,6,14,0,36
2024-03-23 07:50:00,1,9,0,0,4,12,0,26
2024-03-23 08:00:00,4,3,0,0,5,18,0,30
2024-03-23 08:10:00,4,5,0,0,5,14,1,29
2024-03-23 08:20:00,3,4,1,0,3,13,0,24
2024-03-23 08:30:00,6,8,0,0,7,20,0,41
2024-03-23 08:40:00,5,11,1,0,6,21,0,44
2024-03-23 08:50:00,5,9,1,0,8,18,0,41
2024-03-23 09:00:00,2,6,0,0,13,37,0,58
2024-03-23 09:10:00,6,9,2,0,8,28,1,54
2024-03-23 09:20:00,4,11,0,0,10,32,0,57
2024-03-23 09:30:00,4,9,1,0,14,47,0,75
2024-03-23 09:40:00,14,18,2,0,17,41,0,92
2024-03-23 09:50:00,7,11,2,0,17,63,1,101
2024-03-23 10:00:00,7,10,0,0,20,54,0,91
2024-03-23 10:10:00,4,13,6,0,15,47,1,86
2024-03-23 10:20:00,13,15,6,0,17,54,0,105
2024-03-23 10:30:00,5,15,2,0,27,63,0,112
2024-03-23 10:40:00,11,16,5,0,21,47,0,100
2024-03-23 10:50:00,7,20,7,0,22,59,0,115
2024-03-23 11:00:00,5,15,6,0,29,57,0,112
2024-03-23 11:10:00,7,21,5,0,12,60,1,106
2024-03-23 11:20:00,7,18,10,0,24,55,0,114
2024-03-23 11:30:00,9,19,3,0,23,61,0,115
2024-03-23 11:40:00,15,23,8,0,20,83,0,149
2024-03-23 11:50:00,9,21,8,0,19,74,1,132
2024-03-23 12:00:00,12,18,8,0,23,68,0,129
2024-03-23 12:10:00,11,12,15,0,12,55,1,106
2024-03-23 12:20:00,8,22,9,0,23,74,0,136
2024-03-23 12:30:00,10,24,7,1,19,72,0,133
2024-03-23 12:40:00,10,33,17,0,29,81,0,170
2024-03-23 12:50:00,8,20,11,0,32,78,0,149
2024-03-23 13:00:00,8,27,22,0,24,61,0,142
2024-03-23 13:10:00,9,24,17,0,29,75,0,154
2024-03-23 13:20:00,7,22,9,0,25,70,1,134
2024-03-23 13:30:00,8,24,9,0,26,72,0,139
2024-03-23 13:40:00,7,21,6,0,20,71,0,125
2024-03-23 13:50:00,9,24,8,0,35,88,0,164
2024-03-23 14:00:00,5,23,12,0,31,71,1,143
2024-03-23 14:10:00,11,30,10,0,20,75,1,147
2024-03-23 14:20:00,12,26,16,0,17,68,0,139
2024-03-23 14:30:00,9,30,12,0,24,76,0,151
2024-03-23 14:40:00,12,26,16,0,31,62,0,147
2024-03-23 14:50:00,9,19,14,0,31,73,0,146
2024-03-23 15:00:00,5,26,9,0,25,84,0,149
2024-03-23 15:10:00,6,19,6,0,16,64,1,112
2024-03-23 15:20:00,8,24,13,0,22,68,0,135
2024-03-23 15:30:00,5,22,14,0,13,74,0,128
2024-03-23 15:40:00,10,22,13,0,18,70,0,133
2024-03-23 15:50:00,9,15,9,0,18,71,1,123
2024-03-23 16:00:00,4,24,15,0,24,64,0,131
2024-03-23 16:10:00,14,24,14,0,12,66,1,131
2024-03-23 16:20:00,6,14,17,0,20,75,0,132
2024-03-23 16:30:00,6,23,13,0,28,63,0,133
2024-03-23 16:40:00,11,25,10,0,22,65,0,133
2024-03-23 16:50:00,7,26,18,0,23,73,0,147
2024-03-23 17:00:00,4,24,11,0,16,69,0,124
2024-03-23 17:10:00,12,17,12,0,22,55,1,119
2024-03-23 17:20:00,6,19,3,1,30,55,0,114
2024-03-23 17:30:00,14,22,9,0,27,73,0,145
2024-03-23 17:40:00,10,30,9,0,20,60,0,129
2024-03-23 17:50:00,13,25,18,0,27,81,1,165
2024-03-23 18:00:00,5,16,15,0,26,69,0,131
2024-03-23 18:10:00,9,29,15,0,23,65,1,142
2024-03-23 18:20:00,3,21,16,0,22,57,0,119
2024-03-23 18:30:00,12,21,3,0,24,76,0,136
2024-03-23 18:40:00,11,20,6,0,21,74,0,132
2024-03-23 18:50:00,3,18,10,0,14,52,0,97
2024-03-23 19:00:00,5,17,9,0,19,52,0,102
2024-03-23 19:10:00,9,12,9,0,22,60,0,112
2024-03-23 19:20:00,6,19,4,0,16,53,1,99
2024-03-23 19:30:00,5,20,7,0,20,58,0,110
2024-03-23 19:40:00,3,22,6,0,21,56,0,108
2024-03-23 19:50:00,3,19,6,0,17,67,1,113
2024-03-23 20:00:00,4,19,6,0,23,49,0,101
2024-03-23 20:10:00,9,18,10,0,14,38,0,89
2024-03-23 20:20:00,3,15,2,0,13,44,1,78
2024-03-23 20:30:00,4,17,4,0,3,31,0,59
2024-03-23 20:40:00,2,11,5,0,14,32,0,64
2024-03-23 20:50:00,4,18,2,0,11,34,0,69
2024-03-23 21:00:00,2,9,0,0,7,29,0,47
2024-03-23 21:10:00,6,14,6,0,15,40,1,82
2024-03-23 21:20:00,3,10,1,0,13,27,0,54
2024-03-23 21:30:00,6,13,3,0,8,36,0,66
2024-03-23 21:40:00,6,13,3,0,9,34,0,65
2024-03-23 21:50:00,3,11,2,0,11,35,0,62
2024-03-23 22:00:00,4,7,4,0,14,27,0,56
2024-03-23 22:10:00,3,14,3,0,10,28,1,59
2024-03-23 22:20:00,1,8,1,0,11,31,0,52
2024-03-23 22:30:00,3,15,3,0,11,27,0,59
2024-03-23 22:40:00,4,10,4,0,12,52,0,82
2024-03-23 22:50:00,4,8,3,0,6,25,0,46
2024-03-23 23:00:00,0,8,2,0,4,28,0,42
2024-03-23 23:10:00,2,9,6,0,5,27,1,50
2024-03-23 23:20:00,5,9,2,0,7,19,0,42
2024-03-23 23:30:00,2,7,4,0,3,22,0,38
2024-03-23 23:40:00,3,8,9,0,5,31,0,56
2024-03-23 23:50:00,2,4,11,0,9,29,0,55
2024-03-24 00:00:00,1,5,3,0,5,21,1,36
2024-03-24 00:10:00,2,6,8,0,9,23,0,48
2024-03-24 00:20:00,1,6,4,0,0,9,0,20
2024-03-24 00:30:00,2,3,2,0,5,18,0,30
2024-03-24 00:40:00,5,6,2,0,5,14,0,32
2024-03-24 00:50:00,4,3,0,0,2,17,0,26
2024-03-24 01:00:00,1,3,1,0,6,20,1,32
2024-03-24 01:10:00,0,3,2,0,3,9,0,17
2024-03-24 01:20:00,0,3,1,0,2,19,0,25
2024-03-24 01:30:00,1,1,1,0,4,12,0,19
2024-03-24 01:40:00,4,2,0,0,0,7,0,13
2024-03-24 01:50:00,1,3,1,0,2,11,0,18
2024-03-24 02:00:00,1,2,0,0,3,12,0,18
2024-03-24 02:10:00,1,4,1,0,2,11,1,20
2024-03-24 02:20:00,0,2,1,0,2,8,0,13
2024-03-24 02:30:00,1,1,1,0,3,9,0,15
2024-03-24 02:40:00,2,3,0,0,0,7,0,12
2024-03-24 02:50:00,0,0,1,0,2,8,0,11
2024-03-24 03:00:00,0,2,4,0,1,4,0,11
2024-03-24 03:10:00,0,1,0,0,1,6,0,8
2024-03-24 03:20:00,0,4,0,0,2,5,0,11
2024-03-24 03:30:00,2,1,0,0,2,6,0,11
2024-03-24 03:40:00,0,2,1,0,2,5,0,10
2024-03-24 03:50:00,1,0,0,0,1,4,0,6
2024-03-24 04:00:00,0,1,1,0,0,1,0,3
2024-03-24 04:10:00,0,0,1,0,1,7,0,9
2024-03-24 04:20:00,0,1,1,0,1,3,0,6
2024-03-24 04:30:00,0,0,0,0,2,5,0,7
2024-03-24 04:40:00,2,2,0,0,0,3,0,7
2024-03-24 04:50:00,0,0,1,0,0,5,0,6
2024-03-24 05:00:00,0,1,0,0,1,4,0,6
2024-03-24 05:10:00,1,1,0,0,0,2,0,4
2024-03-24 05:20:00,0,0,0,0,0,9,0,9
2024-03-24 05:30:00,1,1,0,0,3,10,0,15
2024-03-24 05:40:00,0,3,0,0,1,7,0,11
2024-03-24 05:50:00,0,0,0,0,2,10,0,12
2024-03-24 06:00:00,1,2,0,0,0,2,0,5
2024-03-24 06:10:00,1,3,1,0,1,10,1,17
2024-03-24 06:20:00,0,1,0,0,1,9,0,11
2024-03-24 06:30:00,1,3,0,0,1,20,0,25
2024-03-24 06:40:00,4,4,0,0,1,6,1,16
2024-03-24 06:50:00,2,1,0,0,2,13,0,18
2024-03-24 07:00:00,1,2,0,0,5,15,0,23
2024-03-24 07:10:00,0,1,1,0,1,17,0,20
2024-03-24 07:20:00,3,1,0,0,1,29,0,34
2024-03-24 07:30:00,2,0,0,0,2,26,0,30
2024-03-24 07:40:00,0,0,0,0,0,17,0,17
2024-03-24 07:50:00,2,2,0,0,1,5,0,10
2024-03-24 08:00:00,1,1,0,0,0,3,0,5
2024-03-24 08:10:00,1,4,1,0,4,21,1,32
2024-03-24 08:20:00,2,1,1,0,2,51,0,57
2024-03-24 08:30:00,0,1,0,0,3,32,0,36
2024-03-24 08:40:00,4,5,0,0,3,51,1,64
2024-03-24 08:50:00,0,2,1,0,3,55,0,61
2024-03-24 09:00:00,1,2,1,0,2,23,0,29
2024-03-24 09:10:00,0,3,2,0,2,39,0,46
2024-03-24 09:20:00,1,1,0,0,2,44,0,48
2024-03-24 09:30:00,0,2,1,0,2,87,0,92
2024-03-24 09:40:00,3,5,0,0,10,93,0,111
2024-03-24 09:50:00,5,13,0,0,4,76,0,98
2024-03-24 10:00:00,3,6,1,0,6,96,0,112
2024-03-24 10:10:00,7,7,0,0,6,117,0,137
2024-03-24 10:20:00,4,4,0,0,7,126,1,142
2024-03-24 10:30:00,5,4,0,0,7,114,0,130
2024-03-24 10:40:00,5,3,0,0,10,77,1,96
2024-03-24 10:50:00,3,7,1,0,8,145,0,164
2024-03-24 11:00:00,4,7,0,0,3,124,0,138
2024-03-24 11:10:00,6,13,0,0,4,113,0,136
2024-03-24 11:20:00,2,8,2,0,7,159,0,178
2024-03-24 11:30:00,7,10,0,0,17,193,0,227
2024-03-24 11:40:00,5,9,0,0,25,232,0,271
2024-03-24 11:50:00,9,14,3,0,25,212,0,263
2024-03-24 12:00:00,6,17,4,0,64,105,0,196
2024-03-24 12:10:00,5,13,0,0,101,130,1,250
2024-03-24 12:20:00,4,11,1,0,225,213,0,454
2024-03-24 12:30:00,6,18,1,0,307,242,0,574
2024-03-24 12:40:00,10,14,1,0,64,151,1,241
2024-03-24 12:50:00,5,6,3,0,10,34,0,58
2024-03-24 13:00:00,6,12,1,0,16,32,0,67
2024-03-24 13:10:00,6,8,2,0,10,27,1,54
2024-03-24 13:20:00,0,6,1,0,10,33,0,50
2024-03-24 13:30:00,5,10,0,0,15,39,0,69
2024-03-24 13:40:00,7,11,2,0,18,38,1,77
2024-03-24 13:50:00,4,7,1,0,13,35,0,60
2024-03-24 14:00:00,7,8,0,0,8,53,0,76
2024-03-24 14:10:00,7,15,2,0,6,51,1,82
2024-03-24 14:20:00,6,14,1,0,8,40,0,69
2024-03-24 14:30:00,2,20,2,0,10,48,0,82
2024-03-24 14:40:00,5,19,1,0,11,41,1,78
2024-03-24 14:50:00,5,16,1,0,11,43,0,76
2024-03-24 15:00:00,9,25,0,0,9,50,0,93
2024-03-24 15:10:00,4,13,0,0,7,28,1,53
2024-03-24 15:20:00,5,14,2,0,11,35,0,67
2024-03-24 15:30:00,6,18,1,0,7,30,0,62
2024-03-24 15:40:00,5,11,3,0,12,34,0,65
2024-03-24 15:50:00,6,13,1,0,10,32,1,63
2024-03-24 16:00:00,5,11,0,0,12,38,0,66
2024-03-24 16:10:00,3,14,2,0,10,33,1,63
2024-03-24 16:20:00,3,11,0,0,13,35,0,62
2024-03-24 16:30:00,5,17,1,0,18,49,0,90
2024-03-24 16:40:00,6,18,3,0,8,42,1,78
2024-03-24 16:50:00,5,15,0,0,8,32,0,60
2024-03-24 17:00:00,8,17,1,0,15,41,0,82
2024-03-24 17:10:00,3,17,2,0,9,38,1,70
2024-03-24 17:20:00,7,17,0,0,14,48,0,86
2024-03-24 17:30:00,6,18,0,0,17,45,0,86
2024-03-24 17:40:00,19,24,1,0,12,44,1,101
2024-03-24 17:50:00,7,21,0,0,9,32,0,69
2024-03-24 18:00:00,9,13,4,0,11,38,0,75
2024-03-24 18:10:00,7,22,1,0,17,40,1,88
2024-03-24 18:20:00,5,16,0,0,20,52,0,93
2024-03-24 18:30:00,5,15,2,0,11,38,0,71
2024-03-24 18:40:00,7,15,1,0,7,41,1,72
2024-03-24 18:50:00,4,16,0,0,16,32,0,68
2024-03-24 19:00:00,1,6,0,0,8,37,0,52
2024-03-24 19:10:00,2,10,1,0,6,38,1,58
2024-03-24 19:20:00,3,3,1,0,7,31,0,45
2024-03-24 19:30:00,2,8,1,0,12,37,0,60
2024-03-24 19:40:00,7,11,1,0,14,24,1,58
2024-03-24 19:50:00,4,13,0,0,8,38,0,63
2024-03-24 20:00:00,3,10,0,0,10,29,0,52
2024-03-24 20:10:00,5,12,1,0,8,23,1,50
2024-03-24 20:20:00,3,13,0,0,4,21,0,41
2024-03-24 20:30:00,4,10,2,0,13,28,0,57
2024-03-24 20:40:00,7,11,0,0,9,22,0,49
2024-03-24 20:50:00,5,11,0,0,9,30,0,55
2024-03-24 21:00:00,0,8,2,0,5,28,0,43
2024-03-24 21:10:00,2,6,1,0,5,28,0,42
2024-03-24 21:20:00,3,6,2,0,10,26,0,47
2024-03-24 21:30:00,4,9,1,0,8,25,0,47
2024-03-24 21:40:00,0,11,3,0,6,24,0,44
2024-03-24 21:50:00,3,7,0,0,7,24,0,41
2024-03-24 22:00:00,1,10,1,0,4,27,0,43
2024-03-24 22:10:00,1,9,1,0,6,22,1,40
2024-03-24 22:20:00,1,6,1,0,5,14,0,27
2024-03-24 22:30:00,2,5,1,0,1,9,0,18
2024-03-24 22:40:00,2,12,1,0,8,23,0,46
2024-03-24 22:50:00,0,4,1,0,6,21,0,32
2024-03-24 23:00:00,1,5,0,0,3,12,0,21
2024-03-24 23:10:00,0,0,1,0,1,15,0,17
2024-03-24 23:20:00,2,5,0,0,1,9,0,17
2024-03-24 23:30:00,0,0,0,0,1,7,0,8
2024-03-24 23:40:00,0,1,1,0,4,12,0,18
2024-03-24 23:50:00,1,6,1,0,4,9,0,21
2024-03-25 00:00:00,3,3,0,0,2,8,0,16
2024-03-25 00:10:00,1,6,0,0,2,5,1,15
2024-03-25 00:20:00,0,3,0,0,1,3,0,7
2024-03-25 00:30:00,0,0,1,0,0,5,0,6
2024-03-25 00:40:00,1,5,0,0,3,7,0,16
2024-03-25 00:50:00,0,4,0,0,0,4,0,8
2024-03-25 01:00:00,1,0,0,0,1,3,0,5
2024-03-25 01:10:00,1,0,0,0,1,5,0,7
2024-03-25 01:20:00,0,0,0,0,0,1,0,1
2024-03-25 01:30:00,1,1,0,0,2,4,0,8
2024-03-25 01:40:00,0,2,0,0,0,3,0,5
2024-03-25 01:50:00,0,0,0,0,1,5,0,6
2024-03-25 02:00:00,0,1,0,0,1,4,0,6
2024-03-25 02:10:00,0,0,0,0,0,2,0,2
2024-03-25 02:20:00,0,0,0,0,0,2,0,2
2024-03-25 02:30:00,0,0,0,0,1,1,0,2
2024-03-25 02:40:00,0,0,0,0,0,2,0,2
2024-03-25 02:50:00,0,0,0,0,2,5,0,7
2024-03-25 03:00:00,0,0,1,0,0,1,0,2
2024-03-25 03:10:00,0,0,0,0,0,1,0,1
2024-03-25 03:20:00,0,0,0,0,0,1,0,1
2024-03-25 03:30:00,0,0,0,0,0,2,0,2
2024-03-25 03:40:00,0,2,0,0,1,3,0,6
2024-03-25 03:50:00,0,0,0,0,0,2,0,2
2024-03-25 04:00:00,0,0,0,0,1,4,0,5
2024-03-25 04:10:00,0,1,1,0,2,4,0,8
2024-03-25 04:20:00,0,0,0,0,0,1,0,1
2024-03-25 04:30:00,1,0,0,0,1,4,0,6
2024-03-25 04:40:00,0,1,3,0,0,3,0,7
2024-03-25 04:50:00,2,1,0,0,0,2,0,5
2024-03-25 05:00:00,0,0,1,0,3,6,0,10
2024-03-25 05:10:00,2,4,1,0,0,5,0,12
2024-03-25 05:20:00,0,1,0,0,3,3,0,7
2024-03-25 05:30:00,1,7,0,0,7,14,1,30
2024-03-25 05:40:00,4,4,2,0,4,18,1,33
2024-03-25 05:50:00,1,5,0,0,4,11,0,21
2024-03-25 06:00:00,1,6,0,0,4,23,1,35
2024-03-25 06:10:00,3,6,2,0,3,18,2,34
2024-03-25 06:20:00,3,5,1,0,7,21,0,37
2024-03-25 06:30:00,3,10,0,0,8,21,1,43
2024-03-25 06:40:00,4,8,2,1,4,27,2,48
2024-03-25 06:50:00,5,10,0,0,15,44,1,75
2024-03-25 07:00:00,2,11,1,0,7,37,0,58
2024-03-25 07:10:00,9,13,2,0,14,43,2,83
2024-03-25 07:20:00,9,14,2,0,19,49,0,93
2024-03-25 07:30:00,4,17,1,0,13,59,2,96
2024-03-25 07:40:00,7,18,0,0,39,83,3,150
2024-03-25 07:50:00,9,16,2,0,20,38,1,86
2024-03-25 08:00:00,4,20,1,0,25,57,2,109
2024-03-25 08:10:00,13,20,2,0,26,54,2,117
2024-03-25 08:20:00,10,25,3,0,24,65,0,127
2024-03-25 08:30:00,7,20,4,0,25,49,1,106
2024-03-25 08:40:00,14,28,2,0,28,63,2,137
2024-03-25 08:50:00,5,26,0,0,20,55,0,106
2024-03-25 09:00:00,14,22,1,0,16,65,2,120
2024-03-25 09:10:00,10,26,8,0,19,69,1,133
2024-03-25 09:20:00,14,23,7,0,23,57,2,126
2024-03-25 09:30:00,11,25,5,1,21,53,1,117
2024-03-25 09:40:00,21,26,2,0,17,57,1,124
2024-03-25 09:50:00,14,26,6,0,24,61,1,132
2024-03-25 10:00:00,7,24,7,0,21,69,0,128
2024-03-25 10:10:00,15,38,8,0,27,64,0,152
2024-03-25 10:20:00,12,27,8,0,24,76,0,147
2024-03-25 10:30:00,14,37,4,0,20,64,1,140
2024-03-25 10:40:00,17,28,6,0,24,72,0,147
2024-03-25 10:50:00,14,30,5,0,24,77,1,151
2024-03-25 11:00:00,13,35,6,0,17,67,1,139
2024-03-25 11:10:00,21,37,11,0,13,55,1,138
2024-03-25 11:20:00,13,27,4,0,19,73,0,136
2024-03-25 11:30:00,17,38,18,0,18,59,1,151
2024-03-25 11:40:00,14,29,16,0,20,54,0,133
2024-03-25 11:50:00,13,36,12,0,28,65,0,154
2024-03-25 12:00:00,9,27,21,0,26,61,0,144
2024-03-25 12:10:00,17,32,8,0,18,66,0,141
2024-03-25 12:20:00,13,24,12,0,21,60,0,130
2024-03-25 12:30:00,14,35,18,0,18,58,1,144
2024-03-25 12:40:00,17,28,9,0,16,61,1,132
2024-03-25 12:50:00,11,27,11,0,21,58,0,128
2024-03-25 13:00:00,9,20,7,0,13,55,1,105
2024-03-25 13:10:00,8,30,13,0,25,68,1,145
2024-03-25 13:20:00,8,28,8,0,26,81,0,151
2024-03-25 13:30:00,10,28,13,0,22,61,1,135
2024-03-25 13:40:00,15,30,8,0,26,73,1,153
2024-03-25 13:50:00,10,27,15,0,21,72,0,145
2024-03-25 14:00:00,6,17,18,0,17,55,1,114
2024-03-25 14:10:00,18,28,22,0,17,64,0,149
2024-03-25 14:20:00,9,24,6,0,18,57,0,114
2024-03-25 14:30:00,15,33,7,0,20,74,1,150
2024-03-25 14:40:00,13,31,16,0,34,101,0,195
2024-03-25 14:50:00,14,33,8,0,20,73,1,149
2024-03-25 15:00:00,9,29,17,0,26,89,1,171
2024-03-25 15:10:00,14,29,11,0,24,82,1,161
2024-03-25 15:20:00,15,34,13,0,27,106,0,195
2024-03-25 15:30:00,8,29,9,0,16,77,1,140
2024-03-25 15:40:00,13,23,6,0,32,102,0,176
2024-03-25 15:50:00,19,33,14,0,17,97,0,180
2024-03-25 16:00:00,14,30,15,0,34,98,1,192
2024-03-25 16:10:00,9,24,12,0,23,94,0,162
2024-03-25 16:20:00,20,30,16,1,17,83,0,167
2024-03-25 16:30:00,16,35,8,0,25,90,0,174
2024-03-25 16:40:00,10,23,10,0,23,106,0,172
2024-03-25 16:50:00,18,25,10,0,27,89,1,170
2024-03-25 17:00:00,8,40,12,0,25,92,1,178
2024-03-25 17:10:00,19,27,19,0,16,79,0,160
2024-03-25 17:20:00,10,32,15,0,22,88,0,167
2024-03-25 17:30:00,8,26,11,0,24,79,1,149
2024-03-25 17:40:00,15,32,11,0,26,89,2,175
2024-03-25 17:50:00,12,24,13,0,26,73,0,148
2024-03-25 18:00:00,19,33,9,0,18,84,1,164
2024-03-25 18:10:00,10,27,13,0,21,70,1,142
2024-03-25 18:20:00,15,23,15,0,26,69,0,148
2024-03-25 18:30:00,10,21,11,0,14,68,1,125
2024-03-25 18:40:00,11,18,14,0,25,54,1,123
2024-03-25 18:50:00,7,28,5,0,20,61,1,122
2024-03-25 19:00:00,7,21,10,0,15,63,0,116
2024-03-25 19:10:00,7,17,7,0,10,53,0,94
2024-03-25 19:20:00,10,17,9,0,21,53,0,110
2024-03-25 19:30:00,6,17,6,0,8,41,1,79
2024-03-25 19:40:00,6,16,4,0,11,32,1,70
2024-03-25 19:50:00,5,12,1,0,12,35,0,65
2024-03-25 20:00:00,3,11,6,0,13,34,0,67
2024-03-25 20:10:00,4,16,5,0,4,26,1,56
2024-03-25 20:20:00,5,17,2,0,9,28,0,61
2024-03-25 20:30:00,6,13,8,0,11,30,0,68
2024-03-25 20:40:00,5,18,1,0,2,18,0,44
2024-03-25 20:50:00,0,4,0,0,9,20,0,33
2024-03-25 21:00:00,2,13,2,0,3,28,1,49
2024-03-25 21:10:00,7,14,2,0,8,21,0,52
2024-03-25 21:20:00,1,12,1,0,8,27,0,49
2024-03-25 21:30:00,3,8,2,0,8,21,0,42
2024-03-25 21:40:00,4,13,1,0,5,20,0,43
2024-03-25 21:50:00,1,17,3,0,6,20,0,47
2024-03-25 22:00:00,2,5,1,0,7,26,0,41
2024-03-25 22:10:00,2,11,3,0,8,22,0,46
2024-03-25 22:20:00,1,9,1,0,13,24,0,48
2024-03-25 22:30:00,0,3,0,0,6,18,0,27
2024-03-25 22:40:00,8,9,1,0,2,8,1,29
2024-03-25 22:50:00,3,4,0,0,8,20,0,35
2024-03-25 23:00:00,2,9,0,0,1,9,0,21
2024-03-25 23:10:00,4,6,4,0,3,9,0,26
2024-03-25 23:20:00,0,3,1,0,0,7,0,11
2024-03-25 23:30:00,0,3,0,0,3,14,0,20
2024-03-25 23:40:00,1,3,1,0,1,10,1,17
2024-03-25 23:50:00,0,3,0,0,3,16,0,22
2024-03-26 00:00:00,0,4,0,0,1,9,0,14
2024-03-26 00:10:00,2,7,1,0,1,8,1,20
2024-03-26 00:20:00,3,2,0,0,2,5,0,12
2024-03-26 00:30:00,1,2,0,1,2,7,0,13
2024-03-26 00:40:00,3,3,0,0,1,5,0,12
2024-03-26 00:50:00,1,2,1,0,2,4,0,10
2024-03-26 01:00:00,2,3,0,0,0,2,0,7
2024-03-26 01:10:00,0,1,0,0,1,3,0,5
2024-03-26 01:20:00,0,2,0,0,0,3,0,5
2024-03-26 01:30:00,1,1,0,0,1,5,0,8
2024-03-26 01:40:00,0,3,0,0,1,3,0,7
2024-03-26 01:50:00,0,1,0,0,1,6,0,8
2024-03-26 02:00:00,0,1,1,0,0,2,0,4
2024-03-26 02:10:00,0,0,0,0,1,2,0,3
2024-03-26 02:20:00,1,2,0,0,0,2,0,5
2024-03-26 02:30:00,0,0,0,0,0,1,0,1
2024-03-26 02:40:00,0,0,0,0,1,4,0,5
2024-03-26 02:50:00,0,1,0,0,2,3,0,6
2024-03-26 03:00:00,0,0,0,0,1,2,0,3
2024-03-26 03:10:00,0,0,0,0,0,2,0,2
2024-03-26 03:20:00,0,0,0,0,0,2,0,2
2024-03-26 03:30:00,0,1,0,0,0,1,0,2
2024-03-26 03:40:00,0,0,0,0,0,2,0,2
2024-03-26 03:50:00,0,1,0,0,1,2,0,4
2024-03-26 04:00:00,0,2,0,0,0,1,0,3
2024-03-26 04:10:00,0,1,1,0,0,3,0,5
2024-03-26 04:20:00,0,0,0,0,0,27,0,27
2024-03-26 04:30:00,0,2,0,0,2,57,0,61
2024-03-26 04:40:00,3,3,0,0,24,152,0,182
2024-03-26 04:50:00,2,3,0,0,1,3,0,9
2024-03-26 05:00:00,0,0,0,0,2,3,0,5
2024-03-26 05:10:00,1,5,0,0,2,0,0,8
2024-03-26 05:20:00,0,3,0,0,0,4,1,8
2024-03-26 05:30:00,0,1,0,0,7,12,0,20
2024-03-26 05:40:00,0,3,0,0,6,17,1,27
2024-03-26 05:50:00,2,2,0,0,4,17,0,25
2024-03-26 06:00:00,3,6,3,0,3,16,0,31
2024-03-26 06:10:00,4,5,1,0,8,23,1,42
2024-03-26 06:20:00,4,6,1,0,7,19,0,37
2024-03-26 06:30:00,2,6,0,0,10,35,1,54
2024-03-26 06:40:00,4,7,1,0,8,31,3,54
2024-03-26 06:50:00,3,9,0,0,13,41,1,67
2024-03-26 07:00:00,3,13,1,0,7,33,2,59
2024-03-26 07:10:00,4,14,4,0,13,32,1,68
2024-03-26 07:20:00,5,8,2,0,20,49,0,84
2024-03-26 07:30:00,6,15,4,0,29,74,3,131
2024-03-26 07:40:00,4,24,3,0,17,68,1,117
2024-03-26 07:50:00,11,23,0,1,22,62,0,119
2024-03-26 08:00:00,5,19,1,0,27,54,3,109
2024-03-26 08:10:00,10,26,2,0,19,64,2,123
2024-03-26 08:20:00,11,26,0,0,20,57,0,114
2024-03-26 08:30:00,5,22,3,0,22,59,1,112
2024-03-26 08:40:00,11,26,4,0,22,59,2,124
2024-03-26 08:50:00,20,37,2,0,25,63,0,147
2024-03-26 09:00:00,10,25,4,0,27,84,1,151
2024-03-26 09:10:00,14,25,3,0,13,60,4,119
2024-03-26 09:20:00,15,29,6,0,23,58,0,131
2024-03-26 09:30:00,9,19,2,0,26,64,1,121
2024-03-26 09:40:00,11,28,5,0,28,77,1,150
2024-03-26 09:50:00,11,38,6,0,28,84,1,168
2024-03-26 10:00:00,9,21,8,0,23,80,1,142
2024-03-26 10:10:00,11,35,8,0,27,64,1,146
2024-03-26 10:20:00,10,20,11,0,24,58,0,123
2024-03-26 10:30:00,1,25,8,0,31,79,1,145
2024-03-26 10:40:00,21,43,13,0,28,82,1,188
2024-03-26 10:50:00,13,34,7,0,28,63,0,145
2024-03-26 11:00:00,19,30,5,0,31,66,1,152
2024-03-26 11:10:00,16,32,8,0,18,58,2,134
2024-03-26 11:20:00,17,30,16,0,25,57,0,145
2024-03-26 11:30:00,11,32,9,0,16,61,1,130
2024-03-26 11:40:00,15,22,10,1,22,62,1,133
2024-03-26 11:50:00,11,36,21,0,24,55,0,147
2024-03-26 12:00:00,15,29,14,0,22,67,1,148
2024-03-26 12:10:00,11,29,13,0,16,53,1,123
2024-03-26 12:20:00,12,28,12,0,14,52,0,118
2024-03-26 12:30:00,7,29,14,0,14,57,1,122
2024-03-26 12:40:00,20,22,20,0,16,42,1,121
2024-03-26 12:50:00,16,34,15,0,15,54,0,134
2024-03-26 13:00:00,15,22,11,0,24,46,1,119
2024-03-26 13:10:00,9,21,13,0,24,61,2,130
2024-03-26 13:20:00,10,22,9,0,22,60,0,123
2024-03-26 13:30:00,8,25,10,0,24,83,1,151
2024-03-26 13:40:00,8,27,11,0,26,63,1,136
2024-03-26 13:50:00,10,26,14,0,24,61,0,135
2024-03-26 14:00:00,10,29,11,0,22,65,1,138
2024-03-26 14:10:00,13,34,8,0,24,82,1,162
2024-03-26 14:20:00,14,34,7,0,25,76,0,156
2024-03-26 14:30:00,13,34,10,0,22,67,1,147
2024-03-26 14:40:00,15,32,9,0,32,72,0,160
2024-03-26 14:50:00,14,37,15,0,29,89,0,184
2024-03-26 15:00:00,21,44,19,0,22,68,1,175
2024-03-26 15:10:00,12,24,20,0,16,80,2,154
2024-03-26 15:20:00,5,13,12,0,27,91,0,148
2024-03-26 15:30:00,11,35,12,0,17,73,1,149
2024-03-26 15:40:00,16,40,13,0,27,96,1,193
2024-03-26 15:50:00,9,19,12,1,22,80,0,143
2024-03-26 16:00:00,15,37,12,0,20,84,1,169
2024-03-26 16:10:00,15,31,13,0,30,101,1,191
2024-03-26 16:20:00,13,33,15,0,27,100,0,188
2024-03-26 16:30:00,16,40,18,0,25,88,1,188
2024-03-26 16:40:00,14,32,5,0,20,89,0,160
2024-03-26 16:50:00,11,32,15,0,30,86,1,175
2024-03-26 17:00:00,17,33,23,0,20,80,0,173
2024-03-26 17:10:00,10,31,11,0,29,100,1,182
2024-03-26 17:20:00,17,38,17,0,23,81,0,176
2024-03-26 17:30:00,18,42,17,0,32,87,1,197
2024-03-26 17:40:00,14,28,9,0,29,101,1,182
2024-03-26 17:50:00,9,38,6,0,27,82,1,163
2024-03-26 18:00:00,16,35,13,0,19,87,1,171
2024-03-26 18:10:00,18,33,18,0,23,80,1,173
2024-03-26 18:20:00,10,29,17,0,17,72,0,145
2024-03-26 18:30:00,13,29,12,0,26,72,1,153
2024-03-26 18:40:00,13,21,9,0,26,68,1,138
2024-03-26 18:50:00,12,25,17,0,24,61,1,140
2024-03-26 19:00:00,8,31,12,0,16,63,0,130
2024-03-26 19:10:00,11,18,5,0,11,79,2,126
2024-03-26 19:20:00,9,18,5,0,13,38,0,83
2024-03-26 19:30:00,7,15,5,0,12,48,1,88
2024-03-26 19:40:00,13,26,6,0,9,42,1,97
2024-03-26 19:50:00,8,17,3,0,14,55,0,97
2024-03-26 20:00:00,2,13,8,0,9,33,0,65
2024-03-26 20:10:00,4,14,6,0,16,46,1,87
2024-03-26 20:20:00,9,15,8,0,12,34,0,78
2024-03-26 20:30:00,7,12,3,0,7,21,0,50
2024-03-26 20:40:00,2,12,1,0,8,25,0,48
2024-03-26 20:50:00,1,8,0,0,13,28,0,50
2024-03-26 21:00:00,5,16,3,0,5,24,1,54
2024-03-26 21:10:00,3,14,2,0,5,21,1,46
2024-03-26 21:20:00,5,9,3,0,4,25,0,46
2024-03-26 21:30:00,3,5,4,0,9,22,0,43
2024-03-26 21:40:00,7,12,0,0,7,22,0,48
2024-03-26 21:50:00,3,10,1,0,8,33,0,55
2024-03-26 22:00:00,3,7,2,0,5,26,0,43
2024-03-26 22:10:00,1,9,0,0,6,18,1,35
2024-03-26 22:20:00,4,8,2,0,13,23,0,50
2024-03-26 22:30:00,5,6,4,0,4,17,0,36
2024-03-26 22:40:00,2,6,0,0,8,20,1,37
2024-03-26 22:50:00,2,7,2,0,4,14,0,29
2024-03-26 23:00:00,2,5,1,0,9,32,0,49
2024-03-26 23:10:00,5,9,4,0,7,14,0,39
2024-03-26 23:20:00,3,6,5,0,7,14,0,35
2024-03-26 23:30:00,1,2,10,0,1,10,0,24
2024-03-26 23:40:00,2,3,4,0,4,9,1,23
2024-03-26 23:50:00,0,4,1,0,1,8,0,14
2024-03-27 00:00:00,0,4,5,0,6,14,0,29
2024-03-27 00:10:00,1,0,2,0,1,9,0,13
2024-03-27 00:20:00,1,2,2,0,3,7,0,15
2024-03-27 00:30:00,3,3,1,0,1,3,0,11
2024-03-27 00:40:00,2,4,0,0,1,3,0,10
2024-03-27 00:50:00,1,1,0,0,1,4,0,7
2024-03-27 01:00:00,0,2,0,0,2,5,0,9
2024-03-27 01:10:00,2,3,0,0,3,7,0,15
2024-03-27 01:20:00,2,2,0,0,2,6,0,12
2024-03-27 01:30:00,0,0,0,0,2,5,0,7
2024-03-27 01:40:00,0,1,0,0,1,5,0,7
2024-03-27 01:50:00,0,0,0,0,0,1,0,1
2024-03-27 02:00:00,2,1,0,0,1,2,0,6
2024-03-27 02:10:00,1,2,0,0,1,4,0,8
2024-03-27 02:20:00,1,0,0,0,1,3,0,5
2024-03-27 02:30:00,0,1,1,0,2,3,0,7
2024-03-27 02:40:00,0,0,1,0,0,1,0,2
2024-03-27 02:50:00,0,0,0,0,0,1,0,1
2024-03-27 03:00:00,0,1,0,0,0,2,0,3
2024-03-27 03:10:00,0,0,0,0,0,0,0,0
2024-03-27 03:20:00,0,1,1,0,1,1,0,4
2024-03-27 03:30:00,0,0,0,0,0,0,0,0
2024-03-27 03:40:00,0,1,0,0,0,2,0,3
2024-03-27 03:50:00,0,1,0,0,0,2,0,3
2024-03-27 04:00:00,0,0,0,0,0,2,0,2
2024-03-27 04:10:00,0,0,0,0,0,2,0,2
2024-03-27 04:20:00,0,0,0,0,0,2,0,2
2024-03-27 04:30:00,2,2,0,0,0,1,0,5
2024-03-27 04:40:00,1,2,0,0,0,2,0,5
2024-03-27 04:50:00,0,2,0,0,0,3,0,5
2024-03-27 05:00:00,1,2,0,0,2,3,0,8
2024-03-27 05:10:00,1,3,0,0,3,3,0,10
2024-03-27 05:20:00,1,5,0,0,0,7,0,13
2024-03-27 05:30:00,1,6,1,0,6,9,1,24
2024-03-27 05:40:00,0,5,0,0,4,15,1,25
2024-03-27 05:50:00,6,1,0,0,4,22,0,33
2024-03-27 06:00:00,5,12,1,0,3,19,1,41
2024-03-27 06:10:00,3,4,0,0,6,17,2,32
2024-03-27 06:20:00,5,5,0,0,3,23,0,36
2024-03-27 06:30:00,3,12,0,0,6,32,1,54
2024-03-27 06:40:00,6,7,0,0,13,49,4,79
2024-03-27 06:50:00,5,10,2,0,14,47,0,78
2024-03-27 07:00:00,4,16,1,0,20,34,1,76
2024-03-27 07:10:00,6,14,1,0,6,40,2,69
2024-03-27 07:20:00,0,0,0,0,0,0,0,0
2024-03-27 07:30:00,0,0,0,0,0,0,0,0
2024-03-27 07:40:00,0,0,0,0,0,0,0,0
2024-03-27 07:50:00,7,17,3,1,25,45,0,98
2024-03-27 08:00:00,8,15,0,0,18,43,1,85
2024-03-27 08:10:00,5,18,4,0,20,39,2,88
2024-03-27 08:20:00,5,22,1,0,27,59,0,114
2024-03-27 08:30:00,6,19,4,0,32,55,1,117
2024-03-27 08:40:00,18,27,3,0,27,60,2,137
2024-03-27 08:50:00,12,22,4,0,30,52,0,120
2024-03-27 09:00:00,11,22,3,0,24,45,1,106
2024-03-27 09:10:00,8,19,3,1,18,46,4,99
2024-03-27 09:20:00,13,23,1,0,19,65,0,121
2024-03-27 09:30:00,12,31,5,0,25,62,1,136
2024-03-27 09:40:00,14,31,5,0,24,66,2,142
2024-03-27 09:50:00,18,32,7,0,27,59,0,143
2024-03-27 10:00:00,11,24,6,0,21,59,1,122
2024-03-27 10:10:00,16,30,7,0,24,59,0,136
2024-03-27 10:20:00,17,20,4,0,18,61,0,120
2024-03-27 10:30:00,7,20,7,1,17,60,1,113
2024-03-27 10:40:00,12,23,4,0,30,73,0,142
2024-03-27 10:50:00,14,38,8,0,29,70,1,160
2024-03-27 11:00:00,13,26,10,0,28,60,1,138
2024-03-27 11:10:00,13,19,4,0,31,60,2,129
2024-03-27 11:20:00,18,31,9,0,26,60,0,144
2024-03-27 11:30:00,15,33,9,0,18,113,1,189
2024-03-27 11:40:00,16,22,6,0,18,74,1,137
2024-03-27 11:50:00,14,34,11,0,24,73,0,156
2024-03-27 12:00:00,10,24,11,0,24,58,1,128
2024-03-27 12:10:00,12,27,13,0,29,82,0,163
2024-03-27 12:20:00,12,35,17,0,24,66,0,154
2024-03-27 12:30:00,6,18,19,0,23,62,1,129
2024-03-27 12:40:00,20,23,15,0,19,66,1,144
2024-03-27 12:50:00,9,29,12,0,17,59,0,126
2024-03-27 13:00:00,9,20,15,0,23,73,1,141
2024-03-27 13:10:00,12,24,14,0,23,78,1,152
2024-03-27 13:20:00,10,22,13,0,29,76,1,151
2024-03-27 13:30:00,12,18,17,0,26,65,1,139
2024-03-27 13:40:00,14,20,8,0,29,69,1,141
2024-03-27 13:50:00,13,28,15,0,19,58,0,133
2024-03-27 14:00:00,8,31,15,0,31,79,1,165
2024-03-27 14:10:00,17,21,6,0,26,71,0,141
2024-03-27 14:20:00,8,29,5,0,24,73,0,139
2024-03-27 14:30:00,10,26,10,0,22,74,1,143
2024-03-27 14:40:00,8,25,15,0,15,62,1,126
2024-03-27 14:50:00,10,25,13,0,29,77,0,154
2024-03-27 15:00:00,12,28,12,0,24,89,1,166
2024-03-27 15:10:00,13,30,17,0,21,86,2,169
2024-03-27 15:20:00,12,29,16,0,12,76,0,145
2024-03-27 15:30:00,6,26,18,0,21,77,1,149
2024-03-27 15:40:00,11,31,6,0,26,94,0,168
2024-03-27 15:50:00,12,31,9,0,14,76,1,143
2024-03-27 16:00:00,12,26,21,0,25,90,1,175
2024-03-27 16:10:00,18,34,18,0,11,78,0,159
2024-03-27 16:20:00,11,33,13,0,28,151,0,236
2024-03-27 16:30:00,17,35,14,0,22,93,1,182
2024-03-27 16:40:00,16,31,8,0,16,87,1,159
2024-03-27 16:50:00,9,30,12,0,22,108,2,183
2024-03-27 17:00:00,14,34,13,0,21,92,0,174
2024-03-27 17:10:00,8,31,17,0,29,96,1,182
2024-03-27 17:20:00,9,29,13,0,34,112,0,197
2024-03-27 17:30:00,9,26,7,0,24,95,1,162
2024-03-27 17:40:00,17,24,12,0,25,94,1,173
2024-03-27 17:50:00,7,33,13,0,25,102,1,181
2024-03-27 18:00:00,11,29,16,0,23,79,1,159
2024-03-27 18:10:00,14,28,12,0,21,97,1,173
2024-03-27 18:20:00,7,18,14,0,19,68,0,126
2024-03-27 18:30:00,17,25,9,0,17,68,1,137
2024-03-27 18:40:00,10,20,8,0,24,75,1,138
2024-03-27 18:50:00,8,26,5,0,16,59,1,115
2024-03-27 19:00:00,11,17,13,0,9,46,0,96
2024-03-27 19:10:00,9,21,7,0,14,37,1,89
2024-03-27 19:20:00,7,23,9,0,21,44,0,104
2024-03-27 19:30:00,7,23,7,0,18,38,1,94
2024-03-27 19:40:00,6,14,5,0,19,50,1,95
2024-03-27 19:50:00,8,15,8,0,20,45,0,96
2024-03-27 20:00:00,7,15,10,0,12,35,0,79
2024-03-27 20:10:00,9,15,5,0,13,40,1,83
2024-03-27 20:20:00,4,7,3,0,9,38,0,61
2024-03-27 20:30:00,11,14,4,0,6,23,0,58
2024-03-27 20:40:00,9,13,2,0,10,31,0,65
2024-03-27 20:50:00,3,8,1,0,11,29,0,52
2024-03-27 21:00:00,5,9,1,0,13,22,0,50
2024-03-27 21:10:00,5,16,5,0,8,30,0,64
2024-03-27 21:20:00,2,8,6,0,6,33,0,55
2024-03-27 21:30:00,2,8,4,0,6,26,0,46
2024-03-27 21:40:00,3,11,0,0,9,32,0,55
2024-03-27 21:50:00,2,9,1,0,8,34,0,54
2024-03-27 22:00:00,1,6,0,0,5,32,0,44
2024-03-27 22:10:00,3,15,4,0,9,23,0,54
2024-03-27 22:20:00,3,7,3,0,3,26,0,42
2024-03-27 22:30:00,2,4,0,0,8,20,0,34
2024-03-27 22:40:00,6,6,3,0,4,19,1,39
2024-03-27 22:50:00,1,1,2,0,5,18,0,27
2024-03-27 23:00:00,2,8,1,0,7,20,0,38
2024-03-27 23:10:00,3,6,1,0,7,18,0,35
2024-03-27 23:20:00,3,5,0,0,3,11,0,22
2024-03-27 23:30:00,4,5,1,0,2,6,0,18
2024-03-27 23:40:00,2,4,0,0,4,14,0,24
2024-03-27 23:50:00,0,1,1,0,6,13,0,21
2024-03-28 00:00:00,1,3,0,0,1,7,0,12
2024-03-28 00:10:00,7,7,1,0,2,11,1,29
2024-03-28 00:20:00,1,1,0,0,2,9,0,13
2024-03-28 00:30:00,2,3,0,0,2,8,0,15
2024-03-28 00:40:00,1,2,0,0,2,6,0,11
2024-03-28 00:50:00,0,1,0,0,0,4,0,5
2024-03-28 01:00:00,0,0,0,0,1,7,0,8
2024-03-28 01:10:00,1,2,0,0,0,1,0,4
2024-03-28 01:20:00,1,0,1,0,2,5,0,9
2024-03-28 01:30:00,1,1,0,0,1,6,0,9
2024-03-28 01:40:00,1,1,0,0,0,4,0,6
2024-03-28 01:50:00,0,1,0,0,1,1,0,3
2024-03-28 02:00:00,0,1,0,0,0,0,0,1
2024-03-28 02:10:00,0,1,0,0,0,5,0,6
2024-03-28 02:20:00,0,0,0,0,0,0,0,0
2024-03-28 02:30:00,0,1,0,0,0,1,0,2
2024-03-28 02:40:00,0,0,0,0,0,1,0,1
2024-03-28 02:50:00,0,0,0,0,1,3,0,4
2024-03-28 03:00:00,0,1,1,0,1,2,0,5
2024-03-28 03:10:00,0,0,0,0,0,1,0,1
2024-03-28 03:20:00,0,0,0,0,0,2,0,2
2024-03-28 03:30:00,0,0,0,0,0,1,0,1
2024-03-28 03:40:00,0,1,1,0,2,6,0,10
2024-03-28 03:50:00,0,0,0,0,1,0,0,1
2024-03-28 04:00:00,0,0,0,0,0,1,0,1
2024-03-28 04:10:00,0,0,0,0,1,4,0,5
2024-03-28 04:20:00,0,1,0,0,0,3,0,4
2024-03-28 04:30:00,1,1,0,0,0,1,0,3
2024-03-28 04:40:00,1,1,0,0,0,1,0,3
2024-03-28 04:50:00,2,1,0,0,0,1,0,4
2024-03-28 05:00:00,1,1,0,0,2,3,0,7
2024-03-28 05:10:00,0,2,0,0,1,3,0,6
2024-03-28 05:20:00,1,4,0,0,3,6,0,14
2024-03-28 05:30:00,1,5,0,0,2,6,1,15
2024-03-28 05:40:00,0,4,0,0,7,28,1,40
2024-03-28 05:50:00,4,5,1,0,3,21,0,34
2024-03-28 06:00:00,3,1,1,0,3,20,1,29
2024-03-28 06:10:00,0,7,1,0,2,19,2,31
2024-03-28 06:20:00,2,7,0,0,8,31,0,48
2024-03-28 06:30:00,1,7,1,0,6,20,1,36
2024-03-28 06:40:00,8,12,1,0,8,32,1,62
2024-03-28 06:50:00,6,4,4,0,7,23,1,45
2024-03-28 07:00:00,2,13,2,0,12,27,0,56
2024-03-28 07:10:00,6,19,0,0,12,32,2,71
2024-03-28 07:20:00,8,10,2,0,15,43,0,78
2024-03-28 07:30:00,6,14,2,0,19,45,2,88
2024-03-28 07:40:00,10,26,2,0,26,61,2,127
2024-03-28 07:50:00,5,25,0,0,30,52,0,112
2024-03-28 08:00:00,7,25,1,0,19,48,1,101
2024-03-28 08:10:00,4,22,3,0,18,49,3,99
2024-03-28 08:20:00,13,17,5,0,21,48,1,105
2024-03-28 08:30:00,5,22,6,0,18,67,1,119
2024-03-28 08:40:00,15,25,5,0,27,78,2,152
2024-03-28 08:50:00,15,28,4,0,23,60,0,130
2024-03-28 09:00:00,10,25,7,0,28,59,1,130
2024-03-28 09:10:00,19,39,4,0,17,55,2,136
2024-03-28 09:20:00,6,24,5,1,22,36,0,94
2024-03-28 09:30:00,13,28,6,0,33,86,1,167
2024-03-28 09:40:00,12,26,7,0,26,73,0,144
2024-03-28 09:50:00,20,39,5,0,34,76,1,175
2024-03-28 10:00:00,13,33,6,0,21,68,1,142
2024-03-28 10:10:00,11,22,9,0,26,72,2,142
2024-03-28 10:20:00,19,33,4,0,37,65,0,158
2024-03-28 10:30:00,11,39,6,0,22,66,1,145
2024-03-28 10:40:00,16,30,8,0,27,59,0,140
2024-03-28 10:50:00,18,44,9,0,36,95,1,203
2024-03-28 11:00:00,14,33,4,0,29,80,0,160
2024-03-28 11:10:00,15,44,15,0,23,71,1,169
2024-03-28 11:20:00,13,37,7,0,30,81,0,168
2024-03-28 11:30:00,13,34,19,0,31,63,1,161
2024-03-28 11:40:00,15,33,12,0,27,84,1,172
2024-03-28 11:50:00,14,34,13,0,21,64,0,146
2024-03-28 12:00:00,20,35,15,0,25,58,1,154
2024-03-28 12:10:00,12,42,15,0,25,67,2,163
2024-03-28 12:20:00,12,32,15,0,25,62,0,146
2024-03-28 12:30:00,12,30,11,0,63,90,1,207
2024-03-28 12:40:00,22,36,13,0,3,8,0,82
2024-03-28 12:50:00,12,30,18,0,26,77,1,164
2024-03-28 13:00:00,14,24,12,0,26,77,1,154
2024-03-28 13:10:00,7,32,10,0,35,84,1,169
2024-03-28 13:20:00,11,30,16,0,30,85,0,172
2024-03-28 13:30:00,9,30,5,0,26,79,1,150
2024-03-28 13:40:00,11,25,9,0,24,78,0,147
2024-03-28 13:50:00,20,50,14,0,26,61,1,172
2024-03-28 14:00:00,9,35,15,0,21,74,1,155
2024-03-28 14:10:00,10,33,18,0,22,78,2,163
2024-03-28 14:20:00,9,21,12,1,26,70,0,139
2024-03-28 14:30:00,14,45,19,0,25,79,1,183
2024-03-28 14:40:00,22,28,17,0,26,70,1,164
2024-03-28 14:50:00,10,25,10,0,27,90,0,162
2024-03-28 15:00:00,19,30,9,0,30,96,1,185
2024-03-28 15:10:00,20,26,9,0,31,89,1,176
2024-03-28 15:20:00,15,34,14,0,19,67,0,149
2024-03-28 15:30:00,12,34,12,0,26,88,0,172
2024-03-28 15:40:00,26,40,11,0,74,174,0,325
2024-03-28 15:50:00,11,25,12,0,266,173,1,488
2024-03-28 16:00:00,14,36,9,0,328,92,0,479
2024-03-28 16:10:00,14,32,19,0,194,160,2,421
2024-03-28 16:20:00,11,29,11,0,196,240,0,487
2024-03-28 16:30:00,19,35,17,0,88,91,1,251
2024-03-28 16:40:00,18,26,13,0,51,88,0,196
2024-03-28 16:50:00,9,29,19,0,51,312,1,421
2024-03-28 17:00:00,17,27,11,0,24,194,1,274
2024-03-28 17:10:00,16,29,22,0,22,189,0,278
2024-03-28 17:20:00,14,36,9,0,26,199,0,284
2024-03-28 17:30:00,11,28,24,0,25,184,1,273
2024-03-28 17:40:00,9,25,9,1,33,162,2,241
2024-03-28 17:50:00,14,33,11,0,24,183,0,265
2024-03-28 18:00:00,15,28,14,0,30,152,1,240
2024-03-28 18:10:00,8,25,11,0,23,147,1,215
2024-03-28 18:20:00,10,29,13,0,23,112,1,188
2024-03-28 18:30:00,9,31,8,0,21,146,1,216
2024-03-28 18:40:00,13,27,10,0,27,112,0,189
2024-03-28 18:50:00,17,27,13,0,20,135,1,213
2024-03-28 19:00:00,10,19,6,0,16,87,1,139
2024-03-28 19:10:00,8,20,14,0,19,118,1,180
2024-03-28 19:20:00,4,13,6,0,14,129,0,166
2024-03-28 19:30:00,10,22,6,0,18,104,1,161
2024-03-28 19:40:00,6,14,5,0,15,128,1,169
2024-03-28 19:50:00,4,17,9,0,14,153,0,197
2024-03-28 20:00:00,6,13,8,0,18,184,0,229
2024-03-28 20:10:00,7,19,3,0,19,195,1,244
2024-03-28 20:20:00,5,14,5,0,14,206,0,244
2024-03-28 20:30:00,8,8,5,0,14,274,0,309
2024-03-28 20:40:00,5,20,3,0,15,229,0,272
2024-03-28 20:50:00,7,9,1,0,22,284,0,323
2024-03-28 21:00:00,4,17,3,0,14,266,0,304
2024-03-28 21:10:00,9,15,1,0,12,256,2,295
2024-03-28 21:20:00,0,14,0,0,15,279,0,308
2024-03-28 21:30:00,4,13,1,0,14,289,0,321
2024-03-28 21:40:00,4,19,1,1,52,372,0,449
2024-03-28 21:50:00,1,11,1,0,155,316,0,484
2024-03-28 22:00:00,4,15,1,0,183,354,0,557
2024-03-28 22:10:00,3,15,2,0,172,294,0,486
2024-03-28 22:20:00,5,10,0,0,204,320,0,539
2024-03-28 22:30:00,3,12,3,0,271,32,0,321
2024-03-28 22:40:00,2,5,1,0,276,160,0,444
2024-03-28 22:50:00,2,6,1,0,1,1,0,11
2024-03-28 23:00:00,1,9,0,0,222,78,0,310
2024-03-28 23:10:00,2,7,2,0,13,224,1,249
2024-03-28 23:20:00,2,7,0,0,6,68,0,83
2024-03-28 23:30:00,4,10,2,0,12,68,1,97
2024-03-28 23:40:00,1,4,2,0,7,45,0,59
2024-03-28 23:50:00,5,5,1,0,7,38,0,56
2024-03-29 00:00:00,3,3,0,1,7,27,0,41
2024-03-29 00:10:00,1,2,0,0,3,34,1,41
2024-03-29 00:20:00,2,4,0,0,13,45,0,64
2024-03-29 00:30:00,2,3,1,0,6,25,0,37
2024-03-29 00:40:00,0,4,0,0,4,24,0,32
2024-03-29 00:50:00,0,1,1,0,5,25,0,32
2024-03-29 01:00:00,1,4,1,0,8,42,0,56
2024-03-29 01:10:00,6,10,1,0,0,22,1,40
2024-03-29 01:20:00,2,1,2,0,1,21,0,27
2024-03-29 01:30:00,0,2,0,0,4,40,0,46
2024-03-29 01:40:00,3,3,0,0,3,36,0,45
2024-03-29 01:50:00,2,4,1,0,5,22,0,34
2024-03-29 02:00:00,2,3,1,0,5,33,0,44
2024-03-29 02:10:00,1,6,0,0,4,18,1,30
2024-03-29 02:20:00,0,2,1,0,3,21,0,27
2024-03-29 02:30:00,0,2,0,0,0,8,0,10
2024-03-29 02:40:00,1,2,0,0,0,9,0,12
2024-03-29 02:50:00,2,1,0,0,2,12,0,17
2024-03-29 03:00:00,0,0,0,0,0,7,0,7
2024-03-29 03:10:00,0,0,0,0,1,10,0,11
2024-03-29 03:20:00,2,0,2,0,1,15,0,20
2024-03-29 03:30:00,0,1,0,0,1,10,0,12
2024-03-29 03:40:00,0,0,0,0,2,14,0,16
2024-03-29 03:50:00,0,0,1,0,1,19,0,21
2024-03-29 04:00:00,1,0,0,0,0,6,0,7
2024-03-29 04:10:00,0,0,0,0,2,9,0,11
2024-03-29 04:20:00,1,1,0,0,2,15,0,19
2024-03-29 04:30:00,0,0,1,0,0,8,0,9
2024-03-29 04:40:00,1,2,0,0,1,8,0,12
2024-03-29 04:50:00,1,1,0,0,3,21,0,26
2024-03-29 05:00:00,0,0,0,0,0,18,0,18
2024-03-29 05:10:00,0,1,0,0,0,8,0,9
2024-03-29 05:20:00,0,2,1,0,0,21,0,24
2024-03-29 05:30:00,2,1,0,0,0,14,0,17
2024-03-29 05:40:00,0,1,0,0,0,2,0,3
2024-03-29 05:50:00,1,2,0,0,3,7,0,13
2024-03-29 06:00:00,0,0,0,0,1,8,0,9
2024-03-29 06:10:00,1,1,0,0,3,10,1,16
2024-03-29 06:20:00,1,2,0,0,1,11,0,15
2024-03-29 06:30:00,2,1,0,0,1,4,0,8
2024-03-29 06:40:00,1,4,0,0,2,9,1,17
2024-03-29 06:50:00,0,0,0,0,1,7,0,8
2024-03-29 07:00:00,1,1,0,0,1,10,0,13
2024-03-29 07:10:00,1,3,0,0,1,17,0,22
2024-03-29 07:20:00,1,2,0,0,3,21,0,27
2024-03-29 07:30:00,1,3,0,0,4,47,0,55
2024-03-29 07:40:00,3,5,0,0,2,22,0,32
2024-03-29 07:50:00,3,2,0,0,5,38,0,48
2024-03-29 08:00:00,3,3,0,0,2,35,0,43
2024-03-29 08:10:00,5,6,1,0,1,12,1,26
2024-03-29 08:20:00,1,4,0,0,0,25,0,30
2024-03-29 08:30:00,1,1,1,0,3,27,0,33
2024-03-29 08:40:00,4,4,1,0,1,27,1,38
2024-03-29 08:50:00,2,3,1,0,1,34,0,41
2024-03-29 09:00:00,2,1,0,1,1,30,0,35
2024-03-29 09:10:00,2,6,0,0,1,56,0,65
2024-03-29 09:20:00,2,3,0,0,4,58,0,67
2024-03-29 09:30:00,1,1,0,0,3,44,0,49
2024-03-29 09:40:00,2,2,0,0,8,83,0,95
2024-03-29 09:50:00,2,5,1,0,4,82,0,94
2024-03-29 10:00:00,5,8,0,0,6,59,0,78
2024-03-29 10:10:00,3,7,0,0,5,37,0,52
2024-03-29 10:20:00,3,4,1,0,6,58,0,72
2024-03-29 10:30:00,5,7,0,0,5,115,0,132
2024-03-29 10:40:00,7,9,0,0,7,84,1,108
2024-03-29 10:50:00,2,7,1,0,5,43,0,58
2024-03-29 11:00:00,1,8,2,0,10,64,0,85
2024-03-29 11:10:00,3,13,1,0,6,88,0,111
2024-03-29 11:20:00,6,7,1,0,6,91,0,111
2024-03-29 11:30:00,2,7,1,0,11,49,0,70
2024-03-29 11:40:00,5,6,0,0,6,48,0,65
2024-03-29 11:50:00,4,12,2,0,8,75,0,101
2024-03-29 12:00:00,5,15,0,0,7,81,0,108
2024-03-29 12:10:00,4,14,1,0,12,75,1,107
2024-03-29 12:20:00,3,3,0,0,8,48,0,62
2024-03-29 12:30:00,8,10,2,0,7,50,0,77
2024-03-29 12:40:00,3,14,1,0,10,73,1,102
2024-03-29 12:50:00,8,11,1,0,8,108,0,136
2024-03-29 13:00:00,10,11,1,0,13,150,0,185
2024-03-29 13:10:00,11,13,1,0,6,82,1,114
2024-03-29 13:20:00,9,7,1,0,10,115,0,142
2024-03-29 13:30:00,10,11,0,0,9,106,0,136
2024-03-29 13:40:00,8,15,1,0,17,92,0,133
2024-03-29 13:50:00,5,18,1,0,12,121,0,157
2024-03-29 14:00:00,5,12,2,0,16,92,0,127
2024-03-29 14:10:00,7,22,0,0,15,80,1,125
2024-03-29 14:20:00,4,16,1,0,16,92,0,129
2024-03-29 14:30:00,10,19,1,0,17,82,0,129
2024-03-29 14:40:00,9,13,2,0,12,65,1,102
2024-03-29 14:50:00,2,7,1,0,11,79,0,100
2024-03-29 15:00:00,2,10,1,0,9,65,0,87
2024-03-29 15:10:00,6,18,0,0,14,74,1,113
2024-03-29 15:20:00,5,11,0,0,11,84,0,111
2024-03-29 15:30:00,2,14,0,0,10,85,0,111
2024-03-29 15:40:00,7,18,0,0,5,65,0,95
2024-03-29 15:50:00,2,15,3,0,17,104,0,141
2024-03-29 16:00:00,7,17,0,0,13,96,0,133
2024-03-29 16:10:00,8,15,1,0,11,95,1,131
2024-03-29 16:20:00,8,14,1,0,11,93,0,127
2024-03-29 16:30:00,8,16,0,0,18,109,0,151
2024-03-29 16:40:00,9,17,3,0,28,91,1,149
2024-03-29 16:50:00,3,14,0,0,18,67,0,102
2024-03-29 17:00:00,6,15,1,0,17,56,0,95
2024-03-29 17:10:00,7,13,0,0,15,65,1,101
2024-03-29 17:20:00,4,15,1,0,11,54,0,85
2024-03-29 17:30:00,8,12,0,0,14,63,0,97
2024-03-29 17:40:00,6,12,4,0,11,88,0,121
2024-03-29 17:50:00,6,20,0,0,11,71,0,108
2024-03-29 18:00:00,4,19,1,0,11,68,0,103
2024-03-29 18:10:00,9,18,1,0,13,58,1,100
2024-03-29 18:20:00,4,18,1,0,23,81,0,127
2024-03-29 18:30:00,9,15,1,0,21,87,0,133
2024-03-29 18:40:00,8,19,1,0,18,100,1,147
2024-03-29 18:50:00,7,17,1,0,21,100,0,146
2024-03-29 19:00:00,2,11,1,0,14,72,0,100
2024-03-29 19:10:00,5,13,0,0,17,73,1,109
2024-03-29 19:20:00,9,15,1,0,20,73,0,118
2024-03-29 19:30:00,5,11,0,0,6,63,0,85
2024-03-29 19:40:00,6,13,0,0,8,72,0,99
2024-03-29 19:50:00,4,8,0,0,9,55,0,76
2024-03-29 20:00:00,3,12,0,0,8,52,1,76
2024-03-29 20:10:00,7,14,1,0,17,57,0,96
2024-03-29 20:20:00,4,15,3,0,18,63,0,103
2024-03-29 20:30:00,6,10,1,0,12,96,0,125
2024-03-29 20:40:00,5,18,0,0,8,58,0,89
2024-03-29 20:50:00,8,15,1,0,8,51,0,83
2024-03-29 21:00:00,0,10,0,0,10,76,0,96
2024-03-29 21:10:00,1,13,0,0,9,78,0,101
2024-03-29 21:20:00,4,14,0,0,11,85,0,114
2024-03-29 21:30:00,3,11,0,0,7,64,0,85
2024-03-29 21:40:00,2,14,0,0,15,73,0,104
2024-03-29 21:50:00,3,7,1,0,7,60,0,78
2024-03-29 22:00:00,1,5,1,0,9,51,0,67
2024-03-29 22:10:00,2,14,1,0,10,48,1,76
2024-03-29 22:20:00,2,10,0,0,12,45,0,69
2024-03-29 22:30:00,2,10,0,0,3,57,0,72
2024-03-29 22:40:00,3,6,0,0,6,43,0,58
2024-03-29 22:50:00,3,9,0,0,7,56,0,75
2024-03-29 23:00:00,2,7,2,0,6,37,0,54
2024-03-29 23:10:00,1,3,1,0,12,52,0,69
2024-03-29 23:20:00,1,4,0,0,8,70,0,83
2024-03-29 23:30:00,3,9,0,0,6,46,0,64
2024-03-29 23:40:00,1,3,0,0,8,46,0,58
2024-03-29 23:50:00,1,3,0,0,5,24,0,33
2024-03-30 00:00:00,1,2,1,0,9,30,0,43
2024-03-30 00:10:00,3,8,0,0,5,13,1,30
2024-03-30 00:20:00,4,6,0,0,4,29,0,43
2024-03-30 00:30:00,3,3,0,0,6,28,0,40
2024-03-30 00:40:00,3,3,0,0,4,28,0,38
2024-03-30 00:50:00,0,0,0,0,1,22,0,23
2024-03-30 01:00:00,1,4,2,0,2,43,0,52
2024-03-30 01:10:00,0,4,0,0,3,22,1,30
2024-03-30 01:20:00,1,4,0,0,2,8,0,15
2024-03-30 01:30:00,2,7,1,0,2,14,0,26
2024-03-30 01:40:00,2,6,0,0,3,16,0,27
2024-03-30 01:50:00,1,3,0,0,6,17,0,27
2024-03-30 02:00:00,0,4,0,0,1,23,1,29
2024-03-30 02:10:00,1,2,0,0,0,4,0,7
2024-03-30 02:20:00,1,5,0,0,2,9,0,17
2024-03-30 02:30:00,1,0,0,0,2,31,0,34
2024-03-30 02:40:00,3,3,0,0,3,41,0,50
2024-03-30 02:50:00,4,4,0,0,2,55,0,65
2024-03-30 03:00:00,0,0,0,0,2,29,0,31
2024-03-30 03:10:00,0,1,0,0,0,30,0,31
2024-03-30 03:20:00,0,1,0,0,0,34,0,35
2024-03-30 03:30:00,0,2,0,0,0,59,0,61
2024-03-30 03:40:00,0,0,0,0,1,61,0,62
2024-03-30 03:50:00,1,2,0,0,1,49,0,53
2024-03-30 04:00:00,0,1,1,0,1,102,0,105
2024-03-30 04:10:00,0,0,0,0,2,121,0,123
2024-03-30 04:20:00,0,0,0,0,0,94,0,94
2024-03-30 04:30:00,1,0,0,0,6,166,0,173
2024-03-30 04:40:00,1,2,0,0,77,204,0,284
2024-03-30 04:50:00,1,1,0,0,62,276,0,340
2024-03-30 05:00:00,1,1,0,0,109,361,0,472
2024-03-30 05:10:00,1,3,1,0,125,362,1,493
2024-03-30 05:20:00,0,2,0,0,277,77,0,356
2024-03-30 05:30:00,0,1,1,0,185,208,0,395
2024-03-30 05:40:00,1,1,1,0,2,7,0,12
2024-03-30 05:50:00,3,2,0,0,6,11,0,22
2024-03-30 06:00:00,0,1,0,0,3,7,0,11
2024-03-30 06:10:00,0,2,0,0,2,8,1,13
2024-03-30 06:20:00,3,2,2,0,3,9,0,19
2024-03-30 06:30:00,1,2,1,0,2,9,0,15
2024-03-30 06:40:00,3,6,0,0,1,5,0,15
2024-03-30 06:50:00,1,1,1,0,1,8,0,12
2024-03-30 07:00:00,0,0,0,0,2,14,0,16
2024-03-30 07:10:00,4,6,1,0,1,5,1,18
2024-03-30 07:20:00,1,2,0,0,0,3,0,6
2024-03-30 07:30:00,2,4,1,0,2,8,0,17
2024-03-30 07:40:00,3,5,1,0,1,14,0,24
2024-03-30 07:50:00,1,1,0,0,1,7,0,10
2024-03-30 08:00:00,1,6,0,0,3,10,0,20
2024-03-30 08:10:00,4,2,0,0,5,15,1,27
2024-03-30 08:20:00,1,5,3,0,7,17,0,33
2024-03-30 08:30:00,3,6,2,0,5,15,0,31
2024-03-30 08:40:00,9,11,1,0,8,20,0,49
2024-03-30 08:50:00,4,11,0,0,9,30,0,54
2024-03-30 09:00:00,6,6,2,0,8,34,0,56
2024-03-30 09:10:00,5,12,2,0,10,31,0,60
2024-03-30 09:20:00,6,17,2,0,14,37,1,77
2024-03-30 09:30:00,4,15,3,0,11,38,0,71
2024-03-30 09:40:00,10,16,2,0,15,57,0,100
2024-03-30 09:50:00,6,14,3,0,16,66,1,106
2024-03-30 10:00:00,11,10,2,0,19,62,0,104
2024-03-30 10:10:00,11,17,4,0,29,60,1,122
2024-03-30 10:20:00,7,9,4,0,23,66,0,109
2024-03-30 10:30:00,8,12,9,0,16,74,0,119
2024-03-30 10:40:00,18,21,7,0,19,58,0,123
2024-03-30 10:50:00,8,26,6,0,25,67,0,132
2024-03-30 11:00:00,2,15,10,0,15,62,0,104
2024-03-30 11:10:00,10,25,8,1,18,54,0,116
2024-03-30 11:20:00,7,28,14,0,24,81,1,155
2024-03-30 11:30:00,11,27,9,0,24,68,0,139
2024-03-30 11:40:00,10,28,9,0,28,93,0,168
2024-03-30 11:50:00,8,22,19,0,23,60,1,133
2024-03-30 12:00:00,6,21,16,0,24,56,0,123
2024-03-30 12:10:00,15,30,11,0,26,65,0,147
2024-03-30 12:20:00,14,30,7,0,28,71,1,151
2024-03-30 12:30:00,5,22,14,0,23,73,0,137
2024-03-30 12:40:00,17,34,18,0,12,59,0,140
2024-03-30 12:50:00,9,24,14,0,34,67,0,148
2024-03-30 13:00:00,4,17,11,0,15,64,0,111
2024-03-30 13:10:00,0,0,0,0,0,0,0,0
2024-03-30 13:20:00,0,0,0,0,0,0,0,0
2024-03-30 13:30:00,3,9,5,1,6,31,0,55
2024-03-30 13:40:00,11,29,17,0,24,66,0,147
2024-03-30 13:50:00,15,28,11,0,19,63,1,137
2024-03-30 14:00:00,9,25,14,0,22,73,0,143
2024-03-30 14:10:00,10,22,17,0,24,76,1,150
2024-03-30 14:20:00,8,24,14,0,22,59,0,127
2024-03-30 14:30:00,5,22,13,0,25,81,0,146
2024-03-30 14:40:00,11,27,18,0,20,57,0,133
2024-03-30 14:50:00,9,17,11,0,24,59,0,120
2024-03-30 15:00:00,8,24,8,0,22,78,0,140
2024-03-30 15:10:00,6,21,16,0,26,76,1,146
2024-03-30 15:20:00,11,26,10,0,21,61,0,129
2024-03-30 15:30:00,10,27,23,0,28,58,0,146
2024-03-30 15:40:00,10,22,20,0,32,57,0,141
2024-03-30 15:50:00,13,14,13,0,26,67,1,134
2024-03-30 16:00:00,4,18,15,0,29,83,0,149
2024-03-30 16:10:00,10,26,7,0,26,65,1,135
2024-03-30 16:20:00,14,22,12,0,20,76,0,144
2024-03-30 16:30:00,7,20,11,0,32,71,0,141
2024-03-30 16:40:00,13,27,14,0,17,56,1,128
2024-03-30 16:50:00,4,26,7,0,20,56,0,113
2024-03-30 17:00:00,7,17,15,0,24,50,0,113
2024-03-30 17:10:00,11,22,16,0,29,68,1,147
2024-03-30 17:20:00,11,24,14,0,15,49,0,113
2024-03-30 17:30:00,3,11,12,0,19,49,0,94
2024-03-30 17:40:00,10,27,10,1,17,50,0,115
2024-03-30 17:50:00,4,18,12,0,14,51,1,100
2024-03-30 18:00:00,2,24,12,0,20,57,0,115
2024-03-30 18:10:00,8,15,16,0,27,49,1,116
2024-03-30 18:20:00,7,18,10,0,24,47,0,106
2024-03-30 18:30:00,7,21,9,0,26,60,0,123
2024-03-30 18:40:00,10,22,10,0,24,49,0,115
2024-03-30 18:50:00,6,16,10,0,21,57,0,110
2024-03-30 19:00:00,4,14,7,0,12,49,0,86
2024-03-30 19:10:00,12,24,4,0,21,46,1,108
2024-03-30 19:20:00,6,12,7,0,8,40,0,73
2024-03-30 19:30:00,3,13,9,0,17,52,0,94
2024-03-30 19:40:00,9,18,7,0,19,46,0,99
2024-03-30 19:50:00,6,21,7,0,20,38,1,93
2024-03-30 20:00:00,5,22,8,0,14,41,0,90
2024-03-30 20:10:00,7,18,9,0,15,40,1,90
2024-03-30 20:20:00,10,19,5,0,8,39,0,81
2024-03-30 20:30:00,8,21,4,0,12,33,0,78
2024-03-30 20:40:00,10,17,1,0,6,29,0,63
2024-03-30 20:50:00,4,16,1,0,15,34,0,70
2024-03-30 21:00:00,7,15,1,0,6,41,0,70
2024-03-30 21:10:00,5,16,2,0,10,31,1,65
2024-03-30 21:20:00,1,6,1,0,12,44,0,64
2024-03-30 21:30:00,2,8,0,0,8,30,0,48
2024-03-30 21:40:00,1,9,6,0,13,38,0,67
2024-03-30 21:50:00,9,14,2,0,12,34,0,71
2024-03-30 22:00:00,7,17,0,0,13,37,0,74
2024-03-30 22:10:00,4,13,1,0,12,32,1,63
2024-03-30 22:20:00,1,10,0,0,9,22,0,42
2024-03-30 22:30:00,2,9,3,0,13,32,0,59
2024-03-30 22:40:00,7,12,0,0,8,29,0,56
2024-03-30 22:50:00,4,12,0,0,9,22,0,47
2024-03-30 23:00:00,2,10,3,0,5,31,0,51
2024-03-30 23:10:00,7,11,1,1,4,19,1,44
2024-03-30 23:20:00,3,8,1,0,8,22,0,42
2024-03-30 23:30:00,2,13,0,0,9,30,0,54
2024-03-30 23:40:00,2,6,2,0,8,23,0,41
2024-03-30 23:50:00,3,8,0,0,8,17,0,36
2024-03-31 00:00:00,0,5,1,0,6,18,0,30
2024-03-31 00:10:00,0,3,0,0,2,24,1,30
2024-03-31 00:20:00,2,2,2,0,7,17,0,30
2024-03-31 00:30:00,0,7,0,0,3,10,0,20
2024-03-31 00:40:00,2,3,3,0,6,19,0,33
2024-03-31 00:50:00,0,2,1,0,4,23,0,30
2024-03-31 01:00:00,3,4,2,0,9,16,0,34
2024-03-31 01:10:00,2,7,0,0,3,14,1,27
2024-03-31 01:20:00,2,1,2,0,3,7,0,15
2024-03-31 01:30:00,2,5,0,0,1,10,0,18
2024-03-31 01:40:00,4,4,1,0,1,5,0,15
2024-03-31 01:50:00,1,3,1,0,4,8,0,17
2024-03-31 02:00:00,0,0,0,0,0,0,0,0
2024-03-31 02:10:00,0,0,0,0,0,0,0,0
2024-03-31 02:20:00,0,0,0,0,0,0,0,0
2024-03-31 02:30:00,0,0,0,0,0,0,0,0
2024-03-31 02:40:00,0,0,0,0,0,0,0,0
2024-03-31 02:50:00,0,0,0,0,0,0,0,0
2024-03-31 03:00:00,1,3,4,0,2,10,0,20
2024-03-31 03:10:00,5,8,2,0,2,8,1,26
2024-03-31 03:20:00,2,3,3,0,4,10,0,22
2024-03-31 03:30:00,3,3,2,0,4,6,0,18
2024-03-31 03:40:00,3,4,0,0,0,6,0,13
2024-03-31 03:50:00,1,0,2,0,2,12,0,17
2024-03-31 04:00:00,2,4,2,0,2,7,0,17
2024-03-31 04:10:00,1,2,4,0,1,8,0,16
2024-03-31 04:20:00,1,0,3,0,1,5,0,10
2024-03-31 04:30:00,0,1,0,0,1,3,0,5
2024-03-31 04:40:00,0,2,3,0,0,6,0,11
2024-03-31 04:50:00,0,2,1,0,0,6,0,9
2024-03-31 05:00:00,2,2,4,0,2,1,0,11
2024-03-31 05:10:00,2,3,1,0,3,9,0,18
2024-03-31 05:20:00,1,2,0,0,3,8,0,14
2024-03-31 05:30:00,1,1,0,0,4,6,0,12
2024-03-31 05:40:00,1,0,0,0,1,10,0,12
2024-03-31 05:50:00,1,2,0,0,4,10,0,17
2024-03-31 06:00:00,2,3,1,0,0,8,0,14
2024-03-31 06:10:00,3,4,0,0,0,4,1,12
2024-03-31 06:20:00,1,2,0,0,0,7,0,10
2024-03-31 06:30:00,0,2,0,0,0,6,0,8
2024-03-31 06:40:00,3,3,0,0,2,9,1,18
2024-03-31 06:50:00,0,1,0,0,1,5,0,7
2024-03-31 07:00:00,0,2,0,0,2,7,0,11
2024-03-31 07:10:00,3,2,0,0,1,3,0,9
2024-03-31 07:20:00,0,1,0,0,0,3,0,4
2024-03-31 07:30:00,2,1,0,0,0,6,0,9
2024-03-31 07:40:00,1,3,0,0,2,5,0,11
2024-03-31 07:50:00,1,0,0,0,1,6,0,8
2024-03-31 08:00:00,1,2,0,0,2,7,0,12
2024-03-31 08:10:00,3,5,0,0,1,4,1,14
2024-03-31 08:20:00,1,3,0,0,1,8,0,13
2024-03-31 08:30:00,0,1,0,0,3,4,0,8
2024-03-31 08:40:00,4,3,0,0,1,7,1,16
2024-03-31 08:50:00,4,3,1,0,2,6,0,16
2024-03-31 09:00:00,0,2,0,0,5,8,0,15
2024-03-31 09:10:00,3,4,0,0,2,8,0,17
2024-03-31 09:20:00,3,2,0,0,1,7,0,13
2024-03-31 09:30:00,2,5,0,0,0,10,0,17
2024-03-31 09:40:00,3,5,0,0,6,14,0,28
2024-03-31 09:50:00,2,8,0,0,4,16,0,30
2024-03-31 10:00:00,2,4,2,0,3,21,0,32
2024-03-31 10:10:00,1,5,0,0,6,16,1,29
2024-03-31 10:20:00,2,5,1,0,3,16,0,27
2024-03-31 10:30:00,4,7,1,0,5,22,0,39
2024-03-31 10:40:00,7,7,0,0,7,15,1,37
2024-03-31 10:50:00,0,2,0,0,4,26,0,32
2024-03-31 11:00:00,2,1,0,0,8,20,0,31
2024-03-31 11:10:00,6,4,0,0,4,21,0,35
2024-03-31 11:20:00,7,8,0,0,4,14,0,33
2024-03-31 11:30:00,5,13,2,0,6,40,0,66
2024-03-31 11:40:00,3,9,0,0,6,23,1,42
2024-03-31 11:50:00,4,11,0,0,10,37,0,62
2024-03-31 12:00:00,3,6,1,0,7,23,0,40
2024-03-31 12:10:00,7,12,0,0,8,35,1,63
2024-03-31 12:20:00,2,12,1,0,9,35,0,59
2024-03-31 12:30:00,3,16,0,0,8,27,0,54
2024-03-31 12:40:00,4,11,0,0,4,39,1,59
2024-03-31 12:50:00,3,5,1,0,2,26,0,37
2024-03-31 13:00:00,0,5,1,0,10,32,0,48
2024-03-31 13:10:00,8,13,2,0,6,24,1,54
2024-03-31 13:20:00,3,8,1,0,9,35,0,56
2024-03-31 13:30:00,5,13,0,0,4,24,0,46
2024-03-31 13:40:00,10,11,1,0,9,34,1,66
2024-03-31 13:50:00,4,9,0,0,8,26,0,47
2024-03-31 14:00:00,3,9,0,0,10,36,0,58
2024-03-31 14:10:00,2,12,3,0,15,49,1,82
2024-03-31 14:20:00,2,10,0,0,16,39,0,67
2024-03-31 14:30:00,5,8,0,0,9,27,0,49
2024-03-31 14:40:00,8,9,1,0,11,38,1,68
2024-03-31 14:50:00,1,7,2,0,10,49,0,69
2024-03-31 15:00:00,4,10,1,0,7,19,0,41
2024-03-31 15:10:00,8,9,1,0,16,35,1,70
2024-03-31 15:20:00,4,8,2,0,15,34,0,63
2024-03-31 15:30:00,6,14,2,0,10,40,0,72
2024-03-31 15:40:00,8,15,1,0,8,21,1,54
2024-03-31 15:50:00,3,8,0,0,6,29,0,46
2024-03-31 16:00:00,6,14,1,0,12,30,0,63
2024-03-31 16:10:00,7,7,0,0,5,19,1,39
2024-03-31 16:20:00,6,12,0,0,5,32,0,55
2024-03-31 16:30:00,8,21,3,0,11,28,0,71
2024-03-31 16:40:00,8,13,0,0,7,31,1,60
2024-03-31 16:50:00,5,12,2,0,13,34,0,66
2024-03-31 17:00:00,6,11,2,0,15,35,0,69
2024-03-31 17:10:00,2,18,2,0,15,33,1,71
2024-03-31 17:20:00,2,6,2,0,12,27,0,49
2024-03-31 17:30:00,3,12,2,0,8,29,0,54
2024-03-31 17:40:00,10,17,2,0,11,35,1,76
2024-03-31 17:50:00,7,16,1,1,15,34,0,74
2024-03-31 18:00:00,3,8,2,0,10,24,0,47
2024-03-31 18:10:00,9,15,1,0,12,34,1,72
2024-03-31 18:20:00,3,16,0,0,13,35,0,67
2024-03-31 18:30:00,7,17,0,0,7,55,0,86
2024-03-31 18:40:00,4,14,1,0,10,33,1,63
2024-03-31 18:50:00,3,11,1,0,9,42,0,66
2024-03-31 19:00:00,2,15,1,0,14,41,0,73
2024-03-31 19:10:00,9,13,1,0,17,40,1,81
2024-03-31 19:20:00,6,20,0,0,19,39,0,84
2024-03-31 19:30:00,4,15,1,0,19,52,0,91
2024-03-31 19:40:00,4,13,1,0,7,32,1,58
2024-03-31 19:50:00,5,17,1,0,17,34,0,74
2024-03-31 20:00:00,4,11,1,0,10,32,1,59
2024-03-31 20:10:00,3,10,0,0,3,16,0,32
2024-03-31 20:20:00,3,10,0,0,4,33,0,50
2024-03-31 20:30:00,2,3,0,0,6,30,0,41
2024-03-31 20:40:00,3,7,0,0,9,24,0,43
2024-03-31 20:50:00,2,10,2,0,7,24,0,45
2024-03-31 21:00:00,2,14,1,0,8,27,0,52
2024-03-31 21:10:00,1,7,0,0,10,22,0,40
2024-03-31 21:20:00,7,8,1,0,3,24,0,43
2024-03-31 21:30:00,4,6,1,0,8,28,0,47
2024-03-31 21:40:00,6,11,0,0,11,31,0,59
2024-03-31 21:50:00,5,10,0,0,9,33,0,57
2024-03-31 22:00:00,3,11,0,0,7,26,0,47
2024-03-31 22:10:00,3,10,1,0,8,27,1,50
2024-03-31 22:20:00,3,10,0,0,8,16,0,37
2024-03-31 22:30:00,4,11,0,0,6,25,0,46
2024-03-31 22:40:00,3,8,0,0,9,26,0,46
2024-03-31 22:50:00,4,7,1,0,5,23,0,40
2024-03-31 23:00:00,2,8,1,0,10,25,0,46
2024-03-31 23:10:00,1,9,0,0,9,27,0,46
2024-03-31 23:20:00,1,7,0,0,8,19,0,35
2024-03-31 23:30:00,5,10,0,0,4,11,0,30
2024-03-31 23:40:00,0,5,0,0,1,12,0,18
2024-03-31 23:50:00,3,7,1,0,5,19,0,35
2024-04-01 00:00:00,4,7,0,0,4,13,1,29
2024-04-01 00:10:00,0,2,0,0,3,6,0,11
2024-04-01 00:20:00,1,5,0,1,3,14,0,24
2024-04-01 00:30:00,3,7,1,0,3,12,0,26
2024-04-01 00:40:00,3,4,0,0,3,10,0,20
2024-04-01 00:50:00,0,5,0,0,3,10,0,18
2024-04-01 01:00:00,1,4,0,0,5,13,1,24
2024-04-01 01:10:00,0,5,1,0,2,13,0,21
2024-04-01 01:20:00,0,3,1,0,4,8,0,16
2024-04-01 01:30:00,1,1,0,0,1,11,0,14
2024-04-01 01:40:00,2,4,0,0,2,6,0,14
2024-04-01 01:50:00,0,3,0,0,2,5,0,10
2024-04-01 02:00:00,1,3,0,0,4,8,0,16
2024-04-01 02:10:00,1,4,1,0,1,3,0,10
2024-04-01 02:20:00,1,1,0,0,1,7,0,10
2024-04-01 02:30:00,0,1,0,0,0,13,0,14
2024-04-01 02:40:00,3,3,0,0,2,5,0,13
2024-04-01 02:50:00,0,0,0,0,1,6,0,7
2024-04-01 03:00:00,0,3,0,0,3,4,0,10
2024-04-01 03:10:00,0,0,0,0,0,6,0,6
2024-04-01 03:20:00,0,0,0,0,2,5,0,7
2024-04-01 03:30:00,2,1,0,0,2,3,0,8
2024-04-01 03:40:00,1,1,0,0,1,2,0,5
2024-04-01 03:50:00,1,2,0,0,2,6,0,11
2024-04-01 04:00:00,0,0,0,0,0,5,0,5
2024-04-01 04:10:00,0,0,0,0,2,3,0,5
2024-04-01 04:20:00,0,0,0,0,3,4,0,7
2024-04-01 04:30:00,0,1,0,0,0,6,0,7
2024-04-01 04:40:00,1,4,0,0,0,3,0,8
2024-04-01 04:50:00,0,1,0,0,2,1,0,4
2024-04-01 05:00:00,0,0,0,0,2,5,0,7
2024-04-01 05:10:00,1,2,0,0,0,1,0,4
2024-04-01 05:20:00,0,0,0,0,0,4,0,4
2024-04-01 05:30:00,1,0,0,0,1,5,0,7
2024-04-01 05:40:00,0,0,0,0,1,8,0,9
2024-04-01 05:50:00,1,1,0,0,1,10,0,13
2024-04-01 06:00:00,1,1,0,0,1,6,0,9
2024-04-01 06:10:00,4,7,0,0,1,4,1,17
2024-04-01 06:20:00,1,3,0,0,3,7,0,14
2024-04-01 06:30:00,0,0,1,0,1,6,0,8
2024-04-01 06:40:00,1,2,0,0,6,12,1,22
2024-04-01 06:50:00,1,2,0,0,1,2,0,6
2024-04-01 07:00:00,0,2,0,0,1,6,0,9
2024-04-01 07:10:00,1,1,0,0,0,2,0,4
2024-04-01 07:20:00,1,3,1,0,0,3,0,8
2024-04-01 07:30:00,0,2,0,0,1,5,0,8
2024-04-01 07:40:00,0,4,1,0,0,5,0,10
2024-04-01 07:50:00,1,2,0,0,1,2,0,6
2024-04-01 08:00:00,0,0,0,0,2,5,0,7
2024-04-01 08:10:00,3,2,0,0,3,5,1,14
2024-04-01 08:20:00,0,2,0,0,0,4,0,6
2024-04-01 08:30:00,2,5,0,0,1,6,0,14
2024-04-01 08:40:00,2,2,1,0,2,8,1,16
2024-04-01 08:50:00,1,3,0,0,7,11,0,22
2024-04-01 09:00:00,1,1,0,0,3,11,0,16
2024-04-01 09:10:00,5,6,0,0,3,7,0,21
2024-04-01 09:20:00,2,2,1,0,4,12,0,21
2024-04-01 09:30:00,1,4,0,0,4,10,0,19
2024-04-01 09:40:00,9,4,0,0,0,9,0,22
2024-04-01 09:50:00,2,8,0,0,4,29,0,43
2024-04-01 10:00:00,1,3,1,0,2,16,0,23
2024-04-01 10:10:00,2,4,1,0,5,17,1,30
2024-04-01 10:20:00,4,3,0,0,5,18,0,30
2024-04-01 10:30:00,4,7,0,0,4,10,0,25
2024-04-01 10:40:00,5,8,0,0,8,14,1,36
2024-04-01 10:50:00,3,3,2,0,7,27,0,42
2024-04-01 11:00:00,7,15,1,0,5,26,0,54
2024-04-01 11:10:00,6,6,0,0,4,22,0,38
2024-04-01 11:20:00,1,8,0,0,5,21,0,35
2024-04-01 11:30:00,3,10,0,0,13,28,0,54
2024-04-01 11:40:00,1,7,1,0,6,29,1,45
2024-04-01 11:50:00,4,9,1,0,6,27,0,47
2024-04-01 12:00:00,7,9,1,0,11,31,0,59
2024-04-01 12:10:00,6,10,2,0,11,43,1,73
2024-04-01 12:20:00,10,14,1,0,8,25,0,58
2024-04-01 12:30:00,6,11,1,0,13,45,0,76
2024-04-01 12:40:00,5,19,1,0,15,36,1,77
2024-04-01 12:50:00,6,11,2,0,5,29,0,53
2024-04-01 13:00:00,4,6,2,0,7,23,0,42
2024-04-01 13:10:00,6,12,1,0,7,24,1,51
2024-04-01 13:20:00,3,14,4,0,10,37,0,68
2024-04-01 13:30:00,10,8,2,0,8,25,0,53
2024-04-01 13:40:00,5,11,2,0,14,39,1,72
2024-04-01 13:50:00,5,17,0,0,6,34,0,62
2024-04-01 14:00:00,4,10,1,0,5,34,0,54
2024-04-01 14:10:00,6,14,3,0,12,30,1,66
2024-04-01 14:20:00,9,18,2,0,15,48,0,92
2024-04-01 14:30:00,7,16,0,0,20,47,0,90
2024-04-01 14:40:00,8,19,5,0,12,40,1,85
2024-04-01 14:50:00,1,11,1,0,13,49,0,75
2024-04-01 15:00:00,7,16,3,0,13,33,0,72
2024-04-01 15:10:00,3,12,1,0,16,36,1,69
2024-04-01 15:20:00,6,5,0,0,24,45,0,80
2024-04-01 15:30:00,6,6,1,0,18,49,0,80
2024-04-01 15:40:00,7,12,0,0,17,35,1,72
2024-04-01 15:50:00,7,7,1,0,10,34,0,59
2024-04-01 16:00:00,10,10,3,0,12,34,0,69
2024-04-01 16:10:00,6,13,2,0,11,25,1,58
2024-04-01 16:20:00,7,17,0,0,12,44,0,80
2024-04-01 16:30:00,5,16,0,0,11,36,0,68
2024-04-01 16:40:00,11,16,0,0,8,28,1,64
2024-04-01 16:50:00,5,17,2,0,16,43,0,83
2024-04-01 17:00:00,7,17,1,0,18,40,0,83
2024-04-01 17:10:00,8,14,0,0,20,52,1,95
2024-04-01 17:20:00,7,13,0,0,14,41,0,75
2024-04-01 17:30:00,3,16,1,0,31,41,0,92
2024-04-01 17:40:00,7,11,5,0,11,34,1,69
2024-04-01 17:50:00,6,16,0,0,20,53,0,95
2024-04-01 18:00:00,11,21,1,0,15,42,0,90
2024-04-01 18:10:00,7,16,1,0,13,46,1,84
2024-04-01 18:20:00,2,9,0,0,18,39,0,68
2024-04-01 18:30:00,5,16,1,0,17,42,0,81
2024-04-01 18:40:00,3,14,0,0,18,42,1,78
2024-04-01 18:50:00,5,20,2,0,10,46,0,83
2024-04-01 19:00:00,5,16,2,0,12,43,0,78
2024-04-01 19:10:00,8,15,0,0,15,47,1,86
2024-04-01 19:20:00,6,27,1,0,15,48,0,97
2024-04-01 19:30:00,7,19,1,0,15,46,0,88
2024-04-01 19:40:00,2,14,1,0,5,40,1,63
2024-04-01 19:50:00,4,12,2,0,19,40,0,77
2024-04-01 20:00:00,2,9,0,0,13,42,1,67
2024-04-01 20:10:00,4,13,0,0,9,19,0,45
2024-04-01 20:20:00,2,15,1,0,9,31,0,58
2024-04-01 20:30:00,4,8,2,0,10,38,0,62
2024-04-01 20:40:00,5,12,0,0,10,29,0,56
2024-04-01 20:50:00,2,7,0,0,6,25,0,40
2024-04-01 21:00:00,2,11,0,0,2,14,0,29
2024-04-01 21:10:00,5,9,2,0,14,25,0,55
2024-04-01 21:20:00,6,15,0,0,5,29,0,55
2024-04-01 21:30:00,3,5,0,0,5,33,0,46
2024-04-01 21:40:00,8,17,2,0,7,22,0,56
2024-04-01 21:50:00,4,10,1,0,12,32,0,59
2024-04-01 22:00:00,1,10,0,0,6,24,0,41
2024-04-01 22:10:00,2,7,1,0,10,23,1,44
2024-04-01 22:20:00,2,7,0,0,7,19,0,35
2024-04-01 22:30:00,1,8,0,0,8,25,0,42
2024-04-01 22:40:00,2,8,0,0,9,29,0,48
2024-04-01 22:50:00,1,2,0,0,8,21,0,32
2024-04-01 23:00:00,1,3,0,0,12,22,0,38
2024-04-01 23:10:00,0,6,0,0,3,19,0,28
2024-04-01 23:20:00,1,6,0,0,4,27,0,38
2024-04-01 23:30:00,1,6,0,0,5,18,0,30
2024-04-01 23:40:00,3,4,0,0,7,19,0,33
2024-04-01 23:50:00,2,5,0,0,7,16,0,30
2024-04-02 00:00:00,1,2,1,0,2,18,0,24
2024-04-02 00:10:00,2,3,0,0,2,16,1,24
2024-04-02 00:20:00,0,2,1,0,2,48,0,53
2024-04-02 00:30:00,1,3,0,0,0,67,0,71
2024-04-02 00:40:00,0,2,0,0,4,86,0,92
2024-04-02 00:50:00,2,1,0,0,3,92,0,98
2024-04-02 01:00:00,0,3,0,0,2,162,0,167
2024-04-02 01:10:00,2,1,0,0,13,142,0,158
2024-04-02 01:20:00,0,0,0,0,42,79,0,121
2024-04-02 01:30:00,0,1,1,0,2,4,0,8
2024-04-02 01:40:00,1,0,2,0,1,7,0,11
2024-04-02 01:50:00,0,1,0,0,0,4,0,5
2024-04-02 02:00:00,1,0,0,0,1,5,0,7
2024-04-02 02:10:00,1,0,0,0,1,1,0,3
2024-04-02 02:20:00,1,1,0,0,1,5,0,8
2024-04-02 02:30:00,2,2,0,0,2,2,0,8
2024-04-02 02:40:00,0,0,0,0,0,1,0,1
2024-04-02 02:50:00,0,0,0,0,1,4,0,5
2024-04-02 03:00:00,0,0,0,0,0,4,0,4
2024-04-02 03:10:00,0,1,0,0,1,1,0,3
2024-04-02 03:20:00,0,1,0,0,1,1,0,3
2024-04-02 03:30:00,2,1,0,0,1,2,0,6
2024-04-02 03:40:00,1,1,0,0,1,2,0,5
2024-04-02 03:50:00,0,2,0,0,2,4,0,8
2024-04-02 04:00:00,0,1,0,0,0,1,0,2
2024-04-02 04:10:00,1,1,0,0,0,3,0,5
2024-04-02 04:20:00,0,3,0,0,1,4,0,8
2024-04-02 04:30:00,1,1,0,0,1,2,0,5
2024-04-02 04:40:00,0,0,0,0,1,3,0,4
2024-04-02 04:50:00,1,4,0,0,0,1,0,6
2024-04-02 05:00:00,0,1,0,0,3,8,0,12
2024-04-02 05:10:00,3,3,0,0,4,12,0,22
2024-04-02 05:20:00,0,3,0,0,3,7,0,13
2024-04-02 05:30:00,2,4,0,0,4,10,1,21
2024-04-02 05:40:00,0,4,0,0,2,16,0,22
2024-04-02 05:50:00,3,6,0,0,7,16,0,32
2024-04-02 06:00:00,3,4,0,0,5,21,1,34
2024-04-02 06:10:00,3,7,1,0,6,20,2,39
2024-04-02 06:20:00,5,6,0,0,4,21,0,36
2024-04-02 06:30:00,1,7,0,0,2,21,1,32
2024-04-02 06:40:00,8,10,1,0,10,26,3,58
2024-04-02 06:50:00,7,5,0,0,8,30,1,51
2024-04-02 07:00:00,3,12,0,0,3,28,0,46
2024-04-02 07:10:00,8,16,4,0,21,37,2,88
2024-04-02 07:20:00,8,11,1,0,16,49,1,86
2024-04-02 07:30:00,6,12,3,0,13,47,2,83
2024-04-02 07:40:00,10,26,1,0,21,58,3,119
2024-04-02 07:50:00,7,19,2,0,26,54,1,109
2024-04-02 08:00:00,7,15,4,0,22,52,1,101
2024-04-02 08:10:00,9,22,1,0,20,46,2,100
2024-04-02 08:20:00,8,22,4,0,16,54,0,104
2024-04-02 08:30:00,8,19,4,0,27,59,1,118
2024-04-02 08:40:00,10,16,7,0,30,57,1,121
2024-04-02 08:50:00,13,18,2,0,20,43,2,98
2024-04-02 09:00:00,8,22,6,0,26,69,0,131
2024-04-02 09:10:00,12,24,3,0,29,51,4,123
2024-04-02 09:20:00,10,20,2,0,17,57,0,106
2024-04-02 09:30:00,8,27,5,0,18,51,1,110
2024-04-02 09:40:00,8,22,7,0,22,61,1,121
2024-04-02 09:50:00,9,17,2,0,30,81,0,139
2024-04-02 10:00:00,10,31,7,0,22,55,1,126
2024-04-02 10:10:00,21,23,8,0,24,58,0,134
2024-04-02 10:20:00,11,29,3,0,15,52,0,110
2024-04-02 10:30:00,20,28,12,0,21,64,1,146
2024-04-02 10:40:00,16,24,8,1,27,63,0,139
2024-04-02 10:50:00,8,24,11,0,25,60,2,130
2024-04-02 11:00:00,12,21,10,0,25,55,0,123
2024-04-02 11:10:00,14,30,7,0,23,59,2,135
2024-04-02 11:20:00,17,35,11,0,35,74,0,172
2024-04-02 11:30:00,5,17,10,0,23,59,1,115
2024-04-02 11:40:00,8,18,10,0,27,74,0,137
2024-04-02 11:50:00,10,27,13,0,20,58,1,129
2024-04-02 12:00:00,10,26,12,0,25,71,0,144
2024-04-02 12:10:00,14,19,14,0,27,62,0,136
2024-04-02 12:20:00,10,27,10,0,19,79,0,145
2024-04-02 12:30:00,12,29,13,0,24,74,1,153
2024-04-02 12:40:00,13,30,8,0,26,76,1,154
2024-04-02 12:50:00,12,26,19,0,26,70,0,153
2024-04-02 13:00:00,14,28,16,0,23,67,0,148
2024-04-02 13:10:00,15,27,10,0,25,58,1,136
2024-04-02 13:20:00,10,18,8,0,25,69,1,131
2024-04-02 13:30:00,5,19,14,0,16,70,1,125
2024-04-02 13:40:00,13,27,15,0,26,76,0,157
2024-04-02 13:50:00,10,22,13,0,21,67,0,133
2024-04-02 14:00:00,11,28,5,0,17,69,1,131
2024-04-02 14:10:00,12,25,10,0,22,85,0,154
2024-04-02 14:20:00,15,23,13,0,26,79,0,156
2024-04-02 14:30:00,18,30,13,0,22,77,1,161
2024-04-02 14:40:00,22,24,9,0,20,62,0,137
2024-04-02 14:50:00,18,32,13,0,20,88,1,172
2024-04-02 15:00:00,18,29,11,0,22,78,1,159
2024-04-02 15:10:00,20,35,11,0,28,89,2,185
2024-04-02 15:20:00,11,26,14,0,32,88,0,171
2024-04-02 15:30:00,12,24,8,0,24,82,1,151
2024-04-02 15:40:00,15,30,12,0,28,105,0,190
2024-04-02 15:50:00,14,25,11,0,32,100,0,182
2024-04-02 16:00:00,14,27,18,0,22,111,1,193
2024-04-02 16:10:00,11,33,15,0,19,82,0,160
2024-04-02 16:20:00,13,30,9,0,20,102,0,174
2024-04-02 16:30:00,13,32,14,0,29,104,1,193
2024-04-02 16:40:00,21,52,6,0,22,101,1,203
2024-04-02 16:50:00,17,40,14,0,27,98,2,198
2024-04-02 17:00:00,15,38,14,0,27,90,0,184
2024-04-02 17:10:00,13,31,22,0,29,91,1,187
2024-04-02 17:20:00,19,31,15,0,24,96,0,185
2024-04-02 17:30:00,15,22,9,0,21,80,1,148
2024-04-02 17:40:00,17,27,14,0,32,97,1,188
2024-04-02 17:50:00,14,28,11,0,29,74,0,156
2024-04-02 18:00:00,9,34,13,0,29,82,0,167
2024-04-02 18:10:00,14,30,16,0,126,79,2,267
2024-04-02 18:20:00,12,36,18,0,63,201,0,330
2024-04-02 18:30:00,7,20,6,0,23,150,1,207
2024-04-02 18:40:00,12,14,15,0,19,165,1,226
2024-04-02 18:50:00,9,18,20,0,21,165,1,234
2024-04-02 19:00:00,4,18,6,0,25,189,0,242
2024-04-02 19:10:00,6,13,9,0,16,284,1,329
2024-04-02 19:20:00,13,24,9,0,17,335,0,398
2024-04-02 19:30:00,13,23,5,0,23,418,1,483
2024-04-02 19:40:00,13,19,10,0,36,332,0,410
2024-04-02 19:50:00,4,12,3,0,32,224,0,275
2024-04-02 20:00:00,5,13,8,0,11,297,0,334
2024-04-02 20:10:00,9,15,12,0,9,429,1,475
2024-04-02 20:20:00,5,9,6,0,26,313,0,359
2024-04-02 20:30:00,10,13,4,0,143,83,0,253
2024-04-02 20:40:00,6,10,2,0,91,195,0,304
2024-04-02 20:50:00,4,12,1,0,2,2,0,21
2024-04-02 21:00:00,1,11,2,0,10,24,1,49
2024-04-02 21:10:00,7,13,1,0,2,26,0,49
2024-04-02 21:20:00,1,5,2,0,7,19,0,34
2024-04-02 21:30:00,5,13,4,0,6,19,0,47
2024-04-02 21:40:00,11,10,1,0,6,22,0,50
2024-04-02 21:50:00,3,6,2,0,10,28,0,49
2024-04-02 22:00:00,1,7,1,0,9,27,0,45
2024-04-02 22:10:00,1,7,0,0,8,15,1,32
2024-04-02 22:20:00,6,13,2,0,6,19,0,46
2024-04-02 22:30:00,0,8,2,0,7,23,0,40
2024-04-02 22:40:00,1,7,1,0,5,18,1,33
2024-04-02 22:50:00,7,12,2,0,6,25,0,52
2024-04-02 23:00:00,2,10,0,0,8,27,1,48
2024-04-02 23:10:00,8,13,2,0,3,21,0,47
2024-04-02 23:20:00,0,5,1,0,7,16,0,29
2024-04-02 23:30:00,1,4,0,0,1,11,0,17
2024-04-02 23:40:00,3,8,0,0,4,5,1,21
2024-04-02 23:50:00,0,1,0,0,1,10,0,12
2024-04-03 00:00:00,2,5,0,0,6,9,0,22
2024-04-03 00:10:00,1,5,0,0,1,5,1,13
2024-04-03 00:20:00,3,7,0,0,6,9,0,25
2024-04-03 00:30:00,0,0,0,0,3,6,0,9
2024-04-03 00:40:00,1,6,1,0,2,5,0,15
2024-04-03 00:50:00,0,0,0,0,6,6,0,12
2024-04-03 01:00:00,0,1,0,0,1,0,0,2
2024-04-03 01:10:00,0,0,0,0,1,6,0,7
2024-04-03 01:20:00,0,2,0,0,0,2,0,4
2024-04-03 01:30:00,0,3,0,0,1,6,0,10
2024-04-03 01:40:00,1,1,0,0,0,3,0,5
2024-04-03 01:50:00,1,4,0,0,2,4,0,11
2024-04-03 02:00:00,1,1,1,0,0,1,0,4
2024-04-03 02:10:00,1,3,0,0,1,4,0,9
2024-04-03 02:20:00,0,1,0,0,2,5,0,8
2024-04-03 02:30:00,0,1,0,0,1,1,0,3
2024-04-03 02:40:00,0,0,1,0,1,2,0,4
2024-04-03 02:50:00,0,1,1,0,0,2,0,4
2024-04-03 03:00:00,0,0,0,0,0,2,0,2
2024-04-03 03:10:00,0,0,0,0,0,1,0,1
2024-04-03 03:20:00,0,0,0,0,0,3,0,3
2024-04-03 03:30:00,1,2,0,1,0,0,0,4
2024-04-03 03:40:00,0,0,0,0,0,3,0,3
2024-04-03 03:50:00,0,1,0,0,0,1,0,2
2024-04-03 04:00:00,0,0,0,0,2,1,0,3
2024-04-03 04:10:00,1,1,0,0,1,4,0,7
2024-04-03 04:20:00,0,0,0,0,0,3,0,3
2024-04-03 04:30:00,1,2,0,0,0,2,0,5
2024-04-03 04:40:00,0,2,0,0,1,3,0,6
2024-04-03 04:50:00,3,2,0,0,3,5,0,13
2024-04-03 05:00:00,0,1,0,0,0,5,0,6
2024-04-03 05:10:00,3,4,0,0,0,1,0,8
2024-04-03 05:20:00,1,4,0,0,1,8,1,15
2024-04-03 05:30:00,1,5,0,0,3,6,0,15
2024-04-03 05:40:00,0,5,0,0,7,23,1,36
2024-04-03 05:50:00,7,5,0,0,4,16,0,32
2024-04-03 06:00:00,3,5,1,0,4,18,1,32
2024-04-03 06:10:00,6,7,1,0,6,22,1,43
2024-04-03 06:20:00,3,7,0,0,4,21,0,35
2024-04-03 06:30:00,1,4,1,0,8,24,1,39
2024-04-03 06:40:00,4,11,2,0,13,33,2,65
2024-04-03 06:50:00,7,5,0,0,5,27,1,45
2024-04-03 07:00:00,9,14,2,0,14,38,1,78
2024-04-03 07:10:00,5,14,0,0,13,43,3,78
2024-04-03 07:20:00,11,18,4,0,10,39,0,82
2024-04-03 07:30:00,10,15,5,0,14,39,2,85
2024-04-03 07:40:00,7,16,1,0,22,51,2,99
2024-04-03 07:50:00,8,24,2,0,27,51,2,114
2024-04-03 08:00:00,5,9,2,0,13,47,2,78
2024-04-03 08:10:00,4,25,1,0,25,50,0,105
2024-04-03 08:20:00,9,34,0,0,22,41,1,107
2024-04-03 08:30:00,4,16,2,0,13,44,1,80
2024-04-03 08:40:00,9,19,3,0,22,47,2,102
2024-04-03 08:50:00,8,22,2,0,22,61,0,115
2024-04-03 09:00:00,7,26,5,0,25,52,1,116
2024-04-03 09:10:00,19,30,4,0,21,43,3,120
2024-04-03 09:20:00,15,21,4,0,20,44,1,105
2024-04-03 09:30:00,11,23,3,0,17,59,0,113
2024-04-03 09:40:00,14,29,3,0,19,45,2,112
2024-04-03 09:50:00,16,27,5,0,31,72,0,151
2024-04-03 10:00:00,10,22,3,0,32,76,1,144
2024-04-03 10:10:00,11,18,4,1,15,41,0,90
2024-04-03 10:20:00,13,24,7,0,28,77,0,149
2024-04-03 10:30:00,13,32,8,0,23,69,1,146
2024-04-03 10:40:00,13,27,9,0,24,65,0,138
2024-04-03 10:50:00,6,29,11,0,16,51,1,114
2024-04-03 11:00:00,12,29,16,0,27,61,0,145
2024-04-03 11:10:00,12,19,11,0,24,50,2,118
2024-04-03 11:20:00,10,27,13,0,22,55,0,127
2024-04-03 11:30:00,7,25,12,0,20,51,1,116
2024-04-03 11:40:00,13,27,13,0,21,61,1,136
2024-04-03 11:50:00,12,18,16,0,22,63,0,131
2024-04-03 12:00:00,9,23,8,0,29,75,1,145
2024-04-03 12:10:00,7,13,7,2,175,40,0,244
2024-04-03 12:20:00,7,27,18,0,400,50,0,502
2024-04-03 12:30:00,11,19,9,0,43,194,1,277
2024-04-03 12:40:00,16,25,19,0,15,136,1,212
2024-04-03 12:50:00,9,24,24,0,23,153,0,233
2024-04-03 13:00:00,20,28,18,0,24,114,1,205
2024-04-03 13:10:00,17,26,10,0,15,99,2,169
2024-04-03 13:20:00,7,18,9,0,19,126,0,179
2024-04-03 13:30:00,10,31,15,0,20,146,1,223
2024-04-03 13:40:00,13,15,8,0,25,128,1,190
2024-04-03 13:50:00,12,22,12,0,12,110,0,168
2024-04-03 14:00:00,8,17,8,0,24,162,1,220
2024-04-03 14:10:00,12,30,13,0,29,169,0,253
2024-04-03 14:20:00,10,26,9,0,22,130,0,197
2024-04-03 14:30:00,12,32,4,0,16,168,1,233
2024-04-03 14:40:00,14,25,8,0,12,204,0,263
2024-04-03 14:50:00,10,21,9,0,14,194,0,248
2024-04-03 15:00:00,9,22,12,0,22,230,1,296
2024-04-03 15:10:00,19,28,15,0,22,175,2,261
2024-04-03 15:20:00,14,37,12,0,23,200,0,286
2024-04-03 15:30:00,12,32,18,0,22,194,1,279
2024-04-03 15:40:00,21,28,11,1,18,242,1,322
2024-04-03 15:50:00,18,36,12,0,25,282,0,373
2024-04-03 16:00:00,13,32,14,0,20,252,1,332
2024-04-03 16:10:00,11,27,9,0,25,329,0,401
2024-04-03 16:20:00,17,28,10,0,60,296,0,411
2024-04-03 16:30:00,20,45,19,0,46,237,1,368
2024-04-03 16:40:00,10,32,11,0,54,213,1,321
2024-04-03 16:50:00,12,30,11,0,50,297,0,400
2024-04-03 17:00:00,12,28,13,0,40,337,1,431
2024-04-03 17:10:00,15,30,16,0,63,324,1,449
2024-04-03 17:20:00,17,38,8,0,75,284,0,422
2024-04-03 17:30:00,17,33,14,0,43,351,1,459
2024-04-03 17:40:00,17,34,13,0,44,292,2,402
2024-04-03 17:50:00,14,31,11,0,56,292,0,404
2024-04-03 18:00:00,14,31,11,0,34,209,1,300
2024-04-03 18:10:00,12,22,14,0,32,287,1,368
2024-04-03 18:20:00,14,25,10,0,55,346,0,450
2024-04-03 18:30:00,10,22,8,0,87,321,1,449
2024-04-03 18:40:00,10,23,10,0,20,344,1,408
2024-04-03 18:50:00,13,22,7,0,54,395,0,491
2024-04-03 19:00:00,13,21,9,0,192,161,1,397
2024-04-03 19:10:00,7,16,4,0,36,281,0,344
2024-04-03 19:20:00,7,14,5,0,40,390,1,457
2024-04-03 19:30:00,11,25,9,0,122,155,0,322
2024-04-03 19:40:00,12,16,6,0,23,328,1,386
2024-04-03 19:50:00,6,17,7,1,26,347,0,404
2024-04-03 20:00:00,7,16,10,0,10,158,0,201
2024-04-03 20:10:00,6,16,6,0,20,103,1,152
2024-04-03 20:20:00,2,9,2,0,9,137,0,159
2024-04-03 20:30:00,2,6,5,0,10,234,0,257
2024-04-03 20:40:00,5,15,4,0,22,355,0,401
2024-04-03 20:50:00,4,14,4,0,10,290,0,322
2024-04-03 21:00:00,1,9,2,0,11,271,0,294
2024-04-03 21:10:00,3,10,3,0,90,377,1,484
2024-04-03 21:20:00,4,13,6,0,39,252,0,314
2024-04-03 21:30:00,6,9,2,0,5,157,0,179
2024-04-03 21:40:00,7,15,2,0,11,107,0,142
2024-04-03 21:50:00,4,12,2,0,9,143,0,170
2024-04-03 22:00:00,4,16,1,0,12,216,1,250
2024-04-03 22:10:00,8,9,0,0,11,277,0,305
2024-04-03 22:20:00,1,4,2,0,23,339,0,369
2024-04-03 22:30:00,2,9,2,0,80,352,0,445
2024-04-03 22:40:00,4,10,1,0,79,206,1,301
2024-04-03 22:50:00,2,6,2,0,20,148,0,178
2024-04-03 23:00:00,2,5,1,0,8,141,1,158
2024-04-03 23:10:00,4,7,0,0,28,244,0,283
2024-04-03 23:20:00,4,5,0,0,296,23,0,328
2024-04-03 23:30:00,2,5,1,0,135,321,0,464
2024-04-03 23:40:00,1,6,1,0,6,215,1,230
2024-04-03 23:50:00,0,3,0,0,3,334,0,340
2024-04-04 00:00:00,1,4,0,0,16,284,1,306
2024-04-04 00:10:00,3,2,0,0,2,109,0,116
2024-04-04 00:20:00,2,1,0,0,4,109,0,116
2024-04-04 00:30:00,1,4,0,0,2,44,0,51
2024-04-04 00:40:00,3,3,1,0,0,68,0,75
2024-04-04 00:50:00,1,1,1,0,26,285,0,314
2024-04-04 01:00:00,1,5,0,0,1,240,0,247
2024-04-04 01:10:00,0,1,0,0,12,222,0,235
2024-04-04 01:20:00,2,2,0,0,56,428,0,488
2024-04-04 01:30:00,1,1,0,0,116,451,0,569
2024-04-04 01:40:00,1,1,0,0,19,155,0,176
2024-04-04 01:50:00,0,0,1,0,2,126,0,129
2024-04-04 02:00:00,1,1,1,0,0,151,0,154
2024-04-04 02:10:00,1,2,0,0,0,67,0,70
2024-04-04 02:20:00,0,0,0,0,0,106,0,106
2024-04-04 02:30:00,0,2,0,0,0,104,0,106
2024-04-04 02:40:00,1,0,1,0,0,177,0,179
2024-04-04 02:50:00,0,0,1,0,1,182,0,184
2024-04-04 03:00:00,0,1,0,0,3,195,0,199
2024-04-04 03:10:00,0,0,0,0,4,60,0,64
2024-04-04 03:20:00,1,1,0,0,17,98,0,117
2024-04-04 03:30:00,0,1,0,0,9,175,0,185
2024-04-04 03:40:00,1,2,0,0,69,360,0,432
2024-04-04 03:50:00,0,0,0,0,82,334,0,416
2024-04-04 04:00:00,0,0,0,0,2,119,0,121
2024-04-04 04:10:00,0,0,0,0,71,341,0,412
2024-04-04 04:20:00,0,0,0,0,80,216,0,296
2024-04-04 04:30:00,2,3,0,0,67,242,0,314
2024-04-04 04:40:00,0,1,0,0,105,318,0,424
2024-04-04 04:50:00,1,2,0,0,29,121,0,153
2024-04-04 05:00:00,0,2,0,0,5,98,0,105
2024-04-04 05:10:00,2,1,1,0,4,175,0,183
2024-04-04 05:20:00,1,2,0,0,5,30,0,38
2024-04-04 05:30:00,0,3,1,0,6,14,1,25
2024-04-04 05:40:00,1,3,0,0,5,13,1,23
2024-04-04 05:50:00,5,7,0,0,7,15,0,34
2024-04-04 06:00:00,3,6,2,0,5,18,2,36
2024-04-04 06:10:00,5,7,2,0,6,18,2,40
2024-04-04 06:20:00,5,6,2,0,10,28,1,52
2024-04-04 06:30:00,1,2,0,0,3,18,0,24
2024-04-04 06:40:00,4,10,0,0,7,25,3,49
2024-04-04 06:50:00,6,7,0,0,3,33,0,49
2024-04-04 07:00:00,3,10,0,0,13,30,1,57
2024-04-04 07:10:00,5,17,1,0,10,32,3,68
2024-04-04 07:20:00,4,10,4,0,14,47,0,79
2024-04-04 07:30:00,8,16,1,0,20,47,2,94
2024-04-04 07:40:00,11,24,0,0,21,45,2,103
2024-04-04 07:50:00,7,19,0,0,21,40,1,88
2024-04-04 08:00:00,8,19,1,0,18,44,1,91
2024-04-04 08:10:00,17,21,4,0,25,51,3,121
2024-04-04 08:20:00,9,23,3,0,13,35,0,83
2024-04-04 08:30:00,7,22,2,0,17,42,1,91
2024-04-04 08:40:00,14,32,2,0,25,50,1,124
2024-04-04 08:50:00,5,23,4,0,25,49,1,107
2024-04-04 09:00:00,4,19,1,0,17,52,1,94
2024-04-04 09:10:00,18,32,3,0,14,49,2,118
2024-04-04 09:20:00,12,19,2,0,23,50,1,107
2024-04-04 09:30:00,7,24,2,0,17,66,1,117
2024-04-04 09:40:00,14,24,4,0,26,73,2,143
2024-04-04 09:50:00,10,20,3,0,27,72,0,132
2024-04-04 10:00:00,8,19,4,0,20,51,0,102
2024-04-04 10:10:00,7,28,6,0,17,54,2,114
2024-04-04 10:20:00,13,28,9,0,27,53,0,130
2024-04-04 10:30:00,13,24,10,0,28,56,1,132
2024-04-04 10:40:00,21,29,9,0,30,69,0,158
2024-04-04 10:50:00,14,23,6,0,27,66,1,137
2024-04-04 11:00:00,10,22,6,0,21,57,1,117
2024-04-04 11:10:00,9,25,6,0,10,42,2,94
2024-04-04 11:20:00,7,25,9,0,18,58,0,117
2024-04-04 11:30:00,15,35,6,0,18,62,1,137
2024-04-04 11:40:00,14,31,10,0,21,56,1,133
2024-04-04 11:50:00,5,24,8,0,19,55,1,112
2024-04-04 12:00:00,11,22,9,0,25,79,0,146
2024-04-04 12:10:00,16,29,13,0,20,59,0,137
2024-04-04 12:20:00,10,28,8,0,23,65,1,135
2024-04-04 12:30:00,13,29,17,0,26,61,1,147
2024-04-04 12:40:00,13,23,6,0,27,65,1,135
2024-04-04 12:50:00,15,21,13,0,18,48,1,116
2024-04-04 13:00:00,14,17,14,0,25,64,0,134
2024-04-04 13:10:00,12,20,13,0,22,59,2,128
2024-04-04 13:20:00,12,33,16,0,23,60,0,144
2024-04-04 13:30:00,5,20,7,0,30,66,1,129
2024-04-04 13:40:00,14,19,10,0,35,73,1,152
2024-04-04 13:50:00,20,33,11,0,23,56,0,143
2024-04-04 14:00:00,8,19,10,0,25,65,1,128
2024-04-04 14:10:00,18,37,11,0,27,72,1,166
2024-04-04 14:20:00,11,32,10,0,26,79,0,158
2024-04-04 14:30:00,5,21,16,1,22,70,1,136
2024-04-04 14:40:00,15,29,5,0,27,87,0,163
2024-04-04 14:50:00,11,42,13,0,37,86,1,190
2024-04-04 15:00:00,20,42,14,0,29,66,1,172
2024-04-04 15:10:00,16,31,19,0,24,80,2,172
2024-04-04 15:20:00,16,27,11,0,30,93,0,177
2024-04-04 15:30:00,19,30,11,0,32,58,1,151
2024-04-04 15:40:00,15,33,11,0,19,86,1,165
2024-04-04 15:50:00,24,32,13,0,26,88,0,183
2024-04-04 16:00:00,13,34,10,0,22,92,1,172
2024-04-04 16:10:00,16,28,6,0,34,101,1,186
2024-04-04 16:20:00,15,34,8,0,31,98,0,186
2024-04-04 16:30:00,20,33,7,0,27,94,1,182
2024-04-04 16:40:00,16,19,10,0,31,97,0,173
2024-04-04 16:50:00,18,38,15,0,31,104,2,208
2024-04-04 17:00:00,10,32,13,0,22,90,1,168
2024-04-04 17:10:00,11,37,19,0,21,106,1,195
2024-04-04 17:20:00,23,39,15,0,18,75,0,170
2024-04-04 17:30:00,9,36,9,0,25,83,1,163
2024-04-04 17:40:00,20,35,16,0,25,77,2,175
2024-04-04 17:50:00,14,34,13,0,3,92,0,156
2024-04-04 18:00:00,7,32,13,0,1,91,1,145
2024-04-04 18:10:00,9,28,10,0,0,78,2,127
2024-04-04 18:20:00,5,26,4,0,6,85,0,126
2024-04-04 18:30:00,4,15,11,0,17,74,1,122
2024-04-04 18:40:00,20,25,10,0,15,48,1,119
2024-04-04 18:50:00,14,29,7,0,23,53,0,126
2024-04-04 19:00:00,6,23,13,0,24,56,1,123
2024-04-04 19:10:00,9,19,11,0,17,46,1,103
2024-04-04 19:20:00,8,22,7,0,16,56,0,109
2024-04-04 19:30:00,8,22,8,0,21,45,1,105
2024-04-04 19:40:00,15,28,6,0,22,55,1,127
2024-04-04 19:50:00,6,13,1,0,10,33,0,63
2024-04-04 20:00:00,8,17,5,0,13,32,0,75
2024-04-04 20:10:00,5,14,7,0,11,45,1,83
2024-04-04 20:20:00,11,15,4,1,10,34,0,75
2024-04-04 20:30:00,3,14,1,0,5,28,0,51
2024-04-04 20:40:00,5,9,1,0,6,21,0,42
2024-04-04 20:50:00,3,6,3,0,3,29,0,44
2024-04-04 21:00:00,4,9,2,0,13,24,0,52
2024-04-04 21:10:00,4,17,2,0,8,21,1,53
2024-04-04 21:20:00,6,12,0,0,6,22,0,46
2024-04-04 21:30:00,4,7,3,0,10,37,0,61
2024-04-04 21:40:00,6,11,0,0,19,37,0,73
2024-04-04 21:50:00,5,17,3,0,7,33,0,65
2024-04-04 22:00:00,8,11,1,0,7,23,0,50
2024-04-04 22:10:00,2,9,5,0,7,27,1,51
2024-04-04 22:20:00,0,4,0,0,8,24,0,36
2024-04-04 22:30:00,1,5,0,0,3,17,0,26
2024-04-04 22:40:00,5,5,0,0,6,27,1,44
2024-04-04 22:50:00,4,10,1,0,4,24,0,43
2024-04-04 23:00:00,5,10,0,0,2,21,0,38
2024-04-04 23:10:00,1,4,1,0,7,32,0,45
2024-04-04 23:20:00,4,9,2,0,7,14,0,36
2024-04-04 23:30:00,2,3,0,0,8,21,0,34
2024-04-04 23:40:00,4,3,0,0,5,17,1,30
2024-04-04 23:50:00,1,4,0,0,5,13,0,23
2024-04-05 00:00:00,2,5,0,0,6,17,0,30
2024-04-05 00:10:00,1,7,2,0,6,11,1,28
2024-04-05 00:20:00,2,6,0,0,0,2,0,10
2024-04-05 00:30:00,2,0,1,0,2,5,0,10
2024-04-05 00:40:00,4,2,1,0,1,2,0,10
2024-04-05 00:50:00,0,2,1,0,3,6,0,12
2024-04-05 01:00:00,1,1,0,0,1,4,0,7
2024-04-05 01:10:00,2,5,0,0,2,3,0,12
2024-04-05 01:20:00,1,2,1,0,1,1,0,6
2024-04-05 01:30:00,0,1,0,0,0,5,0,6
2024-04-05 01:40:00,1,2,0,0,0,2,0,5
2024-04-05 01:50:00,0,2,0,0,0,0,0,2
2024-04-05 02:00:00,0,0,0,0,0,0,0,0
