datetime,D21Z,D41Z,D11Z,D31Z,Total
2024-03-01 01:00:00,2,2,0,0,4
2024-03-01 01:10:00,5,6,0,0,11
2024-03-01 01:20:00,1,2,0,0,3
2024-03-01 01:30:00,1,3,0,0,4
2024-03-01 01:40:00,4,7,0,0,11
2024-03-01 01:50:00,2,4,0,0,6
2024-03-01 02:00:00,3,5,0,0,8
2024-03-01 02:10:00,0,2,0,0,2
2024-03-01 02:20:00,1,1,0,0,2
2024-03-01 02:30:00,1,2,0,0,3
2024-03-01 02:40:00,2,1,0,0,3
2024-03-01 02:50:00,2,4,0,0,6
2024-03-01 03:00:00,0,2,0,0,2
2024-03-01 03:10:00,0,0,0,0,0
2024-03-01 03:20:00,0,1,0,0,1
2024-03-01 03:30:00,2,3,0,0,5
2024-03-01 03:40:00,3,4,0,0,7
2024-03-01 03:50:00,0,0,0,0,0
2024-03-01 04:00:00,3,3,0,0,6
2024-03-01 04:10:00,1,3,0,0,4
2024-03-01 04:20:00,0,2,0,0,2
2024-03-01 04:30:00,0,7,0,0,7
2024-03-01 04:40:00,4,3,0,0,7
2024-03-01 04:50:00,3,5,0,0,8
2024-03-01 05:00:00,4,5,0,0,9
2024-03-01 05:10:00,7,8,0,0,15
2024-03-01 05:20:00,10,7,0,0,17
2024-03-01 05:30:00,7,11,0,0,18
2024-03-01 05:40:00,16,9,0,0,25
2024-03-01 05:50:00,22,16,0,0,38
2024-03-01 06:00:00,19,12,0,0,31
2024-03-01 06:10:00,14,16,0,0,30
2024-03-01 06:20:00,13,10,0,0,23
2024-03-01 06:30:00,19,16,0,0,35
2024-03-01 06:40:00,24,18,0,0,42
2024-03-01 06:50:00,33,24,0,0,57
2024-03-01 07:00:00,36,30,0,0,66
2024-03-01 07:10:00,35,23,0,0,58
2024-03-01 07:20:00,24,23,0,0,47
2024-03-01 07:30:00,56,19,0,0,75
2024-03-01 07:40:00,59,48,0,0,107
2024-03-01 07:50:00,56,36,0,0,92
2024-03-01 08:00:00,50,34,0,0,84
2024-03-01 08:10:00,39,34,0,0,73
2024-03-01 08:20:00,40,24,0,0,64
2024-03-01 08:30:00,33,22,0,0,55
2024-03-01 08:40:00,34,29,0,0,63
2024-03-01 08:50:00,49,30,0,0,79
2024-03-01 09:00:00,44,29,0,0,73
2024-03-01 09:10:00,38,24,0,0,62
2024-03-01 09:20:00,38,25,0,0,63
2024-03-01 09:30:00,40,30,0,0,70
2024-03-01 09:40:00,50,28,0,0,78
2024-03-01 09:50:00,43,39,0,0,82
2024-03-01 10:00:00,33,36,0,0,69
2024-03-01 10:10:00,39,31,0,0,70
2024-03-01 10:20:00,32,23,0,0,55
2024-03-01 10:30:00,31,21,0,0,52
2024-03-01 10:40:00,37,32,0,0,69
2024-03-01 10:50:00,36,33,0,0,69
2024-03-01 11:00:00,37,33,0,0,70
2024-03-01 11:10:00,39,30,0,0,69
2024-03-01 11:20:00,54,43,0,0,97
2024-03-01 11:30:00,31,31,0,0,62
2024-03-01 11:40:00,40,36,0,0,76
2024-03-01 11:50:00,50,40,0,0,90
2024-03-01 12:00:00,40,35,0,0,75
2024-03-01 12:10:00,45,43,0,0,88
2024-03-01 12:20:00,44,46,0,0,90
2024-03-01 12:30:00,62,51,0,0,113
2024-03-01 12:40:00,48,48,0,0,96
2024-03-01 12:50:00,42,35,0,0,77
2024-03-01 13:00:00,49,32,0,0,81
2024-03-01 13:10:00,59,37,0,0,96
2024-03-01 13:20:00,52,43,0,0,95
2024-03-01 13:30:00,34,38,0,0,72
2024-03-01 13:40:00,37,46,0,0,83
2024-03-01 13:50:00,48,48,0,0,96
2024-03-01 14:00:00,41,42,0,0,83
2024-03-01 14:10:00,42,42,0,0,84
2024-03-01 14:20:00,37,44,0,0,81
2024-03-01 14:30:00,48,45,0,0,93
2024-03-01 14:40:00,36,44,0,0,80
2024-03-01 14:50:00,61,53,0,0,114
2024-03-01 15:00:00,68,40,0,0,108
2024-03-01 15:10:00,50,50,0,0,100
2024-03-01 15:20:00,50,39,0,0,89
2024-03-01 15:30:00,48,46,0,0,94
2024-03-01 15:40:00,51,55,0,0,106
2024-03-01 15:50:00,48,49,0,0,97
2024-03-01 16:00:00,51,44,0,0,95
2024-03-01 16:10:00,41,41,0,0,82
2024-03-01 16:20:00,51,37,0,0,88
2024-03-01 16:30:00,41,52,0,0,93
2024-03-01 16:40:00,45,56,0,0,101
2024-03-01 16:50:00,39,59,0,0,98
2024-03-01 17:00:00,31,43,0,0,74
2024-03-01 17:10:00,40,46,0,0,86
2024-03-01 17:20:00,47,36,0,0,83
2024-03-01 17:30:00,33,38,0,0,71
2024-03-01 17:40:00,36,48,0,0,84
2024-03-01 17:50:00,43,37,0,0,80
2024-03-01 18:00:00,30,36,0,0,66
2024-03-01 18:10:00,36,36,0,0,72
2024-03-01 18:20:00,38,40,0,0,78
2024-03-01 18:30:00,35,27,0,0,62
2024-03-01 18:40:00,38,35,0,0,73
2024-03-01 18:50:00,37,28,0,0,65
2024-03-01 19:00:00,29,35,0,0,64
2024-03-01 19:10:00,31,26,0,0,57
2024-03-01 19:20:00,32,34,0,0,66
2024-03-01 19:30:00,20,19,0,0,39
2024-03-01 19:40:00,18,24,0,0,42
2024-03-01 19:50:00,28,24,0,0,52
2024-03-01 20:00:00,26,31,0,0,57
2024-03-01 20:10:00,21,26,0,0,47
2024-03-01 20:20:00,20,26,0,0,46
2024-03-01 20:30:00,18,19,0,0,37
2024-03-01 20:40:00,16,27,0,0,43
2024-03-01 20:50:00,13,19,0,0,32
2024-03-01 21:00:00,20,17,0,0,37
2024-03-01 21:10:00,17,17,0,0,34
2024-03-01 21:20:00,17,25,0,0,42
2024-03-01 21:30:00,16,24,0,0,40
2024-03-01 21:40:00,14,22,0,0,36
2024-03-01 21:50:00,10,25,0,0,35
2024-03-01 22:00:00,14,20,0,0,34
2024-03-01 22:10:00,16,16,0,0,32
2024-03-01 22:20:00,13,15,0,0,28
2024-03-01 22:30:00,13,11,0,0,24
2024-03-01 22:40:00,13,17,0,0,30
2024-03-01 22:50:00,11,15,0,0,26
2024-03-01 23:00:00,17,11,0,0,28
2024-03-01 23:10:00,16,19,0,0,35
2024-03-01 23:20:00,9,16,0,0,25
2024-03-01 23:30:00,12,14,0,0,26
2024-03-01 23:40:00,10,9,0,0,19
2024-03-01 23:50:00,14,14,0,0,28
2024-03-02 00:00:00,7,11,0,0,18
2024-03-02 00:10:00,18,14,0,0,32
2024-03-02 00:20:00,12,12,0,0,24
2024-03-02 00:30:00,7,7,0,0,14
2024-03-02 00:40:00,4,5,0,0,9
2024-03-02 00:50:00,3,5,0,0,8
2024-03-02 01:00:00,0,9,0,0,9
2024-03-02 01:10:00,7,3,0,0,10
2024-03-02 01:20:00,3,9,0,0,12
2024-03-02 01:30:00,2,5,0,0,7
2024-03-02 01:40:00,5,10,0,0,15
2024-03-02 01:50:00,2,7,0,0,9
2024-03-02 02:00:00,6,8,0,0,14
2024-03-02 02:10:00,6,4,0,0,10
2024-03-02 02:20:00,3,8,0,0,11
2024-03-02 02:30:00,3,3,0,0,6
2024-03-02 02:40:00,4,3,0,0,7
2024-03-02 02:50:00,0,4,0,0,4
2024-03-02 03:00:00,1,2,0,0,3
2024-03-02 03:10:00,2,5,0,0,7
2024-03-02 03:20:00,2,3,0,0,5
2024-03-02 03:30:00,1,3,0,0,4
2024-03-02 03:40:00,5,4,0,0,9
2024-03-02 03:50:00,5,4,0,0,9
2024-03-02 04:00:00,1,2,0,0,3
2024-03-02 04:10:00,1,4,0,0,5
2024-03-02 04:20:00,3,3,0,0,6
2024-03-02 04:30:00,1,3,0,0,4
2024-03-02 04:40:00,0,4,0,0,4
2024-03-02 04:50:00,1,2,0,0,3
2024-03-02 05:00:00,7,7,0,0,14
2024-03-02 05:10:00,4,9,0,0,13
2024-03-02 05:20:00,2,5,0,0,7
2024-03-02 05:30:00,3,8,0,0,11
2024-03-02 05:40:00,4,8,0,0,12
2024-03-02 05:50:00,3,8,0,0,11
2024-03-02 06:00:00,4,4,0,0,8
2024-03-02 06:10:00,9,11,0,0,20
2024-03-02 06:20:00,3,7,0,0,10
2024-03-02 06:30:00,13,10,0,0,23
2024-03-02 06:40:00,7,8,0,0,15
2024-03-02 06:50:00,7,9,0,0,16
2024-03-02 07:00:00,6,5,0,0,11
2024-03-02 07:10:00,8,13,0,0,21
2024-03-02 07:20:00,13,11,0,0,24
2024-03-02 07:30:00,17,16,0,0,33
2024-03-02 07:40:00,10,15,0,0,25
2024-03-02 07:50:00,14,16,0,0,30
2024-03-02 08:00:00,4,14,0,0,18
2024-03-02 08:10:00,11,17,0,0,28
2024-03-02 08:20:00,16,14,0,0,30
2024-03-02 08:30:00,12,13,0,0,25
2024-03-02 08:40:00,15,15,0,0,30
2024-03-02 08:50:00,25,26,0,0,51
2024-03-02 09:00:00,29,17,0,0,46
2024-03-02 09:10:00,18,17,0,0,35
2024-03-02 09:20:00,26,25,0,0,51
2024-03-02 09:30:00,23,25,0,0,48
2024-03-02 09:40:00,21,25,0,0,46
2024-03-02 09:50:00,33,33,0,0,66
2024-03-02 10:00:00,30,19,0,0,49
2024-03-02 10:10:00,33,25,0,0,58
2024-03-02 10:20:00,33,27,0,0,60
2024-03-02 10:30:00,31,29,0,0,60
2024-03-02 10:40:00,43,29,0,0,72
2024-03-02 10:50:00,33,29,0,0,62
2024-03-02 11:00:00,29,27,0,0,56
2024-03-02 11:10:00,28,26,0,0,54
2024-03-02 11:20:00,31,27,0,0,58
2024-03-02 11:30:00,39,31,0,0,70
2024-03-02 11:40:00,28,28,0,0,56
2024-03-02 11:50:00,41,33,0,0,74
2024-03-02 12:00:00,34,28,0,0,62
2024-03-02 12:10:00,25,39,0,0,64
2024-03-02 12:20:00,34,31,0,0,65
2024-03-02 12:30:00,40,26,0,0,66
2024-03-02 12:40:00,35,41,0,0,76
2024-03-02 12:50:00,32,33,0,0,65
2024-03-02 13:00:00,31,33,0,0,64
2024-03-02 13:10:00,37,31,0,0,68
2024-03-02 13:20:00,33,32,0,0,65
2024-03-02 13:30:00,34,25,0,0,59
2024-03-02 13:40:00,40,42,0,0,82
2024-03-02 13:50:00,35,29,0,0,64
2024-03-02 14:00:00,38,38,0,0,76
2024-03-02 14:10:00,29,33,0,0,62
2024-03-02 14:20:00,44,40,0,0,84
2024-03-02 14:30:00,40,36,0,0,76
2024-03-02 14:40:00,38,36,0,0,74
2024-03-02 14:50:00,43,33,0,0,76
2024-03-02 15:00:00,29,35,0,0,64
2024-03-02 15:10:00,33,29,0,0,62
2024-03-02 15:20:00,30,40,0,0,70
2024-03-02 15:30:00,38,43,0,0,81
2024-03-02 15:40:00,26,33,0,0,59
2024-03-02 15:50:00,24,33,0,0,57
2024-03-02 16:00:00,18,24,0,0,42
2024-03-02 16:10:00,26,36,0,0,62
2024-03-02 16:20:00,27,43,0,0,70
2024-03-02 16:30:00,26,26,0,0,52
2024-03-02 16:40:00,14,25,0,0,39
2024-03-02 16:50:00,34,32,0,0,66
2024-03-02 17:00:00,25,28,0,0,53
2024-03-02 17:10:00,35,33,0,0,68
2024-03-02 17:20:00,29,36,0,0,65
2024-03-02 17:30:00,27,36,0,0,63
2024-03-02 17:40:00,26,30,0,0,56
2024-03-02 17:50:00,28,30,0,0,58
2024-03-02 18:00:00,35,27,0,0,62
2024-03-02 18:10:00,49,34,0,0,83
2024-03-02 18:20:00,33,32,0,0,65
2024-03-02 18:30:00,31,32,0,0,63
2024-03-02 18:40:00,33,27,0,0,60
2024-03-02 18:50:00,29,26,0,0,55
2024-03-02 19:00:00,36,32,0,0,68
2024-03-02 19:10:00,22,24,0,0,46
2024-03-02 19:20:00,23,32,0,0,55
2024-03-02 19:30:00,26,20,0,0,46
2024-03-02 19:40:00,19,16,0,0,35
2024-03-02 19:50:00,21,25,0,0,46
2024-03-02 20:00:00,19,22,0,0,41
2024-03-02 20:10:00,21,31,0,0,52
2024-03-02 20:20:00,17,31,0,0,48
2024-03-02 20:30:00,16,15,0,0,31
2024-03-02 20:40:00,17,29,0,0,46
2024-03-02 20:50:00,25,18,0,0,43
2024-03-02 21:00:00,13,15,0,0,28
2024-03-02 21:10:00,13,18,0,0,31
2024-03-02 21:20:00,15,22,0,0,37
2024-03-02 21:30:00,11,18,0,0,29
2024-03-02 21:40:00,16,14,0,0,30
2024-03-02 21:50:00,19,24,0,0,43
2024-03-02 22:00:00,15,19,0,0,34
2024-03-02 22:10:00,17,25,0,0,42
2024-03-02 22:20:00,14,15,0,0,29
2024-03-02 22:30:00,17,19,0,0,36
2024-03-02 22:40:00,10,14,0,0,24
2024-03-02 22:50:00,17,16,0,0,33
2024-03-02 23:00:00,14,15,0,0,29
2024-03-02 23:10:00,12,21,0,0,33
2024-03-02 23:20:00,6,4,0,0,10
2024-03-02 23:30:00,1,11,0,0,12
2024-03-02 23:40:00,7,13,0,0,20
2024-03-02 23:50:00,14,13,0,0,27
2024-03-03 00:00:00,9,10,0,0,19
2024-03-03 00:10:00,10,14,0,0,24
2024-03-03 00:20:00,14,16,0,0,30
2024-03-03 00:30:00,8,7,0,0,15
2024-03-03 00:40:00,4,10,0,0,14
2024-03-03 00:50:00,6,10,0,0,16
2024-03-03 01:00:00,9,7,0,0,16
2024-03-03 01:10:00,6,6,0,0,12
2024-03-03 01:20:00,8,13,0,0,21
2024-03-03 01:30:00,2,6,0,0,8
2024-03-03 01:40:00,6,10,0,0,16
2024-03-03 01:50:00,5,4,0,0,9
2024-03-03 02:00:00,10,10,0,0,20
2024-03-03 02:10:00,4,5,0,0,9
2024-03-03 02:20:00,3,5,0,0,8
2024-03-03 02:30:00,0,6,0,0,6
2024-03-03 02:40:00,3,4,0,0,7
2024-03-03 02:50:00,3,6,0,0,9
2024-03-03 03:00:00,1,2,0,0,3
2024-03-03 03:10:00,2,4,0,0,6
2024-03-03 03:20:00,2,5,0,0,7
2024-03-03 03:30:00,2,3,0,0,5
2024-03-03 03:40:00,3,3,0,0,6
2024-03-03 03:50:00,9,5,0,0,14
2024-03-03 04:00:00,1,9,0,0,10
2024-03-03 04:10:00,3,2,0,0,5
2024-03-03 04:20:00,2,4,0,0,6
2024-03-03 04:30:00,0,0,0,0,0
2024-03-03 04:40:00,1,5,0,0,6
2024-03-03 04:50:00,4,3,0,0,7
2024-03-03 05:00:00,1,1,0,0,2
2024-03-03 05:10:00,6,3,0,0,9
2024-03-03 05:20:00,1,2,0,0,3
2024-03-03 05:30:00,1,3,0,0,4
2024-03-03 05:40:00,6,8,0,0,14
2024-03-03 05:50:00,0,5,0,0,5
2024-03-03 06:00:00,1,8,0,0,9
2024-03-03 06:10:00,3,3,0,0,6
2024-03-03 06:20:00,3,3,0,0,6
2024-03-03 06:30:00,3,1,0,0,4
2024-03-03 06:40:00,5,6,0,0,11
2024-03-03 06:50:00,5,3,0,0,8
2024-03-03 07:00:00,2,4,0,0,6
2024-03-03 07:10:00,5,5,0,0,10
2024-03-03 07:20:00,1,3,0,0,4
2024-03-03 07:30:00,5,2,0,0,7
2024-03-03 07:40:00,4,10,0,0,14
2024-03-03 07:50:00,5,11,0,0,16
2024-03-03 08:00:00,6,7,0,0,13
2024-03-03 08:10:00,4,5,0,0,9
2024-03-03 08:20:00,8,12,0,0,20
2024-03-03 08:30:00,10,5,0,0,15
2024-03-03 08:40:00,9,8,0,0,17
2024-03-03 08:50:00,9,12,0,0,21
2024-03-03 09:00:00,10,5,0,0,15
2024-03-03 09:10:00,11,19,0,0,30
2024-03-03 09:20:00,15,15,0,0,30
2024-03-03 09:30:00,16,18,0,0,34
2024-03-03 09:40:00,16,16,0,0,32
2024-03-03 09:50:00,27,14,0,0,41
2024-03-03 10:00:00,19,11,0,0,30
2024-03-03 10:10:00,20,15,0,0,35
2024-03-03 10:20:00,17,16,0,0,33
2024-03-03 10:30:00,24,17,0,0,41
2024-03-03 10:40:00,18,20,0,0,38
2024-03-03 10:50:00,14,9,0,0,23
2024-03-03 11:00:00,19,21,0,0,40
2024-03-03 11:10:00,23,20,0,0,43
2024-03-03 11:20:00,23,15,0,0,38
2024-03-03 11:30:00,27,18,0,0,45
2024-03-03 11:40:00,19,11,0,0,30
2024-03-03 11:50:00,32,20,0,0,52
2024-03-03 12:00:00,22,18,0,0,40
2024-03-03 12:10:00,29,19,0,0,48
2024-03-03 12:20:00,28,24,0,0,52
2024-03-03 12:30:00,30,25,0,0,55
2024-03-03 12:40:00,31,26,0,0,57
2024-03-03 12:50:00,27,25,0,0,52
2024-03-03 13:00:00,28,29,0,0,57
2024-03-03 13:10:00,27,25,0,0,52
2024-03-03 13:20:00,14,23,0,0,37
2024-03-03 13:30:00,29,20,0,0,49
2024-03-03 13:40:00,25,20,0,0,45
2024-03-03 13:50:00,24,26,0,0,50
2024-03-03 14:00:00,23,20,0,0,43
2024-03-03 14:10:00,17,20,0,0,37
2024-03-03 14:20:00,21,25,0,0,46
2024-03-03 14:30:00,22,17,0,0,39
2024-03-03 14:40:00,24,19,0,0,43
2024-03-03 14:50:00,32,30,0,0,62
2024-03-03 15:00:00,34,26,0,0,60
2024-03-03 15:10:00,22,19,0,0,41
2024-03-03 15:20:00,23,21,0,0,44
2024-03-03 15:30:00,16,25,0,0,41
2024-03-03 15:40:00,27,20,0,0,47
2024-03-03 15:50:00,22,33,0,0,55
2024-03-03 16:00:00,25,35,0,0,60
2024-03-03 16:10:00,27,25,0,0,52
2024-03-03 16:20:00,19,21,0,0,40
2024-03-03 16:30:00,33,24,0,0,57
2024-03-03 16:40:00,24,29,0,0,53
2024-03-03 16:50:00,34,26,0,0,60
2024-03-03 17:00:00,21,19,0,0,40
2024-03-03 17:10:00,32,28,0,0,60
2024-03-03 17:20:00,27,29,0,0,56
2024-03-03 17:30:00,31,31,0,0,62
2024-03-03 17:40:00,33,27,0,0,60
2024-03-03 17:50:00,21,28,0,0,49
2024-03-03 18:00:00,33,21,0,0,54
2024-03-03 18:10:00,30,27,0,0,57
2024-03-03 18:20:00,28,24,0,0,52
2024-03-03 18:30:00,22,24,0,0,46
2024-03-03 18:40:00,19,31,0,0,50
2024-03-03 18:50:00,26,32,0,0,58
2024-03-03 19:00:00,23,13,0,0,36
2024-03-03 19:10:00,22,26,0,0,48
2024-03-03 19:20:00,23,16,0,0,39
2024-03-03 19:30:00,18,22,0,0,40
2024-03-03 19:40:00,23,31,0,0,54
2024-03-03 19:50:00,20,26,0,0,46
2024-03-03 20:00:00,14,22,0,0,36
2024-03-03 20:10:00,17,15,0,0,32
2024-03-03 20:20:00,13,15,0,0,28
2024-03-03 20:30:00,12,17,0,0,29
2024-03-03 20:40:00,15,23,0,0,38
2024-03-03 20:50:00,11,22,0,0,33
2024-03-03 21:00:00,13,17,0,0,30
2024-03-03 21:10:00,9,8,0,0,17
2024-03-03 21:20:00,11,16,0,0,27
2024-03-03 21:30:00,9,12,0,0,21
2024-03-03 21:40:00,13,21,0,0,34
2024-03-03 21:50:00,13,14,0,0,27
2024-03-03 22:00:00,14,13,0,0,27
2024-03-03 22:10:00,11,10,0,0,21
2024-03-03 22:20:00,8,15,0,0,23
2024-03-03 22:30:00,9,6,0,0,15
2024-03-03 22:40:00,9,9,0,0,18
2024-03-03 22:50:00,13,15,0,0,28
2024-03-03 23:00:00,7,8,0,0,15
2024-03-03 23:10:00,5,9,0,0,14
2024-03-03 23:20:00,6,7,0,0,13
2024-03-03 23:30:00,5,4,0,0,9
2024-03-03 23:40:00,10,11,0,0,21
2024-03-03 23:50:00,8,6,0,0,14
2024-03-04 00:00:00,2,6,0,0,8
2024-03-04 00:10:00,3,6,0,0,9
2024-03-04 00:20:00,3,6,0,0,9
2024-03-04 00:30:00,1,3,0,0,4
2024-03-04 00:40:00,1,3,0,0,4
2024-03-04 00:50:00,5,5,0,0,10
2024-03-04 01:00:00,1,1,0,0,2
2024-03-04 01:10:00,3,2,0,0,5
2024-03-04 01:20:00,4,6,0,0,10
2024-03-04 01:30:00,1,1,0,0,2
2024-03-04 01:40:00,1,3,0,0,4
2024-03-04 01:50:00,0,1,0,0,1
2024-03-04 02:00:00,1,2,0,0,3
2024-03-04 02:10:00,0,2,0,0,2
2024-03-04 02:20:00,3,3,0,0,6
2024-03-04 02:30:00,2,1,0,0,3
2024-03-04 02:40:00,1,2,0,0,3
2024-03-04 02:50:00,1,1,0,0,2
2024-03-04 03:00:00,1,0,0,0,1
2024-03-04 03:10:00,0,2,0,0,2
2024-03-04 03:20:00,0,0,0,0,0
2024-03-04 03:30:00,4,4,0,0,8
2024-03-04 03:40:00,0,1,0,0,1
2024-03-04 03:50:00,0,0,0,0,0
2024-03-04 04:00:00,4,6,0,0,10
2024-03-04 04:10:00,4,3,0,0,7
2024-03-04 04:20:00,4,6,0,0,10
2024-03-04 04:30:00,4,2,0,0,6
2024-03-04 04:40:00,1,3,0,0,4
2024-03-04 04:50:00,5,4,0,0,9
2024-03-04 05:00:00,7,7,0,0,14
2024-03-04 05:10:00,9,6,0,0,15
2024-03-04 05:20:00,9,8,0,0,17
2024-03-04 05:30:00,6,5,0,0,11
2024-03-04 05:40:00,6,12,0,0,18
2024-03-04 05:50:00,19,18,0,0,37
2024-03-04 06:00:00,10,14,0,0,24
2024-03-04 06:10:00,15,12,0,0,27
2024-03-04 06:20:00,18,16,0,0,34
2024-03-04 06:30:00,24,23,0,0,47
2024-03-04 06:40:00,32,20,0,0,52
2024-03-04 06:50:00,43,28,0,0,71
2024-03-04 07:00:00,32,21,0,0,53
2024-03-04 07:10:00,50,23,0,0,73
2024-03-04 07:20:00,43,29,0,0,72
2024-03-04 07:30:00,76,34,0,0,110
2024-03-04 07:40:00,79,44,0,0,123
2024-03-04 07:50:00,68,34,0,0,102
2024-03-04 08:00:00,66,30,0,0,96
2024-03-04 08:10:00,52,38,0,0,90
2024-03-04 08:20:00,52,35,0,0,87
2024-03-04 08:30:00,63,40,0,0,103
2024-03-04 08:40:00,51,33,0,0,84
2024-03-04 08:50:00,60,31,0,0,91
2024-03-04 09:00:00,42,31,0,0,73
2024-03-04 09:10:00,32,44,0,0,76
2024-03-04 09:20:00,39,31,0,0,70
2024-03-04 09:30:00,28,24,0,0,52
2024-03-04 09:40:00,42,29,0,0,71
2024-03-04 09:50:00,32,37,0,0,69
2024-03-04 10:00:00,35,26,0,0,61
2024-03-04 10:10:00,34,30,0,0,64
2024-03-04 10:20:00,29,26,0,0,55
2024-03-04 10:30:00,44,28,0,0,72
2024-03-04 10:40:00,37,23,0,0,60
2024-03-04 10:50:00,29,25,0,0,54
2024-03-04 11:00:00,24,24,0,0,48
2024-03-04 11:10:00,34,27,0,0,61
2024-03-04 11:20:00,42,32,0,0,74
2024-03-04 11:30:00,28,24,0,0,52
2024-03-04 11:40:00,22,23,0,0,45
2024-03-04 11:50:00,35,38,0,0,73
2024-03-04 12:00:00,32,27,0,0,59
2024-03-04 12:10:00,30,42,0,0,72
2024-03-04 12:20:00,40,43,0,0,83
2024-03-04 12:30:00,33,32,0,0,65
2024-03-04 12:40:00,34,30,0,0,64
2024-03-04 12:50:00,32,33,0,0,65
2024-03-04 13:00:00,36,33,0,0,69
2024-03-04 13:10:00,31,35,0,0,66
2024-03-04 13:20:00,37,24,0,0,61
2024-03-04 13:30:00,33,35,0,0,68
2024-03-04 13:40:00,49,34,0,0,83
2024-03-04 13:50:00,29,40,0,0,69
2024-03-04 14:00:00,30,31,0,0,61
2024-03-04 14:10:00,27,36,0,0,63
2024-03-04 14:20:00,38,41,0,0,79
2024-03-04 14:30:00,35,30,0,0,65
2024-03-04 14:40:00,37,43,0,0,80
2024-03-04 14:50:00,41,36,0,0,77
2024-03-04 15:00:00,54,39,0,0,93
2024-03-04 15:10:00,41,34,0,0,75
2024-03-04 15:20:00,25,33,0,0,58
2024-03-04 15:30:00,38,44,0,0,82
2024-03-04 15:40:00,43,46,0,0,89
2024-03-04 15:50:00,46,53,0,0,99
2024-03-04 16:00:00,31,41,0,0,72
2024-03-04 16:10:00,36,45,0,0,81
2024-03-04 16:20:00,52,37,0,0,89
2024-03-04 16:30:00,49,45,0,0,94
2024-03-04 16:40:00,32,50,0,0,82
2024-03-04 16:50:00,37,44,0,0,81
2024-03-04 17:00:00,40,39,0,0,79
2024-03-04 17:10:00,44,49,0,0,93
2024-03-04 17:20:00,42,47,0,0,89
2024-03-04 17:30:00,38,39,0,0,77
2024-03-04 17:40:00,40,47,0,0,87
2024-03-04 17:50:00,37,36,0,0,73
2024-03-04 18:00:00,36,36,0,0,72
2024-03-04 18:10:00,37,31,0,0,68
2024-03-04 18:20:00,25,38,0,0,63
2024-03-04 18:30:00,31,33,0,0,64
2024-03-04 18:40:00,40,35,0,0,75
2024-03-04 18:50:00,37,33,0,0,70
2024-03-04 19:00:00,31,24,0,0,55
2024-03-04 19:10:00,25,35,0,0,60
2024-03-04 19:20:00,24,18,0,0,42
2024-03-04 19:30:00,19,26,0,0,45
2024-03-04 19:40:00,25,28,0,0,53
2024-03-04 19:50:00,25,19,0,0,44
2024-03-04 20:00:00,17,19,0,0,36
2024-03-04 20:10:00,15,20,0,0,35
2024-03-04 20:20:00,23,24,0,0,47
2024-03-04 20:30:00,15,19,0,0,34
2024-03-04 20:40:00,19,24,0,0,43
2024-03-04 20:50:00,15,19,0,0,34
2024-03-04 21:00:00,17,25,0,0,42
2024-03-04 21:10:00,14,17,0,0,31
2024-03-04 21:20:00,12,20,0,0,32
2024-03-04 21:30:00,9,11,0,0,20
2024-03-04 21:40:00,13,12,0,0,25
2024-03-04 21:50:00,12,17,0,0,29
2024-03-04 22:00:00,11,14,0,0,25
2024-03-04 22:10:00,14,11,0,0,25
2024-03-04 22:20:00,20,12,0,0,32
2024-03-04 22:30:00,8,18,0,0,26
2024-03-04 22:40:00,11,15,0,0,26
2024-03-04 22:50:00,4,9,0,0,13
2024-03-04 23:00:00,6,12,0,0,18
2024-03-04 23:10:00,7,9,0,0,16
2024-03-04 23:20:00,7,6,0,0,13
2024-03-04 23:30:00,6,6,0,0,12
2024-03-04 23:40:00,5,4,0,0,9
2024-03-04 23:50:00,2,5,0,0,7
2024-03-05 00:00:00,6,7,0,0,13
2024-03-05 00:10:00,3,5,0,0,8
2024-03-05 00:20:00,5,5,0,0,10
2024-03-05 00:30:00,2,5,0,0,7
2024-03-05 00:40:00,1,1,0,0,2
2024-03-05 00:50:00,0,2,0,0,2
2024-03-05 01:00:00,2,4,0,0,6
2024-03-05 01:10:00,1,1,0,0,2
2024-03-05 01:20:00,2,3,0,0,5
2024-03-05 01:30:00,2,3,0,0,5
2024-03-05 01:40:00,1,0,0,0,1
2024-03-05 01:50:00,4,1,0,0,5
2024-03-05 02:00:00,1,3,0,0,4
2024-03-05 02:10:00,0,2,0,0,2
2024-03-05 02:20:00,2,2,0,0,4
2024-03-05 02:30:00,2,2,0,0,4
2024-03-05 02:40:00,2,3,0,0,5
2024-03-05 02:50:00,0,0,0,0,0
2024-03-05 03:00:00,2,2,0,0,4
2024-03-05 03:10:00,1,2,0,0,3
2024-03-05 03:20:00,0,2,0,0,2
2024-03-05 03:30:00,2,3,0,0,5
2024-03-05 03:40:00,1,2,0,0,3
2024-03-05 03:50:00,3,2,0,0,5
2024-03-05 04:00:00,2,3,0,0,5
2024-03-05 04:10:00,2,3,0,0,5
2024-03-05 04:20:00,2,4,0,0,6
2024-03-05 04:30:00,0,1,0,0,1
2024-03-05 04:40:00,3,6,0,0,9
2024-03-05 04:50:00,1,4,0,0,5
2024-03-05 05:00:00,5,4,0,0,9
2024-03-05 05:10:00,5,3,0,0,8
2024-03-05 05:20:00,9,9,0,0,18
2024-03-05 05:30:00,8,9,0,0,17
2024-03-05 05:40:00,9,10,0,0,19
2024-03-05 05:50:00,21,18,0,0,39
2024-03-05 06:00:00,21,16,0,0,37
2024-03-05 06:10:00,12,14,0,0,26
2024-03-05 06:20:00,25,15,0,0,40
2024-03-05 06:30:00,30,17,0,0,47
2024-03-05 06:40:00,26,23,0,0,49
2024-03-05 06:50:00,25,23,0,0,48
2024-03-05 07:00:00,35,25,0,0,60
2024-03-05 07:10:00,38,32,0,0,70
2024-03-05 07:20:00,62,23,0,0,85
2024-03-05 07:30:00,54,38,0,0,92
2024-03-05 07:40:00,78,42,0,0,120
2024-03-05 07:50:00,54,29,0,0,83
2024-03-05 08:00:00,71,38,0,0,109
2024-03-05 08:10:00,68,32,0,0,100
2024-03-05 08:20:00,66,36,0,0,102
2024-03-05 08:30:00,63,23,0,0,86
2024-03-05 08:40:00,65,35,0,0,100
2024-03-05 08:50:00,55,28,0,0,83
2024-03-05 09:00:00,48,28,0,0,76
2024-03-05 09:10:00,51,36,0,0,87
2024-03-05 09:20:00,32,31,0,0,63
2024-03-05 09:30:00,31,21,0,0,52
2024-03-05 09:40:00,31,29,0,0,60
2024-03-05 09:50:00,39,31,0,0,70
2024-03-05 10:00:00,23,23,0,0,46
2024-03-05 10:10:00,38,28,0,0,66
2024-03-05 10:20:00,29,23,0,0,52
2024-03-05 10:30:00,33,24,0,0,57
2024-03-05 10:40:00,26,32,0,0,58
2024-03-05 10:50:00,35,26,0,0,61
2024-03-05 11:00:00,30,24,0,0,54
2024-03-05 11:10:00,33,28,0,0,61
2024-03-05 11:20:00,32,28,0,0,60
2024-03-05 11:30:00,39,37,0,0,76
2024-03-05 11:40:00,33,31,0,0,64
2024-03-05 11:50:00,27,35,0,0,62
2024-03-05 12:00:00,40,32,0,0,72
2024-03-05 12:10:00,28,36,0,0,64
2024-03-05 12:20:00,40,22,0,0,62
2024-03-05 12:30:00,32,30,0,0,62
2024-03-05 12:40:00,41,36,0,0,77
2024-03-05 12:50:00,30,25,0,0,55
2024-03-05 13:00:00,31,25,0,0,56
2024-03-05 13:10:00,37,41,0,0,78
2024-03-05 13:20:00,33,32,0,0,65
2024-03-05 13:30:00,27,22,0,0,49
2024-03-05 13:40:00,32,37,0,0,69
2024-03-05 13:50:00,34,33,0,0,67
2024-03-05 14:00:00,26,32,0,0,58
2024-03-05 14:10:00,25,35,0,0,60
2024-03-05 14:20:00,34,35,0,0,69
2024-03-05 14:30:00,33,35,0,0,68
2024-03-05 14:40:00,40,44,0,0,84
2024-03-05 14:50:00,36,38,0,0,74
2024-03-05 15:00:00,35,33,0,0,68
2024-03-05 15:10:00,46,34,0,0,80
2024-03-05 15:20:00,34,40,0,0,74
2024-03-05 15:30:00,39,43,0,0,82
2024-03-05 15:40:00,39,36,0,0,75
2024-03-05 15:50:00,45,49,0,0,94
2024-03-05 16:00:00,42,43,0,0,85
2024-03-05 16:10:00,45,52,0,0,97
2024-03-05 16:20:00,40,51,0,0,91
2024-03-05 16:30:00,46,40,0,0,86
2024-03-05 16:40:00,37,47,0,0,84
2024-03-05 16:50:00,27,37,0,0,64
2024-03-05 17:00:00,50,53,0,0,103
2024-03-05 17:10:00,32,57,0,0,89
2024-03-05 17:20:00,38,45,0,0,83
2024-03-05 17:30:00,37,42,0,0,79
2024-03-05 17:40:00,38,50,0,0,88
2024-03-05 17:50:00,47,50,0,0,97
2024-03-05 18:00:00,35,35,0,0,70
2024-03-05 18:10:00,45,46,0,0,91
2024-03-05 18:20:00,41,38,0,0,79
2024-03-05 18:30:00,33,35,0,0,68
2024-03-05 18:40:00,35,35,0,0,70
2024-03-05 18:50:00,35,35,0,0,70
2024-03-05 19:00:00,24,30,0,0,54
2024-03-05 19:10:00,25,28,0,0,53
2024-03-05 19:20:00,21,23,0,0,44
2024-03-05 19:30:00,27,25,0,0,52
2024-03-05 19:40:00,25,23,0,0,48
2024-03-05 19:50:00,17,17,0,0,34
2024-03-05 20:00:00,19,24,0,0,43
2024-03-05 20:10:00,23,29,0,0,52
2024-03-05 20:20:00,13,16,0,0,29
2024-03-05 20:30:00,13,22,0,0,35
2024-03-05 20:40:00,23,18,0,0,41
2024-03-05 20:50:00,13,23,0,0,36
2024-03-05 21:00:00,13,15,0,0,28
2024-03-05 21:10:00,15,23,0,0,38
2024-03-05 21:20:00,23,17,0,0,40
2024-03-05 21:30:00,10,16,0,0,26
2024-03-05 21:40:00,7,18,0,0,25
2024-03-05 21:50:00,15,16,0,0,31
2024-03-05 22:00:00,9,17,0,0,26
2024-03-05 22:10:00,11,16,0,0,27
2024-03-05 22:20:00,14,19,0,0,33
2024-03-05 22:30:00,8,10,0,0,18
2024-03-05 22:40:00,15,23,0,0,38
2024-03-05 22:50:00,11,19,0,0,30
2024-03-05 23:00:00,9,15,0,0,24
2024-03-05 23:10:00,10,13,0,0,23
2024-03-05 23:20:00,6,8,0,0,14
2024-03-05 23:30:00,6,7,0,0,13
2024-03-05 23:40:00,7,9,0,0,16
2024-03-05 23:50:00,3,8,0,0,11
2024-03-06 00:00:00,6,4,0,0,10
2024-03-06 00:10:00,5,6,0,0,11
2024-03-06 00:20:00,6,7,0,0,13
2024-03-06 00:30:00,3,7,0,0,10
2024-03-06 00:40:00,3,6,0,0,9
2024-03-06 00:50:00,1,3,0,0,4
2024-03-06 01:00:00,3,2,0,0,5
2024-03-06 01:10:00,4,5,0,0,9
2024-03-06 01:20:00,1,2,0,0,3
2024-03-06 01:30:00,1,2,0,0,3
2024-03-06 01:40:00,0,1,0,0,1
2024-03-06 01:50:00,3,3,0,0,6
2024-03-06 02:00:00,2,4,0,0,6
2024-03-06 02:10:00,2,1,0,0,3
2024-03-06 02:20:00,0,2,0,0,2
2024-03-06 02:30:00,1,1,0,0,2
2024-03-06 02:40:00,2,1,0,0,3
2024-03-06 02:50:00,1,1,0,0,2
2024-03-06 03:00:00,0,0,0,0,0
2024-03-06 03:10:00,0,1,0,0,1
2024-03-06 03:20:00,2,3,0,0,5
2024-03-06 03:30:00,0,1,0,0,1
2024-03-06 03:40:00,1,5,0,0,6
2024-03-06 03:50:00,1,2,0,0,3
2024-03-06 04:00:00,1,2,0,0,3
2024-03-06 04:10:00,3,2,0,0,5
2024-03-06 04:20:00,3,2,0,0,5
2024-03-06 04:30:00,3,5,0,0,8
2024-03-06 04:40:00,2,4,0,0,6
2024-03-06 04:50:00,5,8,0,0,13
2024-03-06 05:00:00,6,4,0,0,10
2024-03-06 05:10:00,6,2,0,0,8
2024-03-06 05:20:00,9,10,0,0,19
2024-03-06 05:30:00,9,10,0,0,19
2024-03-06 05:40:00,12,9,0,0,21
2024-03-06 05:50:00,19,19,0,0,38
2024-03-06 06:00:00,18,14,0,0,32
2024-03-06 06:10:00,22,20,0,0,42
2024-03-06 06:20:00,18,15,0,0,33
2024-03-06 06:30:00,27,18,0,0,45
2024-03-06 06:40:00,33,19,0,0,52
2024-03-06 06:50:00,42,18,0,0,60
2024-03-06 07:00:00,31,19,0,0,50
2024-03-06 07:10:00,44,33,0,0,77
2024-03-06 07:20:00,47,23,0,0,70
2024-03-06 07:30:00,64,36,0,0,100
2024-03-06 07:40:00,62,40,0,0,102
2024-03-06 07:50:00,72,46,0,0,118
2024-03-06 08:00:00,66,34,0,0,100
2024-03-06 08:10:00,53,29,0,0,82
2024-03-06 08:20:00,45,26,0,0,71
2024-03-06 08:30:00,53,31,0,0,84
2024-03-06 08:40:00,42,29,0,0,71
2024-03-06 08:50:00,53,29,0,0,82
2024-03-06 09:00:00,37,27,0,0,64
2024-03-06 09:10:00,41,22,0,0,63
2024-03-06 09:20:00,30,21,0,0,51
2024-03-06 09:30:00,22,25,0,0,47
2024-03-06 09:40:00,38,42,0,0,80
2024-03-06 09:50:00,31,25,0,0,56
2024-03-06 10:00:00,31,23,0,0,54
2024-03-06 10:10:00,41,29,0,0,70
2024-03-06 10:20:00,34,34,0,0,68
2024-03-06 10:30:00,33,30,0,0,63
2024-03-06 10:40:00,33,35,0,0,68
2024-03-06 10:50:00,32,23,0,0,55
2024-03-06 11:00:00,44,31,0,0,75
2024-03-06 11:10:00,32,27,0,0,59
2024-03-06 11:20:00,25,24,0,0,49
2024-03-06 11:30:00,28,27,0,0,55
2024-03-06 11:40:00,32,29,0,0,61
2024-03-06 11:50:00,31,22,0,0,53
2024-03-06 12:00:00,38,34,0,0,72
2024-03-06 12:10:00,30,44,0,0,74
2024-03-06 12:20:00,28,27,0,0,55
2024-03-06 12:30:00,29,31,0,0,60
2024-03-06 12:40:00,20,29,0,0,49
2024-03-06 12:50:00,29,32,0,0,61
2024-03-06 13:00:00,33,26,0,0,59
2024-03-06 13:10:00,33,29,0,0,62
2024-03-06 13:20:00,34,29,0,0,63
2024-03-06 13:30:00,28,36,0,0,64
2024-03-06 13:40:00,40,44,0,0,84
2024-03-06 13:50:00,34,36,0,0,70
2024-03-06 14:00:00,29,25,0,0,54
2024-03-06 14:10:00,35,29,0,0,64
2024-03-06 14:20:00,39,30,0,0,69
2024-03-06 14:30:00,51,36,0,0,87
2024-03-06 14:40:00,33,31,0,0,64
2024-03-06 14:50:00,32,44,0,0,76
2024-03-06 15:00:00,41,31,0,0,72
2024-03-06 15:10:00,41,58,0,0,99
2024-03-06 15:20:00,39,38,0,0,77
2024-03-06 15:30:00,38,46,0,0,84
2024-03-06 15:40:00,29,37,0,0,66
2024-03-06 15:50:00,42,47,0,0,89
2024-03-06 16:00:00,41,44,0,0,85
2024-03-06 16:10:00,44,44,0,0,88
2024-03-06 16:20:00,37,38,0,0,75
2024-03-06 16:30:00,36,44,0,0,80
2024-03-06 16:40:00,33,42,0,0,75
2024-03-06 16:50:00,49,46,0,0,95
2024-03-06 17:00:00,32,44,0,0,76
2024-03-06 17:10:00,34,51,0,0,85
2024-03-06 17:20:00,40,40,0,0,80
2024-03-06 17:30:00,44,56,0,0,100
2024-03-06 17:40:00,44,55,0,0,99
2024-03-06 17:50:00,34,61,0,0,95
2024-03-06 18:00:00,33,44,0,0,77
2024-03-06 18:10:00,36,42,0,0,78
2024-03-06 18:20:00,34,33,0,0,67
2024-03-06 18:30:00,31,43,0,0,74
2024-03-06 18:40:00,41,35,0,0,76
2024-03-06 18:50:00,29,33,0,0,62
2024-03-06 19:00:00,29,29,0,0,58
2024-03-06 19:10:00,21,32,0,0,53
2024-03-06 19:20:00,20,32,0,0,52
2024-03-06 19:30:00,26,34,0,0,60
2024-03-06 19:40:00,21,45,0,0,66
2024-03-06 19:50:00,27,33,0,0,60
2024-03-06 20:00:00,19,19,0,0,38
2024-03-06 20:10:00,25,21,0,0,46
2024-03-06 20:20:00,18,29,0,0,47
2024-03-06 20:30:00,17,18,0,0,35
2024-03-06 20:40:00,13,23,0,0,36
2024-03-06 20:50:00,12,16,0,0,28
2024-03-06 21:00:00,13,15,0,0,28
2024-03-06 21:10:00,21,14,0,0,35
2024-03-06 21:20:00,12,21,0,0,33
2024-03-06 21:30:00,18,22,0,0,40
2024-03-06 21:40:00,15,19,0,0,34
2024-03-06 21:50:00,25,17,0,0,42
2024-03-06 22:00:00,14,15,0,0,29
2024-03-06 22:10:00,17,18,0,0,35
2024-03-06 22:20:00,14,17,0,0,31
2024-03-06 22:30:00,17,14,0,0,31
2024-03-06 22:40:00,11,9,0,0,20
2024-03-06 22:50:00,8,12,0,0,20
2024-03-06 23:00:00,9,11,0,0,20
2024-03-06 23:10:00,9,15,0,0,24
2024-03-06 23:20:00,8,8,0,0,16
2024-03-06 23:30:00,9,8,0,0,17
2024-03-06 23:40:00,9,7,0,0,16
2024-03-06 23:50:00,1,4,0,0,5
2024-03-07 00:00:00,3,5,0,0,8
2024-03-07 00:10:00,4,6,0,0,10
2024-03-07 00:20:00,4,6,0,0,10
2024-03-07 00:30:00,2,6,0,0,8
2024-03-07 00:40:00,2,2,0,0,4
2024-03-07 00:50:00,2,2,0,0,4
2024-03-07 01:00:00,1,3,0,0,4
2024-03-07 01:10:00,4,4,0,0,8
2024-03-07 01:20:00,5,4,0,0,9
2024-03-07 01:30:00,2,3,0,0,5
2024-03-07 01:40:00,3,3,0,0,6
2024-03-07 01:50:00,0,4,0,0,4
2024-03-07 02:00:00,0,1,0,0,1
2024-03-07 02:10:00,1,1,0,0,2
2024-03-07 02:20:00,3,3,0,0,6
2024-03-07 02:30:00,0,1,0,0,1
2024-03-07 02:40:00,0,2,0,0,2
2024-03-07 02:50:00,1,0,0,0,1
2024-03-07 03:00:00,1,1,0,0,2
2024-03-07 03:10:00,0,1,0,0,1
2024-03-07 03:20:00,1,2,0,0,3
2024-03-07 03:30:00,0,1,0,0,1
2024-03-07 03:40:00,1,3,0,0,4
2024-03-07 03:50:00,2,2,0,0,4
2024-03-07 04:00:00,3,2,0,0,5
2024-03-07 04:10:00,4,5,0,0,9
2024-03-07 04:20:00,1,1,0,0,2
2024-03-07 04:30:00,1,2,0,0,3
2024-03-07 04:40:00,3,5,0,0,8
2024-03-07 04:50:00,3,3,0,0,6
2024-03-07 05:00:00,8,5,0,0,13
2024-03-07 05:10:00,9,6,0,0,15
2024-03-07 05:20:00,13,8,0,0,21
2024-03-07 05:30:00,8,10,0,0,18
2024-03-07 05:40:00,6,11,0,0,17
2024-03-07 05:50:00,18,16,0,0,34
2024-03-07 06:00:00,8,12,0,0,20
2024-03-07 06:10:00,13,16,0,0,29
2024-03-07 06:20:00,19,14,0,0,33
2024-03-07 06:30:00,31,19,0,0,50
2024-03-07 06:40:00,31,21,0,0,52
2024-03-07 06:50:00,35,24,0,0,59
2024-03-07 07:00:00,38,23,0,0,61
2024-03-07 07:10:00,36,28,0,0,64
2024-03-07 07:20:00,44,28,0,0,72
2024-03-07 07:30:00,64,37,0,0,101
2024-03-07 07:40:00,63,34,0,0,97
2024-03-07 07:50:00,48,35,0,0,83
2024-03-07 08:00:00,84,23,0,0,107
2024-03-07 08:10:00,51,26,0,0,77
2024-03-07 08:20:00,49,32,0,0,81
2024-03-07 08:30:00,65,24,0,0,89
2024-03-07 08:40:00,55,26,0,0,81
2024-03-07 08:50:00,39,25,0,0,64
2024-03-07 09:00:00,46,23,0,0,69
2024-03-07 09:10:00,36,38,0,0,74
2024-03-07 09:20:00,41,26,0,0,67
2024-03-07 09:30:00,29,30,0,0,59
2024-03-07 09:40:00,35,32,0,0,67
2024-03-07 09:50:00,44,19,0,0,63
2024-03-07 10:00:00,37,30,0,0,67
2024-03-07 10:10:00,39,27,0,0,66
2024-03-07 10:20:00,31,15,0,0,46
2024-03-07 10:30:00,33,24,0,0,57
2024-03-07 10:40:00,37,25,0,0,62
2024-03-07 10:50:00,36,31,0,0,67
2024-03-07 11:00:00,38,28,0,0,66
2024-03-07 11:10:00,22,29,0,0,51
2024-03-07 11:20:00,29,28,0,0,57
2024-03-07 11:30:00,34,28,0,0,62
2024-03-07 11:40:00,31,30,0,0,61
2024-03-07 11:50:00,37,42,0,0,79
2024-03-07 12:00:00,47,32,0,0,79
2024-03-07 12:10:00,39,33,0,0,72
2024-03-07 12:20:00,23,23,0,0,46
2024-03-07 12:30:00,24,27,0,0,51
2024-03-07 12:40:00,37,41,0,0,78
2024-03-07 12:50:00,32,34,0,0,66
2024-03-07 13:00:00,33,28,0,0,61
2024-03-07 13:10:00,41,35,0,0,76
2024-03-07 13:20:00,40,34,0,0,74
2024-03-07 13:30:00,39,35,0,0,74
2024-03-07 13:40:00,30,37,0,0,67
2024-03-07 13:50:00,36,30,0,0,66
2024-03-07 14:00:00,44,39,0,0,83
2024-03-07 14:10:00,43,44,0,0,87
2024-03-07 14:20:00,40,43,0,0,83
2024-03-07 14:30:00,45,44,0,0,89
2024-03-07 14:40:00,42,36,0,0,78
2024-03-07 14:50:00,48,53,0,0,101
2024-03-07 15:00:00,41,48,0,0,89
2024-03-07 15:10:00,39,48,0,0,87
2024-03-07 15:20:00,56,38,0,0,94
2024-03-07 15:30:00,35,45,0,0,80
2024-03-07 15:40:00,50,58,0,0,108
2024-03-07 15:50:00,33,48,0,0,81
2024-03-07 16:00:00,50,50,0,0,100
2024-03-07 16:10:00,36,50,0,0,86
2024-03-07 16:20:00,43,54,0,0,97
2024-03-07 16:30:00,31,38,0,0,69
2024-03-07 16:40:00,36,39,0,0,75
2024-03-07 16:50:00,40,48,0,0,88
2024-03-07 17:00:00,44,56,0,0,100
2024-03-07 17:10:00,41,40,0,0,81
2024-03-07 17:20:00,44,48,0,0,92
2024-03-07 17:30:00,44,56,0,0,100
2024-03-07 17:40:00,43,37,0,0,80
2024-03-07 17:50:00,36,42,0,0,78
2024-03-07 18:00:00,31,41,0,0,72
2024-03-07 18:10:00,35,40,0,0,75
2024-03-07 18:20:00,51,43,0,0,94
2024-03-07 18:30:00,40,35,0,0,75
2024-03-07 18:40:00,27,35,0,0,62
2024-03-07 18:50:00,41,43,0,0,84
2024-03-07 19:00:00,20,28,0,0,48
2024-03-07 19:10:00,33,36,0,0,69
2024-03-07 19:20:00,29,35,0,0,64
2024-03-07 19:30:00,14,31,0,0,45
2024-03-07 19:40:00,24,23,0,0,47
2024-03-07 19:50:00,30,24,0,0,54
2024-03-07 20:00:00,23,25,0,0,48
2024-03-07 20:10:00,19,20,0,0,39
2024-03-07 20:20:00,11,14,0,0,25
2024-03-07 20:30:00,21,17,0,0,38
2024-03-07 20:40:00,14,18,0,0,32
2024-03-07 20:50:00,15,24,0,0,39
2024-03-07 21:00:00,15,26,0,0,41
2024-03-07 21:10:00,14,22,0,0,36
2024-03-07 21:20:00,20,26,0,0,46
2024-03-07 21:30:00,11,20,0,0,31
2024-03-07 21:40:00,13,16,0,0,29
2024-03-07 21:50:00,14,17,0,0,31
2024-03-07 22:00:00,11,15,0,0,26
2024-03-07 22:10:00,17,18,0,0,35
2024-03-07 22:20:00,8,17,0,0,25
2024-03-07 22:30:00,11,14,0,0,25
2024-03-07 22:40:00,11,14,0,0,25
2024-03-07 22:50:00,10,18,0,0,28
2024-03-07 23:00:00,16,13,0,0,29
2024-03-07 23:10:00,10,8,0,0,18
2024-03-07 23:20:00,8,18,0,0,26
2024-03-07 23:30:00,3,11,0,0,14
2024-03-07 23:40:00,9,8,0,0,17
2024-03-07 23:50:00,7,6,0,0,13
2024-03-08 00:00:00,5,9,0,0,14
2024-03-08 00:10:00,5,4,0,0,9
2024-03-08 00:20:00,6,4,0,0,10
2024-03-08 00:30:00,3,5,0,0,8
2024-03-08 00:40:00,4,3,0,0,7
2024-03-08 00:50:00,2,1,0,0,3
2024-03-08 01:00:00,2,4,0,0,6
2024-03-08 01:10:00,3,3,0,0,6
2024-03-08 01:20:00,3,4,0,0,7
2024-03-08 01:30:00,2,3,0,0,5
2024-03-08 01:40:00,0,5,0,0,5
2024-03-08 01:50:00,0,2,0,0,2
2024-03-08 02:00:00,4,4,0,0,8
2024-03-08 02:10:00,2,1,0,0,3
2024-03-08 02:20:00,0,5,0,0,5
2024-03-08 02:30:00,1,1,0,0,2
2024-03-08 02:40:00,0,0,0,0,0
2024-03-08 02:50:00,3,1,0,0,4
2024-03-08 03:00:00,0,0,0,0,0
2024-03-08 03:10:00,0,2,0,0,2
2024-03-08 03:20:00,0,1,0,0,1
2024-03-08 03:30:00,1,3,0,0,4
2024-03-08 03:40:00,4,2,0,0,6
2024-03-08 03:50:00,3,2,0,0,5
2024-03-08 04:00:00,2,2,0,0,4
2024-03-08 04:10:00,1,1,0,0,2
2024-03-08 04:20:00,2,4,0,0,6
2024-03-08 04:30:00,2,1,0,0,3
2024-03-08 04:40:00,6,4,0,0,10
2024-03-08 04:50:00,5,4,0,0,9
2024-03-08 05:00:00,5,8,0,0,13
2024-03-08 05:10:00,6,5,0,0,11
2024-03-08 05:20:00,6,7,0,0,13
2024-03-08 05:30:00,7,10,0,0,17
2024-03-08 05:40:00,10,15,0,0,25
2024-03-08 05:50:00,21,17,0,0,38
2024-03-08 06:00:00,13,10,0,0,23
2024-03-08 06:10:00,13,16,0,0,29
2024-03-08 06:20:00,14,14,0,0,28
2024-03-08 06:30:00,30,15,0,0,45
2024-03-08 06:40:00,32,18,0,0,50
2024-03-08 06:50:00,26,18,0,0,44
2024-03-08 07:00:00,36,29,0,0,65
2024-03-08 07:10:00,36,23,0,0,59
2024-03-08 07:20:00,36,19,0,0,55
2024-03-08 07:30:00,54,33,0,0,87
2024-03-08 07:40:00,52,39,0,0,91
2024-03-08 07:50:00,48,31,0,0,79
2024-03-08 08:00:00,51,34,0,0,85
2024-03-08 08:10:00,46,29,0,0,75
2024-03-08 08:20:00,51,38,0,0,89
2024-03-08 08:30:00,50,28,0,0,78
2024-03-08 08:40:00,38,23,0,0,61
2024-03-08 08:50:00,44,27,0,0,71
2024-03-08 09:00:00,37,21,0,0,58
2024-03-08 09:10:00,37,23,0,0,60
2024-03-08 09:20:00,38,29,0,0,67
2024-03-08 09:30:00,26,22,0,0,48
2024-03-08 09:40:00,38,22,0,0,60
2024-03-08 09:50:00,38,30,0,0,68
2024-03-08 10:00:00,24,25,0,0,49
2024-03-08 10:10:00,44,32,0,0,76
2024-03-08 10:20:00,34,34,0,0,68
2024-03-08 10:30:00,35,27,0,0,62
2024-03-08 10:40:00,31,34,0,0,65
2024-03-08 10:50:00,34,37,0,0,71
2024-03-08 11:00:00,32,25,0,0,57
2024-03-08 11:10:00,43,35,0,0,78
2024-03-08 11:20:00,43,29,0,0,72
2024-03-08 11:30:00,24,24,0,0,48
2024-03-08 11:40:00,42,34,0,0,76
2024-03-08 11:50:00,48,39,0,0,87
2024-03-08 12:00:00,40,39,0,0,79
2024-03-08 12:10:00,37,42,0,0,79
2024-03-08 12:20:00,37,36,0,0,73
2024-03-08 12:30:00,46,45,0,0,91
2024-03-08 12:40:00,52,38,0,0,90
2024-03-08 12:50:00,40,38,0,0,78
2024-03-08 13:00:00,42,33,0,0,75
2024-03-08 13:10:00,55,48,0,0,103
2024-03-08 13:20:00,54,41,0,0,95
2024-03-08 13:30:00,44,45,0,0,89
2024-03-08 13:40:00,28,42,0,0,70
2024-03-08 13:50:00,32,37,0,0,69
2024-03-08 14:00:00,34,38,0,0,72
2024-03-08 14:10:00,47,39,0,0,86
2024-03-08 14:20:00,34,40,0,0,74
2024-03-08 14:30:00,40,50,0,0,90
2024-03-08 14:40:00,49,36,0,0,85
2024-03-08 14:50:00,50,52,0,0,102
2024-03-08 15:00:00,34,46,0,0,80
2024-03-08 15:10:00,38,44,0,0,82
2024-03-08 15:20:00,46,40,0,0,86
2024-03-08 15:30:00,46,54,0,0,100
2024-03-08 15:40:00,35,40,0,0,75
2024-03-08 15:50:00,47,42,0,0,89
2024-03-08 16:00:00,35,40,0,0,75
2024-03-08 16:10:00,35,42,0,0,77
2024-03-08 16:20:00,45,38,0,0,83
2024-03-08 16:30:00,35,46,0,0,81
2024-03-08 16:40:00,36,40,0,0,76
2024-03-08 16:50:00,45,43,0,0,88
2024-03-08 17:00:00,43,38,0,0,81
2024-03-08 17:10:00,45,33,0,0,78
2024-03-08 17:20:00,37,60,0,0,97
2024-03-08 17:30:00,38,38,0,0,76
2024-03-08 17:40:00,35,39,0,0,74
2024-03-08 17:50:00,38,50,0,0,88
2024-03-08 18:00:00,46,37,0,0,83
2024-03-08 18:10:00,35,40,0,0,75
2024-03-08 18:20:00,32,30,0,0,62
2024-03-08 18:30:00,41,37,0,0,78
2024-03-08 18:40:00,36,39,0,0,75
2024-03-08 18:50:00,40,43,0,0,83
2024-03-08 19:00:00,24,27,0,0,51
2024-03-08 19:10:00,32,29,0,0,61
2024-03-08 19:20:00,19,38,0,0,57
2024-03-08 19:30:00,22,29,0,0,51
2024-03-08 19:40:00,24,33,0,0,57
2024-03-08 19:50:00,25,31,0,0,56
2024-03-08 20:00:00,13,14,0,0,27
2024-03-08 20:10:00,23,31,0,0,54
2024-03-08 20:20:00,21,34,0,0,55
2024-03-08 20:30:00,20,31,0,0,51
2024-03-08 20:40:00,15,23,0,0,38
2024-03-08 20:50:00,19,25,0,0,44
2024-03-08 21:00:00,14,14,0,0,28
2024-03-08 21:10:00,19,10,0,0,29
2024-03-08 21:20:00,14,22,0,0,36
2024-03-08 21:30:00,16,19,0,0,35
2024-03-08 21:40:00,9,17,0,0,26
2024-03-08 21:50:00,13,15,0,0,28
2024-03-08 22:00:00,10,15,0,0,25
2024-03-08 22:10:00,12,19,0,0,31
2024-03-08 22:20:00,13,17,0,0,30
2024-03-08 22:30:00,9,20,0,0,29
2024-03-08 22:40:00,14,19,0,0,33
2024-03-08 22:50:00,12,24,0,0,36
2024-03-08 23:00:00,10,23,0,0,33
2024-03-08 23:10:00,10,10,0,0,20
2024-03-08 23:20:00,12,15,0,0,27
2024-03-08 23:30:00,8,12,0,0,20
2024-03-08 23:40:00,9,16,0,0,25
2024-03-08 23:50:00,12,12,0,0,24
2024-03-09 00:00:00,4,8,0,0,12
2024-03-09 00:10:00,9,12,0,0,21
2024-03-09 00:20:00,9,9,0,0,18
2024-03-09 00:30:00,13,11,0,0,24
2024-03-09 00:40:00,5,10,0,0,15
2024-03-09 00:50:00,7,8,0,0,15
2024-03-09 01:00:00,7,14,0,0,21
2024-03-09 01:10:00,3,5,0,0,8
2024-03-09 01:20:00,5,5,0,0,10
2024-03-09 01:30:00,5,6,0,0,11
2024-03-09 01:40:00,3,2,0,0,5
2024-03-09 01:50:00,6,5,0,0,11
2024-03-09 02:00:00,3,5,0,0,8
2024-03-09 02:10:00,3,9,0,0,12
2024-03-09 02:20:00,4,4,0,0,8
2024-03-09 02:30:00,4,3,0,0,7
2024-03-09 02:40:00,2,4,0,0,6
2024-03-09 02:50:00,2,3,0,0,5
2024-03-09 03:00:00,2,2,0,0,4
2024-03-09 03:10:00,2,8,0,0,10
2024-03-09 03:20:00,0,0,0,0,0
2024-03-09 03:30:00,5,7,0,0,12
2024-03-09 03:40:00,2,5,0,0,7
2024-03-09 03:50:00,5,6,0,0,11
2024-03-09 04:00:00,3,2,0,0,5
2024-03-09 04:10:00,3,3,0,0,6
2024-03-09 04:20:00,3,4,0,0,7
2024-03-09 04:30:00,3,2,0,0,5
2024-03-09 04:40:00,3,6,0,0,9
2024-03-09 04:50:00,4,4,0,0,8
2024-03-09 05:00:00,3,5,0,0,8
2024-03-09 05:10:00,6,8,0,0,14
2024-03-09 05:20:00,3,5,0,0,8
2024-03-09 05:30:00,5,8,0,0,13
2024-03-09 05:40:00,5,6,0,0,11
2024-03-09 05:50:00,6,11,0,0,17
2024-03-09 06:00:00,5,7,0,0,12
2024-03-09 06:10:00,6,9,0,0,15
2024-03-09 06:20:00,5,6,0,0,11
2024-03-09 06:30:00,5,6,0,0,11
2024-03-09 06:40:00,9,19,0,0,28
2024-03-09 06:50:00,6,12,0,0,18
2024-03-09 07:00:00,13,6,0,0,19
2024-03-09 07:10:00,9,11,0,0,20
2024-03-09 07:20:00,11,13,0,0,24
2024-03-09 07:30:00,11,14,0,0,25
2024-03-09 07:40:00,11,11,0,0,22
2024-03-09 07:50:00,14,13,0,0,27
2024-03-09 08:00:00,15,22,0,0,37
2024-03-09 08:10:00,15,16,0,0,31
2024-03-09 08:20:00,19,14,0,0,33
2024-03-09 08:30:00,17,11,0,0,28
2024-03-09 08:40:00,13,13,0,0,26
2024-03-09 08:50:00,25,25,0,0,50
2024-03-09 09:00:00,26,14,0,0,40
2024-03-09 09:10:00,22,19,0,0,41
2024-03-09 09:20:00,21,26,0,0,47
2024-03-09 09:30:00,31,25,0,0,56
2024-03-09 09:40:00,19,19,0,0,38
2024-03-09 09:50:00,28,24,0,0,52
2024-03-09 10:00:00,23,18,0,0,41
2024-03-09 10:10:00,48,30,0,0,78
2024-03-09 10:20:00,30,27,0,0,57
2024-03-09 10:30:00,40,25,0,0,65
2024-03-09 10:40:00,38,33,0,0,71
2024-03-09 10:50:00,34,33,0,0,67
2024-03-09 11:00:00,36,23,0,0,59
2024-03-09 11:10:00,25,26,0,0,51
2024-03-09 11:20:00,28,30,0,0,58
2024-03-09 11:30:00,47,33,0,0,80
2024-03-09 11:40:00,40,33,0,0,73
2024-03-09 11:50:00,26,32,0,0,58
2024-03-09 12:00:00,44,26,0,0,70
2024-03-09 12:10:00,45,44,0,0,89
2024-03-09 12:20:00,32,30,0,0,62
2024-03-09 12:30:00,21,27,0,0,48
2024-03-09 12:40:00,24,23,0,0,47
2024-03-09 12:50:00,41,32,0,0,73
2024-03-09 13:00:00,40,36,0,0,76
2024-03-09 13:10:00,40,33,0,0,73
2024-03-09 13:20:00,32,38,0,0,70
2024-03-09 13:30:00,52,22,0,0,74
2024-03-09 13:40:00,49,31,0,0,80
2024-03-09 13:50:00,28,29,0,0,57
2024-03-09 14:00:00,42,32,0,0,74
2024-03-09 14:10:00,42,33,0,0,75
2024-03-09 14:20:00,43,35,0,0,78
2024-03-09 14:30:00,29,31,0,0,60
2024-03-09 14:40:00,32,35,0,0,67
2024-03-09 14:50:00,34,31,0,0,65
2024-03-09 15:00:00,32,36,0,0,68
2024-03-09 15:10:00,36,35,0,0,71
2024-03-09 15:20:00,40,40,0,0,80
2024-03-09 15:30:00,22,26,0,0,48
2024-03-09 15:40:00,35,37,0,0,72
2024-03-09 15:50:00,25,27,0,0,52
2024-03-09 16:00:00,25,31,0,0,56
2024-03-09 16:10:00,28,28,0,0,56
2024-03-09 16:20:00,25,27,0,0,52
2024-03-09 16:30:00,26,26,0,0,52
2024-03-09 16:40:00,24,27,0,0,51
2024-03-09 16:50:00,26,30,0,0,56
2024-03-09 17:00:00,20,29,0,0,49
2024-03-09 17:10:00,22,23,0,0,45
2024-03-09 17:20:00,41,37,0,0,78
2024-03-09 17:30:00,32,31,0,0,63
2024-03-09 17:40:00,30,32,0,0,62
2024-03-09 17:50:00,27,32,0,0,59
2024-03-09 18:00:00,28,33,0,0,61
2024-03-09 18:10:00,26,30,0,0,56
2024-03-09 18:20:00,27,36,0,0,63
2024-03-09 18:30:00,34,27,0,0,61
2024-03-09 18:40:00,17,38,0,0,55
2024-03-09 18:50:00,18,33,0,0,51
2024-03-09 19:00:00,34,26,0,0,60
2024-03-09 19:10:00,28,27,0,0,55
2024-03-09 19:20:00,24,18,0,0,42
2024-03-09 19:30:00,13,20,0,0,33
2024-03-09 19:40:00,17,27,0,0,44
2024-03-09 19:50:00,22,26,0,0,48
2024-03-09 20:00:00,24,26,0,0,50
2024-03-09 20:10:00,22,24,0,0,46
2024-03-09 20:20:00,14,25,0,0,39
2024-03-09 20:30:00,18,22,0,0,40
2024-03-09 20:40:00,19,18,0,0,37
2024-03-09 20:50:00,18,19,0,0,37
2024-03-09 21:00:00,20,18,0,0,38
2024-03-09 21:10:00,15,14,0,0,29
2024-03-09 21:20:00,12,13,0,0,25
2024-03-09 21:30:00,13,15,0,0,28
2024-03-09 21:40:00,11,15,0,0,26
2024-03-09 21:50:00,18,27,0,0,45
2024-03-09 22:00:00,10,12,0,0,22
2024-03-09 22:10:00,19,13,0,0,32
2024-03-09 22:20:00,14,23,0,0,37
2024-03-09 22:30:00,14,14,0,0,28
2024-03-09 22:40:00,14,15,0,0,29
2024-03-09 22:50:00,19,29,0,0,48
2024-03-09 23:00:00,18,15,0,0,33
2024-03-09 23:10:00,10,16,0,0,26
2024-03-09 23:20:00,8,12,0,0,20
2024-03-09 23:30:00,9,9,0,0,18
2024-03-09 23:40:00,16,10,0,0,26
2024-03-09 23:50:00,10,15,0,0,25
2024-03-10 00:00:00,12,7,0,0,19
2024-03-10 00:10:00,11,14,0,0,25
2024-03-10 00:20:00,10,13,0,0,23
2024-03-10 00:30:00,5,7,0,0,12
2024-03-10 00:40:00,4,10,0,0,14
2024-03-10 00:50:00,6,11,0,0,17
2024-03-10 01:00:00,5,6,0,0,11
2024-03-10 01:10:00,5,6,0,0,11
2024-03-10 01:20:00,3,7,0,0,10
2024-03-10 01:30:00,6,3,0,0,9
2024-03-10 01:40:00,3,7,0,0,10
2024-03-10 01:50:00,3,6,0,0,9
2024-03-10 02:00:00,1,8,0,0,9
2024-03-10 02:10:00,1,4,0,0,5
2024-03-10 02:20:00,4,2,0,0,6
2024-03-10 02:30:00,6,6,0,0,12
2024-03-10 02:40:00,8,7,0,0,15
2024-03-10 02:50:00,4,9,0,0,13
2024-03-10 03:00:00,7,5,0,0,12
2024-03-10 03:10:00,2,7,0,0,9
2024-03-10 03:20:00,4,6,0,0,10
2024-03-10 03:30:00,1,6,0,0,7
2024-03-10 03:40:00,3,6,0,0,9
2024-03-10 03:50:00,2,4,0,0,6
2024-03-10 04:00:00,3,4,0,0,7
2024-03-10 04:10:00,3,3,0,0,6
2024-03-10 04:20:00,3,4,0,0,7
2024-03-10 04:30:00,2,2,0,0,4
2024-03-10 04:40:00,4,5,0,0,9
2024-03-10 04:50:00,2,6,0,0,8
2024-03-10 05:00:00,2,2,0,0,4
2024-03-10 05:10:00,2,4,0,0,6
2024-03-10 05:20:00,3,4,0,0,7
2024-03-10 05:30:00,5,6,0,0,11
2024-03-10 05:40:00,3,5,0,0,8
2024-03-10 05:50:00,0,7,0,0,7
2024-03-10 06:00:00,2,5,0,0,7
2024-03-10 06:10:00,2,4,0,0,6
2024-03-10 06:20:00,1,2,0,0,3
2024-03-10 06:30:00,4,6,0,0,10
2024-03-10 06:40:00,5,8,0,0,13
2024-03-10 06:50:00,5,4,0,0,9
2024-03-10 07:00:00,3,3,0,0,6
2024-03-10 07:10:00,5,6,0,0,11
2024-03-10 07:20:00,3,4,0,0,7
2024-03-10 07:30:00,5,3,0,0,8
2024-03-10 07:40:00,2,6,0,0,8
2024-03-10 07:50:00,2,3,0,0,5
2024-03-10 08:00:00,6,6,0,0,12
2024-03-10 08:10:00,7,6,0,0,13
2024-03-10 08:20:00,6,7,0,0,13
2024-03-10 08:30:00,11,11,0,0,22
2024-03-10 08:40:00,5,5,0,0,10
2024-03-10 08:50:00,5,5,0,0,10
2024-03-10 09:00:00,12,15,0,0,27
2024-03-10 09:10:00,14,16,0,0,30
2024-03-10 09:20:00,14,14,0,0,28
2024-03-10 09:30:00,19,16,0,0,35
2024-03-10 09:40:00,18,20,0,0,38
2024-03-10 09:50:00,17,12,0,0,29
2024-03-10 10:00:00,9,6,0,0,15
2024-03-10 10:10:00,15,14,0,0,29
2024-03-10 10:20:00,16,17,0,0,33
2024-03-10 10:30:00,19,15,0,0,34
2024-03-10 10:40:00,25,10,0,0,35
2024-03-10 10:50:00,25,23,0,0,48
2024-03-10 11:00:00,21,17,0,0,38
2024-03-10 11:10:00,20,24,0,0,44
2024-03-10 11:20:00,24,16,0,0,40
2024-03-10 11:30:00,19,24,0,0,43
2024-03-10 11:40:00,23,20,0,0,43
2024-03-10 11:50:00,25,18,0,0,43
2024-03-10 12:00:00,21,24,0,0,45
2024-03-10 12:10:00,21,16,0,0,37
2024-03-10 12:20:00,26,23,0,0,49
2024-03-10 12:30:00,17,18,0,0,35
2024-03-10 12:40:00,32,24,0,0,56
2024-03-10 12:50:00,29,32,0,0,61
2024-03-10 13:00:00,19,15,0,0,34
2024-03-10 13:10:00,29,16,0,0,45
2024-03-10 13:20:00,25,28,0,0,53
2024-03-10 13:30:00,20,19,0,0,39
2024-03-10 13:40:00,22,22,0,0,44
2024-03-10 13:50:00,19,23,0,0,42
2024-03-10 14:00:00,31,28,0,0,59
2024-03-10 14:10:00,34,24,0,0,58
2024-03-10 14:20:00,19,19,0,0,38
2024-03-10 14:30:00,27,25,0,0,52
2024-03-10 14:40:00,27,20,0,0,47
2024-03-10 14:50:00,20,21,0,0,41
2024-03-10 15:00:00,22,22,0,0,44
2024-03-10 15:10:00,23,23,0,0,46
2024-03-10 15:20:00,28,28,0,0,56
2024-03-10 15:30:00,20,20,0,0,40
2024-03-10 15:40:00,25,17,0,0,42
2024-03-10 15:50:00,21,20,0,0,41
2024-03-10 16:00:00,24,20,0,0,44
2024-03-10 16:10:00,33,27,0,0,60
2024-03-10 16:20:00,16,14,0,0,30
2024-03-10 16:30:00,21,22,0,0,43
2024-03-10 16:40:00,33,24,0,0,57
2024-03-10 16:50:00,21,30,0,0,51
2024-03-10 17:00:00,35,25,0,0,60
2024-03-10 17:10:00,27,24,0,0,51
2024-03-10 17:20:00,25,36,0,0,61
2024-03-10 17:30:00,24,33,0,0,57
2024-03-10 17:40:00,20,30,0,0,50
2024-03-10 17:50:00,34,35,0,0,69
2024-03-10 18:00:00,29,36,0,0,65
2024-03-10 18:10:00,24,28,0,0,52
2024-03-10 18:20:00,20,20,0,0,40
2024-03-10 18:30:00,24,19,0,0,43
2024-03-10 18:40:00,20,22,0,0,42
2024-03-10 18:50:00,20,23,0,0,43
2024-03-10 19:00:00,31,24,0,0,55
2024-03-10 19:10:00,17,16,0,0,33
2024-03-10 19:20:00,16,18,0,0,34
2024-03-10 19:30:00,19,17,0,0,36
2024-03-10 19:40:00,23,23,0,0,46
2024-03-10 19:50:00,13,24,0,0,37
2024-03-10 20:00:00,19,25,0,0,44
2024-03-10 20:10:00,21,27,0,0,48
2024-03-10 20:20:00,20,13,0,0,33
2024-03-10 20:30:00,18,12,0,0,30
2024-03-10 20:40:00,18,17,0,0,35
2024-03-10 20:50:00,13,19,0,0,32
2024-03-10 21:00:00,18,26,0,0,44
2024-03-10 21:10:00,14,18,0,0,32
2024-03-10 21:20:00,14,22,0,0,36
2024-03-10 21:30:00,11,14,0,0,25
2024-03-10 21:40:00,14,13,0,0,27
2024-03-10 21:50:00,16,23,0,0,39
2024-03-10 22:00:00,12,13,0,0,25
2024-03-10 22:10:00,11,18,0,0,29
2024-03-10 22:20:00,6,12,0,0,18
2024-03-10 22:30:00,12,15,0,0,27
2024-03-10 22:40:00,7,6,0,0,13
2024-03-10 22:50:00,3,11,0,0,14
2024-03-10 23:00:00,5,5,0,0,10
2024-03-10 23:10:00,5,8,0,0,13
2024-03-10 23:20:00,10,11,0,0,21
2024-03-10 23:30:00,5,7,0,0,12
2024-03-10 23:40:00,3,3,0,0,6
2024-03-10 23:50:00,3,6,0,0,9
2024-03-11 00:00:00,1,4,0,0,5
2024-03-11 00:10:00,4,9,0,0,13
2024-03-11 00:20:00,6,5,0,0,11
2024-03-11 00:30:00,3,2,0,0,5
2024-03-11 00:40:00,2,1,0,0,3
2024-03-11 00:50:00,1,4,0,0,5
2024-03-11 01:00:00,1,5,0,0,6
2024-03-11 01:10:00,1,4,0,0,5
2024-03-11 01:20:00,2,4,0,0,6
2024-03-11 01:30:00,2,3,0,0,5
2024-03-11 01:40:00,2,4,0,0,6
2024-03-11 01:50:00,0,1,0,0,1
2024-03-11 02:00:00,3,3,0,0,6
2024-03-11 02:10:00,1,2,0,0,3
2024-03-11 02:20:00,0,3,0,0,3
2024-03-11 02:30:00,1,3,0,0,4
2024-03-11 02:40:00,2,2,0,0,4
2024-03-11 02:50:00,0,0,0,0,0
2024-03-11 03:00:00,1,0,0,0,1
2024-03-11 03:10:00,0,0,0,0,0
2024-03-11 03:20:00,1,2,0,0,3
2024-03-11 03:30:00,0,3,0,0,3
2024-03-11 03:40:00,2,1,0,0,3
2024-03-11 03:50:00,2,2,0,0,4
2024-03-11 04:00:00,3,3,0,0,6
2024-03-11 04:10:00,4,5,0,0,9
2024-03-11 04:20:00,0,1,0,0,1
2024-03-11 04:30:00,3,4,0,0,7
2024-03-11 04:40:00,4,6,0,0,10
2024-03-11 04:50:00,4,3,0,0,7
2024-03-11 05:00:00,7,5,0,0,12
2024-03-11 05:10:00,10,2,0,0,12
2024-03-11 05:20:00,6,5,0,0,11
2024-03-11 05:30:00,10,11,0,0,21
2024-03-11 05:40:00,10,15,0,0,25
2024-03-11 05:50:00,15,15,0,0,30
2024-03-11 06:00:00,13,16,0,0,29
2024-03-11 06:10:00,14,18,0,0,32
2024-03-11 06:20:00,19,11,0,0,30
2024-03-11 06:30:00,37,20,0,0,57
2024-03-11 06:40:00,31,21,0,0,52
2024-03-11 06:50:00,35,23,0,0,58
2024-03-11 07:00:00,43,30,0,0,73
2024-03-11 07:10:00,49,24,0,0,73
2024-03-11 07:20:00,40,28,0,0,68
2024-03-11 07:30:00,61,33,0,0,94
2024-03-11 07:40:00,63,48,0,0,111
2024-03-11 07:50:00,62,40,0,0,102
2024-03-11 08:00:00,60,27,0,0,87
2024-03-11 08:10:00,80,47,0,0,127
2024-03-11 08:20:00,63,35,0,0,98
2024-03-11 08:30:00,54,29,0,0,83
2024-03-11 08:40:00,52,27,0,0,79
2024-03-11 08:50:00,57,33,0,0,90
2024-03-11 09:00:00,43,34,0,0,77
2024-03-11 09:10:00,35,27,0,0,62
2024-03-11 09:20:00,31,28,0,0,59
2024-03-11 09:30:00,32,30,0,0,62
2024-03-11 09:40:00,36,18,0,0,54
2024-03-11 09:50:00,37,46,0,0,83
2024-03-11 10:00:00,37,47,0,0,84
2024-03-11 10:10:00,23,34,0,0,57
2024-03-11 10:20:00,21,32,0,0,53
2024-03-11 10:30:00,26,34,0,0,60
2024-03-11 10:40:00,34,50,0,0,84
2024-03-11 10:50:00,30,39,0,0,69
2024-03-11 11:00:00,24,30,0,0,54
2024-03-11 11:10:00,22,45,0,0,67
2024-03-11 11:20:00,30,25,0,0,55
2024-03-11 11:30:00,34,28,0,0,62
2024-03-11 11:40:00,33,19,0,0,52
2024-03-11 11:50:00,29,27,0,0,56
2024-03-11 12:00:00,33,41,0,0,74
2024-03-11 12:10:00,34,27,0,0,61
2024-03-11 12:20:00,38,30,0,0,68
2024-03-11 12:30:00,32,30,0,0,62
2024-03-11 12:40:00,28,21,0,0,49
2024-03-11 12:50:00,35,29,0,0,64
2024-03-11 13:00:00,32,26,0,0,58
2024-03-11 13:10:00,41,35,0,0,76
2024-03-11 13:20:00,27,27,0,0,54
2024-03-11 13:30:00,32,29,0,0,61
2024-03-11 13:40:00,32,25,0,0,57
2024-03-11 13:50:00,34,33,0,0,67
2024-03-11 14:00:00,31,19,0,0,50
2024-03-11 14:10:00,38,38,0,0,76
2024-03-11 14:20:00,36,35,0,0,71
2024-03-11 14:30:00,34,31,0,0,65
2024-03-11 14:40:00,34,36,0,0,70
2024-03-11 14:50:00,30,41,0,0,71
2024-03-11 15:00:00,45,32,0,0,77
2024-03-11 15:10:00,50,40,0,0,90
2024-03-11 15:20:00,37,35,0,0,72
2024-03-11 15:30:00,34,43,0,0,77
2024-03-11 15:40:00,33,39,0,0,72
2024-03-11 15:50:00,40,45,0,0,85
2024-03-11 16:00:00,42,41,0,0,83
2024-03-11 16:10:00,47,58,0,0,105
2024-03-11 16:20:00,36,52,0,0,88
2024-03-11 16:30:00,43,46,0,0,89
2024-03-11 16:40:00,38,37,0,0,75
2024-03-11 16:50:00,37,49,0,0,86
2024-03-11 17:00:00,29,43,0,0,72
2024-03-11 17:10:00,45,50,0,0,95
2024-03-11 17:20:00,32,54,0,0,86
2024-03-11 17:30:00,46,45,0,0,91
2024-03-11 17:40:00,29,38,0,0,67
2024-03-11 17:50:00,32,52,0,0,84
2024-03-11 18:00:00,42,35,0,0,77
2024-03-11 18:10:00,33,41,0,0,74
2024-03-11 18:20:00,45,37,0,0,82
2024-03-11 18:30:00,36,37,0,0,73
2024-03-11 18:40:00,24,34,0,0,58
2024-03-11 18:50:00,30,30,0,0,60
2024-03-11 19:00:00,30,43,0,0,73
2024-03-11 19:10:00,17,39,0,0,56
2024-03-11 19:20:00,24,23,0,0,47
2024-03-11 19:30:00,23,29,0,0,52
2024-03-11 19:40:00,14,23,0,0,37
2024-03-11 19:50:00,29,30,0,0,59
2024-03-11 20:00:00,27,20,0,0,47
2024-03-11 20:10:00,22,22,0,0,44
2024-03-11 20:20:00,21,23,0,0,44
2024-03-11 20:30:00,19,23,0,0,42
2024-03-11 20:40:00,23,20,0,0,43
2024-03-11 20:50:00,9,19,0,0,28
2024-03-11 21:00:00,13,22,0,0,35
2024-03-11 21:10:00,13,25,0,0,38
2024-03-11 21:20:00,14,25,0,0,39
2024-03-11 21:30:00,19,21,0,0,40
2024-03-11 21:40:00,9,12,0,0,21
2024-03-11 21:50:00,13,14,0,0,27
2024-03-11 22:00:00,20,16,0,0,36
2024-03-11 22:10:00,15,15,0,0,30
2024-03-11 22:20:00,9,14,0,0,23
2024-03-11 22:30:00,4,10,0,0,14
2024-03-11 22:40:00,8,7,0,0,15
2024-03-11 22:50:00,12,16,0,0,28
2024-03-11 23:00:00,6,3,0,0,9
2024-03-11 23:10:00,3,7,0,0,10
2024-03-11 23:20:00,7,6,0,0,13
2024-03-11 23:30:00,4,6,0,0,10
2024-03-11 23:40:00,4,9,0,0,13
2024-03-11 23:50:00,4,6,0,0,10
2024-03-12 00:00:00,7,7,0,0,14
2024-03-12 00:10:00,2,3,0,0,5
2024-03-12 00:20:00,5,4,0,0,9
2024-03-12 00:30:00,3,8,0,0,11
2024-03-12 00:40:00,5,3,0,0,8
2024-03-12 00:50:00,0,3,0,0,3
2024-03-12 01:00:00,3,3,0,0,6
2024-03-12 01:10:00,2,7,0,0,9
2024-03-12 01:20:00,1,2,0,0,3
2024-03-12 01:30:00,0,2,0,0,2
2024-03-12 01:40:00,0,2,0,0,2
2024-03-12 01:50:00,0,2,0,0,2
2024-03-12 02:00:00,2,5,0,0,7
2024-03-12 02:10:00,1,1,0,0,2
2024-03-12 02:20:00,0,2,0,0,2
2024-03-12 02:30:00,2,0,0,0,2
2024-03-12 02:40:00,2,2,0,0,4
2024-03-12 02:50:00,2,3,0,0,5
2024-03-12 03:00:00,1,0,0,0,1
2024-03-12 03:10:00,0,1,0,0,1
2024-03-12 03:20:00,0,3,0,0,3
2024-03-12 03:30:00,1,3,0,0,4
2024-03-12 03:40:00,1,2,0,0,3
2024-03-12 03:50:00,1,1,0,0,2
2024-03-12 04:00:00,2,4,0,0,6
2024-03-12 04:10:00,2,1,0,0,3
2024-03-12 04:20:00,4,5,0,0,9
2024-03-12 04:30:00,3,5,0,0,8
2024-03-12 04:40:00,4,7,0,0,11
2024-03-12 04:50:00,4,4,0,0,8
2024-03-12 05:00:00,8,4,0,0,12
2024-03-12 05:10:00,7,9,0,0,16
2024-03-12 05:20:00,8,6,0,0,14
2024-03-12 05:30:00,6,13,0,0,19
2024-03-12 05:40:00,13,12,0,0,25
2024-03-12 05:50:00,20,17,0,0,37
2024-03-12 06:00:00,16,11,0,0,27
2024-03-12 06:10:00,20,15,0,0,35
2024-03-12 06:20:00,20,14,0,0,34
2024-03-12 06:30:00,29,16,0,0,45
2024-03-12 06:40:00,29,23,0,0,52
2024-03-12 06:50:00,39,23,0,0,62
2024-03-12 07:00:00,26,30,0,0,56
2024-03-12 07:10:00,48,27,0,0,75
2024-03-12 07:20:00,43,32,0,0,75
2024-03-12 07:30:00,68,25,0,0,93
2024-03-12 07:40:00,66,42,0,0,108
2024-03-12 07:50:00,58,38,0,0,96
2024-03-12 08:00:00,80,40,0,0,120
2024-03-12 08:10:00,82,47,0,0,129
2024-03-12 08:20:00,63,37,0,0,100
2024-03-12 08:30:00,59,40,0,0,99
2024-03-12 08:40:00,64,39,0,0,103
2024-03-12 08:50:00,63,39,0,0,102
2024-03-12 09:00:00,40,25,0,0,65
2024-03-12 09:10:00,51,34,0,0,85
2024-03-12 09:20:00,41,29,0,0,70
2024-03-12 09:30:00,41,22,0,0,63
2024-03-12 09:40:00,36,22,0,0,58
2024-03-12 09:50:00,29,27,0,0,56
2024-03-12 10:00:00,35,25,0,0,60
2024-03-12 10:10:00,21,25,0,0,46
2024-03-12 10:20:00,27,25,0,0,52
2024-03-12 10:30:00,36,26,0,0,62
2024-03-12 10:40:00,27,20,0,0,47
2024-03-12 10:50:00,28,29,0,0,57
2024-03-12 11:00:00,32,25,0,0,57
2024-03-12 11:10:00,48,40,0,0,88
2024-03-12 11:20:00,30,32,0,0,62
2024-03-12 11:30:00,34,28,0,0,62
2024-03-12 11:40:00,24,31,0,0,55
2024-03-12 11:50:00,35,35,0,0,70
2024-03-12 12:00:00,47,36,0,0,83
2024-03-12 12:10:00,33,23,0,0,56
2024-03-12 12:20:00,31,32,0,0,63
2024-03-12 12:30:00,28,22,0,0,50
2024-03-12 12:40:00,36,34,0,0,70
2024-03-12 12:50:00,41,43,0,0,84
2024-03-12 13:00:00,45,38,0,0,83
2024-03-12 13:10:00,31,30,0,0,61
2024-03-12 13:20:00,28,38,0,0,66
2024-03-12 13:30:00,32,26,0,0,58
2024-03-12 13:40:00,38,24,0,0,62
2024-03-12 13:50:00,45,31,0,0,76
2024-03-12 14:00:00,39,27,0,0,66
2024-03-12 14:10:00,40,37,0,0,77
2024-03-12 14:20:00,33,34,0,0,67
2024-03-12 14:30:00,38,46,0,0,84
2024-03-12 14:40:00,32,32,0,0,64
2024-03-12 14:50:00,41,36,0,0,77
2024-03-12 15:00:00,42,41,0,0,83
2024-03-12 15:10:00,43,52,0,0,95
2024-03-12 15:20:00,45,42,0,0,87
2024-03-12 15:30:00,43,34,0,0,77
2024-03-12 15:40:00,37,37,0,0,74
2024-03-12 15:50:00,44,47,0,0,91
2024-03-12 16:00:00,38,44,0,0,82
2024-03-12 16:10:00,42,55,0,0,97
2024-03-12 16:20:00,39,56,0,0,95
2024-03-12 16:30:00,33,50,0,0,83
2024-03-12 16:40:00,35,54,0,0,89
2024-03-12 16:50:00,34,45,0,0,79
2024-03-12 17:00:00,36,66,0,0,102
2024-03-12 17:10:00,31,53,0,0,84
2024-03-12 17:20:00,38,46,0,0,84
2024-03-12 17:30:00,36,48,0,0,84
2024-03-12 17:40:00,40,44,0,0,84
2024-03-12 17:50:00,39,39,0,0,78
2024-03-12 18:00:00,41,44,0,0,85
2024-03-12 18:10:00,36,35,0,0,71
2024-03-12 18:20:00,40,40,0,0,80
2024-03-12 18:30:00,29,26,0,0,55
2024-03-12 18:40:00,30,25,0,0,55
2024-03-12 18:50:00,28,35,0,0,63
2024-03-12 19:00:00,22,25,0,0,47
2024-03-12 19:10:00,24,31,0,0,55
2024-03-12 19:20:00,20,28,0,0,48
2024-03-12 19:30:00,12,26,0,0,38
2024-03-12 19:40:00,21,25,0,0,46
2024-03-12 19:50:00,24,29,0,0,53
2024-03-12 20:00:00,20,20,0,0,40
2024-03-12 20:10:00,20,19,0,0,39
2024-03-12 20:20:00,16,24,0,0,40
2024-03-12 20:30:00,13,21,0,0,34
2024-03-12 20:40:00,14,21,0,0,35
2024-03-12 20:50:00,14,22,0,0,36
2024-03-12 21:00:00,12,25,0,0,37
2024-03-12 21:10:00,14,18,0,0,32
2024-03-12 21:20:00,12,13,0,0,25
2024-03-12 21:30:00,20,15,0,0,35
2024-03-12 21:40:00,17,17,0,0,34
2024-03-12 21:50:00,14,21,0,0,35
2024-03-12 22:00:00,11,14,0,0,25
2024-03-12 22:10:00,17,18,0,0,35
2024-03-12 22:20:00,10,16,0,0,26
2024-03-12 22:30:00,8,9,0,0,17
2024-03-12 22:40:00,11,16,0,0,27
2024-03-12 22:50:00,5,17,0,0,22
2024-03-12 23:00:00,8,10,0,0,18
2024-03-12 23:10:00,5,6,0,0,11
2024-03-12 23:20:00,1,6,0,0,7
2024-03-12 23:30:00,3,5,0,0,8
2024-03-12 23:40:00,4,7,0,0,11
2024-03-12 23:50:00,4,7,0,0,11
2024-03-13 00:00:00,3,8,0,0,11
2024-03-13 00:10:00,5,3,0,0,8
2024-03-13 00:20:00,5,4,0,0,9
2024-03-13 00:30:00,4,3,0,0,7
2024-03-13 00:40:00,1,4,0,0,5
2024-03-13 00:50:00,7,3,0,0,10
2024-03-13 01:00:00,4,5,0,0,9
2024-03-13 01:10:00,0,2,0,0,2
2024-03-13 01:20:00,1,2,0,0,3
2024-03-13 01:30:00,0,3,0,0,3
2024-03-13 01:40:00,0,3,0,0,3
2024-03-13 01:50:00,0,0,0,0,0
2024-03-13 02:00:00,2,1,0,0,3
2024-03-13 02:10:00,2,1,0,0,3
2024-03-13 02:20:00,1,3,0,0,4
2024-03-13 02:30:00,1,0,0,0,1
2024-03-13 02:40:00,0,3,0,0,3
2024-03-13 02:50:00,0,0,0,0,0
2024-03-13 03:00:00,0,0,0,0,0
2024-03-13 03:10:00,1,1,0,0,2
2024-03-13 03:20:00,0,1,0,0,1
2024-03-13 03:30:00,1,1,0,0,2
2024-03-13 03:40:00,1,0,0,0,1
2024-03-13 03:50:00,2,1,0,0,3
2024-03-13 04:00:00,1,1,0,0,2
2024-03-13 04:10:00,3,2,0,0,5
2024-03-13 04:20:00,1,2,0,0,3
2024-03-13 04:30:00,1,4,0,0,5
2024-03-13 04:40:00,6,5,0,0,11
2024-03-13 04:50:00,3,3,0,0,6
2024-03-13 05:00:00,5,6,0,0,11
2024-03-13 05:10:00,11,4,0,0,15
2024-03-13 05:20:00,6,12,0,0,18
2024-03-13 05:30:00,7,11,0,0,18
2024-03-13 05:40:00,12,12,0,0,24
2024-03-13 05:50:00,17,16,0,0,33
2024-03-13 06:00:00,15,11,0,0,26
2024-03-13 06:10:00,22,18,0,0,40
2024-03-13 06:20:00,13,13,0,0,26
2024-03-13 06:30:00,36,16,0,0,52
2024-03-13 06:40:00,33,22,0,0,55
2024-03-13 06:50:00,35,24,0,0,59
2024-03-13 07:00:00,31,22,0,0,53
2024-03-13 07:10:00,46,33,0,0,79
2024-03-13 07:20:00,46,31,0,0,77
2024-03-13 07:30:00,53,28,0,0,81
2024-03-13 07:40:00,67,37,0,0,104
2024-03-13 07:50:00,68,34,0,0,102
2024-03-13 08:00:00,81,37,0,0,118
2024-03-13 08:10:00,51,34,0,0,85
2024-03-13 08:20:00,67,41,0,0,108
2024-03-13 08:30:00,46,25,0,0,71
2024-03-13 08:40:00,51,34,0,0,85
2024-03-13 08:50:00,49,26,0,0,75
2024-03-13 09:00:00,45,28,0,0,73
2024-03-13 09:10:00,40,28,0,0,68
2024-03-13 09:20:00,37,23,0,0,60
2024-03-13 09:30:00,40,28,0,0,68
2024-03-13 09:40:00,42,26,0,0,68
2024-03-13 09:50:00,34,29,0,0,63
2024-03-13 10:00:00,29,20,0,0,49
2024-03-13 10:10:00,29,32,0,0,61
2024-03-13 10:20:00,31,34,0,0,65
2024-03-13 10:30:00,30,24,0,0,54
2024-03-13 10:40:00,25,25,0,0,50
2024-03-13 10:50:00,33,28,0,0,61
2024-03-13 11:00:00,33,29,0,0,62
2024-03-13 11:10:00,34,27,0,0,61
2024-03-13 11:20:00,31,29,0,0,60
2024-03-13 11:30:00,32,24,0,0,56
2024-03-13 11:40:00,22,33,0,0,55
2024-03-13 11:50:00,28,30,0,0,58
2024-03-13 12:00:00,36,29,0,0,65
2024-03-13 12:10:00,38,29,0,0,67
2024-03-13 12:20:00,35,34,0,0,69
2024-03-13 12:30:00,32,27,0,0,59
2024-03-13 12:40:00,28,31,0,0,59
2024-03-13 12:50:00,30,32,0,0,62
2024-03-13 13:00:00,38,28,0,0,66
2024-03-13 13:10:00,36,35,0,0,71
2024-03-13 13:20:00,31,36,0,0,67
2024-03-13 13:30:00,26,23,0,0,49
2024-03-13 13:40:00,33,21,0,0,54
2024-03-13 13:50:00,40,38,0,0,78
2024-03-13 14:00:00,29,32,0,0,61
2024-03-13 14:10:00,44,41,0,0,85
2024-03-13 14:20:00,36,26,0,0,62
2024-03-13 14:30:00,38,31,0,0,69
2024-03-13 14:40:00,40,42,0,0,82
2024-03-13 14:50:00,42,39,0,0,81
2024-03-13 15:00:00,45,29,0,0,74
2024-03-13 15:10:00,41,47,0,0,88
2024-03-13 15:20:00,37,44,0,0,81
2024-03-13 15:30:00,31,33,0,0,64
2024-03-13 15:40:00,39,46,0,0,85
2024-03-13 15:50:00,39,48,0,0,87
2024-03-13 16:00:00,46,38,0,0,84
2024-03-13 16:10:00,28,45,0,0,73
2024-03-13 16:20:00,37,46,0,0,83
2024-03-13 16:30:00,38,50,0,0,88
2024-03-13 16:40:00,34,55,0,0,89
2024-03-13 16:50:00,40,53,0,0,93
2024-03-13 17:00:00,37,49,0,0,86
2024-03-13 17:10:00,38,48,0,0,86
2024-03-13 17:20:00,31,42,0,0,73
2024-03-13 17:30:00,42,49,0,0,91
2024-03-13 17:40:00,44,40,0,0,84
2024-03-13 17:50:00,37,41,0,0,78
2024-03-13 18:00:00,39,56,0,0,95
2024-03-13 18:10:00,46,34,0,0,80
2024-03-13 18:20:00,40,42,0,0,82
2024-03-13 18:30:00,25,46,0,0,71
2024-03-13 18:40:00,28,37,0,0,65
2024-03-13 18:50:00,27,33,0,0,60
2024-03-13 19:00:00,25,32,0,0,57
2024-03-13 19:10:00,21,40,0,0,61
2024-03-13 19:20:00,16,28,0,0,44
2024-03-13 19:30:00,24,23,0,0,47
2024-03-13 19:40:00,29,33,0,0,62
2024-03-13 19:50:00,31,26,0,0,57
2024-03-13 20:00:00,19,33,0,0,52
2024-03-13 20:10:00,23,25,0,0,48
2024-03-13 20:20:00,25,26,0,0,51
2024-03-13 20:30:00,18,21,0,0,39
2024-03-13 20:40:00,13,22,0,0,35
2024-03-13 20:50:00,14,17,0,0,31
2024-03-13 21:00:00,12,27,0,0,39
2024-03-13 21:10:00,20,21,0,0,41
2024-03-13 21:20:00,8,21,0,0,29
2024-03-13 21:30:00,22,22,0,0,44
2024-03-13 21:40:00,12,16,0,0,28
2024-03-13 21:50:00,19,16,0,0,35
2024-03-13 22:00:00,13,20,0,0,33
2024-03-13 22:10:00,14,7,0,0,21
2024-03-13 22:20:00,8,12,0,0,20
2024-03-13 22:30:00,8,11,0,0,19
2024-03-13 22:40:00,14,13,0,0,27
2024-03-13 22:50:00,10,18,0,0,28
2024-03-13 23:00:00,10,15,0,0,25
2024-03-13 23:10:00,9,13,0,0,22
2024-03-13 23:20:00,9,7,0,0,16
2024-03-13 23:30:00,10,6,0,0,16
2024-03-13 23:40:00,4,4,0,0,8
2024-03-13 23:50:00,8,11,0,0,19
2024-03-14 00:00:00,7,10,0,0,17
2024-03-14 00:10:00,8,8,0,0,16
2024-03-14 00:20:00,3,5,0,0,8
2024-03-14 00:30:00,3,2,0,0,5
2024-03-14 00:40:00,4,4,0,0,8
2024-03-14 00:50:00,4,6,0,0,10
2024-03-14 01:00:00,5,6,0,0,11
2024-03-14 01:10:00,2,3,0,0,5
2024-03-14 01:20:00,1,4,0,0,5
2024-03-14 01:30:00,1,0,0,0,1
2024-03-14 01:40:00,3,5,0,0,8
2024-03-14 01:50:00,3,3,0,0,6
2024-03-14 02:00:00,2,3,0,0,5
2024-03-14 02:10:00,2,1,0,0,3
2024-03-14 02:20:00,1,2,0,0,3
2024-03-14 02:30:00,2,6,0,0,8
2024-03-14 02:40:00,5,5,0,0,10
2024-03-14 02:50:00,0,0,0,0,0
2024-03-14 03:00:00,4,2,0,0,6
2024-03-14 03:10:00,2,2,0,0,4
2024-03-14 03:20:00,2,1,0,0,3
2024-03-14 03:30:00,3,2,0,0,5
2024-03-14 03:40:00,1,2,0,0,3
2024-03-14 03:50:00,0,1,0,0,1
2024-03-14 04:00:00,3,3,0,0,6
2024-03-14 04:10:00,2,2,0,0,4
2024-03-14 04:20:00,2,2,0,0,4
2024-03-14 04:30:00,2,1,0,0,3
2024-03-14 04:40:00,3,6,0,0,9
2024-03-14 04:50:00,7,8,0,0,15
2024-03-14 05:00:00,8,5,0,0,13
2024-03-14 05:10:00,5,3,0,0,8
2024-03-14 05:20:00,4,7,0,0,11
2024-03-14 05:30:00,5,8,0,0,13
2024-03-14 05:40:00,11,9,0,0,20
2024-03-14 05:50:00,20,14,0,0,34
2024-03-14 06:00:00,12,9,0,0,21
2024-03-14 06:10:00,19,18,0,0,37
2024-03-14 06:20:00,14,11,0,0,25
2024-03-14 06:30:00,25,16,0,0,41
2024-03-14 06:40:00,33,34,0,0,67
2024-03-14 06:50:00,32,14,0,0,46
2024-03-14 07:00:00,37,30,0,0,67
2024-03-14 07:10:00,44,34,0,0,78
2024-03-14 07:20:00,41,24,0,0,65
2024-03-14 07:30:00,65,43,0,0,108
2024-03-14 07:40:00,71,39,0,0,110
2024-03-14 07:50:00,59,39,0,0,98
2024-03-14 08:00:00,48,41,0,0,89
2024-03-14 08:10:00,68,42,0,0,110
2024-03-14 08:20:00,62,31,0,0,93
2024-03-14 08:30:00,63,32,0,0,95
2024-03-14 08:40:00,43,32,0,0,75
2024-03-14 08:50:00,47,26,0,0,73
2024-03-14 09:00:00,42,22,0,0,64
2024-03-14 09:10:00,26,23,0,0,49
2024-03-14 09:20:00,31,24,0,0,55
2024-03-14 09:30:00,29,30,0,0,59
2024-03-14 09:40:00,36,23,0,0,59
2024-03-14 09:50:00,34,22,0,0,56
2024-03-14 10:00:00,19,28,0,0,47
2024-03-14 10:10:00,31,28,0,0,59
2024-03-14 10:20:00,30,33,0,0,63
2024-03-14 10:30:00,27,26,0,0,53
2024-03-14 10:40:00,24,18,0,0,42
2024-03-14 10:50:00,41,28,0,0,69
2024-03-14 11:00:00,36,32,0,0,68
2024-03-14 11:10:00,26,26,0,0,52
2024-03-14 11:20:00,27,33,0,0,60
2024-03-14 11:30:00,37,33,0,0,70
2024-03-14 11:40:00,31,24,0,0,55
2024-03-14 11:50:00,35,22,0,0,57
2024-03-14 12:00:00,41,33,0,0,74
2024-03-14 12:10:00,37,26,0,0,63
2024-03-14 12:20:00,32,38,0,0,70
2024-03-14 12:30:00,46,27,0,0,73
2024-03-14 12:40:00,41,38,0,0,79
2024-03-14 12:50:00,30,35,0,0,65
2024-03-14 13:00:00,43,39,0,0,82
2024-03-14 13:10:00,34,29,0,0,63
2024-03-14 13:20:00,26,25,0,0,51
2024-03-14 13:30:00,27,26,0,0,53
2024-03-14 13:40:00,31,32,0,0,63
2024-03-14 13:50:00,37,35,0,0,72
2024-03-14 14:00:00,42,36,0,0,78
2024-03-14 14:10:00,38,40,0,0,78
2024-03-14 14:20:00,34,34,0,0,68
2024-03-14 14:30:00,38,35,0,0,73
2024-03-14 14:40:00,41,33,0,0,74
2024-03-14 14:50:00,38,42,0,0,80
2024-03-14 15:00:00,43,43,0,0,86
2024-03-14 15:10:00,44,53,0,0,97
2024-03-14 15:20:00,40,40,0,0,80
2024-03-14 15:30:00,39,33,0,0,72
2024-03-14 15:40:00,35,41,0,0,76
2024-03-14 15:50:00,22,55,0,0,77
2024-03-14 16:00:00,52,46,0,0,98
2024-03-14 16:10:00,41,36,0,0,77
2024-03-14 16:20:00,31,61,0,0,92
2024-03-14 16:30:00,52,51,0,0,103
2024-03-14 16:40:00,34,53,0,0,87
2024-03-14 16:50:00,33,52,0,0,85
2024-03-14 17:00:00,29,50,0,0,79
2024-03-14 17:10:00,35,32,0,0,67
2024-03-14 17:20:00,27,45,0,0,72
2024-03-14 17:30:00,54,46,0,0,100
2024-03-14 17:40:00,35,39,0,0,74
2024-03-14 17:50:00,38,43,0,0,81
2024-03-14 18:00:00,38,36,0,0,74
2024-03-14 18:10:00,41,43,0,0,84
2024-03-14 18:20:00,34,43,0,0,77
2024-03-14 18:30:00,34,40,0,0,74
2024-03-14 18:40:00,27,27,0,0,54
2024-03-14 18:50:00,32,32,0,0,64
2024-03-14 19:00:00,29,29,0,0,58
2024-03-14 19:10:00,24,26,0,0,50
2024-03-14 19:20:00,25,32,0,0,57
2024-03-14 19:30:00,25,31,0,0,56
2024-03-14 19:40:00,24,29,0,0,53
2024-03-14 19:50:00,27,31,0,0,58
2024-03-14 20:00:00,22,22,0,0,44
2024-03-14 20:10:00,20,25,0,0,45
2024-03-14 20:20:00,16,24,0,0,40
2024-03-14 20:30:00,16,22,0,0,38
2024-03-14 20:40:00,14,16,0,0,30
2024-03-14 20:50:00,16,23,0,0,39
2024-03-14 21:00:00,15,16,0,0,31
2024-03-14 21:10:00,19,17,0,0,36
2024-03-14 21:20:00,21,24,0,0,45
2024-03-14 21:30:00,13,25,0,0,38
2024-03-14 21:40:00,15,15,0,0,30
2024-03-14 21:50:00,13,19,0,0,32
2024-03-14 22:00:00,8,15,0,0,23
2024-03-14 22:10:00,18,21,0,0,39
2024-03-14 22:20:00,16,16,0,0,32
2024-03-14 22:30:00,9,15,0,0,24
2024-03-14 22:40:00,13,10,0,0,23
2024-03-14 22:50:00,12,16,0,0,28
2024-03-14 23:00:00,9,11,0,0,20
2024-03-14 23:10:00,6,7,0,0,13
2024-03-14 23:20:00,9,7,0,0,16
2024-03-14 23:30:00,8,6,0,0,14
2024-03-14 23:40:00,2,5,0,0,7
2024-03-14 23:50:00,7,11,0,0,18
2024-03-15 00:00:00,5,4,0,0,9
2024-03-15 00:10:00,4,8,0,0,12
2024-03-15 00:20:00,3,6,0,0,9
2024-03-15 00:30:00,1,7,0,0,8
2024-03-15 00:40:00,5,8,0,0,13
2024-03-15 00:50:00,4,4,0,0,8
2024-03-15 01:00:00,4,3,0,0,7
2024-03-15 01:10:00,4,5,0,0,9
2024-03-15 01:20:00,2,3,0,0,5
2024-03-15 01:30:00,0,3,0,0,3
2024-03-15 01:40:00,3,3,0,0,6
2024-03-15 01:50:00,0,1,0,0,1
2024-03-15 02:00:00,2,3,0,0,5
2024-03-15 02:10:00,1,3,0,0,4
2024-03-15 02:20:00,0,3,0,0,3
2024-03-15 02:30:00,1,4,0,0,5
2024-03-15 02:40:00,0,0,0,0,0
2024-03-15 02:50:00,0,1,0,0,1
2024-03-15 03:00:00,0,1,0,0,1
2024-03-15 03:10:00,2,0,0,0,2
2024-03-15 03:20:00,1,0,0,0,1
2024-03-15 03:30:00,1,3,0,0,4
2024-03-15 03:40:00,0,1,0,0,1
2024-03-15 03:50:00,4,0,0,0,4
2024-03-15 04:00:00,2,1,0,0,3
2024-03-15 04:10:00,1,0,0,0,1
2024-03-15 04:20:00,1,3,0,0,4
2024-03-15 04:30:00,1,5,0,0,6
2024-03-15 04:40:00,3,5,0,0,8
2024-03-15 04:50:00,5,6,0,0,11
2024-03-15 05:00:00,5,4,0,0,9
2024-03-15 05:10:00,9,2,0,0,11
2024-03-15 05:20:00,8,8,0,0,16
2024-03-15 05:30:00,6,8,0,0,14
2024-03-15 05:40:00,7,11,0,0,18
2024-03-15 05:50:00,24,16,0,0,40
2024-03-15 06:00:00,15,9,0,0,24
2024-03-15 06:10:00,15,17,0,0,32
2024-03-15 06:20:00,18,16,0,0,34
2024-03-15 06:30:00,26,14,0,0,40
2024-03-15 06:40:00,31,16,0,0,47
2024-03-15 06:50:00,32,22,0,0,54
2024-03-15 07:00:00,39,30,0,0,69
2024-03-15 07:10:00,37,24,0,0,61
2024-03-15 07:20:00,42,25,0,0,67
2024-03-15 07:30:00,38,28,0,0,66
2024-03-15 07:40:00,58,36,0,0,94
2024-03-15 07:50:00,52,30,0,0,82
2024-03-15 08:00:00,58,42,0,0,100
2024-03-15 08:10:00,47,31,0,0,78
2024-03-15 08:20:00,28,23,0,0,51
2024-03-15 08:30:00,39,26,0,0,65
2024-03-15 08:40:00,31,28,0,0,59
2024-03-15 08:50:00,40,26,0,0,66
2024-03-15 09:00:00,46,34,0,0,80
2024-03-15 09:10:00,40,30,0,0,70
2024-03-15 09:20:00,28,24,0,0,52
2024-03-15 09:30:00,41,20,0,0,61
2024-03-15 09:40:00,37,30,0,0,67
2024-03-15 09:50:00,33,24,0,0,57
2024-03-15 10:00:00,39,33,0,0,72
2024-03-15 10:10:00,20,23,0,0,43
2024-03-15 10:20:00,36,25,0,0,61
2024-03-15 10:30:00,39,26,0,0,65
2024-03-15 10:40:00,35,43,0,0,78
2024-03-15 10:50:00,35,34,0,0,69
2024-03-15 11:00:00,29,27,0,0,56
2024-03-15 11:10:00,35,33,0,0,68
2024-03-15 11:20:00,35,31,0,0,66
2024-03-15 11:30:00,27,25,0,0,52
2024-03-15 11:40:00,28,31,0,0,59
2024-03-15 11:50:00,46,35,0,0,81
2024-03-15 12:00:00,30,37,0,0,67
2024-03-15 12:10:00,38,32,0,0,70
2024-03-15 12:20:00,35,39,0,0,74
2024-03-15 12:30:00,40,37,0,0,77
2024-03-15 12:40:00,41,45,0,0,86
2024-03-15 12:50:00,31,34,0,0,65
2024-03-15 13:00:00,58,47,0,0,105
2024-03-15 13:10:00,47,34,0,0,81
2024-03-15 13:20:00,56,44,0,0,100
2024-03-15 13:30:00,43,48,0,0,91
2024-03-15 13:40:00,33,40,0,0,73
2024-03-15 13:50:00,40,41,0,0,81
2024-03-15 14:00:00,42,35,0,0,77
2024-03-15 14:10:00,42,34,0,0,76
2024-03-15 14:20:00,38,46,0,0,84
2024-03-15 14:30:00,39,35,0,0,74
2024-03-15 14:40:00,40,50,0,0,90
2024-03-15 14:50:00,34,38,0,0,72
2024-03-15 15:00:00,34,35,0,0,69
2024-03-15 15:10:00,46,45,0,0,91
2024-03-15 15:20:00,39,37,0,0,76
2024-03-15 15:30:00,37,48,0,0,85
2024-03-15 15:40:00,42,44,0,0,86
2024-03-15 15:50:00,42,48,0,0,90
2024-03-15 16:00:00,37,45,0,0,82
2024-03-15 16:10:00,42,43,0,0,85
2024-03-15 16:20:00,38,54,0,0,92
2024-03-15 16:30:00,36,31,0,0,67
2024-03-15 16:40:00,43,36,0,0,79
2024-03-15 16:50:00,32,26,0,0,58
2024-03-15 17:00:00,44,31,0,0,75
2024-03-15 17:10:00,50,53,0,0,103
2024-03-15 17:20:00,32,30,0,0,62
2024-03-15 17:30:00,39,35,0,0,74
2024-03-15 17:40:00,37,32,0,0,69
2024-03-15 17:50:00,33,42,0,0,75
2024-03-15 18:00:00,46,45,0,0,91
2024-03-15 18:10:00,25,39,0,0,64
2024-03-15 18:20:00,35,43,0,0,78
2024-03-15 18:30:00,37,39,0,0,76
2024-03-15 18:40:00,21,24,0,0,45
2024-03-15 18:50:00,35,31,0,0,66
2024-03-15 19:00:00,19,23,0,0,42
2024-03-15 19:10:00,27,19,0,0,46
2024-03-15 19:20:00,22,30,0,0,52
2024-03-15 19:30:00,28,28,0,0,56
2024-03-15 19:40:00,19,25,0,0,44
2024-03-15 19:50:00,26,26,0,0,52
2024-03-15 20:00:00,19,31,0,0,50
2024-03-15 20:10:00,16,13,0,0,29
2024-03-15 20:20:00,15,21,0,0,36
2024-03-15 20:30:00,22,15,0,0,37
2024-03-15 20:40:00,12,17,0,0,29
2024-03-15 20:50:00,16,15,0,0,31
2024-03-15 21:00:00,16,26,0,0,42
2024-03-15 21:10:00,18,23,0,0,41
2024-03-15 21:20:00,14,20,0,0,34
2024-03-15 21:30:00,9,17,0,0,26
2024-03-15 21:40:00,21,20,0,0,41
2024-03-15 21:50:00,15,17,0,0,32
2024-03-15 22:00:00,17,26,0,0,43
2024-03-15 22:10:00,16,18,0,0,34
2024-03-15 22:20:00,12,17,0,0,29
2024-03-15 22:30:00,8,19,0,0,27
2024-03-15 22:40:00,18,16,0,0,34
2024-03-15 22:50:00,12,14,0,0,26
2024-03-15 23:00:00,11,17,0,0,28
2024-03-15 23:10:00,9,16,0,0,25
2024-03-15 23:20:00,8,16,0,0,24
2024-03-15 23:30:00,11,11,0,0,22
2024-03-15 23:40:00,7,8,0,0,15
2024-03-15 23:50:00,12,14,0,0,26
2024-03-16 00:00:00,14,11,0,0,25
2024-03-16 00:10:00,13,13,0,0,26
2024-03-16 00:20:00,9,14,0,0,23
2024-03-16 00:30:00,9,10,0,0,19
2024-03-16 00:40:00,5,5,0,0,10
2024-03-16 00:50:00,2,9,0,0,11
2024-03-16 01:00:00,3,13,0,0,16
2024-03-16 01:10:00,5,7,0,0,12
2024-03-16 01:20:00,6,10,0,0,16
2024-03-16 01:30:00,8,12,0,0,20
2024-03-16 01:40:00,3,5,0,0,8
2024-03-16 01:50:00,8,7,0,0,15
2024-03-16 02:00:00,5,8,0,0,13
2024-03-16 02:10:00,6,11,0,0,17
2024-03-16 02:20:00,1,3,0,0,4
2024-03-16 02:30:00,3,7,0,0,10
2024-03-16 02:40:00,2,3,0,0,5
2024-03-16 02:50:00,2,4,0,0,6
2024-03-16 03:00:00,0,4,0,0,4
2024-03-16 03:10:00,2,2,0,0,4
2024-03-16 03:20:00,4,6,0,0,10
2024-03-16 03:30:00,3,5,0,0,8
2024-03-16 03:40:00,2,1,0,0,3
2024-03-16 03:50:00,2,3,0,0,5
2024-03-16 04:00:00,3,7,0,0,10
2024-03-16 04:10:00,4,4,0,0,8
2024-03-16 04:20:00,3,4,0,0,7
2024-03-16 04:30:00,2,2,0,0,4
2024-03-16 04:40:00,1,8,0,0,9
2024-03-16 04:50:00,2,3,0,0,5
2024-03-16 05:00:00,5,4,0,0,9
2024-03-16 05:10:00,3,4,0,0,7
2024-03-16 05:20:00,3,9,0,0,12
2024-03-16 05:30:00,3,10,0,0,13
2024-03-16 05:40:00,4,8,0,0,12
2024-03-16 05:50:00,6,7,0,0,13
2024-03-16 06:00:00,5,5,0,0,10
2024-03-16 06:10:00,5,8,0,0,13
2024-03-16 06:20:00,2,2,0,0,4
2024-03-16 06:30:00,7,7,0,0,14
2024-03-16 06:40:00,13,12,0,0,25
2024-03-16 06:50:00,6,11,0,0,17
2024-03-16 07:00:00,7,5,0,0,12
2024-03-16 07:10:00,7,8,0,0,15
2024-03-16 07:20:00,12,12,0,0,24
2024-03-16 07:30:00,15,13,0,0,28
2024-03-16 07:40:00,10,9,0,0,19
2024-03-16 07:50:00,17,7,0,0,24
2024-03-16 08:00:00,15,12,0,0,27
2024-03-16 08:10:00,13,16,0,0,29
2024-03-16 08:20:00,16,18,0,0,34
2024-03-16 08:30:00,21,9,0,0,30
2024-03-16 08:40:00,23,24,0,0,47
2024-03-16 08:50:00,22,22,0,0,44
2024-03-16 09:00:00,20,21,0,0,41
2024-03-16 09:10:00,21,22,0,0,43
2024-03-16 09:20:00,17,16,0,0,33
2024-03-16 09:30:00,21,15,0,0,36
2024-03-16 09:40:00,32,22,0,0,54
2024-03-16 09:50:00,26,19,0,0,45
2024-03-16 10:00:00,33,26,0,0,59
2024-03-16 10:10:00,31,35,0,0,66
2024-03-16 10:20:00,27,22,0,0,49
2024-03-16 10:30:00,31,28,0,0,59
2024-03-16 10:40:00,34,29,0,0,63
2024-03-16 10:50:00,45,27,0,0,72
2024-03-16 11:00:00,29,26,0,0,55
2024-03-16 11:10:00,38,22,0,0,60
2024-03-16 11:20:00,31,31,0,0,62
2024-03-16 11:30:00,36,27,0,0,63
2024-03-16 11:40:00,30,29,0,0,59
2024-03-16 11:50:00,42,38,0,0,80
2024-03-16 12:00:00,31,36,0,0,67
2024-03-16 12:10:00,34,30,0,0,64
2024-03-16 12:20:00,37,48,0,0,85
2024-03-16 12:30:00,41,36,0,0,77
2024-03-16 12:40:00,38,49,0,0,87
2024-03-16 12:50:00,31,34,0,0,65
2024-03-16 13:00:00,40,26,0,0,66
2024-03-16 13:10:00,35,40,0,0,75
2024-03-16 13:20:00,38,40,0,0,78
2024-03-16 13:30:00,33,43,0,0,76
2024-03-16 13:40:00,26,30,0,0,56
2024-03-16 13:50:00,31,38,0,0,69
2024-03-16 14:00:00,31,39,0,0,70
2024-03-16 14:10:00,38,33,0,0,71
2024-03-16 14:20:00,34,34,0,0,68
2024-03-16 14:30:00,33,32,0,0,65
2024-03-16 14:40:00,14,28,0,0,42
2024-03-16 14:50:00,37,23,0,0,60
2024-03-16 15:00:00,44,37,0,0,81
2024-03-16 15:10:00,29,24,0,0,53
2024-03-16 15:20:00,29,28,0,0,57
2024-03-16 15:30:00,30,35,0,0,65
2024-03-16 15:40:00,27,34,0,0,61
2024-03-16 15:50:00,28,31,0,0,59
2024-03-16 16:00:00,32,40,0,0,72
2024-03-16 16:10:00,32,34,0,0,66
2024-03-16 16:20:00,24,35,0,0,59
2024-03-16 16:30:00,33,40,0,0,73
2024-03-16 16:40:00,25,29,0,0,54
2024-03-16 16:50:00,33,31,0,0,64
2024-03-16 17:00:00,28,34,0,0,62
2024-03-16 17:10:00,37,35,0,0,72
2024-03-16 17:20:00,24,36,0,0,60
2024-03-16 17:30:00,26,28,0,0,54
2024-03-16 17:40:00,43,38,0,0,81
2024-03-16 17:50:00,36,27,0,0,63
2024-03-16 18:00:00,31,22,0,0,53
2024-03-16 18:10:00,36,35,0,0,71
2024-03-16 18:20:00,38,33,0,0,71
2024-03-16 18:30:00,32,36,0,0,68
2024-03-16 18:40:00,24,31,0,0,55
2024-03-16 18:50:00,25,27,0,0,52
2024-03-16 19:00:00,23,28,0,0,51
2024-03-16 19:10:00,20,20,0,0,40
2024-03-16 19:20:00,16,22,0,0,38
2024-03-16 19:30:00,24,25,0,0,49
2024-03-16 19:40:00,21,25,0,0,46
2024-03-16 19:50:00,31,17,0,0,48
2024-03-16 20:00:00,38,29,0,0,67
2024-03-16 20:10:00,26,33,0,0,59
2024-03-16 20:20:00,26,29,0,0,55
2024-03-16 20:30:00,21,25,0,0,46
2024-03-16 20:40:00,12,25,0,0,37
2024-03-16 20:50:00,17,22,0,0,39
2024-03-16 21:00:00,20,23,0,0,43
2024-03-16 21:10:00,14,18,0,0,32
2024-03-16 21:20:00,16,16,0,0,32
2024-03-16 21:30:00,9,19,0,0,28
2024-03-16 21:40:00,18,27,0,0,45
2024-03-16 21:50:00,15,17,0,0,32
2024-03-16 22:00:00,15,16,0,0,31
2024-03-16 22:10:00,14,15,0,0,29
2024-03-16 22:20:00,12,24,0,0,36
2024-03-16 22:30:00,14,12,0,0,26
2024-03-16 22:40:00,12,17,0,0,29
2024-03-16 22:50:00,11,12,0,0,23
2024-03-16 23:00:00,12,15,0,0,27
2024-03-16 23:10:00,13,18,0,0,31
2024-03-16 23:20:00,10,13,0,0,23
2024-03-16 23:30:00,11,9,0,0,20
2024-03-16 23:40:00,5,9,0,0,14
2024-03-16 23:50:00,5,9,0,0,14
2024-03-17 00:00:00,12,12,0,0,24
2024-03-17 00:10:00,9,15,0,0,24
2024-03-17 00:20:00,5,10,0,0,15
2024-03-17 00:30:00,7,13,0,0,20
2024-03-17 00:40:00,10,5,0,0,15
2024-03-17 00:50:00,4,8,0,0,12
2024-03-17 01:00:00,5,11,0,0,16
2024-03-17 01:10:00,6,13,0,0,19
2024-03-17 01:20:00,6,5,0,0,11
2024-03-17 01:30:00,0,2,0,0,2
2024-03-17 01:40:00,4,9,0,0,13
2024-03-17 01:50:00,4,6,0,0,10
2024-03-17 02:00:00,5,5,0,0,10
2024-03-17 02:10:00,4,5,0,0,9
2024-03-17 02:20:00,1,8,0,0,9
2024-03-17 02:30:00,0,3,0,0,3
2024-03-17 02:40:00,1,1,0,0,2
2024-03-17 02:50:00,4,2,0,0,6
2024-03-17 03:00:00,3,5,0,0,8
2024-03-17 03:10:00,0,3,0,0,3
2024-03-17 03:20:00,4,4,0,0,8
2024-03-17 03:30:00,3,8,0,0,11
2024-03-17 03:40:00,0,3,0,0,3
2024-03-17 03:50:00,4,4,0,0,8
2024-03-17 04:00:00,1,3,0,0,4
2024-03-17 04:10:00,1,3,0,0,4
2024-03-17 04:20:00,4,4,0,0,8
2024-03-17 04:30:00,5,2,0,0,7
2024-03-17 04:40:00,3,5,0,0,8
2024-03-17 04:50:00,2,4,0,0,6
2024-03-17 05:00:00,3,3,0,0,6
2024-03-17 05:10:00,1,4,0,0,5
2024-03-17 05:20:00,2,6,0,0,8
2024-03-17 05:30:00,2,4,0,0,6
2024-03-17 05:40:00,5,3,0,0,8
2024-03-17 05:50:00,2,3,0,0,5
2024-03-17 06:00:00,3,5,0,0,8
2024-03-17 06:10:00,3,3,0,0,6
2024-03-17 06:20:00,3,2,0,0,5
2024-03-17 06:30:00,5,3,0,0,8
2024-03-17 06:40:00,4,4,0,0,8
2024-03-17 06:50:00,6,6,0,0,12
2024-03-17 07:00:00,2,3,0,0,5
2024-03-17 07:10:00,2,6,0,0,8
2024-03-17 07:20:00,3,3,0,0,6
2024-03-17 07:30:00,4,5,0,0,9
2024-03-17 07:40:00,3,8,0,0,11
2024-03-17 07:50:00,3,7,0,0,10
2024-03-17 08:00:00,4,7,0,0,11
2024-03-17 08:10:00,5,9,0,0,14
2024-03-17 08:20:00,7,11,0,0,18
2024-03-17 08:30:00,7,4,0,0,11
2024-03-17 08:40:00,9,8,0,0,17
2024-03-17 08:50:00,9,12,0,0,21
2024-03-17 09:00:00,9,14,0,0,23
2024-03-17 09:10:00,7,8,0,0,15
2024-03-17 09:20:00,20,15,0,0,35
2024-03-17 09:30:00,13,15,0,0,28
2024-03-17 09:40:00,18,14,0,0,32
2024-03-17 09:50:00,15,18,0,0,33
2024-03-17 10:00:00,10,16,0,0,26
2024-03-17 10:10:00,14,19,0,0,33
2024-03-17 10:20:00,20,29,0,0,49
2024-03-17 10:30:00,16,16,0,0,32
2024-03-17 10:40:00,20,11,0,0,31
2024-03-17 10:50:00,17,10,0,0,27
2024-03-17 11:00:00,20,19,0,0,39
2024-03-17 11:10:00,27,23,0,0,50
2024-03-17 11:20:00,19,14,0,0,33
2024-03-17 11:30:00,31,22,0,0,53
2024-03-17 11:40:00,19,24,0,0,43
2024-03-17 11:50:00,24,24,0,0,48
2024-03-17 12:00:00,22,15,0,0,37
2024-03-17 12:10:00,14,21,0,0,35
2024-03-17 12:20:00,28,26,0,0,54
2024-03-17 12:30:00,30,23,0,0,53
2024-03-17 12:40:00,28,32,0,0,60
2024-03-17 12:50:00,16,19,0,0,35
2024-03-17 13:00:00,27,29,0,0,56
2024-03-17 13:10:00,22,23,0,0,45
2024-03-17 13:20:00,26,25,0,0,51
2024-03-17 13:30:00,23,26,0,0,49
2024-03-17 13:40:00,21,31,0,0,52
2024-03-17 13:50:00,24,20,0,0,44
2024-03-17 14:00:00,24,24,0,0,48
2024-03-17 14:10:00,27,22,0,0,49
2024-03-17 14:20:00,23,18,0,0,41
2024-03-17 14:30:00,23,22,0,0,45
2024-03-17 14:40:00,24,21,0,0,45
2024-03-17 14:50:00,32,28,0,0,60
2024-03-17 15:00:00,28,21,0,0,49
2024-03-17 15:10:00,21,23,0,0,44
2024-03-17 15:20:00,17,22,0,0,39
2024-03-17 15:30:00,24,14,0,0,38
2024-03-17 15:40:00,23,22,0,0,45
2024-03-17 15:50:00,19,24,0,0,43
2024-03-17 16:00:00,23,15,0,0,38
2024-03-17 16:10:00,13,24,0,0,37
2024-03-17 16:20:00,19,32,0,0,51
2024-03-17 16:30:00,26,21,0,0,47
2024-03-17 16:40:00,18,26,0,0,44
2024-03-17 16:50:00,31,29,0,0,60
2024-03-17 17:00:00,25,20,0,0,45
2024-03-17 17:10:00,28,19,0,0,47
2024-03-17 17:20:00,25,24,0,0,49
2024-03-17 17:30:00,17,21,0,0,38
2024-03-17 17:40:00,32,34,0,0,66
2024-03-17 17:50:00,28,24,0,0,52
2024-03-17 18:00:00,32,21,0,0,53
2024-03-17 18:10:00,25,23,0,0,48
2024-03-17 18:20:00,25,34,0,0,59
2024-03-17 18:30:00,11,20,0,0,31
2024-03-17 18:40:00,23,22,0,0,45
2024-03-17 18:50:00,24,34,0,0,58
2024-03-17 19:00:00,14,19,0,0,33
2024-03-17 19:10:00,24,26,0,0,50
2024-03-17 19:20:00,20,34,0,0,54
2024-03-17 19:30:00,17,20,0,0,37
2024-03-17 19:40:00,26,25,0,0,51
2024-03-17 19:50:00,23,22,0,0,45
2024-03-17 20:00:00,23,20,0,0,43
2024-03-17 20:10:00,19,20,0,0,39
2024-03-17 20:20:00,16,20,0,0,36
2024-03-17 20:30:00,16,17,0,0,33
2024-03-17 20:40:00,16,17,0,0,33
2024-03-17 20:50:00,9,19,0,0,28
2024-03-17 21:00:00,17,11,0,0,28
2024-03-17 21:10:00,13,15,0,0,28
2024-03-17 21:20:00,16,21,0,0,37
2024-03-17 21:30:00,12,16,0,0,28
2024-03-17 21:40:00,7,11,0,0,18
2024-03-17 21:50:00,17,20,0,0,37
2024-03-17 22:00:00,4,9,0,0,13
2024-03-17 22:10:00,9,14,0,0,23
2024-03-17 22:20:00,7,9,0,0,16
2024-03-17 22:30:00,10,12,0,0,22
2024-03-17 22:40:00,9,6,0,0,15
2024-03-17 22:50:00,8,8,0,0,16
2024-03-17 23:00:00,7,9,0,0,16
2024-03-17 23:10:00,4,6,0,0,10
2024-03-17 23:20:00,8,6,0,0,14
2024-03-17 23:30:00,7,8,0,0,15
2024-03-17 23:40:00,5,4,0,0,9
2024-03-17 23:50:00,5,10,0,0,15
2024-03-18 00:00:00,2,4,0,0,6
2024-03-18 00:10:00,2,6,0,0,8
2024-03-18 00:20:00,3,6,0,0,9
2024-03-18 00:30:00,1,3,0,0,4
2024-03-18 00:40:00,2,1,0,0,3
2024-03-18 00:50:00,0,1,0,0,1
2024-03-18 01:00:00,0,3,0,0,3
2024-03-18 01:10:00,2,3,0,0,5
2024-03-18 01:20:00,2,2,0,0,4
2024-03-18 01:30:00,2,6,0,0,8
2024-03-18 01:40:00,1,2,0,0,3
2024-03-18 01:50:00,1,0,0,0,1
2024-03-18 02:00:00,2,1,0,0,3
2024-03-18 02:10:00,0,1,0,0,1
2024-03-18 02:20:00,1,1,0,0,2
2024-03-18 02:30:00,1,0,0,0,1
2024-03-18 02:40:00,2,0,0,0,2
2024-03-18 02:50:00,1,3,0,0,4
2024-03-18 03:00:00,2,2,0,0,4
2024-03-18 03:10:00,1,1,0,0,2
2024-03-18 03:20:00,0,1,0,0,1
2024-03-18 03:30:00,0,1,0,0,1
2024-03-18 03:40:00,1,3,0,0,4
2024-03-18 03:50:00,2,2,0,0,4
2024-03-18 04:00:00,1,3,0,0,4
2024-03-18 04:10:00,2,4,0,0,6
2024-03-18 04:20:00,5,6,0,0,11
2024-03-18 04:30:00,2,5,0,0,7
2024-03-18 04:40:00,1,5,0,0,6
2024-03-18 04:50:00,2,4,0,0,6
2024-03-18 05:00:00,7,5,0,0,12
2024-03-18 05:10:00,5,7,0,0,12
2024-03-18 05:20:00,5,8,0,0,13
2024-03-18 05:30:00,11,12,0,0,23
2024-03-18 05:40:00,10,11,0,0,21
2024-03-18 05:50:00,14,16,0,0,30
2024-03-18 06:00:00,20,18,0,0,38
2024-03-18 06:10:00,22,18,0,0,40
2024-03-18 06:20:00,22,20,0,0,42
2024-03-18 06:30:00,33,11,0,0,44
2024-03-18 06:40:00,32,21,0,0,53
2024-03-18 06:50:00,42,30,0,0,72
2024-03-18 07:00:00,37,20,0,0,57
2024-03-18 07:10:00,42,32,0,0,74
2024-03-18 07:20:00,45,24,0,0,69
2024-03-18 07:30:00,62,26,0,0,88
2024-03-18 07:40:00,45,38,0,0,83
2024-03-18 07:50:00,70,44,0,0,114
2024-03-18 08:00:00,69,33,0,0,102
2024-03-18 08:10:00,77,35,0,0,112
2024-03-18 08:20:00,62,26,0,0,88
2024-03-18 08:30:00,55,32,0,0,87
2024-03-18 08:40:00,64,30,0,0,94
2024-03-18 08:50:00,52,35,0,0,87
2024-03-18 09:00:00,39,34,0,0,73
2024-03-18 09:10:00,34,30,0,0,64
2024-03-18 09:20:00,42,29,0,0,71
2024-03-18 09:30:00,34,28,0,0,62
2024-03-18 09:40:00,46,30,0,0,76
2024-03-18 09:50:00,56,32,0,0,88
2024-03-18 10:00:00,31,26,0,0,57
2024-03-18 10:10:00,36,29,0,0,65
2024-03-18 10:20:00,42,31,0,0,73
2024-03-18 10:30:00,34,26,0,0,60
2024-03-18 10:40:00,36,26,0,0,62
2024-03-18 10:50:00,37,27,0,0,64
2024-03-18 11:00:00,36,22,0,0,58
2024-03-18 11:10:00,25,14,0,0,39
2024-03-18 11:20:00,30,18,0,0,48
2024-03-18 11:30:00,36,28,0,0,64
2024-03-18 11:40:00,29,27,0,0,56
2024-03-18 11:50:00,41,30,0,0,71
2024-03-18 12:00:00,38,27,0,0,65
2024-03-18 12:10:00,32,37,0,0,69
2024-03-18 12:20:00,37,35,0,0,72
2024-03-18 12:30:00,33,28,0,0,61
2024-03-18 12:40:00,26,26,0,0,52
2024-03-18 12:50:00,31,33,0,0,64
2024-03-18 13:00:00,31,28,0,0,59
2024-03-18 13:10:00,44,25,0,0,69
2024-03-18 13:20:00,28,37,0,0,65
2024-03-18 13:30:00,34,35,0,0,69
2024-03-18 13:40:00,49,42,0,0,91
2024-03-18 13:50:00,41,33,0,0,74
2024-03-18 14:00:00,34,34,0,0,68
2024-03-18 14:10:00,34,42,0,0,76
2024-03-18 14:20:00,39,37,0,0,76
2024-03-18 14:30:00,38,34,0,0,72
2024-03-18 14:40:00,48,42,0,0,90
2024-03-18 14:50:00,34,35,0,0,69
2024-03-18 15:00:00,51,38,0,0,89
2024-03-18 15:10:00,47,40,0,0,87
2024-03-18 15:20:00,35,42,0,0,77
2024-03-18 15:30:00,31,40,0,0,71
2024-03-18 15:40:00,50,49,0,0,99
2024-03-18 15:50:00,39,46,0,0,85
2024-03-18 16:00:00,45,49,0,0,94
2024-03-18 16:10:00,43,45,0,0,88
2024-03-18 16:20:00,44,53,0,0,97
2024-03-18 16:30:00,47,43,0,0,90
2024-03-18 16:40:00,47,45,0,0,92
2024-03-18 16:50:00,39,58,0,0,97
2024-03-18 17:00:00,35,37,0,0,72
2024-03-18 17:10:00,46,44,0,0,90
2024-03-18 17:20:00,30,47,0,0,77
2024-03-18 17:30:00,31,42,0,0,73
2024-03-18 17:40:00,38,51,0,0,89
2024-03-18 17:50:00,28,38,0,0,66
2024-03-18 18:00:00,33,34,0,0,67
2024-03-18 18:10:00,45,38,0,0,83
2024-03-18 18:20:00,27,29,0,0,56
2024-03-18 18:30:00,27,33,0,0,60
2024-03-18 18:40:00,24,35,0,0,59
2024-03-18 18:50:00,35,33,0,0,68
2024-03-18 19:00:00,21,26,0,0,47
2024-03-18 19:10:00,24,34,0,0,58
2024-03-18 19:20:00,26,31,0,0,57
2024-03-18 19:30:00,22,36,0,0,58
2024-03-18 19:40:00,18,25,0,0,43
2024-03-18 19:50:00,19,26,0,0,45
2024-03-18 20:00:00,21,21,0,0,42
2024-03-18 20:10:00,19,21,0,0,40
2024-03-18 20:20:00,9,17,0,0,26
2024-03-18 20:30:00,12,20,0,0,32
2024-03-18 20:40:00,14,17,0,0,31
2024-03-18 20:50:00,20,32,0,0,52
2024-03-18 21:00:00,9,14,0,0,23
2024-03-18 21:10:00,14,20,0,0,34
2024-03-18 21:20:00,17,25,0,0,42
2024-03-18 21:30:00,15,22,0,0,37
2024-03-18 21:40:00,8,13,0,0,21
2024-03-18 21:50:00,11,13,0,0,24
2024-03-18 22:00:00,11,21,0,0,32
2024-03-18 22:10:00,19,18,0,0,37
2024-03-18 22:20:00,15,17,0,0,32
2024-03-18 22:30:00,8,11,0,0,19
2024-03-18 22:40:00,6,12,0,0,18
2024-03-18 22:50:00,11,11,0,0,22
2024-03-18 23:00:00,7,10,0,0,17
2024-03-18 23:10:00,4,7,0,0,11
2024-03-18 23:20:00,9,7,0,0,16
2024-03-18 23:30:00,5,7,0,0,12
2024-03-18 23:40:00,6,6,0,0,12
2024-03-18 23:50:00,2,6,0,0,8
2024-03-19 00:00:00,3,3,0,0,6
2024-03-19 00:10:00,4,4,0,0,8
2024-03-19 00:20:00,6,7,0,0,13
2024-03-19 00:30:00,4,4,0,0,8
2024-03-19 00:40:00,4,5,0,0,9
2024-03-19 00:50:00,3,1,0,0,4
2024-03-19 01:00:00,1,2,0,0,3
2024-03-19 01:10:00,0,4,0,0,4
2024-03-19 01:20:00,2,3,0,0,5
2024-03-19 01:30:00,0,3,0,0,3
2024-03-19 01:40:00,1,3,0,0,4
2024-03-19 01:50:00,0,1,0,0,1
2024-03-19 02:00:00,1,3,0,0,4
2024-03-19 02:10:00,2,1,0,0,3
2024-03-19 02:20:00,2,3,0,0,5
2024-03-19 02:30:00,2,1,0,0,3
2024-03-19 02:40:00,0,1,0,0,1
2024-03-19 02:50:00,0,1,0,0,1
2024-03-19 03:00:00,1,0,0,0,1
2024-03-19 03:10:00,2,4,0,0,6
2024-03-19 03:20:00,0,3,0,0,3
2024-03-19 03:30:00,0,1,0,0,1
2024-03-19 03:40:00,4,4,0,0,8
2024-03-19 03:50:00,2,0,0,0,2
2024-03-19 04:00:00,3,2,0,0,5
2024-03-19 04:10:00,1,2,0,0,3
2024-03-19 04:20:00,1,2,0,0,3
2024-03-19 04:30:00,3,6,0,0,9
2024-03-19 04:40:00,2,6,0,0,8
2024-03-19 04:50:00,5,3,0,0,8
2024-03-19 05:00:00,8,5,0,0,13
2024-03-19 05:10:00,5,6,0,0,11
2024-03-19 05:20:00,7,8,0,0,15
2024-03-19 05:30:00,9,11,0,0,20
2024-03-19 05:40:00,11,15,0,0,26
2024-03-19 05:50:00,19,17,0,0,36
2024-03-19 06:00:00,22,18,0,0,40
2024-03-19 06:10:00,15,16,0,0,31
2024-03-19 06:20:00,22,21,0,0,43
2024-03-19 06:30:00,29,21,0,0,50
2024-03-19 06:40:00,24,12,0,0,36
2024-03-19 06:50:00,42,33,0,0,75
2024-03-19 07:00:00,38,22,0,0,60
2024-03-19 07:10:00,42,22,0,0,64
2024-03-19 07:20:00,56,28,0,0,84
2024-03-19 07:30:00,75,27,0,0,102
2024-03-19 07:40:00,64,39,0,0,103
2024-03-19 07:50:00,77,37,0,0,114
2024-03-19 08:00:00,88,41,0,0,129
2024-03-19 08:10:00,80,35,0,0,115
2024-03-19 08:20:00,73,35,0,0,108
2024-03-19 08:30:00,58,34,0,0,92
2024-03-19 08:40:00,61,30,0,0,91
2024-03-19 08:50:00,55,28,0,0,83
2024-03-19 09:00:00,57,24,0,0,81
2024-03-19 09:10:00,49,23,0,0,72
2024-03-19 09:20:00,42,29,0,0,71
2024-03-19 09:30:00,54,35,0,0,89
2024-03-19 09:40:00,39,29,0,0,68
2024-03-19 09:50:00,38,25,0,0,63
2024-03-19 10:00:00,31,27,0,0,58
2024-03-19 10:10:00,34,22,0,0,56
2024-03-19 10:20:00,29,30,0,0,59
2024-03-19 10:30:00,38,34,0,0,72
2024-03-19 10:40:00,49,33,0,0,82
2024-03-19 10:50:00,49,25,0,0,74
2024-03-19 11:00:00,46,30,0,0,76
2024-03-19 11:10:00,25,29,0,0,54
2024-03-19 11:20:00,36,25,0,0,61
2024-03-19 11:30:00,26,35,0,0,61
2024-03-19 11:40:00,33,25,0,0,58
2024-03-19 11:50:00,45,37,0,0,82
2024-03-19 12:00:00,43,38,0,0,81
2024-03-19 12:10:00,33,35,0,0,68
2024-03-19 12:20:00,27,36,0,0,63
2024-03-19 12:30:00,34,36,0,0,70
2024-03-19 12:40:00,37,30,0,0,67
2024-03-19 12:50:00,26,28,0,0,54
2024-03-19 13:00:00,39,20,0,0,59
2024-03-19 13:10:00,43,26,0,0,69
2024-03-19 13:20:00,47,30,0,0,77
2024-03-19 13:30:00,31,29,0,0,60
2024-03-19 13:40:00,28,31,0,0,59
2024-03-19 13:50:00,24,28,0,0,52
2024-03-19 14:00:00,38,33,0,0,71
2024-03-19 14:10:00,34,37,0,0,71
2024-03-19 14:20:00,36,38,0,0,74
2024-03-19 14:30:00,33,35,0,0,68
2024-03-19 14:40:00,40,43,0,0,83
2024-03-19 14:50:00,52,42,0,0,94
2024-03-19 15:00:00,40,33,0,0,73
2024-03-19 15:10:00,37,43,0,0,80
2024-03-19 15:20:00,41,52,0,0,93
2024-03-19 15:30:00,37,47,0,0,84
2024-03-19 15:40:00,36,45,0,0,81
2024-03-19 15:50:00,40,47,0,0,87
2024-03-19 16:00:00,40,45,0,0,85
2024-03-19 16:10:00,57,46,0,0,103
2024-03-19 16:20:00,43,48,0,0,91
2024-03-19 16:30:00,47,56,0,0,103
2024-03-19 16:40:00,38,54,0,0,92
2024-03-19 16:50:00,39,46,0,0,85
2024-03-19 17:00:00,51,48,0,0,99
2024-03-19 17:10:00,55,52,0,0,107
2024-03-19 17:20:00,37,52,0,0,89
2024-03-19 17:30:00,41,45,0,0,86
2024-03-19 17:40:00,31,39,0,0,70
2024-03-19 17:50:00,39,61,0,0,100
2024-03-19 18:00:00,31,43,0,0,74
2024-03-19 18:10:00,40,49,0,0,89
2024-03-19 18:20:00,41,39,0,0,80
2024-03-19 18:30:00,30,41,0,0,71
2024-03-19 18:40:00,36,38,0,0,74
2024-03-19 18:50:00,25,33,0,0,58
2024-03-19 19:00:00,23,27,0,0,50
2024-03-19 19:10:00,19,38,0,0,57
2024-03-19 19:20:00,20,21,0,0,41
2024-03-19 19:30:00,21,35,0,0,56
2024-03-19 19:40:00,20,26,0,0,46
2024-03-19 19:50:00,30,26,0,0,56
2024-03-19 20:00:00,23,23,0,0,46
2024-03-19 20:10:00,25,25,0,0,50
2024-03-19 20:20:00,17,19,0,0,36
2024-03-19 20:30:00,10,20,0,0,30
2024-03-19 20:40:00,14,23,0,0,37
2024-03-19 20:50:00,11,16,0,0,27
2024-03-19 21:00:00,23,23,0,0,46
2024-03-19 21:10:00,18,27,0,0,45
2024-03-19 21:20:00,10,17,0,0,27
2024-03-19 21:30:00,18,27,0,0,45
2024-03-19 21:40:00,12,16,0,0,28
2024-03-19 21:50:00,11,18,0,0,29
2024-03-19 22:00:00,9,16,0,0,25
2024-03-19 22:10:00,6,10,0,0,16
2024-03-19 22:20:00,10,14,0,0,24
2024-03-19 22:30:00,7,15,0,0,22
2024-03-19 22:40:00,5,9,0,0,14
2024-03-19 22:50:00,11,13,0,0,24
2024-03-19 23:00:00,9,9,0,0,18
2024-03-19 23:10:00,5,12,0,0,17
2024-03-19 23:20:00,14,11,0,0,25
2024-03-19 23:30:00,7,12,0,0,19
2024-03-19 23:40:00,3,8,0,0,11
2024-03-19 23:50:00,6,8,0,0,14
2024-03-20 00:00:00,6,4,0,0,10
2024-03-20 00:10:00,3,6,0,0,9
2024-03-20 00:20:00,8,7,0,0,15
2024-03-20 00:30:00,2,2,0,0,4
2024-03-20 00:40:00,3,4,0,0,7
2024-03-20 00:50:00,1,1,0,0,2
2024-03-20 01:00:00,4,8,0,0,12
2024-03-20 01:10:00,2,6,0,0,8
2024-03-20 01:20:00,3,3,0,0,6
2024-03-20 01:30:00,3,3,0,0,6
2024-03-20 01:40:00,1,3,0,0,4
2024-03-20 01:50:00,2,4,0,0,6
2024-03-20 02:00:00,1,1,0,0,2
2024-03-20 02:10:00,2,3,0,0,5
2024-03-20 02:20:00,1,1,0,0,2
2024-03-20 02:30:00,2,2,0,0,4
2024-03-20 02:40:00,3,2,0,0,5
2024-03-20 02:50:00,0,2,0,0,2
2024-03-20 03:00:00,0,1,0,0,1
2024-03-20 03:10:00,1,0,0,0,1
2024-03-20 03:20:00,0,2,0,0,2
2024-03-20 03:30:00,1,1,0,0,2
2024-03-20 03:40:00,1,2,0,0,3
2024-03-20 03:50:00,1,2,0,0,3
2024-03-20 04:00:00,3,2,0,0,5
2024-03-20 04:10:00,1,2,0,0,3
2024-03-20 04:20:00,2,2,0,0,4
2024-03-20 04:30:00,4,3,0,0,7
2024-03-20 04:40:00,4,7,0,0,11
2024-03-20 04:50:00,4,4,0,0,8
2024-03-20 05:00:00,4,5,0,0,9
2024-03-20 05:10:00,6,4,0,0,10
2024-03-20 05:20:00,5,7,0,0,12
2024-03-20 05:30:00,12,11,0,0,23
2024-03-20 05:40:00,12,11,0,0,23
2024-03-20 05:50:00,22,17,0,0,39
2024-03-20 06:00:00,19,18,0,0,37
2024-03-20 06:10:00,16,16,0,0,32
2024-03-20 06:20:00,18,18,0,0,36
2024-03-20 06:30:00,29,19,0,0,48
2024-03-20 06:40:00,38,18,0,0,56
2024-03-20 06:50:00,37,26,0,0,63
2024-03-20 07:00:00,31,28,0,0,59
2024-03-20 07:10:00,42,19,0,0,61
2024-03-20 07:20:00,52,24,0,0,76
2024-03-20 07:30:00,54,34,0,0,88
2024-03-20 07:40:00,73,38,0,0,111
2024-03-20 07:50:00,73,46,0,0,119
2024-03-20 08:00:00,72,34,0,0,106
2024-03-20 08:10:00,78,45,0,0,123
2024-03-20 08:20:00,83,37,0,0,120
2024-03-20 08:30:00,68,36,0,0,104
2024-03-20 08:40:00,64,31,0,0,95
2024-03-20 08:50:00,66,29,0,0,95
2024-03-20 09:00:00,60,38,0,0,98
2024-03-20 09:10:00,40,30,0,0,70
2024-03-20 09:20:00,42,32,0,0,74
2024-03-20 09:30:00,35,25,0,0,60
2024-03-20 09:40:00,38,22,0,0,60
2024-03-20 09:50:00,33,32,0,0,65
2024-03-20 10:00:00,35,25,0,0,60
2024-03-20 10:10:00,28,21,0,0,49
2024-03-20 10:20:00,26,24,0,0,50
2024-03-20 10:30:00,20,30,0,0,50
2024-03-20 10:40:00,41,27,0,0,68
2024-03-20 10:50:00,35,31,0,0,66
2024-03-20 11:00:00,39,23,0,0,62
2024-03-20 11:10:00,32,22,0,0,54
2024-03-20 11:20:00,31,37,0,0,68
2024-03-20 11:30:00,33,33,0,0,66
2024-03-20 11:40:00,44,29,0,0,73
2024-03-20 11:50:00,29,36,0,0,65
2024-03-20 12:00:00,26,34,0,0,60
2024-03-20 12:10:00,34,29,0,0,63
2024-03-20 12:20:00,36,38,0,0,74
2024-03-20 12:30:00,39,31,0,0,70
2024-03-20 12:40:00,33,31,0,0,64
2024-03-20 12:50:00,34,34,0,0,68
2024-03-20 13:00:00,37,32,0,0,69
2024-03-20 13:10:00,34,34,0,0,68
2024-03-20 13:20:00,47,32,0,0,79
2024-03-20 13:30:00,36,35,0,0,71
2024-03-20 13:40:00,32,28,0,0,60
2024-03-20 13:50:00,30,37,0,0,67
2024-03-20 14:00:00,37,35,0,0,72
2024-03-20 14:10:00,40,31,0,0,71
2024-03-20 14:20:00,31,37,0,0,68
2024-03-20 14:30:00,36,36,0,0,72
2024-03-20 14:40:00,49,53,0,0,102
2024-03-20 14:50:00,34,30,0,0,64
2024-03-20 15:00:00,63,50,0,0,113
2024-03-20 15:10:00,43,51,0,0,94
2024-03-20 15:20:00,40,38,0,0,78
2024-03-20 15:30:00,42,52,0,0,94
2024-03-20 15:40:00,51,47,0,0,98
2024-03-20 15:50:00,42,52,0,0,94
2024-03-20 16:00:00,52,39,0,0,91
2024-03-20 16:10:00,43,49,0,0,92
2024-03-20 16:20:00,38,58,0,0,96
2024-03-20 16:30:00,35,34,0,0,69
2024-03-20 16:40:00,51,54,0,0,105
2024-03-20 16:50:00,42,48,0,0,90
2024-03-20 17:00:00,37,47,0,0,84
2024-03-20 17:10:00,48,53,0,0,101
2024-03-20 17:20:00,46,51,0,0,97
2024-03-20 17:30:00,46,53,0,0,99
2024-03-20 17:40:00,49,55,0,0,104
2024-03-20 17:50:00,46,47,0,0,93
2024-03-20 18:00:00,39,36,0,0,75
2024-03-20 18:10:00,48,52,0,0,100
2024-03-20 18:20:00,37,45,0,0,82
2024-03-20 18:30:00,27,33,0,0,60
2024-03-20 18:40:00,44,33,0,0,77
2024-03-20 18:50:00,29,28,0,0,57
2024-03-20 19:00:00,24,37,0,0,61
2024-03-20 19:10:00,33,31,0,0,64
2024-03-20 19:20:00,16,28,0,0,44
2024-03-20 19:30:00,25,29,0,0,54
2024-03-20 19:40:00,19,27,0,0,46
2024-03-20 19:50:00,34,26,0,0,60
2024-03-20 20:00:00,24,18,0,0,42
2024-03-20 20:10:00,26,17,0,0,43
2024-03-20 20:20:00,26,25,0,0,51
2024-03-20 20:30:00,37,17,0,0,54
2024-03-20 20:40:00,26,19,0,0,45
2024-03-20 20:50:00,20,23,0,0,43
2024-03-20 21:00:00,16,20,0,0,36
2024-03-20 21:10:00,19,24,0,0,43
2024-03-20 21:20:00,19,15,0,0,34
2024-03-20 21:30:00,23,23,0,0,46
2024-03-20 21:40:00,24,18,0,0,42
2024-03-20 21:50:00,17,14,0,0,31
2024-03-20 22:00:00,11,14,0,0,25
2024-03-20 22:10:00,19,10,0,0,29
2024-03-20 22:20:00,20,19,0,0,39
2024-03-20 22:30:00,11,8,0,0,19
2024-03-20 22:40:00,14,9,0,0,23
2024-03-20 22:50:00,6,8,0,0,14
2024-03-20 23:00:00,5,9,0,0,14
2024-03-20 23:10:00,6,10,0,0,16
2024-03-20 23:20:00,13,11,0,0,24
2024-03-20 23:30:00,9,9,0,0,18
2024-03-20 23:40:00,7,4,0,0,11
2024-03-20 23:50:00,3,6,0,0,9
2024-03-21 00:00:00,3,2,0,0,5
2024-03-21 00:10:00,4,7,0,0,11
2024-03-21 00:20:00,6,3,0,0,9
2024-03-21 00:30:00,3,2,0,0,5
2024-03-21 00:40:00,1,1,0,0,2
2024-03-21 00:50:00,3,2,0,0,5
2024-03-21 01:00:00,3,4,0,0,7
2024-03-21 01:10:00,0,3,0,0,3
2024-03-21 01:20:00,4,8,0,0,12
2024-03-21 01:30:00,0,3,0,0,3
2024-03-21 01:40:00,0,0,0,0,0
2024-03-21 01:50:00,1,1,0,0,2
2024-03-21 02:00:00,3,1,0,0,4
2024-03-21 02:10:00,3,3,0,0,6
2024-03-21 02:20:00,1,2,0,0,3
2024-03-21 02:30:00,3,3,0,0,6
2024-03-21 02:40:00,1,2,0,0,3
2024-03-21 02:50:00,1,1,0,0,2
2024-03-21 03:00:00,0,0,0,0,0
2024-03-21 03:10:00,1,3,0,0,4
2024-03-21 03:20:00,0,1,0,0,1
2024-03-21 03:30:00,1,2,0,0,3
2024-03-21 03:40:00,1,2,0,0,3
2024-03-21 03:50:00,1,0,0,0,1
2024-03-21 04:00:00,3,5,0,0,8
2024-03-21 04:10:00,1,1,0,0,2
2024-03-21 04:20:00,1,3,0,0,4
2024-03-21 04:30:00,2,3,0,0,5
2024-03-21 04:40:00,1,3,0,0,4
2024-03-21 04:50:00,5,4,0,0,9
2024-03-21 05:00:00,10,6,0,0,16
2024-03-21 05:10:00,12,4,0,0,16
2024-03-21 05:20:00,6,9,0,0,15
2024-03-21 05:30:00,8,7,0,0,15
2024-03-21 05:40:00,8,12,0,0,20
2024-03-21 05:50:00,20,14,0,0,34
2024-03-21 06:00:00,17,10,0,0,27
2024-03-21 06:10:00,19,17,0,0,36
2024-03-21 06:20:00,13,17,0,0,30
2024-03-21 06:30:00,36,21,0,0,57
2024-03-21 06:40:00,30,21,0,0,51
2024-03-21 06:50:00,45,24,0,0,69
2024-03-21 07:00:00,28,24,0,0,52
2024-03-21 07:10:00,47,27,0,0,74
2024-03-21 07:20:00,48,22,0,0,70
2024-03-21 07:30:00,44,35,0,0,79
2024-03-21 07:40:00,57,37,0,0,94
2024-03-21 07:50:00,68,45,0,0,113
2024-03-21 08:00:00,71,34,0,0,105
2024-03-21 08:10:00,72,29,0,0,101
2024-03-21 08:20:00,60,38,0,0,98
2024-03-21 08:30:00,46,35,0,0,81
2024-03-21 08:40:00,46,31,0,0,77
2024-03-21 08:50:00,46,35,0,0,81
2024-03-21 09:00:00,50,31,0,0,81
2024-03-21 09:10:00,56,25,0,0,81
2024-03-21 09:20:00,31,35,0,0,66
2024-03-21 09:30:00,36,27,0,0,63
2024-03-21 09:40:00,35,30,0,0,65
2024-03-21 09:50:00,30,24,0,0,54
2024-03-21 10:00:00,29,20,0,0,49
2024-03-21 10:10:00,31,30,0,0,61
2024-03-21 10:20:00,32,22,0,0,54
2024-03-21 10:30:00,20,17,0,0,37
2024-03-21 10:40:00,41,32,0,0,73
2024-03-21 10:50:00,24,26,0,0,50
2024-03-21 11:00:00,38,30,0,0,68
2024-03-21 11:10:00,29,31,0,0,60
2024-03-21 11:20:00,39,45,0,0,84
2024-03-21 11:30:00,34,22,0,0,56
2024-03-21 11:40:00,34,29,0,0,63
2024-03-21 11:50:00,36,34,0,0,70
2024-03-21 12:00:00,32,33,0,0,65
2024-03-21 12:10:00,38,28,0,0,66
2024-03-21 12:20:00,42,36,0,0,78
2024-03-21 12:30:00,42,41,0,0,83
2024-03-21 12:40:00,30,28,0,0,58
2024-03-21 12:50:00,39,38,0,0,77
2024-03-21 13:00:00,47,27,0,0,74
2024-03-21 13:10:00,31,33,0,0,64
2024-03-21 13:20:00,43,31,0,0,74
2024-03-21 13:30:00,55,47,0,0,102
2024-03-21 13:40:00,49,37,0,0,86
2024-03-21 13:50:00,37,31,0,0,68
2024-03-21 14:00:00,44,33,0,0,77
2024-03-21 14:10:00,41,33,0,0,74
2024-03-21 14:20:00,40,37,0,0,77
2024-03-21 14:30:00,53,49,0,0,102
2024-03-21 14:40:00,53,50,0,0,103
2024-03-21 14:50:00,58,44,0,0,102
2024-03-21 15:00:00,53,56,0,0,109
2024-03-21 15:10:00,47,43,0,0,90
2024-03-21 15:20:00,41,49,0,0,90
2024-03-21 15:30:00,37,42,0,0,79
2024-03-21 15:40:00,38,44,0,0,82
2024-03-21 15:50:00,43,53,0,0,96
2024-03-21 16:00:00,47,52,0,0,99
2024-03-21 16:10:00,58,51,0,0,109
2024-03-21 16:20:00,46,50,0,0,96
2024-03-21 16:30:00,51,40,0,0,91
2024-03-21 16:40:00,34,54,0,0,88
2024-03-21 16:50:00,38,45,0,0,83
2024-03-21 17:00:00,55,55,0,0,110
2024-03-21 17:10:00,49,45,0,0,94
2024-03-21 17:20:00,42,61,0,0,103
2024-03-21 17:30:00,46,49,0,0,95
2024-03-21 17:40:00,34,40,0,0,74
2024-03-21 17:50:00,39,41,0,0,80
2024-03-21 18:00:00,36,48,0,0,84
2024-03-21 18:10:00,33,46,0,0,79
2024-03-21 18:20:00,53,44,0,0,97
2024-03-21 18:30:00,31,29,0,0,60
2024-03-21 18:40:00,28,39,0,0,67
2024-03-21 18:50:00,32,35,0,0,67
2024-03-21 19:00:00,21,31,0,0,52
2024-03-21 19:10:00,27,26,0,0,53
2024-03-21 19:20:00,30,33,0,0,63
2024-03-21 19:30:00,23,26,0,0,49
2024-03-21 19:40:00,17,28,0,0,45
2024-03-21 19:50:00,22,29,0,0,51
2024-03-21 20:00:00,24,20,0,0,44
2024-03-21 20:10:00,16,26,0,0,42
2024-03-21 20:20:00,23,24,0,0,47
2024-03-21 20:30:00,23,14,0,0,37
2024-03-21 20:40:00,18,22,0,0,40
2024-03-21 20:50:00,18,25,0,0,43
2024-03-21 21:00:00,17,23,0,0,40
2024-03-21 21:10:00,20,19,0,0,39
2024-03-21 21:20:00,20,31,0,0,51
2024-03-21 21:30:00,14,25,0,0,39
2024-03-21 21:40:00,19,18,0,0,37
2024-03-21 21:50:00,14,20,0,0,34
2024-03-21 22:00:00,8,15,0,0,23
2024-03-21 22:10:00,15,16,0,0,31
2024-03-21 22:20:00,9,15,0,0,24
2024-03-21 22:30:00,15,17,0,0,32
2024-03-21 22:40:00,8,17,0,0,25
2024-03-21 22:50:00,10,13,0,0,23
2024-03-21 23:00:00,11,10,0,0,21
2024-03-21 23:10:00,10,14,0,0,24
2024-03-21 23:20:00,11,14,0,0,25
2024-03-21 23:30:00,10,12,0,0,22
2024-03-21 23:40:00,6,11,0,0,17
2024-03-21 23:50:00,7,10,0,0,17
2024-03-22 00:00:00,8,4,0,0,12
2024-03-22 00:10:00,2,4,0,0,6
2024-03-22 00:20:00,3,7,0,0,10
2024-03-22 00:30:00,5,8,0,0,13
2024-03-22 00:40:00,5,2,0,0,7
2024-03-22 00:50:00,1,2,0,0,3
2024-03-22 01:00:00,4,5,0,0,9
2024-03-22 01:10:00,2,5,0,0,7
2024-03-22 01:20:00,3,7,0,0,10
2024-03-22 01:30:00,1,1,0,0,2
2024-03-22 01:40:00,3,7,0,0,10
2024-03-22 01:50:00,1,0,0,0,1
2024-03-22 02:00:00,3,7,0,0,10
2024-03-22 02:10:00,1,0,0,0,1
2024-03-22 02:20:00,1,2,0,0,3
2024-03-22 02:30:00,2,4,0,0,6
2024-03-22 02:40:00,3,5,0,0,8
2024-03-22 02:50:00,1,1,0,0,2
2024-03-22 03:00:00,1,2,0,0,3
2024-03-22 03:10:00,3,1,0,0,4
2024-03-22 03:20:00,0,0,0,0,0
2024-03-22 03:30:00,1,1,0,0,2
2024-03-22 03:40:00,0,2,0,0,2
2024-03-22 03:50:00,2,1,0,0,3
2024-03-22 04:00:00,4,3,0,0,7
2024-03-22 04:10:00,2,2,0,0,4
2024-03-22 04:20:00,0,2,0,0,2
2024-03-22 04:30:00,2,3,0,0,5
2024-03-22 04:40:00,7,6,0,0,13
2024-03-22 04:50:00,7,5,0,0,12
2024-03-22 05:00:00,4,4,0,0,8
2024-03-22 05:10:00,8,6,0,0,14
2024-03-22 05:20:00,4,5,0,0,9
2024-03-22 05:30:00,7,12,0,0,19
2024-03-22 05:40:00,14,16,0,0,30
2024-03-22 05:50:00,20,14,0,0,34
2024-03-22 06:00:00,14,7,0,0,21
2024-03-22 06:10:00,17,16,0,0,33
2024-03-22 06:20:00,24,16,0,0,40
2024-03-22 06:30:00,27,21,0,0,48
2024-03-22 06:40:00,28,14,0,0,42
2024-03-22 06:50:00,31,25,0,0,56
2024-03-22 07:00:00,33,19,0,0,52
2024-03-22 07:10:00,42,28,0,0,70
2024-03-22 07:20:00,35,23,0,0,58
2024-03-22 07:30:00,33,31,0,0,64
2024-03-22 07:40:00,55,38,0,0,93
2024-03-22 07:50:00,51,34,0,0,85
2024-03-22 08:00:00,57,36,0,0,93
2024-03-22 08:10:00,37,26,0,0,63
2024-03-22 08:20:00,43,28,0,0,71
2024-03-22 08:30:00,43,22,0,0,65
2024-03-22 08:40:00,37,30,0,0,67
2024-03-22 08:50:00,31,30,0,0,61
2024-03-22 09:00:00,33,31,0,0,64
2024-03-22 09:10:00,38,29,0,0,67
2024-03-22 09:20:00,33,19,0,0,52
2024-03-22 09:30:00,27,25,0,0,52
2024-03-22 09:40:00,33,22,0,0,55
2024-03-22 09:50:00,29,23,0,0,52
2024-03-22 10:00:00,39,33,0,0,72
2024-03-22 10:10:00,32,33,0,0,65
2024-03-22 10:20:00,32,32,0,0,64
2024-03-22 10:30:00,28,35,0,0,63
2024-03-22 10:40:00,35,27,0,0,62
2024-03-22 10:50:00,43,30,0,0,73
2024-03-22 11:00:00,43,35,0,0,78
2024-03-22 11:10:00,40,24,0,0,64
2024-03-22 11:20:00,40,36,0,0,76
2024-03-22 11:30:00,40,33,0,0,73
2024-03-22 11:40:00,40,38,0,0,78
2024-03-22 11:50:00,47,35,0,0,82
2024-03-22 12:00:00,33,32,0,0,65
2024-03-22 12:10:00,38,41,0,0,79
2024-03-22 12:20:00,45,41,0,0,86
2024-03-22 12:30:00,46,39,0,0,85
2024-03-22 12:40:00,45,36,0,0,81
2024-03-22 12:50:00,28,27,0,0,55
2024-03-22 13:00:00,52,42,0,0,94
2024-03-22 13:10:00,56,36,0,0,92
2024-03-22 13:20:00,48,38,0,0,86
2024-03-22 13:30:00,40,35,0,0,75
2024-03-22 13:40:00,41,46,0,0,87
2024-03-22 13:50:00,45,43,0,0,88
2024-03-22 14:00:00,41,51,0,0,92
2024-03-22 14:10:00,32,43,0,0,75
2024-03-22 14:20:00,47,57,0,0,104
2024-03-22 14:30:00,37,50,0,0,87
2024-03-22 14:40:00,33,38,0,0,71
2024-03-22 14:50:00,46,45,0,0,91
2024-03-22 15:00:00,42,51,0,0,93
2024-03-22 15:10:00,39,53,0,0,92
2024-03-22 15:20:00,41,49,0,0,90
2024-03-22 15:30:00,41,60,0,0,101
2024-03-22 15:40:00,46,50,0,0,96
2024-03-22 15:50:00,39,52,0,0,91
2024-03-22 16:00:00,25,47,0,0,72
2024-03-22 16:10:00,43,42,0,0,85
2024-03-22 16:20:00,41,48,0,0,89
2024-03-22 16:30:00,28,46,0,0,74
2024-03-22 16:40:00,30,38,0,0,68
2024-03-22 16:50:00,37,42,0,0,79
2024-03-22 17:00:00,42,35,0,0,77
2024-03-22 17:10:00,41,33,0,0,74
2024-03-22 17:20:00,35,29,0,0,64
2024-03-22 17:30:00,37,42,0,0,79
2024-03-22 17:40:00,25,43,0,0,68
2024-03-22 17:50:00,32,39,0,0,71
2024-03-22 18:00:00,39,44,0,0,83
2024-03-22 18:10:00,35,31,0,0,66
2024-03-22 18:20:00,45,36,0,0,81
2024-03-22 18:30:00,16,19,0,0,35
2024-03-22 18:40:00,13,18,0,0,31
2024-03-22 18:50:00,20,20,0,0,40
2024-03-22 19:00:00,29,31,0,0,60
2024-03-22 19:10:00,21,29,0,0,50
2024-03-22 19:20:00,28,27,0,0,55
2024-03-22 19:30:00,30,37,0,0,67
2024-03-22 19:40:00,24,31,0,0,55
2024-03-22 19:50:00,24,26,0,0,50
2024-03-22 20:00:00,26,25,0,0,51
2024-03-22 20:10:00,21,40,0,0,61
2024-03-22 20:20:00,20,22,0,0,42
2024-03-22 20:30:00,14,21,0,0,35
2024-03-22 20:40:00,16,22,0,0,38
2024-03-22 20:50:00,14,12,0,0,26
2024-03-22 21:00:00,17,19,0,0,36
2024-03-22 21:10:00,18,28,0,0,46
2024-03-22 21:20:00,10,22,0,0,32
2024-03-22 21:30:00,19,12,0,0,31
2024-03-22 21:40:00,18,28,0,0,46
2024-03-22 21:50:00,13,27,0,0,40
2024-03-22 22:00:00,18,16,0,0,34
2024-03-22 22:10:00,11,16,0,0,27
2024-03-22 22:20:00,15,17,0,0,32
2024-03-22 22:30:00,12,10,0,0,22
2024-03-22 22:40:00,14,17,0,0,31
2024-03-22 22:50:00,10,14,0,0,24
2024-03-22 23:00:00,11,13,0,0,24
2024-03-22 23:10:00,11,13,0,0,24
2024-03-22 23:20:00,7,6,0,0,13
2024-03-22 23:30:00,12,10,0,0,22
2024-03-22 23:40:00,9,11,0,0,20
2024-03-22 23:50:00,15,10,0,0,25
2024-03-23 00:00:00,17,12,0,0,29
2024-03-23 00:10:00,11,10,0,0,21
2024-03-23 00:20:00,4,9,0,0,13
2024-03-23 00:30:00,5,10,0,0,15
2024-03-23 00:40:00,5,10,0,0,15
2024-03-23 00:50:00,6,7,0,0,13
2024-03-23 01:00:00,6,10,0,0,16
2024-03-23 01:10:00,7,8,0,0,15
2024-03-23 01:20:00,4,7,0,0,11
2024-03-23 01:30:00,5,6,0,0,11
2024-03-23 01:40:00,4,7,0,0,11
2024-03-23 01:50:00,2,7,0,0,9
2024-03-23 02:00:00,2,2,0,0,4
2024-03-23 02:10:00,5,5,0,0,10
2024-03-23 02:20:00,3,5,0,0,8
2024-03-23 02:30:00,2,5,0,0,7
2024-03-23 02:40:00,2,5,0,0,7
2024-03-23 02:50:00,1,5,0,0,6
2024-03-23 03:00:00,3,3,0,0,6
2024-03-23 03:10:00,1,4,0,0,5
2024-03-23 03:20:00,1,4,0,0,5
2024-03-23 03:30:00,2,3,0,0,5
2024-03-23 03:40:00,1,9,0,0,10
2024-03-23 03:50:00,5,1,0,0,6
2024-03-23 04:00:00,4,7,0,0,11
2024-03-23 04:10:00,3,6,0,0,9
2024-03-23 04:20:00,3,5,0,0,8
2024-03-23 04:30:00,1,1,0,0,2
2024-03-23 04:40:00,4,6,0,0,10
2024-03-23 04:50:00,1,3,0,0,4
2024-03-23 05:00:00,4,5,0,0,9
2024-03-23 05:10:00,5,10,0,0,15
2024-03-23 05:20:00,10,7,0,0,17
2024-03-23 05:30:00,6,9,0,0,15
2024-03-23 05:40:00,5,3,0,0,8
2024-03-23 05:50:00,5,8,0,0,13
2024-03-23 06:00:00,5,4,0,0,9
2024-03-23 06:10:00,3,6,0,0,9
2024-03-23 06:20:00,6,5,0,0,11
2024-03-23 06:30:00,5,10,0,0,15
2024-03-23 06:40:00,11,10,0,0,21
2024-03-23 06:50:00,7,7,0,0,14
2024-03-23 07:00:00,14,7,0,0,21
2024-03-23 07:10:00,11,12,0,0,23
2024-03-23 07:20:00,12,10,0,0,22
2024-03-23 07:30:00,12,8,0,0,20
2024-03-23 07:40:00,14,12,0,0,26
2024-03-23 07:50:00,12,12,0,0,24
2024-03-23 08:00:00,11,14,0,0,25
2024-03-23 08:10:00,16,16,0,0,32
2024-03-23 08:20:00,8,10,0,0,18
2024-03-23 08:30:00,20,12,0,0,32
2024-03-23 08:40:00,15,15,0,0,30
2024-03-23 08:50:00,19,19,0,0,38
2024-03-23 09:00:00,25,15,0,0,40
2024-03-23 09:10:00,28,19,0,0,47
2024-03-23 09:20:00,28,27,0,0,55
2024-03-23 09:30:00,25,18,0,0,43
2024-03-23 09:40:00,23,20,0,0,43
2024-03-23 09:50:00,28,23,0,0,51
2024-03-23 10:00:00,23,23,0,0,46
2024-03-23 10:10:00,35,24,0,0,59
2024-03-23 10:20:00,45,31,0,0,76
2024-03-23 10:30:00,43,29,0,0,72
2024-03-23 10:40:00,33,25,0,0,58
2024-03-23 10:50:00,33,31,0,0,64
2024-03-23 11:00:00,27,34,0,0,61
2024-03-23 11:10:00,30,30,0,0,60
2024-03-23 11:20:00,42,35,0,0,77
2024-03-23 11:30:00,31,19,0,0,50
2024-03-23 11:40:00,31,38,0,0,69
2024-03-23 11:50:00,31,30,0,0,61
2024-03-23 12:00:00,40,27,0,0,67
2024-03-23 12:10:00,33,32,0,0,65
2024-03-23 12:20:00,32,29,0,0,61
2024-03-23 12:30:00,33,36,0,0,69
2024-03-23 12:40:00,31,31,0,0,62
2024-03-23 12:50:00,40,30,0,0,70
2024-03-23 13:00:00,25,31,0,0,56
2024-03-23 13:10:00,28,31,0,0,59
2024-03-23 13:20:00,31,25,0,0,56
2024-03-23 13:30:00,29,39,0,0,68
2024-03-23 13:40:00,28,27,0,0,55
2024-03-23 13:50:00,31,34,0,0,65
2024-03-23 14:00:00,35,27,0,0,62
2024-03-23 14:10:00,37,30,0,0,67
2024-03-23 14:20:00,27,30,0,0,57
2024-03-23 14:30:00,30,24,0,0,54
2024-03-23 14:40:00,33,33,0,0,66
2024-03-23 14:50:00,35,37,0,0,72
2024-03-23 15:00:00,28,37,0,0,65
2024-03-23 15:10:00,26,30,0,0,56
2024-03-23 15:20:00,24,36,0,0,60
2024-03-23 15:30:00,27,22,0,0,49
2024-03-23 15:40:00,34,35,0,0,69
2024-03-23 15:50:00,23,29,0,0,52
2024-03-23 16:00:00,31,35,0,0,66
2024-03-23 16:10:00,28,34,0,0,62
2024-03-23 16:20:00,24,35,0,0,59
2024-03-23 16:30:00,28,24,0,0,52
2024-03-23 16:40:00,24,32,0,0,56
2024-03-23 16:50:00,27,37,0,0,64
2024-03-23 17:00:00,32,25,0,0,57
2024-03-23 17:10:00,31,27,0,0,58
2024-03-23 17:20:00,23,26,0,0,49
2024-03-23 17:30:00,23,25,0,0,48
2024-03-23 17:40:00,27,30,0,0,57
2024-03-23 17:50:00,28,33,0,0,61
2024-03-23 18:00:00,25,24,0,0,49
2024-03-23 18:10:00,20,22,0,0,42
2024-03-23 18:20:00,28,29,0,0,57
2024-03-23 18:30:00,29,24,0,0,53
2024-03-23 18:40:00,23,37,0,0,60
2024-03-23 18:50:00,25,29,0,0,54
2024-03-23 19:00:00,21,24,0,0,45
2024-03-23 19:10:00,23,20,0,0,43
2024-03-23 19:20:00,24,25,0,0,49
2024-03-23 19:30:00,22,16,0,0,38
2024-03-23 19:40:00,21,26,0,0,47
2024-03-23 19:50:00,20,30,0,0,50
2024-03-23 20:00:00,27,19,0,0,46
2024-03-23 20:10:00,20,25,0,0,45
2024-03-23 20:20:00,17,21,0,0,38
2024-03-23 20:30:00,17,20,0,0,37
2024-03-23 20:40:00,15,17,0,0,32
2024-03-23 20:50:00,16,18,0,0,34
2024-03-23 21:00:00,13,18,0,0,31
2024-03-23 21:10:00,16,19,0,0,35
2024-03-23 21:20:00,15,16,0,0,31
2024-03-23 21:30:00,15,14,0,0,29
2024-03-23 21:40:00,14,16,0,0,30
2024-03-23 21:50:00,13,20,0,0,33
2024-03-23 22:00:00,10,16,0,0,26
2024-03-23 22:10:00,19,14,0,0,33
2024-03-23 22:20:00,15,18,0,0,33
2024-03-23 22:30:00,11,18,0,0,29
2024-03-23 22:40:00,9,11,0,0,20
2024-03-23 22:50:00,8,14,0,0,22
2024-03-23 23:00:00,10,12,0,0,22
2024-03-23 23:10:00,9,15,0,0,24
2024-03-23 23:20:00,7,14,0,0,21
2024-03-23 23:30:00,16,20,0,0,36
2024-03-23 23:40:00,8,13,0,0,21
2024-03-23 23:50:00,12,17,0,0,29
2024-03-24 00:00:00,8,9,0,0,17
2024-03-24 00:10:00,10,16,0,0,26
2024-03-24 00:20:00,7,8,0,0,15
2024-03-24 00:30:00,7,11,0,0,18
2024-03-24 00:40:00,6,13,0,0,19
2024-03-24 00:50:00,9,10,0,0,19
2024-03-24 01:00:00,3,8,0,0,11
2024-03-24 01:10:00,3,3,0,0,6
2024-03-24 01:20:00,7,9,0,0,16
2024-03-24 01:30:00,5,10,0,0,15
2024-03-24 01:40:00,9,6,0,0,15
2024-03-24 01:50:00,3,7,0,0,10
2024-03-24 02:00:00,4,7,0,0,11
2024-03-24 02:10:00,4,8,0,0,12
2024-03-24 02:20:00,3,6,0,0,9
2024-03-24 02:30:00,4,8,0,0,12
2024-03-24 02:40:00,2,4,0,0,6
2024-03-24 02:50:00,2,6,0,0,8
2024-03-24 03:00:00,4,5,0,0,9
2024-03-24 03:10:00,5,4,0,0,9
2024-03-24 03:20:00,2,3,0,0,5
2024-03-24 03:30:00,3,3,0,0,6
2024-03-24 03:40:00,1,6,0,0,7
2024-03-24 03:50:00,2,3,0,0,5
2024-03-24 04:00:00,4,4,0,0,8
2024-03-24 04:10:00,3,5,0,0,8
2024-03-24 04:20:00,2,3,0,0,5
2024-03-24 04:30:00,3,3,0,0,6
2024-03-24 04:40:00,4,5,0,0,9
2024-03-24 04:50:00,3,6,0,0,9
2024-03-24 05:00:00,3,3,0,0,6
2024-03-24 05:10:00,1,3,0,0,4
2024-03-24 05:20:00,4,3,0,0,7
2024-03-24 05:30:00,4,4,0,0,8
2024-03-24 05:40:00,5,8,0,0,13
2024-03-24 05:50:00,1,5,0,0,6
2024-03-24 06:00:00,3,4,0,0,7
2024-03-24 06:10:00,3,5,0,0,8
2024-03-24 06:20:00,2,5,0,0,7
2024-03-24 06:30:00,1,0,0,0,1
2024-03-24 06:40:00,5,6,0,0,11
2024-03-24 06:50:00,4,4,0,0,8
2024-03-24 07:00:00,2,3,0,0,5
2024-03-24 07:10:00,4,5,0,0,9
2024-03-24 07:20:00,4,4,0,0,8
2024-03-24 07:30:00,4,5,0,0,9
2024-03-24 07:40:00,4,6,0,0,10
2024-03-24 07:50:00,8,4,0,0,12
2024-03-24 08:00:00,5,5,0,0,10
2024-03-24 08:10:00,2,2,0,0,4
2024-03-24 08:20:00,8,6,0,0,14
2024-03-24 08:30:00,5,7,0,0,12
2024-03-24 08:40:00,14,10,0,0,24
2024-03-24 08:50:00,11,14,0,0,25
2024-03-24 09:00:00,8,9,0,0,17
2024-03-24 09:10:00,4,12,0,0,16
2024-03-24 09:20:00,9,13,0,0,22
2024-03-24 09:30:00,15,10,0,0,25
2024-03-24 09:40:00,11,15,0,0,26
2024-03-24 09:50:00,15,15,0,0,30
2024-03-24 10:00:00,15,12,0,0,27
2024-03-24 10:10:00,11,20,0,0,31
2024-03-24 10:20:00,13,16,0,0,29
2024-03-24 10:30:00,18,19,0,0,37
2024-03-24 10:40:00,26,15,0,0,41
2024-03-24 10:50:00,11,9,0,0,20
2024-03-24 11:00:00,17,17,0,0,34
2024-03-24 11:10:00,18,20,0,0,38
2024-03-24 11:20:00,16,14,0,0,30
2024-03-24 11:30:00,23,17,0,0,40
2024-03-24 11:40:00,21,20,0,0,41
2024-03-24 11:50:00,24,19,0,0,43
2024-03-24 12:00:00,23,14,0,0,37
2024-03-24 12:10:00,21,23,0,0,44
2024-03-24 12:20:00,21,20,0,0,41
2024-03-24 12:30:00,22,16,0,0,38
2024-03-24 12:40:00,23,26,0,0,49
2024-03-24 12:50:00,17,18,0,0,35
2024-03-24 13:00:00,22,21,0,0,43
2024-03-24 13:10:00,23,18,0,0,41
2024-03-24 13:20:00,31,23,0,0,54
2024-03-24 13:30:00,21,17,0,0,38
2024-03-24 13:40:00,28,17,0,0,45
2024-03-24 13:50:00,16,19,0,0,35
2024-03-24 14:00:00,24,11,0,0,35
2024-03-24 14:10:00,25,17,0,0,42
2024-03-24 14:20:00,21,18,0,0,39
2024-03-24 14:30:00,27,29,0,0,56
2024-03-24 14:40:00,27,26,0,0,53
2024-03-24 14:50:00,23,26,0,0,49
2024-03-24 15:00:00,25,27,0,0,52
2024-03-24 15:10:00,22,27,0,0,49
2024-03-24 15:20:00,22,20,0,0,42
2024-03-24 15:30:00,26,26,0,0,52
2024-03-24 15:40:00,19,23,0,0,42
2024-03-24 15:50:00,18,24,0,0,42
2024-03-24 16:00:00,23,26,0,0,49
2024-03-24 16:10:00,24,15,0,0,39
2024-03-24 16:20:00,26,20,0,0,46
2024-03-24 16:30:00,28,27,0,0,55
2024-03-24 16:40:00,24,26,0,0,50
2024-03-24 16:50:00,22,17,0,0,39
2024-03-24 17:00:00,28,23,0,0,51
2024-03-24 17:10:00,22,22,0,0,44
2024-03-24 17:20:00,21,28,0,0,49
2024-03-24 17:30:00,16,24,0,0,40
2024-03-24 17:40:00,32,36,0,0,68
2024-03-24 17:50:00,25,22,0,0,47
2024-03-24 18:00:00,31,26,0,0,57
2024-03-24 18:10:00,18,22,0,0,40
2024-03-24 18:20:00,22,24,0,0,46
2024-03-24 18:30:00,24,21,0,0,45
2024-03-24 18:40:00,21,25,0,0,46
2024-03-24 18:50:00,18,28,0,0,46
2024-03-24 19:00:00,21,18,0,0,39
2024-03-24 19:10:00,18,17,0,0,35
2024-03-24 19:20:00,19,22,0,0,41
2024-03-24 19:30:00,19,23,0,0,42
2024-03-24 19:40:00,16,21,0,0,37
2024-03-24 19:50:00,23,20,0,0,43
2024-03-24 20:00:00,14,18,0,0,32
2024-03-24 20:10:00,13,19,0,0,32
2024-03-24 20:20:00,22,19,0,0,41
2024-03-24 20:30:00,17,15,0,0,32
2024-03-24 20:40:00,18,17,0,0,35
2024-03-24 20:50:00,14,9,0,0,23
2024-03-24 21:00:00,12,15,0,0,27
2024-03-24 21:10:00,13,18,0,0,31
2024-03-24 21:20:00,10,22,0,0,32
2024-03-24 21:30:00,16,18,0,0,34
2024-03-24 21:40:00,13,16,0,0,29
2024-03-24 21:50:00,10,12,0,0,22
2024-03-24 22:00:00,5,11,0,0,16
2024-03-24 22:10:00,10,9,0,0,19
2024-03-24 22:20:00,7,8,0,0,15
2024-03-24 22:30:00,7,12,0,0,19
2024-03-24 22:40:00,6,9,0,0,15
2024-03-24 22:50:00,7,6,0,0,13
2024-03-24 23:00:00,3,4,0,0,7
2024-03-24 23:10:00,7,6,0,0,13
2024-03-24 23:20:00,8,9,0,0,17
2024-03-24 23:30:00,4,7,0,0,11
2024-03-24 23:40:00,7,2,0,0,9
2024-03-24 23:50:00,8,10,0,0,18
2024-03-25 00:00:00,4,9,0,0,13
2024-03-25 00:10:00,5,5,0,0,10
2024-03-25 00:20:00,3,4,0,0,7
2024-03-25 00:30:00,4,4,0,0,8
2024-03-25 00:40:00,0,3,0,0,3
2024-03-25 00:50:00,0,1,0,0,1
2024-03-25 01:00:00,1,4,0,0,5
2024-03-25 01:10:00,2,2,0,0,4
2024-03-25 01:20:00,0,4,0,0,4
2024-03-25 01:30:00,1,2,0,0,3
2024-03-25 01:40:00,0,0,0,0,0
2024-03-25 01:50:00,1,1,0,0,2
2024-03-25 02:00:00,4,2,0,0,6
2024-03-25 02:10:00,2,4,0,0,6
2024-03-25 02:20:00,1,2,0,0,3
2024-03-25 02:30:00,0,1,0,0,1
2024-03-25 02:40:00,1,2,0,0,3
2024-03-25 02:50:00,5,6,0,0,11
2024-03-25 03:00:00,2,0,0,0,2
2024-03-25 03:10:00,1,1,0,0,2
2024-03-25 03:20:00,2,2,0,0,4
2024-03-25 03:30:00,4,2,0,0,6
2024-03-25 03:40:00,0,3,0,0,3
2024-03-25 03:50:00,1,1,0,0,2
2024-03-25 04:00:00,2,2,0,0,4
2024-03-25 04:10:00,0,0,0,0,0
2024-03-25 04:20:00,2,3,0,0,5
2024-03-25 04:30:00,3,4,0,0,7
2024-03-25 04:40:00,5,6,0,0,11
2024-03-25 04:50:00,7,8,0,0,15
2024-03-25 05:00:00,6,1,0,0,7
2024-03-25 05:10:00,7,4,0,0,11
2024-03-25 05:20:00,4,9,0,0,13
2024-03-25 05:30:00,7,10,0,0,17
2024-03-25 05:40:00,8,7,0,0,15
2024-03-25 05:50:00,20,17,0,0,37
2024-03-25 06:00:00,14,12,0,0,26
2024-03-25 06:10:00,17,11,0,0,28
2024-03-25 06:20:00,19,21,0,0,40
2024-03-25 06:30:00,26,15,0,0,41
2024-03-25 06:40:00,28,16,0,0,44
2024-03-25 06:50:00,30,25,0,0,55
2024-03-25 07:00:00,26,22,0,0,48
2024-03-25 07:10:00,30,21,0,0,51
2024-03-25 07:20:00,44,15,0,0,59
2024-03-25 07:30:00,40,23,0,0,63
2024-03-25 07:40:00,46,27,0,0,73
2024-03-25 07:50:00,46,26,0,0,72
2024-03-25 08:00:00,37,27,0,0,64
2024-03-25 08:10:00,38,30,0,0,68
2024-03-25 08:20:00,48,25,0,0,73
2024-03-25 08:30:00,40,29,0,0,69
2024-03-25 08:40:00,44,26,0,0,70
2024-03-25 08:50:00,38,30,0,0,68
2024-03-25 09:00:00,43,29,0,0,72
2024-03-25 09:10:00,28,26,0,0,54
2024-03-25 09:20:00,33,26,0,0,59
2024-03-25 09:30:00,36,31,0,0,67
2024-03-25 09:40:00,32,18,0,0,50
2024-03-25 09:50:00,37,27,0,0,64
2024-03-25 10:00:00,30,29,0,0,59
2024-03-25 10:10:00,29,29,0,0,58
2024-03-25 10:20:00,32,32,0,0,64
2024-03-25 10:30:00,39,30,0,0,69
2024-03-25 10:40:00,43,33,0,0,76
2024-03-25 10:50:00,32,36,0,0,68
2024-03-25 11:00:00,36,25,0,0,61
2024-03-25 11:10:00,37,35,0,0,72
2024-03-25 11:20:00,46,44,0,0,90
2024-03-25 11:30:00,34,31,0,0,65
2024-03-25 11:40:00,34,34,0,0,68
2024-03-25 11:50:00,42,28,0,0,70
2024-03-25 12:00:00,35,27,0,0,62
2024-03-25 12:10:00,32,28,0,0,60
2024-03-25 12:20:00,30,37,0,0,67
2024-03-25 12:30:00,26,31,0,0,57
2024-03-25 12:40:00,34,31,0,0,65
2024-03-25 12:50:00,33,28,0,0,61
2024-03-25 13:00:00,46,26,0,0,72
2024-03-25 13:10:00,33,25,0,0,58
2024-03-25 13:20:00,38,33,0,0,71
2024-03-25 13:30:00,34,34,0,0,68
2024-03-25 13:40:00,29,37,0,0,66
2024-03-25 13:50:00,32,37,0,0,69
2024-03-25 14:00:00,33,47,0,0,80
2024-03-25 14:10:00,43,47,0,0,90
2024-03-25 14:20:00,32,39,0,0,71
2024-03-25 14:30:00,31,30,0,0,61
2024-03-25 14:40:00,40,41,0,0,81
2024-03-25 14:50:00,46,40,0,0,86
2024-03-25 15:00:00,51,44,0,0,95
2024-03-25 15:10:00,44,42,0,0,86
2024-03-25 15:20:00,30,36,0,0,66
2024-03-25 15:30:00,35,42,0,0,77
2024-03-25 15:40:00,40,39,0,0,79
2024-03-25 15:50:00,43,40,0,0,83
2024-03-25 16:00:00,39,47,0,0,86
2024-03-25 16:10:00,41,53,0,0,94
2024-03-25 16:20:00,43,51,0,0,94
2024-03-25 16:30:00,47,39,0,0,86
2024-03-25 16:40:00,36,52,0,0,88
2024-03-25 16:50:00,40,47,0,0,87
2024-03-25 17:00:00,48,61,0,0,109
2024-03-25 17:10:00,38,56,0,0,94
2024-03-25 17:20:00,37,30,0,0,67
2024-03-25 17:30:00,38,48,0,0,86
2024-03-25 17:40:00,36,45,0,0,81
2024-03-25 17:50:00,38,35,0,0,73
2024-03-25 18:00:00,45,37,0,0,82
2024-03-25 18:10:00,37,47,0,0,84
2024-03-25 18:20:00,28,32,0,0,60
2024-03-25 18:30:00,28,29,0,0,57
2024-03-25 18:40:00,35,35,0,0,70
2024-03-25 18:50:00,27,37,0,0,64
2024-03-25 19:00:00,21,28,0,0,49
2024-03-25 19:10:00,37,37,0,0,74
2024-03-25 19:20:00,34,21,0,0,55
2024-03-25 19:30:00,22,32,0,0,54
2024-03-25 19:40:00,31,25,0,0,56
2024-03-25 19:50:00,21,16,0,0,37
2024-03-25 20:00:00,16,27,0,0,43
2024-03-25 20:10:00,15,29,0,0,44
2024-03-25 20:20:00,18,21,0,0,39
2024-03-25 20:30:00,18,20,0,0,38
2024-03-25 20:40:00,11,21,0,0,32
2024-03-25 20:50:00,16,19,0,0,35
2024-03-25 21:00:00,22,25,0,0,47
2024-03-25 21:10:00,14,16,0,0,30
2024-03-25 21:20:00,13,11,0,0,24
2024-03-25 21:30:00,11,13,0,0,24
2024-03-25 21:40:00,11,20,0,0,31
2024-03-25 21:50:00,14,25,0,0,39
2024-03-25 22:00:00,11,16,0,0,27
2024-03-25 22:10:00,9,19,0,0,28
2024-03-25 22:20:00,13,13,0,0,26
2024-03-25 22:30:00,8,9,0,0,17
2024-03-25 22:40:00,7,15,0,0,22
2024-03-25 22:50:00,9,9,0,0,18
2024-03-25 23:00:00,11,11,0,0,22
2024-03-25 23:10:00,5,10,0,0,15
2024-03-25 23:20:00,8,7,0,0,15
2024-03-25 23:30:00,8,8,0,0,16
2024-03-25 23:40:00,3,8,0,0,11
2024-03-25 23:50:00,6,7,0,0,13
2024-03-26 00:00:00,3,8,0,0,11
2024-03-26 00:10:00,2,6,0,0,8
2024-03-26 00:20:00,2,4,0,0,6
2024-03-26 00:30:00,2,4,0,0,6
2024-03-26 00:40:00,3,1,0,0,4
2024-03-26 00:50:00,0,2,0,0,2
2024-03-26 01:00:00,3,3,0,0,6
2024-03-26 01:10:00,1,4,0,0,5
2024-03-26 01:20:00,0,3,0,0,3
2024-03-26 01:30:00,2,2,0,0,4
2024-03-26 01:40:00,3,3,0,0,6
2024-03-26 01:50:00,0,1,0,0,1
2024-03-26 02:00:00,0,1,0,0,1
2024-03-26 02:10:00,4,4,0,0,8
2024-03-26 02:20:00,1,3,0,0,4
2024-03-26 02:30:00,2,2,0,0,4
2024-03-26 02:40:00,1,4,0,0,5
2024-03-26 02:50:00,1,1,0,0,2
2024-03-26 03:00:00,0,0,0,0,0
2024-03-26 03:10:00,1,3,0,0,4
2024-03-26 03:20:00,1,0,0,0,1
2024-03-26 03:30:00,2,3,0,0,5
2024-03-26 03:40:00,2,2,0,0,4
2024-03-26 03:50:00,4,5,0,0,9
2024-03-26 04:00:00,0,1,0,0,1
2024-03-26 04:10:00,2,3,0,0,5
2024-03-26 04:20:00,2,3,0,0,5
2024-03-26 04:30:00,3,3,0,0,6
2024-03-26 04:40:00,2,4,0,0,6
2024-03-26 04:50:00,5,6,0,0,11
2024-03-26 05:00:00,8,6,0,0,14
2024-03-26 05:10:00,4,4,0,0,8
2024-03-26 05:20:00,9,8,0,0,17
2024-03-26 05:30:00,13,8,0,0,21
2024-03-26 05:40:00,8,12,0,0,20
2024-03-26 05:50:00,17,11,0,0,28
2024-03-26 06:00:00,13,14,0,0,27
2024-03-26 06:10:00,19,19,0,0,38
2024-03-26 06:20:00,14,12,0,0,26
2024-03-26 06:30:00,29,18,0,0,47
2024-03-26 06:40:00,27,22,0,0,49
2024-03-26 06:50:00,37,21,0,0,58
2024-03-26 07:00:00,27,19,0,0,46
2024-03-26 07:10:00,37,15,0,0,52
2024-03-26 07:20:00,36,22,0,0,58
2024-03-26 07:30:00,45,32,0,0,77
2024-03-26 07:40:00,44,19,0,0,63
2024-03-26 07:50:00,45,31,0,0,76
2024-03-26 08:00:00,48,27,0,0,75
2024-03-26 08:10:00,41,34,0,0,75
2024-03-26 08:20:00,35,23,0,0,58
2024-03-26 08:30:00,49,26,0,0,75
2024-03-26 08:40:00,44,22,0,0,66
2024-03-26 08:50:00,55,34,0,0,89
2024-03-26 09:00:00,36,26,0,0,62
2024-03-26 09:10:00,32,26,0,0,58
2024-03-26 09:20:00,48,34,0,0,82
2024-03-26 09:30:00,22,17,0,0,39
2024-03-26 09:40:00,33,24,0,0,57
2024-03-26 09:50:00,28,22,0,0,50
2024-03-26 10:00:00,37,23,0,0,60
2024-03-26 10:10:00,28,31,0,0,59
2024-03-26 10:20:00,29,26,0,0,55
2024-03-26 10:30:00,29,23,0,0,52
2024-03-26 10:40:00,45,30,0,0,75
2024-03-26 10:50:00,34,28,0,0,62
2024-03-26 11:00:00,36,21,0,0,57
2024-03-26 11:10:00,33,27,0,0,60
2024-03-26 11:20:00,25,29,0,0,54
2024-03-26 11:30:00,30,19,0,0,49
2024-03-26 11:40:00,29,26,0,0,55
2024-03-26 11:50:00,33,32,0,0,65
2024-03-26 12:00:00,38,30,0,0,68
2024-03-26 12:10:00,32,29,0,0,61
2024-03-26 12:20:00,35,32,0,0,67
2024-03-26 12:30:00,37,32,0,0,69
2024-03-26 12:40:00,26,33,0,0,59
2024-03-26 12:50:00,24,32,0,0,56
2024-03-26 13:00:00,25,24,0,0,49
2024-03-26 13:10:00,38,32,0,0,70
2024-03-26 13:20:00,32,29,0,0,61
2024-03-26 13:30:00,30,34,0,0,64
2024-03-26 13:40:00,33,34,0,0,67
2024-03-26 13:50:00,37,28,0,0,65
2024-03-26 14:00:00,35,32,0,0,67
2024-03-26 14:10:00,39,43,0,0,82
2024-03-26 14:20:00,29,35,0,0,64
2024-03-26 14:30:00,38,37,0,0,75
2024-03-26 14:40:00,43,38,0,0,81
2024-03-26 14:50:00,34,51,0,0,85
2024-03-26 15:00:00,43,49,0,0,92
2024-03-26 15:10:00,37,37,0,0,74
2024-03-26 15:20:00,30,33,0,0,63
2024-03-26 15:30:00,29,29,0,0,58
2024-03-26 15:40:00,25,45,0,0,70
2024-03-26 15:50:00,40,36,0,0,76
2024-03-26 16:00:00,41,46,0,0,87
2024-03-26 16:10:00,34,36,0,0,70
2024-03-26 16:20:00,32,36,0,0,68
2024-03-26 16:30:00,36,40,0,0,76
2024-03-26 16:40:00,44,45,0,0,89
2024-03-26 16:50:00,40,43,0,0,83
2024-03-26 17:00:00,46,48,0,0,94
2024-03-26 17:10:00,36,34,0,0,70
2024-03-26 17:20:00,47,44,0,0,91
2024-03-26 17:30:00,42,52,0,0,94
2024-03-26 17:40:00,38,51,0,0,89
2024-03-26 17:50:00,44,52,0,0,96
2024-03-26 18:00:00,39,39,0,0,78
2024-03-26 18:10:00,46,48,0,0,94
2024-03-26 18:20:00,36,41,0,0,77
2024-03-26 18:30:00,26,29,0,0,55
2024-03-26 18:40:00,42,33,0,0,75
2024-03-26 18:50:00,30,28,0,0,58
2024-03-26 19:00:00,22,30,0,0,52
2024-03-26 19:10:00,15,33,0,0,48
2024-03-26 19:20:00,20,29,0,0,49
2024-03-26 19:30:00,22,21,0,0,43
2024-03-26 19:40:00,18,25,0,0,43
2024-03-26 19:50:00,22,26,0,0,48
2024-03-26 20:00:00,15,18,0,0,33
2024-03-26 20:10:00,23,25,0,0,48
2024-03-26 20:20:00,24,27,0,0,51
2024-03-26 20:30:00,15,18,0,0,33
2024-03-26 20:40:00,15,23,0,0,38
2024-03-26 20:50:00,18,21,0,0,39
2024-03-26 21:00:00,11,17,0,0,28
2024-03-26 21:10:00,15,24,0,0,39
2024-03-26 21:20:00,20,26,0,0,46
2024-03-26 21:30:00,14,21,0,0,35
2024-03-26 21:40:00,13,21,0,0,34
2024-03-26 21:50:00,23,20,0,0,43
2024-03-26 22:00:00,9,9,0,0,18
2024-03-26 22:10:00,11,18,0,0,29
2024-03-26 22:20:00,10,11,0,0,21
2024-03-26 22:30:00,12,13,0,0,25
2024-03-26 22:40:00,9,20,0,0,29
2024-03-26 22:50:00,14,12,0,0,26
2024-03-26 23:00:00,5,10,0,0,15
2024-03-26 23:10:00,12,5,0,0,17
2024-03-26 23:20:00,7,11,0,0,18
2024-03-26 23:30:00,5,5,0,0,10
2024-03-26 23:40:00,5,7,0,0,12
2024-03-26 23:50:00,6,9,0,0,15
2024-03-27 00:00:00,6,5,0,0,11
2024-03-27 00:10:00,5,6,0,0,11
2024-03-27 00:20:00,3,5,0,0,8
2024-03-27 00:30:00,2,4,0,0,6
2024-03-27 00:40:00,4,5,0,0,9
2024-03-27 00:50:00,1,3,0,0,4
2024-03-27 01:00:00,6,5,0,0,11
2024-03-27 01:10:00,2,4,0,0,6
2024-03-27 01:20:00,2,8,0,0,10
2024-03-27 01:30:00,2,3,0,0,5
2024-03-27 01:40:00,1,4,0,0,5
2024-03-27 01:50:00,1,3,0,0,4
2024-03-27 02:00:00,2,1,0,0,3
2024-03-27 02:10:00,0,1,0,0,1
2024-03-27 02:20:00,3,4,0,0,7
2024-03-27 02:30:00,1,1,0,0,2
2024-03-27 02:40:00,0,0,0,0,0
2024-03-27 02:50:00,2,5,0,0,7
2024-03-27 03:00:00,3,1,0,0,4
2024-03-27 03:10:00,0,3,0,0,3
2024-03-27 03:20:00,0,2,0,0,2
2024-03-27 03:30:00,2,2,0,0,4
2024-03-27 03:40:00,2,4,0,0,6
2024-03-27 03:50:00,0,1,0,0,1
2024-03-27 04:00:00,2,2,0,0,4
2024-03-27 04:10:00,1,1,0,0,2
2024-03-27 04:20:00,0,3,0,0,3
2024-03-27 04:30:00,4,4,0,0,8
2024-03-27 04:40:00,8,7,0,0,15
2024-03-27 04:50:00,3,6,0,0,9
2024-03-27 05:00:00,5,2,0,0,7
2024-03-27 05:10:00,7,5,0,0,12
2024-03-27 05:20:00,8,3,0,0,11
2024-03-27 05:30:00,7,7,0,0,14
2024-03-27 05:40:00,9,11,0,0,20
2024-03-27 05:50:00,18,11,0,0,29
2024-03-27 06:00:00,13,10,0,0,23
2024-03-27 06:10:00,18,17,0,0,35
2024-03-27 06:20:00,11,16,0,0,27
2024-03-27 06:30:00,33,17,0,0,50
2024-03-27 06:40:00,22,11,0,0,33
2024-03-27 06:50:00,27,19,0,0,46
2024-03-27 07:00:00,27,22,0,0,49
2024-03-27 07:10:00,39,18,0,0,57
2024-03-27 07:20:00,37,23,0,0,60
2024-03-27 07:30:00,44,18,0,0,62
2024-03-27 07:40:00,41,23,0,0,64
2024-03-27 07:50:00,47,31,0,0,78
2024-03-27 08:00:00,45,20,0,0,65
2024-03-27 08:10:00,38,28,0,0,66
2024-03-27 08:20:00,39,30,0,0,69
2024-03-27 08:30:00,42,32,0,0,74
2024-03-27 08:40:00,64,33,0,0,97
2024-03-27 08:50:00,39,32,0,0,71
2024-03-27 09:00:00,42,24,0,0,66
2024-03-27 09:10:00,35,30,0,0,65
2024-03-27 09:20:00,35,24,0,0,59
2024-03-27 09:30:00,25,17,0,0,42
2024-03-27 09:40:00,29,26,0,0,55
2024-03-27 09:50:00,27,23,0,0,50
2024-03-27 10:00:00,41,33,0,0,74
2024-03-27 10:10:00,40,24,0,0,64
2024-03-27 10:20:00,39,28,0,0,67
2024-03-27 10:30:00,35,32,0,0,67
2024-03-27 10:40:00,40,35,0,0,75
2024-03-27 10:50:00,35,36,0,0,71
2024-03-27 11:00:00,44,32,0,0,76
2024-03-27 11:10:00,38,42,0,0,80
2024-03-27 11:20:00,29,35,0,0,64
2024-03-27 11:30:00,40,31,0,0,71
2024-03-27 11:40:00,29,25,0,0,54
2024-03-27 11:50:00,42,23,0,0,65
2024-03-27 12:00:00,30,29,0,0,59
2024-03-27 12:10:00,37,37,0,0,74
2024-03-27 12:20:00,36,37,0,0,73
2024-03-27 12:30:00,31,25,0,0,56
2024-03-27 12:40:00,32,37,0,0,69
2024-03-27 12:50:00,48,29,0,0,77
2024-03-27 13:00:00,24,23,0,0,47
2024-03-27 13:10:00,34,28,0,0,62
2024-03-27 13:20:00,37,32,0,0,69
2024-03-27 13:30:00,38,32,0,0,70
2024-03-27 13:40:00,28,37,0,0,65
2024-03-27 13:50:00,38,32,0,0,70
2024-03-27 14:00:00,34,32,0,0,66
2024-03-27 14:10:00,29,31,0,0,60
2024-03-27 14:20:00,31,32,0,0,63
2024-03-27 14:30:00,35,35,0,0,70
2024-03-27 14:40:00,37,39,0,0,76
2024-03-27 14:50:00,28,39,0,0,67
2024-03-27 15:00:00,57,42,0,0,99
2024-03-27 15:10:00,42,33,0,0,75
2024-03-27 15:20:00,27,33,0,0,60
2024-03-27 15:30:00,35,36,0,0,71
2024-03-27 15:40:00,44,44,0,0,88
2024-03-27 15:50:00,38,37,0,0,75
2024-03-27 16:00:00,51,51,0,0,102
2024-03-27 16:10:00,40,40,0,0,80
2024-03-27 16:20:00,43,46,0,0,89
2024-03-27 16:30:00,42,44,0,0,86
2024-03-27 16:40:00,35,59,0,0,94
2024-03-27 16:50:00,38,45,0,0,83
2024-03-27 17:00:00,42,44,0,0,86
2024-03-27 17:10:00,38,41,0,0,79
2024-03-27 17:20:00,40,56,0,0,96
2024-03-27 17:30:00,38,36,0,0,74
2024-03-27 17:40:00,46,48,0,0,94
2024-03-27 17:50:00,55,47,0,0,102
2024-03-27 18:00:00,47,40,0,0,87
2024-03-27 18:10:00,34,31,0,0,65
2024-03-27 18:20:00,33,36,0,0,69
2024-03-27 18:30:00,33,40,0,0,73
2024-03-27 18:40:00,28,40,0,0,68
2024-03-27 18:50:00,35,33,0,0,68
2024-03-27 19:00:00,29,31,0,0,60
2024-03-27 19:10:00,32,32,0,0,64
2024-03-27 19:20:00,20,18,0,0,38
2024-03-27 19:30:00,16,28,0,0,44
2024-03-27 19:40:00,27,31,0,0,58
2024-03-27 19:50:00,25,31,0,0,56
2024-03-27 20:00:00,13,25,0,0,38
2024-03-27 20:10:00,23,23,0,0,46
2024-03-27 20:20:00,10,22,0,0,32
2024-03-27 20:30:00,16,24,0,0,40
2024-03-27 20:40:00,13,24,0,0,37
2024-03-27 20:50:00,16,18,0,0,34
2024-03-27 21:00:00,19,12,0,0,31
2024-03-27 21:10:00,14,17,0,0,31
2024-03-27 21:20:00,14,22,0,0,36
2024-03-27 21:30:00,15,20,0,0,35
2024-03-27 21:40:00,14,16,0,0,30
2024-03-27 21:50:00,16,20,0,0,36
2024-03-27 22:00:00,10,15,0,0,25
2024-03-27 22:10:00,12,12,0,0,24
2024-03-27 22:20:00,12,16,0,0,28
2024-03-27 22:30:00,6,13,0,0,19
2024-03-27 22:40:00,12,14,0,0,26
2024-03-27 22:50:00,12,9,0,0,21
2024-03-27 23:00:00,5,14,0,0,19
2024-03-27 23:10:00,5,10,0,0,15
2024-03-27 23:20:00,10,8,0,0,18
2024-03-27 23:30:00,4,6,0,0,10
2024-03-27 23:40:00,6,5,0,0,11
2024-03-27 23:50:00,3,9,0,0,12
2024-03-28 00:00:00,6,6,0,0,12
2024-03-28 00:10:00,4,5,0,0,9
2024-03-28 00:20:00,3,8,0,0,11
2024-03-28 00:30:00,4,2,0,0,6
2024-03-28 00:40:00,1,3,0,0,4
2024-03-28 00:50:00,1,2,0,0,3
2024-03-28 01:00:00,1,2,0,0,3
2024-03-28 01:10:00,2,4,0,0,6
2024-03-28 01:20:00,1,1,0,0,2
2024-03-28 01:30:00,2,4,0,0,6
2024-03-28 01:40:00,3,2,0,0,5
2024-03-28 01:50:00,1,1,0,0,2
2024-03-28 02:00:00,1,4,0,0,5
2024-03-28 02:10:00,1,2,0,0,3
2024-03-28 02:20:00,2,2,0,0,4
2024-03-28 02:30:00,0,0,0,0,0
2024-03-28 02:40:00,2,2,0,0,4
2024-03-28 02:50:00,0,0,0,0,0
2024-03-28 03:00:00,2,0,0,0,2
2024-03-28 03:10:00,0,2,0,0,2
2024-03-28 03:20:00,3,2,0,0,5
2024-03-28 03:30:00,2,1,0,0,3
2024-03-28 03:40:00,2,5,0,0,7
2024-03-28 03:50:00,1,1,0,0,2
2024-03-28 04:00:00,5,4,0,0,9
2024-03-28 04:10:00,2,1,0,0,3
2024-03-28 04:20:00,1,4,0,0,5
2024-03-28 04:30:00,2,2,0,0,4
2024-03-28 04:40:00,3,3,0,0,6
2024-03-28 04:50:00,4,6,0,0,10
2024-03-28 05:00:00,8,6,0,0,14
2024-03-28 05:10:00,6,4,0,0,10
2024-03-28 05:20:00,8,8,0,0,16
2024-03-28 05:30:00,7,11,0,0,18
2024-03-28 05:40:00,7,8,0,0,15
2024-03-28 05:50:00,15,13,0,0,28
2024-03-28 06:00:00,13,13,0,0,26
2024-03-28 06:10:00,10,16,0,0,26
2024-03-28 06:20:00,15,13,0,0,28
2024-03-28 06:30:00,26,17,0,0,43
2024-03-28 06:40:00,33,14,0,0,47
2024-03-28 06:50:00,29,16,0,0,45
2024-03-28 07:00:00,23,11,0,0,34
2024-03-28 07:10:00,35,17,0,0,52
2024-03-28 07:20:00,34,21,0,0,55
2024-03-28 07:30:00,29,24,0,0,53
2024-03-28 07:40:00,43,27,0,0,70
2024-03-28 07:50:00,43,31,0,0,74
2024-03-28 08:00:00,45,18,0,0,63
2024-03-28 08:10:00,31,19,0,0,50
2024-03-28 08:20:00,40,23,0,0,63
2024-03-28 08:30:00,35,21,0,0,56
2024-03-28 08:40:00,42,27,0,0,69
2024-03-28 08:50:00,54,28,0,0,82
2024-03-28 09:00:00,42,23,0,0,65
2024-03-28 09:10:00,31,24,0,0,55
2024-03-28 09:20:00,43,30,0,0,73
2024-03-28 09:30:00,46,28,0,0,74
2024-03-28 09:40:00,35,32,0,0,67
2024-03-28 09:50:00,34,29,0,0,63
2024-03-28 10:00:00,39,27,0,0,66
2024-03-28 10:10:00,39,30,0,0,69
2024-03-28 10:20:00,38,30,0,0,68
2024-03-28 10:30:00,35,33,0,0,68
2024-03-28 10:40:00,36,38,0,0,74
2024-03-28 10:50:00,38,36,0,0,74
2024-03-28 11:00:00,45,38,0,0,83
2024-03-28 11:10:00,33,30,0,0,63
2024-03-28 11:20:00,40,31,0,0,71
2024-03-28 11:30:00,50,34,0,0,84
2024-03-28 11:40:00,43,30,0,0,73
2024-03-28 11:50:00,34,35,0,0,69
2024-03-28 12:00:00,43,33,0,0,76
2024-03-28 12:10:00,52,37,0,0,89
2024-03-28 12:20:00,47,34,0,0,81
2024-03-28 12:30:00,55,42,0,0,97
2024-03-28 12:40:00,24,20,0,0,44
2024-03-28 12:50:00,34,33,0,0,67
2024-03-28 13:00:00,38,34,0,0,72
2024-03-28 13:10:00,44,35,0,0,79
2024-03-28 13:20:00,39,32,0,0,71
2024-03-28 13:30:00,42,36,0,0,78
2024-03-28 13:40:00,31,35,0,0,66
2024-03-28 13:50:00,25,32,0,0,57
2024-03-28 14:00:00,56,50,0,0,106
2024-03-28 14:10:00,43,39,0,0,82
2024-03-28 14:20:00,37,45,0,0,82
2024-03-28 14:30:00,36,27,0,0,63
2024-03-28 14:40:00,61,45,0,0,106
2024-03-28 14:50:00,42,37,0,0,79
2024-03-28 15:00:00,50,33,0,0,83
2024-03-28 15:10:00,61,40,0,0,101
2024-03-28 15:20:00,59,48,0,0,107
2024-03-28 15:30:00,47,41,0,0,88
2024-03-28 15:40:00,46,49,0,0,95
2024-03-28 15:50:00,50,48,0,0,98
2024-03-28 16:00:00,36,49,0,0,85
2024-03-28 16:10:00,50,46,0,0,96
2024-03-28 16:20:00,34,43,0,0,77
2024-03-28 16:30:00,49,42,0,0,91
2024-03-28 16:40:00,35,40,0,0,75
2024-03-28 16:50:00,36,56,0,0,92
2024-03-28 17:00:00,35,52,0,0,87
2024-03-28 17:10:00,35,39,0,0,74
2024-03-28 17:20:00,36,45,0,0,81
2024-03-28 17:30:00,32,33,0,0,65
2024-03-28 17:40:00,37,36,0,0,73
2024-03-28 17:50:00,29,38,0,0,67
2024-03-28 18:00:00,34,36,0,0,70
2024-03-28 18:10:00,28,36,0,0,64
2024-03-28 18:20:00,43,41,0,0,84
2024-03-28 18:30:00,37,45,0,0,82
2024-03-28 18:40:00,23,35,0,0,58
2024-03-28 18:50:00,27,44,0,0,71
2024-03-28 19:00:00,25,26,0,0,51
2024-03-28 19:10:00,27,28,0,0,55
2024-03-28 19:20:00,21,27,0,0,48
2024-03-28 19:30:00,23,29,0,0,52
2024-03-28 19:40:00,22,23,0,0,45
2024-03-28 19:50:00,25,27,0,0,52
2024-03-28 20:00:00,22,26,0,0,48
2024-03-28 20:10:00,18,40,0,0,58
2024-03-28 20:20:00,33,38,0,0,71
2024-03-28 20:30:00,16,26,0,0,42
2024-03-28 20:40:00,19,39,0,0,58
2024-03-28 20:50:00,11,17,0,0,28
2024-03-28 21:00:00,15,25,0,0,40
2024-03-28 21:10:00,14,24,0,0,38
2024-03-28 21:20:00,16,23,0,0,39
2024-03-28 21:30:00,14,21,0,0,35
2024-03-28 21:40:00,12,22,0,0,34
2024-03-28 21:50:00,14,20,0,0,34
2024-03-28 22:00:00,13,21,0,0,34
2024-03-28 22:10:00,11,14,0,0,25
2024-03-28 22:20:00,14,16,0,0,30
2024-03-28 22:30:00,10,16,0,0,26
2024-03-28 22:40:00,11,16,0,0,27
2024-03-28 22:50:00,8,18,0,0,26
2024-03-28 23:00:00,11,7,0,0,18
2024-03-28 23:10:00,4,13,0,0,17
2024-03-28 23:20:00,8,9,0,0,17
2024-03-28 23:30:00,10,15,0,0,25
2024-03-28 23:40:00,6,6,0,0,12
2024-03-28 23:50:00,5,9,0,0,14
2024-03-29 00:00:00,5,10,0,0,15
2024-03-29 00:10:00,12,8,0,0,20
2024-03-29 00:20:00,2,8,0,0,10
2024-03-29 00:30:00,5,11,0,0,16
2024-03-29 00:40:00,10,13,0,0,23
2024-03-29 00:50:00,8,8,0,0,16
2024-03-29 01:00:00,5,12,0,0,17
2024-03-29 01:10:00,4,11,0,0,15
2024-03-29 01:20:00,7,7,0,0,14
2024-03-29 01:30:00,5,8,0,0,13
2024-03-29 01:40:00,3,4,0,0,7
2024-03-29 01:50:00,1,6,0,0,7
2024-03-29 02:00:00,3,7,0,0,10
2024-03-29 02:10:00,6,8,0,0,14
2024-03-29 02:20:00,1,8,0,0,9
2024-03-29 02:30:00,5,3,0,0,8
2024-03-29 02:40:00,2,4,0,0,6
2024-03-29 02:50:00,2,2,0,0,4
2024-03-29 03:00:00,2,4,0,0,6
2024-03-29 03:10:00,3,3,0,0,6
2024-03-29 03:20:00,2,2,0,0,4
2024-03-29 03:30:00,1,3,0,0,4
2024-03-29 03:40:00,2,5,0,0,7
2024-03-29 03:50:00,3,4,0,0,7
2024-03-29 04:00:00,1,1,0,0,2
2024-03-29 04:10:00,1,5,0,0,6
2024-03-29 04:20:00,1,4,0,0,5
2024-03-29 04:30:00,3,3,0,0,6
2024-03-29 04:40:00,2,3,0,0,5
2024-03-29 04:50:00,3,2,0,0,5
2024-03-29 05:00:00,3,2,0,0,5
2024-03-29 05:10:00,2,3,0,0,5
2024-03-29 05:20:00,3,2,0,0,5
2024-03-29 05:30:00,3,6,0,0,9
2024-03-29 05:40:00,7,6,0,0,13
2024-03-29 05:50:00,2,2,0,0,4
2024-03-29 06:00:00,0,5,0,0,5
2024-03-29 06:10:00,3,5,0,0,8
2024-03-29 06:20:00,3,2,0,0,5
2024-03-29 06:30:00,4,3,0,0,7
2024-03-29 06:40:00,7,5,0,0,12
2024-03-29 06:50:00,2,3,0,0,5
2024-03-29 07:00:00,3,7,0,0,10
2024-03-29 07:10:00,4,3,0,0,7
2024-03-29 07:20:00,8,7,0,0,15
2024-03-29 07:30:00,5,5,0,0,10
2024-03-29 07:40:00,7,5,0,0,12
2024-03-29 07:50:00,5,10,0,0,15
2024-03-29 08:00:00,1,4,0,0,5
2024-03-29 08:10:00,2,6,0,0,8
2024-03-29 08:20:00,9,6,0,0,15
2024-03-29 08:30:00,6,7,0,0,13
2024-03-29 08:40:00,6,6,0,0,12
2024-03-29 08:50:00,7,8,0,0,15
2024-03-29 09:00:00,8,5,0,0,13
2024-03-29 09:10:00,10,7,0,0,17
2024-03-29 09:20:00,21,11,0,0,32
2024-03-29 09:30:00,10,9,0,0,19
2024-03-29 09:40:00,13,8,0,0,21
2024-03-29 09:50:00,17,11,0,0,28
2024-03-29 10:00:00,15,8,0,0,23
2024-03-29 10:10:00,16,18,0,0,34
2024-03-29 10:20:00,15,12,0,0,27
2024-03-29 10:30:00,17,10,0,0,27
2024-03-29 10:40:00,17,11,0,0,28
2024-03-29 10:50:00,14,9,0,0,23
2024-03-29 11:00:00,12,20,0,0,32
2024-03-29 11:10:00,13,17,0,0,30
2024-03-29 11:20:00,14,11,0,0,25
2024-03-29 11:30:00,11,16,0,0,27
2024-03-29 11:40:00,26,19,0,0,45
2024-03-29 11:50:00,18,15,0,0,33
2024-03-29 12:00:00,13,11,0,0,24
2024-03-29 12:10:00,15,20,0,0,35
2024-03-29 12:20:00,38,18,0,0,56
2024-03-29 12:30:00,31,19,0,0,50
2024-03-29 12:40:00,20,19,0,0,39
2024-03-29 12:50:00,27,20,0,0,47
2024-03-29 13:00:00,32,25,0,0,57
2024-03-29 13:10:00,18,19,0,0,37
2024-03-29 13:20:00,23,22,0,0,45
2024-03-29 13:30:00,23,24,0,0,47
2024-03-29 13:40:00,17,13,0,0,30
2024-03-29 13:50:00,32,22,0,0,54
2024-03-29 14:00:00,11,16,0,0,27
2024-03-29 14:10:00,18,20,0,0,38
2024-03-29 14:20:00,17,27,0,0,44
2024-03-29 14:30:00,20,25,0,0,45
2024-03-29 14:40:00,13,25,0,0,38
2024-03-29 14:50:00,24,23,0,0,47
2024-03-29 15:00:00,23,31,0,0,54
2024-03-29 15:10:00,15,18,0,0,33
2024-03-29 15:20:00,23,21,0,0,44
2024-03-29 15:30:00,19,12,0,0,31
2024-03-29 15:40:00,14,22,0,0,36
2024-03-29 15:50:00,19,20,0,0,39
2024-03-29 16:00:00,20,17,0,0,37
2024-03-29 16:10:00,19,19,0,0,38
2024-03-29 16:20:00,20,17,0,0,37
2024-03-29 16:30:00,27,17,0,0,44
2024-03-29 16:40:00,19,17,0,0,36
2024-03-29 16:50:00,21,22,0,0,43
2024-03-29 17:00:00,16,21,0,0,37
2024-03-29 17:10:00,24,23,0,0,47
2024-03-29 17:20:00,17,24,0,0,41
2024-03-29 17:30:00,20,19,0,0,39
2024-03-29 17:40:00,26,28,0,0,54
2024-03-29 17:50:00,20,23,0,0,43
2024-03-29 18:00:00,18,23,0,0,41
2024-03-29 18:10:00,18,15,0,0,33
2024-03-29 18:20:00,23,19,0,0,42
2024-03-29 18:30:00,19,25,0,0,44
2024-03-29 18:40:00,17,22,0,0,39
2024-03-29 18:50:00,17,27,0,0,44
2024-03-29 19:00:00,14,16,0,0,30
2024-03-29 19:10:00,14,18,0,0,32
2024-03-29 19:20:00,16,20,0,0,36
2024-03-29 19:30:00,10,18,0,0,28
2024-03-29 19:40:00,16,17,0,0,33
2024-03-29 19:50:00,18,20,0,0,38
2024-03-29 20:00:00,10,18,0,0,28
2024-03-29 20:10:00,17,13,0,0,30
2024-03-29 20:20:00,18,20,0,0,38
2024-03-29 20:30:00,11,18,0,0,29
2024-03-29 20:40:00,17,12,0,0,29
2024-03-29 20:50:00,11,16,0,0,27
2024-03-29 21:00:00,13,17,0,0,30
2024-03-29 21:10:00,18,15,0,0,33
2024-03-29 21:20:00,11,14,0,0,25
2024-03-29 21:30:00,9,11,0,0,20
2024-03-29 21:40:00,10,17,0,0,27
2024-03-29 21:50:00,13,27,0,0,40
2024-03-29 22:00:00,11,20,0,0,31
2024-03-29 22:10:00,13,16,0,0,29
2024-03-29 22:20:00,14,15,0,0,29
2024-03-29 22:30:00,11,14,0,0,25
2024-03-29 22:40:00,8,12,0,0,20
2024-03-29 22:50:00,14,12,0,0,26
2024-03-29 23:00:00,10,13,0,0,23
2024-03-29 23:10:00,4,10,0,0,14
2024-03-29 23:20:00,8,13,0,0,21
2024-03-29 23:30:00,8,6,0,0,14
2024-03-29 23:40:00,4,7,0,0,11
2024-03-29 23:50:00,5,9,0,0,14
2024-03-30 00:00:00,5,9,0,0,14
2024-03-30 00:10:00,6,10,0,0,16
2024-03-30 00:20:00,6,9,0,0,15
2024-03-30 00:30:00,3,5,0,0,8
2024-03-30 00:40:00,2,8,0,0,10
2024-03-30 00:50:00,6,4,0,0,10
2024-03-30 01:00:00,3,10,0,0,13
2024-03-30 01:10:00,5,3,0,0,8
2024-03-30 01:20:00,4,5,0,0,9
2024-03-30 01:30:00,2,7,0,0,9
2024-03-30 01:40:00,1,5,0,0,6
2024-03-30 01:50:00,3,6,0,0,9
2024-03-30 02:00:00,1,2,0,0,3
2024-03-30 02:10:00,4,3,0,0,7
2024-03-30 02:20:00,3,6,0,0,9
2024-03-30 02:30:00,3,3,0,0,6
2024-03-30 02:40:00,2,5,0,0,7
2024-03-30 02:50:00,3,4,0,0,7
2024-03-30 03:00:00,3,6,0,0,9
2024-03-30 03:10:00,2,1,0,0,3
2024-03-30 03:20:00,4,3,0,0,7
2024-03-30 03:30:00,2,6,0,0,8
2024-03-30 03:40:00,1,1,0,0,2
2024-03-30 03:50:00,0,2,0,0,2
2024-03-30 04:00:00,2,4,0,0,6
2024-03-30 04:10:00,1,3,0,0,4
2024-03-30 04:20:00,3,3,0,0,6
2024-03-30 04:30:00,1,3,0,0,4
2024-03-30 04:40:00,1,5,0,0,6
2024-03-30 04:50:00,2,4,0,0,6
2024-03-30 05:00:00,6,5,0,0,11
2024-03-30 05:10:00,3,11,0,0,14
2024-03-30 05:20:00,3,6,0,0,9
2024-03-30 05:30:00,3,5,0,0,8
2024-03-30 05:40:00,4,7,0,0,11
2024-03-30 05:50:00,3,4,0,0,7
2024-03-30 06:00:00,3,4,0,0,7
2024-03-30 06:10:00,7,6,0,0,13
2024-03-30 06:20:00,3,10,0,0,13
2024-03-30 06:30:00,5,5,0,0,10
2024-03-30 06:40:00,10,7,0,0,17
2024-03-30 06:50:00,6,7,0,0,13
2024-03-30 07:00:00,7,5,0,0,12
2024-03-30 07:10:00,17,13,0,0,30
2024-03-30 07:20:00,5,8,0,0,13
2024-03-30 07:30:00,11,6,0,0,17
2024-03-30 07:40:00,10,14,0,0,24
2024-03-30 07:50:00,14,12,0,0,26
2024-03-30 08:00:00,16,13,0,0,29
2024-03-30 08:10:00,14,13,0,0,27
2024-03-30 08:20:00,16,13,0,0,29
2024-03-30 08:30:00,13,17,0,0,30
2024-03-30 08:40:00,19,18,0,0,37
2024-03-30 08:50:00,18,18,0,0,36
2024-03-30 09:00:00,23,13,0,0,36
2024-03-30 09:10:00,26,23,0,0,49
2024-03-30 09:20:00,31,18,0,0,49
2024-03-30 09:30:00,28,14,0,0,42
2024-03-30 09:40:00,30,24,0,0,54
2024-03-30 09:50:00,35,28,0,0,63
2024-03-30 10:00:00,30,24,0,0,54
2024-03-30 10:10:00,28,23,0,0,51
2024-03-30 10:20:00,43,38,0,0,81
2024-03-30 10:30:00,46,32,0,0,78
2024-03-30 10:40:00,29,28,0,0,57
2024-03-30 10:50:00,39,32,0,0,71
2024-03-30 11:00:00,34,23,0,0,57
2024-03-30 11:10:00,59,38,0,0,97
2024-03-30 11:20:00,42,24,0,0,66
2024-03-30 11:30:00,36,35,0,0,71
2024-03-30 11:40:00,28,24,0,0,52
2024-03-30 11:50:00,41,33,0,0,74
2024-03-30 12:00:00,36,36,0,0,72
2024-03-30 12:10:00,37,33,0,0,70
2024-03-30 12:20:00,37,37,0,0,74
2024-03-30 12:30:00,26,38,0,0,64
2024-03-30 12:40:00,34,33,0,0,67
2024-03-30 12:50:00,43,35,0,0,78
2024-03-30 13:00:00,41,29,0,0,70
2024-03-30 13:10:00,39,35,0,0,74
2024-03-30 13:20:00,21,32,0,0,53
2024-03-30 13:30:00,45,29,0,0,74
2024-03-30 13:40:00,30,30,0,0,60
2024-03-30 13:50:00,35,37,0,0,72
2024-03-30 14:00:00,32,33,0,0,65
2024-03-30 14:10:00,28,33,0,0,61
2024-03-30 14:20:00,35,34,0,0,69
2024-03-30 14:30:00,27,35,0,0,62
2024-03-30 14:40:00,37,29,0,0,66
2024-03-30 14:50:00,33,36,0,0,69
2024-03-30 15:00:00,36,38,0,0,74
2024-03-30 15:10:00,20,25,0,0,45
2024-03-30 15:20:00,25,28,0,0,53
2024-03-30 15:30:00,34,24,0,0,58
2024-03-30 15:40:00,22,22,0,0,44
2024-03-30 15:50:00,20,25,0,0,45
2024-03-30 16:00:00,26,27,0,0,53
2024-03-30 16:10:00,34,25,0,0,59
2024-03-30 16:20:00,12,23,0,0,35
2024-03-30 16:30:00,19,34,0,0,53
2024-03-30 16:40:00,30,29,0,0,59
2024-03-30 16:50:00,24,26,0,0,50
2024-03-30 17:00:00,23,27,0,0,50
2024-03-30 17:10:00,19,25,0,0,44
2024-03-30 17:20:00,26,30,0,0,56
2024-03-30 17:30:00,20,27,0,0,47
2024-03-30 17:40:00,29,29,0,0,58
2024-03-30 17:50:00,29,32,0,0,61
2024-03-30 18:00:00,29,34,0,0,63
2024-03-30 18:10:00,22,31,0,0,53
2024-03-30 18:20:00,28,25,0,0,53
2024-03-30 18:30:00,27,29,0,0,56
2024-03-30 18:40:00,24,25,0,0,49
2024-03-30 18:50:00,21,23,0,0,44
2024-03-30 19:00:00,10,27,0,0,37
2024-03-30 19:10:00,18,20,0,0,38
2024-03-30 19:20:00,15,25,0,0,40
2024-03-30 19:30:00,21,19,0,0,40
2024-03-30 19:40:00,17,17,0,0,34
2024-03-30 19:50:00,15,14,0,0,29
2024-03-30 20:00:00,15,20,0,0,35
2024-03-30 20:10:00,26,20,0,0,46
2024-03-30 20:20:00,13,14,0,0,27
2024-03-30 20:30:00,14,28,0,0,42
2024-03-30 20:40:00,9,17,0,0,26
2024-03-30 20:50:00,12,12,0,0,24
2024-03-30 21:00:00,15,13,0,0,28
2024-03-30 21:10:00,17,19,0,0,36
2024-03-30 21:20:00,14,17,0,0,31
2024-03-30 21:30:00,17,18,0,0,35
2024-03-30 21:40:00,15,13,0,0,28
2024-03-30 21:50:00,12,20,0,0,32
2024-03-30 22:00:00,10,13,0,0,23
2024-03-30 22:10:00,9,15,0,0,24
2024-03-30 22:20:00,11,17,0,0,28
2024-03-30 22:30:00,11,10,0,0,21
2024-03-30 22:40:00,14,17,0,0,31
2024-03-30 22:50:00,10,14,0,0,24
2024-03-30 23:00:00,8,12,0,0,20
2024-03-30 23:10:00,18,15,0,0,33
2024-03-30 23:20:00,9,7,0,0,16
2024-03-30 23:30:00,3,8,0,0,11
2024-03-30 23:40:00,3,11,0,0,14
2024-03-30 23:50:00,6,15,0,0,21
2024-03-31 00:00:00,7,9,0,0,16
2024-03-31 00:10:00,4,9,0,0,13
2024-03-31 00:20:00,9,9,0,0,18
2024-03-31 00:30:00,4,2,0,0,6
2024-03-31 00:40:00,5,6,0,0,11
2024-03-31 00:50:00,4,5,0,0,9
2024-03-31 01:00:00,3,9,0,0,12
2024-03-31 01:10:00,5,4,0,0,9
2024-03-31 01:20:00,4,6,0,0,10
2024-03-31 01:30:00,4,1,0,0,5
2024-03-31 01:40:00,10,9,0,0,19
2024-03-31 01:50:00,1,3,0,0,4
2024-03-31 02:00:00,0,0,0,0,0
2024-03-31 02:10:00,0,0,0,0,0
2024-03-31 02:20:00,0,0,0,0,0
2024-03-31 02:30:00,0,0,0,0,0
2024-03-31 02:40:00,0,0,0,0,0
2024-03-31 02:50:00,0,0,0,0,0
2024-03-31 03:00:00,5,5,0,0,10
2024-03-31 03:10:00,6,11,0,0,17
2024-03-31 03:20:00,4,4,0,0,8
2024-03-31 03:30:00,0,5,0,0,5
2024-03-31 03:40:00,5,8,0,0,13
2024-03-31 03:50:00,1,3,0,0,4
2024-03-31 04:00:00,5,8,0,0,13
2024-03-31 04:10:00,2,5,0,0,7
2024-03-31 04:20:00,4,3,0,0,7
2024-03-31 04:30:00,6,7,0,0,13
2024-03-31 04:40:00,2,7,0,0,9
2024-03-31 04:50:00,4,2,0,0,6
2024-03-31 05:00:00,1,3,0,0,4
2024-03-31 05:10:00,3,3,0,0,6
2024-03-31 05:20:00,5,4,0,0,9
2024-03-31 05:30:00,0,5,0,0,5
2024-03-31 05:40:00,4,8,0,0,12
2024-03-31 05:50:00,5,8,0,0,13
2024-03-31 06:00:00,2,0,0,0,2
2024-03-31 06:10:00,4,9,0,0,13
2024-03-31 06:20:00,2,5,0,0,7
2024-03-31 06:30:00,3,4,0,0,7
2024-03-31 06:40:00,7,3,0,0,10
2024-03-31 06:50:00,7,4,0,0,11
2024-03-31 07:00:00,1,2,0,0,3
2024-03-31 07:10:00,3,4,0,0,7
2024-03-31 07:20:00,6,2,0,0,8
2024-03-31 07:30:00,4,6,0,0,10
2024-03-31 07:40:00,4,5,0,0,9
2024-03-31 07:50:00,4,5,0,0,9
2024-03-31 08:00:00,5,5,0,0,10
2024-03-31 08:10:00,5,7,0,0,12
2024-03-31 08:20:00,4,2,0,0,6
2024-03-31 08:30:00,6,4,0,0,10
2024-03-31 08:40:00,6,6,0,0,12
2024-03-31 08:50:00,6,6,0,0,12
2024-03-31 09:00:00,10,8,0,0,18
2024-03-31 09:10:00,12,14,0,0,26
2024-03-31 09:20:00,12,15,0,0,27
2024-03-31 09:30:00,13,9,0,0,22
2024-03-31 09:40:00,10,9,0,0,19
2024-03-31 09:50:00,13,14,0,0,27
2024-03-31 10:00:00,18,9,0,0,27
2024-03-31 10:10:00,17,9,0,0,26
2024-03-31 10:20:00,16,18,0,0,34
2024-03-31 10:30:00,22,14,0,0,36
2024-03-31 10:40:00,19,13,0,0,32
2024-03-31 10:50:00,18,14,0,0,32
2024-03-31 11:00:00,24,15,0,0,39
2024-03-31 11:10:00,14,9,0,0,23
2024-03-31 11:20:00,20,12,0,0,32
2024-03-31 11:30:00,24,23,0,0,47
2024-03-31 11:40:00,24,22,0,0,46
2024-03-31 11:50:00,20,15,0,0,35
2024-03-31 12:00:00,22,13,0,0,35
2024-03-31 12:10:00,19,17,0,0,36
2024-03-31 12:20:00,15,20,0,0,35
2024-03-31 12:30:00,19,14,0,0,33
2024-03-31 12:40:00,28,20,0,0,48
2024-03-31 12:50:00,22,25,0,0,47
2024-03-31 13:00:00,23,12,0,0,35
2024-03-31 13:10:00,10,15,0,0,25
2024-03-31 13:20:00,24,18,0,0,42
2024-03-31 13:30:00,28,15,0,0,43
2024-03-31 13:40:00,20,20,0,0,40
2024-03-31 13:50:00,17,13,0,0,30
2024-03-31 14:00:00,17,19,0,0,36
2024-03-31 14:10:00,21,19,0,0,40
2024-03-31 14:20:00,16,14,0,0,30
2024-03-31 14:30:00,20,19,0,0,39
2024-03-31 14:40:00,17,13,0,0,30
2024-03-31 14:50:00,20,17,0,0,37
2024-03-31 15:00:00,20,12,0,0,32
2024-03-31 15:10:00,22,26,0,0,48
2024-03-31 15:20:00,21,19,0,0,40
2024-03-31 15:30:00,28,25,0,0,53
2024-03-31 15:40:00,20,16,0,0,36
2024-03-31 15:50:00,16,20,0,0,36
2024-03-31 16:00:00,17,18,0,0,35
2024-03-31 16:10:00,19,18,0,0,37
2024-03-31 16:20:00,21,20,0,0,41
2024-03-31 16:30:00,18,19,0,0,37
2024-03-31 16:40:00,27,19,0,0,46
2024-03-31 16:50:00,20,24,0,0,44
2024-03-31 17:00:00,25,35,0,0,60
2024-03-31 17:10:00,19,22,0,0,41
2024-03-31 17:20:00,21,18,0,0,39
2024-03-31 17:30:00,23,29,0,0,52
2024-03-31 17:40:00,20,25,0,0,45
2024-03-31 17:50:00,21,23,0,0,44
2024-03-31 18:00:00,20,29,0,0,49
2024-03-31 18:10:00,19,22,0,0,41
2024-03-31 18:20:00,21,22,0,0,43
2024-03-31 18:30:00,23,24,0,0,47
2024-03-31 18:40:00,24,27,0,0,51
2024-03-31 18:50:00,21,19,0,0,40
2024-03-31 19:00:00,21,17,0,0,38
2024-03-31 19:10:00,24,28,0,0,52
2024-03-31 19:20:00,16,29,0,0,45
2024-03-31 19:30:00,14,27,0,0,41
2024-03-31 19:40:00,19,17,0,0,36
2024-03-31 19:50:00,17,21,0,0,38
2024-03-31 20:00:00,10,12,0,0,22
2024-03-31 20:10:00,17,22,0,0,39
2024-03-31 20:20:00,16,16,0,0,32
2024-03-31 20:30:00,11,11,0,0,22
2024-03-31 20:40:00,20,20,0,0,40
2024-03-31 20:50:00,15,24,0,0,39
2024-03-31 21:00:00,17,15,0,0,32
2024-03-31 21:10:00,13,12,0,0,25
2024-03-31 21:20:00,13,17,0,0,30
2024-03-31 21:30:00,15,18,0,0,33
2024-03-31 21:40:00,14,18,0,0,32
2024-03-31 21:50:00,12,12,0,0,24
2024-03-31 22:00:00,10,12,0,0,22
2024-03-31 22:10:00,14,18,0,0,32
2024-03-31 22:20:00,6,16,0,0,22
2024-03-31 22:30:00,11,12,0,0,23
2024-03-31 22:40:00,8,17,0,0,25
2024-03-31 22:50:00,10,18,0,0,28
2024-03-31 23:00:00,9,15,0,0,24
2024-03-31 23:10:00,8,13,0,0,21
2024-03-31 23:20:00,6,5,0,0,11
2024-03-31 23:30:00,7,8,0,0,15
2024-03-31 23:40:00,6,11,0,0,17
2024-03-31 23:50:00,7,7,0,0,14
2024-04-01 00:00:00,5,12,0,0,17
2024-04-01 00:10:00,6,10,0,0,16
2024-04-01 00:20:00,4,10,0,0,14
2024-04-01 00:30:00,7,7,0,0,14
2024-04-01 00:40:00,6,4,0,0,10
2024-04-01 00:50:00,2,7,0,0,9
2024-04-01 01:00:00,3,2,0,0,5
2024-04-01 01:10:00,0,4,0,0,4
2024-04-01 01:20:00,5,10,0,0,15
2024-04-01 01:30:00,1,7,0,0,8
2024-04-01 01:40:00,6,9,0,0,15
2024-04-01 01:50:00,2,6,0,0,8
2024-04-01 02:00:00,4,6,0,0,10
2024-04-01 02:10:00,0,4,0,0,4
2024-04-01 02:20:00,2,3,0,0,5
2024-04-01 02:30:00,2,2,0,0,4
2024-04-01 02:40:00,3,5,0,0,8
2024-04-01 02:50:00,2,0,0,0,2
2024-04-01 03:00:00,1,3,0,0,4
2024-04-01 03:10:00,1,2,0,0,3
2024-04-01 03:20:00,1,3,0,0,4
2024-04-01 03:30:00,0,3,0,0,3
2024-04-01 03:40:00,2,6,0,0,8
2024-04-01 03:50:00,2,4,0,0,6
2024-04-01 04:00:00,3,3,0,0,6
2024-04-01 04:10:00,1,1,0,0,2
2024-04-01 04:20:00,0,3,0,0,3
2024-04-01 04:30:00,0,1,0,0,1
2024-04-01 04:40:00,2,4,0,0,6
2024-04-01 04:50:00,1,2,0,0,3
2024-04-01 05:00:00,2,3,0,0,5
2024-04-01 05:10:00,7,3,0,0,10
2024-04-01 05:20:00,1,5,0,0,6
2024-04-01 05:30:00,1,4,0,0,5
2024-04-01 05:40:00,5,6,0,0,11
2024-04-01 05:50:00,1,2,0,0,3
2024-04-01 06:00:00,0,2,0,0,2
2024-04-01 06:10:00,4,4,0,0,8
2024-04-01 06:20:00,4,5,0,0,9
2024-04-01 06:30:00,5,5,0,0,10
2024-04-01 06:40:00,6,5,0,0,11
2024-04-01 06:50:00,5,3,0,0,8
2024-04-01 07:00:00,1,2,0,0,3
2024-04-01 07:10:00,4,4,0,0,8
2024-04-01 07:20:00,3,2,0,0,5
2024-04-01 07:30:00,2,3,0,0,5
2024-04-01 07:40:00,3,1,0,0,4
2024-04-01 07:50:00,5,5,0,0,10
2024-04-01 08:00:00,6,2,0,0,8
2024-04-01 08:10:00,0,6,0,0,6
2024-04-01 08:20:00,2,4,0,0,6
2024-04-01 08:30:00,3,2,0,0,5
2024-04-01 08:40:00,3,7,0,0,10
2024-04-01 08:50:00,11,5,0,0,16
2024-04-01 09:00:00,6,5,0,0,11
2024-04-01 09:10:00,8,12,0,0,20
2024-04-01 09:20:00,13,9,0,0,22
2024-04-01 09:30:00,16,15,0,0,31
2024-04-01 09:40:00,7,12,0,0,19
2024-04-01 09:50:00,13,11,0,0,24
2024-04-01 10:00:00,14,12,0,0,26
2024-04-01 10:10:00,11,6,0,0,17
2024-04-01 10:20:00,17,12,0,0,29
2024-04-01 10:30:00,15,9,0,0,24
2024-04-01 10:40:00,10,10,0,0,20
2024-04-01 10:50:00,26,18,0,0,44
2024-04-01 11:00:00,23,8,0,0,31
2024-04-01 11:10:00,19,21,0,0,40
2024-04-01 11:20:00,18,12,0,0,30
2024-04-01 11:30:00,17,15,0,0,32
2024-04-01 11:40:00,18,12,0,0,30
2024-04-01 11:50:00,21,13,0,0,34
2024-04-01 12:00:00,6,6,0,0,12
2024-04-01 12:10:00,15,18,0,0,33
2024-04-01 12:20:00,27,23,0,0,50
2024-04-01 12:30:00,16,15,0,0,31
2024-04-01 12:40:00,17,15,0,0,32
2024-04-01 12:50:00,14,21,0,0,35
2024-04-01 13:00:00,28,16,0,0,44
2024-04-01 13:10:00,28,21,0,0,49
2024-04-01 13:20:00,23,20,0,0,43
2024-04-01 13:30:00,18,22,0,0,40
2024-04-01 13:40:00,19,24,0,0,43
2024-04-01 13:50:00,24,18,0,0,42
2024-04-01 14:00:00,24,16,0,0,40
2024-04-01 14:10:00,19,24,0,0,43
2024-04-01 14:20:00,16,19,0,0,35
2024-04-01 14:30:00,21,18,0,0,39
2024-04-01 14:40:00,22,23,0,0,45
2024-04-01 14:50:00,26,25,0,0,51
2024-04-01 15:00:00,21,19,0,0,40
2024-04-01 15:10:00,15,10,0,0,25
2024-04-01 15:20:00,22,15,0,0,37
2024-04-01 15:30:00,19,21,0,0,40
2024-04-01 15:40:00,20,20,0,0,40
2024-04-01 15:50:00,16,23,0,0,39
2024-04-01 16:00:00,26,15,0,0,41
2024-04-01 16:10:00,22,19,0,0,41
2024-04-01 16:20:00,17,11,0,0,28
2024-04-01 16:30:00,21,21,0,0,42
2024-04-01 16:40:00,24,29,0,0,53
2024-04-01 16:50:00,30,21,0,0,51
2024-04-01 17:00:00,25,29,0,0,54
2024-04-01 17:10:00,14,19,0,0,33
2024-04-01 17:20:00,26,20,0,0,46
2024-04-01 17:30:00,22,26,0,0,48
2024-04-01 17:40:00,26,16,0,0,42
2024-04-01 17:50:00,20,26,0,0,46
2024-04-01 18:00:00,25,14,0,0,39
2024-04-01 18:10:00,17,22,0,0,39
2024-04-01 18:20:00,20,23,0,0,43
2024-04-01 18:30:00,18,20,0,0,38
2024-04-01 18:40:00,19,31,0,0,50
2024-04-01 18:50:00,18,18,0,0,36
2024-04-01 19:00:00,30,24,0,0,54
2024-04-01 19:10:00,24,23,0,0,47
2024-04-01 19:20:00,21,32,0,0,53
2024-04-01 19:30:00,18,23,0,0,41
2024-04-01 19:40:00,16,25,0,0,41
2024-04-01 19:50:00,14,17,0,0,31
2024-04-01 20:00:00,6,15,0,0,21
2024-04-01 20:10:00,11,13,0,0,24
2024-04-01 20:20:00,9,13,0,0,22
2024-04-01 20:30:00,17,19,0,0,36
2024-04-01 20:40:00,15,17,0,0,32
2024-04-01 20:50:00,11,17,0,0,28
2024-04-01 21:00:00,16,15,0,0,31
2024-04-01 21:10:00,18,17,0,0,35
2024-04-01 21:20:00,13,17,0,0,30
2024-04-01 21:30:00,13,11,0,0,24
2024-04-01 21:40:00,16,12,0,0,28
2024-04-01 21:50:00,16,15,0,0,31
2024-04-01 22:00:00,4,10,0,0,14
2024-04-01 22:10:00,9,12,0,0,21
2024-04-01 22:20:00,12,12,0,0,24
2024-04-01 22:30:00,11,8,0,0,19
2024-04-01 22:40:00,7,5,0,0,12
2024-04-01 22:50:00,10,20,0,0,30
2024-04-01 23:00:00,9,16,0,0,25
2024-04-01 23:10:00,8,11,0,0,19
2024-04-01 23:20:00,7,9,0,0,16
2024-04-01 23:30:00,10,11,0,0,21
2024-04-01 23:40:00,7,10,0,0,17
2024-04-01 23:50:00,6,5,0,0,11
2024-04-02 00:00:00,4,7,0,0,11
2024-04-02 00:10:00,5,8,0,0,13
2024-04-02 00:20:00,4,5,0,0,9
2024-04-02 00:30:00,1,3,0,0,4
2024-04-02 00:40:00,0,2,0,0,2
2024-04-02 00:50:00,3,4,0,0,7
2024-04-02 01:00:00,4,2,0,0,6
2024-04-02 01:10:00,3,2,0,0,5
2024-04-02 01:20:00,0,4,0,0,4
2024-04-02 01:30:00,1,1,0,0,2
2024-04-02 01:40:00,1,3,0,0,4
2024-04-02 01:50:00,0,5,0,0,5
2024-04-02 02:00:00,2,3,0,0,5
2024-04-02 02:10:00,2,3,0,0,5
2024-04-02 02:20:00,2,5,0,0,7
2024-04-02 02:30:00,3,6,0,0,9
2024-04-02 02:40:00,1,0,0,0,1
2024-04-02 02:50:00,0,1,0,0,1
2024-04-02 03:00:00,1,1,0,0,2
2024-04-02 03:10:00,0,4,0,0,4
2024-04-02 03:20:00,1,0,0,0,1
2024-04-02 03:30:00,1,1,0,0,2
2024-04-02 03:40:00,3,4,0,0,7
2024-04-02 03:50:00,2,5,0,0,7
2024-04-02 04:00:00,4,3,0,0,7
2024-04-02 04:10:00,3,7,0,0,10
2024-04-02 04:20:00,1,3,0,0,4
2024-04-02 04:30:00,5,7,0,0,12
2024-04-02 04:40:00,2,3,0,0,5
2024-04-02 04:50:00,3,3,0,0,6
2024-04-02 05:00:00,3,1,0,0,4
2024-04-02 05:10:00,9,7,0,0,16
2024-04-02 05:20:00,8,7,0,0,15
2024-04-02 05:30:00,10,6,0,0,16
2024-04-02 05:40:00,9,11,0,0,20
2024-04-02 05:50:00,15,17,0,0,32
2024-04-02 06:00:00,12,14,0,0,26
2024-04-02 06:10:00,17,12,0,0,29
2024-04-02 06:20:00,16,17,0,0,33
2024-04-02 06:30:00,28,17,0,0,45
2024-04-02 06:40:00,27,20,0,0,47
2024-04-02 06:50:00,33,20,0,0,53
2024-04-02 07:00:00,24,17,0,0,41
2024-04-02 07:10:00,29,19,0,0,48
2024-04-02 07:20:00,29,21,0,0,50
2024-04-02 07:30:00,42,23,0,0,65
2024-04-02 07:40:00,33,26,0,0,59
2024-04-02 07:50:00,38,30,0,0,68
2024-04-02 08:00:00,31,18,0,0,49
2024-04-02 08:10:00,36,27,0,0,63
2024-04-02 08:20:00,42,25,0,0,67
2024-04-02 08:30:00,38,23,0,0,61
2024-04-02 08:40:00,30,26,0,0,56
2024-04-02 08:50:00,51,28,0,0,79
2024-04-02 09:00:00,33,31,0,0,64
2024-04-02 09:10:00,35,21,0,0,56
2024-04-02 09:20:00,33,34,0,0,67
2024-04-02 09:30:00,19,26,0,0,45
2024-04-02 09:40:00,33,21,0,0,54
2024-04-02 09:50:00,32,21,0,0,53
2024-04-02 10:00:00,32,15,0,0,47
2024-04-02 10:10:00,26,28,0,0,54
2024-04-02 10:20:00,29,24,0,0,53
2024-04-02 10:30:00,30,27,0,0,57
2024-04-02 10:40:00,31,28,0,0,59
2024-04-02 10:50:00,34,23,0,0,57
2024-04-02 11:00:00,19,26,0,0,45
2024-04-02 11:10:00,29,23,0,0,52
2024-04-02 11:20:00,28,26,0,0,54
2024-04-02 11:30:00,36,27,0,0,63
2024-04-02 11:40:00,31,26,0,0,57
2024-04-02 11:50:00,29,30,0,0,59
2024-04-02 12:00:00,42,36,0,0,78
2024-04-02 12:10:00,46,30,0,0,76
2024-04-02 12:20:00,52,27,0,0,79
2024-04-02 12:30:00,33,29,0,0,62
2024-04-02 12:40:00,45,22,0,0,67
2024-04-02 12:50:00,39,33,0,0,72
2024-04-02 13:00:00,38,26,0,0,64
2024-04-02 13:10:00,31,21,0,0,52
2024-04-02 13:20:00,43,34,0,0,77
2024-04-02 13:30:00,45,34,0,0,79
2024-04-02 13:40:00,31,36,0,0,67
2024-04-02 13:50:00,29,31,0,0,60
2024-04-02 14:00:00,27,22,0,0,49
2024-04-02 14:10:00,39,44,0,0,83
2024-04-02 14:20:00,43,36,0,0,79
2024-04-02 14:30:00,33,33,0,0,66
2024-04-02 14:40:00,35,33,0,0,68
2024-04-02 14:50:00,28,31,0,0,59
2024-04-02 15:00:00,44,32,0,0,76
2024-04-02 15:10:00,29,31,0,0,60
2024-04-02 15:20:00,36,33,0,0,69
2024-04-02 15:30:00,31,43,0,0,74
2024-04-02 15:40:00,27,46,0,0,73
2024-04-02 15:50:00,35,38,0,0,73
2024-04-02 16:00:00,49,35,0,0,84
2024-04-02 16:10:00,43,41,0,0,84
2024-04-02 16:20:00,40,37,0,0,77
2024-04-02 16:30:00,37,46,0,0,83
2024-04-02 16:40:00,39,46,0,0,85
2024-04-02 16:50:00,32,52,0,0,84
2024-04-02 17:00:00,34,49,0,0,83
2024-04-02 17:10:00,39,38,0,0,77
2024-04-02 17:20:00,38,49,0,0,87
2024-04-02 17:30:00,38,36,0,0,74
2024-04-02 17:40:00,28,40,0,0,68
2024-04-02 17:50:00,24,42,0,0,66
2024-04-02 18:00:00,25,34,0,0,59
2024-04-02 18:10:00,35,37,0,0,72
2024-04-02 18:20:00,27,36,0,0,63
2024-04-02 18:30:00,33,33,0,0,66
2024-04-02 18:40:00,40,28,0,0,68
2024-04-02 18:50:00,28,28,0,0,56
2024-04-02 19:00:00,30,30,0,0,60
2024-04-02 19:10:00,20,35,0,0,55
2024-04-02 19:20:00,21,27,0,0,48
2024-04-02 19:30:00,27,25,0,0,52
2024-04-02 19:40:00,29,31,0,0,60
2024-04-02 19:50:00,14,29,0,0,43
2024-04-02 20:00:00,22,19,0,0,41
2024-04-02 20:10:00,15,24,0,0,39
2024-04-02 20:20:00,15,30,0,0,45
2024-04-02 20:30:00,23,23,0,0,46
2024-04-02 20:40:00,11,21,0,0,32
2024-04-02 20:50:00,13,22,0,0,35
2024-04-02 21:00:00,13,19,0,0,32
2024-04-02 21:10:00,18,22,0,0,40
2024-04-02 21:20:00,23,24,0,0,47
2024-04-02 21:30:00,16,12,0,0,28
2024-04-02 21:40:00,19,20,0,0,39
2024-04-02 21:50:00,14,18,0,0,32
2024-04-02 22:00:00,13,15,0,0,28
2024-04-02 22:10:00,17,17,0,0,34
2024-04-02 22:20:00,12,18,0,0,30
2024-04-02 22:30:00,7,7,0,0,14
2024-04-02 22:40:00,9,13,0,0,22
2024-04-02 22:50:00,10,25,0,0,35
2024-04-02 23:00:00,8,9,0,0,17
2024-04-02 23:10:00,6,9,0,0,15
2024-04-02 23:20:00,8,8,0,0,16
2024-04-02 23:30:00,3,5,0,0,8
2024-04-02 23:40:00,7,13,0,0,20
2024-04-02 23:50:00,7,8,0,0,15
2024-04-03 00:00:00,5,8,0,0,13
2024-04-03 00:10:00,3,6,0,0,9
2024-04-03 00:20:00,2,5,0,0,7
2024-04-03 00:30:00,6,5,0,0,11
2024-04-03 00:40:00,1,1,0,0,2
2024-04-03 00:50:00,7,8,0,0,15
2024-04-03 01:00:00,7,8,0,0,15
2024-04-03 01:10:00,3,5,0,0,8
2024-04-03 01:20:00,5,6,0,0,11
2024-04-03 01:30:00,3,2,0,0,5
2024-04-03 01:40:00,3,5,0,0,8
2024-04-03 01:50:00,1,3,0,0,4
2024-04-03 02:00:00,0,2,0,0,2
2024-04-03 02:10:00,1,3,0,0,4
2024-04-03 02:20:00,1,2,0,0,3
2024-04-03 02:30:00,1,1,0,0,2
2024-04-03 02:40:00,0,1,0,0,1
2024-04-03 02:50:00,0,0,0,0,0
2024-04-03 03:00:00,5,2,0,0,7
2024-04-03 03:10:00,2,1,0,0,3
2024-04-03 03:20:00,1,1,0,0,2
2024-04-03 03:30:00,1,4,0,0,5
2024-04-03 03:40:00,0,3,0,0,3
2024-04-03 03:50:00,1,2,0,0,3
2024-04-03 04:00:00,1,1,0,0,2
2024-04-03 04:10:00,1,2,0,0,3
2024-04-03 04:20:00,4,3,0,0,7
2024-04-03 04:30:00,5,7,0,0,12
2024-04-03 04:40:00,3,4,0,0,7
2024-04-03 04:50:00,1,3,0,0,4
2024-04-03 05:00:00,2,3,0,0,5
2024-04-03 05:10:00,12,5,0,0,17
2024-04-03 05:20:00,7,9,0,0,16
2024-04-03 05:30:00,6,9,0,0,15
2024-04-03 05:40:00,9,9,0,0,18
2024-04-03 05:50:00,15,13,0,0,28
2024-04-03 06:00:00,12,16,0,0,28
2024-04-03 06:10:00,11,13,0,0,24
2024-04-03 06:20:00,15,12,0,0,27
2024-04-03 06:30:00,26,23,0,0,49
2024-04-03 06:40:00,34,18,0,0,52
2024-04-03 06:50:00,23,20,0,0,43
2024-04-03 07:00:00,35,11,0,0,46
2024-04-03 07:10:00,31,21,0,0,52
2024-04-03 07:20:00,36,21,0,0,57
2024-04-03 07:30:00,38,24,0,0,62
2024-04-03 07:40:00,48,30,0,0,78
2024-04-03 07:50:00,39,26,0,0,65
2024-04-03 08:00:00,39,25,0,0,64
2024-04-03 08:10:00,41,26,0,0,67
2024-04-03 08:20:00,42,27,0,0,69
2024-04-03 08:30:00,39,25,0,0,64
2024-04-03 08:40:00,36,25,0,0,61
2024-04-03 08:50:00,44,29,0,0,73
2024-04-03 09:00:00,37,27,0,0,64
2024-04-03 09:10:00,38,23,0,0,61
2024-04-03 09:20:00,27,27,0,0,54
2024-04-03 09:30:00,25,26,0,0,51
2024-04-03 09:40:00,33,20,0,0,53
2024-04-03 09:50:00,32,22,0,0,54
2024-04-03 10:00:00,32,26,0,0,58
2024-04-03 10:10:00,32,23,0,0,55
2024-04-03 10:20:00,20,33,0,0,53
2024-04-03 10:30:00,35,30,0,0,65
2024-04-03 10:40:00,33,24,0,0,57
2024-04-03 10:50:00,25,25,0,0,50
2024-04-03 11:00:00,34,23,0,0,57
2024-04-03 11:10:00,26,28,0,0,54
2024-04-03 11:20:00,25,34,0,0,59
2024-04-03 11:30:00,40,30,0,0,70
2024-04-03 11:40:00,40,32,0,0,72
2024-04-03 11:50:00,31,29,0,0,60
2024-04-03 12:00:00,29,31,0,0,60
2024-04-03 12:10:00,30,20,0,0,50
2024-04-03 12:20:00,33,27,0,0,60
2024-04-03 12:30:00,41,28,0,0,69
2024-04-03 12:40:00,25,35,0,0,60
2024-04-03 12:50:00,26,33,0,0,59
2024-04-03 13:00:00,34,26,0,0,60
2024-04-03 13:10:00,25,31,0,0,56
2024-04-03 13:20:00,42,31,0,0,73
2024-04-03 13:30:00,33,19,0,0,52
2024-04-03 13:40:00,32,34,0,0,66
2024-04-03 13:50:00,33,32,0,0,65
2024-04-03 14:00:00,17,20,0,0,37
2024-04-03 14:10:00,31,35,0,0,66
2024-04-03 14:20:00,32,24,0,0,56
2024-04-03 14:30:00,33,34,0,0,67
2024-04-03 14:40:00,37,44,0,0,81
2024-04-03 14:50:00,40,29,0,0,69
2024-04-03 15:00:00,42,33,0,0,75
2024-04-03 15:10:00,32,29,0,0,61
2024-04-03 15:20:00,31,33,0,0,64
2024-04-03 15:30:00,38,43,0,0,81
2024-04-03 15:40:00,28,36,0,0,64
2024-04-03 15:50:00,27,31,0,0,58
2024-04-03 16:00:00,31,27,0,0,58
2024-04-03 16:10:00,31,48,0,0,79
2024-04-03 16:20:00,50,42,0,0,92
2024-04-03 16:30:00,32,39,0,0,71
2024-04-03 16:40:00,38,47,0,0,85
2024-04-03 16:50:00,29,35,0,0,64
2024-04-03 17:00:00,28,41,0,0,69
2024-04-03 17:10:00,28,44,0,0,72
2024-04-03 17:20:00,34,49,0,0,83
2024-04-03 17:30:00,31,49,0,0,80
2024-04-03 17:40:00,32,48,0,0,80
2024-04-03 17:50:00,30,45,0,0,75
2024-04-03 18:00:00,35,38,0,0,73
2024-04-03 18:10:00,30,37,0,0,67
2024-04-03 18:20:00,33,21,0,0,54
2024-04-03 18:30:00,26,25,0,0,51
2024-04-03 18:40:00,30,46,0,0,76
2024-04-03 18:50:00,26,38,0,0,64
2024-04-03 19:00:00,19,26,0,0,45
2024-04-03 19:10:00,25,33,0,0,58
2024-04-03 19:20:00,24,29,0,0,53
2024-04-03 19:30:00,31,28,0,0,59
2024-04-03 19:40:00,22,32,0,0,54
2024-04-03 19:50:00,22,28,0,0,50
2024-04-03 20:00:00,13,25,0,0,38
2024-04-03 20:10:00,17,18,0,0,35
2024-04-03 20:20:00,17,24,0,0,41
2024-04-03 20:30:00,13,18,0,0,31
2024-04-03 20:40:00,19,29,0,0,48
2024-04-03 20:50:00,13,26,0,0,39
2024-04-03 21:00:00,17,11,0,0,28
2024-04-03 21:10:00,24,19,0,0,43
2024-04-03 21:20:00,19,20,0,0,39
2024-04-03 21:30:00,12,14,0,0,26
2024-04-03 21:40:00,15,20,0,0,35
2024-04-03 21:50:00,16,15,0,0,31
2024-04-03 22:00:00,8,15,0,0,23
2024-04-03 22:10:00,11,20,0,0,31
2024-04-03 22:20:00,8,19,0,0,27
2024-04-03 22:30:00,10,18,0,0,28
2024-04-03 22:40:00,12,20,0,0,32
2024-04-03 22:50:00,11,14,0,0,25
2024-04-03 23:00:00,14,11,0,0,25
2024-04-03 23:10:00,9,12,0,0,21
2024-04-03 23:20:00,8,8,0,0,16
2024-04-03 23:30:00,9,15,0,0,24
2024-04-03 23:40:00,9,6,0,0,15
2024-04-03 23:50:00,6,8,0,0,14
2024-04-04 00:00:00,3,7,0,0,10
2024-04-04 00:10:00,5,9,0,0,14
2024-04-04 00:20:00,4,7,0,0,11
2024-04-04 00:30:00,2,9,0,0,11
2024-04-04 00:40:00,3,7,0,0,10
2024-04-04 00:50:00,2,3,0,0,5
2024-04-04 01:00:00,3,2,0,0,5
2024-04-04 01:10:00,4,6,0,0,10
2024-04-04 01:20:00,3,3,0,0,6
2024-04-04 01:30:00,2,3,0,0,5
2024-04-04 01:40:00,0,2,0,0,2
2024-04-04 01:50:00,0,2,0,0,2
2024-04-04 02:00:00,2,6,0,0,8
2024-04-04 02:10:00,2,4,0,0,6
2024-04-04 02:20:00,0,3,0,0,3
2024-04-04 02:30:00,1,3,0,0,4
2024-04-04 02:40:00,2,3,0,0,5
2024-04-04 02:50:00,0,5,0,0,5
2024-04-04 03:00:00,3,4,0,0,7
2024-04-04 03:10:00,0,1,0,0,1
2024-04-04 03:20:00,1,2,0,0,3
2024-04-04 03:30:00,0,4,0,0,4
2024-04-04 03:40:00,3,4,0,0,7
2024-04-04 03:50:00,2,5,0,0,7
2024-04-04 04:00:00,1,2,0,0,3
2024-04-04 04:10:00,3,4,0,0,7
2024-04-04 04:20:00,3,3,0,0,6
2024-04-04 04:30:00,3,6,0,0,9
2024-04-04 04:40:00,3,9,0,0,12
2024-04-04 04:50:00,4,3,0,0,7
2024-04-04 05:00:00,4,4,0,0,8
2024-04-04 05:10:00,8,6,0,0,14
2024-04-04 05:20:00,7,4,0,0,11
2024-04-04 05:30:00,8,8,0,0,16
2024-04-04 05:40:00,11,10,0,0,21
2024-04-04 05:50:00,13,18,0,0,31
2024-04-04 06:00:00,9,12,0,0,21
2024-04-04 06:10:00,14,17,0,0,31
2024-04-04 06:20:00,22,18,0,0,40
2024-04-04 06:30:00,17,9,0,0,26
2024-04-04 06:40:00,25,22,0,0,47
2024-04-04 06:50:00,28,23,0,0,51
2024-04-04 07:00:00,25,19,0,0,44
2024-04-04 07:10:00,28,23,0,0,51
2024-04-04 07:20:00,30,20,0,0,50
2024-04-04 07:30:00,34,24,0,0,58
2024-04-04 07:40:00,54,26,0,0,80
2024-04-04 07:50:00,36,22,0,0,58
2024-04-04 08:00:00,40,19,0,0,59
2024-04-04 08:10:00,35,29,0,0,64
2024-04-04 08:20:00,40,22,0,0,62
2024-04-04 08:30:00,48,27,0,0,75
2024-04-04 08:40:00,31,27,0,0,58
2024-04-04 08:50:00,40,27,0,0,67
2024-04-04 09:00:00,37,20,0,0,57
2024-04-04 09:10:00,36,29,0,0,65
2024-04-04 09:20:00,29,22,0,0,51
2024-04-04 09:30:00,35,19,0,0,54
2024-04-04 09:40:00,35,25,0,0,60
2024-04-04 09:50:00,42,29,0,0,71
2024-04-04 10:00:00,27,26,0,0,53
2024-04-04 10:10:00,35,25,0,0,60
2024-04-04 10:20:00,28,28,0,0,56
2024-04-04 10:30:00,41,34,0,0,75
2024-04-04 10:40:00,27,27,0,0,54
2024-04-04 10:50:00,37,29,0,0,66
2024-04-04 11:00:00,31,25,0,0,56
2024-04-04 11:10:00,26,28,0,0,54
2024-04-04 11:20:00,28,28,0,0,56
2024-04-04 11:30:00,30,23,0,0,53
2024-04-04 11:40:00,33,32,0,0,65
2024-04-04 11:50:00,36,41,0,0,77
2024-04-04 12:00:00,29,34,0,0,63
2024-04-04 12:10:00,37,32,0,0,69
2024-04-04 12:20:00,27,25,0,0,52
2024-04-04 12:30:00,35,28,0,0,63
2024-04-04 12:40:00,32,37,0,0,69
2024-04-04 12:50:00,28,23,0,0,51
2024-04-04 13:00:00,44,30,0,0,74
2024-04-04 13:10:00,33,30,0,0,63
2024-04-04 13:20:00,25,25,0,0,50
2024-04-04 13:30:00,24,33,0,0,57
2024-04-04 13:40:00,33,33,0,0,66
2024-04-04 13:50:00,34,30,0,0,64
2024-04-04 14:00:00,30,37,0,0,67
2024-04-04 14:10:00,22,30,0,0,52
2024-04-04 14:20:00,33,27,0,0,60
2024-04-04 14:30:00,41,40,0,0,81
2024-04-04 14:40:00,30,36,0,0,66
2024-04-04 14:50:00,34,31,0,0,65
2024-04-04 15:00:00,41,39,0,0,80
2024-04-04 15:10:00,35,30,0,0,65
2024-04-04 15:20:00,46,38,0,0,84
2024-04-04 15:30:00,31,40,0,0,71
2024-04-04 15:40:00,33,37,0,0,70
2024-04-04 15:50:00,38,45,0,0,83
2024-04-04 16:00:00,37,41,0,0,78
2024-04-04 16:10:00,36,32,0,0,68
2024-04-04 16:20:00,30,45,0,0,75
2024-04-04 16:30:00,26,42,0,0,68
2024-04-04 16:40:00,39,40,0,0,79
2024-04-04 16:50:00,34,41,0,0,75
2024-04-04 17:00:00,34,32,0,0,66
2024-04-04 17:10:00,21,41,0,0,62
2024-04-04 17:20:00,30,47,0,0,77
2024-04-04 17:30:00,27,36,0,0,63
2024-04-04 17:40:00,38,47,0,0,85
2024-04-04 17:50:00,34,39,0,0,73
2024-04-04 18:00:00,26,36,0,0,62
2024-04-04 18:10:00,26,32,0,0,58
2024-04-04 18:20:00,28,40,0,0,68
2024-04-04 18:30:00,25,29,0,0,54
2024-04-04 18:40:00,30,36,0,0,66
2024-04-04 18:50:00,27,30,0,0,57
2024-04-04 19:00:00,21,31,0,0,52
2024-04-04 19:10:00,33,23,0,0,56
2024-04-04 19:20:00,19,32,0,0,51
2024-04-04 19:30:00,31,33,0,0,64
2024-04-04 19:40:00,18,25,0,0,43
2024-04-04 19:50:00,29,27,0,0,56
2024-04-04 20:00:00,11,25,0,0,36
2024-04-04 20:10:00,14,26,0,0,40
2024-04-04 20:20:00,19,22,0,0,41
2024-04-04 20:30:00,14,18,0,0,32
2024-04-04 20:40:00,22,24,0,0,46
2024-04-04 20:50:00,18,26,0,0,44
2024-04-04 21:00:00,16,19,0,0,35
2024-04-04 21:10:00,17,21,0,0,38
2024-04-04 21:20:00,18,23,0,0,41
2024-04-04 21:30:00,17,21,0,0,38
2024-04-04 21:40:00,14,19,0,0,33
2024-04-04 21:50:00,19,17,0,0,36
2024-04-04 22:00:00,9,14,0,0,23
2024-04-04 22:10:00,14,20,0,0,34
2024-04-04 22:20:00,14,17,0,0,31
2024-04-04 22:30:00,10,15,0,0,25
2024-04-04 22:40:00,5,7,0,0,12
2024-04-04 22:50:00,5,15,0,0,20
2024-04-04 23:00:00,8,10,0,0,18
2024-04-04 23:10:00,6,9,0,0,15
2024-04-04 23:20:00,9,13,0,0,22
2024-04-04 23:30:00,9,10,0,0,19
2024-04-04 23:40:00,11,6,0,0,17
2024-04-04 23:50:00,6,12,0,0,18
2024-04-05 00:00:00,3,10,0,0,13
2024-04-05 00:10:00,5,8,0,0,13
2024-04-05 00:20:00,4,11,0,0,15
2024-04-05 00:30:00,8,6,0,0,14
2024-04-05 00:40:00,9,12,0,0,21
2024-04-05 00:50:00,4,4,0,0,8
2024-04-05 01:00:00,2,5,0,0,7
2024-04-05 01:10:00,4,4,0,0,8
2024-04-05 01:20:00,1,1,0,0,2
2024-04-05 01:30:00,1,2,0,0,3
2024-04-05 01:40:00,2,6,0,0,8
2024-04-05 01:50:00,1,1,0,0,2
2024-04-05 02:00:00,0,0,0,0,0
