datetime,V21Z,V22Z,V81Z,V82Z,V321Z,Total
2024-03-01 01:00:00,0,8,1,6,0,15
2024-03-01 01:10:00,0,4,0,4,0,8
2024-03-01 01:20:00,0,1,0,8,0,9
2024-03-01 01:30:00,0,8,1,4,0,13
2024-03-01 01:40:00,0,2,0,6,0,8
2024-03-01 01:50:00,0,4,0,10,0,14
2024-03-01 02:00:00,0,4,1,4,0,9
2024-03-01 02:10:00,0,2,1,2,0,5
2024-03-01 02:20:00,0,6,0,1,0,7
2024-03-01 02:30:00,0,5,0,0,0,5
2024-03-01 02:40:00,0,3,2,1,0,6
2024-03-01 02:50:00,0,1,0,2,0,3
2024-03-01 03:00:00,0,4,3,2,0,9
2024-03-01 03:10:00,0,5,0,1,0,6
2024-03-01 03:20:00,0,8,0,5,0,13
2024-03-01 03:30:00,1,2,3,10,0,16
2024-03-01 03:40:00,0,5,0,4,0,9
2024-03-01 03:50:00,0,3,0,1,0,4
2024-03-01 04:00:00,0,0,0,1,0,1
2024-03-01 04:10:00,0,4,0,5,0,9
2024-03-01 04:20:00,0,1,0,4,0,5
2024-03-01 04:30:00,0,8,1,14,0,23
2024-03-01 04:40:00,0,0,0,9,0,9
2024-03-01 04:50:00,0,7,2,13,0,22
2024-03-01 05:00:00,0,6,0,19,0,25
2024-03-01 05:10:00,0,8,1,21,0,30
2024-03-01 05:20:00,0,4,3,30,0,37
2024-03-01 05:30:00,0,13,6,48,0,67
2024-03-01 05:40:00,0,14,7,43,0,64
2024-03-01 05:50:00,0,13,9,53,0,75
2024-03-01 06:00:00,2,21,13,47,1,84
2024-03-01 06:10:00,30,20,21,49,0,120
2024-03-01 06:20:00,29,18,34,47,1,129
2024-03-01 06:30:00,33,27,37,43,0,140
2024-03-01 06:40:00,33,19,45,64,0,161
2024-03-01 06:50:00,33,25,49,58,2,167
2024-03-01 07:00:00,29,22,44,52,14,161
2024-03-01 07:10:00,12,23,51,52,3,141
2024-03-01 07:20:00,5,30,68,54,2,159
2024-03-01 07:30:00,2,27,71,81,4,185
2024-03-01 07:40:00,0,24,63,51,5,143
2024-03-01 07:50:00,6,42,65,58,2,173
2024-03-01 08:00:00,2,34,64,49,1,150
2024-03-01 08:10:00,3,29,66,45,5,148
2024-03-01 08:20:00,2,35,52,45,5,139
2024-03-01 08:30:00,5,27,40,64,5,141
2024-03-01 08:40:00,3,34,46,43,1,127
2024-03-01 08:50:00,2,44,58,45,3,152
2024-03-01 09:00:00,2,30,48,44,2,126
2024-03-01 09:10:00,2,32,43,70,2,149
2024-03-01 09:20:00,3,38,45,65,2,153
2024-03-01 09:30:00,4,23,27,48,1,103
2024-03-01 09:40:00,3,35,21,63,1,123
2024-03-01 09:50:00,4,28,24,50,5,111
2024-03-01 10:00:00,2,39,27,47,5,120
2024-03-01 10:10:00,3,32,28,48,1,112
2024-03-01 10:20:00,7,27,34,39,4,111
2024-03-01 10:30:00,6,36,32,59,4,137
2024-03-01 10:40:00,2,29,30,58,0,119
2024-03-01 10:50:00,6,37,35,46,0,124
2024-03-01 11:00:00,4,33,33,46,3,119
2024-03-01 11:10:00,2,35,31,59,0,127
2024-03-01 11:20:00,0,39,47,47,5,138
2024-03-01 11:30:00,2,35,27,67,1,132
2024-03-01 11:40:00,1,41,26,58,3,129
2024-03-01 11:50:00,4,48,18,51,1,122
2024-03-01 12:00:00,10,36,27,36,5,114
2024-03-01 12:10:00,6,39,20,53,2,120
2024-03-01 12:20:00,2,46,31,45,0,124
2024-03-01 12:30:00,6,39,28,38,5,116
2024-03-01 12:40:00,5,35,40,37,1,118
2024-03-01 12:50:00,12,32,39,27,3,113
2024-03-01 13:00:00,5,50,44,37,5,141
2024-03-01 13:10:00,8,35,31,40,1,115
2024-03-01 13:20:00,7,39,25,50,3,124
2024-03-01 13:30:00,13,37,21,34,1,106
2024-03-01 13:40:00,11,32,36,37,0,116
2024-03-01 13:50:00,11,39,30,40,3,123
2024-03-01 14:00:00,7,48,29,50,1,135
2024-03-01 14:10:00,8,43,22,40,5,118
2024-03-01 14:20:00,14,46,24,45,4,133
2024-03-01 14:30:00,10,45,31,55,0,141
2024-03-01 14:40:00,30,31,30,50,4,145
2024-03-01 14:50:00,24,47,14,47,1,133
2024-03-01 15:00:00,37,41,20,49,6,153
2024-03-01 15:10:00,51,35,17,56,0,159
2024-03-01 15:20:00,40,33,26,46,8,153
2024-03-01 15:30:00,39,26,26,67,4,162
2024-03-01 15:40:00,33,31,30,51,6,151
2024-03-01 15:50:00,49,35,23,47,10,164
2024-03-01 16:00:00,40,33,27,39,4,143
2024-03-01 16:10:00,38,36,35,43,5,157
2024-03-01 16:20:00,54,27,30,45,3,159
2024-03-01 16:30:00,48,33,25,35,5,146
2024-03-01 16:40:00,45,39,24,57,4,169
2024-03-01 16:50:00,46,29,21,43,5,144
2024-03-01 17:00:00,42,29,31,40,2,144
2024-03-01 17:10:00,53,31,32,56,2,174
2024-03-01 17:20:00,46,33,24,40,1,144
2024-03-01 17:30:00,36,27,23,47,3,136
2024-03-01 17:40:00,39,31,19,41,5,135
2024-03-01 17:50:00,38,28,22,45,1,134
2024-03-01 18:00:00,47,35,17,53,3,155
2024-03-01 18:10:00,44,25,21,61,3,154
2024-03-01 18:20:00,35,36,23,33,5,132
2024-03-01 18:30:00,56,26,27,60,2,171
2024-03-01 18:40:00,33,26,23,33,4,119
2024-03-01 18:50:00,35,20,12,55,4,126
2024-03-01 19:00:00,40,21,18,46,2,127
2024-03-01 19:10:00,32,26,15,51,1,125
2024-03-01 19:20:00,32,26,15,47,3,123
2024-03-01 19:30:00,8,30,14,50,1,103
2024-03-01 19:40:00,16,24,21,28,3,92
2024-03-01 19:50:00,4,23,6,41,0,74
2024-03-01 20:00:00,4,28,8,55,2,97
2024-03-01 20:10:00,7,28,9,50,1,95
2024-03-01 20:20:00,5,36,5,44,1,91
2024-03-01 20:30:00,5,24,8,38,1,76
2024-03-01 20:40:00,3,20,7,36,2,68
2024-03-01 20:50:00,2,37,3,32,1,75
2024-03-01 21:00:00,7,21,5,22,2,57
2024-03-01 21:10:00,4,26,8,32,1,71
2024-03-01 21:20:00,1,26,5,33,0,65
2024-03-01 21:30:00,35,23,10,30,2,100
2024-03-01 21:40:00,55,21,2,30,1,109
2024-03-01 21:50:00,46,27,1,38,0,112
2024-03-01 22:00:00,39,22,6,46,3,116
2024-03-01 22:10:00,40,24,2,30,2,98
2024-03-01 22:20:00,17,27,6,43,0,93
2024-03-01 22:30:00,0,21,5,30,1,57
2024-03-01 22:40:00,1,29,9,32,0,71
2024-03-01 22:50:00,1,25,2,28,0,56
2024-03-01 23:00:00,1,19,6,30,2,58
2024-03-01 23:10:00,1,29,3,41,1,75
2024-03-01 23:20:00,1,30,2,16,0,49
2024-03-01 23:30:00,1,12,2,23,0,38
2024-03-01 23:40:00,0,23,2,19,0,44
2024-03-01 23:50:00,0,21,3,18,1,43
2024-03-02 00:00:00,0,17,0,17,0,34
2024-03-02 00:10:00,0,18,2,18,0,38
2024-03-02 00:20:00,0,9,1,13,0,23
2024-03-02 00:30:00,0,19,1,17,0,37
2024-03-02 00:40:00,0,13,0,16,0,29
2024-03-02 00:50:00,0,15,2,10,0,27
2024-03-02 01:00:00,1,11,0,11,0,23
2024-03-02 01:10:00,0,10,0,12,0,22
2024-03-02 01:20:00,0,13,1,15,0,29
2024-03-02 01:30:00,0,15,0,15,0,30
2024-03-02 01:40:00,0,9,1,5,0,15
2024-03-02 01:50:00,0,12,1,5,0,18
2024-03-02 02:00:00,0,9,0,4,0,13
2024-03-02 02:10:00,0,11,1,3,0,15
2024-03-02 02:20:00,0,7,0,4,0,11
2024-03-02 02:30:00,0,12,1,6,0,19
2024-03-02 02:40:00,0,6,0,5,0,11
2024-03-02 02:50:00,1,8,1,5,0,15
2024-03-02 03:00:00,0,1,1,5,0,7
2024-03-02 03:10:00,0,10,1,11,0,22
2024-03-02 03:20:00,2,11,1,3,0,17
2024-03-02 03:30:00,1,7,0,4,0,12
2024-03-02 03:40:00,0,5,0,7,0,12
2024-03-02 03:50:00,0,2,0,8,0,10
2024-03-02 04:00:00,0,4,2,6,0,12
2024-03-02 04:10:00,0,5,1,8,2,16
2024-03-02 04:20:00,0,7,0,9,0,16
2024-03-02 04:30:00,0,1,0,6,0,7
2024-03-02 04:40:00,0,5,0,6,0,11
2024-03-02 04:50:00,0,2,5,15,0,22
2024-03-02 05:00:00,0,4,1,9,0,14
2024-03-02 05:10:00,0,4,1,12,0,17
2024-03-02 05:20:00,0,9,0,14,0,23
2024-03-02 05:30:00,0,3,1,29,0,33
2024-03-02 05:40:00,0,13,0,24,0,37
2024-03-02 05:50:00,0,10,0,13,0,23
2024-03-02 06:00:00,0,14,2,17,0,33
2024-03-02 06:10:00,0,12,5,15,0,32
2024-03-02 06:20:00,1,11,2,12,0,26
2024-03-02 06:30:00,1,8,1,22,0,32
2024-03-02 06:40:00,0,14,3,19,0,36
2024-03-02 06:50:00,0,11,1,15,0,27
2024-03-02 07:00:00,0,7,2,17,0,26
2024-03-02 07:10:00,2,13,5,21,0,41
2024-03-02 07:20:00,1,15,9,20,1,46
2024-03-02 07:30:00,0,20,10,31,0,61
2024-03-02 07:40:00,0,22,8,43,1,74
2024-03-02 07:50:00,2,20,5,38,0,65
2024-03-02 08:00:00,1,18,7,28,1,55
2024-03-02 08:10:00,0,20,6,37,2,65
2024-03-02 08:20:00,0,21,7,32,2,62
2024-03-02 08:30:00,1,19,7,48,0,75
2024-03-02 08:40:00,0,17,9,53,2,81
2024-03-02 08:50:00,0,22,19,60,2,103
2024-03-02 09:00:00,0,24,8,45,0,77
2024-03-02 09:10:00,0,21,21,43,3,88
2024-03-02 09:20:00,0,29,14,71,2,116
2024-03-02 09:30:00,2,26,16,54,1,99
2024-03-02 09:40:00,0,22,23,54,4,103
2024-03-02 09:50:00,1,38,21,59,1,120
2024-03-02 10:00:00,0,21,27,57,3,108
2024-03-02 10:10:00,0,36,19,54,2,111
2024-03-02 10:20:00,0,34,26,70,2,132
2024-03-02 10:30:00,0,26,21,78,2,127
2024-03-02 10:40:00,0,24,26,62,4,116
2024-03-02 10:50:00,1,31,33,44,6,115
2024-03-02 11:00:00,0,36,23,73,1,133
2024-03-02 11:10:00,0,40,21,55,4,120
2024-03-02 11:20:00,0,41,24,60,2,127
2024-03-02 11:30:00,0,49,28,52,5,134
2024-03-02 11:40:00,0,39,18,65,2,124
2024-03-02 11:50:00,4,34,29,52,2,121
2024-03-02 12:00:00,0,43,25,41,4,113
2024-03-02 12:10:00,0,32,23,59,4,118
2024-03-02 12:20:00,3,26,29,46,3,107
2024-03-02 12:30:00,1,46,34,68,1,150
2024-03-02 12:40:00,0,37,19,40,6,102
2024-03-02 12:50:00,1,45,12,33,2,93
2024-03-02 13:00:00,0,45,10,19,2,76
2024-03-02 13:10:00,0,43,4,38,7,92
2024-03-02 13:20:00,0,49,8,28,2,87
2024-03-02 13:30:00,3,33,7,26,4,73
2024-03-02 13:40:00,2,36,6,38,1,83
2024-03-02 13:50:00,1,34,5,31,3,74
2024-03-02 14:00:00,2,36,9,35,4,86
2024-03-02 14:10:00,0,33,23,41,8,105
2024-03-02 14:20:00,4,36,19,39,7,105
2024-03-02 14:30:00,2,37,19,46,6,110
2024-03-02 14:40:00,1,45,16,48,10,120
2024-03-02 14:50:00,6,41,13,28,5,93
2024-03-02 15:00:00,1,26,5,31,5,68
2024-03-02 15:10:00,1,44,25,73,9,152
2024-03-02 15:20:00,1,35,23,58,3,120
2024-03-02 15:30:00,0,35,17,78,1,131
2024-03-02 15:40:00,1,35,9,48,4,97
2024-03-02 15:50:00,1,33,15,46,3,98
2024-03-02 16:00:00,3,35,14,41,3,96
2024-03-02 16:10:00,1,34,19,46,2,102
2024-03-02 16:20:00,1,35,11,30,0,77
2024-03-02 16:30:00,4,42,22,50,6,124
2024-03-02 16:40:00,7,30,23,33,6,99
2024-03-02 16:50:00,4,32,15,54,2,107
2024-03-02 17:00:00,7,37,13,45,3,105
2024-03-02 17:10:00,2,40,17,58,2,119
2024-03-02 17:20:00,8,34,19,43,2,106
2024-03-02 17:30:00,6,39,17,41,1,104
2024-03-02 17:40:00,5,37,15,48,2,107
2024-03-02 17:50:00,7,46,31,48,3,135
2024-03-02 18:00:00,8,42,19,49,5,123
2024-03-02 18:10:00,3,25,12,50,3,93
2024-03-02 18:20:00,8,19,9,39,3,78
2024-03-02 18:30:00,17,23,11,46,3,100
2024-03-02 18:40:00,11,28,17,50,2,108
2024-03-02 18:50:00,9,24,28,37,4,102
2024-03-02 19:00:00,3,25,13,45,5,91
2024-03-02 19:10:00,4,25,12,45,2,88
2024-03-02 19:20:00,4,32,15,36,3,90
2024-03-02 19:30:00,6,25,17,51,2,101
2024-03-02 19:40:00,3,19,9,50,1,82
2024-03-02 19:50:00,2,33,13,41,3,92
2024-03-02 20:00:00,1,33,12,40,0,86
2024-03-02 20:10:00,5,27,2,43,1,78
2024-03-02 20:20:00,2,32,7,48,0,89
2024-03-02 20:30:00,3,21,6,42,3,75
2024-03-02 20:40:00,1,27,3,31,0,62
2024-03-02 20:50:00,1,23,3,37,2,66
2024-03-02 21:00:00,3,17,1,32,0,53
2024-03-02 21:10:00,6,23,4,30,4,67
2024-03-02 21:20:00,0,26,1,29,2,58
2024-03-02 21:30:00,0,25,1,34,1,61
2024-03-02 21:40:00,2,37,6,30,0,75
2024-03-02 21:50:00,1,19,4,35,1,60
2024-03-02 22:00:00,1,30,0,27,0,58
2024-03-02 22:10:00,1,23,4,30,1,59
2024-03-02 22:20:00,1,26,1,27,1,56
2024-03-02 22:30:00,1,20,3,32,0,56
2024-03-02 22:40:00,2,30,0,15,0,47
2024-03-02 22:50:00,2,21,2,38,0,63
2024-03-02 23:00:00,3,22,0,26,1,52
2024-03-02 23:10:00,1,29,2,24,0,56
2024-03-02 23:20:00,0,17,6,30,0,53
2024-03-02 23:30:00,1,22,2,22,0,47
2024-03-02 23:40:00,3,21,1,27,1,53
2024-03-02 23:50:00,1,20,5,19,0,45
2024-03-03 00:00:00,2,21,3,22,0,48
2024-03-03 00:10:00,3,21,5,20,0,49
2024-03-03 00:20:00,0,19,4,18,0,41
2024-03-03 00:30:00,2,18,1,21,0,42
2024-03-03 00:40:00,2,16,2,16,0,36
2024-03-03 00:50:00,1,11,0,15,0,27
2024-03-03 01:00:00,2,14,0,18,0,34
2024-03-03 01:10:00,0,12,6,17,0,35
2024-03-03 01:20:00,1,12,1,17,0,31
2024-03-03 01:30:00,0,13,0,20,0,33
2024-03-03 01:40:00,2,11,2,12,0,27
2024-03-03 01:50:00,0,8,3,11,0,22
2024-03-03 02:00:00,2,8,0,11,0,21
2024-03-03 02:10:00,1,10,0,7,0,18
2024-03-03 02:20:00,1,9,1,8,0,19
2024-03-03 02:30:00,0,9,0,8,0,17
2024-03-03 02:40:00,0,9,0,12,0,21
2024-03-03 02:50:00,0,10,1,2,0,13
2024-03-03 03:00:00,0,7,0,10,0,17
2024-03-03 03:10:00,0,5,1,11,0,17
2024-03-03 03:20:00,0,6,0,13,0,19
2024-03-03 03:30:00,0,9,2,5,0,16
2024-03-03 03:40:00,0,4,0,17,0,21
2024-03-03 03:50:00,1,6,1,7,0,15
2024-03-03 04:00:00,0,3,3,9,0,15
2024-03-03 04:10:00,0,5,0,6,0,11
2024-03-03 04:20:00,0,5,0,11,0,16
2024-03-03 04:30:00,0,8,0,6,0,14
2024-03-03 04:40:00,2,4,0,9,0,15
2024-03-03 04:50:00,0,4,3,15,0,22
2024-03-03 05:00:00,1,6,0,8,1,16
2024-03-03 05:10:00,0,7,0,14,0,21
2024-03-03 05:20:00,0,1,2,12,0,15
2024-03-03 05:30:00,0,7,1,9,0,17
2024-03-03 05:40:00,0,8,0,11,0,19
2024-03-03 05:50:00,0,11,1,9,0,21
2024-03-03 06:00:00,0,7,2,11,0,20
2024-03-03 06:10:00,1,6,0,15,0,22
2024-03-03 06:20:00,0,5,0,7,0,12
2024-03-03 06:30:00,0,7,0,7,0,14
2024-03-03 06:40:00,0,8,0,13,0,21
2024-03-03 06:50:00,0,7,0,11,0,18
2024-03-03 07:00:00,0,5,0,4,0,9
2024-03-03 07:10:00,0,4,0,5,0,9
2024-03-03 07:20:00,0,4,2,9,0,15
2024-03-03 07:30:00,1,13,3,15,0,32
2024-03-03 07:40:00,0,4,2,18,0,24
2024-03-03 07:50:00,0,7,6,16,0,29
2024-03-03 08:00:00,0,9,5,16,0,30
2024-03-03 08:10:00,0,10,3,12,1,26
2024-03-03 08:20:00,0,5,1,23,0,29
2024-03-03 08:30:00,0,9,4,20,3,36
2024-03-03 08:40:00,1,14,3,21,0,39
2024-03-03 08:50:00,0,17,2,33,1,53
2024-03-03 09:00:00,0,12,2,31,0,45
2024-03-03 09:10:00,1,22,2,24,2,51
2024-03-03 09:20:00,0,28,8,44,2,82
2024-03-03 09:30:00,1,22,5,41,3,72
2024-03-03 09:40:00,1,24,14,45,4,88
2024-03-03 09:50:00,3,21,13,40,5,82
2024-03-03 10:00:00,0,24,10,39,4,77
2024-03-03 10:10:00,0,23,7,52,0,82
2024-03-03 10:20:00,0,19,8,45,2,74
2024-03-03 10:30:00,0,22,9,39,3,73
2024-03-03 10:40:00,0,29,6,42,3,80
2024-03-03 10:50:00,0,32,11,49,1,93
2024-03-03 11:00:00,0,34,10,40,2,86
2024-03-03 11:10:00,0,26,7,39,1,73
2024-03-03 11:20:00,0,32,8,35,2,77
2024-03-03 11:30:00,0,27,16,43,1,87
2024-03-03 11:40:00,0,35,13,28,4,80
2024-03-03 11:50:00,2,31,9,49,3,94
2024-03-03 12:00:00,0,39,10,36,3,88
2024-03-03 12:10:00,0,28,13,42,4,87
2024-03-03 12:20:00,0,26,18,51,3,98
2024-03-03 12:30:00,0,40,12,36,1,89
2024-03-03 12:40:00,2,30,14,51,1,98
2024-03-03 12:50:00,2,35,18,38,2,95
2024-03-03 13:00:00,4,38,17,23,4,86
2024-03-03 13:10:00,6,49,9,33,2,99
2024-03-03 13:20:00,8,21,19,35,6,89
2024-03-03 13:30:00,3,43,16,51,2,115
2024-03-03 13:40:00,4,43,10,41,2,100
2024-03-03 13:50:00,4,31,10,46,6,97
2024-03-03 14:00:00,2,32,12,49,5,100
2024-03-03 14:10:00,6,28,15,46,2,97
2024-03-03 14:20:00,5,34,17,41,2,99
2024-03-03 14:30:00,5,44,12,54,3,118
2024-03-03 14:40:00,0,37,7,63,0,107
2024-03-03 14:50:00,7,38,18,57,3,123
2024-03-03 15:00:00,1,19,8,44,5,77
2024-03-03 15:10:00,3,44,16,45,1,109
2024-03-03 15:20:00,4,33,10,36,4,87
2024-03-03 15:30:00,3,28,15,51,2,99
2024-03-03 15:40:00,1,38,16,48,6,109
2024-03-03 15:50:00,7,28,17,35,3,90
2024-03-03 16:00:00,1,34,9,33,6,83
2024-03-03 16:10:00,2,34,21,52,2,111
2024-03-03 16:20:00,7,34,13,48,3,105
2024-03-03 16:30:00,3,29,10,45,4,91
2024-03-03 16:40:00,4,41,19,48,1,113
2024-03-03 16:50:00,3,32,16,55,0,106
2024-03-03 17:00:00,3,33,19,58,1,114
2024-03-03 17:10:00,3,31,20,39,4,97
2024-03-03 17:20:00,4,33,25,47,3,112
2024-03-03 17:30:00,7,38,13,55,4,117
2024-03-03 17:40:00,1,35,13,64,4,117
2024-03-03 17:50:00,1,32,10,40,4,87
2024-03-03 18:00:00,10,29,17,42,1,99
2024-03-03 18:10:00,1,28,14,46,0,89
2024-03-03 18:20:00,5,30,16,28,3,82
2024-03-03 18:30:00,4,25,14,34,2,79
2024-03-03 18:40:00,7,27,9,42,2,87
2024-03-03 18:50:00,5,28,10,38,1,82
2024-03-03 19:00:00,6,29,7,51,0,93
2024-03-03 19:10:00,6,33,8,48,1,96
2024-03-03 19:20:00,3,24,8,39,3,77
2024-03-03 19:30:00,1,27,5,49,2,84
2024-03-03 19:40:00,3,24,8,42,1,78
2024-03-03 19:50:00,5,28,4,34,4,75
2024-03-03 20:00:00,2,25,4,42,1,74
2024-03-03 20:10:00,5,29,3,36,3,76
2024-03-03 20:20:00,2,26,6,39,0,73
2024-03-03 20:30:00,0,29,6,35,3,73
2024-03-03 20:40:00,4,24,7,41,1,77
2024-03-03 20:50:00,1,17,6,26,1,51
2024-03-03 21:00:00,0,17,4,30,0,51
2024-03-03 21:10:00,0,27,6,44,0,77
2024-03-03 21:20:00,0,23,4,30,0,57
2024-03-03 21:30:00,0,22,4,25,0,51
2024-03-03 21:40:00,2,17,4,23,1,47
2024-03-03 21:50:00,1,21,2,23,2,49
2024-03-03 22:00:00,0,25,3,23,0,51
2024-03-03 22:10:00,1,25,3,21,1,51
2024-03-03 22:20:00,2,17,3,24,1,47
2024-03-03 22:30:00,0,18,5,23,0,46
2024-03-03 22:40:00,0,15,3,24,1,43
2024-03-03 22:50:00,0,19,1,10,0,30
2024-03-03 23:00:00,0,15,2,20,2,39
2024-03-03 23:10:00,0,18,7,15,0,40
2024-03-03 23:20:00,1,10,3,11,1,26
2024-03-03 23:30:00,0,9,6,8,0,23
2024-03-03 23:40:00,0,14,0,9,0,23
2024-03-03 23:50:00,0,6,1,7,0,14
2024-03-04 00:00:00,0,10,1,11,0,22
2024-03-04 00:10:00,0,7,1,8,0,16
2024-03-04 00:20:00,0,6,0,5,0,11
2024-03-04 00:30:00,0,4,3,8,0,15
2024-03-04 00:40:00,0,2,1,3,0,6
2024-03-04 00:50:00,0,3,0,9,0,12
2024-03-04 01:00:00,0,10,0,1,0,11
2024-03-04 01:10:00,0,3,1,4,0,8
2024-03-04 01:20:00,0,4,0,2,0,6
2024-03-04 01:30:00,0,3,1,3,0,7
2024-03-04 01:40:00,0,1,0,0,0,1
2024-03-04 01:50:00,0,2,0,3,0,5
2024-03-04 02:00:00,0,2,0,2,0,4
2024-03-04 02:10:00,0,3,0,2,0,5
2024-03-04 02:20:00,0,3,1,1,0,5
2024-03-04 02:30:00,5,5,1,4,0,15
2024-03-04 02:40:00,2,3,0,2,0,7
2024-03-04 02:50:00,1,4,1,0,0,6
2024-03-04 03:00:00,2,3,1,4,0,10
2024-03-04 03:10:00,3,4,1,2,0,10
2024-03-04 03:20:00,1,1,0,2,0,4
2024-03-04 03:30:00,0,0,1,4,0,5
2024-03-04 03:40:00,1,2,1,4,0,8
2024-03-04 03:50:00,1,1,0,3,0,5
2024-03-04 04:00:00,0,0,1,7,0,8
2024-03-04 04:10:00,1,4,0,3,0,8
2024-03-04 04:20:00,1,1,0,4,0,6
2024-03-04 04:30:00,5,4,0,10,0,19
2024-03-04 04:40:00,1,3,0,15,1,20
2024-03-04 04:50:00,4,3,1,14,0,22
2024-03-04 05:00:00,5,6,4,20,0,35
2024-03-04 05:10:00,9,12,1,19,0,41
2024-03-04 05:20:00,16,13,9,38,0,76
2024-03-04 05:30:00,11,7,10,53,0,81
2024-03-04 05:40:00,22,16,10,40,0,88
2024-03-04 05:50:00,20,21,21,47,0,109
2024-03-04 06:00:00,21,12,25,45,0,103
2024-03-04 06:10:00,38,25,30,47,0,140
2024-03-04 06:20:00,27,21,40,57,1,146
2024-03-04 06:30:00,21,21,44,57,0,143
2024-03-04 06:40:00,31,25,53,46,0,155
2024-03-04 06:50:00,4,27,56,54,1,142
2024-03-04 07:00:00,2,24,50,54,5,135
2024-03-04 07:10:00,1,27,37,58,1,124
2024-03-04 07:20:00,0,20,55,56,6,137
2024-03-04 07:30:00,0,20,46,43,5,114
2024-03-04 07:40:00,1,23,39,29,3,95
2024-03-04 07:50:00,4,23,53,49,2,131
2024-03-04 08:00:00,0,21,48,40,3,112
2024-03-04 08:10:00,1,21,51,53,3,129
2024-03-04 08:20:00,0,26,68,46,3,143
2024-03-04 08:30:00,3,36,41,52,4,136
2024-03-04 08:40:00,2,34,56,44,7,143
2024-03-04 08:50:00,2,28,42,43,4,119
2024-03-04 09:00:00,0,34,33,38,3,108
2024-03-04 09:10:00,5,28,38,47,4,122
2024-03-04 09:20:00,0,26,35,39,4,104
2024-03-04 09:30:00,0,36,48,45,3,132
2024-03-04 09:40:00,5,31,32,41,2,111
2024-03-04 09:50:00,2,32,36,43,6,119
2024-03-04 10:00:00,0,25,30,50,3,108
2024-03-04 10:10:00,1,44,28,41,3,117
2024-03-04 10:20:00,1,33,37,64,2,137
2024-03-04 10:30:00,8,33,32,58,1,132
2024-03-04 10:40:00,11,38,25,44,1,119
2024-03-04 10:50:00,3,42,33,47,3,128
2024-03-04 11:00:00,0,37,34,57,1,129
2024-03-04 11:10:00,1,33,22,72,3,131
2024-03-04 11:20:00,0,37,31,36,6,110
2024-03-04 11:30:00,15,34,27,37,3,116
2024-03-04 11:40:00,1,36,23,38,0,98
2024-03-04 11:50:00,0,30,28,62,2,122
2024-03-04 12:00:00,0,43,23,61,2,129
2024-03-04 12:10:00,1,33,22,52,1,109
2024-03-04 12:20:00,3,26,21,53,2,105
2024-03-04 12:30:00,1,35,34,50,2,122
2024-03-04 12:40:00,0,38,28,34,4,104
2024-03-04 12:50:00,1,32,30,37,6,106
2024-03-04 13:00:00,0,31,29,41,3,104
2024-03-04 13:10:00,0,36,21,51,3,111
2024-03-04 13:20:00,2,36,22,46,3,109
2024-03-04 13:30:00,3,39,24,46,1,113
2024-03-04 13:40:00,1,41,30,42,1,115
2024-03-04 13:50:00,3,48,23,44,3,121
2024-03-04 14:00:00,5,30,25,35,1,96
2024-03-04 14:10:00,12,36,30,45,8,131
2024-03-04 14:20:00,16,39,17,51,4,127
2024-03-04 14:30:00,13,29,30,53,2,127
2024-03-04 14:40:00,29,42,32,61,0,164
2024-03-04 14:50:00,27,51,18,55,0,151
2024-03-04 15:00:00,33,31,26,41,1,132
2024-03-04 15:10:00,53,41,35,43,5,177
2024-03-04 15:20:00,40,35,17,49,1,142
2024-03-04 15:30:00,51,29,33,45,4,162
2024-03-04 15:40:00,53,39,23,50,4,169
2024-03-04 15:50:00,49,37,26,49,3,164
2024-03-04 16:00:00,59,40,31,43,2,175
2024-03-04 16:10:00,53,44,37,37,3,174
2024-03-04 16:20:00,34,30,32,47,5,148
2024-03-04 16:30:00,64,35,18,57,1,175
2024-03-04 16:40:00,67,44,26,38,1,176
2024-03-04 16:50:00,59,33,27,36,7,162
2024-03-04 17:00:00,40,31,35,32,3,141
2024-03-04 17:10:00,61,33,40,28,7,169
2024-03-04 17:20:00,67,37,47,44,2,197
2024-03-04 17:30:00,66,26,29,33,5,159
2024-03-04 17:40:00,42,25,28,40,3,138
2024-03-04 17:50:00,48,32,31,35,4,150
2024-03-04 18:00:00,37,21,23,32,5,118
2024-03-04 18:10:00,56,26,24,42,4,152
2024-03-04 18:20:00,61,26,11,31,3,132
2024-03-04 18:30:00,37,29,11,43,3,123
2024-03-04 18:40:00,48,20,17,40,4,129
2024-03-04 18:50:00,39,20,22,41,3,125
2024-03-04 19:00:00,9,26,9,28,5,77
2024-03-04 19:10:00,3,34,8,40,1,86
2024-03-04 19:20:00,7,25,19,41,1,93
2024-03-04 19:30:00,8,25,8,47,3,91
2024-03-04 19:40:00,7,25,4,30,2,68
2024-03-04 19:50:00,2,21,7,32,1,63
2024-03-04 20:00:00,5,18,7,29,2,61
2024-03-04 20:10:00,5,27,5,31,2,70
2024-03-04 20:20:00,4,26,6,30,0,66
2024-03-04 20:30:00,3,28,4,26,0,61
2024-03-04 20:40:00,10,22,5,36,1,74
2024-03-04 20:50:00,1,33,7,30,0,71
2024-03-04 21:00:00,4,29,6,36,1,76
2024-03-04 21:10:00,5,31,10,21,1,68
2024-03-04 21:20:00,2,21,4,42,1,70
2024-03-04 21:30:00,4,24,2,34,1,65
2024-03-04 21:40:00,4,26,4,32,2,68
2024-03-04 21:50:00,5,24,2,24,0,55
2024-03-04 22:00:00,0,28,6,33,0,67
2024-03-04 22:10:00,0,17,1,26,1,45
2024-03-04 22:20:00,1,24,2,25,0,52
2024-03-04 22:30:00,2,19,3,18,0,42
2024-03-04 22:40:00,13,21,3,29,0,66
2024-03-04 22:50:00,17,13,2,14,0,46
2024-03-04 23:00:00,10,12,4,18,1,45
2024-03-04 23:10:00,23,18,2,10,0,53
2024-03-04 23:20:00,15,14,1,15,0,45
2024-03-04 23:30:00,12,9,0,15,0,36
2024-03-04 23:40:00,11,12,2,6,0,31
2024-03-04 23:50:00,11,14,1,6,1,33
2024-03-05 00:00:00,7,7,4,6,0,24
2024-03-05 00:10:00,8,6,1,6,0,21
2024-03-05 00:20:00,6,7,1,7,0,21
2024-03-05 00:30:00,4,4,0,3,0,11
2024-03-05 00:40:00,3,4,1,6,0,14
2024-03-05 00:50:00,2,2,0,4,0,8
2024-03-05 01:00:00,6,5,1,1,0,13
2024-03-05 01:10:00,9,8,1,1,0,19
2024-03-05 01:20:00,3,3,1,1,0,8
2024-03-05 01:30:00,4,4,0,6,0,14
2024-03-05 01:40:00,1,1,0,1,0,3
2024-03-05 01:50:00,0,0,0,2,0,2
2024-03-05 02:00:00,6,4,0,2,0,12
2024-03-05 02:10:00,1,1,0,1,0,3
2024-03-05 02:20:00,1,1,1,2,0,5
2024-03-05 02:30:00,2,2,0,1,0,5
2024-03-05 02:40:00,1,1,0,1,0,3
2024-03-05 02:50:00,2,2,0,0,0,4
2024-03-05 03:00:00,2,1,1,2,0,6
2024-03-05 03:10:00,2,2,1,3,0,8
2024-03-05 03:20:00,3,4,0,2,0,9
2024-03-05 03:30:00,3,2,0,1,0,6
2024-03-05 03:40:00,2,2,1,2,0,7
2024-03-05 03:50:00,3,3,2,4,0,12
2024-03-05 04:00:00,4,4,1,3,0,12
2024-03-05 04:10:00,2,3,0,4,0,9
2024-03-05 04:20:00,3,6,1,5,0,15
2024-03-05 04:30:00,2,2,1,11,0,16
2024-03-05 04:40:00,2,5,0,13,0,20
2024-03-05 04:50:00,6,6,1,13,0,26
2024-03-05 05:00:00,2,2,4,26,0,34
2024-03-05 05:10:00,7,8,1,28,0,44
2024-03-05 05:20:00,14,13,4,28,0,59
2024-03-05 05:30:00,15,9,5,41,0,70
2024-03-05 05:40:00,23,21,9,51,0,104
2024-03-05 05:50:00,14,14,15,46,0,89
2024-03-05 06:00:00,28,23,19,52,0,122
2024-03-05 06:10:00,28,20,30,42,2,122
2024-03-05 06:20:00,32,21,43,58,1,155
2024-03-05 06:30:00,37,28,43,63,0,171
2024-03-05 06:40:00,40,26,50,51,0,167
2024-03-05 06:50:00,22,24,49,36,5,136
2024-03-05 07:00:00,1,18,34,25,6,84
2024-03-05 07:10:00,1,25,48,58,1,133
2024-03-05 07:20:00,0,25,36,33,3,97
2024-03-05 07:30:00,4,17,26,35,11,93
2024-03-05 07:40:00,2,27,31,25,6,91
2024-03-05 07:50:00,5,28,40,33,2,108
2024-03-05 08:00:00,1,25,46,50,2,124
2024-03-05 08:10:00,4,29,51,54,4,142
2024-03-05 08:20:00,0,34,52,49,3,138
2024-03-05 08:30:00,1,27,55,63,3,149
2024-03-05 08:40:00,0,27,51,45,1,124
2024-03-05 08:50:00,3,26,45,38,5,117
2024-03-05 09:00:00,0,24,46,54,4,128
2024-03-05 09:10:00,2,31,51,60,2,146
2024-03-05 09:20:00,0,17,41,34,2,94
2024-03-05 09:30:00,2,27,36,59,2,126
2024-03-05 09:40:00,0,35,32,58,3,128
2024-03-05 09:50:00,2,33,28,53,2,118
2024-03-05 10:00:00,0,35,23,65,3,126
2024-03-05 10:10:00,0,31,38,59,2,130
2024-03-05 10:20:00,2,33,27,56,3,121
2024-03-05 10:30:00,1,35,30,62,2,130
2024-03-05 10:40:00,0,22,23,49,3,97
2024-03-05 10:50:00,2,30,27,62,1,122
2024-03-05 11:00:00,0,34,40,56,2,132
2024-03-05 11:10:00,1,43,20,57,2,123
2024-03-05 11:20:00,3,51,35,36,1,126
2024-03-05 11:30:00,1,33,25,73,2,134
2024-03-05 11:40:00,1,40,31,56,2,130
2024-03-05 11:50:00,1,30,27,45,1,104
2024-03-05 12:00:00,1,36,35,48,3,123
2024-03-05 12:10:00,1,37,25,51,0,114
2024-03-05 12:20:00,1,31,18,56,4,110
2024-03-05 12:30:00,3,25,29,36,6,99
2024-03-05 12:40:00,1,35,27,45,3,111
2024-03-05 12:50:00,1,54,36,49,5,145
2024-03-05 13:00:00,0,50,33,46,2,131
2024-03-05 13:10:00,1,33,21,39,2,96
2024-03-05 13:20:00,0,34,23,48,4,109
2024-03-05 13:30:00,5,35,20,46,3,109
2024-03-05 13:40:00,0,26,29,37,4,96
2024-03-05 13:50:00,0,38,25,56,3,122
2024-03-05 14:00:00,0,47,18,38,2,105
2024-03-05 14:10:00,3,37,35,52,2,129
2024-03-05 14:20:00,4,50,24,44,0,122
2024-03-05 14:30:00,9,33,32,39,4,117
2024-03-05 14:40:00,10,37,35,63,3,148
2024-03-05 14:50:00,18,44,29,52,1,144
2024-03-05 15:00:00,37,42,34,54,1,168
2024-03-05 15:10:00,46,24,39,46,1,156
2024-03-05 15:20:00,44,32,32,47,2,157
2024-03-05 15:30:00,60,35,45,47,1,188
2024-03-05 15:40:00,39,17,25,43,6,130
2024-03-05 15:50:00,54,39,25,68,0,186
2024-03-05 16:00:00,63,32,40,42,1,178
2024-03-05 16:10:00,81,46,34,49,6,216
2024-03-05 16:20:00,53,30,26,56,3,168
2024-03-05 16:30:00,67,30,34,51,2,184
2024-03-05 16:40:00,74,43,45,60,3,225
2024-03-05 16:50:00,49,22,43,30,5,149
2024-03-05 17:00:00,54,26,40,28,3,151
2024-03-05 17:10:00,57,31,32,48,4,172
2024-03-05 17:20:00,53,25,44,48,6,176
2024-03-05 17:30:00,50,46,35,62,1,194
2024-03-05 17:40:00,51,28,39,45,7,170
2024-03-05 17:50:00,66,35,39,48,4,192
2024-03-05 18:00:00,51,31,23,37,12,154
2024-03-05 18:10:00,49,25,25,44,5,148
2024-03-05 18:20:00,44,29,17,39,2,131
2024-03-05 18:30:00,64,35,28,39,3,169
2024-03-05 18:40:00,35,30,15,42,4,126
2024-03-05 18:50:00,30,23,15,61,6,135
2024-03-05 19:00:00,12,33,7,35,1,88
2024-03-05 19:10:00,10,33,22,36,4,105
2024-03-05 19:20:00,8,27,11,40,2,88
2024-03-05 19:30:00,6,22,7,43,0,78
2024-03-05 19:40:00,8,23,4,45,3,83
2024-03-05 19:50:00,7,21,8,45,1,82
2024-03-05 20:00:00,2,32,3,36,1,74
2024-03-05 20:10:00,6,26,2,32,1,67
2024-03-05 20:20:00,2,27,11,29,2,71
2024-03-05 20:30:00,8,25,2,47,2,84
2024-03-05 20:40:00,3,32,7,35,2,79
2024-03-05 20:50:00,4,24,2,30,1,61
2024-03-05 21:00:00,0,35,3,29,2,69
2024-03-05 21:10:00,1,17,2,26,0,46
2024-03-05 21:20:00,3,21,3,30,0,57
2024-03-05 21:30:00,3,26,2,32,1,64
2024-03-05 21:40:00,2,21,6,24,0,53
2024-03-05 21:50:00,3,24,2,26,1,56
2024-03-05 22:00:00,0,24,7,22,2,55
2024-03-05 22:10:00,0,15,3,35,0,53
2024-03-05 22:20:00,3,21,4,18,1,47
2024-03-05 22:30:00,2,28,4,21,0,55
2024-03-05 22:40:00,0,26,4,22,0,52
2024-03-05 22:50:00,5,21,1,17,0,44
2024-03-05 23:00:00,3,11,1,22,0,37
2024-03-05 23:10:00,0,19,5,15,0,39
2024-03-05 23:20:00,0,19,0,18,0,37
2024-03-05 23:30:00,0,11,1,14,0,26
2024-03-05 23:40:00,0,15,2,10,0,27
2024-03-05 23:50:00,0,9,4,8,1,22
2024-03-06 00:00:00,0,9,1,6,1,17
2024-03-06 00:10:00,0,1,1,10,0,12
2024-03-06 00:20:00,1,7,2,9,0,19
2024-03-06 00:30:00,1,8,2,18,0,29
2024-03-06 00:40:00,1,3,0,5,0,9
2024-03-06 00:50:00,0,7,3,10,0,20
2024-03-06 01:00:00,2,2,0,3,0,7
2024-03-06 01:10:00,1,4,0,6,0,11
2024-03-06 01:20:00,0,3,0,2,0,5
2024-03-06 01:30:00,1,4,1,4,0,10
2024-03-06 01:40:00,0,4,2,5,0,11
2024-03-06 01:50:00,0,2,1,6,0,9
2024-03-06 02:00:00,0,5,1,3,0,9
2024-03-06 02:10:00,0,2,0,0,0,2
2024-03-06 02:20:00,1,6,0,2,0,9
2024-03-06 02:30:00,2,5,0,0,0,7
2024-03-06 02:40:00,0,0,0,0,0,0
2024-03-06 02:50:00,0,4,0,1,0,5
2024-03-06 03:00:00,0,3,0,2,0,5
2024-03-06 03:10:00,0,1,0,2,0,3
2024-03-06 03:20:00,0,2,0,2,0,4
2024-03-06 03:30:00,0,3,2,2,0,7
2024-03-06 03:40:00,0,4,0,3,0,7
2024-03-06 03:50:00,0,4,4,4,0,12
2024-03-06 04:00:00,0,2,0,6,0,8
2024-03-06 04:10:00,0,5,0,5,0,10
2024-03-06 04:20:00,0,4,1,6,0,11
2024-03-06 04:30:00,0,0,1,11,0,12
2024-03-06 04:40:00,0,3,0,7,0,10
2024-03-06 04:50:00,0,3,0,13,0,16
2024-03-06 05:00:00,0,4,3,16,0,23
2024-03-06 05:10:00,0,8,1,33,1,43
2024-03-06 05:20:00,0,9,2,38,0,49
2024-03-06 05:30:00,0,18,15,44,1,78
2024-03-06 05:40:00,1,16,4,51,1,73
2024-03-06 05:50:00,0,16,16,49,0,81
2024-03-06 06:00:00,2,27,20,45,0,94
2024-03-06 06:10:00,5,21,35,45,0,106
2024-03-06 06:20:00,2,22,41,39,1,105
2024-03-06 06:30:00,0,18,44,46,1,109
2024-03-06 06:40:00,1,24,56,45,1,127
2024-03-06 06:50:00,4,22,50,49,2,127
2024-03-06 07:00:00,1,22,42,49,3,117
2024-03-06 07:10:00,1,27,54,50,2,134
2024-03-06 07:20:00,2,30,50,51,3,136
2024-03-06 07:30:00,2,20,48,42,9,121
2024-03-06 07:40:00,1,25,41,29,4,100
2024-03-06 07:50:00,0,39,59,27,1,126
2024-03-06 08:00:00,0,29,53,36,3,121
2024-03-06 08:10:00,5,20,50,43,1,119
2024-03-06 08:20:00,0,22,34,29,3,88
2024-03-06 08:30:00,1,16,51,42,1,111
2024-03-06 08:40:00,1,26,51,21,5,104
2024-03-06 08:50:00,4,32,42,39,2,119
2024-03-06 09:00:00,2,18,45,32,2,99
2024-03-06 09:10:00,0,37,41,46,4,128
2024-03-06 09:20:00,2,29,45,37,4,117
2024-03-06 09:30:00,1,29,29,42,3,104
2024-03-06 09:40:00,5,30,27,47,1,110
2024-03-06 09:50:00,0,33,16,47,5,101
2024-03-06 10:00:00,2,31,36,54,3,126
2024-03-06 10:10:00,3,34,21,44,3,105
2024-03-06 10:20:00,0,31,28,53,3,115
2024-03-06 10:30:00,3,30,18,60,2,113
2024-03-06 10:40:00,2,33,32,53,1,121
2024-03-06 10:50:00,1,25,34,49,3,112
2024-03-06 11:00:00,2,37,28,57,3,127
2024-03-06 11:10:00,2,37,21,39,2,101
2024-03-06 11:20:00,1,28,23,35,2,89
2024-03-06 11:30:00,3,40,26,38,1,108
2024-03-06 11:40:00,2,42,24,38,6,112
2024-03-06 11:50:00,0,30,15,30,4,79
2024-03-06 12:00:00,2,35,26,38,1,102
2024-03-06 12:10:00,2,49,28,45,2,126
2024-03-06 12:20:00,2,28,27,46,1,104
2024-03-06 12:30:00,3,37,32,42,3,117
2024-03-06 12:40:00,0,32,26,30,2,90
2024-03-06 12:50:00,1,38,34,29,3,105
2024-03-06 13:00:00,2,37,15,50,7,111
2024-03-06 13:10:00,6,37,31,38,4,116
2024-03-06 13:20:00,0,24,24,46,4,98
2024-03-06 13:30:00,1,28,22,43,1,95
2024-03-06 13:40:00,5,34,21,35,5,100
2024-03-06 13:50:00,1,41,21,45,11,119
2024-03-06 14:00:00,3,46,26,45,4,124
2024-03-06 14:10:00,3,27,28,37,3,98
2024-03-06 14:20:00,4,35,31,42,0,112
2024-03-06 14:30:00,2,45,32,46,1,126
2024-03-06 14:40:00,8,38,25,44,2,117
2024-03-06 14:50:00,8,33,29,33,5,108
2024-03-06 15:00:00,5,39,28,55,1,128
2024-03-06 15:10:00,19,36,36,23,5,119
2024-03-06 15:20:00,33,34,34,82,1,184
2024-03-06 15:30:00,37,45,24,44,2,152
2024-03-06 15:40:00,40,39,29,47,1,156
2024-03-06 15:50:00,51,27,33,36,2,149
2024-03-06 16:00:00,47,31,37,26,3,144
2024-03-06 16:10:00,55,31,37,42,4,169
2024-03-06 16:20:00,67,26,37,52,3,185
2024-03-06 16:30:00,46,22,39,28,6,141
2024-03-06 16:40:00,29,22,34,32,4,121
2024-03-06 16:50:00,52,27,33,58,3,173
2024-03-06 17:00:00,59,36,28,46,4,173
2024-03-06 17:10:00,54,28,42,50,3,177
2024-03-06 17:20:00,43,24,36,50,2,155
2024-03-06 17:30:00,55,31,31,40,4,161
2024-03-06 17:40:00,49,23,28,47,3,150
2024-03-06 17:50:00,58,28,34,44,4,168
2024-03-06 18:00:00,48,27,29,32,6,142
2024-03-06 18:10:00,56,28,40,46,5,175
2024-03-06 18:20:00,40,23,27,40,4,134
2024-03-06 18:30:00,40,31,33,26,4,134
2024-03-06 18:40:00,42,29,16,57,3,147
2024-03-06 18:50:00,22,25,20,48,6,121
2024-03-06 19:00:00,14,26,13,45,1,99
2024-03-06 19:10:00,3,36,14,35,4,92
2024-03-06 19:20:00,2,29,13,55,4,103
2024-03-06 19:30:00,11,32,18,50,1,112
2024-03-06 19:40:00,5,30,16,55,5,111
2024-03-06 19:50:00,6,32,3,38,2,81
2024-03-06 20:00:00,2,26,2,34,0,64
2024-03-06 20:10:00,6,30,5,32,2,75
2024-03-06 20:20:00,6,22,6,31,2,67
2024-03-06 20:30:00,2,23,7,40,3,75
2024-03-06 20:40:00,2,21,6,28,2,59
2024-03-06 20:50:00,5,31,2,32,2,72
2024-03-06 21:00:00,2,28,4,27,2,63
2024-03-06 21:10:00,2,34,1,39,1,77
2024-03-06 21:20:00,2,27,4,28,2,63
2024-03-06 21:30:00,2,34,3,34,2,75
2024-03-06 21:40:00,1,18,4,36,0,59
2024-03-06 21:50:00,5,24,3,22,1,55
2024-03-06 22:00:00,3,28,0,25,0,56
2024-03-06 22:10:00,0,27,4,30,0,61
2024-03-06 22:20:00,1,22,5,25,0,53
2024-03-06 22:30:00,2,23,5,23,0,53
2024-03-06 22:40:00,2,22,1,27,1,53
2024-03-06 22:50:00,0,17,3,21,0,41
2024-03-06 23:00:00,2,22,4,28,0,56
2024-03-06 23:10:00,5,21,3,23,0,52
2024-03-06 23:20:00,2,12,0,15,0,29
2024-03-06 23:30:00,2,12,1,13,0,28
2024-03-06 23:40:00,0,14,2,10,1,27
2024-03-06 23:50:00,0,9,1,11,0,21
2024-03-07 00:00:00,0,7,2,8,0,17
2024-03-07 00:10:00,0,12,1,11,0,24
2024-03-07 00:20:00,0,3,1,5,0,9
2024-03-07 00:30:00,0,7,1,9,0,17
2024-03-07 00:40:00,0,4,2,9,0,15
2024-03-07 00:50:00,0,5,0,7,0,12
2024-03-07 01:00:00,0,6,0,5,0,11
2024-03-07 01:10:00,0,2,0,4,0,6
2024-03-07 01:20:00,0,2,1,7,0,10
2024-03-07 01:30:00,0,4,0,3,0,7
2024-03-07 01:40:00,0,9,1,6,0,16
2024-03-07 01:50:00,0,0,0,3,0,3
2024-03-07 02:00:00,0,6,1,5,0,12
2024-03-07 02:10:00,0,0,0,2,0,2
2024-03-07 02:20:00,0,4,1,4,0,9
2024-03-07 02:30:00,0,4,0,2,0,6
2024-03-07 02:40:00,0,1,0,2,0,3
2024-03-07 02:50:00,0,3,0,1,0,4
2024-03-07 03:00:00,0,2,3,2,0,7
2024-03-07 03:10:00,0,3,1,1,0,5
2024-03-07 03:20:00,0,3,0,0,0,3
2024-03-07 03:30:00,0,3,0,1,0,4
2024-03-07 03:40:00,0,4,0,7,0,11
2024-03-07 03:50:00,0,1,1,3,0,5
2024-03-07 04:00:00,0,2,2,2,0,6
2024-03-07 04:10:00,0,3,0,8,0,11
2024-03-07 04:20:00,0,4,0,10,0,14
2024-03-07 04:30:00,0,4,1,8,0,13
2024-03-07 04:40:00,0,6,1,7,0,14
2024-03-07 04:50:00,1,4,0,10,0,15
2024-03-07 05:00:00,0,7,1,22,0,30
2024-03-07 05:10:00,0,9,1,27,1,38
2024-03-07 05:20:00,0,13,9,39,0,61
2024-03-07 05:30:00,0,16,6,42,1,65
2024-03-07 05:40:00,0,23,10,47,0,80
2024-03-07 05:50:00,0,7,12,51,0,70
2024-03-07 06:00:00,3,22,17,56,0,98
2024-03-07 06:10:00,2,22,27,44,0,95
2024-03-07 06:20:00,5,19,34,44,1,103
2024-03-07 06:30:00,2,17,30,54,2,105
2024-03-07 06:40:00,0,25,57,43,0,125
2024-03-07 06:50:00,1,20,39,64,3,127
2024-03-07 07:00:00,2,23,57,38,1,121
2024-03-07 07:10:00,1,21,39,45,3,109
2024-03-07 07:20:00,1,24,51,53,5,134
2024-03-07 07:30:00,3,33,66,42,5,149
2024-03-07 07:40:00,3,33,64,46,6,152
2024-03-07 07:50:00,8,23,46,39,3,119
2024-03-07 08:00:00,1,35,47,36,3,122
2024-03-07 08:10:00,5,32,49,33,2,121
2024-03-07 08:20:00,6,30,53,28,4,121
2024-03-07 08:30:00,7,25,52,29,1,114
2024-03-07 08:40:00,5,33,55,45,4,142
2024-03-07 08:50:00,3,30,54,32,0,119
2024-03-07 09:00:00,4,31,34,46,4,119
2024-03-07 09:10:00,3,33,39,44,3,122
2024-03-07 09:20:00,4,28,34,39,2,107
2024-03-07 09:30:00,3,38,23,53,5,122
2024-03-07 09:40:00,10,38,22,44,7,121
2024-03-07 09:50:00,2,35,25,46,5,113
2024-03-07 10:00:00,5,28,22,52,2,109
2024-03-07 10:10:00,0,30,21,46,4,101
2024-03-07 10:20:00,4,36,35,57,2,134
2024-03-07 10:30:00,2,45,12,62,1,122
2024-03-07 10:40:00,7,36,15,49,2,109
2024-03-07 10:50:00,5,35,21,49,2,112
2024-03-07 11:00:00,0,37,26,56,2,121
2024-03-07 11:10:00,4,33,24,53,2,116
2024-03-07 11:20:00,5,45,26,32,0,108
2024-03-07 11:30:00,5,41,24,43,5,118
2024-03-07 11:40:00,2,39,23,51,3,118
2024-03-07 11:50:00,8,37,34,45,5,129
2024-03-07 12:00:00,7,44,23,43,2,119
2024-03-07 12:10:00,3,41,19,42,2,107
2024-03-07 12:20:00,4,42,24,40,1,111
2024-03-07 12:30:00,6,42,25,45,4,122
2024-03-07 12:40:00,6,29,18,47,2,102
2024-03-07 12:50:00,1,44,26,35,5,111
2024-03-07 13:00:00,5,26,17,42,7,97
2024-03-07 13:10:00,3,33,23,40,3,102
2024-03-07 13:20:00,6,35,23,35,1,100
2024-03-07 13:30:00,3,36,29,36,5,109
2024-03-07 13:40:00,8,25,32,26,5,96
2024-03-07 13:50:00,9,40,28,48,4,129
2024-03-07 14:00:00,7,44,16,41,3,111
2024-03-07 14:10:00,6,35,20,48,2,111
2024-03-07 14:20:00,12,34,26,36,6,114
2024-03-07 14:30:00,10,42,25,39,2,118
2024-03-07 14:40:00,5,53,24,35,2,119
2024-03-07 14:50:00,12,47,32,47,3,141
2024-03-07 15:00:00,24,39,35,37,3,138
2024-03-07 15:10:00,26,49,31,49,2,157
2024-03-07 15:20:00,30,39,23,32,14,138
2024-03-07 15:30:00,15,33,34,55,2,139
2024-03-07 15:40:00,31,41,31,35,3,141
2024-03-07 15:50:00,48,35,27,41,6,157
2024-03-07 16:00:00,42,38,23,26,5,134
2024-03-07 16:10:00,58,34,34,34,3,163
2024-03-07 16:20:00,66,37,35,53,3,194
2024-03-07 16:30:00,58,22,32,45,8,165
2024-03-07 16:40:00,57,43,43,28,4,175
2024-03-07 16:50:00,67,31,31,58,6,193
2024-03-07 17:00:00,73,37,45,32,7,194
2024-03-07 17:10:00,46,38,30,39,4,157
2024-03-07 17:20:00,69,37,31,49,6,192
2024-03-07 17:30:00,51,30,43,41,3,168
2024-03-07 17:40:00,64,28,48,43,2,185
2024-03-07 17:50:00,51,29,41,49,6,176
2024-03-07 18:00:00,49,30,40,39,5,163
2024-03-07 18:10:00,55,27,28,53,5,168
2024-03-07 18:20:00,51,23,33,37,9,153
2024-03-07 18:30:00,61,27,28,34,6,156
2024-03-07 18:40:00,57,24,36,56,5,178
2024-03-07 18:50:00,46,20,20,37,7,130
2024-03-07 19:00:00,15,29,26,31,2,103
2024-03-07 19:10:00,7,26,17,42,6,98
2024-03-07 19:20:00,5,29,6,34,0,74
2024-03-07 19:30:00,3,27,16,30,3,79
2024-03-07 19:40:00,6,25,13,38,5,87
2024-03-07 19:50:00,10,26,9,38,2,85
2024-03-07 20:00:00,1,30,9,34,1,75
2024-03-07 20:10:00,2,26,3,32,1,64
2024-03-07 20:20:00,1,26,4,39,2,72
2024-03-07 20:30:00,1,18,5,30,4,58
2024-03-07 20:40:00,17,34,10,27,3,91
2024-03-07 20:50:00,39,30,5,40,1,115
2024-03-07 21:00:00,45,31,10,36,0,122
2024-03-07 21:10:00,49,30,8,32,2,121
2024-03-07 21:20:00,35,21,0,24,1,81
2024-03-07 21:30:00,29,18,5,32,3,87
2024-03-07 21:40:00,38,26,6,37,1,108
2024-03-07 21:50:00,28,22,4,28,0,82
2024-03-07 22:00:00,4,26,4,25,2,61
2024-03-07 22:10:00,0,22,9,20,0,51
2024-03-07 22:20:00,0,19,3,40,0,62
2024-03-07 22:30:00,5,28,4,32,0,69
2024-03-07 22:40:00,0,20,3,25,0,48
2024-03-07 22:50:00,0,18,12,37,0,67
2024-03-07 23:00:00,1,16,4,24,0,45
2024-03-07 23:10:00,0,16,3,9,0,28
2024-03-07 23:20:00,1,14,3,12,0,30
2024-03-07 23:30:00,1,9,1,20,0,31
2024-03-07 23:40:00,0,6,0,8,0,14
2024-03-07 23:50:00,1,8,4,10,0,23
2024-03-08 00:00:00,1,7,2,9,0,19
2024-03-08 00:10:00,0,12,0,10,0,22
2024-03-08 00:20:00,0,7,3,4,0,14
2024-03-08 00:30:00,0,10,1,5,0,16
2024-03-08 00:40:00,0,1,0,5,0,6
2024-03-08 00:50:00,0,7,1,5,0,13
2024-03-08 01:00:00,0,6,2,4,0,12
2024-03-08 01:10:00,0,6,1,3,0,10
2024-03-08 01:20:00,0,3,0,7,0,10
2024-03-08 01:30:00,0,6,2,5,0,13
2024-03-08 01:40:00,0,9,1,5,0,15
2024-03-08 01:50:00,0,6,1,5,0,12
2024-03-08 02:00:00,0,5,0,1,0,6
2024-03-08 02:10:00,0,1,1,2,0,4
2024-03-08 02:20:00,0,5,0,2,0,7
2024-03-08 02:30:00,0,1,2,4,0,7
2024-03-08 02:40:00,0,6,0,0,0,6
2024-03-08 02:50:00,0,1,3,3,0,7
2024-03-08 03:00:00,0,2,0,3,0,5
2024-03-08 03:10:00,0,4,1,2,0,7
2024-03-08 03:20:00,0,6,0,1,0,7
2024-03-08 03:30:00,0,0,0,4,0,4
2024-03-08 03:40:00,0,1,0,1,0,2
2024-03-08 03:50:00,0,3,1,7,0,11
2024-03-08 04:00:00,0,5,2,8,0,15
2024-03-08 04:10:00,0,3,0,5,0,8
2024-03-08 04:20:00,0,2,0,6,0,8
2024-03-08 04:30:00,0,7,5,18,0,30
2024-03-08 04:40:00,0,4,1,11,0,16
2024-03-08 04:50:00,0,5,0,14,0,19
2024-03-08 05:00:00,0,6,3,20,0,29
2024-03-08 05:10:00,0,7,1,27,0,35
2024-03-08 05:20:00,0,5,7,34,0,46
2024-03-08 05:30:00,1,10,10,42,0,63
2024-03-08 05:40:00,0,12,7,49,0,68
2024-03-08 05:50:00,1,15,22,51,0,89
2024-03-08 06:00:00,0,15,25,42,0,82
2024-03-08 06:10:00,6,21,28,40,0,95
2024-03-08 06:20:00,2,20,43,55,0,120
2024-03-08 06:30:00,2,26,49,55,0,132
2024-03-08 06:40:00,0,25,54,57,1,137
2024-03-08 06:50:00,2,16,33,55,1,107
2024-03-08 07:00:00,1,26,41,35,3,106
2024-03-08 07:10:00,8,18,39,47,2,114
2024-03-08 07:20:00,7,32,48,46,4,137
2024-03-08 07:30:00,3,35,53,25,6,122
2024-03-08 07:40:00,12,13,59,39,6,129
2024-03-08 07:50:00,5,30,47,53,2,137
2024-03-08 08:00:00,7,32,49,55,0,143
2024-03-08 08:10:00,11,24,42,53,1,131
2024-03-08 08:20:00,5,35,41,34,6,121
2024-03-08 08:30:00,4,39,50,47,0,140
2024-03-08 08:40:00,2,30,47,37,3,119
2024-03-08 08:50:00,1,28,58,34,4,125
2024-03-08 09:00:00,4,26,27,35,2,94
2024-03-08 09:10:00,3,29,35,54,3,124
2024-03-08 09:20:00,4,32,39,49,4,128
2024-03-08 09:30:00,3,43,34,34,1,115
2024-03-08 09:40:00,5,33,29,44,5,116
2024-03-08 09:50:00,17,47,30,40,0,134
2024-03-08 10:00:00,21,49,18,62,2,152
2024-03-08 10:10:00,7,46,21,31,5,110
2024-03-08 10:20:00,6,47,15,42,2,112
2024-03-08 10:30:00,4,39,15,48,1,107
2024-03-08 10:40:00,5,41,25,65,1,137
2024-03-08 10:50:00,3,39,26,50,1,119
2024-03-08 11:00:00,6,25,34,42,9,116
2024-03-08 11:10:00,7,26,32,49,1,115
2024-03-08 11:20:00,6,31,43,40,1,121
2024-03-08 11:30:00,7,32,38,42,4,123
2024-03-08 11:40:00,4,44,122,62,5,237
2024-03-08 11:50:00,1,42,26,40,2,111
2024-03-08 12:00:00,4,41,28,29,2,104
2024-03-08 12:10:00,4,56,31,47,2,140
2024-03-08 12:20:00,3,41,25,54,1,124
2024-03-08 12:30:00,8,25,27,40,4,104
2024-03-08 12:40:00,1,35,45,36,2,119
2024-03-08 12:50:00,1,32,23,57,1,114
2024-03-08 13:00:00,2,38,33,39,3,115
2024-03-08 13:10:00,2,39,38,56,1,136
2024-03-08 13:20:00,2,36,15,40,7,100
2024-03-08 13:30:00,0,39,36,37,2,114
2024-03-08 13:40:00,2,38,28,34,1,103
2024-03-08 13:50:00,1,39,21,31,2,94
2024-03-08 14:00:00,4,53,21,48,5,131
2024-03-08 14:10:00,16,42,25,35,2,120
2024-03-08 14:20:00,14,37,19,33,5,108
2024-03-08 14:30:00,13,42,27,34,1,117
2024-03-08 14:40:00,36,34,26,41,2,139
2024-03-08 14:50:00,20,33,28,31,3,115
2024-03-08 15:00:00,49,47,19,41,5,161
2024-03-08 15:10:00,50,38,31,41,2,162
2024-03-08 15:20:00,47,40,21,45,5,158
2024-03-08 15:30:00,58,39,19,65,4,185
2024-03-08 15:40:00,57,31,28,32,4,152
2024-03-08 15:50:00,55,34,31,50,2,172
2024-03-08 16:00:00,47,33,27,36,1,144
2024-03-08 16:10:00,53,31,33,58,3,178
2024-03-08 16:20:00,42,28,37,51,4,162
2024-03-08 16:30:00,46,33,40,40,7,166
2024-03-08 16:40:00,44,36,42,49,3,174
2024-03-08 16:50:00,41,30,30,42,1,144
2024-03-08 17:00:00,42,33,37,76,3,191
2024-03-08 17:10:00,51,29,35,54,1,170
2024-03-08 17:20:00,51,40,31,55,2,179
2024-03-08 17:30:00,40,27,31,51,3,152
2024-03-08 17:40:00,41,24,35,64,5,169
2024-03-08 17:50:00,34,23,28,46,4,135
2024-03-08 18:00:00,46,31,42,47,2,168
2024-03-08 18:10:00,39,29,39,44,5,156
2024-03-08 18:20:00,46,26,25,47,1,145
2024-03-08 18:30:00,50,29,28,37,4,148
2024-03-08 18:40:00,44,20,11,48,2,125
2024-03-08 18:50:00,47,32,24,53,3,159
2024-03-08 19:00:00,18,23,15,37,1,94
2024-03-08 19:10:00,9,29,14,35,5,92
2024-03-08 19:20:00,3,30,14,60,2,109
2024-03-08 19:30:00,5,22,16,64,3,110
2024-03-08 19:40:00,3,31,17,42,2,95
2024-03-08 19:50:00,4,24,15,41,2,86
2024-03-08 20:00:00,5,33,11,36,4,89
2024-03-08 20:10:00,7,38,12,46,1,104
2024-03-08 20:20:00,2,28,12,48,2,92
2024-03-08 20:30:00,1,31,5,42,1,80
2024-03-08 20:40:00,3,26,1,42,1,73
2024-03-08 20:50:00,6,33,7,36,2,84
2024-03-08 21:00:00,3,29,3,43,0,78
2024-03-08 21:10:00,1,27,7,37,0,72
2024-03-08 21:20:00,1,24,1,32,0,58
2024-03-08 21:30:00,5,26,6,37,1,75
2024-03-08 21:40:00,5,25,3,29,2,64
2024-03-08 21:50:00,8,22,6,40,0,76
2024-03-08 22:00:00,2,30,9,31,1,73
2024-03-08 22:10:00,6,29,6,32,3,76
2024-03-08 22:20:00,7,26,3,32,0,68
2024-03-08 22:30:00,2,29,2,27,0,60
2024-03-08 22:40:00,2,36,2,27,1,68
2024-03-08 22:50:00,1,21,3,36,2,63
2024-03-08 23:00:00,1,29,2,32,2,66
2024-03-08 23:10:00,1,27,1,37,0,66
2024-03-08 23:20:00,1,27,6,26,0,60
2024-03-08 23:30:00,0,24,1,17,0,42
2024-03-08 23:40:00,1,24,0,25,0,50
2024-03-08 23:50:00,1,23,0,14,0,38
2024-03-09 00:00:00,1,12,0,17,0,30
2024-03-09 00:10:00,0,18,0,17,0,35
2024-03-09 00:20:00,0,23,1,23,0,47
2024-03-09 00:30:00,0,13,0,13,0,26
2024-03-09 00:40:00,0,9,1,19,0,29
2024-03-09 00:50:00,0,12,1,19,0,32
2024-03-09 01:00:00,0,13,1,19,0,33
2024-03-09 01:10:00,1,15,1,16,0,33
2024-03-09 01:20:00,3,5,0,13,0,21
2024-03-09 01:30:00,1,18,0,10,0,29
2024-03-09 01:40:00,0,15,0,9,0,24
2024-03-09 01:50:00,0,15,0,7,1,23
2024-03-09 02:00:00,0,10,2,9,0,21
2024-03-09 02:10:00,0,7,0,7,0,14
2024-03-09 02:20:00,0,7,0,7,0,14
2024-03-09 02:30:00,0,2,0,9,0,11
2024-03-09 02:40:00,0,10,2,4,0,16
2024-03-09 02:50:00,1,12,0,4,0,17
2024-03-09 03:00:00,1,8,0,5,0,14
2024-03-09 03:10:00,0,7,0,4,0,11
2024-03-09 03:20:00,0,7,0,7,0,14
2024-03-09 03:30:00,0,3,1,6,0,10
2024-03-09 03:40:00,0,3,1,5,0,9
2024-03-09 03:50:00,0,5,1,5,0,11
2024-03-09 04:00:00,0,4,0,5,0,9
2024-03-09 04:10:00,0,0,1,8,0,9
2024-03-09 04:20:00,1,6,0,4,0,11
2024-03-09 04:30:00,0,2,1,5,0,8
2024-03-09 04:40:00,0,10,0,11,0,21
2024-03-09 04:50:00,0,8,0,14,0,22
2024-03-09 05:00:00,0,5,1,12,0,18
2024-03-09 05:10:00,2,8,1,14,0,25
2024-03-09 05:20:00,1,4,1,17,0,23
2024-03-09 05:30:00,2,8,3,18,0,31
2024-03-09 05:40:00,0,10,0,15,1,26
2024-03-09 05:50:00,0,9,0,13,0,22
2024-03-09 06:00:00,2,9,0,10,0,21
2024-03-09 06:10:00,0,16,3,21,0,40
2024-03-09 06:20:00,5,9,1,18,0,33
2024-03-09 06:30:00,2,14,3,23,0,42
2024-03-09 06:40:00,0,17,5,33,0,55
2024-03-09 06:50:00,0,17,3,14,0,34
2024-03-09 07:00:00,1,16,1,26,0,44
2024-03-09 07:10:00,0,10,2,16,0,28
2024-03-09 07:20:00,1,17,6,39,3,66
2024-03-09 07:30:00,2,21,3,26,0,52
2024-03-09 07:40:00,0,14,10,48,1,73
2024-03-09 07:50:00,1,24,6,51,0,82
2024-03-09 08:00:00,1,17,6,32,0,56
2024-03-09 08:10:00,2,21,5,31,0,59
2024-03-09 08:20:00,0,14,6,39,2,61
2024-03-09 08:30:00,5,20,1,43,3,72
2024-03-09 08:40:00,1,26,7,48,0,82
2024-03-09 08:50:00,5,33,5,37,1,81
2024-03-09 09:00:00,0,23,4,62,0,89
2024-03-09 09:10:00,5,37,8,48,2,100
2024-03-09 09:20:00,2,35,9,62,2,110
2024-03-09 09:30:00,2,25,12,59,3,101
2024-03-09 09:40:00,7,38,15,35,4,99
2024-03-09 09:50:00,5,24,16,74,2,121
2024-03-09 10:00:00,9,30,11,55,1,106
2024-03-09 10:10:00,4,42,10,68,2,126
2024-03-09 10:20:00,2,43,13,65,1,124
2024-03-09 10:30:00,5,44,7,71,2,129
2024-03-09 10:40:00,5,41,21,64,5,136
2024-03-09 10:50:00,5,37,17,69,1,129
2024-03-09 11:00:00,7,34,16,48,3,108
2024-03-09 11:10:00,2,37,35,52,2,128
2024-03-09 11:20:00,5,51,33,45,3,137
2024-03-09 11:30:00,4,45,20,52,3,124
2024-03-09 11:40:00,2,41,27,42,4,116
2024-03-09 11:50:00,7,52,31,53,1,144
2024-03-09 12:00:00,4,28,24,61,3,120
2024-03-09 12:10:00,4,40,23,59,0,126
2024-03-09 12:20:00,3,50,32,59,4,148
2024-03-09 12:30:00,8,38,24,52,1,123
2024-03-09 12:40:00,14,51,28,49,4,146
2024-03-09 12:50:00,2,38,25,52,5,122
2024-03-09 13:00:00,3,46,19,53,4,125
2024-03-09 13:10:00,9,53,16,49,4,131
2024-03-09 13:20:00,6,47,27,43,4,127
2024-03-09 13:30:00,5,43,17,61,1,127
2024-03-09 13:40:00,7,41,32,50,4,134
2024-03-09 13:50:00,5,34,15,52,4,110
2024-03-09 14:00:00,7,36,31,47,9,130
2024-03-09 14:10:00,9,41,18,48,7,123
2024-03-09 14:20:00,8,44,35,54,3,144
2024-03-09 14:30:00,9,40,24,48,2,123
2024-03-09 14:40:00,5,34,24,63,1,127
2024-03-09 14:50:00,0,33,26,57,1,117
2024-03-09 15:00:00,0,44,19,58,2,123
2024-03-09 15:10:00,2,42,25,57,4,130
2024-03-09 15:20:00,2,38,20,55,1,116
2024-03-09 15:30:00,4,37,16,58,2,117
2024-03-09 15:40:00,3,43,19,45,5,115
2024-03-09 15:50:00,5,29,15,51,2,102
2024-03-09 16:00:00,2,37,17,51,8,115
2024-03-09 16:10:00,3,36,18,54,3,114
2024-03-09 16:20:00,1,30,19,46,6,102
2024-03-09 16:30:00,0,24,24,44,2,94
2024-03-09 16:40:00,1,39,24,53,3,120
2024-03-09 16:50:00,2,37,16,57,1,113
2024-03-09 17:00:00,2,38,25,39,4,108
2024-03-09 17:10:00,4,39,23,44,0,110
2024-03-09 17:20:00,1,38,20,74,1,134
2024-03-09 17:30:00,1,39,23,47,4,114
2024-03-09 17:40:00,4,38,22,49,1,114
2024-03-09 17:50:00,3,31,18,58,3,113
2024-03-09 18:00:00,0,44,25,56,1,126
2024-03-09 18:10:00,1,32,22,48,3,106
2024-03-09 18:20:00,2,26,14,40,1,83
2024-03-09 18:30:00,4,20,29,48,0,101
2024-03-09 18:40:00,4,19,15,53,4,95
2024-03-09 18:50:00,4,29,14,51,3,101
2024-03-09 19:00:00,1,33,13,53,2,102
2024-03-09 19:10:00,2,26,17,58,2,105
2024-03-09 19:20:00,1,25,6,37,3,72
2024-03-09 19:30:00,3,29,14,41,2,89
2024-03-09 19:40:00,3,24,11,39,5,82
2024-03-09 19:50:00,4,22,5,42,2,75
2024-03-09 20:00:00,7,26,12,45,0,90
2024-03-09 20:10:00,3,22,10,35,3,73
2024-03-09 20:20:00,4,28,5,30,1,68
2024-03-09 20:30:00,5,25,7,46,2,85
2024-03-09 20:40:00,0,28,7,41,2,78
2024-03-09 20:50:00,2,22,2,39,0,65
2024-03-09 21:00:00,4,26,11,37,3,81
2024-03-09 21:10:00,0,21,5,28,4,58
2024-03-09 21:20:00,3,26,2,22,2,55
2024-03-09 21:30:00,1,16,4,35,2,58
2024-03-09 21:40:00,3,22,10,36,1,72
2024-03-09 21:50:00,0,19,4,40,2,65
2024-03-09 22:00:00,1,22,4,38,1,66
2024-03-09 22:10:00,2,25,6,38,1,72
2024-03-09 22:20:00,2,32,1,25,0,60
2024-03-09 22:30:00,0,27,3,30,1,61
2024-03-09 22:40:00,1,33,4,29,0,67
2024-03-09 22:50:00,5,22,3,32,1,63
2024-03-09 23:00:00,3,26,3,26,0,58
2024-03-09 23:10:00,1,26,3,26,0,56
2024-03-09 23:20:00,0,19,4,30,0,53
2024-03-09 23:30:00,0,19,4,26,1,50
2024-03-09 23:40:00,0,24,6,28,0,58
2024-03-09 23:50:00,0,22,2,15,0,39
2024-03-10 00:00:00,0,12,2,25,0,39
2024-03-10 00:10:00,1,22,3,17,0,43
2024-03-10 00:20:00,3,20,3,15,0,41
2024-03-10 00:30:00,0,14,3,22,0,39
2024-03-10 00:40:00,0,10,1,21,0,32
2024-03-10 00:50:00,0,14,3,20,0,37
2024-03-10 01:00:00,0,18,1,19,0,38
2024-03-10 01:10:00,1,15,0,18,0,34
2024-03-10 01:20:00,0,14,0,15,0,29
2024-03-10 01:30:00,0,14,1,10,0,25
2024-03-10 01:40:00,0,14,0,20,0,34
2024-03-10 01:50:00,0,14,1,12,0,27
2024-03-10 02:00:00,0,4,1,10,0,15
2024-03-10 02:10:00,0,6,2,15,0,23
2024-03-10 02:20:00,0,7,1,10,0,18
2024-03-10 02:30:00,1,13,2,6,1,23
2024-03-10 02:40:00,0,6,1,10,0,17
2024-03-10 02:50:00,0,5,0,7,0,12
2024-03-10 03:00:00,0,5,0,6,0,11
2024-03-10 03:10:00,0,8,1,5,0,14
2024-03-10 03:20:00,0,6,1,0,0,7
2024-03-10 03:30:00,0,3,0,11,0,14
2024-03-10 03:40:00,0,11,1,7,0,19
2024-03-10 03:50:00,0,5,0,13,0,18
2024-03-10 04:00:00,0,5,0,2,0,7
2024-03-10 04:10:00,0,2,0,12,0,14
2024-03-10 04:20:00,0,10,0,11,0,21
2024-03-10 04:30:00,0,1,0,6,0,7
2024-03-10 04:40:00,0,1,0,8,0,9
2024-03-10 04:50:00,0,2,1,13,0,16
2024-03-10 05:00:00,0,3,1,1,0,5
2024-03-10 05:10:00,0,2,0,13,0,15
2024-03-10 05:20:00,0,6,1,16,0,23
2024-03-10 05:30:00,1,9,1,14,0,25
2024-03-10 05:40:00,0,7,0,9,0,16
2024-03-10 05:50:00,0,11,1,10,0,22
2024-03-10 06:00:00,0,10,0,7,0,17
2024-03-10 06:10:00,0,5,0,7,0,12
2024-03-10 06:20:00,0,9,0,16,0,25
2024-03-10 06:30:00,0,10,0,8,0,18
2024-03-10 06:40:00,0,13,0,5,0,18
2024-03-10 06:50:00,0,7,0,5,0,12
2024-03-10 07:00:00,0,8,2,6,0,16
2024-03-10 07:10:00,0,9,1,10,0,20
2024-03-10 07:20:00,0,11,1,10,0,22
2024-03-10 07:30:00,0,8,4,27,0,39
2024-03-10 07:40:00,0,7,3,21,0,31
2024-03-10 07:50:00,0,3,1,21,0,25
2024-03-10 08:00:00,0,5,2,15,0,22
2024-03-10 08:10:00,1,10,3,25,0,39
2024-03-10 08:20:00,0,8,1,21,1,31
2024-03-10 08:30:00,0,11,1,19,1,32
2024-03-10 08:40:00,0,13,5,29,1,48
2024-03-10 08:50:00,1,11,2,26,0,40
2024-03-10 09:00:00,0,15,4,21,0,40
2024-03-10 09:10:00,4,21,7,40,0,72
2024-03-10 09:20:00,2,17,6,39,2,66
2024-03-10 09:30:00,1,17,10,42,2,72
2024-03-10 09:40:00,0,19,10,44,1,74
2024-03-10 09:50:00,2,20,12,50,8,92
2024-03-10 10:00:00,1,25,11,44,2,83
2024-03-10 10:10:00,6,26,21,39,2,94
2024-03-10 10:20:00,2,20,12,47,5,86
2024-03-10 10:30:00,3,26,8,42,1,80
2024-03-10 10:40:00,1,31,11,55,0,98
2024-03-10 10:50:00,3,23,8,44,0,78
2024-03-10 11:00:00,1,22,7,47,1,78
2024-03-10 11:10:00,0,36,7,36,1,80
2024-03-10 11:20:00,0,19,14,54,2,89
2024-03-10 11:30:00,1,36,15,50,3,105
2024-03-10 11:40:00,0,21,7,42,0,70
2024-03-10 11:50:00,1,29,14,36,0,80
2024-03-10 12:00:00,0,21,13,52,1,87
2024-03-10 12:10:00,1,29,23,50,2,105
2024-03-10 12:20:00,0,41,14,51,1,107
2024-03-10 12:30:00,0,42,9,45,2,98
2024-03-10 12:40:00,0,39,6,52,1,98
2024-03-10 12:50:00,0,32,9,54,1,96
2024-03-10 13:00:00,0,29,7,42,1,79
2024-03-10 13:10:00,0,29,19,43,3,94
2024-03-10 13:20:00,0,38,12,62,2,114
2024-03-10 13:30:00,0,30,24,49,3,106
2024-03-10 13:40:00,0,27,15,55,5,102
2024-03-10 13:50:00,0,30,23,49,6,108
2024-03-10 14:00:00,0,41,20,44,2,107
2024-03-10 14:10:00,0,37,10,57,5,109
2024-03-10 14:20:00,0,39,16,40,5,100
2024-03-10 14:30:00,0,32,25,58,5,120
2024-03-10 14:40:00,0,38,14,50,2,104
2024-03-10 14:50:00,0,30,15,41,0,86
2024-03-10 15:00:00,1,42,9,46,2,100
2024-03-10 15:10:00,0,38,13,37,2,90
2024-03-10 15:20:00,0,38,14,52,4,108
2024-03-10 15:30:00,0,28,9,46,3,86
2024-03-10 15:40:00,2,42,20,53,2,119
2024-03-10 15:50:00,0,43,13,58,0,114
2024-03-10 16:00:00,0,34,22,42,2,100
2024-03-10 16:10:00,1,34,19,55,2,111
2024-03-10 16:20:00,0,34,14,50,2,100
2024-03-10 16:30:00,4,28,28,44,5,109
2024-03-10 16:40:00,0,32,20,56,3,111
2024-03-10 16:50:00,2,36,19,48,3,108
2024-03-10 17:00:00,0,33,11,53,2,99
2024-03-10 17:10:00,0,36,34,66,1,137
2024-03-10 17:20:00,1,30,15,54,1,101
2024-03-10 17:30:00,0,40,22,53,1,116
2024-03-10 17:40:00,0,39,18,72,0,129
2024-03-10 17:50:00,0,26,15,55,3,99
2024-03-10 18:00:00,0,29,15,58,5,107
2024-03-10 18:10:00,2,28,6,53,2,91
2024-03-10 18:20:00,8,23,15,47,0,93
2024-03-10 18:30:00,28,21,9,57,2,117
2024-03-10 18:40:00,28,25,14,35,4,106
2024-03-10 18:50:00,8,27,3,46,0,84
2024-03-10 19:00:00,3,25,11,40,2,81
2024-03-10 19:10:00,3,23,10,32,0,68
2024-03-10 19:20:00,2,26,11,36,4,79
2024-03-10 19:30:00,0,21,13,46,0,80
2024-03-10 19:40:00,4,25,12,46,1,88
2024-03-10 19:50:00,2,18,7,48,0,75
2024-03-10 20:00:00,5,26,2,33,1,67
2024-03-10 20:10:00,0,22,8,55,2,87
2024-03-10 20:20:00,5,31,5,38,0,79
2024-03-10 20:30:00,1,26,4,29,1,61
2024-03-10 20:40:00,4,29,3,23,0,59
2024-03-10 20:50:00,8,23,3,38,0,72
2024-03-10 21:00:00,5,26,1,38,0,70
2024-03-10 21:10:00,0,22,1,27,0,50
2024-03-10 21:20:00,0,27,5,26,1,59
2024-03-10 21:30:00,2,29,3,22,2,58
2024-03-10 21:40:00,2,23,2,28,0,55
2024-03-10 21:50:00,0,20,1,22,1,44
2024-03-10 22:00:00,3,21,5,26,1,56
2024-03-10 22:10:00,1,11,4,26,0,42
2024-03-10 22:20:00,1,18,4,23,0,46
2024-03-10 22:30:00,1,11,0,14,0,26
2024-03-10 22:40:00,0,13,5,16,0,34
2024-03-10 22:50:00,0,12,6,13,0,31
2024-03-10 23:00:00,0,15,7,19,0,41
2024-03-10 23:10:00,0,13,8,14,0,35
2024-03-10 23:20:00,0,7,7,13,0,27
2024-03-10 23:30:00,1,7,4,7,0,19
2024-03-10 23:40:00,0,12,0,6,0,18
2024-03-10 23:50:00,0,9,2,10,0,21
2024-03-11 00:00:00,0,3,0,3,0,6
2024-03-11 00:10:00,0,10,5,12,0,27
2024-03-11 00:20:00,0,3,3,8,0,14
2024-03-11 00:30:00,0,5,2,3,0,10
2024-03-11 00:40:00,0,0,0,2,0,2
2024-03-11 00:50:00,0,4,0,7,0,11
2024-03-11 01:00:00,0,5,0,3,0,8
2024-03-11 01:10:00,0,2,2,4,0,8
2024-03-11 01:20:00,0,3,1,4,0,8
2024-03-11 01:30:00,2,4,0,1,0,7
2024-03-11 01:40:00,0,2,2,3,0,7
2024-03-11 01:50:00,2,2,0,1,0,5
2024-03-11 02:00:00,0,6,4,4,0,14
2024-03-11 02:10:00,0,0,1,3,0,4
2024-03-11 02:20:00,0,1,0,2,0,3
2024-03-11 02:30:00,0,2,0,0,0,2
2024-03-11 02:40:00,1,6,0,1,0,8
2024-03-11 02:50:00,0,1,3,4,0,8
2024-03-11 03:00:00,0,2,0,1,0,3
2024-03-11 03:10:00,0,2,0,1,0,3
2024-03-11 03:20:00,0,1,1,4,0,6
2024-03-11 03:30:00,2,2,0,2,0,6
2024-03-11 03:40:00,0,1,1,3,0,5
2024-03-11 03:50:00,2,3,1,3,0,9
2024-03-11 04:00:00,0,0,0,3,0,3
2024-03-11 04:10:00,3,3,1,3,0,10
2024-03-11 04:20:00,4,2,2,8,0,16
2024-03-11 04:30:00,2,2,3,8,0,15
2024-03-11 04:40:00,3,3,7,17,0,30
2024-03-11 04:50:00,5,5,2,6,0,18
2024-03-11 05:00:00,6,6,8,30,0,50
2024-03-11 05:10:00,12,8,8,23,0,51
2024-03-11 05:20:00,8,7,23,26,0,64
2024-03-11 05:30:00,15,8,11,29,1,64
2024-03-11 05:40:00,20,16,17,42,0,95
2024-03-11 05:50:00,13,11,14,37,0,75
2024-03-11 06:00:00,20,14,21,36,1,92
2024-03-11 06:10:00,27,19,26,36,0,108
2024-03-11 06:20:00,26,18,30,34,1,109
2024-03-11 06:30:00,35,19,40,43,1,138
2024-03-11 06:40:00,16,17,34,28,1,96
2024-03-11 06:50:00,5,15,43,43,2,108
2024-03-11 07:00:00,4,26,46,50,1,127
2024-03-11 07:10:00,4,25,36,31,4,100
2024-03-11 07:20:00,2,25,51,47,4,129
2024-03-11 07:30:00,0,18,41,45,8,112
2024-03-11 07:40:00,2,38,50,9,3,102
2024-03-11 07:50:00,2,22,52,33,2,111
2024-03-11 08:00:00,1,38,43,29,4,115
2024-03-11 08:10:00,0,35,52,29,2,118
2024-03-11 08:20:00,0,40,48,36,5,129
2024-03-11 08:30:00,20,28,55,48,2,153
2024-03-11 08:40:00,1,37,62,51,2,153
2024-03-11 08:50:00,3,39,48,55,6,151
2024-03-11 09:00:00,1,37,50,37,3,128
2024-03-11 09:10:00,2,25,44,40,4,115
2024-03-11 09:20:00,2,33,36,49,2,122
2024-03-11 09:30:00,3,22,37,34,3,99
2024-03-11 09:40:00,0,27,31,32,4,94
2024-03-11 09:50:00,6,36,42,50,4,138
2024-03-11 10:00:00,2,38,30,35,2,107
2024-03-11 10:10:00,1,33,24,49,4,111
2024-03-11 10:20:00,3,25,28,42,1,99
2024-03-11 10:30:00,0,35,25,67,2,129
2024-03-11 10:40:00,1,35,26,46,0,108
2024-03-11 10:50:00,3,33,29,53,1,119
2024-03-11 11:00:00,0,32,25,47,1,105
2024-03-11 11:10:00,1,33,32,44,4,114
2024-03-11 11:20:00,1,33,32,55,1,122
2024-03-11 11:30:00,2,42,24,38,7,113
2024-03-11 11:40:00,1,43,66,30,0,140
2024-03-11 11:50:00,17,36,38,45,2,138
2024-03-11 12:00:00,0,37,43,71,0,151
2024-03-11 12:10:00,0,35,25,42,2,104
2024-03-11 12:20:00,1,30,21,55,0,107
2024-03-11 12:30:00,1,33,26,50,3,113
2024-03-11 12:40:00,4,51,25,44,3,127
2024-03-11 12:50:00,0,27,35,48,3,113
2024-03-11 13:00:00,2,36,33,50,1,122
2024-03-11 13:10:00,0,34,31,40,4,109
2024-03-11 13:20:00,2,46,23,53,2,126
2024-03-11 13:30:00,0,32,33,60,3,128
2024-03-11 13:40:00,5,36,41,42,1,125
2024-03-11 13:50:00,2,25,39,35,4,105
2024-03-11 14:00:00,7,52,20,35,7,121
2024-03-11 14:10:00,7,42,48,46,5,148
2024-03-11 14:20:00,5,40,37,36,3,121
2024-03-11 14:30:00,4,36,49,45,5,139
2024-03-11 14:40:00,10,30,37,19,5,101
2024-03-11 14:50:00,14,37,72,50,3,176
2024-03-11 15:00:00,25,52,23,59,5,164
2024-03-11 15:10:00,30,51,31,40,3,155
2024-03-11 15:20:00,43,39,46,50,1,179
2024-03-11 15:30:00,50,27,27,56,7,167
2024-03-11 15:40:00,56,42,33,52,3,186
2024-03-11 15:50:00,60,34,21,55,6,176
2024-03-11 16:00:00,61,38,33,61,2,195
2024-03-11 16:10:00,66,38,26,54,4,188
2024-03-11 16:20:00,47,30,33,57,3,170
2024-03-11 16:30:00,51,33,39,45,5,173
2024-03-11 16:40:00,43,25,26,50,3,147
2024-03-11 16:50:00,58,27,33,32,6,156
2024-03-11 17:00:00,71,44,34,35,3,187
2024-03-11 17:10:00,54,28,29,55,3,169
2024-03-11 17:20:00,62,38,27,66,2,195
2024-03-11 17:30:00,68,34,20,58,1,181
2024-03-11 17:40:00,44,22,40,53,3,162
2024-03-11 17:50:00,47,31,36,32,3,149
2024-03-11 18:00:00,58,25,32,46,1,162
2024-03-11 18:10:00,57,37,29,48,2,173
2024-03-11 18:20:00,44,23,22,42,4,135
2024-03-11 18:30:00,36,22,22,41,2,123
2024-03-11 18:40:00,35,30,16,30,3,114
2024-03-11 18:50:00,27,24,14,32,1,98
2024-03-11 19:00:00,13,26,24,44,4,111
2024-03-11 19:10:00,10,24,23,42,3,102
2024-03-11 19:20:00,6,27,9,52,3,97
2024-03-11 19:30:00,3,27,9,47,1,87
2024-03-11 19:40:00,5,26,7,51,3,92
2024-03-11 19:50:00,4,33,20,35,2,94
2024-03-11 20:00:00,3,24,4,34,2,67
2024-03-11 20:10:00,6,24,6,27,1,64
2024-03-11 20:20:00,6,25,4,32,6,73
2024-03-11 20:30:00,2,23,4,27,2,58
2024-03-11 20:40:00,3,26,2,25,0,56
2024-03-11 20:50:00,2,28,6,31,1,68
2024-03-11 21:00:00,5,32,2,35,2,76
2024-03-11 21:10:00,1,29,6,37,0,73
2024-03-11 21:20:00,1,23,3,25,1,53
2024-03-11 21:30:00,3,24,0,26,0,53
2024-03-11 21:40:00,3,22,3,19,1,48
2024-03-11 21:50:00,1,15,2,20,0,38
2024-03-11 22:00:00,2,24,4,24,2,56
2024-03-11 22:10:00,2,26,1,29,0,58
2024-03-11 22:20:00,1,21,3,20,0,45
2024-03-11 22:30:00,1,24,3,18,1,47
2024-03-11 22:40:00,0,19,1,14,0,34
2024-03-11 22:50:00,0,15,2,19,0,36
2024-03-11 23:00:00,2,19,1,19,2,43
2024-03-11 23:10:00,0,11,1,19,0,31
2024-03-11 23:20:00,0,13,2,10,0,25
2024-03-11 23:30:00,1,12,1,3,0,17
2024-03-11 23:40:00,0,12,1,13,1,27
2024-03-11 23:50:00,0,10,1,7,0,18
2024-03-12 00:00:00,0,4,0,5,0,9
2024-03-12 00:10:00,0,9,1,5,0,15
2024-03-12 00:20:00,0,4,1,2,0,7
2024-03-12 00:30:00,0,6,0,7,0,13
2024-03-12 00:40:00,0,6,1,7,0,14
2024-03-12 00:50:00,0,2,0,3,0,5
2024-03-12 01:00:00,0,2,2,11,0,15
2024-03-12 01:10:00,0,1,4,5,0,10
2024-03-12 01:20:00,0,4,0,7,0,11
2024-03-12 01:30:00,0,3,0,6,0,9
2024-03-12 01:40:00,0,0,0,0,0,0
2024-03-12 01:50:00,0,2,0,5,0,7
2024-03-12 02:00:00,9,3,2,5,0,19
2024-03-12 02:10:00,0,0,0,2,0,2
2024-03-12 02:20:00,1,4,2,2,0,9
2024-03-12 02:30:00,0,0,0,1,0,1
2024-03-12 02:40:00,1,2,0,0,0,3
2024-03-12 02:50:00,4,5,1,1,0,11
2024-03-12 03:00:00,3,4,0,2,0,9
2024-03-12 03:10:00,0,2,1,3,0,6
2024-03-12 03:20:00,3,5,0,5,0,13
2024-03-12 03:30:00,4,7,0,6,0,17
2024-03-12 03:40:00,2,3,0,1,0,6
2024-03-12 03:50:00,1,1,0,3,0,5
2024-03-12 04:00:00,0,0,0,1,0,1
2024-03-12 04:10:00,1,5,0,3,0,9
2024-03-12 04:20:00,5,5,0,6,0,16
2024-03-12 04:30:00,3,3,0,2,0,8
2024-03-12 04:40:00,0,0,2,13,0,15
2024-03-12 04:50:00,4,4,1,16,0,25
2024-03-12 05:00:00,5,6,1,18,0,30
2024-03-12 05:10:00,6,6,3,28,0,43
2024-03-12 05:20:00,13,12,7,35,0,67
2024-03-12 05:30:00,18,15,7,38,1,79
2024-03-12 05:40:00,18,18,8,51,1,96
2024-03-12 05:50:00,20,15,11,44,1,91
2024-03-12 06:00:00,18,17,15,53,0,103
2024-03-12 06:10:00,26,22,33,44,2,127
2024-03-12 06:20:00,33,21,39,36,1,130
2024-03-12 06:30:00,31,23,48,51,0,153
2024-03-12 06:40:00,13,18,60,62,2,155
2024-03-12 06:50:00,1,16,45,61,2,125
2024-03-12 07:00:00,3,23,40,37,7,110
2024-03-12 07:10:00,3,28,57,59,4,151
2024-03-12 07:20:00,2,35,50,43,2,132
2024-03-12 07:30:00,1,31,53,32,6,123
2024-03-12 07:40:00,0,27,45,32,5,109
2024-03-12 07:50:00,0,25,54,58,4,141
2024-03-12 08:00:00,0,27,47,55,5,134
2024-03-12 08:10:00,0,31,54,42,0,127
2024-03-12 08:20:00,2,20,34,24,2,82
2024-03-12 08:30:00,0,27,53,49,2,131
2024-03-12 08:40:00,2,33,55,34,3,127
2024-03-12 08:50:00,0,32,60,45,4,141
2024-03-12 09:00:00,0,26,46,48,5,125
2024-03-12 09:10:00,1,24,40,23,3,91
2024-03-12 09:20:00,1,30,35,27,3,96
2024-03-12 09:30:00,2,26,35,44,7,114
2024-03-12 09:40:00,2,37,37,34,4,114
2024-03-12 09:50:00,1,25,33,63,0,122
2024-03-12 10:00:00,1,37,30,64,2,134
2024-03-12 10:10:00,3,37,27,48,3,118
2024-03-12 10:20:00,2,45,15,43,4,109
2024-03-12 10:30:00,4,33,28,63,2,130
2024-03-12 10:40:00,3,31,22,40,3,99
2024-03-12 10:50:00,3,27,30,50,3,113
2024-03-12 11:00:00,8,48,30,55,2,143
2024-03-12 11:10:00,1,35,29,76,1,142
2024-03-12 11:20:00,3,39,18,58,2,120
2024-03-12 11:30:00,2,39,25,52,2,120
2024-03-12 11:40:00,1,38,40,41,2,122
2024-03-12 11:50:00,13,22,26,44,3,108
2024-03-12 12:00:00,2,35,42,47,2,128
2024-03-12 12:10:00,1,42,26,35,5,109
2024-03-12 12:20:00,2,36,31,41,1,111
2024-03-12 12:30:00,1,36,23,52,3,115
2024-03-12 12:40:00,2,32,37,41,4,116
2024-03-12 12:50:00,0,26,28,36,1,91
2024-03-12 13:00:00,0,38,24,43,3,108
2024-03-12 13:10:00,2,34,31,29,2,98
2024-03-12 13:20:00,1,29,39,28,3,100
2024-03-12 13:30:00,4,47,29,53,3,136
2024-03-12 13:40:00,3,27,33,54,3,120
2024-03-12 13:50:00,0,30,20,49,1,100
2024-03-12 14:00:00,0,34,27,36,4,101
2024-03-12 14:10:00,0,34,33,42,2,111
2024-03-12 14:20:00,4,26,36,36,2,104
2024-03-12 14:30:00,0,38,43,40,3,124
2024-03-12 14:40:00,3,36,41,27,1,108
2024-03-12 14:50:00,10,26,38,41,5,120
2024-03-12 15:00:00,24,43,38,39,3,147
2024-03-12 15:10:00,39,32,39,40,4,154
2024-03-12 15:20:00,46,43,36,40,5,170
2024-03-12 15:30:00,52,39,47,29,3,170
2024-03-12 15:40:00,46,32,33,44,6,161
2024-03-12 15:50:00,65,52,43,38,2,200
2024-03-12 16:00:00,48,47,41,39,4,179
2024-03-12 16:10:00,46,33,36,31,1,147
2024-03-12 16:20:00,54,35,44,49,4,186
2024-03-12 16:30:00,52,31,31,37,3,154
2024-03-12 16:40:00,81,30,45,39,4,199
2024-03-12 16:50:00,64,33,28,28,4,157
2024-03-12 17:00:00,68,33,50,63,2,216
2024-03-12 17:10:00,61,43,39,45,3,191
2024-03-12 17:20:00,63,35,40,30,5,173
2024-03-12 17:30:00,51,26,37,54,4,172
2024-03-12 17:40:00,47,29,39,34,4,153
2024-03-12 17:50:00,53,33,37,39,2,164
2024-03-12 18:00:00,38,20,32,40,5,135
2024-03-12 18:10:00,49,26,28,49,3,155
2024-03-12 18:20:00,50,29,31,37,3,150
2024-03-12 18:30:00,43,24,20,41,4,132
2024-03-12 18:40:00,39,21,23,49,4,136
2024-03-12 18:50:00,34,22,18,48,3,125
2024-03-12 19:00:00,9,24,21,44,2,100
2024-03-12 19:10:00,1,14,16,35,3,69
2024-03-12 19:20:00,6,28,12,54,2,102
2024-03-12 19:30:00,10,28,18,29,5,90
2024-03-12 19:40:00,6,27,9,45,4,91
2024-03-12 19:50:00,5,26,7,52,3,93
2024-03-12 20:00:00,1,25,2,37,2,67
2024-03-12 20:10:00,1,25,7,35,1,69
2024-03-12 20:20:00,2,17,10,27,1,57
2024-03-12 20:30:00,2,22,1,22,1,48
2024-03-12 20:40:00,1,25,5,32,0,63
2024-03-12 20:50:00,8,17,6,27,0,58
2024-03-12 21:00:00,4,21,7,30,5,67
2024-03-12 21:10:00,0,15,4,24,2,45
2024-03-12 21:20:00,3,21,7,23,0,54
2024-03-12 21:30:00,6,18,2,20,3,49
2024-03-12 21:40:00,9,17,2,27,0,55
2024-03-12 21:50:00,3,19,4,25,2,53
2024-03-12 22:00:00,2,13,3,23,0,41
2024-03-12 22:10:00,3,16,6,30,1,56
2024-03-12 22:20:00,0,15,0,20,0,35
2024-03-12 22:30:00,3,16,3,22,0,44
2024-03-12 22:40:00,1,22,4,16,0,43
2024-03-12 22:50:00,0,15,4,18,0,37
2024-03-12 23:00:00,2,13,4,18,0,37
2024-03-12 23:10:00,0,14,3,13,0,30
2024-03-12 23:20:00,0,9,4,17,1,31
2024-03-12 23:30:00,0,4,6,11,0,21
2024-03-12 23:40:00,1,8,1,12,0,22
2024-03-12 23:50:00,0,7,2,10,0,19
2024-03-13 00:00:00,0,8,3,9,0,20
2024-03-13 00:10:00,0,8,2,7,0,17
2024-03-13 00:20:00,1,6,0,1,0,8
2024-03-13 00:30:00,0,4,0,3,0,7
2024-03-13 00:40:00,0,5,0,4,0,9
2024-03-13 00:50:00,0,0,1,3,0,4
2024-03-13 01:00:00,0,5,0,3,0,8
2024-03-13 01:10:00,0,1,2,4,0,7
2024-03-13 01:20:00,0,4,1,2,0,7
2024-03-13 01:30:00,0,4,0,3,0,7
2024-03-13 01:40:00,0,3,1,3,0,7
2024-03-13 01:50:00,0,2,2,5,0,9
2024-03-13 02:00:00,0,3,0,1,0,4
2024-03-13 02:10:00,0,4,0,2,0,6
2024-03-13 02:20:00,0,2,0,3,0,5
2024-03-13 02:30:00,0,2,1,2,0,5
2024-03-13 02:40:00,0,2,0,0,0,2
2024-03-13 02:50:00,1,4,1,2,0,8
2024-03-13 03:00:00,0,3,0,1,0,4
2024-03-13 03:10:00,0,4,0,2,0,6
2024-03-13 03:20:00,0,4,0,5,0,9
2024-03-13 03:30:00,0,5,0,2,0,7
2024-03-13 03:40:00,0,2,0,3,0,5
2024-03-13 03:50:00,0,2,2,5,0,9
2024-03-13 04:00:00,0,1,0,5,0,6
2024-03-13 04:10:00,0,4,0,6,0,10
2024-03-13 04:20:00,0,2,0,3,0,5
2024-03-13 04:30:00,0,4,0,8,0,12
2024-03-13 04:40:00,0,4,1,10,0,15
2024-03-13 04:50:00,1,3,2,10,0,16
2024-03-13 05:00:00,0,3,0,15,0,18
2024-03-13 05:10:00,0,7,4,23,0,34
2024-03-13 05:20:00,1,9,10,32,0,52
2024-03-13 05:30:00,2,11,12,40,1,66
2024-03-13 05:40:00,1,18,15,39,0,73
2024-03-13 05:50:00,0,14,13,40,0,67
2024-03-13 06:00:00,2,16,25,40,0,83
2024-03-13 06:10:00,3,20,32,42,2,99
2024-03-13 06:20:00,2,17,34,45,4,102
2024-03-13 06:30:00,5,20,44,47,3,119
2024-03-13 06:40:00,0,22,46,53,0,121
2024-03-13 06:50:00,6,19,47,50,1,123
2024-03-13 07:00:00,1,22,35,41,3,102
2024-03-13 07:10:00,6,27,57,49,6,145
2024-03-13 07:20:00,5,34,57,63,4,163
2024-03-13 07:30:00,1,20,40,45,5,111
2024-03-13 07:40:00,4,30,45,33,4,116
2024-03-13 07:50:00,1,30,30,38,5,104
2024-03-13 08:00:00,1,31,66,31,3,132
2024-03-13 08:10:00,3,23,47,49,2,124
2024-03-13 08:20:00,2,31,47,57,3,140
2024-03-13 08:30:00,4,17,39,41,3,104
2024-03-13 08:40:00,1,29,51,51,4,136
2024-03-13 08:50:00,3,39,46,36,5,129
2024-03-13 09:00:00,5,39,44,53,1,142
2024-03-13 09:10:00,4,37,29,43,2,115
2024-03-13 09:20:00,2,17,32,35,1,87
2024-03-13 09:30:00,3,26,41,43,2,115
2024-03-13 09:40:00,3,39,31,37,3,113
2024-03-13 09:50:00,1,31,34,38,3,107
2024-03-13 10:00:00,2,28,37,45,2,114
2024-03-13 10:10:00,2,31,36,53,0,122
2024-03-13 10:20:00,0,43,39,43,0,125
2024-03-13 10:30:00,1,27,24,45,5,102
2024-03-13 10:40:00,3,31,25,46,1,106
2024-03-13 10:50:00,2,46,22,47,5,122
2024-03-13 11:00:00,1,41,26,54,2,124
2024-03-13 11:10:00,5,35,29,50,2,121
2024-03-13 11:20:00,3,41,20,36,3,103
2024-03-13 11:30:00,8,33,28,43,1,113
2024-03-13 11:40:00,11,35,33,34,6,119
2024-03-13 11:50:00,15,40,20,35,5,115
2024-03-13 12:00:00,7,34,25,50,2,118
2024-03-13 12:10:00,9,39,25,48,2,123
2024-03-13 12:20:00,8,30,20,39,6,103
2024-03-13 12:30:00,8,34,26,41,3,112
2024-03-13 12:40:00,11,36,19,50,4,120
2024-03-13 12:50:00,5,41,30,43,4,123
2024-03-13 13:00:00,5,39,29,41,0,114
2024-03-13 13:10:00,8,25,40,43,1,117
2024-03-13 13:20:00,12,42,29,43,2,128
2024-03-13 13:30:00,23,36,28,45,3,135
2024-03-13 13:40:00,18,46,30,39,4,137
2024-03-13 13:50:00,16,46,25,57,2,146
2024-03-13 14:00:00,15,32,28,38,5,118
2024-03-13 14:10:00,15,54,16,38,1,124
2024-03-13 14:20:00,18,49,31,40,1,139
2024-03-13 14:30:00,18,38,24,39,5,124
2024-03-13 14:40:00,25,45,35,40,0,145
2024-03-13 14:50:00,25,45,30,55,0,155
2024-03-13 15:00:00,29,30,33,45,2,139
2024-03-13 15:10:00,26,43,34,41,3,147
2024-03-13 15:20:00,35,44,23,49,4,155
2024-03-13 15:30:00,60,43,33,50,2,188
2024-03-13 15:40:00,52,36,33,38,1,160
2024-03-13 15:50:00,53,29,29,54,2,167
2024-03-13 16:00:00,56,30,35,40,3,164
2024-03-13 16:10:00,52,29,37,58,2,178
2024-03-13 16:20:00,66,34,41,46,5,192
2024-03-13 16:30:00,74,37,32,62,4,209
2024-03-13 16:40:00,70,31,38,41,4,184
2024-03-13 16:50:00,55,34,27,48,2,166
2024-03-13 17:00:00,51,35,43,66,1,196
2024-03-13 17:10:00,60,38,32,37,2,169
2024-03-13 17:20:00,49,30,39,61,4,183
2024-03-13 17:30:00,52,26,36,60,7,181
2024-03-13 17:40:00,58,33,38,54,3,186
2024-03-13 17:50:00,73,34,46,50,8,211
2024-03-13 18:00:00,44,30,31,46,5,156
2024-03-13 18:10:00,51,23,34,51,4,163
2024-03-13 18:20:00,40,17,24,33,5,119
2024-03-13 18:30:00,48,26,31,44,0,149
2024-03-13 18:40:00,49,31,26,40,3,149
2024-03-13 18:50:00,30,24,18,51,4,127
2024-03-13 19:00:00,18,30,9,43,4,104
2024-03-13 19:10:00,5,28,18,27,3,81
2024-03-13 19:20:00,7,33,15,50,5,110
2024-03-13 19:30:00,1,28,17,46,1,93
2024-03-13 19:40:00,7,27,10,47,2,93
2024-03-13 19:50:00,2,25,11,34,5,77
2024-03-13 20:00:00,4,28,14,35,3,84
2024-03-13 20:10:00,1,34,5,39,6,85
2024-03-13 20:20:00,5,30,4,41,4,84
2024-03-13 20:30:00,6,28,4,44,4,86
2024-03-13 20:40:00,11,27,7,32,3,80
2024-03-13 20:50:00,1,19,1,34,1,56
2024-03-13 21:00:00,4,20,4,30,1,59
2024-03-13 21:10:00,3,34,4,25,1,67
2024-03-13 21:20:00,0,25,6,25,1,57
2024-03-13 21:30:00,1,27,10,33,0,71
2024-03-13 21:40:00,4,25,3,22,0,54
2024-03-13 21:50:00,0,16,9,24,0,49
2024-03-13 22:00:00,2,26,2,24,0,54
2024-03-13 22:10:00,0,27,2,26,0,55
2024-03-13 22:20:00,3,21,2,25,0,51
2024-03-13 22:30:00,3,25,7,22,2,59
2024-03-13 22:40:00,1,28,5,16,0,50
2024-03-13 22:50:00,1,25,2,15,0,43
2024-03-13 23:00:00,1,20,4,20,0,45
2024-03-13 23:10:00,0,18,6,25,0,49
2024-03-13 23:20:00,0,18,5,17,0,40
2024-03-13 23:30:00,0,9,1,11,0,21
2024-03-13 23:40:00,1,16,2,17,1,37
2024-03-13 23:50:00,2,10,0,8,0,20
2024-03-14 00:00:00,0,10,2,11,0,23
2024-03-14 00:10:00,0,9,1,13,0,23
2024-03-14 00:20:00,0,7,0,10,0,17
2024-03-14 00:30:00,0,10,3,8,0,21
2024-03-14 00:40:00,0,8,1,4,0,13
2024-03-14 00:50:00,0,5,1,4,0,10
2024-03-14 01:00:00,0,1,1,5,0,7
2024-03-14 01:10:00,0,6,1,1,0,8
2024-03-14 01:20:00,2,4,1,3,0,10
2024-03-14 01:30:00,0,5,0,1,0,6
2024-03-14 01:40:00,0,4,0,0,0,4
2024-03-14 01:50:00,0,2,1,3,0,6
2024-03-14 02:00:00,0,4,0,0,0,4
2024-03-14 02:10:00,0,6,0,4,0,10
2024-03-14 02:20:00,0,7,1,5,0,13
2024-03-14 02:30:00,0,4,0,1,0,5
2024-03-14 02:40:00,0,0,0,2,0,2
2024-03-14 02:50:00,0,3,0,4,0,7
2024-03-14 03:00:00,0,5,4,3,0,12
2024-03-14 03:10:00,0,2,0,1,0,3
2024-03-14 03:20:00,0,3,1,3,0,7
2024-03-14 03:30:00,0,3,1,3,0,7
2024-03-14 03:40:00,0,5,1,2,0,8
2024-03-14 03:50:00,0,0,0,4,0,4
2024-03-14 04:00:00,0,1,0,2,0,3
2024-03-14 04:10:00,0,3,0,4,0,7
2024-03-14 04:20:00,1,7,1,4,0,13
2024-03-14 04:30:00,0,1,0,7,0,8
2024-03-14 04:40:00,0,3,1,16,0,20
2024-03-14 04:50:00,0,4,3,18,0,25
2024-03-14 05:00:00,0,5,1,20,0,26
2024-03-14 05:10:00,2,8,3,28,0,41
2024-03-14 05:20:00,2,14,5,38,0,59
2024-03-14 05:30:00,1,14,11,42,1,69
2024-03-14 05:40:00,1,18,12,48,0,79
2024-03-14 05:50:00,1,10,14,49,0,74
2024-03-14 06:00:00,0,15,17,52,0,84
2024-03-14 06:10:00,3,22,30,49,1,105
2024-03-14 06:20:00,3,21,39,45,1,109
2024-03-14 06:30:00,2,22,44,59,2,129
2024-03-14 06:40:00,0,23,40,54,2,119
2024-03-14 06:50:00,1,23,51,55,1,131
2024-03-14 07:00:00,5,31,46,51,3,136
2024-03-14 07:10:00,8,29,56,57,5,155
2024-03-14 07:20:00,6,24,54,47,1,132
2024-03-14 07:30:00,10,24,35,34,4,107
2024-03-14 07:40:00,7,19,48,36,6,116
2024-03-14 07:50:00,13,35,56,41,5,150
2024-03-14 08:00:00,9,27,55,36,3,130
2024-03-14 08:10:00,7,31,41,41,3,123
2024-03-14 08:20:00,1,30,57,55,5,148
2024-03-14 08:30:00,7,36,54,49,3,149
2024-03-14 08:40:00,10,25,27,31,6,99
2024-03-14 08:50:00,3,24,38,30,3,98
2024-03-14 09:00:00,10,18,28,27,7,90
2024-03-14 09:10:00,4,23,22,33,3,85
2024-03-14 09:20:00,5,34,24,34,3,100
2024-03-14 09:30:00,9,37,28,33,4,111
2024-03-14 09:40:00,10,34,23,48,3,118
2024-03-14 09:50:00,13,33,18,46,3,113
2024-03-14 10:00:00,2,38,26,42,5,113
2024-03-14 10:10:00,8,38,21,35,8,110
2024-03-14 10:20:00,4,37,29,50,2,122
2024-03-14 10:30:00,12,38,24,48,3,125
2024-03-14 10:40:00,6,28,19,38,1,92
2024-03-14 10:50:00,6,36,18,46,1,107
2024-03-14 11:00:00,7,47,25,47,0,126
2024-03-14 11:10:00,12,38,21,47,3,121
2024-03-14 11:20:00,6,50,31,61,3,151
2024-03-14 11:30:00,3,51,30,50,11,145
2024-03-14 11:40:00,8,37,27,53,3,128
2024-03-14 11:50:00,8,42,22,35,3,110
2024-03-14 12:00:00,3,41,16,39,4,103
2024-03-14 12:10:00,7,43,15,58,2,125
2024-03-14 12:20:00,10,47,27,51,5,140
2024-03-14 12:30:00,9,44,31,52,7,143
2024-03-14 12:40:00,13,34,23,41,2,113
2024-03-14 12:50:00,9,46,30,54,4,143
2024-03-14 13:00:00,13,44,18,38,5,118
2024-03-14 13:10:00,17,43,32,25,3,120
2024-03-14 13:20:00,11,32,21,40,3,107
2024-03-14 13:30:00,8,38,26,48,3,123
2024-03-14 13:40:00,21,47,18,44,0,130
2024-03-14 13:50:00,14,42,28,31,3,118
2024-03-14 14:00:00,26,40,21,32,4,123
2024-03-14 14:10:00,14,51,22,40,5,132
2024-03-14 14:20:00,19,33,28,52,3,135
2024-03-14 14:30:00,24,39,24,40,5,132
2024-03-14 14:40:00,37,42,22,27,2,130
2024-03-14 14:50:00,59,42,33,28,3,165
2024-03-14 15:00:00,37,35,27,40,1,140
2024-03-14 15:10:00,47,42,29,33,1,152
2024-03-14 15:20:00,45,32,27,36,5,145
2024-03-14 15:30:00,48,45,38,31,0,162
2024-03-14 15:40:00,51,48,32,40,7,178
2024-03-14 15:50:00,55,32,30,60,2,179
2024-03-14 16:00:00,43,20,32,35,2,132
2024-03-14 16:10:00,65,36,46,49,3,199
2024-03-14 16:20:00,67,32,33,33,3,168
2024-03-14 16:30:00,63,40,46,47,6,202
2024-03-14 16:40:00,62,38,47,19,7,173
2024-03-14 16:50:00,60,31,42,43,4,180
2024-03-14 17:00:00,45,36,28,44,3,156
2024-03-14 17:10:00,60,32,39,39,4,174
2024-03-14 17:20:00,58,27,27,60,3,175
2024-03-14 17:30:00,46,25,30,47,3,151
2024-03-14 17:40:00,48,27,32,48,5,160
2024-03-14 17:50:00,52,30,41,27,11,161
2024-03-14 18:00:00,41,29,34,47,5,156
2024-03-14 18:10:00,23,18,13,11,2,67
2024-03-14 18:20:00,17,7,10,13,2,49
2024-03-14 18:30:00,37,28,24,39,2,130
2024-03-14 18:40:00,40,30,35,52,3,160
2024-03-14 18:50:00,38,19,17,49,2,125
2024-03-14 19:00:00,13,28,8,37,4,90
2024-03-14 19:10:00,18,22,13,45,3,101
2024-03-14 19:20:00,20,23,11,36,1,91
2024-03-14 19:30:00,16,17,18,27,2,80
2024-03-14 19:40:00,8,30,7,34,8,87
2024-03-14 19:50:00,11,26,9,47,0,93
2024-03-14 20:00:00,8,20,13,62,2,105
2024-03-14 20:10:00,5,29,13,40,4,91
2024-03-14 20:20:00,2,20,7,39,0,68
2024-03-14 20:30:00,4,17,6,45,1,73
2024-03-14 20:40:00,0,22,6,33,1,62
2024-03-14 20:50:00,5,30,3,37,2,77
2024-03-14 21:00:00,6,27,3,35,1,72
2024-03-14 21:10:00,3,26,4,33,1,67
2024-03-14 21:20:00,3,34,9,24,1,71
2024-03-14 21:30:00,6,23,3,17,1,50
2024-03-14 21:40:00,3,27,4,35,1,70
2024-03-14 21:50:00,1,23,5,27,3,59
2024-03-14 22:00:00,0,27,11,31,0,69
2024-03-14 22:10:00,4,20,2,34,1,61
2024-03-14 22:20:00,4,22,1,29,0,56
2024-03-14 22:30:00,2,19,6,28,0,55
2024-03-14 22:40:00,1,18,3,18,0,40
2024-03-14 22:50:00,1,17,1,25,1,45
2024-03-14 23:00:00,1,24,3,19,0,47
2024-03-14 23:10:00,3,9,5,23,1,41
2024-03-14 23:20:00,0,19,3,17,0,39
2024-03-14 23:30:00,1,14,0,18,0,33
2024-03-14 23:40:00,0,16,2,14,0,32
2024-03-14 23:50:00,1,13,0,12,0,26
2024-03-15 00:00:00,0,13,2,6,0,21
2024-03-15 00:10:00,1,7,0,9,0,17
2024-03-15 00:20:00,0,10,1,10,0,21
2024-03-15 00:30:00,0,7,1,6,0,14
2024-03-15 00:40:00,0,6,2,11,0,19
2024-03-15 00:50:00,0,3,0,6,0,9
2024-03-15 01:00:00,1,4,0,3,0,8
2024-03-15 01:10:00,0,7,0,4,0,11
2024-03-15 01:20:00,0,5,2,5,0,12
2024-03-15 01:30:00,1,5,0,3,0,9
2024-03-15 01:40:00,0,3,0,1,0,4
2024-03-15 01:50:00,0,0,0,0,0,0
2024-03-15 02:00:00,0,1,0,3,0,4
2024-03-15 02:10:00,0,0,0,0,0,0
2024-03-15 02:20:00,0,1,0,2,0,3
2024-03-15 02:30:00,0,5,0,1,0,6
2024-03-15 02:40:00,0,1,2,1,0,4
2024-03-15 02:50:00,0,1,0,1,0,2
2024-03-15 03:00:00,0,5,1,2,0,8
2024-03-15 03:10:00,0,2,1,4,0,7
2024-03-15 03:20:00,0,4,0,4,0,8
2024-03-15 03:30:00,0,3,0,3,0,6
2024-03-15 03:40:00,0,0,0,4,0,4
2024-03-15 03:50:00,0,3,0,4,0,7
2024-03-15 04:00:00,0,4,1,6,0,11
2024-03-15 04:10:00,0,2,0,4,0,6
2024-03-15 04:20:00,0,5,0,5,0,10
2024-03-15 04:30:00,0,3,0,8,0,11
2024-03-15 04:40:00,0,2,0,8,0,10
2024-03-15 04:50:00,0,2,3,19,1,25
2024-03-15 05:00:00,1,4,5,18,0,28
2024-03-15 05:10:00,0,7,1,24,0,32
2024-03-15 05:20:00,0,13,2,30,0,45
2024-03-15 05:30:00,1,12,7,41,0,61
2024-03-15 05:40:00,1,15,2,32,0,50
2024-03-15 05:50:00,1,14,12,38,0,65
2024-03-15 06:00:00,1,22,19,46,0,88
2024-03-15 06:10:00,3,20,28,32,1,84
2024-03-15 06:20:00,1,23,42,37,0,103
2024-03-15 06:30:00,3,20,37,46,0,106
2024-03-15 06:40:00,1,21,53,50,0,125
2024-03-15 06:50:00,6,24,44,56,4,134
2024-03-15 07:00:00,2,29,48,45,3,127
2024-03-15 07:10:00,6,31,52,50,1,140
2024-03-15 07:20:00,5,30,56,62,4,157
2024-03-15 07:30:00,6,29,43,37,7,122
2024-03-15 07:40:00,11,32,51,47,5,146
2024-03-15 07:50:00,8,34,35,48,7,132
2024-03-15 08:00:00,1,33,45,44,4,127
2024-03-15 08:10:00,2,18,54,51,4,129
2024-03-15 08:20:00,3,26,42,48,2,121
2024-03-15 08:30:00,4,40,59,57,1,161
2024-03-15 08:40:00,4,29,37,48,3,121
2024-03-15 08:50:00,1,36,56,50,4,147
2024-03-15 09:00:00,2,31,21,54,3,111
2024-03-15 09:10:00,6,20,29,35,2,92
2024-03-15 09:20:00,10,40,21,46,4,121
2024-03-15 09:30:00,2,36,20,52,2,112
2024-03-15 09:40:00,2,31,35,29,4,101
2024-03-15 09:50:00,4,31,31,38,3,107
2024-03-15 10:00:00,4,50,18,59,3,134
2024-03-15 10:10:00,0,34,22,50,2,108
2024-03-15 10:20:00,3,36,20,54,1,114
2024-03-15 10:30:00,1,37,25,45,3,111
2024-03-15 10:40:00,7,38,23,38,2,108
2024-03-15 10:50:00,6,33,19,43,3,104
2024-03-15 11:00:00,4,40,23,44,6,117
2024-03-15 11:10:00,4,40,17,42,4,107
2024-03-15 11:20:00,2,37,25,21,5,90
2024-03-15 11:30:00,6,41,23,44,3,117
2024-03-15 11:40:00,0,45,16,38,3,102
2024-03-15 11:50:00,8,38,28,37,4,115
2024-03-15 12:00:00,3,32,18,34,1,88
2024-03-15 12:10:00,6,45,19,39,3,112
2024-03-15 12:20:00,7,37,19,21,3,87
2024-03-15 12:30:00,7,35,24,25,5,96
2024-03-15 12:40:00,11,31,30,7,3,82
2024-03-15 12:50:00,8,33,30,2,4,77
2024-03-15 13:00:00,3,42,19,37,2,103
2024-03-15 13:10:00,5,35,27,32,1,100
2024-03-15 13:20:00,10,34,29,41,3,117
2024-03-15 13:30:00,13,41,16,46,4,120
2024-03-15 13:40:00,14,39,14,49,0,116
2024-03-15 13:50:00,6,35,23,45,0,109
2024-03-15 14:00:00,6,45,19,51,2,123
2024-03-15 14:10:00,8,27,15,29,2,81
2024-03-15 14:20:00,9,41,25,46,1,122
2024-03-15 14:30:00,10,42,21,56,3,132
2024-03-15 14:40:00,37,36,43,21,1,138
2024-03-15 14:50:00,33,38,37,25,2,135
2024-03-15 15:00:00,39,45,44,36,3,167
2024-03-15 15:10:00,44,39,22,36,1,142
2024-03-15 15:20:00,57,37,118,44,0,256
2024-03-15 15:30:00,49,33,124,49,3,258
2024-03-15 15:40:00,54,28,72,59,1,214
2024-03-15 15:50:00,41,30,48,48,2,169
2024-03-15 16:00:00,34,33,40,58,4,169
2024-03-15 16:10:00,54,28,39,62,2,185
2024-03-15 16:20:00,52,28,31,61,5,177
2024-03-15 16:30:00,53,37,33,58,7,188
2024-03-15 16:40:00,36,32,34,64,2,168
2024-03-15 16:50:00,49,39,26,37,2,153
2024-03-15 17:00:00,48,32,46,72,1,199
2024-03-15 17:10:00,52,30,31,47,7,167
2024-03-15 17:20:00,52,38,69,51,4,214
2024-03-15 17:30:00,53,28,23,64,3,171
2024-03-15 17:40:00,35,26,41,65,4,171
2024-03-15 17:50:00,44,28,32,36,2,142
2024-03-15 18:00:00,39,29,24,60,5,157
2024-03-15 18:10:00,45,27,33,59,5,169
2024-03-15 18:20:00,40,23,21,40,7,131
2024-03-15 18:30:00,46,23,20,31,3,123
2024-03-15 18:40:00,42,27,26,35,3,133
2024-03-15 18:50:00,39,23,19,54,5,140
2024-03-15 19:00:00,10,22,4,54,4,94
2024-03-15 19:10:00,15,20,19,35,2,91
2024-03-15 19:20:00,19,19,14,48,4,104
2024-03-15 19:30:00,8,15,7,47,1,78
2024-03-15 19:40:00,9,17,15,43,2,86
2024-03-15 19:50:00,11,22,13,31,3,80
2024-03-15 20:00:00,6,19,10,42,2,79
2024-03-15 20:10:00,2,21,1,36,1,61
2024-03-15 20:20:00,7,23,10,37,1,78
2024-03-15 20:30:00,4,25,8,38,4,79
2024-03-15 20:40:00,3,20,4,32,0,59
2024-03-15 20:50:00,0,21,4,35,0,60
2024-03-15 21:00:00,2,19,8,39,1,69
2024-03-15 21:10:00,2,26,7,39,2,76
2024-03-15 21:20:00,2,25,7,43,2,79
2024-03-15 21:30:00,1,17,0,32,2,52
2024-03-15 21:40:00,2,32,6,33,0,73
2024-03-15 21:50:00,2,29,1,37,0,69
2024-03-15 22:00:00,3,22,2,27,0,54
2024-03-15 22:10:00,2,30,3,30,0,65
2024-03-15 22:20:00,0,31,2,29,2,64
2024-03-15 22:30:00,3,28,1,23,1,56
2024-03-15 22:40:00,3,22,3,29,1,58
2024-03-15 22:50:00,2,21,4,38,3,68
2024-03-15 23:00:00,2,21,4,32,0,59
2024-03-15 23:10:00,1,29,2,40,1,73
2024-03-15 23:20:00,11,26,3,29,1,70
2024-03-15 23:30:00,0,22,6,28,1,57
2024-03-15 23:40:00,0,22,1,18,0,41
2024-03-15 23:50:00,0,19,5,23,0,47
2024-03-16 00:00:00,0,17,1,16,0,34
2024-03-16 00:10:00,0,15,4,20,0,39
2024-03-16 00:20:00,2,19,0,10,0,31
2024-03-16 00:30:00,1,15,0,19,0,35
2024-03-16 00:40:00,0,11,3,13,1,28
2024-03-16 00:50:00,0,12,1,16,0,29
2024-03-16 01:00:00,2,21,1,6,0,30
2024-03-16 01:10:00,0,11,0,12,0,23
2024-03-16 01:20:00,2,11,0,10,0,23
2024-03-16 01:30:00,0,7,1,10,0,18
2024-03-16 01:40:00,0,5,0,4,1,10
2024-03-16 01:50:00,0,8,2,11,0,21
2024-03-16 02:00:00,0,6,3,8,0,17
2024-03-16 02:10:00,0,6,4,10,0,20
2024-03-16 02:20:00,0,14,4,7,1,26
2024-03-16 02:30:00,2,2,0,6,0,10
2024-03-16 02:40:00,0,9,0,4,0,13
2024-03-16 02:50:00,0,1,0,7,0,8
2024-03-16 03:00:00,0,3,1,5,0,9
2024-03-16 03:10:00,0,4,1,4,0,9
2024-03-16 03:20:00,0,3,0,3,0,6
2024-03-16 03:30:00,0,7,2,7,0,16
2024-03-16 03:40:00,0,5,0,3,0,8
2024-03-16 03:50:00,0,4,4,7,0,15
2024-03-16 04:00:00,0,3,2,2,0,7
2024-03-16 04:10:00,0,4,3,4,0,11
2024-03-16 04:20:00,0,5,0,8,0,13
2024-03-16 04:30:00,0,4,4,6,0,14
2024-03-16 04:40:00,0,0,0,10,0,10
2024-03-16 04:50:00,0,3,0,5,1,9
2024-03-16 05:00:00,0,4,0,7,0,11
2024-03-16 05:10:00,0,6,0,6,0,12
2024-03-16 05:20:00,0,6,0,18,0,24
2024-03-16 05:30:00,0,12,2,18,1,33
2024-03-16 05:40:00,0,12,0,13,0,25
2024-03-16 05:50:00,1,7,2,11,0,21
2024-03-16 06:00:00,0,5,0,21,0,26
2024-03-16 06:10:00,2,7,4,18,0,31
2024-03-16 06:20:00,0,10,5,23,0,38
2024-03-16 06:30:00,1,6,4,17,0,28
2024-03-16 06:40:00,0,8,10,19,0,37
2024-03-16 06:50:00,0,10,8,20,0,38
2024-03-16 07:00:00,0,9,8,18,0,35
2024-03-16 07:10:00,0,8,7,25,0,40
2024-03-16 07:20:00,1,18,15,34,1,69
2024-03-16 07:30:00,1,16,9,39,0,65
2024-03-16 07:40:00,0,16,4,29,0,49
2024-03-16 07:50:00,1,19,6,38,1,65
2024-03-16 08:00:00,0,15,3,28,1,47
2024-03-16 08:10:00,1,19,2,43,2,67
2024-03-16 08:20:00,0,17,9,55,0,81
2024-03-16 08:30:00,0,24,11,47,1,83
2024-03-16 08:40:00,0,22,13,57,1,93
2024-03-16 08:50:00,1,26,11,61,1,100
2024-03-16 09:00:00,2,18,17,50,2,89
2024-03-16 09:10:00,2,27,18,55,2,104
2024-03-16 09:20:00,1,21,19,43,5,89
2024-03-16 09:30:00,0,32,9,50,1,92
2024-03-16 09:40:00,3,31,14,63,2,113
2024-03-16 09:50:00,1,43,22,55,1,122
2024-03-16 10:00:00,1,37,13,46,4,101
2024-03-16 10:10:00,0,38,18,69,1,126
2024-03-16 10:20:00,2,29,13,52,2,98
2024-03-16 10:30:00,0,32,31,56,4,123
2024-03-16 10:40:00,0,31,31,46,2,110
2024-03-16 10:50:00,0,34,19,57,1,111
2024-03-16 11:00:00,0,33,23,74,1,131
2024-03-16 11:10:00,1,30,21,63,2,117
2024-03-16 11:20:00,0,35,27,58,5,125
2024-03-16 11:30:00,0,32,37,45,2,116
2024-03-16 11:40:00,1,37,26,50,3,117
2024-03-16 11:50:00,1,34,45,51,3,134
2024-03-16 12:00:00,12,32,23,45,3,115
2024-03-16 12:10:00,0,45,27,59,2,133
2024-03-16 12:20:00,0,37,25,47,5,114
2024-03-16 12:30:00,3,27,21,56,2,109
2024-03-16 12:40:00,0,49,41,45,1,136
2024-03-16 12:50:00,2,37,51,67,2,159
2024-03-16 13:00:00,3,41,36,71,4,155
2024-03-16 13:10:00,4,42,30,61,0,137
2024-03-16 13:20:00,3,50,45,59,0,157
2024-03-16 13:30:00,2,35,113,43,3,196
2024-03-16 13:40:00,6,42,35,56,3,142
2024-03-16 13:50:00,9,31,38,43,0,121
2024-03-16 14:00:00,2,37,37,49,3,128
2024-03-16 14:10:00,5,34,48,23,6,116
2024-03-16 14:20:00,3,29,33,38,4,107
2024-03-16 14:30:00,3,42,41,62,2,150
2024-03-16 14:40:00,1,37,22,54,1,115
2024-03-16 14:50:00,3,40,28,59,1,131
2024-03-16 15:00:00,1,44,26,40,2,113
2024-03-16 15:10:00,1,50,27,43,0,121
2024-03-16 15:20:00,4,33,23,41,4,105
2024-03-16 15:30:00,3,25,31,39,3,101
2024-03-16 15:40:00,2,28,30,51,2,113
2024-03-16 15:50:00,3,36,31,35,3,108
2024-03-16 16:00:00,7,26,11,51,1,96
2024-03-16 16:10:00,3,35,20,28,4,90
2024-03-16 16:20:00,4,36,20,47,2,109
2024-03-16 16:30:00,4,31,21,33,5,94
2024-03-16 16:40:00,8,41,39,41,6,135
2024-03-16 16:50:00,10,35,18,33,2,98
2024-03-16 17:00:00,7,44,10,43,0,104
2024-03-16 17:10:00,5,35,22,54,2,118
2024-03-16 17:20:00,2,35,16,57,3,113
2024-03-16 17:30:00,5,34,27,52,2,120
2024-03-16 17:40:00,5,36,39,51,3,134
2024-03-16 17:50:00,5,27,19,30,3,84
2024-03-16 18:00:00,3,30,18,45,2,98
2024-03-16 18:10:00,3,38,20,51,3,115
2024-03-16 18:20:00,2,38,28,42,6,116
2024-03-16 18:30:00,3,25,27,51,1,107
2024-03-16 18:40:00,1,20,25,43,1,90
2024-03-16 18:50:00,2,27,19,36,5,89
2024-03-16 19:00:00,5,21,23,40,4,93
2024-03-16 19:10:00,5,21,14,53,1,94
2024-03-16 19:20:00,6,24,11,45,3,89
2024-03-16 19:30:00,9,26,11,35,3,84
2024-03-16 19:40:00,2,19,8,46,4,79
2024-03-16 19:50:00,4,36,7,65,3,115
2024-03-16 20:00:00,5,29,12,49,2,97
2024-03-16 20:10:00,3,23,7,39,4,76
2024-03-16 20:20:00,7,21,13,43,1,85
2024-03-16 20:30:00,0,30,3,35,2,70
2024-03-16 20:40:00,0,18,3,39,0,60
2024-03-16 20:50:00,1,32,6,44,0,83
2024-03-16 21:00:00,0,28,2,32,1,63
2024-03-16 21:10:00,0,31,5,43,5,84
2024-03-16 21:20:00,5,27,5,30,0,67
2024-03-16 21:30:00,1,22,3,24,1,51
2024-03-16 21:40:00,1,28,6,43,2,80
2024-03-16 21:50:00,3,22,3,42,0,70
2024-03-16 22:00:00,4,27,9,36,2,78
2024-03-16 22:10:00,1,21,6,37,1,66
2024-03-16 22:20:00,7,24,4,27,1,63
2024-03-16 22:30:00,0,25,2,26,0,53
2024-03-16 22:40:00,1,28,2,31,0,62
2024-03-16 22:50:00,2,22,3,29,0,56
2024-03-16 23:00:00,3,23,7,29,0,62
2024-03-16 23:10:00,0,20,3,32,1,56
2024-03-16 23:20:00,2,33,4,22,0,61
2024-03-16 23:30:00,0,19,2,33,0,54
2024-03-16 23:40:00,2,29,6,34,1,72
2024-03-16 23:50:00,0,25,4,19,0,48
2024-03-17 00:00:00,3,25,4,24,0,56
2024-03-17 00:10:00,0,22,5,22,0,49
2024-03-17 00:20:00,1,24,2,20,0,47
2024-03-17 00:30:00,3,18,3,16,0,40
2024-03-17 00:40:00,0,14,2,30,0,46
2024-03-17 00:50:00,0,10,3,20,1,34
2024-03-17 01:00:00,0,16,1,22,0,39
2024-03-17 01:10:00,0,21,2,15,0,38
2024-03-17 01:20:00,2,15,3,14,0,34
2024-03-17 01:30:00,0,17,3,15,0,35
2024-03-17 01:40:00,0,15,0,11,0,26
2024-03-17 01:50:00,1,11,0,11,0,23
2024-03-17 02:00:00,1,16,1,15,0,33
2024-03-17 02:10:00,0,12,2,11,0,25
2024-03-17 02:20:00,0,12,0,11,0,23
2024-03-17 02:30:00,0,13,0,6,0,19
2024-03-17 02:40:00,0,10,1,12,0,23
2024-03-17 02:50:00,0,9,0,9,0,18
2024-03-17 03:00:00,1,4,2,12,0,19
2024-03-17 03:10:00,0,4,0,7,0,11
2024-03-17 03:20:00,0,6,1,6,0,13
2024-03-17 03:30:00,0,5,0,6,0,11
2024-03-17 03:40:00,0,4,0,4,0,8
2024-03-17 03:50:00,0,3,3,8,0,14
2024-03-17 04:00:00,0,5,0,7,0,12
2024-03-17 04:10:00,0,1,0,4,0,5
2024-03-17 04:20:00,0,7,2,7,0,16
2024-03-17 04:30:00,0,4,0,3,1,8
2024-03-17 04:40:00,0,2,0,7,0,9
2024-03-17 04:50:00,0,4,0,4,0,8
2024-03-17 05:00:00,0,4,0,13,1,18
2024-03-17 05:10:00,0,1,0,4,0,5
2024-03-17 05:20:00,0,6,3,10,0,19
2024-03-17 05:30:00,1,3,1,22,1,28
2024-03-17 05:40:00,0,9,0,18,0,27
2024-03-17 05:50:00,0,13,0,7,0,20
2024-03-17 06:00:00,0,5,0,9,0,14
2024-03-17 06:10:00,0,12,2,13,0,27
2024-03-17 06:20:00,0,9,0,8,0,17
2024-03-17 06:30:00,0,8,0,10,0,18
2024-03-17 06:40:00,1,12,2,8,0,23
2024-03-17 06:50:00,0,7,2,11,0,20
2024-03-17 07:00:00,0,5,1,16,0,22
2024-03-17 07:10:00,0,8,1,9,0,18
2024-03-17 07:20:00,0,8,1,9,0,18
2024-03-17 07:30:00,1,10,3,12,0,26
2024-03-17 07:40:00,0,7,2,18,0,27
2024-03-17 07:50:00,0,3,3,14,0,20
2024-03-17 08:00:00,1,11,3,17,0,32
2024-03-17 08:10:00,1,8,4,16,0,29
2024-03-17 08:20:00,0,6,4,16,0,26
2024-03-17 08:30:00,0,10,4,21,2,37
2024-03-17 08:40:00,0,13,2,31,1,47
2024-03-17 08:50:00,0,14,4,34,1,53
2024-03-17 09:00:00,2,14,1,23,0,40
2024-03-17 09:10:00,2,18,6,36,0,62
2024-03-17 09:20:00,2,18,4,26,1,51
2024-03-17 09:30:00,0,19,11,43,6,79
2024-03-17 09:40:00,0,21,13,43,4,81
2024-03-17 09:50:00,2,27,14,34,5,82
2024-03-17 10:00:00,2,22,6,39,2,71
2024-03-17 10:10:00,1,24,10,38,1,74
2024-03-17 10:20:00,1,20,8,40,2,71
2024-03-17 10:30:00,2,35,10,50,4,101
2024-03-17 10:40:00,3,29,7,50,0,89
2024-03-17 10:50:00,0,31,7,47,0,85
2024-03-17 11:00:00,2,27,13,42,1,85
2024-03-17 11:10:00,7,22,18,37,2,86
2024-03-17 11:20:00,1,36,16,54,1,108
2024-03-17 11:30:00,0,31,12,41,3,87
2024-03-17 11:40:00,1,31,12,43,1,88
2024-03-17 11:50:00,0,29,17,61,1,108
2024-03-17 12:00:00,0,35,13,43,0,91
2024-03-17 12:10:00,1,46,9,48,0,104
2024-03-17 12:20:00,1,45,21,46,3,116
2024-03-17 12:30:00,3,35,16,58,1,113
2024-03-17 12:40:00,5,42,19,52,5,123
2024-03-17 12:50:00,4,32,15,50,3,104
2024-03-17 13:00:00,1,35,12,51,2,101
2024-03-17 13:10:00,3,41,12,51,5,112
2024-03-17 13:20:00,6,28,12,53,4,103
2024-03-17 13:30:00,2,27,19,62,1,111
2024-03-17 13:40:00,5,26,11,41,4,87
2024-03-17 13:50:00,2,32,16,55,2,107
2024-03-17 14:00:00,7,29,23,58,4,121
2024-03-17 14:10:00,1,33,18,47,1,100
2024-03-17 14:20:00,3,32,19,33,3,90
2024-03-17 14:30:00,2,43,14,57,3,119
2024-03-17 14:40:00,5,31,19,50,4,109
2024-03-17 14:50:00,5,37,20,37,2,101
2024-03-17 15:00:00,4,28,16,46,2,96
2024-03-17 15:10:00,2,44,14,52,0,112
2024-03-17 15:20:00,5,40,17,40,0,102
2024-03-17 15:30:00,1,33,12,57,1,104
2024-03-17 15:40:00,1,24,12,46,4,87
2024-03-17 15:50:00,0,40,16,58,0,114
2024-03-17 16:00:00,1,26,10,43,2,82
2024-03-17 16:10:00,6,31,19,52,2,110
2024-03-17 16:20:00,4,30,12,39,3,88
2024-03-17 16:30:00,4,24,10,37,5,80
2024-03-17 16:40:00,1,33,9,43,2,88
2024-03-17 16:50:00,3,38,15,49,1,106
2024-03-17 17:00:00,2,27,21,50,3,103
2024-03-17 17:10:00,2,42,8,53,2,107
2024-03-17 17:20:00,1,37,16,71,0,125
2024-03-17 17:30:00,2,36,13,63,1,115
2024-03-17 17:40:00,4,26,24,61,5,120
2024-03-17 17:50:00,1,29,4,41,1,76
2024-03-17 18:00:00,2,32,19,58,1,112
2024-03-17 18:10:00,3,28,18,57,2,108
2024-03-17 18:20:00,9,26,12,59,2,108
2024-03-17 18:30:00,5,28,27,38,1,99
2024-03-17 18:40:00,6,25,10,38,2,81
2024-03-17 18:50:00,4,24,9,39,1,77
2024-03-17 19:00:00,1,34,7,48,0,90
2024-03-17 19:10:00,6,22,2,45,0,75
2024-03-17 19:20:00,5,24,7,45,2,83
2024-03-17 19:30:00,0,22,10,40,2,74
2024-03-17 19:40:00,1,28,5,42,1,77
2024-03-17 19:50:00,2,28,7,46,0,83
2024-03-17 20:00:00,3,19,4,46,2,74
2024-03-17 20:10:00,3,27,8,38,1,77
2024-03-17 20:20:00,10,26,4,35,0,75
2024-03-17 20:30:00,2,28,6,40,3,79
2024-03-17 20:40:00,2,20,6,38,1,67
2024-03-17 20:50:00,2,32,4,28,0,66
2024-03-17 21:00:00,3,24,7,42,2,78
2024-03-17 21:10:00,1,25,3,34,1,64
2024-03-17 21:20:00,1,23,4,27,1,56
2024-03-17 21:30:00,2,26,2,25,2,57
2024-03-17 21:40:00,1,21,0,26,2,50
2024-03-17 21:50:00,1,25,3,22,1,52
2024-03-17 22:00:00,1,24,8,24,1,58
2024-03-17 22:10:00,1,18,4,35,3,61
2024-03-17 22:20:00,0,18,1,25,0,44
2024-03-17 22:30:00,0,15,2,13,0,30
2024-03-17 22:40:00,1,15,4,28,0,48
2024-03-17 22:50:00,0,22,8,16,0,46
2024-03-17 23:00:00,0,13,1,13,0,27
2024-03-17 23:10:00,0,13,1,11,0,25
2024-03-17 23:20:00,0,19,5,17,0,41
2024-03-17 23:30:00,0,11,2,17,0,30
2024-03-17 23:40:00,0,8,2,10,0,20
2024-03-17 23:50:00,0,13,1,6,0,20
2024-03-18 00:00:00,1,7,1,9,0,18
2024-03-18 00:10:00,0,6,0,4,0,10
2024-03-18 00:20:00,0,10,3,7,0,20
2024-03-18 00:30:00,0,5,0,10,0,15
2024-03-18 00:40:00,0,1,0,6,0,7
2024-03-18 00:50:00,0,3,1,2,0,6
2024-03-18 01:00:00,0,5,1,5,0,11
2024-03-18 01:10:00,0,6,0,5,0,11
2024-03-18 01:20:00,0,10,0,1,0,11
2024-03-18 01:30:00,0,4,1,1,0,6
2024-03-18 01:40:00,0,5,1,3,0,9
2024-03-18 01:50:00,0,1,0,2,0,3
2024-03-18 02:00:00,0,0,0,2,0,2
2024-03-18 02:10:00,0,1,1,3,0,5
2024-03-18 02:20:00,0,3,0,0,0,3
2024-03-18 02:30:00,0,5,0,1,0,6
2024-03-18 02:40:00,0,2,0,2,0,4
2024-03-18 02:50:00,0,3,1,2,0,6
2024-03-18 03:00:00,0,0,0,1,0,1
2024-03-18 03:10:00,1,6,1,1,0,9
2024-03-18 03:20:00,0,2,0,0,0,2
2024-03-18 03:30:00,0,4,1,3,0,8
2024-03-18 03:40:00,0,2,1,5,0,8
2024-03-18 03:50:00,0,3,1,3,0,7
2024-03-18 04:00:00,0,4,1,9,0,14
2024-03-18 04:10:00,1,5,4,6,0,16
2024-03-18 04:20:00,0,3,0,4,0,7
2024-03-18 04:30:00,0,2,0,7,0,9
2024-03-18 04:40:00,0,4,4,9,0,17
2024-03-18 04:50:00,0,8,3,19,0,30
2024-03-18 05:00:00,1,6,4,27,0,38
2024-03-18 05:10:00,1,15,5,34,0,55
2024-03-18 05:20:00,1,11,5,29,2,48
2024-03-18 05:30:00,0,13,11,34,0,58
2024-03-18 05:40:00,0,16,6,47,0,69
2024-03-18 05:50:00,0,15,13,44,0,72
2024-03-18 06:00:00,2,20,18,50,1,91
2024-03-18 06:10:00,3,26,36,56,1,122
2024-03-18 06:20:00,4,18,38,48,2,110
2024-03-18 06:30:00,1,24,45,47,2,119
2024-03-18 06:40:00,2,24,47,51,1,125
2024-03-18 06:50:00,2,26,65,55,4,152
2024-03-18 07:00:00,5,31,43,37,3,119
2024-03-18 07:10:00,4,34,54,55,4,151
2024-03-18 07:20:00,1,32,46,44,6,129
2024-03-18 07:30:00,5,17,48,43,8,121
2024-03-18 07:40:00,2,29,52,31,6,120
2024-03-18 07:50:00,6,26,23,24,4,83
2024-03-18 08:00:00,6,32,36,40,3,117
2024-03-18 08:10:00,5,26,32,34,3,100
2024-03-18 08:20:00,8,26,47,40,2,123
2024-03-18 08:30:00,2,37,58,56,1,154
2024-03-18 08:40:00,1,30,46,48,0,125
2024-03-18 08:50:00,1,38,53,45,4,141
2024-03-18 09:00:00,3,18,47,59,5,132
2024-03-18 09:10:00,0,35,35,65,3,138
2024-03-18 09:20:00,1,28,11,20,4,64
2024-03-18 09:30:00,1,26,13,35,1,76
2024-03-18 09:40:00,1,22,28,48,6,105
2024-03-18 09:50:00,0,28,29,53,3,113
2024-03-18 10:00:00,3,22,18,51,3,97
2024-03-18 10:10:00,2,32,12,51,4,101
2024-03-18 10:20:00,0,25,26,38,4,93
2024-03-18 10:30:00,2,27,39,39,1,108
2024-03-18 10:40:00,1,37,26,50,1,115
2024-03-18 10:50:00,2,27,17,65,0,111
2024-03-18 11:00:00,2,39,21,55,3,120
2024-03-18 11:10:00,1,35,16,50,1,103
2024-03-18 11:20:00,1,31,28,54,3,117
2024-03-18 11:30:00,5,37,17,52,2,113
2024-03-18 11:40:00,1,34,23,51,1,110
2024-03-18 11:50:00,0,32,19,42,5,98
2024-03-18 12:00:00,1,52,16,43,1,113
2024-03-18 12:10:00,4,43,8,58,1,114
2024-03-18 12:20:00,0,29,15,48,1,93
2024-03-18 12:30:00,1,35,25,50,3,114
2024-03-18 12:40:00,2,31,27,37,7,104
2024-03-18 12:50:00,1,29,24,51,3,108
2024-03-18 13:00:00,3,42,24,41,2,112
2024-03-18 13:10:00,3,25,20,32,3,83
2024-03-18 13:20:00,5,38,25,26,3,97
2024-03-18 13:30:00,9,46,23,46,3,127
2024-03-18 13:40:00,9,33,27,40,1,110
2024-03-18 13:50:00,6,34,34,47,3,124
2024-03-18 14:00:00,11,33,17,46,0,107
2024-03-18 14:10:00,7,45,17,38,2,109
2024-03-18 14:20:00,10,42,28,61,2,143
2024-03-18 14:30:00,25,42,17,51,3,138
2024-03-18 14:40:00,33,44,27,57,3,164
2024-03-18 14:50:00,25,35,16,56,5,137
2024-03-18 15:00:00,42,31,21,47,1,142
2024-03-18 15:10:00,47,42,17,43,9,158
2024-03-18 15:20:00,45,42,20,43,0,150
2024-03-18 15:30:00,41,24,25,41,2,133
2024-03-18 15:40:00,42,32,29,41,3,147
2024-03-18 15:50:00,65,39,27,61,2,194
2024-03-18 16:00:00,55,33,26,55,2,171
2024-03-18 16:10:00,61,43,21,50,3,178
2024-03-18 16:20:00,52,30,28,48,4,162
2024-03-18 16:30:00,72,46,20,55,2,195
2024-03-18 16:40:00,49,32,18,49,3,151
2024-03-18 16:50:00,56,31,34,26,2,149
2024-03-18 17:00:00,51,35,35,42,4,167
2024-03-18 17:10:00,61,34,29,57,3,184
2024-03-18 17:20:00,61,33,36,36,4,170
2024-03-18 17:30:00,61,40,45,45,2,193
2024-03-18 17:40:00,64,43,30,51,4,192
2024-03-18 17:50:00,49,37,34,56,4,180
2024-03-18 18:00:00,58,36,33,50,4,181
2024-03-18 18:10:00,44,30,28,44,2,148
2024-03-18 18:20:00,43,34,34,38,3,152
2024-03-18 18:30:00,41,26,27,52,2,148
2024-03-18 18:40:00,33,32,27,42,3,137
2024-03-18 18:50:00,24,24,14,32,1,95
2024-03-18 19:00:00,23,25,10,37,4,99
2024-03-18 19:10:00,11,31,6,49,3,100
2024-03-18 19:20:00,1,29,12,41,2,85
2024-03-18 19:30:00,8,36,10,42,2,98
2024-03-18 19:40:00,10,28,17,47,3,105
2024-03-18 19:50:00,3,24,2,32,1,62
2024-03-18 20:00:00,2,26,4,40,1,73
2024-03-18 20:10:00,1,31,5,35,2,74
2024-03-18 20:20:00,5,29,7,32,1,74
2024-03-18 20:30:00,3,21,7,33,2,66
2024-03-18 20:40:00,1,24,10,30,1,66
2024-03-18 20:50:00,4,22,7,30,0,63
2024-03-18 21:00:00,0,28,6,31,0,65
2024-03-18 21:10:00,7,23,7,34,2,73
2024-03-18 21:20:00,3,20,6,27,0,56
2024-03-18 21:30:00,2,21,4,33,1,61
2024-03-18 21:40:00,5,17,4,15,0,41
2024-03-18 21:50:00,3,17,3,30,0,53
2024-03-18 22:00:00,0,20,8,29,0,57
2024-03-18 22:10:00,0,15,3,25,0,43
2024-03-18 22:20:00,4,15,6,26,0,51
2024-03-18 22:30:00,0,19,3,18,1,41
2024-03-18 22:40:00,2,14,3,18,0,37
2024-03-18 22:50:00,3,12,6,12,0,33
2024-03-18 23:00:00,0,16,3,14,0,33
2024-03-18 23:10:00,2,14,4,16,0,36
2024-03-18 23:20:00,0,13,3,12,0,28
2024-03-18 23:30:00,0,10,0,7,0,17
2024-03-18 23:40:00,0,10,1,9,0,20
2024-03-18 23:50:00,0,7,5,10,0,22
2024-03-19 00:00:00,1,5,0,8,0,14
2024-03-19 00:10:00,0,8,1,8,0,17
2024-03-19 00:20:00,0,6,1,5,0,12
2024-03-19 00:30:00,0,6,0,4,0,10
2024-03-19 00:40:00,0,5,0,4,0,9
2024-03-19 00:50:00,0,4,0,2,0,6
2024-03-19 01:00:00,0,0,0,2,0,2
2024-03-19 01:10:00,3,3,3,6,0,15
2024-03-19 01:20:00,0,4,2,3,0,9
2024-03-19 01:30:00,0,4,0,0,0,4
2024-03-19 01:40:00,0,3,0,2,0,5
2024-03-19 01:50:00,0,3,0,0,0,3
2024-03-19 02:00:00,0,1,0,0,0,1
2024-03-19 02:10:00,0,1,0,2,0,3
2024-03-19 02:20:00,0,4,0,1,0,5
2024-03-19 02:30:00,0,6,0,1,0,7
2024-03-19 02:40:00,0,2,1,0,0,3
2024-03-19 02:50:00,1,6,0,3,0,10
2024-03-19 03:00:00,0,1,0,2,0,3
2024-03-19 03:10:00,0,5,1,3,0,9
2024-03-19 03:20:00,0,5,1,4,0,10
2024-03-19 03:30:00,0,5,0,5,0,10
2024-03-19 03:40:00,0,0,0,4,0,4
2024-03-19 03:50:00,0,1,1,4,0,6
2024-03-19 04:00:00,0,7,0,3,0,10
2024-03-19 04:10:00,1,1,1,8,0,11
2024-03-19 04:20:00,1,8,0,6,0,15
2024-03-19 04:30:00,0,1,2,11,0,14
2024-03-19 04:40:00,0,3,0,13,0,16
2024-03-19 04:50:00,0,3,2,20,0,25
2024-03-19 05:00:00,0,3,1,25,0,29
2024-03-19 05:10:00,0,10,2,25,0,37
2024-03-19 05:20:00,0,9,4,27,0,40
2024-03-19 05:30:00,2,11,5,48,1,67
2024-03-19 05:40:00,1,15,14,50,0,80
2024-03-19 05:50:00,1,15,6,38,0,60
2024-03-19 06:00:00,3,20,8,57,0,88
2024-03-19 06:10:00,2,19,17,39,4,81
2024-03-19 06:20:00,2,19,46,51,1,119
2024-03-19 06:30:00,3,25,37,44,1,110
2024-03-19 06:40:00,3,21,53,47,0,124
2024-03-19 06:50:00,4,22,58,61,1,146
2024-03-19 07:00:00,1,35,52,49,6,143
2024-03-19 07:10:00,10,23,44,53,3,133
2024-03-19 07:20:00,8,25,46,56,7,142
2024-03-19 07:30:00,4,19,30,36,10,99
2024-03-19 07:40:00,2,27,39,40,7,115
2024-03-19 07:50:00,4,28,27,25,3,87
2024-03-19 08:00:00,4,40,20,13,3,80
2024-03-19 08:10:00,0,31,45,60,5,141
2024-03-19 08:20:00,2,40,59,50,2,153
2024-03-19 08:30:00,7,35,55,42,4,143
2024-03-19 08:40:00,4,33,44,43,2,126
2024-03-19 08:50:00,8,31,54,44,3,140
2024-03-19 09:00:00,5,29,39,53,6,132
2024-03-19 09:10:00,5,32,25,57,2,121
2024-03-19 09:20:00,11,32,24,70,1,138
2024-03-19 09:30:00,5,29,23,70,3,130
2024-03-19 09:40:00,9,36,24,62,5,136
2024-03-19 09:50:00,4,36,22,64,2,128
2024-03-19 10:00:00,5,35,37,64,3,144
2024-03-19 10:10:00,3,27,18,42,3,93
2024-03-19 10:20:00,6,36,17,60,3,122
2024-03-19 10:30:00,7,27,24,52,1,111
2024-03-19 10:40:00,3,33,14,65,2,117
2024-03-19 10:50:00,5,34,14,66,2,121
2024-03-19 11:00:00,3,28,23,57,2,113
2024-03-19 11:10:00,5,36,26,65,3,135
2024-03-19 11:20:00,3,40,21,53,1,118
2024-03-19 11:30:00,4,42,27,63,2,138
2024-03-19 11:40:00,3,45,18,54,1,121
2024-03-19 11:50:00,5,27,16,50,3,101
2024-03-19 12:00:00,7,38,22,44,2,113
2024-03-19 12:10:00,6,39,28,47,2,122
2024-03-19 12:20:00,5,33,22,40,3,103
2024-03-19 12:30:00,8,34,20,48,4,114
2024-03-19 12:40:00,12,31,39,33,3,118
2024-03-19 12:50:00,5,51,29,53,1,139
2024-03-19 13:00:00,8,40,39,44,5,136
2024-03-19 13:10:00,3,40,14,58,2,117
2024-03-19 13:20:00,6,44,18,49,2,119
2024-03-19 13:30:00,7,37,26,55,2,127
2024-03-19 13:40:00,6,43,32,54,1,136
2024-03-19 13:50:00,9,46,26,49,3,133
2024-03-19 14:00:00,13,42,25,49,1,130
2024-03-19 14:10:00,8,40,31,50,3,132
2024-03-19 14:20:00,13,50,23,57,3,146
2024-03-19 14:30:00,12,54,25,51,2,144
2024-03-19 14:40:00,14,50,16,55,3,138
2024-03-19 14:50:00,26,59,31,33,2,151
2024-03-19 15:00:00,20,46,22,43,2,133
2024-03-19 15:10:00,26,42,34,51,4,157
2024-03-19 15:20:00,20,46,30,60,2,158
2024-03-19 15:30:00,26,35,28,38,3,130
2024-03-19 15:40:00,37,45,26,61,3,172
2024-03-19 15:50:00,36,37,27,56,2,158
2024-03-19 16:00:00,47,41,17,44,3,152
2024-03-19 16:10:00,54,36,35,65,1,191
2024-03-19 16:20:00,40,55,26,43,4,168
2024-03-19 16:30:00,40,40,20,52,5,157
2024-03-19 16:40:00,64,33,33,50,4,184
2024-03-19 16:50:00,44,33,33,33,3,146
2024-03-19 17:00:00,46,46,33,40,4,169
2024-03-19 17:10:00,67,38,37,37,3,182
2024-03-19 17:20:00,64,39,42,40,6,191
2024-03-19 17:30:00,72,46,26,57,12,213
2024-03-19 17:40:00,57,33,44,48,4,186
2024-03-19 17:50:00,50,37,39,30,4,160
2024-03-19 18:00:00,57,38,36,54,2,187
2024-03-19 18:10:00,53,41,31,49,4,178
2024-03-19 18:20:00,55,28,26,49,3,161
2024-03-19 18:30:00,41,32,38,37,3,151
2024-03-19 18:40:00,38,21,19,57,1,136
2024-03-19 18:50:00,44,26,22,50,1,143
2024-03-19 19:00:00,8,31,14,37,2,92
2024-03-19 19:10:00,6,26,23,41,4,100
2024-03-19 19:20:00,7,37,21,44,3,112
2024-03-19 19:30:00,4,29,4,51,2,90
2024-03-19 19:40:00,2,16,11,31,3,63
2024-03-19 19:50:00,3,28,1,54,2,88
2024-03-19 20:00:00,1,23,4,44,1,73
2024-03-19 20:10:00,1,23,9,36,2,71
2024-03-19 20:20:00,3,29,5,38,1,76
2024-03-19 20:30:00,1,23,8,32,2,66
2024-03-19 20:40:00,2,23,4,36,1,66
2024-03-19 20:50:00,2,23,6,32,0,63
2024-03-19 21:00:00,4,29,4,24,1,62
2024-03-19 21:10:00,0,17,10,28,2,57
2024-03-19 21:20:00,2,31,3,25,0,61
2024-03-19 21:30:00,3,29,2,33,0,67
2024-03-19 21:40:00,0,28,4,30,1,63
2024-03-19 21:50:00,2,25,1,24,2,54
2024-03-19 22:00:00,1,27,7,27,0,62
2024-03-19 22:10:00,2,17,8,29,1,57
2024-03-19 22:20:00,1,14,8,24,0,47
2024-03-19 22:30:00,1,20,2,27,1,51
2024-03-19 22:40:00,3,22,4,24,1,54
2024-03-19 22:50:00,2,15,4,23,0,44
2024-03-19 23:00:00,0,24,3,10,0,37
2024-03-19 23:10:00,1,15,1,22,1,40
2024-03-19 23:20:00,0,9,4,18,0,31
2024-03-19 23:30:00,0,14,1,18,0,33
2024-03-19 23:40:00,0,8,4,6,0,18
2024-03-19 23:50:00,1,13,3,6,1,24
2024-03-20 00:00:00,1,6,1,6,0,14
2024-03-20 00:10:00,0,10,1,10,0,21
2024-03-20 00:20:00,0,3,1,2,0,6
2024-03-20 00:30:00,0,12,0,6,0,18
2024-03-20 00:40:00,0,8,2,5,0,15
2024-03-20 00:50:00,0,6,2,5,0,13
2024-03-20 01:00:00,0,1,2,3,0,6
2024-03-20 01:10:00,0,3,0,4,0,7
2024-03-20 01:20:00,0,3,0,0,0,3
2024-03-20 01:30:00,0,2,0,7,0,9
2024-03-20 01:40:00,1,3,1,2,0,7
2024-03-20 01:50:00,0,0,0,0,0,0
2024-03-20 02:00:00,0,1,0,1,0,2
2024-03-20 02:10:00,0,2,0,4,0,6
2024-03-20 02:20:00,0,2,0,2,0,4
2024-03-20 02:30:00,0,0,0,0,0,0
2024-03-20 02:40:00,0,3,0,3,0,6
2024-03-20 02:50:00,0,6,0,0,0,6
2024-03-20 03:00:00,0,1,0,0,0,1
2024-03-20 03:10:00,0,1,1,1,0,3
2024-03-20 03:20:00,0,3,1,0,0,4
2024-03-20 03:30:00,0,6,0,0,0,6
2024-03-20 03:40:00,0,3,0,2,0,5
2024-03-20 03:50:00,0,3,1,5,0,9
2024-03-20 04:00:00,0,2,3,5,0,10
2024-03-20 04:10:00,0,7,0,10,0,17
2024-03-20 04:20:00,0,3,0,7,0,10
2024-03-20 04:30:00,0,2,2,6,0,10
2024-03-20 04:40:00,0,2,0,8,0,10
2024-03-20 04:50:00,0,8,0,18,0,26
2024-03-20 05:00:00,0,7,1,15,0,23
2024-03-20 05:10:00,0,10,2,25,0,37
2024-03-20 05:20:00,3,12,3,27,1,46
2024-03-20 05:30:00,2,10,4,52,0,68
2024-03-20 05:40:00,0,14,10,54,0,78
2024-03-20 05:50:00,0,17,11,49,0,77
2024-03-20 06:00:00,2,14,17,45,0,78
2024-03-20 06:10:00,0,25,31,44,0,100
2024-03-20 06:20:00,0,19,35,41,1,96
2024-03-20 06:30:00,1,29,50,53,1,134
2024-03-20 06:40:00,3,22,47,56,2,130
2024-03-20 06:50:00,3,19,55,52,4,133
2024-03-20 07:00:00,2,20,45,57,3,127
2024-03-20 07:10:00,5,31,49,52,4,141
2024-03-20 07:20:00,1,25,51,45,3,125
2024-03-20 07:30:00,3,28,56,53,6,146
2024-03-20 07:40:00,11,18,32,44,4,109
2024-03-20 07:50:00,2,20,44,45,2,113
2024-03-20 08:00:00,3,32,63,43,2,143
2024-03-20 08:10:00,2,21,45,43,2,113
2024-03-20 08:20:00,8,31,42,32,2,115
2024-03-20 08:30:00,10,34,36,41,5,126
2024-03-20 08:40:00,3,26,35,39,2,105
2024-03-20 08:50:00,2,33,51,41,3,130
2024-03-20 09:00:00,4,20,24,50,5,103
2024-03-20 09:10:00,4,33,36,55,2,130
2024-03-20 09:20:00,2,29,17,71,3,122
2024-03-20 09:30:00,2,30,24,40,4,100
2024-03-20 09:40:00,0,37,33,52,1,123
2024-03-20 09:50:00,5,31,24,65,1,126
2024-03-20 10:00:00,6,29,26,42,2,105
2024-03-20 10:10:00,0,38,18,48,2,106
2024-03-20 10:20:00,2,28,25,45,2,102
2024-03-20 10:30:00,0,32,24,59,1,116
2024-03-20 10:40:00,0,32,6,52,3,93
2024-03-20 10:50:00,2,38,20,61,2,123
2024-03-20 11:00:00,1,32,14,54,3,104
2024-03-20 11:10:00,1,33,27,51,5,117
2024-03-20 11:20:00,1,27,18,47,2,95
2024-03-20 11:30:00,2,34,20,47,2,105
2024-03-20 11:40:00,1,37,13,57,4,112
2024-03-20 11:50:00,0,30,23,46,3,102
2024-03-20 12:00:00,2,33,19,49,4,107
2024-03-20 12:10:00,0,36,29,51,2,118
2024-03-20 12:20:00,3,43,32,49,4,131
2024-03-20 12:30:00,3,50,21,39,4,117
2024-03-20 12:40:00,3,44,30,45,1,123
2024-03-20 12:50:00,4,40,22,57,3,126
2024-03-20 13:00:00,5,48,20,46,2,121
2024-03-20 13:10:00,2,45,22,49,1,119
2024-03-20 13:20:00,6,41,19,43,1,110
2024-03-20 13:30:00,14,42,35,48,3,142
2024-03-20 13:40:00,8,50,23,79,2,162
2024-03-20 13:50:00,5,42,27,40,3,117
2024-03-20 14:00:00,9,34,23,34,5,105
2024-03-20 14:10:00,13,36,23,48,2,122
2024-03-20 14:20:00,11,45,22,50,3,131
2024-03-20 14:30:00,13,45,20,66,1,145
2024-03-20 14:40:00,26,41,23,47,3,140
2024-03-20 14:50:00,19,40,20,29,4,112
2024-03-20 15:00:00,31,36,26,40,3,136
2024-03-20 15:10:00,42,48,27,55,3,175
2024-03-20 15:20:00,46,34,37,63,3,183
2024-03-20 15:30:00,48,43,29,53,7,180
2024-03-20 15:40:00,35,19,22,52,2,130
2024-03-20 15:50:00,51,30,26,51,1,159
2024-03-20 16:00:00,48,36,38,50,5,177
2024-03-20 16:10:00,60,41,35,41,3,180
2024-03-20 16:20:00,43,25,33,34,6,141
2024-03-20 16:30:00,47,32,36,56,5,176
2024-03-20 16:40:00,57,40,36,29,5,167
2024-03-20 16:50:00,45,29,42,40,4,160
2024-03-20 17:00:00,56,34,43,56,4,193
2024-03-20 17:10:00,75,36,22,31,4,168
2024-03-20 17:20:00,52,29,23,32,0,136
2024-03-20 17:30:00,41,26,39,36,4,146
2024-03-20 17:40:00,54,36,41,47,2,180
2024-03-20 17:50:00,52,35,27,57,8,179
2024-03-20 18:00:00,43,34,25,37,3,142
2024-03-20 18:10:00,49,33,54,57,5,198
2024-03-20 18:20:00,51,29,37,31,6,154
2024-03-20 18:30:00,50,31,33,45,2,161
2024-03-20 18:40:00,34,27,45,26,2,134
2024-03-20 18:50:00,18,29,24,36,4,111
2024-03-20 19:00:00,10,27,26,34,4,101
2024-03-20 19:10:00,7,32,23,38,2,102
2024-03-20 19:20:00,9,29,28,43,4,113
2024-03-20 19:30:00,9,30,16,44,3,102
2024-03-20 19:40:00,4,26,26,47,3,106
2024-03-20 19:50:00,9,25,24,34,4,96
2024-03-20 20:00:00,8,25,19,45,1,98
2024-03-20 20:10:00,7,30,24,29,2,92
2024-03-20 20:20:00,5,31,11,39,0,86
2024-03-20 20:30:00,3,24,10,40,3,80
2024-03-20 20:40:00,3,24,5,43,2,77
2024-03-20 20:50:00,3,32,11,42,2,90
2024-03-20 21:00:00,5,24,4,29,1,63
2024-03-20 21:10:00,4,26,5,32,2,69
2024-03-20 21:20:00,2,31,5,32,0,70
2024-03-20 21:30:00,4,28,6,32,1,71
2024-03-20 21:40:00,1,25,4,35,1,66
2024-03-20 21:50:00,2,26,5,34,1,68
2024-03-20 22:00:00,2,20,7,30,0,59
2024-03-20 22:10:00,3,26,5,25,3,62
2024-03-20 22:20:00,1,21,8,34,1,65
2024-03-20 22:30:00,3,22,3,28,0,56
2024-03-20 22:40:00,1,25,7,22,0,55
2024-03-20 22:50:00,1,22,9,29,0,61
2024-03-20 23:00:00,0,18,7,26,0,51
2024-03-20 23:10:00,0,15,6,13,0,34
2024-03-20 23:20:00,1,14,7,16,0,38
2024-03-20 23:30:00,2,15,3,11,0,31
2024-03-20 23:40:00,0,9,1,7,0,17
2024-03-20 23:50:00,1,9,1,8,0,19
2024-03-21 00:00:00,0,5,0,4,0,9
2024-03-21 00:10:00,0,4,5,15,0,24
2024-03-21 00:20:00,0,10,1,12,0,23
2024-03-21 00:30:00,0,7,1,10,0,18
2024-03-21 00:40:00,0,4,1,4,0,9
2024-03-21 00:50:00,0,4,2,1,0,7
2024-03-21 01:00:00,0,5,1,7,0,13
2024-03-21 01:10:00,0,6,0,3,0,9
2024-03-21 01:20:00,0,6,1,6,0,13
2024-03-21 01:30:00,0,3,1,7,0,11
2024-03-21 01:40:00,0,3,1,1,0,5
2024-03-21 01:50:00,0,1,1,2,0,4
2024-03-21 02:00:00,1,4,1,2,0,8
2024-03-21 02:10:00,1,3,0,2,0,6
2024-03-21 02:20:00,0,6,1,3,0,10
2024-03-21 02:30:00,0,1,0,1,0,2
2024-03-21 02:40:00,0,3,1,2,0,6
2024-03-21 02:50:00,0,7,1,3,0,11
2024-03-21 03:00:00,0,2,0,2,0,4
2024-03-21 03:10:00,0,3,0,1,0,4
2024-03-21 03:20:00,0,4,0,2,0,6
2024-03-21 03:30:00,0,5,1,1,0,7
2024-03-21 03:40:00,0,1,2,3,0,6
2024-03-21 03:50:00,0,1,1,7,0,9
2024-03-21 04:00:00,0,5,0,2,0,7
2024-03-21 04:10:00,0,2,0,2,0,4
2024-03-21 04:20:00,0,3,1,8,0,12
2024-03-21 04:30:00,0,3,1,6,0,10
2024-03-21 04:40:00,0,6,0,11,0,17
2024-03-21 04:50:00,0,2,2,15,0,19
2024-03-21 05:00:00,0,6,2,21,1,30
2024-03-21 05:10:00,0,9,5,31,0,45
2024-03-21 05:20:00,1,12,9,32,0,54
2024-03-21 05:30:00,2,7,11,46,0,66
2024-03-21 05:40:00,1,13,20,47,0,81
2024-03-21 05:50:00,1,17,14,49,0,81
2024-03-21 06:00:00,0,16,21,43,1,81
2024-03-21 06:10:00,1,20,23,48,0,92
2024-03-21 06:20:00,3,21,38,61,3,126
2024-03-21 06:30:00,2,23,47,57,1,130
2024-03-21 06:40:00,0,25,52,58,0,135
2024-03-21 06:50:00,4,24,43,37,0,108
2024-03-21 07:00:00,6,29,50,56,6,147
2024-03-21 07:10:00,6,19,63,64,1,153
2024-03-21 07:20:00,4,30,35,39,5,113
2024-03-21 07:30:00,3,29,45,35,7,119
2024-03-21 07:40:00,3,30,44,31,3,111
2024-03-21 07:50:00,3,32,45,35,3,118
2024-03-21 08:00:00,3,28,50,40,4,125
2024-03-21 08:10:00,4,32,58,66,2,162
2024-03-21 08:20:00,2,31,52,51,4,140
2024-03-21 08:30:00,0,24,51,45,3,123
2024-03-21 08:40:00,2,29,44,50,4,129
2024-03-21 08:50:00,0,26,59,58,4,147
2024-03-21 09:00:00,3,30,40,50,2,125
2024-03-21 09:10:00,2,22,45,53,6,128
2024-03-21 09:20:00,5,25,32,54,3,119
2024-03-21 09:30:00,5,35,48,61,5,154
2024-03-21 09:40:00,0,22,22,47,6,97
2024-03-21 09:50:00,4,27,25,51,6,113
2024-03-21 10:00:00,3,32,26,53,3,117
2024-03-21 10:10:00,2,38,28,56,7,131
2024-03-21 10:20:00,3,32,20,58,2,115
2024-03-21 10:30:00,4,35,30,53,3,125
2024-03-21 10:40:00,6,31,30,46,5,118
2024-03-21 10:50:00,1,26,39,34,3,103
2024-03-21 11:00:00,0,32,24,52,3,111
2024-03-21 11:10:00,31,27,23,47,2,130
2024-03-21 11:20:00,6,30,29,29,8,102
2024-03-21 11:30:00,3,31,34,62,5,135
2024-03-21 11:40:00,3,32,27,56,1,119
2024-03-21 11:50:00,1,32,22,51,5,111
2024-03-21 12:00:00,4,28,40,37,0,109
2024-03-21 12:10:00,7,34,23,39,2,105
2024-03-21 12:20:00,9,35,30,61,6,141
2024-03-21 12:30:00,8,47,49,45,6,155
2024-03-21 12:40:00,4,26,30,45,4,109
2024-03-21 12:50:00,4,29,22,51,2,108
2024-03-21 13:00:00,7,42,28,48,6,131
2024-03-21 13:10:00,8,35,30,41,1,115
2024-03-21 13:20:00,9,28,61,42,2,142
2024-03-21 13:30:00,4,36,26,46,3,115
2024-03-21 13:40:00,4,38,32,45,4,123
2024-03-21 13:50:00,9,36,34,46,3,128
2024-03-21 14:00:00,4,41,30,59,0,134
2024-03-21 14:10:00,7,50,24,57,0,138
2024-03-21 14:20:00,20,45,27,39,6,137
2024-03-21 14:30:00,13,37,31,64,1,146
2024-03-21 14:40:00,18,39,23,61,3,144
2024-03-21 14:50:00,35,57,40,52,7,191
2024-03-21 15:00:00,29,43,37,51,7,167
2024-03-21 15:10:00,42,42,60,48,3,195
2024-03-21 15:20:00,42,48,25,65,5,185
2024-03-21 15:30:00,39,54,47,55,1,196
2024-03-21 15:40:00,41,49,70,36,4,200
2024-03-21 15:50:00,66,51,45,45,3,210
2024-03-21 16:00:00,49,47,40,44,2,182
2024-03-21 16:10:00,42,53,38,30,5,168
2024-03-21 16:20:00,56,44,45,41,7,193
2024-03-21 16:30:00,62,32,24,47,4,169
2024-03-21 16:40:00,65,30,41,50,4,190
2024-03-21 16:50:00,63,35,32,72,4,206
2024-03-21 17:00:00,79,46,56,34,5,220
2024-03-21 17:10:00,64,31,35,36,2,168
2024-03-21 17:20:00,75,39,45,47,5,211
2024-03-21 17:30:00,61,37,40,51,3,192
2024-03-21 17:40:00,64,38,37,51,2,192
2024-03-21 17:50:00,60,37,38,36,2,173
2024-03-21 18:00:00,54,33,25,50,5,167
2024-03-21 18:10:00,56,29,36,52,6,179
2024-03-21 18:20:00,46,29,35,50,5,165
2024-03-21 18:30:00,50,32,26,47,4,159
2024-03-21 18:40:00,39,20,28,37,2,126
2024-03-21 18:50:00,33,20,33,35,4,125
2024-03-21 19:00:00,24,32,17,51,3,127
2024-03-21 19:10:00,5,24,11,60,5,105
2024-03-21 19:20:00,10,28,12,51,4,105
2024-03-21 19:30:00,7,30,18,38,3,96
2024-03-21 19:40:00,10,28,12,41,3,94
2024-03-21 19:50:00,7,29,17,34,3,90
2024-03-21 20:00:00,3,22,5,39,1,70
2024-03-21 20:10:00,3,29,2,38,0,72
2024-03-21 20:20:00,1,21,13,34,3,72
2024-03-21 20:30:00,2,26,8,29,0,65
2024-03-21 20:40:00,6,24,7,43,3,83
2024-03-21 20:50:00,5,24,10,29,0,68
2024-03-21 21:00:00,2,20,3,29,3,57
2024-03-21 21:10:00,4,30,6,29,1,70
2024-03-21 21:20:00,3,25,3,48,0,79
2024-03-21 21:30:00,1,20,4,29,2,56
2024-03-21 21:40:00,2,31,8,28,0,69
2024-03-21 21:50:00,7,31,3,22,1,64
2024-03-21 22:00:00,3,22,9,25,2,61
2024-03-21 22:10:00,0,16,4,31,0,51
2024-03-21 22:20:00,2,17,3,32,0,54
2024-03-21 22:30:00,3,25,7,29,1,65
2024-03-21 22:40:00,0,16,3,21,1,41
2024-03-21 22:50:00,0,20,7,34,0,61
2024-03-21 23:00:00,2,17,3,19,0,41
2024-03-21 23:10:00,0,18,4,20,0,42
2024-03-21 23:20:00,0,17,4,18,0,39
2024-03-21 23:30:00,0,8,3,17,0,28
2024-03-21 23:40:00,0,10,1,7,0,18
2024-03-21 23:50:00,0,19,1,13,0,33
2024-03-22 00:00:00,0,15,0,8,0,23
2024-03-22 00:10:00,0,11,1,8,0,20
2024-03-22 00:20:00,0,5,0,11,0,16
2024-03-22 00:30:00,1,8,2,8,0,19
2024-03-22 00:40:00,0,4,2,7,0,13
2024-03-22 00:50:00,0,2,1,10,0,13
2024-03-22 01:00:00,0,5,1,4,0,10
2024-03-22 01:10:00,0,5,0,8,0,13
2024-03-22 01:20:00,0,10,0,6,0,16
2024-03-22 01:30:00,0,3,0,4,1,8
2024-03-22 01:40:00,1,6,1,5,0,13
2024-03-22 01:50:00,0,4,0,1,0,5
2024-03-22 02:00:00,0,5,0,2,0,7
2024-03-22 02:10:00,0,4,0,2,0,6
2024-03-22 02:20:00,0,2,1,2,0,5
2024-03-22 02:30:00,0,4,0,5,0,9
2024-03-22 02:40:00,0,7,0,2,0,9
2024-03-22 02:50:00,2,9,0,1,0,12
2024-03-22 03:00:00,1,6,3,2,0,12
2024-03-22 03:10:00,0,1,0,2,0,3
2024-03-22 03:20:00,0,4,0,4,0,8
2024-03-22 03:30:00,0,4,0,0,0,4
2024-03-22 03:40:00,0,0,3,5,0,8
2024-03-22 03:50:00,0,4,1,3,0,8
2024-03-22 04:00:00,0,2,1,6,0,9
2024-03-22 04:10:00,0,2,0,6,0,8
2024-03-22 04:20:00,4,4,2,9,0,19
2024-03-22 04:30:00,1,2,1,6,0,10
2024-03-22 04:40:00,2,3,0,8,0,13
2024-03-22 04:50:00,5,6,3,17,0,31
2024-03-22 05:00:00,5,5,3,17,0,30
2024-03-22 05:10:00,14,8,4,24,0,50
2024-03-22 05:20:00,13,12,6,30,0,61
2024-03-22 05:30:00,9,12,10,52,0,83
2024-03-22 05:40:00,13,10,3,56,0,82
2024-03-22 05:50:00,16,14,14,44,0,88
2024-03-22 06:00:00,18,15,18,43,0,94
2024-03-22 06:10:00,18,20,29,40,0,107
2024-03-22 06:20:00,14,24,42,52,1,133
2024-03-22 06:30:00,3,21,44,60,0,128
2024-03-22 06:40:00,1,19,39,41,1,101
2024-03-22 06:50:00,0,27,52,56,0,135
2024-03-22 07:00:00,2,25,42,47,4,120
2024-03-22 07:10:00,1,26,51,46,4,128
2024-03-22 07:20:00,1,27,57,49,2,136
2024-03-22 07:30:00,0,21,38,40,9,108
2024-03-22 07:40:00,0,26,44,43,4,117
2024-03-22 07:50:00,0,20,41,41,4,106
2024-03-22 08:00:00,0,31,53,36,1,121
2024-03-22 08:10:00,0,22,37,42,3,104
2024-03-22 08:20:00,2,32,52,35,4,125
2024-03-22 08:30:00,0,29,45,41,5,120
2024-03-22 08:40:00,2,27,47,39,2,117
2024-03-22 08:50:00,2,29,49,44,3,127
2024-03-22 09:00:00,0,26,33,55,2,116
2024-03-22 09:10:00,1,20,23,45,5,94
2024-03-22 09:20:00,0,28,39,62,1,130
2024-03-22 09:30:00,0,36,35,41,3,115
2024-03-22 09:40:00,0,37,42,62,2,143
2024-03-22 09:50:00,0,29,42,47,2,120
2024-03-22 10:00:00,0,36,30,60,2,128
2024-03-22 10:10:00,1,37,24,57,1,120
2024-03-22 10:20:00,3,11,49,44,0,107
2024-03-22 10:30:00,1,29,27,58,1,116
2024-03-22 10:40:00,0,29,33,61,2,125
2024-03-22 10:50:00,1,40,34,41,2,118
2024-03-22 11:00:00,0,42,26,56,2,126
2024-03-22 11:10:00,1,38,32,52,2,125
2024-03-22 11:20:00,0,39,30,44,0,113
2024-03-22 11:30:00,1,36,36,58,5,136
2024-03-22 11:40:00,0,33,40,46,4,123
2024-03-22 11:50:00,0,36,33,44,1,114
2024-03-22 12:00:00,0,37,50,46,2,135
2024-03-22 12:10:00,2,46,36,34,3,121
2024-03-22 12:20:00,0,33,46,53,4,136
2024-03-22 12:30:00,0,39,37,33,1,110
2024-03-22 12:40:00,1,35,49,44,6,135
2024-03-22 12:50:00,1,40,48,53,2,144
2024-03-22 13:00:00,0,40,40,51,4,135
2024-03-22 13:10:00,4,38,53,47,3,145
2024-03-22 13:20:00,9,26,34,28,3,100
2024-03-22 13:30:00,6,34,40,34,2,116
2024-03-22 13:40:00,6,35,40,22,5,108
2024-03-22 13:50:00,18,31,23,30,2,104
2024-03-22 14:00:00,22,48,36,38,2,146
2024-03-22 14:10:00,6,30,33,35,1,105
2024-03-22 14:20:00,9,44,39,57,0,149
2024-03-22 14:30:00,24,54,37,39,4,158
2024-03-22 14:40:00,25,48,44,38,6,161
2024-03-22 14:50:00,29,43,34,46,1,153
2024-03-22 15:00:00,40,40,31,45,2,158
2024-03-22 15:10:00,41,40,47,48,3,179
2024-03-22 15:20:00,43,28,28,47,7,153
2024-03-22 15:30:00,41,28,32,44,8,153
2024-03-22 15:40:00,42,34,37,56,3,172
2024-03-22 15:50:00,64,39,34,65,1,203
2024-03-22 16:00:00,46,33,23,39,8,149
2024-03-22 16:10:00,46,42,30,47,3,168
2024-03-22 16:20:00,47,26,25,49,3,150
2024-03-22 16:30:00,49,33,32,65,0,179
2024-03-22 16:40:00,41,26,24,50,7,148
2024-03-22 16:50:00,37,26,43,40,7,153
2024-03-22 17:00:00,42,34,25,58,1,160
2024-03-22 17:10:00,36,26,26,67,3,158
2024-03-22 17:20:00,34,19,41,53,5,152
2024-03-22 17:30:00,45,29,37,54,5,170
2024-03-22 17:40:00,45,21,31,47,1,145
2024-03-22 17:50:00,36,29,31,46,6,148
2024-03-22 18:00:00,36,30,30,45,3,144
2024-03-22 18:10:00,50,33,32,56,4,175
2024-03-22 18:20:00,46,31,28,56,3,164
2024-03-22 18:30:00,23,21,15,20,1,80
2024-03-22 18:40:00,21,10,6,28,6,71
2024-03-22 18:50:00,22,18,21,27,2,90
2024-03-22 19:00:00,16,23,12,28,4,83
2024-03-22 19:10:00,2,32,4,56,1,95
2024-03-22 19:20:00,15,26,10,44,1,96
2024-03-22 19:30:00,2,30,12,54,4,102
2024-03-22 19:40:00,2,21,21,50,2,96
2024-03-22 19:50:00,6,24,5,50,3,88
2024-03-22 20:00:00,3,26,12,36,2,79
2024-03-22 20:10:00,2,28,14,31,5,80
2024-03-22 20:20:00,3,27,6,48,2,86
2024-03-22 20:30:00,0,24,10,44,0,78
2024-03-22 20:40:00,6,34,4,37,1,82
2024-03-22 20:50:00,4,25,7,35,1,72
2024-03-22 21:00:00,4,28,10,37,1,80
2024-03-22 21:10:00,2,23,6,40,0,71
2024-03-22 21:20:00,1,18,1,48,1,69
2024-03-22 21:30:00,1,24,2,36,2,65
2024-03-22 21:40:00,3,21,3,30,2,59
2024-03-22 21:50:00,3,23,6,29,1,62
2024-03-22 22:00:00,3,24,2,31,7,67
2024-03-22 22:10:00,1,27,2,27,0,57
2024-03-22 22:20:00,0,19,0,31,0,50
2024-03-22 22:30:00,2,26,1,26,0,55
2024-03-22 22:40:00,0,28,4,38,0,70
2024-03-22 22:50:00,2,29,7,34,0,72
2024-03-22 23:00:00,4,19,2,24,0,49
2024-03-22 23:10:00,0,20,3,23,0,46
2024-03-22 23:20:00,2,23,4,29,1,59
2024-03-22 23:30:00,4,20,3,33,2,62
2024-03-22 23:40:00,2,22,3,29,1,57
2024-03-22 23:50:00,0,21,1,17,1,40
2024-03-23 00:00:00,2,24,1,19,0,46
2024-03-23 00:10:00,0,16,3,18,0,37
2024-03-23 00:20:00,0,19,1,17,0,37
2024-03-23 00:30:00,0,14,1,15,2,32
2024-03-23 00:40:00,2,11,2,12,0,27
2024-03-23 00:50:00,1,21,1,11,0,34
2024-03-23 01:00:00,0,10,1,13,0,24
2024-03-23 01:10:00,0,15,0,14,0,29
2024-03-23 01:20:00,1,7,0,14,0,22
2024-03-23 01:30:00,4,8,1,11,0,24
2024-03-23 01:40:00,0,11,0,6,0,17
2024-03-23 01:50:00,0,7,1,8,0,16
2024-03-23 02:00:00,0,10,0,1,0,11
2024-03-23 02:10:00,0,10,0,5,0,15
2024-03-23 02:20:00,0,7,0,5,0,12
2024-03-23 02:30:00,0,8,1,8,0,17
2024-03-23 02:40:00,0,11,1,8,0,20
2024-03-23 02:50:00,0,3,0,7,0,10
2024-03-23 03:00:00,0,5,3,8,0,16
2024-03-23 03:10:00,0,4,0,9,0,13
2024-03-23 03:20:00,0,9,0,5,0,14
2024-03-23 03:30:00,0,4,0,5,0,9
2024-03-23 03:40:00,0,1,0,4,0,5
2024-03-23 03:50:00,0,8,0,6,0,14
2024-03-23 04:00:00,0,6,1,4,0,11
2024-03-23 04:10:00,0,5,1,8,0,14
2024-03-23 04:20:00,0,1,2,8,0,11
2024-03-23 04:30:00,1,2,0,6,0,9
2024-03-23 04:40:00,0,5,0,10,1,16
2024-03-23 04:50:00,0,3,3,8,0,14
2024-03-23 05:00:00,0,5,2,16,0,23
2024-03-23 05:10:00,0,5,1,13,0,19
2024-03-23 05:20:00,0,11,0,18,0,29
2024-03-23 05:30:00,3,5,2,16,0,26
2024-03-23 05:40:00,0,5,0,19,0,24
2024-03-23 05:50:00,0,6,0,19,0,25
2024-03-23 06:00:00,0,12,0,12,0,24
2024-03-23 06:10:00,2,7,0,15,0,24
2024-03-23 06:20:00,0,10,9,21,0,40
2024-03-23 06:30:00,0,8,5,18,0,31
2024-03-23 06:40:00,0,10,6,21,0,37
2024-03-23 06:50:00,0,20,2,11,0,33
2024-03-23 07:00:00,0,18,50,20,0,88
2024-03-23 07:10:00,0,14,4,22,0,40
2024-03-23 07:20:00,1,19,6,31,1,58
2024-03-23 07:30:00,0,23,6,26,0,55
2024-03-23 07:40:00,0,18,6,32,0,56
2024-03-23 07:50:00,2,23,16,38,0,79
2024-03-23 08:00:00,0,16,4,27,0,47
2024-03-23 08:10:00,1,16,8,26,1,52
2024-03-23 08:20:00,0,18,12,34,2,66
2024-03-23 08:30:00,0,16,18,34,2,70
2024-03-23 08:40:00,0,20,2,43,1,66
2024-03-23 08:50:00,0,21,13,41,1,76
2024-03-23 09:00:00,0,30,13,41,5,89
2024-03-23 09:10:00,0,28,106,60,3,197
2024-03-23 09:20:00,1,28,12,38,3,82
2024-03-23 09:30:00,4,29,16,53,3,105
2024-03-23 09:40:00,0,26,23,40,2,91
2024-03-23 09:50:00,2,20,18,66,4,110
2024-03-23 10:00:00,2,31,14,66,2,115
2024-03-23 10:10:00,1,30,42,61,3,137
2024-03-23 10:20:00,2,31,21,45,1,100
2024-03-23 10:30:00,0,34,15,53,3,105
2024-03-23 10:40:00,1,28,32,47,1,109
2024-03-23 10:50:00,1,22,29,84,0,136
2024-03-23 11:00:00,2,31,28,62,2,125
2024-03-23 11:10:00,3,37,25,63,3,131
2024-03-23 11:20:00,1,34,77,44,4,160
2024-03-23 11:30:00,9,41,82,54,1,187
2024-03-23 11:40:00,2,35,30,56,2,125
2024-03-23 11:50:00,0,33,139,65,0,237
2024-03-23 12:00:00,0,38,253,69,2,362
2024-03-23 12:10:00,2,46,196,67,1,312
2024-03-23 12:20:00,0,48,46,58,1,153
2024-03-23 12:30:00,0,37,67,63,1,168
2024-03-23 12:40:00,0,42,27,59,0,128
2024-03-23 12:50:00,0,39,16,58,3,116
2024-03-23 13:00:00,2,38,18,55,3,116
2024-03-23 13:10:00,3,32,24,40,3,102
2024-03-23 13:20:00,1,43,27,56,4,131
2024-03-23 13:30:00,1,35,19,59,2,116
2024-03-23 13:40:00,0,31,35,52,4,122
2024-03-23 13:50:00,2,39,25,57,2,125
2024-03-23 14:00:00,0,41,30,69,1,141
2024-03-23 14:10:00,0,32,24,53,2,111
2024-03-23 14:20:00,0,33,13,69,1,116
2024-03-23 14:30:00,0,57,22,54,1,134
2024-03-23 14:40:00,0,31,22,58,4,115
2024-03-23 14:50:00,0,31,27,52,2,112
2024-03-23 15:00:00,2,46,20,35,1,104
2024-03-23 15:10:00,4,29,34,65,6,138
2024-03-23 15:20:00,0,37,18,57,2,114
2024-03-23 15:30:00,2,34,13,48,2,99
2024-03-23 15:40:00,1,35,32,47,0,115
2024-03-23 15:50:00,5,37,157,45,2,246
2024-03-23 16:00:00,2,36,22,52,3,115
2024-03-23 16:10:00,3,42,16,41,2,104
2024-03-23 16:20:00,2,42,60,48,3,155
2024-03-23 16:30:00,5,37,15,62,2,121
2024-03-23 16:40:00,2,36,19,57,4,118
2024-03-23 16:50:00,2,27,86,63,3,181
2024-03-23 17:00:00,11,31,24,51,0,117
2024-03-23 17:10:00,4,38,30,59,3,134
2024-03-23 17:20:00,4,36,21,40,3,104
2024-03-23 17:30:00,0,43,12,45,1,101
2024-03-23 17:40:00,2,31,30,54,2,119
2024-03-23 17:50:00,2,27,26,54,1,110
2024-03-23 18:00:00,6,39,7,33,2,87
2024-03-23 18:10:00,1,39,16,52,2,110
2024-03-23 18:20:00,2,45,18,59,0,124
2024-03-23 18:30:00,1,33,11,46,2,93
2024-03-23 18:40:00,0,33,20,49,4,106
2024-03-23 18:50:00,4,28,19,34,2,87
2024-03-23 19:00:00,3,17,13,39,4,76
2024-03-23 19:10:00,5,30,14,50,1,100
2024-03-23 19:20:00,0,24,21,45,2,92
2024-03-23 19:30:00,6,33,6,40,1,86
2024-03-23 19:40:00,2,27,9,44,3,85
2024-03-23 19:50:00,1,21,7,38,2,69
2024-03-23 20:00:00,3,22,7,43,0,75
2024-03-23 20:10:00,1,35,5,41,1,83
2024-03-23 20:20:00,2,32,2,46,2,84
2024-03-23 20:30:00,7,30,9,47,2,95
2024-03-23 20:40:00,1,24,4,34,1,64
2024-03-23 20:50:00,1,22,3,37,1,64
2024-03-23 21:00:00,1,24,1,29,3,58
2024-03-23 21:10:00,1,17,2,35,2,57
2024-03-23 21:20:00,1,24,2,31,2,60
2024-03-23 21:30:00,1,26,3,23,2,55
2024-03-23 21:40:00,1,24,3,38,0,66
2024-03-23 21:50:00,0,22,3,31,0,56
2024-03-23 22:00:00,1,21,1,32,1,56
2024-03-23 22:10:00,2,27,3,29,0,61
2024-03-23 22:20:00,7,22,2,23,1,55
2024-03-23 22:30:00,6,29,2,20,1,58
2024-03-23 22:40:00,2,24,5,26,0,57
2024-03-23 22:50:00,0,31,1,36,2,70
2024-03-23 23:00:00,0,23,4,27,0,54
2024-03-23 23:10:00,0,18,4,24,2,48
2024-03-23 23:20:00,1,25,2,28,0,56
2024-03-23 23:30:00,2,22,2,21,1,48
2024-03-23 23:40:00,0,27,4,26,0,57
2024-03-23 23:50:00,0,20,2,17,0,39
2024-03-24 00:00:00,0,18,2,14,0,34
2024-03-24 00:10:00,3,15,2,11,1,32
2024-03-24 00:20:00,0,13,3,19,0,35
2024-03-24 00:30:00,0,11,6,14,0,31
2024-03-24 00:40:00,0,12,2,13,0,27
2024-03-24 00:50:00,0,10,0,15,0,25
2024-03-24 01:00:00,0,14,0,14,1,29
2024-03-24 01:10:00,0,16,0,19,0,35
2024-03-24 01:20:00,1,15,0,18,0,34
2024-03-24 01:30:00,0,9,3,15,0,27
2024-03-24 01:40:00,0,12,0,12,0,24
2024-03-24 01:50:00,0,11,1,13,0,25
2024-03-24 02:00:00,1,4,0,5,0,10
2024-03-24 02:10:00,2,7,0,9,0,18
2024-03-24 02:20:00,0,4,0,11,0,15
2024-03-24 02:30:00,0,9,0,13,0,22
2024-03-24 02:40:00,0,12,2,6,0,20
2024-03-24 02:50:00,0,7,2,13,0,22
2024-03-24 03:00:00,0,1,0,6,0,7
2024-03-24 03:10:00,0,9,3,9,0,21
2024-03-24 03:20:00,0,11,1,8,0,20
2024-03-24 03:30:00,0,11,0,9,0,20
2024-03-24 03:40:00,0,2,2,1,0,5
2024-03-24 03:50:00,0,4,1,3,0,8
2024-03-24 04:00:00,0,2,1,3,0,6
2024-03-24 04:10:00,0,2,0,4,0,6
2024-03-24 04:20:00,0,2,0,7,0,9
2024-03-24 04:30:00,0,7,0,8,0,15
2024-03-24 04:40:00,0,5,0,11,0,16
2024-03-24 04:50:00,0,3,0,10,0,13
2024-03-24 05:00:00,0,5,0,10,0,15
2024-03-24 05:10:00,0,3,0,15,0,18
2024-03-24 05:20:00,1,11,1,5,0,18
2024-03-24 05:30:00,0,7,0,14,1,22
2024-03-24 05:40:00,0,6,0,22,0,28
2024-03-24 05:50:00,0,10,1,7,0,18
2024-03-24 06:00:00,1,11,2,8,0,22
2024-03-24 06:10:00,0,7,0,12,0,19
2024-03-24 06:20:00,0,8,1,12,0,21
2024-03-24 06:30:00,0,8,1,6,0,15
2024-03-24 06:40:00,1,6,3,10,0,20
2024-03-24 06:50:00,0,6,1,10,0,17
2024-03-24 07:00:00,0,8,1,12,0,21
2024-03-24 07:10:00,0,2,0,6,0,8
2024-03-24 07:20:00,0,4,2,11,0,17
2024-03-24 07:30:00,0,7,5,11,1,24
2024-03-24 07:40:00,0,12,37,8,0,57
2024-03-24 07:50:00,0,3,0,13,0,16
2024-03-24 08:00:00,0,8,44,11,0,63
2024-03-24 08:10:00,0,14,38,19,0,71
2024-03-24 08:20:00,0,14,6,9,0,29
2024-03-24 08:30:00,0,14,11,16,1,42
2024-03-24 08:40:00,1,9,5,22,0,37
2024-03-24 08:50:00,0,11,5,20,0,36
2024-03-24 09:00:00,1,13,6,24,3,47
2024-03-24 09:10:00,0,16,1,23,0,40
2024-03-24 09:20:00,0,13,5,37,1,56
2024-03-24 09:30:00,0,16,12,48,2,78
2024-03-24 09:40:00,0,15,26,32,5,78
2024-03-24 09:50:00,6,23,7,31,9,76
2024-03-24 10:00:00,0,21,64,46,3,134
2024-03-24 10:10:00,1,21,10,41,3,76
2024-03-24 10:20:00,0,21,227,52,0,300
2024-03-24 10:30:00,1,26,78,41,3,149
2024-03-24 10:40:00,3,33,98,52,1,187
2024-03-24 10:50:00,1,23,12,41,1,78
2024-03-24 11:00:00,1,33,4,38,0,76
2024-03-24 11:10:00,0,26,5,49,0,80
2024-03-24 11:20:00,0,25,16,48,0,89
2024-03-24 11:30:00,1,26,20,45,0,92
2024-03-24 11:40:00,1,34,18,50,0,103
2024-03-24 11:50:00,0,31,21,39,2,93
2024-03-24 12:00:00,1,26,6,46,0,79
2024-03-24 12:10:00,3,31,50,45,1,130
2024-03-24 12:20:00,3,27,109,66,3,208
2024-03-24 12:30:00,1,29,43,51,3,127
2024-03-24 12:40:00,3,28,147,45,2,225
2024-03-24 12:50:00,1,32,74,50,0,157
2024-03-24 13:00:00,2,26,9,35,2,74
2024-03-24 13:10:00,4,39,15,35,3,96
2024-03-24 13:20:00,4,33,6,51,3,97
2024-03-24 13:30:00,1,31,202,98,0,332
2024-03-24 13:40:00,2,34,283,68,3,390
2024-03-24 13:50:00,2,36,176,46,0,260
2024-03-24 14:00:00,3,37,244,49,2,335
2024-03-24 14:10:00,3,30,208,64,2,307
2024-03-24 14:20:00,5,26,19,62,1,113
2024-03-24 14:30:00,2,34,30,72,1,139
2024-03-24 14:40:00,1,32,44,34,3,114
2024-03-24 14:50:00,0,28,148,54,2,232
2024-03-24 15:00:00,4,42,250,59,3,358
2024-03-24 15:10:00,1,26,320,60,3,410
2024-03-24 15:20:00,1,32,93,45,0,171
2024-03-24 15:30:00,1,34,45,42,2,124
2024-03-24 15:40:00,4,18,38,32,3,95
2024-03-24 15:50:00,6,33,57,56,2,154
2024-03-24 16:00:00,2,30,54,42,2,130
2024-03-24 16:10:00,3,27,13,46,3,92
2024-03-24 16:20:00,1,37,15,49,2,104
2024-03-24 16:30:00,6,28,43,45,5,127
2024-03-24 16:40:00,10,57,135,54,1,257
2024-03-24 16:50:00,5,39,18,53,3,118
2024-03-24 17:00:00,1,34,13,60,1,109
2024-03-24 17:10:00,5,41,12,63,1,122
2024-03-24 17:20:00,1,36,61,53,1,152
2024-03-24 17:30:00,4,35,21,56,2,118
2024-03-24 17:40:00,1,40,15,69,0,125
2024-03-24 17:50:00,2,30,25,44,1,102
2024-03-24 18:00:00,4,23,18,46,4,95
2024-03-24 18:10:00,2,32,16,49,0,99
2024-03-24 18:20:00,4,37,21,37,2,101
2024-03-24 18:30:00,2,29,9,46,3,89
2024-03-24 18:40:00,2,23,13,52,2,92
2024-03-24 18:50:00,3,34,11,42,0,90
2024-03-24 19:00:00,2,21,7,40,0,70
2024-03-24 19:10:00,3,25,4,54,2,88
2024-03-24 19:20:00,3,24,15,41,0,83
2024-03-24 19:30:00,2,21,7,37,5,72
2024-03-24 19:40:00,2,30,2,27,0,61
2024-03-24 19:50:00,2,20,5,39,0,66
2024-03-24 20:00:00,8,34,3,40,3,88
2024-03-24 20:10:00,0,27,3,55,0,85
2024-03-24 20:20:00,5,21,9,43,6,84
2024-03-24 20:30:00,2,17,2,34,1,56
2024-03-24 20:40:00,6,23,3,26,0,58
2024-03-24 20:50:00,0,22,4,36,0,62
2024-03-24 21:00:00,1,26,3,40,0,70
2024-03-24 21:10:00,0,27,1,26,3,57
2024-03-24 21:20:00,1,22,3,30,0,56
2024-03-24 21:30:00,0,22,4,35,1,62
2024-03-24 21:40:00,0,28,0,31,0,59
2024-03-24 21:50:00,4,25,0,29,0,58
2024-03-24 22:00:00,3,26,4,23,2,58
2024-03-24 22:10:00,1,27,4,33,0,65
2024-03-24 22:20:00,1,14,3,21,1,40
2024-03-24 22:30:00,1,21,3,23,0,48
2024-03-24 22:40:00,0,12,2,19,0,33
2024-03-24 22:50:00,1,15,0,14,1,31
2024-03-24 23:00:00,0,14,2,19,0,35
2024-03-24 23:10:00,0,8,4,14,0,26
2024-03-24 23:20:00,0,8,0,11,0,19
2024-03-24 23:30:00,0,7,3,21,0,31
2024-03-24 23:40:00,0,10,2,15,0,27
2024-03-24 23:50:00,2,13,0,12,0,27
2024-03-25 00:00:00,0,7,1,4,0,12
2024-03-25 00:10:00,0,8,3,12,0,23
2024-03-25 00:20:00,1,6,3,8,0,18
2024-03-25 00:30:00,0,5,2,6,0,13
2024-03-25 00:40:00,0,3,0,6,0,9
2024-03-25 00:50:00,1,2,0,2,0,5
2024-03-25 01:00:00,0,3,1,7,0,11
2024-03-25 01:10:00,1,3,2,6,0,12
2024-03-25 01:20:00,1,5,3,8,0,17
2024-03-25 01:30:00,0,1,0,1,0,2
2024-03-25 01:40:00,0,3,0,2,0,5
2024-03-25 01:50:00,0,0,0,1,0,1
2024-03-25 02:00:00,0,3,0,2,0,5
2024-03-25 02:10:00,0,4,0,3,0,7
2024-03-25 02:20:00,1,2,0,2,0,5
2024-03-25 02:30:00,1,5,0,2,0,8
2024-03-25 02:40:00,1,1,0,2,0,4
2024-03-25 02:50:00,0,2,3,4,0,9
2024-03-25 03:00:00,0,5,1,1,0,7
2024-03-25 03:10:00,0,2,0,3,0,5
2024-03-25 03:20:00,0,3,0,0,0,3
2024-03-25 03:30:00,0,1,0,2,0,3
2024-03-25 03:40:00,0,1,1,5,0,7
2024-03-25 03:50:00,0,1,0,4,0,5
2024-03-25 04:00:00,0,4,0,6,0,10
2024-03-25 04:10:00,1,7,0,2,0,10
2024-03-25 04:20:00,3,8,0,7,0,18
2024-03-25 04:30:00,0,9,0,9,0,18
2024-03-25 04:40:00,0,3,5,16,0,24
2024-03-25 04:50:00,1,4,2,15,0,22
2024-03-25 05:00:00,0,2,0,25,1,28
2024-03-25 05:10:00,3,9,0,26,1,39
2024-03-25 05:20:00,4,12,2,24,2,44
2024-03-25 05:30:00,2,22,5,40,1,70
2024-03-25 05:40:00,1,20,6,51,0,78
2024-03-25 05:50:00,1,13,7,45,0,66
2024-03-25 06:00:00,0,19,13,51,0,83
2024-03-25 06:10:00,2,24,29,56,0,111
2024-03-25 06:20:00,1,23,39,47,0,110
2024-03-25 06:30:00,4,22,44,50,0,120
2024-03-25 06:40:00,1,29,39,54,0,123
2024-03-25 06:50:00,2,29,49,42,0,122
2024-03-25 07:00:00,3,28,47,51,2,131
2024-03-25 07:10:00,1,27,48,54,1,131
2024-03-25 07:20:00,4,24,63,57,0,148
2024-03-25 07:30:00,2,25,61,54,2,144
2024-03-25 07:40:00,10,28,67,46,4,155
2024-03-25 07:50:00,0,21,51,51,3,126
2024-03-25 08:00:00,4,45,53,42,4,148
2024-03-25 08:10:00,7,35,48,49,3,142
2024-03-25 08:20:00,19,21,49,52,3,144
2024-03-25 08:30:00,34,25,54,58,3,174
2024-03-25 08:40:00,15,23,47,43,2,130
2024-03-25 08:50:00,27,35,64,35,7,168
2024-03-25 09:00:00,22,37,42,45,3,149
2024-03-25 09:10:00,18,35,43,52,6,154
2024-03-25 09:20:00,14,33,35,46,1,129
2024-03-25 09:30:00,13,41,52,49,3,158
2024-03-25 09:40:00,3,39,34,61,1,138
2024-03-25 09:50:00,3,31,36,47,4,121
2024-03-25 10:00:00,2,41,28,49,2,122
2024-03-25 10:10:00,4,37,28,62,5,136
2024-03-25 10:20:00,1,46,26,48,2,123
2024-03-25 10:30:00,5,48,36,74,0,163
2024-03-25 10:40:00,2,43,35,61,4,145
2024-03-25 10:50:00,8,39,19,46,1,113
2024-03-25 11:00:00,6,39,30,44,6,125
2024-03-25 11:10:00,6,35,33,54,5,133
2024-03-25 11:20:00,7,44,32,67,0,150
2024-03-25 11:30:00,9,44,36,53,3,145
2024-03-25 11:40:00,11,35,26,64,5,141
2024-03-25 11:50:00,4,54,15,54,0,127
2024-03-25 12:00:00,5,34,33,35,1,108
2024-03-25 12:10:00,3,42,15,49,1,110
2024-03-25 12:20:00,4,46,25,56,0,131
2024-03-25 12:30:00,3,38,20,51,7,119
2024-03-25 12:40:00,5,46,30,61,1,143
2024-03-25 12:50:00,4,27,20,34,2,87
2024-03-25 13:00:00,6,48,16,61,4,135
2024-03-25 13:10:00,3,55,17,72,1,148
2024-03-25 13:20:00,2,45,26,56,4,133
2024-03-25 13:30:00,5,60,22,62,1,150
2024-03-25 13:40:00,10,30,28,39,4,111
2024-03-25 13:50:00,10,43,22,55,3,133
2024-03-25 14:00:00,6,51,26,51,2,136
2024-03-25 14:10:00,10,39,23,46,1,119
2024-03-25 14:20:00,9,52,16,50,2,129
2024-03-25 14:30:00,20,40,37,48,4,149
2024-03-25 14:40:00,28,52,21,35,3,139
2024-03-25 14:50:00,23,46,17,60,3,149
2024-03-25 15:00:00,26,48,39,60,4,177
2024-03-25 15:10:00,39,32,30,51,2,154
2024-03-25 15:20:00,46,25,23,51,3,148
2024-03-25 15:30:00,52,29,26,45,2,154
2024-03-25 15:40:00,56,41,26,40,5,168
2024-03-25 15:50:00,51,35,46,57,1,190
2024-03-25 16:00:00,46,30,39,54,5,174
2024-03-25 16:10:00,58,40,44,38,7,187
2024-03-25 16:20:00,45,31,33,40,0,149
2024-03-25 16:30:00,59,33,20,51,3,166
2024-03-25 16:40:00,56,42,39,54,6,197
2024-03-25 16:50:00,45,23,22,59,3,152
2024-03-25 17:00:00,55,30,30,38,4,157
2024-03-25 17:10:00,52,30,30,37,3,152
2024-03-25 17:20:00,38,20,34,43,6,141
2024-03-25 17:30:00,42,23,29,36,6,136
2024-03-25 17:40:00,50,28,33,41,6,158
2024-03-25 17:50:00,39,22,21,48,4,134
2024-03-25 18:00:00,48,34,31,56,4,173
2024-03-25 18:10:00,47,33,25,46,1,152
2024-03-25 18:20:00,38,28,33,41,10,150
2024-03-25 18:30:00,49,31,25,42,3,150
2024-03-25 18:40:00,24,24,16,39,3,106
2024-03-25 18:50:00,35,22,18,49,2,126
2024-03-25 19:00:00,10,25,20,29,2,86
2024-03-25 19:10:00,1,24,8,35,3,71
2024-03-25 19:20:00,7,31,13,44,2,97
2024-03-25 19:30:00,1,26,9,47,6,89
2024-03-25 19:40:00,4,24,4,31,4,67
2024-03-25 19:50:00,5,26,14,36,0,81
2024-03-25 20:00:00,6,24,3,39,3,75
2024-03-25 20:10:00,1,29,4,40,1,75
2024-03-25 20:20:00,3,30,6,34,0,73
2024-03-25 20:30:00,2,25,8,26,0,61
2024-03-25 20:40:00,3,31,4,30,3,71
2024-03-25 20:50:00,0,32,2,32,1,67
2024-03-25 21:00:00,2,25,2,19,1,49
2024-03-25 21:10:00,0,18,6,30,0,54
2024-03-25 21:20:00,1,18,2,23,0,44
2024-03-25 21:30:00,0,30,4,21,0,55
2024-03-25 21:40:00,2,22,5,24,2,55
2024-03-25 21:50:00,0,33,4,26,1,64
2024-03-25 22:00:00,0,22,4,35,0,61
2024-03-25 22:10:00,0,21,3,19,2,45
2024-03-25 22:20:00,1,29,7,26,0,63
2024-03-25 22:30:00,0,17,4,21,0,42
2024-03-25 22:40:00,0,25,3,12,0,40
2024-03-25 22:50:00,1,15,3,18,1,38
2024-03-25 23:00:00,1,27,1,18,1,48
2024-03-25 23:10:00,1,20,1,13,0,35
2024-03-25 23:20:00,0,19,3,15,0,37
2024-03-25 23:30:00,1,13,1,19,0,34
2024-03-25 23:40:00,0,10,0,10,0,20
2024-03-25 23:50:00,3,14,3,12,0,32
2024-03-26 00:00:00,6,13,1,8,0,28
2024-03-26 00:10:00,3,7,3,13,0,26
2024-03-26 00:20:00,3,6,2,6,0,17
2024-03-26 00:30:00,0,6,0,4,0,10
2024-03-26 00:40:00,6,7,2,8,0,23
2024-03-26 00:50:00,2,8,0,3,0,13
2024-03-26 01:00:00,4,5,0,7,0,16
2024-03-26 01:10:00,2,5,1,9,0,17
2024-03-26 01:20:00,3,4,1,4,0,12
2024-03-26 01:30:00,4,3,0,3,0,10
2024-03-26 01:40:00,0,1,0,3,0,4
2024-03-26 01:50:00,1,2,0,2,0,5
2024-03-26 02:00:00,2,5,0,3,0,10
2024-03-26 02:10:00,4,7,2,4,0,17
2024-03-26 02:20:00,3,5,1,2,0,11
2024-03-26 02:30:00,1,4,1,0,0,6
2024-03-26 02:40:00,2,4,0,4,0,10
2024-03-26 02:50:00,4,5,3,3,0,15
2024-03-26 03:00:00,2,5,1,2,0,10
2024-03-26 03:10:00,0,2,1,1,0,4
2024-03-26 03:20:00,6,9,0,0,0,15
2024-03-26 03:30:00,0,0,1,4,0,5
2024-03-26 03:40:00,0,0,1,5,0,6
2024-03-26 03:50:00,3,1,3,2,0,9
2024-03-26 04:00:00,2,2,0,3,0,7
2024-03-26 04:10:00,3,3,0,4,0,10
2024-03-26 04:20:00,1,2,0,4,0,7
2024-03-26 04:30:00,2,6,1,6,0,15
2024-03-26 04:40:00,2,2,0,14,0,18
2024-03-26 04:50:00,2,3,0,13,0,18
2024-03-26 05:00:00,2,4,3,24,0,33
2024-03-26 05:10:00,7,9,3,23,0,42
2024-03-26 05:20:00,6,7,7,35,1,56
2024-03-26 05:30:00,15,13,7,41,2,78
2024-03-26 05:40:00,13,17,6,43,0,79
2024-03-26 05:50:00,6,16,13,48,0,83
2024-03-26 06:00:00,1,16,24,45,0,86
2024-03-26 06:10:00,2,23,38,50,0,113
2024-03-26 06:20:00,1,22,33,44,0,100
2024-03-26 06:30:00,2,24,39,62,0,127
2024-03-26 06:40:00,1,23,60,71,0,155
2024-03-26 06:50:00,3,20,46,67,1,137
2024-03-26 07:00:00,3,25,38,50,5,121
2024-03-26 07:10:00,2,23,47,45,3,120
2024-03-26 07:20:00,1,25,62,49,1,138
2024-03-26 07:30:00,3,25,55,49,3,135
2024-03-26 07:40:00,3,22,39,43,2,109
2024-03-26 07:50:00,1,32,57,50,3,143
2024-03-26 08:00:00,3,36,55,43,3,140
2024-03-26 08:10:00,3,26,49,31,5,114
2024-03-26 08:20:00,1,24,50,49,2,126
2024-03-26 08:30:00,2,30,45,52,6,135
2024-03-26 08:40:00,2,31,46,25,3,107
2024-03-26 08:50:00,1,27,47,38,4,117
2024-03-26 09:00:00,3,23,32,36,4,98
2024-03-26 09:10:00,2,21,33,43,3,102
2024-03-26 09:20:00,0,35,44,45,4,128
2024-03-26 09:30:00,6,39,31,37,3,116
2024-03-26 09:40:00,1,27,39,46,3,116
2024-03-26 09:50:00,3,35,33,49,2,122
2024-03-26 10:00:00,2,41,41,58,0,142
2024-03-26 10:10:00,0,32,29,45,2,108
2024-03-26 10:20:00,4,30,31,56,3,124
2024-03-26 10:30:00,0,37,43,60,2,142
2024-03-26 10:40:00,2,43,33,59,4,141
2024-03-26 10:50:00,4,40,32,52,1,129
2024-03-26 11:00:00,6,41,22,52,0,121
2024-03-26 11:10:00,1,30,32,55,0,118
2024-03-26 11:20:00,3,34,28,29,7,101
2024-03-26 11:30:00,4,49,32,57,1,143
2024-03-26 11:40:00,3,39,32,55,5,134
2024-03-26 11:50:00,4,44,28,53,4,133
2024-03-26 12:00:00,6,41,31,34,1,113
2024-03-26 12:10:00,3,38,23,46,2,112
2024-03-26 12:20:00,1,43,33,54,4,135
2024-03-26 12:30:00,3,38,27,47,4,119
2024-03-26 12:40:00,4,43,22,50,1,120
2024-03-26 12:50:00,4,39,38,53,3,137
2024-03-26 13:00:00,6,39,28,50,13,136
2024-03-26 13:10:00,0,46,29,56,0,131
2024-03-26 13:20:00,2,40,20,54,4,120
2024-03-26 13:30:00,1,42,23,50,2,118
2024-03-26 13:40:00,6,50,22,59,1,138
2024-03-26 13:50:00,8,30,23,52,2,115
2024-03-26 14:00:00,12,47,31,34,4,128
2024-03-26 14:10:00,15,47,25,50,9,146
2024-03-26 14:20:00,10,47,19,45,2,123
2024-03-26 14:30:00,20,36,28,33,3,120
2024-03-26 14:40:00,18,40,30,56,2,146
2024-03-26 14:50:00,35,35,25,62,6,163
2024-03-26 15:00:00,38,41,19,48,3,149
2024-03-26 15:10:00,46,36,30,43,6,161
2024-03-26 15:20:00,45,28,28,39,6,146
2024-03-26 15:30:00,59,36,31,55,3,184
2024-03-26 15:40:00,42,25,29,63,1,160
2024-03-26 15:50:00,54,27,25,61,5,172
2024-03-26 16:00:00,52,22,30,41,4,149
2024-03-26 16:10:00,55,29,38,39,4,165
2024-03-26 16:20:00,45,23,38,56,6,168
2024-03-26 16:30:00,47,29,29,44,1,150
2024-03-26 16:40:00,58,34,34,34,3,163
2024-03-26 16:50:00,68,41,31,46,2,188
2024-03-26 17:00:00,50,21,31,38,7,147
2024-03-26 17:10:00,46,25,27,56,6,160
2024-03-26 17:20:00,79,43,32,67,6,227
2024-03-26 17:30:00,50,28,22,53,8,161
2024-03-26 17:40:00,53,28,25,57,3,166
2024-03-26 17:50:00,28,16,26,40,4,114
2024-03-26 18:00:00,46,26,21,49,1,143
2024-03-26 18:10:00,42,26,29,54,3,154
2024-03-26 18:20:00,49,26,17,48,1,141
2024-03-26 18:30:00,51,36,25,52,4,168
2024-03-26 18:40:00,38,35,19,51,4,147
2024-03-26 18:50:00,31,24,37,45,1,138
2024-03-26 19:00:00,9,28,11,31,3,82
2024-03-26 19:10:00,4,32,8,26,5,75
2024-03-26 19:20:00,7,21,8,35,3,74
2024-03-26 19:30:00,2,23,5,41,3,74
2024-03-26 19:40:00,2,34,5,36,3,80
2024-03-26 19:50:00,2,31,1,39,1,74
2024-03-26 20:00:00,2,16,10,38,3,69
2024-03-26 20:10:00,4,38,5,47,0,94
2024-03-26 20:20:00,2,22,3,31,2,60
2024-03-26 20:30:00,7,23,3,45,0,78
2024-03-26 20:40:00,8,27,3,39,2,79
2024-03-26 20:50:00,3,21,5,27,1,57
2024-03-26 21:00:00,5,24,4,37,1,71
2024-03-26 21:10:00,2,27,6,30,2,67
2024-03-26 21:20:00,0,23,3,29,0,55
2024-03-26 21:30:00,1,16,6,32,0,55
2024-03-26 21:40:00,1,23,2,23,1,50
2024-03-26 21:50:00,1,24,2,35,0,62
2024-03-26 22:00:00,3,22,6,31,0,62
2024-03-26 22:10:00,0,26,7,16,1,50
2024-03-26 22:20:00,2,16,2,28,1,49
2024-03-26 22:30:00,2,17,1,14,1,35
2024-03-26 22:40:00,2,16,0,16,0,34
2024-03-26 22:50:00,0,18,0,26,0,44
2024-03-26 23:00:00,1,22,2,22,1,48
2024-03-26 23:10:00,0,22,2,14,2,40
2024-03-26 23:20:00,0,17,0,19,0,36
2024-03-26 23:30:00,1,27,1,14,0,43
2024-03-26 23:40:00,0,10,0,15,0,25
2024-03-26 23:50:00,0,18,1,6,0,25
2024-03-27 00:00:00,0,8,3,11,0,22
2024-03-27 00:10:00,0,14,1,10,0,25
2024-03-27 00:20:00,0,5,3,8,0,16
2024-03-27 00:30:00,0,10,0,4,0,14
2024-03-27 00:40:00,0,5,0,9,0,14
2024-03-27 00:50:00,0,5,1,6,0,12
2024-03-27 01:00:00,0,7,0,6,0,13
2024-03-27 01:10:00,1,11,3,5,0,20
2024-03-27 01:20:00,0,2,0,3,0,5
2024-03-27 01:30:00,0,2,1,6,0,9
2024-03-27 01:40:00,4,2,0,1,0,7
2024-03-27 01:50:00,3,2,1,4,0,10
2024-03-27 02:00:00,2,5,0,3,0,10
2024-03-27 02:10:00,7,9,3,4,0,23
2024-03-27 02:20:00,0,4,1,5,0,10
2024-03-27 02:30:00,3,3,2,5,0,13
2024-03-27 02:40:00,1,2,0,4,0,7
2024-03-27 02:50:00,2,1,1,5,0,9
2024-03-27 03:00:00,3,3,3,4,0,13
2024-03-27 03:10:00,3,4,0,3,0,10
2024-03-27 03:20:00,1,5,0,0,0,6
2024-03-27 03:30:00,2,5,2,3,0,12
2024-03-27 03:40:00,1,2,1,5,0,9
2024-03-27 03:50:00,4,6,4,3,0,17
2024-03-27 04:00:00,0,1,0,2,0,3
2024-03-27 04:10:00,2,3,1,8,0,14
2024-03-27 04:20:00,4,7,1,5,0,17
2024-03-27 04:30:00,1,2,0,7,0,10
2024-03-27 04:40:00,3,4,0,12,0,19
2024-03-27 04:50:00,1,1,0,16,1,19
2024-03-27 05:00:00,1,2,2,24,0,29
2024-03-27 05:10:00,6,10,3,19,1,39
2024-03-27 05:20:00,9,7,7,35,1,59
2024-03-27 05:30:00,12,12,11,34,0,69
2024-03-27 05:40:00,16,20,7,44,0,87
2024-03-27 05:50:00,6,15,26,55,1,103
2024-03-27 06:00:00,4,22,18,36,0,80
2024-03-27 06:10:00,1,19,38,40,3,101
2024-03-27 06:20:00,1,22,37,49,0,109
2024-03-27 06:30:00,0,19,36,53,2,110
2024-03-27 06:40:00,5,29,46,49,1,130
2024-03-27 06:50:00,7,27,44,43,0,121
2024-03-27 07:00:00,1,25,60,41,6,133
2024-03-27 07:10:00,3,26,56,60,2,147
2024-03-27 07:20:00,1,22,49,46,4,122
2024-03-27 07:30:00,1,28,43,39,0,111
2024-03-27 07:40:00,3,28,51,47,4,133
2024-03-27 07:50:00,1,24,61,54,4,144
2024-03-27 08:00:00,1,27,37,33,2,100
2024-03-27 08:10:00,1,33,61,50,1,146
2024-03-27 08:20:00,2,20,40,35,2,99
2024-03-27 08:30:00,1,25,45,34,3,108
2024-03-27 08:40:00,2,31,55,37,2,127
2024-03-27 08:50:00,1,27,56,46,5,135
2024-03-27 09:00:00,1,21,53,43,3,121
2024-03-27 09:10:00,2,28,38,40,4,112
2024-03-27 09:20:00,0,31,29,45,2,107
2024-03-27 09:30:00,1,19,46,49,1,116
2024-03-27 09:40:00,0,34,42,43,2,121
2024-03-27 09:50:00,2,30,41,32,4,109
2024-03-27 10:00:00,3,26,29,54,2,114
2024-03-27 10:10:00,0,27,28,52,3,110
2024-03-27 10:20:00,2,29,35,53,3,122
2024-03-27 10:30:00,1,33,25,54,1,114
2024-03-27 10:40:00,2,41,35,49,5,132
2024-03-27 10:50:00,4,32,29,60,0,125
2024-03-27 11:00:00,2,39,29,45,1,116
2024-03-27 11:10:00,0,33,36,54,5,128
2024-03-27 11:20:00,3,36,25,42,3,109
2024-03-27 11:30:00,2,29,25,48,2,106
2024-03-27 11:40:00,0,27,26,53,3,109
2024-03-27 11:50:00,1,35,31,35,3,105
2024-03-27 12:00:00,10,29,29,34,4,106
2024-03-27 12:10:00,2,44,33,59,2,140
2024-03-27 12:20:00,0,34,24,49,2,109
2024-03-27 12:30:00,3,36,40,53,5,137
2024-03-27 12:40:00,2,38,37,52,1,130
2024-03-27 12:50:00,2,37,28,49,6,122
2024-03-27 13:00:00,0,31,33,38,4,106
2024-03-27 13:10:00,1,30,19,48,3,101
2024-03-27 13:20:00,9,42,20,46,5,122
2024-03-27 13:30:00,5,34,32,53,4,128
2024-03-27 13:40:00,13,30,40,34,5,122
2024-03-27 13:50:00,16,45,35,53,3,152
2024-03-27 14:00:00,16,36,22,38,3,115
2024-03-27 14:10:00,11,49,33,53,2,148
2024-03-27 14:20:00,17,45,33,48,4,147
2024-03-27 14:30:00,13,39,66,45,3,166
2024-03-27 14:40:00,28,43,49,37,3,160
2024-03-27 14:50:00,26,39,37,44,7,153
2024-03-27 15:00:00,40,28,33,35,5,141
2024-03-27 15:10:00,32,26,37,48,2,145
2024-03-27 15:20:00,48,33,23,48,4,156
2024-03-27 15:30:00,46,33,27,48,2,156
2024-03-27 15:40:00,63,33,49,45,7,197
2024-03-27 15:50:00,50,30,34,57,1,172
2024-03-27 16:00:00,45,28,30,63,4,170
2024-03-27 16:10:00,51,37,72,46,1,207
2024-03-27 16:20:00,56,30,37,40,6,169
2024-03-27 16:30:00,54,35,43,57,1,190
2024-03-27 16:40:00,67,49,44,49,2,211
2024-03-27 16:50:00,59,27,40,40,6,172
2024-03-27 17:00:00,49,27,35,36,1,148
2024-03-27 17:10:00,46,28,24,60,0,158
2024-03-27 17:20:00,56,29,37,37,2,161
2024-03-27 17:30:00,54,26,27,42,3,152
2024-03-27 17:40:00,36,23,37,15,4,115
2024-03-27 17:50:00,54,36,39,31,2,162
2024-03-27 18:00:00,45,23,33,45,2,148
2024-03-27 18:10:00,47,24,41,42,0,154
2024-03-27 18:20:00,41,27,32,33,1,134
2024-03-27 18:30:00,36,17,24,46,0,123
2024-03-27 18:40:00,35,18,20,40,2,115
2024-03-27 18:50:00,32,28,15,40,2,117
2024-03-27 19:00:00,15,16,11,27,5,74
2024-03-27 19:10:00,14,25,20,55,6,120
2024-03-27 19:20:00,8,16,8,38,3,73
2024-03-27 19:30:00,14,24,7,32,3,80
2024-03-27 19:40:00,7,21,7,36,1,72
2024-03-27 19:50:00,6,20,7,33,1,67
2024-03-27 20:00:00,4,22,5,23,2,56
2024-03-27 20:10:00,3,25,5,30,2,65
2024-03-27 20:20:00,6,22,4,41,1,74
2024-03-27 20:30:00,4,17,9,38,4,72
2024-03-27 20:40:00,3,20,7,41,2,73
2024-03-27 20:50:00,6,18,5,34,1,64
2024-03-27 21:00:00,3,21,3,31,2,60
2024-03-27 21:10:00,4,29,6,34,0,73
2024-03-27 21:20:00,12,22,6,27,4,71
2024-03-27 21:30:00,24,22,5,37,1,89
2024-03-27 21:40:00,26,21,4,40,2,93
2024-03-27 21:50:00,44,30,8,29,3,114
2024-03-27 22:00:00,32,23,6,37,1,99
2024-03-27 22:10:00,31,25,3,34,0,93
2024-03-27 22:20:00,36,23,2,35,0,96
2024-03-27 22:30:00,27,23,0,24,0,74
2024-03-27 22:40:00,22,18,0,23,0,63
2024-03-27 22:50:00,28,19,0,25,0,72
2024-03-27 23:00:00,27,21,1,17,0,66
2024-03-27 23:10:00,17,16,1,18,0,52
2024-03-27 23:20:00,12,12,2,14,0,40
2024-03-27 23:30:00,13,12,0,13,1,39
2024-03-27 23:40:00,13,10,4,17,0,44
2024-03-27 23:50:00,11,11,0,8,0,30
2024-03-28 00:00:00,7,7,0,8,0,22
2024-03-28 00:10:00,6,7,2,12,0,27
2024-03-28 00:20:00,6,8,2,6,0,22
2024-03-28 00:30:00,7,8,0,8,0,23
2024-03-28 00:40:00,4,4,0,6,0,14
2024-03-28 00:50:00,5,4,0,8,0,17
2024-03-28 01:00:00,6,8,1,4,0,19
2024-03-28 01:10:00,2,3,1,3,0,9
2024-03-28 01:20:00,1,2,2,6,0,11
2024-03-28 01:30:00,4,5,0,3,0,12
2024-03-28 01:40:00,1,2,1,4,0,8
2024-03-28 01:50:00,0,0,2,3,0,5
2024-03-28 02:00:00,2,3,0,0,0,5
2024-03-28 02:10:00,1,2,0,2,0,5
2024-03-28 02:20:00,3,6,0,5,0,14
2024-03-28 02:30:00,0,0,1,7,0,8
2024-03-28 02:40:00,3,3,1,2,0,9
2024-03-28 02:50:00,4,6,2,6,0,18
2024-03-28 03:00:00,4,5,0,7,0,16
2024-03-28 03:10:00,1,1,0,2,0,4
2024-03-28 03:20:00,3,6,1,1,0,11
2024-03-28 03:30:00,0,0,0,2,0,2
2024-03-28 03:40:00,0,0,0,3,0,3
2024-03-28 03:50:00,0,0,1,3,0,4
2024-03-28 04:00:00,2,2,0,2,0,6
2024-03-28 04:10:00,0,0,3,8,0,11
2024-03-28 04:20:00,2,2,1,1,0,6
2024-03-28 04:30:00,7,9,2,7,0,25
2024-03-28 04:40:00,2,4,0,14,0,20
2024-03-28 04:50:00,3,3,0,12,0,18
2024-03-28 05:00:00,4,4,0,15,1,24
2024-03-28 05:10:00,9,11,10,22,1,53
2024-03-28 05:20:00,10,9,7,30,2,58
2024-03-28 05:30:00,11,15,5,35,0,66
2024-03-28 05:40:00,8,15,12,53,0,88
2024-03-28 05:50:00,6,14,9,47,0,76
2024-03-28 06:00:00,0,17,20,45,0,82
2024-03-28 06:10:00,1,15,32,39,1,88
2024-03-28 06:20:00,0,20,36,35,0,91
2024-03-28 06:30:00,1,23,38,42,0,104
2024-03-28 06:40:00,0,30,45,38,1,114
2024-03-28 06:50:00,3,34,47,37,1,122
2024-03-28 07:00:00,2,30,48,53,0,133
2024-03-28 07:10:00,3,28,47,48,2,128
2024-03-28 07:20:00,2,30,58,47,0,137
2024-03-28 07:30:00,8,26,55,44,4,137
2024-03-28 07:40:00,5,38,52,43,1,139
2024-03-28 07:50:00,1,33,42,54,3,133
2024-03-28 08:00:00,0,30,54,43,1,128
2024-03-28 08:10:00,0,38,42,55,6,141
2024-03-28 08:20:00,0,22,35,40,4,101
2024-03-28 08:30:00,3,21,43,40,3,110
2024-03-28 08:40:00,1,28,45,46,3,123
2024-03-28 08:50:00,7,20,39,40,5,111
2024-03-28 09:00:00,4,36,34,36,1,111
2024-03-28 09:10:00,1,25,40,40,1,107
2024-03-28 09:20:00,2,31,46,55,2,136
2024-03-28 09:30:00,3,33,51,39,3,129
2024-03-28 09:40:00,6,29,45,49,4,133
2024-03-28 09:50:00,5,25,32,42,0,104
2024-03-28 10:00:00,1,27,32,53,1,114
2024-03-28 10:10:00,4,32,74,54,1,165
2024-03-28 10:20:00,1,36,80,60,2,179
2024-03-28 10:30:00,6,39,39,43,5,132
2024-03-28 10:40:00,6,26,37,44,5,118
2024-03-28 10:50:00,3,29,39,53,3,127
2024-03-28 11:00:00,3,45,31,51,1,131
2024-03-28 11:10:00,4,37,30,55,5,131
2024-03-28 11:20:00,3,42,73,45,2,165
2024-03-28 11:30:00,6,44,407,59,2,518
2024-03-28 11:40:00,30,39,227,66,6,368
2024-03-28 11:50:00,23,25,124,40,2,214
2024-03-28 12:00:00,5,45,99,63,8,220
2024-03-28 12:10:00,3,48,113,30,4,198
2024-03-28 12:20:00,38,31,269,42,2,382
2024-03-28 12:30:00,6,31,125,53,3,218
2024-03-28 12:40:00,9,31,85,75,5,205
2024-03-28 12:50:00,6,29,63,60,5,163
2024-03-28 13:00:00,1,41,34,56,0,132
2024-03-28 13:10:00,5,46,89,69,5,214
2024-03-28 13:20:00,1,32,112,46,3,194
2024-03-28 13:30:00,2,36,272,119,2,431
2024-03-28 13:40:00,7,40,123,50,2,222
2024-03-28 13:50:00,3,42,210,68,4,327
2024-03-28 14:00:00,2,36,241,60,1,340
2024-03-28 14:10:00,1,51,281,118,5,456
2024-03-28 14:20:00,3,33,186,57,2,281
2024-03-28 14:30:00,4,52,136,49,2,243
2024-03-28 14:40:00,5,39,60,64,1,169
2024-03-28 14:50:00,6,27,177,65,2,277
2024-03-28 15:00:00,33,46,96,52,2,229
2024-03-28 15:10:00,43,52,81,32,6,214
2024-03-28 15:20:00,48,40,335,95,4,522
2024-03-28 15:30:00,38,52,105,56,4,255
2024-03-28 15:40:00,50,37,105,66,3,261
2024-03-28 15:50:00,50,40,134,48,3,275
2024-03-28 16:00:00,52,47,81,47,1,228
2024-03-28 16:10:00,46,33,114,75,4,272
2024-03-28 16:20:00,58,64,70,50,1,243
2024-03-28 16:30:00,63,43,173,46,0,325
2024-03-28 16:40:00,64,37,78,32,2,213
2024-03-28 16:50:00,73,38,139,40,6,296
2024-03-28 17:00:00,62,39,57,47,15,220
2024-03-28 17:10:00,64,41,79,36,13,233
2024-03-28 17:20:00,38,24,39,53,3,157
2024-03-28 17:30:00,50,39,72,55,2,218
2024-03-28 17:40:00,45,27,33,48,5,158
2024-03-28 17:50:00,50,39,36,42,2,169
2024-03-28 18:00:00,46,28,21,46,4,145
2024-03-28 18:10:00,51,34,41,67,2,195
2024-03-28 18:20:00,48,30,28,51,4,161
2024-03-28 18:30:00,38,43,23,62,9,175
2024-03-28 18:40:00,43,26,24,41,10,144
2024-03-28 18:50:00,33,25,41,53,2,154
2024-03-28 19:00:00,20,21,14,49,0,104
2024-03-28 19:10:00,7,26,15,48,3,99
2024-03-28 19:20:00,7,22,13,42,2,86
2024-03-28 19:30:00,11,22,10,44,2,89
2024-03-28 19:40:00,3,25,10,44,3,85
2024-03-28 19:50:00,1,30,15,44,2,92
2024-03-28 20:00:00,0,23,8,47,1,79
2024-03-28 20:10:00,10,33,6,50,2,101
2024-03-28 20:20:00,2,25,8,54,3,92
2024-03-28 20:30:00,5,17,13,39,3,77
2024-03-28 20:40:00,2,21,5,39,0,67
2024-03-28 20:50:00,0,15,11,36,3,65
2024-03-28 21:00:00,4,26,3,51,0,84
2024-03-28 21:10:00,6,32,6,26,1,71
2024-03-28 21:20:00,5,28,3,41,1,78
2024-03-28 21:30:00,2,19,7,36,1,65
2024-03-28 21:40:00,2,22,11,33,1,69
2024-03-28 21:50:00,4,32,9,32,1,78
2024-03-28 22:00:00,5,24,11,25,1,66
2024-03-28 22:10:00,1,24,7,28,2,62
2024-03-28 22:20:00,1,24,4,31,0,60
2024-03-28 22:30:00,0,20,5,32,0,57
2024-03-28 22:40:00,4,33,1,15,0,53
2024-03-28 22:50:00,1,22,5,33,0,61
2024-03-28 23:00:00,3,19,5,29,1,57
2024-03-28 23:10:00,3,15,3,31,0,52
2024-03-28 23:20:00,2,22,5,22,0,51
2024-03-28 23:30:00,0,14,6,20,2,42
2024-03-28 23:40:00,1,13,3,18,0,35
2024-03-28 23:50:00,3,17,1,17,0,38
2024-03-29 00:00:00,0,9,0,23,0,32
2024-03-29 00:10:00,0,15,3,19,0,37
2024-03-29 00:20:00,1,19,0,12,0,32
2024-03-29 00:30:00,0,17,1,9,0,27
2024-03-29 00:40:00,1,14,1,12,0,28
2024-03-29 00:50:00,4,19,0,14,0,37
2024-03-29 01:00:00,0,17,0,12,0,29
2024-03-29 01:10:00,1,11,1,12,0,25
2024-03-29 01:20:00,0,8,2,7,0,17
2024-03-29 01:30:00,0,13,0,14,0,27
2024-03-29 01:40:00,0,10,3,15,0,28
2024-03-29 01:50:00,0,4,0,12,0,16
2024-03-29 02:00:00,0,8,0,7,0,15
2024-03-29 02:10:00,0,4,0,7,0,11
2024-03-29 02:20:00,0,10,0,2,0,12
2024-03-29 02:30:00,0,4,0,8,0,12
2024-03-29 02:40:00,0,3,0,6,0,9
2024-03-29 02:50:00,1,7,0,4,0,12
2024-03-29 03:00:00,0,4,2,7,0,13
2024-03-29 03:10:00,0,4,0,9,0,13
2024-03-29 03:20:00,0,5,0,2,0,7
2024-03-29 03:30:00,0,3,2,8,0,13
2024-03-29 03:40:00,0,1,0,13,0,14
2024-03-29 03:50:00,0,4,0,2,0,6
2024-03-29 04:00:00,0,4,0,4,0,8
2024-03-29 04:10:00,1,3,0,6,0,10
2024-03-29 04:20:00,0,2,0,5,0,7
2024-03-29 04:30:00,0,2,2,8,0,12
2024-03-29 04:40:00,0,2,0,5,0,7
2024-03-29 04:50:00,0,3,0,6,0,9
2024-03-29 05:00:00,0,5,0,18,0,23
2024-03-29 05:10:00,0,2,1,12,0,15
2024-03-29 05:20:00,0,4,0,13,0,17
2024-03-29 05:30:00,0,10,0,17,0,27
2024-03-29 05:40:00,1,5,0,14,0,20
2024-03-29 05:50:00,0,11,0,11,0,22
2024-03-29 06:00:00,0,1,1,8,0,10
2024-03-29 06:10:00,0,5,0,6,0,11
2024-03-29 06:20:00,0,9,1,12,0,22
2024-03-29 06:30:00,0,6,0,17,0,23
2024-03-29 06:40:00,0,10,2,14,0,26
2024-03-29 06:50:00,0,7,1,8,0,16
2024-03-29 07:00:00,0,10,2,13,0,25
2024-03-29 07:10:00,0,3,3,10,0,16
2024-03-29 07:20:00,0,8,5,14,0,27
2024-03-29 07:30:00,0,13,2,18,1,34
2024-03-29 07:40:00,0,9,1,12,0,22
2024-03-29 07:50:00,0,6,1,11,0,18
2024-03-29 08:00:00,2,9,2,16,0,29
2024-03-29 08:10:00,0,17,3,12,0,32
2024-03-29 08:20:00,0,12,1,16,1,30
2024-03-29 08:30:00,2,15,3,14,0,34
2024-03-29 08:40:00,0,16,3,15,0,34
2024-03-29 08:50:00,1,10,7,26,1,45
2024-03-29 09:00:00,0,17,2,16,0,35
2024-03-29 09:10:00,2,11,7,24,1,45
2024-03-29 09:20:00,0,16,3,27,1,47
2024-03-29 09:30:00,1,16,8,39,0,64
2024-03-29 09:40:00,0,23,8,42,0,73
2024-03-29 09:50:00,1,24,9,29,0,63
2024-03-29 10:00:00,2,17,6,26,2,53
2024-03-29 10:10:00,3,18,9,31,0,61
2024-03-29 10:20:00,1,26,11,29,0,67
2024-03-29 10:30:00,1,19,2,33,0,55
2024-03-29 10:40:00,0,26,4,40,0,70
2024-03-29 10:50:00,1,21,10,36,1,69
2024-03-29 11:00:00,0,26,10,32,2,70
2024-03-29 11:10:00,1,28,13,37,3,82
2024-03-29 11:20:00,2,38,12,36,1,89
2024-03-29 11:30:00,4,21,8,33,3,69
2024-03-29 11:40:00,0,29,13,26,1,69
2024-03-29 11:50:00,0,29,16,44,0,89
2024-03-29 12:00:00,0,33,7,50,0,90
2024-03-29 12:10:00,1,41,11,54,0,107
2024-03-29 12:20:00,1,24,12,46,1,84
2024-03-29 12:30:00,2,30,12,59,2,105
2024-03-29 12:40:00,3,23,13,54,8,101
2024-03-29 12:50:00,1,30,10,58,0,99
2024-03-29 13:00:00,1,18,29,52,3,103
2024-03-29 13:10:00,2,32,15,42,1,92
2024-03-29 13:20:00,2,26,6,62,0,96
2024-03-29 13:30:00,4,29,7,40,1,81
2024-03-29 13:40:00,0,29,17,52,0,98
2024-03-29 13:50:00,2,31,11,36,3,83
2024-03-29 14:00:00,4,31,16,51,0,102
2024-03-29 14:10:00,8,33,9,37,2,89
2024-03-29 14:20:00,3,41,22,49,3,118
2024-03-29 14:30:00,4,32,9,44,2,91
2024-03-29 14:40:00,0,22,11,43,2,78
2024-03-29 14:50:00,2,34,20,35,3,94
2024-03-29 15:00:00,3,37,12,46,0,98
2024-03-29 15:10:00,4,32,10,43,3,92
2024-03-29 15:20:00,2,22,10,33,0,67
2024-03-29 15:30:00,2,25,13,47,1,88
2024-03-29 15:40:00,3,29,12,40,2,86
2024-03-29 15:50:00,1,26,8,46,1,82
2024-03-29 16:00:00,1,23,11,48,3,86
2024-03-29 16:10:00,2,21,17,65,0,105
2024-03-29 16:20:00,4,27,14,50,2,97
2024-03-29 16:30:00,4,26,13,57,1,101
2024-03-29 16:40:00,6,32,8,33,1,80
2024-03-29 16:50:00,3,21,10,39,0,73
2024-03-29 17:00:00,1,24,10,43,1,79
2024-03-29 17:10:00,1,26,19,47,1,94
2024-03-29 17:20:00,3,29,7,53,0,92
2024-03-29 17:30:00,3,22,8,29,3,65
2024-03-29 17:40:00,1,22,10,55,1,89
2024-03-29 17:50:00,7,30,5,42,3,87
2024-03-29 18:00:00,4,24,9,50,2,89
2024-03-29 18:10:00,1,33,7,56,0,97
2024-03-29 18:20:00,2,25,12,49,2,90
2024-03-29 18:30:00,2,25,6,47,2,82
2024-03-29 18:40:00,3,25,12,45,1,86
2024-03-29 18:50:00,0,18,7,34,3,62
2024-03-29 19:00:00,2,18,3,23,5,51
2024-03-29 19:10:00,5,31,4,32,0,72
2024-03-29 19:20:00,7,22,7,31,4,71
2024-03-29 19:30:00,3,25,6,24,2,60
2024-03-29 19:40:00,7,19,5,27,2,60
2024-03-29 19:50:00,4,20,3,46,0,73
2024-03-29 20:00:00,3,26,5,31,3,68
2024-03-29 20:10:00,0,17,3,35,0,55
2024-03-29 20:20:00,4,23,0,48,1,76
2024-03-29 20:30:00,1,22,5,32,0,60
2024-03-29 20:40:00,0,19,4,39,0,62
2024-03-29 20:50:00,1,22,1,26,0,50
2024-03-29 21:00:00,0,20,2,23,1,46
2024-03-29 21:10:00,0,16,4,27,0,47
2024-03-29 21:20:00,2,19,1,30,0,52
2024-03-29 21:30:00,0,22,3,22,0,47
2024-03-29 21:40:00,1,17,2,19,3,42
2024-03-29 21:50:00,1,19,1,32,0,53
2024-03-29 22:00:00,0,19,6,17,1,43
2024-03-29 22:10:00,3,30,2,30,1,66
2024-03-29 22:20:00,2,13,2,19,1,37
2024-03-29 22:30:00,1,26,4,25,0,56
2024-03-29 22:40:00,0,15,0,24,0,39
2024-03-29 22:50:00,3,18,11,21,1,54
2024-03-29 23:00:00,0,14,1,16,0,31
2024-03-29 23:10:00,3,19,3,14,1,40
2024-03-29 23:20:00,3,22,0,22,1,48
2024-03-29 23:30:00,0,15,3,19,0,37
2024-03-29 23:40:00,0,12,0,12,0,24
2024-03-29 23:50:00,0,10,1,20,0,31
2024-03-30 00:00:00,0,13,2,21,0,36
2024-03-30 00:10:00,0,10,0,13,1,24
2024-03-30 00:20:00,0,13,0,12,0,25
2024-03-30 00:30:00,0,11,0,9,0,20
2024-03-30 00:40:00,0,9,1,11,0,21
2024-03-30 00:50:00,2,7,0,9,0,18
2024-03-30 01:00:00,0,12,0,6,0,18
2024-03-30 01:10:00,0,10,0,6,0,16
2024-03-30 01:20:00,0,11,1,5,0,17
2024-03-30 01:30:00,0,5,5,7,0,17
2024-03-30 01:40:00,0,4,0,10,0,14
2024-03-30 01:50:00,0,5,1,5,0,11
2024-03-30 02:00:00,0,4,3,7,0,14
2024-03-30 02:10:00,0,6,1,5,0,12
2024-03-30 02:20:00,0,6,1,6,0,13
2024-03-30 02:30:00,0,5,0,7,0,12
2024-03-30 02:40:00,1,4,1,6,0,12
2024-03-30 02:50:00,0,7,1,4,0,12
2024-03-30 03:00:00,1,4,1,12,0,18
2024-03-30 03:10:00,0,7,0,7,0,14
2024-03-30 03:20:00,0,3,0,2,0,5
2024-03-30 03:30:00,0,2,0,8,0,10
2024-03-30 03:40:00,0,5,0,2,0,7
2024-03-30 03:50:00,0,1,0,3,0,4
2024-03-30 04:00:00,0,3,0,5,0,8
2024-03-30 04:10:00,0,5,0,4,0,9
2024-03-30 04:20:00,0,3,0,5,0,8
2024-03-30 04:30:00,0,5,0,6,0,11
2024-03-30 04:40:00,0,5,0,10,0,15
2024-03-30 04:50:00,0,7,1,10,0,18
2024-03-30 05:00:00,2,8,3,13,0,26
2024-03-30 05:10:00,0,6,2,13,0,21
2024-03-30 05:20:00,0,9,0,10,0,19
2024-03-30 05:30:00,0,8,3,23,0,34
2024-03-30 05:40:00,0,5,1,21,0,27
2024-03-30 05:50:00,1,13,1,17,0,32
2024-03-30 06:00:00,0,9,3,9,0,21
2024-03-30 06:10:00,0,6,3,18,0,27
2024-03-30 06:20:00,1,9,7,20,0,37
2024-03-30 06:30:00,2,8,4,19,0,33
2024-03-30 06:40:00,0,11,4,19,0,34
2024-03-30 06:50:00,0,11,4,22,0,37
2024-03-30 07:00:00,1,14,3,14,0,32
2024-03-30 07:10:00,0,5,2,12,0,19
2024-03-30 07:20:00,0,10,7,28,0,45
2024-03-30 07:30:00,1,15,3,24,0,43
2024-03-30 07:40:00,1,16,4,22,0,43
2024-03-30 07:50:00,4,20,4,18,0,46
2024-03-30 08:00:00,0,11,6,33,3,53
2024-03-30 08:10:00,0,19,6,21,0,46
2024-03-30 08:20:00,1,21,7,40,0,69
2024-03-30 08:30:00,2,20,5,38,0,65
2024-03-30 08:40:00,2,29,4,47,2,84
2024-03-30 08:50:00,0,19,13,46,2,80
2024-03-30 09:00:00,1,18,10,39,3,71
2024-03-30 09:10:00,0,21,15,40,2,78
2024-03-30 09:20:00,1,33,15,49,0,98
2024-03-30 09:30:00,2,34,6,51,3,96
2024-03-30 09:40:00,4,22,14,61,2,103
2024-03-30 09:50:00,1,26,22,62,3,114
2024-03-30 10:00:00,0,36,9,56,2,103
2024-03-30 10:10:00,4,28,20,56,3,111
2024-03-30 10:20:00,7,27,19,58,3,114
2024-03-30 10:30:00,4,30,20,58,4,116
2024-03-30 10:40:00,3,34,22,47,4,110
2024-03-30 10:50:00,0,33,20,65,1,119
2024-03-30 11:00:00,3,30,21,70,0,124
2024-03-30 11:10:00,7,46,13,49,3,118
2024-03-30 11:20:00,2,37,19,67,2,127
2024-03-30 11:30:00,4,36,17,67,5,129
2024-03-30 11:40:00,9,40,19,44,5,117
2024-03-30 11:50:00,3,41,23,55,0,122
2024-03-30 12:00:00,2,34,15,59,0,110
2024-03-30 12:10:00,8,47,18,72,3,148
2024-03-30 12:20:00,10,43,17,65,4,139
2024-03-30 12:30:00,4,30,14,58,1,107
2024-03-30 12:40:00,6,38,14,59,3,120
2024-03-30 12:50:00,8,30,21,59,6,124
2024-03-30 13:00:00,26,42,27,60,1,156
2024-03-30 13:10:00,12,45,17,62,1,137
2024-03-30 13:20:00,5,38,16,54,1,114
2024-03-30 13:30:00,4,37,10,65,1,117
2024-03-30 13:40:00,9,44,23,44,3,123
2024-03-30 13:50:00,9,43,18,64,1,135
2024-03-30 14:00:00,5,39,7,54,1,106
2024-03-30 14:10:00,4,42,19,37,4,106
2024-03-30 14:20:00,5,37,10,53,3,108
2024-03-30 14:30:00,6,35,19,45,3,108
2024-03-30 14:40:00,7,40,20,55,1,123
2024-03-30 14:50:00,9,36,21,44,2,112
2024-03-30 15:00:00,5,42,17,64,2,130
2024-03-30 15:10:00,5,38,17,60,2,122
2024-03-30 15:20:00,10,31,22,55,1,119
2024-03-30 15:30:00,6,34,18,55,1,114
2024-03-30 15:40:00,5,37,14,66,2,124
2024-03-30 15:50:00,3,38,23,48,2,114
2024-03-30 16:00:00,8,39,19,39,3,108
2024-03-30 16:10:00,4,48,8,50,1,111
2024-03-30 16:20:00,8,37,11,40,0,96
2024-03-30 16:30:00,6,38,18,48,3,113
2024-03-30 16:40:00,5,42,15,53,1,116
2024-03-30 16:50:00,3,34,13,61,0,111
2024-03-30 17:00:00,3,33,8,49,1,94
2024-03-30 17:10:00,5,41,14,51,0,111
2024-03-30 17:20:00,7,41,7,44,3,102
2024-03-30 17:30:00,3,43,23,53,1,123
2024-03-30 17:40:00,7,33,13,52,1,106
2024-03-30 17:50:00,6,38,18,47,2,111
2024-03-30 18:00:00,1,39,12,57,0,109
2024-03-30 18:10:00,6,39,15,36,3,99
2024-03-30 18:20:00,3,42,20,54,3,122
2024-03-30 18:30:00,4,37,9,61,1,112
2024-03-30 18:40:00,4,33,6,50,1,94
2024-03-30 18:50:00,3,24,9,47,2,85
2024-03-30 19:00:00,2,19,11,36,1,69
2024-03-30 19:10:00,6,20,19,42,3,90
2024-03-30 19:20:00,5,32,7,43,0,87
2024-03-30 19:30:00,5,24,7,36,1,73
2024-03-30 19:40:00,3,20,5,39,1,68
2024-03-30 19:50:00,8,28,6,42,1,85
2024-03-30 20:00:00,2,23,6,43,2,76
2024-03-30 20:10:00,6,22,4,37,1,70
2024-03-30 20:20:00,3,24,5,43,0,75
2024-03-30 20:30:00,3,25,5,52,0,85
2024-03-30 20:40:00,6,26,2,41,1,76
2024-03-30 20:50:00,1,13,8,33,0,55
2024-03-30 21:00:00,1,19,2,38,0,60
2024-03-30 21:10:00,5,23,4,31,4,67
2024-03-30 21:20:00,5,25,3,28,1,62
2024-03-30 21:30:00,10,26,3,32,1,72
2024-03-30 21:40:00,0,26,2,34,3,65
2024-03-30 21:50:00,2,23,4,37,0,66
2024-03-30 22:00:00,3,26,3,36,1,69
2024-03-30 22:10:00,4,20,3,29,1,57
2024-03-30 22:20:00,7,32,1,24,1,65
2024-03-30 22:30:00,0,27,4,17,1,49
2024-03-30 22:40:00,3,28,4,16,2,53
2024-03-30 22:50:00,1,18,2,18,0,39
2024-03-30 23:00:00,2,27,2,28,1,60
2024-03-30 23:10:00,2,20,1,18,0,41
2024-03-30 23:20:00,0,17,4,32,0,53
2024-03-30 23:30:00,1,16,2,11,0,30
2024-03-30 23:40:00,0,18,1,21,0,40
2024-03-30 23:50:00,0,14,2,21,1,38
2024-03-31 00:00:00,2,19,2,19,1,43
2024-03-31 00:10:00,0,11,6,20,0,37
2024-03-31 00:20:00,0,17,1,12,0,30
2024-03-31 00:30:00,2,9,1,15,0,27
2024-03-31 00:40:00,0,10,1,9,1,21
2024-03-31 00:50:00,1,17,0,7,0,25
2024-03-31 01:00:00,2,19,0,19,0,40
2024-03-31 01:10:00,0,7,0,14,0,21
2024-03-31 01:20:00,0,6,1,13,0,20
2024-03-31 01:30:00,0,7,1,16,0,24
2024-03-31 01:40:00,1,10,2,10,0,23
2024-03-31 01:50:00,1,7,0,12,0,20
2024-03-31 02:00:00,0,0,0,0,0,0
2024-03-31 02:10:00,0,0,0,0,0,0
2024-03-31 02:20:00,0,0,0,0,0,0
2024-03-31 02:30:00,0,0,0,0,0,0
2024-03-31 02:40:00,0,0,0,0,0,0
2024-03-31 02:50:00,0,0,0,0,0,0
2024-03-31 03:00:00,0,0,0,0,0,0
2024-03-31 03:10:00,0,0,0,0,0,0
2024-03-31 03:20:00,0,0,0,0,0,0
2024-03-31 03:30:00,0,0,0,0,0,0
2024-03-31 03:40:00,0,0,0,0,0,0
2024-03-31 03:50:00,0,0,0,0,0,0
2024-03-31 04:00:00,0,6,0,6,0,12
2024-03-31 04:10:00,0,6,1,12,0,19
2024-03-31 04:20:00,0,5,0,7,0,12
2024-03-31 04:30:00,0,7,1,7,0,15
2024-03-31 04:40:00,0,5,0,7,0,12
2024-03-31 04:50:00,0,5,2,7,0,14
2024-03-31 05:00:00,0,9,1,9,0,19
2024-03-31 05:10:00,1,5,0,13,0,19
2024-03-31 05:20:00,0,4,1,16,0,21
2024-03-31 05:30:00,5,8,1,16,0,30
2024-03-31 05:40:00,0,9,0,14,0,23
2024-03-31 05:50:00,0,11,0,6,0,17
2024-03-31 06:00:00,1,6,1,7,0,15
2024-03-31 06:10:00,0,8,0,9,0,17
2024-03-31 06:20:00,1,6,1,12,0,20
2024-03-31 06:30:00,0,6,2,9,0,17
2024-03-31 06:40:00,0,10,0,6,0,16
2024-03-31 06:50:00,1,12,0,3,0,16
2024-03-31 07:00:00,0,6,0,5,0,11
2024-03-31 07:10:00,0,4,0,4,0,8
2024-03-31 07:20:00,0,3,3,14,0,20
2024-03-31 07:30:00,0,7,0,7,0,14
2024-03-31 07:40:00,1,7,0,11,1,20
2024-03-31 07:50:00,1,8,2,12,0,23
2024-03-31 08:00:00,0,5,2,8,0,15
2024-03-31 08:10:00,1,1,0,7,0,9
2024-03-31 08:20:00,2,12,0,15,0,29
2024-03-31 08:30:00,0,13,2,15,0,30
2024-03-31 08:40:00,1,10,2,19,1,33
2024-03-31 08:50:00,0,13,2,18,0,33
2024-03-31 09:00:00,2,18,2,7,0,29
2024-03-31 09:10:00,0,15,4,32,0,51
2024-03-31 09:20:00,4,15,3,37,0,59
2024-03-31 09:30:00,0,16,4,34,3,57
2024-03-31 09:40:00,1,27,8,31,3,70
2024-03-31 09:50:00,4,17,8,44,4,77
2024-03-31 10:00:00,1,24,8,29,5,67
2024-03-31 10:10:00,1,22,4,44,1,72
2024-03-31 10:20:00,5,23,7,38,3,76
2024-03-31 10:30:00,0,19,3,33,2,57
2024-03-31 10:40:00,4,26,11,48,2,91
2024-03-31 10:50:00,2,26,9,39,3,79
2024-03-31 11:00:00,5,33,8,38,2,86
2024-03-31 11:10:00,1,26,3,40,2,72
2024-03-31 11:20:00,1,25,8,43,0,77
2024-03-31 11:30:00,3,26,4,34,1,68
2024-03-31 11:40:00,1,33,8,43,1,86
2024-03-31 11:50:00,3,32,9,37,2,83
2024-03-31 12:00:00,4,33,11,48,2,98
2024-03-31 12:10:00,2,28,10,45,1,86
2024-03-31 12:20:00,1,39,12,51,3,106
2024-03-31 12:30:00,4,30,8,50,2,94
2024-03-31 12:40:00,4,21,8,49,3,85
2024-03-31 12:50:00,2,26,9,32,3,72
2024-03-31 13:00:00,4,29,6,38,2,79
2024-03-31 13:10:00,2,30,3,39,3,77
2024-03-31 13:20:00,4,35,7,38,2,86
2024-03-31 13:30:00,3,39,5,49,3,99
2024-03-31 13:40:00,3,35,10,42,4,94
2024-03-31 13:50:00,2,34,7,55,2,100
2024-03-31 14:00:00,4,36,9,43,3,95
2024-03-31 14:10:00,11,33,11,44,1,100
2024-03-31 14:20:00,0,28,12,54,1,95
2024-03-31 14:30:00,4,34,10,43,3,94
2024-03-31 14:40:00,6,38,14,48,0,106
2024-03-31 14:50:00,5,32,7,44,0,88
2024-03-31 15:00:00,5,28,9,38,3,83
2024-03-31 15:10:00,0,32,8,42,1,83
2024-03-31 15:20:00,6,46,7,45,2,106
2024-03-31 15:30:00,2,32,3,46,2,85
2024-03-31 15:40:00,1,23,5,34,3,66
2024-03-31 15:50:00,4,29,5,39,2,79
2024-03-31 16:00:00,3,26,10,47,1,87
2024-03-31 16:10:00,3,27,7,55,3,95
2024-03-31 16:20:00,4,28,11,51,2,96
2024-03-31 16:30:00,5,27,13,41,0,86
2024-03-31 16:40:00,0,27,7,45,0,79
2024-03-31 16:50:00,0,31,15,36,0,82
2024-03-31 17:00:00,1,20,10,65,2,98
2024-03-31 17:10:00,4,31,13,43,1,92
2024-03-31 17:20:00,0,30,18,63,2,113
2024-03-31 17:30:00,5,23,23,51,1,103
2024-03-31 17:40:00,4,27,18,43,2,94
2024-03-31 17:50:00,2,27,12,51,1,93
2024-03-31 18:00:00,3,32,9,60,0,104
2024-03-31 18:10:00,3,20,9,48,2,82
2024-03-31 18:20:00,5,37,13,52,1,108
2024-03-31 18:30:00,4,35,13,51,1,104
2024-03-31 18:40:00,3,31,15,61,2,112
2024-03-31 18:50:00,1,32,9,46,0,88
2024-03-31 19:00:00,4,37,15,50,3,109
2024-03-31 19:10:00,5,33,6,59,1,104
2024-03-31 19:20:00,3,31,8,32,4,78
2024-03-31 19:30:00,6,35,16,30,4,91
2024-03-31 19:40:00,4,22,15,46,1,88
2024-03-31 19:50:00,4,26,7,46,3,86
2024-03-31 20:00:00,1,20,7,38,1,67
2024-03-31 20:10:00,4,19,14,40,1,78
2024-03-31 20:20:00,6,27,6,42,0,81
2024-03-31 20:30:00,4,18,12,45,1,80
2024-03-31 20:40:00,6,24,4,35,0,69
2024-03-31 20:50:00,3,16,2,36,1,58
2024-03-31 21:00:00,1,27,11,48,2,89
2024-03-31 21:10:00,4,23,11,50,0,88
2024-03-31 21:20:00,5,24,2,54,0,85
2024-03-31 21:30:00,6,17,11,32,3,69
2024-03-31 21:40:00,5,22,3,39,0,69
2024-03-31 21:50:00,3,23,9,36,2,73
2024-03-31 22:00:00,3,25,2,30,2,62
2024-03-31 22:10:00,1,14,2,32,0,49
2024-03-31 22:20:00,4,28,3,35,0,70
2024-03-31 22:30:00,0,18,1,34,1,54
2024-03-31 22:40:00,2,20,3,30,0,55
2024-03-31 22:50:00,1,14,1,33,0,49
2024-03-31 23:00:00,3,19,4,24,2,52
2024-03-31 23:10:00,1,15,1,17,0,34
2024-03-31 23:20:00,3,16,3,24,1,47
2024-03-31 23:30:00,4,10,0,24,0,38
2024-03-31 23:40:00,1,13,1,12,0,27
2024-03-31 23:50:00,3,13,0,17,0,33
2024-04-01 00:00:00,0,11,0,15,0,26
2024-04-01 00:10:00,0,8,1,13,0,22
2024-04-01 00:20:00,0,8,0,11,0,19
2024-04-01 00:30:00,0,9,1,13,0,23
2024-04-01 00:40:00,1,9,1,12,0,23
2024-04-01 00:50:00,0,9,1,9,0,19
2024-04-01 01:00:00,0,10,0,9,0,19
2024-04-01 01:10:00,0,10,1,14,0,25
2024-04-01 01:20:00,0,7,0,12,0,19
2024-04-01 01:30:00,2,4,1,10,0,17
2024-04-01 01:40:00,0,7,0,7,0,14
2024-04-01 01:50:00,0,6,0,6,0,12
2024-04-01 02:00:00,0,6,0,5,2,13
2024-04-01 02:10:00,0,4,0,9,0,13
2024-04-01 02:20:00,2,2,1,3,0,8
2024-04-01 02:30:00,0,7,1,14,1,23
2024-04-01 02:40:00,0,8,0,4,0,12
2024-04-01 02:50:00,0,6,0,6,0,12
2024-04-01 03:00:00,0,2,0,5,0,7
2024-04-01 03:10:00,1,4,0,7,0,12
2024-04-01 03:20:00,0,2,0,3,0,5
2024-04-01 03:30:00,1,2,0,10,0,13
2024-04-01 03:40:00,0,3,0,3,0,6
2024-04-01 03:50:00,0,3,0,7,0,10
2024-04-01 04:00:00,0,3,0,7,0,10
2024-04-01 04:10:00,0,1,0,2,0,3
2024-04-01 04:20:00,0,2,0,5,0,7
2024-04-01 04:30:00,0,3,0,8,0,11
2024-04-01 04:40:00,0,1,1,9,0,11
2024-04-01 04:50:00,1,5,3,10,0,19
2024-04-01 05:00:00,0,4,0,5,0,9
2024-04-01 05:10:00,0,1,0,7,0,8
2024-04-01 05:20:00,1,3,1,16,0,21
2024-04-01 05:30:00,0,5,0,22,0,27
2024-04-01 05:40:00,2,10,0,12,0,24
2024-04-01 05:50:00,1,8,1,8,0,18
2024-04-01 06:00:00,0,3,1,5,0,9
2024-04-01 06:10:00,0,12,0,12,1,25
2024-04-01 06:20:00,0,8,0,13,0,21
2024-04-01 06:30:00,0,7,0,9,0,16
2024-04-01 06:40:00,0,9,0,9,0,18
2024-04-01 06:50:00,1,7,0,11,0,19
2024-04-01 07:00:00,0,4,0,8,0,12
2024-04-01 07:10:00,0,3,0,8,0,11
2024-04-01 07:20:00,0,4,0,6,0,10
2024-04-01 07:30:00,0,5,1,7,0,13
2024-04-01 07:40:00,0,5,1,8,0,14
2024-04-01 07:50:00,1,7,2,13,0,23
2024-04-01 08:00:00,0,3,0,4,0,7
2024-04-01 08:10:00,0,6,0,14,0,20
2024-04-01 08:20:00,0,9,2,16,0,27
2024-04-01 08:30:00,2,8,2,12,0,24
2024-04-01 08:40:00,1,8,3,13,0,25
2024-04-01 08:50:00,0,11,1,14,0,26
2024-04-01 09:00:00,1,12,4,21,0,38
2024-04-01 09:10:00,0,7,4,23,1,35
2024-04-01 09:20:00,0,10,3,18,1,32
2024-04-01 09:30:00,1,14,7,28,0,50
2024-04-01 09:40:00,0,18,12,31,1,62
2024-04-01 09:50:00,1,10,1,30,2,44
2024-04-01 10:00:00,0,17,1,34,0,52
2024-04-01 10:10:00,1,18,5,33,0,57
2024-04-01 10:20:00,0,21,5,32,0,58
2024-04-01 10:30:00,0,26,6,52,1,85
2024-04-01 10:40:00,1,24,7,36,0,68
2024-04-01 10:50:00,0,26,9,45,1,81
2024-04-01 11:00:00,2,15,10,39,2,68
2024-04-01 11:10:00,0,23,6,29,1,59
2024-04-01 11:20:00,1,19,9,31,0,60
2024-04-01 11:30:00,2,30,12,54,1,99
2024-04-01 11:40:00,1,22,5,46,1,75
2024-04-01 11:50:00,1,30,11,46,1,89
2024-04-01 12:00:00,2,34,2,40,1,79
2024-04-01 12:10:00,2,31,6,42,1,82
2024-04-01 12:20:00,0,28,10,57,1,96
2024-04-01 12:30:00,5,41,12,28,2,88
2024-04-01 12:40:00,4,31,9,43,1,88
2024-04-01 12:50:00,3,22,15,54,0,94
2024-04-01 13:00:00,0,32,31,47,4,114
2024-04-01 13:10:00,2,33,12,46,1,94
2024-04-01 13:20:00,0,38,5,36,2,81
2024-04-01 13:30:00,1,27,10,37,0,75
2024-04-01 13:40:00,1,32,8,47,1,89
2024-04-01 13:50:00,1,31,13,44,0,89
2024-04-01 14:00:00,1,29,10,47,1,88
2024-04-01 14:10:00,1,32,10,56,2,101
2024-04-01 14:20:00,7,40,44,56,2,149
2024-04-01 14:30:00,4,33,7,40,1,85
2024-04-01 14:40:00,2,31,9,74,0,116
2024-04-01 14:50:00,2,37,90,47,0,176
2024-04-01 15:00:00,2,40,12,58,2,114
2024-04-01 15:10:00,3,33,19,46,1,102
2024-04-01 15:20:00,1,26,12,57,0,96
2024-04-01 15:30:00,5,34,11,56,1,107
2024-04-01 15:40:00,3,34,12,52,0,101
2024-04-01 15:50:00,4,27,28,47,3,109
2024-04-01 16:00:00,2,31,12,60,1,106
2024-04-01 16:10:00,1,35,26,51,2,115
2024-04-01 16:20:00,6,29,14,45,1,95
2024-04-01 16:30:00,3,34,7,45,1,90
2024-04-01 16:40:00,1,25,18,38,2,84
2024-04-01 16:50:00,7,38,12,50,2,109
2024-04-01 17:00:00,4,32,12,60,1,109
2024-04-01 17:10:00,6,29,12,52,1,100
2024-04-01 17:20:00,6,30,13,46,2,97
2024-04-01 17:30:00,3,37,15,57,1,113
2024-04-01 17:40:00,6,30,23,46,2,107
2024-04-01 17:50:00,3,26,18,37,2,86
2024-04-01 18:00:00,9,33,28,60,2,132
2024-04-01 18:10:00,7,31,10,45,1,94
2024-04-01 18:20:00,1,35,6,39,0,81
2024-04-01 18:30:00,3,18,7,57,2,87
2024-04-01 18:40:00,4,29,7,52,1,93
2024-04-01 18:50:00,3,29,9,43,2,86
2024-04-01 19:00:00,4,32,14,52,5,107
2024-04-01 19:10:00,3,35,23,59,1,121
2024-04-01 19:20:00,1,41,65,40,1,148
2024-04-01 19:30:00,2,29,13,44,3,91
2024-04-01 19:40:00,5,29,7,47,1,89
2024-04-01 19:50:00,5,24,12,31,1,73
2024-04-01 20:00:00,0,17,14,36,0,67
2024-04-01 20:10:00,3,22,8,22,2,57
2024-04-01 20:20:00,4,19,4,39,0,66
2024-04-01 20:30:00,5,20,3,29,2,59
2024-04-01 20:40:00,0,15,3,25,2,45
2024-04-01 20:50:00,3,19,2,34,1,59
2024-04-01 21:00:00,7,19,5,29,0,60
2024-04-01 21:10:00,8,22,6,37,2,75
2024-04-01 21:20:00,2,23,3,42,1,71
2024-04-01 21:30:00,4,15,4,38,2,63
2024-04-01 21:40:00,1,19,5,30,1,56
2024-04-01 21:50:00,2,18,5,33,0,58
2024-04-01 22:00:00,3,20,5,28,0,56
2024-04-01 22:10:00,0,17,1,19,2,39
2024-04-01 22:20:00,1,13,1,20,2,37
2024-04-01 22:30:00,0,21,2,22,1,46
2024-04-01 22:40:00,0,17,3,18,1,39
2024-04-01 22:50:00,1,20,1,16,1,39
2024-04-01 23:00:00,2,26,2,18,2,50
2024-04-01 23:10:00,1,17,1,10,0,29
2024-04-01 23:20:00,0,17,2,18,0,37
2024-04-01 23:30:00,0,12,1,10,0,23
2024-04-01 23:40:00,0,9,0,14,0,23
2024-04-01 23:50:00,1,16,1,14,0,32
2024-04-02 00:00:00,0,18,1,12,1,32
2024-04-02 00:10:00,0,13,3,14,0,30
2024-04-02 00:20:00,0,6,1,6,0,13
2024-04-02 00:30:00,0,7,0,11,0,18
2024-04-02 00:40:00,1,7,0,10,0,18
2024-04-02 00:50:00,0,6,0,10,0,16
2024-04-02 01:00:00,0,9,1,5,0,15
2024-04-02 01:10:00,1,2,0,11,0,14
2024-04-02 01:20:00,0,4,1,4,0,9
2024-04-02 01:30:00,0,1,0,8,0,9
2024-04-02 01:40:00,0,2,0,2,0,4
2024-04-02 01:50:00,0,6,0,6,0,12
2024-04-02 02:00:00,0,3,0,2,0,5
2024-04-02 02:10:00,0,6,0,6,0,12
2024-04-02 02:20:00,0,4,0,2,0,6
2024-04-02 02:30:00,0,6,1,3,0,10
2024-04-02 02:40:00,0,2,0,3,0,5
2024-04-02 02:50:00,0,4,0,4,0,8
2024-04-02 03:00:00,0,1,0,2,0,3
2024-04-02 03:10:00,0,2,0,0,0,2
2024-04-02 03:20:00,0,5,0,1,0,6
2024-04-02 03:30:00,0,0,1,4,0,5
2024-04-02 03:40:00,0,2,0,5,0,7
2024-04-02 03:50:00,0,3,2,6,0,11
2024-04-02 04:00:00,2,2,0,2,0,6
2024-04-02 04:10:00,0,2,1,5,0,8
2024-04-02 04:20:00,0,6,0,4,0,10
2024-04-02 04:30:00,1,4,2,7,0,14
2024-04-02 04:40:00,0,4,0,11,0,15
2024-04-02 04:50:00,0,4,1,15,0,20
2024-04-02 05:00:00,0,6,1,15,1,23
2024-04-02 05:10:00,0,3,0,28,0,31
2024-04-02 05:20:00,1,10,1,35,1,48
2024-04-02 05:30:00,0,16,7,38,1,62
2024-04-02 05:40:00,0,14,4,49,0,67
2024-04-02 05:50:00,0,15,11,50,0,76
2024-04-02 06:00:00,1,16,18,49,2,86
2024-04-02 06:10:00,1,20,23,45,0,89
2024-04-02 06:20:00,0,21,35,57,0,113
2024-04-02 06:30:00,3,17,30,53,1,104
2024-04-02 06:40:00,0,18,41,68,0,127
2024-04-02 06:50:00,11,27,46,46,1,131
2024-04-02 07:00:00,1,19,35,52,3,110
2024-04-02 07:10:00,3,16,40,55,2,116
2024-04-02 07:20:00,2,31,47,51,1,132
2024-04-02 07:30:00,4,27,47,65,1,144
2024-04-02 07:40:00,3,37,45,75,2,162
2024-04-02 07:50:00,0,27,49,40,3,119
2024-04-02 08:00:00,3,30,45,49,3,130
2024-04-02 08:10:00,0,31,52,74,1,158
2024-04-02 08:20:00,1,24,44,64,3,136
2024-04-02 08:30:00,1,35,48,49,3,136
2024-04-02 08:40:00,3,23,52,63,3,144
2024-04-02 08:50:00,3,33,45,53,1,135
2024-04-02 09:00:00,14,26,37,39,3,119
2024-04-02 09:10:00,2,30,29,63,3,127
2024-04-02 09:20:00,2,37,42,59,1,141
2024-04-02 09:30:00,3,22,36,71,2,134
2024-04-02 09:40:00,1,22,36,59,3,121
2024-04-02 09:50:00,2,34,41,66,3,146
2024-04-02 10:00:00,4,28,41,62,3,138
2024-04-02 10:10:00,37,31,41,53,1,163
2024-04-02 10:20:00,21,34,73,36,4,168
2024-04-02 10:30:00,67,28,254,48,5,402
2024-04-02 10:40:00,10,37,63,46,2,158
2024-04-02 10:50:00,12,41,53,57,2,165
2024-04-02 11:00:00,2,31,103,40,2,178
2024-04-02 11:10:00,11,35,71,48,3,168
2024-04-02 11:20:00,0,38,36,36,1,111
2024-04-02 11:30:00,1,36,72,38,3,150
2024-04-02 11:40:00,15,27,56,59,2,159
2024-04-02 11:50:00,5,31,45,47,3,131
2024-04-02 12:00:00,20,33,96,61,3,213
2024-04-02 12:10:00,8,32,92,47,2,181
2024-04-02 12:20:00,1,39,101,59,1,201
2024-04-02 12:30:00,8,38,38,41,2,127
2024-04-02 12:40:00,9,33,109,47,3,201
2024-04-02 12:50:00,13,31,73,46,3,166
2024-04-02 13:00:00,3,32,40,51,4,130
2024-04-02 13:10:00,15,34,27,45,4,125
2024-04-02 13:20:00,0,47,54,39,2,142
2024-04-02 13:30:00,2,29,23,63,2,119
2024-04-02 13:40:00,4,27,251,36,5,323
2024-04-02 13:50:00,6,40,33,51,0,130
2024-04-02 14:00:00,27,29,175,50,8,289
2024-04-02 14:10:00,12,37,61,38,2,150
2024-04-02 14:20:00,45,35,167,50,4,301
2024-04-02 14:30:00,20,37,26,44,3,130
2024-04-02 14:40:00,9,43,39,44,0,135
2024-04-02 14:50:00,19,45,69,52,2,187
2024-04-02 15:00:00,22,39,41,46,2,150
2024-04-02 15:10:00,32,42,34,48,2,158
2024-04-02 15:20:00,32,40,180,64,3,319
2024-04-02 15:30:00,51,44,171,53,4,323
2024-04-02 15:40:00,51,40,102,50,3,246
2024-04-02 15:50:00,45,39,42,39,1,166
2024-04-02 16:00:00,49,35,113,47,4,248
2024-04-02 16:10:00,52,56,81,43,1,233
2024-04-02 16:20:00,54,38,60,44,10,206
2024-04-02 16:30:00,51,35,36,44,2,168
2024-04-02 16:40:00,65,40,113,41,2,261
2024-04-02 16:50:00,43,23,35,37,5,143
2024-04-02 17:00:00,53,29,35,55,4,176
2024-04-02 17:10:00,50,36,167,57,4,314
2024-04-02 17:20:00,63,45,91,45,8,252
2024-04-02 17:30:00,50,27,38,46,5,166
2024-04-02 17:40:00,52,35,37,45,1,170
2024-04-02 17:50:00,43,36,72,49,3,203
2024-04-02 18:00:00,33,24,37,47,4,145
2024-04-02 18:10:00,46,32,41,39,3,161
2024-04-02 18:20:00,48,39,43,46,3,179
2024-04-02 18:30:00,43,30,28,44,5,150
2024-04-02 18:40:00,34,34,26,52,4,150
2024-04-02 18:50:00,18,26,31,45,2,122
2024-04-02 19:00:00,16,39,14,54,1,124
2024-04-02 19:10:00,3,32,10,45,3,93
2024-04-02 19:20:00,12,23,13,47,3,98
2024-04-02 19:30:00,7,37,11,32,2,89
2024-04-02 19:40:00,5,22,8,27,3,65
2024-04-02 19:50:00,1,26,5,38,1,71
2024-04-02 20:00:00,0,21,6,31,0,58
2024-04-02 20:10:00,5,30,9,35,2,81
2024-04-02 20:20:00,2,21,2,25,0,50
2024-04-02 20:30:00,5,21,5,28,1,60
2024-04-02 20:40:00,2,14,5,32,2,55
2024-04-02 20:50:00,2,25,8,35,4,74
2024-04-02 21:00:00,1,18,0,43,0,62
2024-04-02 21:10:00,0,27,7,32,0,66
2024-04-02 21:20:00,1,26,1,38,2,68
2024-04-02 21:30:00,3,23,4,32,0,62
2024-04-02 21:40:00,3,18,2,27,2,52
2024-04-02 21:50:00,0,17,2,24,2,45
2024-04-02 22:00:00,3,19,9,37,1,69
2024-04-02 22:10:00,5,29,4,25,1,64
2024-04-02 22:20:00,2,15,2,29,0,48
2024-04-02 22:30:00,0,16,2,23,0,41
2024-04-02 22:40:00,1,20,1,22,0,44
2024-04-02 22:50:00,5,23,1,23,1,53
2024-04-02 23:00:00,1,24,4,16,0,45
2024-04-02 23:10:00,0,26,3,23,1,53
2024-04-02 23:20:00,0,14,2,16,0,32
2024-04-02 23:30:00,0,19,3,14,0,36
2024-04-02 23:40:00,0,8,1,12,0,21
2024-04-02 23:50:00,0,17,2,12,0,31
2024-04-03 00:00:00,0,11,2,11,0,24
2024-04-03 00:10:00,0,13,1,10,0,24
2024-04-03 00:20:00,0,8,2,6,0,16
2024-04-03 00:30:00,0,6,4,11,0,21
2024-04-03 00:40:00,1,6,1,7,0,15
2024-04-03 00:50:00,1,6,0,9,0,16
2024-04-03 01:00:00,5,7,3,11,0,26
2024-04-03 01:10:00,2,4,1,2,0,9
2024-04-03 01:20:00,2,2,0,5,0,9
2024-04-03 01:30:00,2,2,0,6,0,10
2024-04-03 01:40:00,2,8,1,7,0,18
2024-04-03 01:50:00,2,2,0,3,0,7
2024-04-03 02:00:00,2,5,3,4,0,14
2024-04-03 02:10:00,2,3,0,1,0,6
2024-04-03 02:20:00,3,6,1,8,0,18
2024-04-03 02:30:00,1,1,2,8,0,12
2024-04-03 02:40:00,1,3,3,4,0,11
2024-04-03 02:50:00,0,1,1,6,0,8
2024-04-03 03:00:00,2,3,1,1,0,7
2024-04-03 03:10:00,1,5,1,5,0,12
2024-04-03 03:20:00,2,5,0,2,0,9
2024-04-03 03:30:00,1,2,0,6,0,9
2024-04-03 03:40:00,2,2,0,3,0,7
2024-04-03 03:50:00,3,4,0,4,0,11
2024-04-03 04:00:00,0,8,0,2,0,10
2024-04-03 04:10:00,0,1,1,4,0,6
2024-04-03 04:20:00,0,3,2,8,0,13
2024-04-03 04:30:00,6,8,0,5,0,19
2024-04-03 04:40:00,2,5,1,13,0,21
2024-04-03 04:50:00,1,1,0,13,0,15
2024-04-03 05:00:00,0,1,6,20,0,27
2024-04-03 05:10:00,6,11,1,30,1,49
2024-04-03 05:20:00,3,6,6,38,1,54
2024-04-03 05:30:00,12,13,9,50,0,84
2024-04-03 05:40:00,15,18,9,41,0,83
2024-04-03 05:50:00,7,13,16,47,1,84
2024-04-03 06:00:00,10,19,23,37,0,89
2024-04-03 06:10:00,16,18,20,51,0,105
2024-04-03 06:20:00,18,22,47,51,0,138
2024-04-03 06:30:00,21,24,34,40,1,120
2024-04-03 06:40:00,7,25,50,67,1,150
2024-04-03 06:50:00,7,19,50,59,0,135
2024-04-03 07:00:00,3,22,46,55,1,127
2024-04-03 07:10:00,1,15,60,48,1,125
2024-04-03 07:20:00,0,28,52,53,3,136
2024-04-03 07:30:00,5,23,53,52,1,134
2024-04-03 07:40:00,2,31,55,48,3,139
2024-04-03 07:50:00,1,34,44,48,3,130
2024-04-03 08:00:00,4,30,39,35,5,113
2024-04-03 08:10:00,0,37,46,25,2,110
2024-04-03 08:20:00,0,29,40,27,1,97
2024-04-03 08:30:00,1,36,49,55,4,145
2024-04-03 08:40:00,3,16,38,39,5,101
2024-04-03 08:50:00,8,31,54,42,1,136
2024-04-03 09:00:00,0,28,40,49,4,121
2024-04-03 09:10:00,1,22,46,50,3,122
2024-04-03 09:20:00,1,36,52,38,1,128
2024-04-03 09:30:00,3,33,46,53,1,136
2024-04-03 09:40:00,2,32,42,59,3,138
2024-04-03 09:50:00,3,29,41,48,2,123
2024-04-03 10:00:00,0,23,34,46,3,106
2024-04-03 10:10:00,3,40,47,59,0,149
2024-04-03 10:20:00,4,30,34,68,3,139
2024-04-03 10:30:00,0,36,36,69,2,143
2024-04-03 10:40:00,0,28,49,54,1,132
2024-04-03 10:50:00,0,42,18,46,2,108
2024-04-03 11:00:00,1,37,34,55,0,127
2024-04-03 11:10:00,1,38,27,44,3,113
2024-04-03 11:20:00,1,37,24,41,2,105
2024-04-03 11:30:00,1,34,32,49,4,120
2024-04-03 11:40:00,4,38,32,44,5,123
2024-04-03 11:50:00,2,32,25,49,1,109
2024-04-03 12:00:00,3,45,65,46,2,161
2024-04-03 12:10:00,0,47,40,66,0,153
2024-04-03 12:20:00,2,32,71,58,3,166
2024-04-03 12:30:00,1,36,121,53,3,214
2024-04-03 12:40:00,2,46,39,41,4,132
2024-04-03 12:50:00,0,39,74,44,3,160
2024-04-03 13:00:00,1,41,73,49,1,165
2024-04-03 13:10:00,1,45,40,32,3,121
2024-04-03 13:20:00,0,29,73,43,3,148
2024-04-03 13:30:00,1,42,23,64,1,131
2024-04-03 13:40:00,1,43,32,48,3,127
2024-04-03 13:50:00,1,43,39,37,3,123
2024-04-03 14:00:00,1,42,23,55,0,121
2024-04-03 14:10:00,4,38,26,65,0,133
2024-04-03 14:20:00,0,37,20,63,3,123
2024-04-03 14:30:00,2,44,31,67,2,146
2024-04-03 14:40:00,5,31,26,42,3,107
2024-04-03 14:50:00,5,51,29,66,2,153
2024-04-03 15:00:00,36,47,30,43,3,159
2024-04-03 15:10:00,46,42,24,52,1,165
2024-04-03 15:20:00,46,50,19,52,2,169
2024-04-03 15:30:00,42,45,40,65,3,195
2024-04-03 15:40:00,60,37,33,42,4,176
2024-04-03 15:50:00,47,34,32,69,3,185
2024-04-03 16:00:00,63,32,45,55,4,199
2024-04-03 16:10:00,63,34,43,32,4,176
2024-04-03 16:20:00,54,27,27,38,2,148
2024-04-03 16:30:00,51,34,40,56,1,182
2024-04-03 16:40:00,60,32,44,46,0,182
2024-04-03 16:50:00,65,31,31,44,4,175
2024-04-03 17:00:00,56,35,50,41,2,184
2024-04-03 17:10:00,47,24,28,49,2,150
2024-04-03 17:20:00,49,29,38,44,0,160
2024-04-03 17:30:00,40,28,25,71,4,168
2024-04-03 17:40:00,54,31,35,68,4,192
2024-04-03 17:50:00,46,28,32,39,3,148
2024-04-03 18:00:00,48,26,36,39,3,152
2024-04-03 18:10:00,45,43,51,64,4,207
2024-04-03 18:20:00,36,27,23,45,1,132
2024-04-03 18:30:00,34,30,54,46,4,168
2024-04-03 18:40:00,30,24,67,49,3,173
2024-04-03 18:50:00,21,27,35,38,1,122
2024-04-03 19:00:00,10,31,12,32,5,90
2024-04-03 19:10:00,7,34,15,40,3,99
2024-04-03 19:20:00,8,26,16,49,3,102
2024-04-03 19:30:00,8,34,4,44,5,95
2024-04-03 19:40:00,5,36,7,40,1,89
2024-04-03 19:50:00,1,31,9,43,3,87
2024-04-03 20:00:00,3,22,5,29,0,59
2024-04-03 20:10:00,0,25,6,35,2,68
2024-04-03 20:20:00,5,28,4,35,0,72
2024-04-03 20:30:00,1,19,6,33,1,60
2024-04-03 20:40:00,5,31,6,27,2,71
2024-04-03 20:50:00,3,25,5,37,2,72
2024-04-03 21:00:00,0,19,2,34,3,58
2024-04-03 21:10:00,1,27,3,40,1,72
2024-04-03 21:20:00,5,25,6,35,0,71
2024-04-03 21:30:00,7,23,1,35,2,68
2024-04-03 21:40:00,0,18,0,29,1,48
2024-04-03 21:50:00,3,18,2,31,1,55
2024-04-03 22:00:00,2,23,5,33,1,64
2024-04-03 22:10:00,0,21,7,31,0,59
2024-04-03 22:20:00,0,14,2,30,1,47
2024-04-03 22:30:00,5,21,2,17,0,45
2024-04-03 22:40:00,3,18,4,24,0,49
2024-04-03 22:50:00,5,22,7,25,1,60
2024-04-03 23:00:00,1,12,4,22,0,39
2024-04-03 23:10:00,1,17,7,16,1,42
2024-04-03 23:20:00,0,15,0,12,0,27
2024-04-03 23:30:00,1,11,1,12,0,25
2024-04-03 23:40:00,1,12,0,10,0,23
2024-04-03 23:50:00,1,13,2,9,0,25
2024-04-04 00:00:00,0,8,2,7,0,17
2024-04-04 00:10:00,0,6,0,6,0,12
2024-04-04 00:20:00,2,15,2,9,0,28
2024-04-04 00:30:00,0,7,1,11,0,19
2024-04-04 00:40:00,1,8,5,14,0,28
2024-04-04 00:50:00,0,8,3,10,0,21
2024-04-04 01:00:00,0,4,0,8,0,12
2024-04-04 01:10:00,3,9,1,10,0,23
2024-04-04 01:20:00,1,4,1,4,0,10
2024-04-04 01:30:00,0,4,1,8,0,13
2024-04-04 01:40:00,0,5,0,6,0,11
2024-04-04 01:50:00,3,7,3,9,0,22
2024-04-04 02:00:00,0,9,0,3,0,12
2024-04-04 02:10:00,0,4,0,1,0,5
2024-04-04 02:20:00,0,4,0,4,0,8
2024-04-04 02:30:00,0,4,0,1,0,5
2024-04-04 02:40:00,0,3,0,0,0,3
2024-04-04 02:50:00,0,3,2,4,0,9
2024-04-04 03:00:00,0,3,0,2,0,5
2024-04-04 03:10:00,0,2,0,2,0,4
2024-04-04 03:20:00,0,5,0,2,0,7
2024-04-04 03:30:00,1,3,0,2,0,6
2024-04-04 03:40:00,0,1,0,4,0,5
2024-04-04 03:50:00,0,2,0,4,0,6
2024-04-04 04:00:00,0,2,0,4,0,6
2024-04-04 04:10:00,0,2,1,11,0,14
2024-04-04 04:20:00,1,6,0,5,0,12
2024-04-04 04:30:00,0,2,2,10,0,14
2024-04-04 04:40:00,0,3,1,9,0,13
2024-04-04 04:50:00,0,4,1,12,0,17
2024-04-04 05:00:00,1,4,1,10,0,16
2024-04-04 05:10:00,0,5,2,26,2,35
2024-04-04 05:20:00,1,7,9,25,0,42
2024-04-04 05:30:00,1,9,4,33,1,48
2024-04-04 05:40:00,2,20,11,41,2,76
2024-04-04 05:50:00,1,11,13,36,0,61
2024-04-04 06:00:00,4,15,18,41,0,78
2024-04-04 06:10:00,1,20,34,51,0,106
2024-04-04 06:20:00,2,25,35,49,0,111
2024-04-04 06:30:00,4,18,28,37,1,88
2024-04-04 06:40:00,2,19,37,29,0,87
2024-04-04 06:50:00,2,22,34,39,0,97
2024-04-04 07:00:00,2,21,49,40,1,113
2024-04-04 07:10:00,4,16,63,33,1,117
2024-04-04 07:20:00,5,21,60,48,1,135
2024-04-04 07:30:00,3,27,58,59,4,151
2024-04-04 07:40:00,5,39,74,58,2,178
2024-04-04 07:50:00,5,25,56,36,4,126
2024-04-04 08:00:00,6,34,48,40,4,132
2024-04-04 08:10:00,2,29,50,43,3,127
2024-04-04 08:20:00,6,41,37,28,9,121
2024-04-04 08:30:00,6,29,87,47,3,172
2024-04-04 08:40:00,6,28,45,43,2,124
2024-04-04 08:50:00,5,24,30,36,3,98
2024-04-04 09:00:00,3,29,59,39,2,132
2024-04-04 09:10:00,6,31,53,51,3,144
2024-04-04 09:20:00,3,24,49,45,4,125
2024-04-04 09:30:00,5,30,152,54,0,241
2024-04-04 09:40:00,1,33,87,49,3,173
2024-04-04 09:50:00,3,41,49,60,3,156
2024-04-04 10:00:00,2,31,174,66,4,277
2024-04-04 10:10:00,5,27,165,49,3,249
2024-04-04 10:20:00,4,39,69,56,0,168
2024-04-04 10:30:00,3,39,130,46,2,220
2024-04-04 10:40:00,9,36,75,62,1,183
2024-04-04 10:50:00,4,36,48,42,2,132
2024-04-04 11:00:00,1,38,133,73,2,247
2024-04-04 11:10:00,2,34,41,57,3,137
2024-04-04 11:20:00,6,35,49,37,6,133
2024-04-04 11:30:00,4,39,43,70,0,156
2024-04-04 11:40:00,6,34,49,63,4,156
2024-04-04 11:50:00,95,35,108,60,2,300
2024-04-04 12:00:00,7,39,238,51,2,337
2024-04-04 12:10:00,2,40,152,53,3,250
2024-04-04 12:20:00,4,37,119,52,1,213
2024-04-04 12:30:00,1,37,137,55,3,233
2024-04-04 12:40:00,0,39,43,49,1,132
2024-04-04 12:50:00,1,34,46,46,2,129
2024-04-04 13:00:00,1,25,26,38,3,93
2024-04-04 13:10:00,0,39,62,38,0,139
2024-04-04 13:20:00,2,37,14,47,1,101
2024-04-04 13:30:00,1,27,21,47,2,98
2024-04-04 13:40:00,3,32,19,36,5,95
2024-04-04 13:50:00,3,34,36,58,3,134
2024-04-04 14:00:00,12,41,24,44,1,122
2024-04-04 14:10:00,8,38,35,41,3,125
2024-04-04 14:20:00,7,47,25,40,2,121
2024-04-04 14:30:00,15,43,30,49,0,137
2024-04-04 14:40:00,1,44,23,61,2,131
2024-04-04 14:50:00,15,46,24,44,3,132
2024-04-04 15:00:00,21,44,23,45,2,135
2024-04-04 15:10:00,44,27,33,35,2,141
2024-04-04 15:20:00,41,29,26,47,2,145
2024-04-04 15:30:00,58,40,18,56,2,174
2024-04-04 15:40:00,46,27,22,56,1,152
2024-04-04 15:50:00,65,44,27,61,2,199
2024-04-04 16:00:00,52,29,30,54,1,166
2024-04-04 16:10:00,69,31,40,58,4,202
2024-04-04 16:20:00,55,45,23,53,4,180
2024-04-04 16:30:00,58,30,37,52,5,182
2024-04-04 16:40:00,58,35,37,37,2,169
2024-04-04 16:50:00,53,36,44,65,2,200
2024-04-04 17:00:00,47,28,27,50,7,159
2024-04-04 17:10:00,40,24,53,56,6,179
2024-04-04 17:20:00,69,49,30,49,2,199
2024-04-04 17:30:00,41,31,33,55,5,165
2024-04-04 17:40:00,46,30,34,53,5,168
2024-04-04 17:50:00,57,32,141,53,3,286
2024-04-04 18:00:00,38,25,82,39,11,195
2024-04-04 18:10:00,42,26,174,60,4,306
2024-04-04 18:20:00,46,31,28,41,0,146
2024-04-04 18:30:00,53,33,23,45,2,156
2024-04-04 18:40:00,42,26,32,28,1,129
2024-04-04 18:50:00,24,27,15,49,3,118
2024-04-04 19:00:00,35,28,14,44,0,121
2024-04-04 19:10:00,10,27,9,56,9,111
2024-04-04 19:20:00,5,32,14,49,3,103
2024-04-04 19:30:00,8,33,17,39,6,103
2024-04-04 19:40:00,2,30,13,25,5,75
2024-04-04 19:50:00,2,37,11,27,6,83
2024-04-04 20:00:00,5,25,7,24,1,62
2024-04-04 20:10:00,4,22,7,30,1,64
2024-04-04 20:20:00,6,24,9,28,0,67
2024-04-04 20:30:00,4,24,5,33,2,68
2024-04-04 20:40:00,0,24,8,24,1,57
2024-04-04 20:50:00,4,34,7,32,1,78
2024-04-04 21:00:00,0,27,7,26,3,63
2024-04-04 21:10:00,0,24,3,48,3,78
2024-04-04 21:20:00,4,24,5,25,2,60
2024-04-04 21:30:00,7,21,5,17,0,50
2024-04-04 21:40:00,5,12,7,21,0,45
2024-04-04 21:50:00,0,16,4,27,2,49
2024-04-04 22:00:00,0,22,4,29,0,55
2024-04-04 22:10:00,1,13,2,26,0,42
2024-04-04 22:20:00,0,20,2,27,0,49
2024-04-04 22:30:00,0,15,2,23,2,42
2024-04-04 22:40:00,2,18,3,24,0,47
2024-04-04 22:50:00,6,18,4,26,0,54
2024-04-04 23:00:00,1,17,3,26,1,48
2024-04-04 23:10:00,2,27,7,23,1,60
2024-04-04 23:20:00,0,14,1,19,3,37
2024-04-04 23:30:00,4,13,1,12,0,30
2024-04-04 23:40:00,1,14,0,13,0,28
2024-04-04 23:50:00,0,12,2,13,0,27
2024-04-05 00:00:00,1,12,3,15,0,31
2024-04-05 00:10:00,0,6,3,6,0,15
2024-04-05 00:20:00,0,7,0,6,0,13
2024-04-05 00:30:00,0,14,2,13,0,29
2024-04-05 00:40:00,1,14,0,7,0,22
2024-04-05 00:50:00,0,5,2,3,0,10
2024-04-05 01:00:00,0,6,0,5,0,11
2024-04-05 01:10:00,0,4,1,6,0,11
2024-04-05 01:20:00,0,6,1,4,0,11
2024-04-05 01:30:00,0,2,1,5,0,8
2024-04-05 01:40:00,0,1,0,5,0,6
2024-04-05 01:50:00,0,4,0,2,1,7
2024-04-05 02:00:00,0,1,0,0,0,1
