datetime,V12Z,V21Z,V22Z,V23Z,V24Z,D31Z,D32Z,Total
2024-03-01 01:00:00,1,0,8,5,1,0,0,15
2024-03-01 01:10:00,0,0,5,2,3,0,0,10
2024-03-01 01:20:00,2,0,9,1,2,0,0,14
2024-03-01 01:30:00,0,0,6,1,1,0,0,8
2024-03-01 01:40:00,4,0,4,1,1,0,0,10
2024-03-01 01:50:00,1,0,6,6,2,0,0,15
2024-03-01 02:00:00,0,0,6,3,0,0,0,9
2024-03-01 02:10:00,1,0,2,3,0,0,0,6
2024-03-01 02:20:00,2,0,3,4,0,0,0,9
2024-03-01 02:30:00,4,0,2,1,2,0,0,9
2024-03-01 02:40:00,1,0,8,2,1,0,0,12
2024-03-01 02:50:00,4,0,4,5,0,0,0,13
2024-03-01 03:00:00,0,0,2,4,0,0,0,6
2024-03-01 03:10:00,1,1,4,0,1,0,0,7
2024-03-01 03:20:00,2,1,7,6,0,0,0,16
2024-03-01 03:30:00,3,1,10,2,0,0,0,16
2024-03-01 03:40:00,2,1,4,3,0,0,0,10
2024-03-01 03:50:00,0,1,2,1,0,0,0,4
2024-03-01 04:00:00,0,0,4,4,0,0,0,8
2024-03-01 04:10:00,1,0,5,2,1,0,0,9
2024-03-01 04:20:00,0,1,10,5,0,0,0,16
2024-03-01 04:30:00,0,0,8,8,0,0,0,16
2024-03-01 04:40:00,2,1,14,5,1,0,0,23
2024-03-01 04:50:00,2,1,14,11,4,0,0,32
2024-03-01 05:00:00,3,0,11,6,0,0,0,20
2024-03-01 05:10:00,2,0,19,11,3,0,0,35
2024-03-01 05:20:00,7,0,17,12,2,0,0,38
2024-03-01 05:30:00,10,2,33,29,2,0,0,76
2024-03-01 05:40:00,21,1,35,27,3,0,0,87
2024-03-01 05:50:00,20,1,44,35,3,0,0,103
2024-03-01 06:00:00,21,1,47,35,9,0,0,113
2024-03-01 06:10:00,10,0,48,24,4,0,0,86
2024-03-01 06:20:00,14,2,72,43,7,0,0,138
2024-03-01 06:30:00,13,5,58,53,7,0,0,136
2024-03-01 06:40:00,19,1,65,40,11,0,0,136
2024-03-01 06:50:00,20,3,50,45,8,0,0,126
2024-03-01 07:00:00,22,16,48,49,18,0,0,153
2024-03-01 07:10:00,21,15,89,77,20,0,0,222
2024-03-01 07:20:00,22,12,73,50,10,0,0,167
2024-03-01 07:30:00,11,22,77,68,20,0,0,198
2024-03-01 07:40:00,23,12,68,73,21,0,0,197
2024-03-01 07:50:00,18,17,75,50,23,0,0,183
2024-03-01 08:00:00,15,16,68,53,16,0,0,168
2024-03-01 08:10:00,23,18,61,63,21,0,0,186
2024-03-01 08:20:00,13,12,55,64,26,0,0,170
2024-03-01 08:30:00,26,18,62,39,20,0,0,165
2024-03-01 08:40:00,17,16,60,57,30,0,0,180
2024-03-01 08:50:00,21,18,71,60,19,0,0,189
2024-03-01 09:00:00,20,21,54,49,26,0,0,170
2024-03-01 09:10:00,14,12,67,42,15,0,0,150
2024-03-01 09:20:00,26,19,59,50,25,0,0,179
2024-03-01 09:30:00,22,6,71,46,26,0,0,171
2024-03-01 09:40:00,27,10,54,56,16,0,0,163
2024-03-01 09:50:00,34,10,58,51,23,0,0,176
2024-03-01 10:00:00,28,7,49,42,21,0,0,147
2024-03-01 10:10:00,15,11,55,54,24,0,0,159
2024-03-01 10:20:00,24,9,59,55,23,0,0,170
2024-03-01 10:30:00,26,10,58,41,31,0,0,166
2024-03-01 10:40:00,21,16,50,40,28,0,0,155
2024-03-01 10:50:00,16,11,64,57,20,0,0,168
2024-03-01 11:00:00,19,10,76,53,28,0,0,186
2024-03-01 11:10:00,17,14,64,42,18,0,0,155
2024-03-01 11:20:00,20,17,69,55,22,0,0,183
2024-03-01 11:30:00,9,12,61,44,17,0,0,143
2024-03-01 11:40:00,21,11,81,52,25,0,0,190
2024-03-01 11:50:00,30,7,75,50,25,0,0,187
2024-03-01 12:00:00,20,6,62,48,27,0,0,163
2024-03-01 12:10:00,15,13,78,57,16,0,0,179
2024-03-01 12:20:00,26,5,58,48,21,0,0,158
2024-03-01 12:30:00,18,14,77,41,14,0,0,164
2024-03-01 12:40:00,10,10,72,31,1,0,0,124
2024-03-01 12:50:00,20,9,77,58,20,0,0,184
2024-03-01 13:00:00,13,12,75,49,20,0,0,169
2024-03-01 13:10:00,20,12,71,54,16,0,0,173
2024-03-01 13:20:00,10,11,63,50,17,0,0,151
2024-03-01 13:30:00,16,12,65,49,16,0,0,158
2024-03-01 13:40:00,18,7,73,46,26,0,0,170
2024-03-01 13:50:00,36,19,75,47,15,0,0,192
2024-03-01 14:00:00,27,8,69,56,22,0,0,182
2024-03-01 14:10:00,22,17,64,48,22,0,0,173
2024-03-01 14:20:00,20,7,55,48,27,0,0,157
2024-03-01 14:30:00,22,7,73,40,10,0,0,152
2024-03-01 14:40:00,29,12,72,35,16,0,0,164
2024-03-01 14:50:00,20,15,62,40,19,0,0,156
2024-03-01 15:00:00,25,10,59,53,14,0,0,161
2024-03-01 15:10:00,27,17,76,48,18,0,0,186
2024-03-01 15:20:00,23,6,65,46,10,0,0,150
2024-03-01 15:30:00,18,11,52,48,13,0,0,142
2024-03-01 15:40:00,22,15,66,53,11,0,0,167
2024-03-01 15:50:00,25,7,72,50,17,0,0,171
2024-03-01 16:00:00,24,7,66,60,18,0,0,175
2024-03-01 16:10:00,25,7,65,56,14,0,0,167
2024-03-01 16:20:00,17,8,71,47,12,0,0,155
2024-03-01 16:30:00,18,7,50,54,18,0,0,147
2024-03-01 16:40:00,23,9,77,47,18,0,0,174
2024-03-01 16:50:00,26,8,73,48,20,0,0,175
2024-03-01 17:00:00,19,12,59,53,14,0,0,157
2024-03-01 17:10:00,20,20,54,72,19,0,0,185
2024-03-01 17:20:00,27,10,58,49,19,0,0,163
2024-03-01 17:30:00,25,8,55,51,13,0,0,152
2024-03-01 17:40:00,25,14,66,63,18,0,0,186
2024-03-01 17:50:00,22,10,52,53,17,0,0,154
2024-03-01 18:00:00,18,10,59,43,18,0,0,148
2024-03-01 18:10:00,18,8,78,34,23,0,0,161
2024-03-01 18:20:00,21,6,90,51,15,0,0,183
2024-03-01 18:30:00,17,1,54,43,16,0,0,131
2024-03-01 18:40:00,18,1,54,43,14,0,0,130
2024-03-01 18:50:00,24,1,72,46,20,0,0,163
2024-03-01 19:00:00,14,0,58,41,18,0,0,131
2024-03-01 19:10:00,17,2,64,38,11,0,0,132
2024-03-01 19:20:00,20,6,46,29,12,0,0,113
2024-03-01 19:30:00,18,2,46,41,12,0,0,119
2024-03-01 19:40:00,19,1,49,41,20,0,0,130
2024-03-01 19:50:00,20,2,47,29,17,0,0,115
2024-03-01 20:00:00,23,2,44,24,14,0,0,107
2024-03-01 20:10:00,24,0,43,41,13,0,0,121
2024-03-01 20:20:00,23,0,45,25,12,0,0,105
2024-03-01 20:30:00,14,1,40,38,12,0,0,105
2024-03-01 20:40:00,15,0,44,27,10,0,0,96
2024-03-01 20:50:00,13,0,38,21,8,0,0,80
2024-03-01 21:00:00,20,2,44,27,4,0,0,97
2024-03-01 21:10:00,11,2,33,29,6,0,0,81
2024-03-01 21:20:00,8,0,41,27,8,0,0,84
2024-03-01 21:30:00,14,2,35,27,8,0,0,86
2024-03-01 21:40:00,10,0,37,19,13,0,0,79
2024-03-01 21:50:00,6,0,37,19,7,0,0,69
2024-03-01 22:00:00,9,2,34,31,10,0,0,86
2024-03-01 22:10:00,10,1,34,24,7,0,0,76
2024-03-01 22:20:00,10,3,32,20,7,0,0,72
2024-03-01 22:30:00,7,1,17,17,9,0,0,51
2024-03-01 22:40:00,6,0,38,26,5,0,0,75
2024-03-01 22:50:00,4,1,32,18,8,0,0,63
2024-03-01 23:00:00,9,0,42,27,5,0,0,83
2024-03-01 23:10:00,10,2,31,17,5,0,0,65
2024-03-01 23:20:00,16,0,37,16,2,0,0,71
2024-03-01 23:30:00,10,0,28,17,2,0,0,57
2024-03-01 23:40:00,9,1,26,15,4,0,0,55
2024-03-01 23:50:00,11,0,26,14,3,0,0,54
2024-03-02 00:00:00,8,0,18,11,2,0,0,39
2024-03-02 00:10:00,15,1,25,5,2,0,0,48
2024-03-02 00:20:00,10,3,24,13,2,0,0,52
2024-03-02 00:30:00,11,0,15,10,0,0,0,36
2024-03-02 00:40:00,3,0,20,10,4,0,0,37
2024-03-02 00:50:00,1,0,17,10,2,0,0,30
2024-03-02 01:00:00,5,0,19,5,1,0,0,30
2024-03-02 01:10:00,0,0,14,5,0,0,0,19
2024-03-02 01:20:00,2,3,14,14,2,0,0,35
2024-03-02 01:30:00,2,0,13,3,4,0,0,22
2024-03-02 01:40:00,4,0,13,7,2,0,0,26
2024-03-02 01:50:00,1,0,11,5,2,0,0,19
2024-03-02 02:00:00,6,0,10,5,2,0,0,23
2024-03-02 02:10:00,2,0,12,8,0,0,0,22
2024-03-02 02:20:00,1,0,16,4,1,0,0,22
2024-03-02 02:30:00,5,1,15,7,1,0,0,29
2024-03-02 02:40:00,3,0,10,6,1,0,0,20
2024-03-02 02:50:00,0,0,11,6,2,0,0,19
2024-03-02 03:00:00,2,0,6,3,1,0,0,12
2024-03-02 03:10:00,2,0,3,0,0,0,0,5
2024-03-02 03:20:00,2,0,10,2,2,0,0,16
2024-03-02 03:30:00,1,0,5,2,0,0,0,8
2024-03-02 03:40:00,3,1,7,3,0,0,0,14
2024-03-02 03:50:00,3,0,8,5,0,0,0,16
2024-03-02 04:00:00,5,0,4,2,0,0,0,11
2024-03-02 04:10:00,1,1,7,5,2,0,0,16
2024-03-02 04:20:00,0,3,8,2,1,0,0,14
2024-03-02 04:30:00,3,0,11,7,0,0,0,21
2024-03-02 04:40:00,2,0,6,7,1,0,0,16
2024-03-02 04:50:00,3,0,10,3,0,0,0,16
2024-03-02 05:00:00,2,1,10,5,0,0,0,18
2024-03-02 05:10:00,5,4,7,7,2,0,0,25
2024-03-02 05:20:00,8,0,13,11,1,0,0,33
2024-03-02 05:30:00,6,1,28,7,5,0,0,47
2024-03-02 05:40:00,20,0,20,9,1,0,0,50
2024-03-02 05:50:00,10,0,11,5,1,0,0,27
2024-03-02 06:00:00,5,0,13,7,2,0,0,27
2024-03-02 06:10:00,1,0,9,12,1,0,0,23
2024-03-02 06:20:00,0,2,16,7,3,0,0,28
2024-03-02 06:30:00,2,0,15,11,3,0,0,31
2024-03-02 06:40:00,10,1,15,13,2,0,0,41
2024-03-02 06:50:00,5,1,24,15,3,0,0,48
2024-03-02 07:00:00,8,0,16,11,2,0,0,37
2024-03-02 07:10:00,4,4,21,9,1,0,0,39
2024-03-02 07:20:00,5,1,16,12,1,0,0,35
2024-03-02 07:30:00,7,4,19,34,3,0,0,67
2024-03-02 07:40:00,9,1,19,19,4,0,0,52
2024-03-02 07:50:00,12,2,17,20,6,0,0,57
2024-03-02 08:00:00,6,0,24,17,2,0,0,49
2024-03-02 08:10:00,8,3,24,15,2,0,0,52
2024-03-02 08:20:00,11,4,28,12,7,0,0,62
2024-03-02 08:30:00,8,1,25,23,6,0,0,63
2024-03-02 08:40:00,14,8,28,24,9,0,0,83
2024-03-02 08:50:00,11,2,42,22,5,0,0,82
2024-03-02 09:00:00,11,1,38,28,10,0,0,88
2024-03-02 09:10:00,9,2,48,24,10,0,0,93
2024-03-02 09:20:00,12,4,57,32,8,0,0,113
2024-03-02 09:30:00,10,2,55,35,3,0,0,105
2024-03-02 09:40:00,9,5,54,34,18,0,0,120
2024-03-02 09:50:00,16,8,57,46,13,0,0,140
2024-03-02 10:00:00,12,5,50,33,12,0,0,112
2024-03-02 10:10:00,16,2,46,23,17,0,0,104
2024-03-02 10:20:00,16,4,57,34,17,0,0,128
2024-03-02 10:30:00,19,1,59,31,10,0,0,120
2024-03-02 10:40:00,17,8,57,36,18,0,0,136
2024-03-02 10:50:00,20,3,63,37,15,0,0,138
2024-03-02 11:00:00,18,5,61,30,11,0,0,125
2024-03-02 11:10:00,15,10,56,37,18,0,0,136
2024-03-02 11:20:00,15,6,73,37,14,0,0,145
2024-03-02 11:30:00,16,5,55,34,17,0,0,127
2024-03-02 11:40:00,16,6,65,42,15,0,0,144
2024-03-02 11:50:00,16,3,72,40,21,0,0,152
2024-03-02 12:00:00,20,0,62,30,18,0,0,130
2024-03-02 12:10:00,26,3,66,42,18,0,0,155
2024-03-02 12:20:00,10,6,67,38,15,0,0,136
2024-03-02 12:30:00,8,6,62,37,21,0,0,134
2024-03-02 12:40:00,25,5,69,46,15,0,0,160
2024-03-02 12:50:00,18,4,73,45,12,0,0,152
2024-03-02 13:00:00,24,1,71,28,16,0,0,140
2024-03-02 13:10:00,31,6,70,37,16,0,0,160
2024-03-02 13:20:00,21,6,74,40,10,0,0,151
2024-03-02 13:30:00,18,8,57,39,15,0,0,137
2024-03-02 13:40:00,18,6,63,36,16,0,0,139
2024-03-02 13:50:00,18,8,54,49,15,0,0,144
2024-03-02 14:00:00,18,10,72,43,16,0,0,159
2024-03-02 14:10:00,22,4,65,51,19,0,0,161
2024-03-02 14:20:00,22,9,63,41,14,0,0,149
2024-03-02 14:30:00,11,5,75,47,18,0,0,156
2024-03-02 14:40:00,13,10,66,44,15,0,0,148
2024-03-02 14:50:00,13,11,76,49,17,0,0,166
2024-03-02 15:00:00,12,5,67,44,21,0,0,149
2024-03-02 15:10:00,19,8,52,47,20,0,0,146
2024-03-02 15:20:00,24,13,71,49,18,0,0,175
2024-03-02 15:30:00,18,6,65,40,22,0,0,151
2024-03-02 15:40:00,22,2,69,50,23,0,0,166
2024-03-02 15:50:00,15,3,60,45,19,0,0,142
2024-03-02 16:00:00,21,6,55,40,12,0,0,134
2024-03-02 16:10:00,14,3,60,47,17,0,0,141
2024-03-02 16:20:00,17,4,56,42,12,0,0,131
2024-03-02 16:30:00,13,5,61,37,12,0,0,128
2024-03-02 16:40:00,15,2,58,37,19,0,0,131
2024-03-02 16:50:00,14,6,62,53,12,0,0,147
2024-03-02 17:00:00,14,5,62,39,25,0,0,145
2024-03-02 17:10:00,18,4,65,44,19,0,0,150
2024-03-02 17:20:00,17,6,71,49,22,0,0,165
2024-03-02 17:30:00,17,3,61,40,20,0,0,141
2024-03-02 17:40:00,12,14,67,51,23,0,0,167
2024-03-02 17:50:00,21,3,66,41,19,0,0,150
2024-03-02 18:00:00,15,3,85,61,15,0,0,179
2024-03-02 18:10:00,23,9,80,47,19,0,0,178
2024-03-02 18:20:00,15,3,79,49,18,0,0,164
2024-03-02 18:30:00,26,1,59,41,11,0,0,138
2024-03-02 18:40:00,25,2,72,49,18,0,0,166
2024-03-02 18:50:00,18,4,72,46,17,0,0,157
2024-03-02 19:00:00,23,1,66,39,14,0,0,143
2024-03-02 19:10:00,12,1,56,41,12,0,0,122
2024-03-02 19:20:00,22,0,60,39,6,0,0,127
2024-03-02 19:30:00,25,0,55,28,17,0,0,125
2024-03-02 19:40:00,17,2,54,37,10,0,0,120
2024-03-02 19:50:00,10,0,52,35,16,0,0,113
2024-03-02 20:00:00,16,0,47,40,3,0,0,106
2024-03-02 20:10:00,21,0,46,32,8,0,0,107
2024-03-02 20:20:00,16,2,47,33,15,0,0,113
2024-03-02 20:30:00,17,0,46,34,15,0,0,112
2024-03-02 20:40:00,21,2,42,23,10,0,0,98
2024-03-02 20:50:00,19,0,43,23,11,0,0,96
2024-03-02 21:00:00,12,1,40,27,9,0,0,89
2024-03-02 21:10:00,7,1,33,32,7,0,0,80
2024-03-02 21:20:00,17,0,31,23,8,0,0,79
2024-03-02 21:30:00,15,0,38,23,4,0,0,80
2024-03-02 21:40:00,13,2,32,19,6,0,0,72
2024-03-02 21:50:00,9,0,44,24,3,0,0,80
2024-03-02 22:00:00,7,2,48,30,10,0,0,97
2024-03-02 22:10:00,18,0,35,25,4,0,0,82
2024-03-02 22:20:00,8,1,29,21,8,0,0,67
2024-03-02 22:30:00,8,0,33,20,3,0,0,64
2024-03-02 22:40:00,12,2,35,24,4,0,0,77
2024-03-02 22:50:00,3,4,31,18,4,0,0,60
2024-03-02 23:00:00,1,0,34,31,8,0,0,74
2024-03-02 23:10:00,6,3,40,25,3,0,0,77
2024-03-02 23:20:00,9,1,36,19,5,0,0,70
2024-03-02 23:30:00,8,0,30,23,4,0,0,65
2024-03-02 23:40:00,10,2,22,21,6,0,0,61
2024-03-02 23:50:00,3,1,26,11,5,0,0,46
2024-03-03 00:00:00,8,0,26,18,6,0,0,58
2024-03-03 00:10:00,2,1,23,12,6,0,0,44
2024-03-03 00:20:00,13,0,14,11,0,0,0,38
2024-03-03 00:30:00,2,0,23,16,3,0,0,44
2024-03-03 00:40:00,6,0,23,7,1,0,0,37
2024-03-03 00:50:00,9,0,23,10,2,0,0,44
2024-03-03 01:00:00,6,1,22,17,2,0,0,48
2024-03-03 01:10:00,4,1,19,10,4,0,0,38
2024-03-03 01:20:00,1,0,13,9,1,0,0,24
2024-03-03 01:30:00,6,0,19,5,1,0,0,31
2024-03-03 01:40:00,5,0,17,8,1,0,0,31
2024-03-03 01:50:00,4,1,18,11,4,0,0,38
2024-03-03 02:00:00,1,1,10,5,1,0,0,18
2024-03-03 02:10:00,1,0,9,10,0,0,0,20
2024-03-03 02:20:00,2,0,15,6,1,0,0,24
2024-03-03 02:30:00,1,0,16,7,2,0,0,26
2024-03-03 02:40:00,1,1,10,6,0,0,0,18
2024-03-03 02:50:00,2,0,14,6,1,0,0,23
2024-03-03 03:00:00,4,0,7,6,0,0,0,17
2024-03-03 03:10:00,2,0,9,2,1,0,0,14
2024-03-03 03:20:00,2,0,10,4,0,0,0,16
2024-03-03 03:30:00,1,0,6,3,2,0,0,12
2024-03-03 03:40:00,1,0,8,4,0,0,0,13
2024-03-03 03:50:00,1,0,5,3,2,0,0,11
2024-03-03 04:00:00,0,0,7,2,0,0,0,9
2024-03-03 04:10:00,0,1,7,6,1,0,0,15
2024-03-03 04:20:00,0,0,7,1,0,0,0,8
2024-03-03 04:30:00,1,0,8,3,0,0,0,12
2024-03-03 04:40:00,2,0,8,4,4,0,0,18
2024-03-03 04:50:00,3,0,7,4,0,0,0,14
2024-03-03 05:00:00,4,0,11,4,1,0,0,20
2024-03-03 05:10:00,5,0,14,2,0,0,0,21
2024-03-03 05:20:00,9,0,17,5,0,0,0,31
2024-03-03 05:30:00,17,0,23,5,2,0,0,47
2024-03-03 05:40:00,14,0,16,10,2,0,0,42
2024-03-03 05:50:00,10,0,18,4,0,0,0,32
2024-03-03 06:00:00,7,0,10,2,0,0,0,19
2024-03-03 06:10:00,4,2,12,6,1,0,0,25
2024-03-03 06:20:00,0,0,9,4,0,0,0,13
2024-03-03 06:30:00,3,0,7,11,0,0,0,21
2024-03-03 06:40:00,6,3,10,4,0,0,0,23
2024-03-03 06:50:00,2,1,4,5,0,0,0,12
2024-03-03 07:00:00,3,0,9,2,0,0,0,14
2024-03-03 07:10:00,5,1,10,3,0,0,0,19
2024-03-03 07:20:00,2,0,8,1,0,0,0,11
2024-03-03 07:30:00,5,0,10,2,0,0,0,17
2024-03-03 07:40:00,8,1,7,5,2,0,0,23
2024-03-03 07:50:00,1,2,8,6,1,0,0,18
2024-03-03 08:00:00,3,0,14,7,3,0,0,27
2024-03-03 08:10:00,6,1,15,11,2,0,0,35
2024-03-03 08:20:00,6,2,20,13,3,0,0,44
2024-03-03 08:30:00,3,2,14,9,1,0,0,29
2024-03-03 08:40:00,6,4,22,19,3,0,0,54
2024-03-03 08:50:00,4,0,17,5,2,0,0,28
2024-03-03 09:00:00,6,0,27,9,4,0,0,46
2024-03-03 09:10:00,9,1,18,20,4,0,0,52
2024-03-03 09:20:00,5,0,24,11,3,0,0,43
2024-03-03 09:30:00,9,1,23,13,5,0,0,51
2024-03-03 09:40:00,12,2,21,22,2,0,0,59
2024-03-03 09:50:00,11,2,36,21,4,0,0,74
2024-03-03 10:00:00,16,1,33,21,6,0,0,77
2024-03-03 10:10:00,5,2,37,25,4,0,0,73
2024-03-03 10:20:00,7,2,42,22,3,0,0,76
2024-03-03 10:30:00,11,2,33,18,5,0,0,69
2024-03-03 10:40:00,12,3,48,25,13,0,0,101
2024-03-03 10:50:00,11,2,45,33,6,0,0,97
2024-03-03 11:00:00,10,2,46,24,7,0,0,89
2024-03-03 11:10:00,14,2,32,26,7,0,0,81
2024-03-03 11:20:00,8,5,46,28,12,0,0,99
2024-03-03 11:30:00,12,3,49,36,4,0,0,104
2024-03-03 11:40:00,6,8,43,22,12,0,0,91
2024-03-03 11:50:00,19,9,51,38,12,0,0,129
2024-03-03 12:00:00,17,3,57,34,8,0,0,119
2024-03-03 12:10:00,11,2,54,35,10,0,0,112
2024-03-03 12:20:00,22,8,71,39,6,0,0,146
2024-03-03 12:30:00,18,2,45,33,13,0,0,111
2024-03-03 12:40:00,17,4,58,39,7,0,0,125
2024-03-03 12:50:00,21,3,47,34,14,0,0,119
2024-03-03 13:00:00,23,3,62,45,9,0,0,142
2024-03-03 13:10:00,18,3,61,46,11,0,0,139
2024-03-03 13:20:00,9,5,59,40,10,0,0,123
2024-03-03 13:30:00,14,6,52,41,13,0,0,126
2024-03-03 13:40:00,18,8,45,47,15,0,0,133
2024-03-03 13:50:00,14,5,62,43,10,0,0,134
2024-03-03 14:00:00,17,0,61,48,9,0,0,135
2024-03-03 14:10:00,17,5,57,43,9,0,0,131
2024-03-03 14:20:00,13,9,59,31,11,0,0,123
2024-03-03 14:30:00,17,5,71,49,9,0,0,151
2024-03-03 14:40:00,12,7,57,39,7,0,0,122
2024-03-03 14:50:00,19,15,77,45,12,0,0,168
2024-03-03 15:00:00,18,6,63,36,9,0,0,132
2024-03-03 15:10:00,13,13,65,43,13,0,0,147
2024-03-03 15:20:00,15,4,58,40,9,0,0,126
2024-03-03 15:30:00,19,6,50,36,13,0,0,124
2024-03-03 15:40:00,18,5,58,52,17,0,0,150
2024-03-03 15:50:00,22,1,55,46,15,0,0,139
2024-03-03 16:00:00,14,3,68,49,13,0,0,147
2024-03-03 16:10:00,16,3,55,65,16,0,0,155
2024-03-03 16:20:00,18,0,58,60,15,0,0,151
2024-03-03 16:30:00,20,3,62,56,13,0,0,154
2024-03-03 16:40:00,19,3,46,50,15,0,0,133
2024-03-03 16:50:00,10,11,44,61,15,0,0,141
2024-03-03 17:00:00,18,4,45,59,15,0,0,141
2024-03-03 17:10:00,13,13,53,44,12,0,0,135
2024-03-03 17:20:00,16,10,34,62,20,0,0,142
2024-03-03 17:30:00,14,8,60,54,8,0,0,144
2024-03-03 17:40:00,16,11,46,62,10,0,0,145
2024-03-03 17:50:00,12,4,38,61,12,0,0,127
2024-03-03 18:00:00,13,6,64,56,23,0,0,162
2024-03-03 18:10:00,16,6,53,69,18,0,0,162
2024-03-03 18:20:00,11,3,70,52,13,0,0,149
2024-03-03 18:30:00,18,1,44,35,11,0,0,109
2024-03-03 18:40:00,19,2,42,41,9,0,0,113
2024-03-03 18:50:00,15,0,54,32,11,0,0,112
2024-03-03 19:00:00,13,0,41,36,9,0,0,99
2024-03-03 19:10:00,9,0,45,26,9,0,0,89
2024-03-03 19:20:00,17,1,36,28,10,0,0,92
2024-03-03 19:30:00,13,0,43,25,9,0,0,90
2024-03-03 19:40:00,18,0,34,23,11,0,0,86
2024-03-03 19:50:00,12,0,38,25,7,0,0,82
2024-03-03 20:00:00,12,0,37,30,6,0,0,85
2024-03-03 20:10:00,23,1,39,27,7,0,0,97
2024-03-03 20:20:00,15,0,38,26,6,0,0,85
2024-03-03 20:30:00,14,1,27,21,7,0,0,70
2024-03-03 20:40:00,15,0,35,18,4,0,0,72
2024-03-03 20:50:00,16,1,18,24,5,0,0,64
2024-03-03 21:00:00,8,3,37,20,8,0,0,76
2024-03-03 21:10:00,15,0,29,27,6,0,0,77
2024-03-03 21:20:00,9,0,24,22,4,0,0,59
2024-03-03 21:30:00,6,0,25,22,8,0,0,61
2024-03-03 21:40:00,11,0,25,11,7,0,0,54
2024-03-03 21:50:00,9,0,16,23,9,0,0,57
2024-03-03 22:00:00,7,0,25,24,6,0,0,62
2024-03-03 22:10:00,7,2,23,12,7,0,0,51
2024-03-03 22:20:00,5,0,21,14,7,0,0,47
2024-03-03 22:30:00,9,1,20,17,2,0,0,49
2024-03-03 22:40:00,6,0,16,12,4,0,0,38
2024-03-03 22:50:00,8,1,11,12,2,0,0,34
2024-03-03 23:00:00,5,1,18,7,1,0,0,32
2024-03-03 23:10:00,2,0,13,5,3,0,0,23
2024-03-03 23:20:00,3,1,8,7,4,0,0,23
2024-03-03 23:30:00,5,1,14,4,4,0,0,28
2024-03-03 23:40:00,3,0,13,7,1,0,0,24
2024-03-03 23:50:00,7,0,8,3,0,0,0,18
2024-03-04 00:00:00,2,0,9,4,2,0,0,17
2024-03-04 00:10:00,0,0,11,5,1,0,0,17
2024-03-04 00:20:00,5,0,6,3,0,0,0,14
2024-03-04 00:30:00,1,1,9,2,0,0,0,13
2024-03-04 00:40:00,1,0,5,2,2,0,0,10
2024-03-04 00:50:00,1,0,7,5,1,0,0,14
2024-03-04 01:00:00,1,0,6,5,2,0,0,14
2024-03-04 01:10:00,1,0,3,3,1,0,0,8
2024-03-04 01:20:00,0,0,3,0,0,0,0,3
2024-03-04 01:30:00,0,0,5,2,2,0,0,9
2024-03-04 01:40:00,1,0,9,3,0,0,0,13
2024-03-04 01:50:00,0,0,5,7,0,0,0,12
2024-03-04 02:00:00,1,0,1,3,0,0,0,5
2024-03-04 02:10:00,2,0,4,0,0,0,0,6
2024-03-04 02:20:00,0,0,3,5,0,0,0,8
2024-03-04 02:30:00,0,0,1,1,0,0,0,2
2024-03-04 02:40:00,3,0,4,4,1,0,0,12
2024-03-04 02:50:00,0,0,4,1,1,0,0,6
2024-03-04 03:00:00,3,0,4,0,1,0,0,8
2024-03-04 03:10:00,2,0,4,1,0,0,0,7
2024-03-04 03:20:00,2,0,3,2,0,0,0,7
2024-03-04 03:30:00,2,0,3,1,0,0,0,6
2024-03-04 03:40:00,3,1,8,1,0,0,0,13
2024-03-04 03:50:00,0,0,4,0,1,0,0,5
2024-03-04 04:00:00,1,1,4,5,0,0,0,11
2024-03-04 04:10:00,2,0,4,3,0,0,0,9
2024-03-04 04:20:00,4,0,6,3,1,0,0,14
2024-03-04 04:30:00,1,0,7,5,0,0,0,13
2024-03-04 04:40:00,2,0,14,11,3,0,0,30
2024-03-04 04:50:00,1,0,11,11,2,0,0,25
2024-03-04 05:00:00,6,0,10,10,1,0,0,27
2024-03-04 05:10:00,7,1,16,15,2,0,0,41
2024-03-04 05:20:00,3,0,16,22,5,0,0,46
2024-03-04 05:30:00,11,0,30,27,3,0,0,71
2024-03-04 05:40:00,23,7,41,24,3,0,0,98
2024-03-04 05:50:00,11,2,44,41,2,0,0,100
2024-03-04 06:00:00,13,2,55,47,6,0,0,123
2024-03-04 06:10:00,10,0,46,32,5,0,0,93
2024-03-04 06:20:00,16,1,60,60,10,0,0,147
2024-03-04 06:30:00,18,1,62,46,8,0,0,135
2024-03-04 06:40:00,21,1,59,60,9,0,0,150
2024-03-04 06:50:00,15,8,75,61,9,0,0,168
2024-03-04 07:00:00,27,12,71,69,19,0,0,198
2024-03-04 07:10:00,25,8,74,71,16,0,0,194
2024-03-04 07:20:00,22,21,70,59,14,0,0,186
2024-03-04 07:30:00,19,14,80,85,9,0,0,207
2024-03-04 07:40:00,20,18,53,72,25,0,0,188
2024-03-04 07:50:00,17,26,63,78,20,0,0,204
2024-03-04 08:00:00,16,14,76,70,22,0,0,198
2024-03-04 08:10:00,20,18,80,66,18,0,0,202
2024-03-04 08:20:00,19,25,72,69,23,0,0,208
2024-03-04 08:30:00,20,17,58,60,19,0,0,174
2024-03-04 08:40:00,23,25,58,63,21,0,0,190
2024-03-04 08:50:00,28,16,62,58,18,0,0,182
2024-03-04 09:00:00,21,20,77,44,23,0,0,185
2024-03-04 09:10:00,25,20,65,61,30,0,0,201
2024-03-04 09:20:00,19,16,68,41,19,0,0,163
2024-03-04 09:30:00,16,16,63,47,17,0,0,159
2024-03-04 09:40:00,22,18,61,45,21,0,0,167
2024-03-04 09:50:00,17,17,71,49,23,0,0,177
2024-03-04 10:00:00,19,11,61,52,27,0,0,170
2024-03-04 10:10:00,22,11,55,32,25,0,0,145
2024-03-04 10:20:00,22,15,69,43,17,0,0,166
2024-03-04 10:30:00,22,9,59,40,23,0,0,153
2024-03-04 10:40:00,20,12,71,51,19,0,0,173
2024-03-04 10:50:00,18,12,58,45,22,0,0,155
2024-03-04 11:00:00,22,10,75,41,19,0,0,167
2024-03-04 11:10:00,17,11,61,40,29,0,0,158
2024-03-04 11:20:00,18,12,67,49,27,0,0,173
2024-03-04 11:30:00,30,9,49,32,17,0,0,137
2024-03-04 11:40:00,23,11,50,39,17,0,0,140
2024-03-04 11:50:00,22,15,64,44,21,0,0,166
2024-03-04 12:00:00,24,5,60,34,23,0,0,146
2024-03-04 12:10:00,22,5,58,41,13,0,0,139
2024-03-04 12:20:00,21,13,43,27,12,0,0,116
2024-03-04 12:30:00,19,6,72,58,35,0,0,190
2024-03-04 12:40:00,17,18,57,42,15,0,0,149
2024-03-04 12:50:00,19,12,58,51,16,0,0,156
2024-03-04 13:00:00,17,17,57,51,20,0,0,162
2024-03-04 13:10:00,17,17,75,29,17,0,0,155
2024-03-04 13:20:00,15,17,82,46,10,0,0,170
2024-03-04 13:30:00,21,14,56,31,17,0,0,139
2024-03-04 13:40:00,24,16,60,44,25,0,0,169
2024-03-04 13:50:00,18,14,58,38,25,0,0,153
2024-03-04 14:00:00,16,11,69,39,24,0,0,159
2024-03-04 14:10:00,21,8,64,47,20,0,0,160
2024-03-04 14:20:00,21,11,68,40,16,0,0,156
2024-03-04 14:30:00,25,7,59,50,17,0,0,158
2024-03-04 14:40:00,23,16,58,39,22,0,0,158
2024-03-04 14:50:00,14,16,71,57,20,0,0,178
2024-03-04 15:00:00,23,12,61,51,22,0,0,169
2024-03-04 15:10:00,24,5,73,50,17,0,0,169
2024-03-04 15:20:00,27,15,57,44,20,0,0,163
2024-03-04 15:30:00,15,8,57,42,21,0,0,143
2024-03-04 15:40:00,20,11,61,48,19,0,0,159
2024-03-04 15:50:00,19,8,66,47,12,0,0,152
2024-03-04 16:00:00,21,15,70,53,21,0,0,180
2024-03-04 16:10:00,24,13,62,55,22,0,0,176
2024-03-04 16:20:00,22,17,78,53,22,0,0,192
2024-03-04 16:30:00,25,11,80,56,16,0,0,188
2024-03-04 16:40:00,23,11,61,42,11,0,0,148
2024-03-04 16:50:00,21,7,71,42,18,0,0,159
2024-03-04 17:00:00,22,10,68,41,17,0,0,158
2024-03-04 17:10:00,19,11,64,36,13,0,0,143
2024-03-04 17:20:00,22,11,67,46,16,0,0,162
2024-03-04 17:30:00,24,8,55,32,16,0,0,135
2024-03-04 17:40:00,13,12,64,52,18,0,0,159
2024-03-04 17:50:00,19,6,61,32,13,0,0,131
2024-03-04 18:00:00,29,10,53,42,12,0,0,146
2024-03-04 18:10:00,25,8,61,46,20,0,0,160
2024-03-04 18:20:00,20,1,46,34,7,0,0,108
2024-03-04 18:30:00,21,2,53,34,16,0,0,126
2024-03-04 18:40:00,24,5,45,35,9,0,0,118
2024-03-04 18:50:00,24,2,49,49,20,0,0,144
2024-03-04 19:00:00,16,4,42,30,10,0,0,102
2024-03-04 19:10:00,18,3,57,29,14,0,0,121
2024-03-04 19:20:00,17,1,44,35,6,0,0,103
2024-03-04 19:30:00,23,2,37,28,11,0,0,101
2024-03-04 19:40:00,14,0,36,22,12,0,0,84
2024-03-04 19:50:00,17,3,35,28,9,0,0,92
2024-03-04 20:00:00,25,1,50,45,26,0,0,147
2024-03-04 20:10:00,14,3,36,29,25,0,0,107
2024-03-04 20:20:00,20,0,31,33,18,0,0,102
2024-03-04 20:30:00,14,1,34,28,18,0,0,95
2024-03-04 20:40:00,12,2,52,32,14,0,0,112
2024-03-04 20:50:00,13,0,25,29,18,0,0,85
2024-03-04 21:00:00,18,3,26,30,13,0,0,90
2024-03-04 21:10:00,13,1,35,30,10,0,0,89
2024-03-04 21:20:00,16,1,25,27,19,0,0,88
2024-03-04 21:30:00,14,2,36,27,14,0,0,93
2024-03-04 21:40:00,13,0,33,17,16,0,0,79
2024-03-04 21:50:00,8,2,26,22,15,0,0,73
2024-03-04 22:00:00,7,2,21,21,15,0,0,66
2024-03-04 22:10:00,14,1,23,18,8,0,0,64
2024-03-04 22:20:00,6,0,29,29,10,0,0,74
2024-03-04 22:30:00,3,0,25,16,10,0,0,54
2024-03-04 22:40:00,9,1,16,12,4,0,0,42
2024-03-04 22:50:00,1,2,19,7,8,0,0,37
2024-03-04 23:00:00,3,0,13,6,10,0,0,32
2024-03-04 23:10:00,1,1,16,9,3,0,0,30
2024-03-04 23:20:00,4,1,11,11,0,0,0,27
2024-03-04 23:30:00,8,0,14,9,6,0,0,37
2024-03-04 23:40:00,8,0,10,5,1,0,0,24
2024-03-04 23:50:00,7,0,12,8,3,0,0,30
2024-03-05 00:00:00,8,0,10,6,3,0,0,27
2024-03-05 00:10:00,7,0,12,6,3,0,0,28
2024-03-05 00:20:00,8,2,3,2,2,0,0,17
2024-03-05 00:30:00,1,0,10,9,4,0,0,24
2024-03-05 00:40:00,8,1,6,5,0,0,0,20
2024-03-05 00:50:00,3,0,7,2,1,0,0,13
2024-03-05 01:00:00,9,0,4,4,1,0,0,18
2024-03-05 01:10:00,1,1,6,3,3,0,0,14
2024-03-05 01:20:00,6,0,10,3,1,0,0,20
2024-03-05 01:30:00,2,0,7,6,0,0,0,15
2024-03-05 01:40:00,1,0,8,6,1,0,0,16
2024-03-05 01:50:00,0,0,11,6,0,0,0,17
2024-03-05 02:00:00,2,0,5,2,1,0,0,10
2024-03-05 02:10:00,2,0,7,1,1,0,0,11
2024-03-05 02:20:00,4,0,5,6,1,0,0,16
2024-03-05 02:30:00,1,0,3,0,1,0,0,5
2024-03-05 02:40:00,1,0,6,2,1,0,0,10
2024-03-05 02:50:00,1,0,2,8,1,0,0,12
2024-03-05 03:00:00,1,0,7,1,0,0,0,9
2024-03-05 03:10:00,0,0,6,2,0,0,0,8
2024-03-05 03:20:00,0,0,2,4,0,0,0,6
2024-03-05 03:30:00,2,0,7,2,0,0,0,11
2024-03-05 03:40:00,1,0,3,1,1,0,0,6
2024-03-05 03:50:00,1,0,6,3,0,0,0,10
2024-03-05 04:00:00,0,3,5,3,2,0,0,13
2024-03-05 04:10:00,5,1,9,1,1,0,0,17
2024-03-05 04:20:00,0,0,8,6,2,0,0,16
2024-03-05 04:30:00,0,0,5,10,2,0,0,17
2024-03-05 04:40:00,1,0,8,12,2,0,0,23
2024-03-05 04:50:00,1,0,12,12,1,0,0,26
2024-03-05 05:00:00,5,0,12,8,1,0,0,26
2024-03-05 05:10:00,9,0,20,18,4,0,0,51
2024-03-05 05:20:00,9,1,19,16,4,0,0,49
2024-03-05 05:30:00,13,1,29,30,6,0,0,79
2024-03-05 05:40:00,14,4,40,31,3,0,0,92
2024-03-05 05:50:00,17,1,44,38,2,0,0,102
2024-03-05 06:00:00,13,0,53,51,7,0,0,124
2024-03-05 06:10:00,15,3,49,39,2,0,0,108
2024-03-05 06:20:00,17,5,72,57,7,0,0,158
2024-03-05 06:30:00,13,0,55,57,9,0,0,134
2024-03-05 06:40:00,21,3,70,58,9,0,0,161
2024-03-05 06:50:00,25,1,74,65,3,0,0,168
2024-03-05 07:00:00,23,5,69,66,11,0,0,174
2024-03-05 07:10:00,22,14,63,58,16,0,0,173
2024-03-05 07:20:00,18,11,77,64,14,0,0,184
2024-03-05 07:30:00,15,21,75,67,16,0,0,194
2024-03-05 07:40:00,19,21,59,80,18,0,0,197
2024-03-05 07:50:00,16,19,61,65,23,0,0,184
2024-03-05 08:00:00,22,6,71,66,22,0,0,187
2024-03-05 08:10:00,17,21,59,88,21,0,0,206
2024-03-05 08:20:00,19,19,71,68,32,0,0,209
2024-03-05 08:30:00,19,20,67,63,21,0,0,190
2024-03-05 08:40:00,23,23,46,69,17,0,0,178
2024-03-05 08:50:00,31,22,58,60,22,0,0,193
2024-03-05 09:00:00,16,14,75,58,22,0,0,185
2024-03-05 09:10:00,21,15,63,51,28,0,0,178
2024-03-05 09:20:00,21,15,58,50,22,0,0,166
2024-03-05 09:30:00,14,14,44,61,29,0,0,162
2024-03-05 09:40:00,19,12,65,55,21,0,0,172
2024-03-05 09:50:00,18,18,58,52,25,0,0,171
2024-03-05 10:00:00,26,10,56,42,22,0,0,156
2024-03-05 10:10:00,18,18,80,49,23,0,0,188
2024-03-05 10:20:00,21,13,60,53,29,0,0,176
2024-03-05 10:30:00,22,5,65,47,22,0,0,161
2024-03-05 10:40:00,14,11,56,52,23,0,0,156
2024-03-05 10:50:00,17,10,74,38,13,0,0,152
2024-03-05 11:00:00,16,15,63,42,21,0,0,157
2024-03-05 11:10:00,20,14,52,46,26,0,0,158
2024-03-05 11:20:00,22,10,66,39,17,0,0,154
2024-03-05 11:30:00,26,8,63,35,23,0,0,155
2024-03-05 11:40:00,21,5,52,44,14,0,0,136
2024-03-05 11:50:00,14,14,76,44,20,0,0,168
2024-03-05 12:00:00,23,8,65,51,18,0,0,165
2024-03-05 12:10:00,16,7,58,43,20,0,0,144
2024-03-05 12:20:00,22,9,47,56,24,0,0,158
2024-03-05 12:30:00,22,10,50,48,19,0,0,149
2024-03-05 12:40:00,19,9,64,49,19,0,0,160
2024-03-05 12:50:00,18,12,79,46,23,0,0,178
2024-03-05 13:00:00,24,9,61,48,21,0,0,163
2024-03-05 13:10:00,21,12,64,49,18,0,0,164
2024-03-05 13:20:00,25,11,70,51,17,0,0,174
2024-03-05 13:30:00,24,8,56,49,19,0,0,156
2024-03-05 13:40:00,22,15,64,47,18,0,0,166
2024-03-05 13:50:00,21,13,71,42,20,0,0,167
2024-03-05 14:00:00,14,14,67,42,20,0,0,157
2024-03-05 14:10:00,16,13,58,50,20,0,0,157
2024-03-05 14:20:00,18,7,57,43,17,0,0,142
2024-03-05 14:30:00,23,5,54,45,19,0,0,146
2024-03-05 14:40:00,30,9,60,48,17,0,0,164
2024-03-05 14:50:00,20,9,56,47,28,0,0,160
2024-03-05 15:00:00,20,10,62,44,22,0,0,158
2024-03-05 15:10:00,20,12,78,54,25,0,0,189
2024-03-05 15:20:00,13,7,65,38,27,0,0,150
2024-03-05 15:30:00,26,9,58,52,22,0,0,167
2024-03-05 15:40:00,17,16,65,44,21,0,0,163
2024-03-05 15:50:00,26,11,62,51,19,0,0,169
2024-03-05 16:00:00,25,13,67,56,24,0,0,185
2024-03-05 16:10:00,26,10,43,58,19,0,0,156
2024-03-05 16:20:00,20,9,58,53,19,0,0,159
2024-03-05 16:30:00,18,11,56,58,26,0,0,169
2024-03-05 16:40:00,18,11,64,51,16,0,0,160
2024-03-05 16:50:00,20,15,63,50,24,0,0,172
2024-03-05 17:00:00,19,12,57,38,15,0,0,141
2024-03-05 17:10:00,23,11,52,47,20,0,0,153
2024-03-05 17:20:00,26,2,59,34,20,0,0,141
2024-03-05 17:30:00,25,6,57,41,13,0,0,142
2024-03-05 17:40:00,15,10,62,53,18,0,0,158
2024-03-05 17:50:00,29,6,54,33,13,0,0,135
2024-03-05 18:00:00,20,9,64,44,18,0,0,155
2024-03-05 18:10:00,23,11,54,48,17,0,0,153
2024-03-05 18:20:00,8,2,67,47,16,0,0,140
2024-03-05 18:30:00,29,1,56,41,14,0,0,141
2024-03-05 18:40:00,28,2,56,33,14,0,0,133
2024-03-05 18:50:00,22,3,49,30,15,0,0,119
2024-03-05 19:00:00,30,5,52,34,16,0,0,137
2024-03-05 19:10:00,17,4,56,38,18,0,0,133
2024-03-05 19:20:00,19,1,42,45,11,0,0,118
2024-03-05 19:30:00,19,2,36,26,11,0,0,94
2024-03-05 19:40:00,28,2,46,36,10,0,0,122
2024-03-05 19:50:00,18,1,32,35,8,0,0,94
2024-03-05 20:00:00,24,1,66,52,33,0,0,176
2024-03-05 20:10:00,31,1,45,27,18,0,0,122
2024-03-05 20:20:00,20,0,35,27,16,0,0,98
2024-03-05 20:30:00,24,2,46,37,22,0,0,131
2024-03-05 20:40:00,27,3,38,28,18,0,0,114
2024-03-05 20:50:00,20,2,30,26,18,0,0,96
2024-03-05 21:00:00,6,1,28,28,14,0,0,77
2024-03-05 21:10:00,14,1,31,39,12,0,0,97
2024-03-05 21:20:00,7,0,40,26,19,0,0,92
2024-03-05 21:30:00,17,1,44,29,19,0,0,110
2024-03-05 21:40:00,17,1,34,21,21,0,0,94
2024-03-05 21:50:00,21,1,32,24,13,0,0,91
2024-03-05 22:00:00,11,0,31,17,12,0,0,71
2024-03-05 22:10:00,8,0,24,18,11,0,0,61
2024-03-05 22:20:00,8,4,33,36,11,0,0,92
2024-03-05 22:30:00,14,0,40,28,10,0,0,92
2024-03-05 22:40:00,6,0,34,22,13,0,0,75
2024-03-05 22:50:00,3,1,21,19,6,0,0,50
2024-03-05 23:00:00,9,1,24,17,7,0,0,58
2024-03-05 23:10:00,4,0,18,15,7,0,0,44
2024-03-05 23:20:00,8,0,24,11,9,0,0,52
2024-03-05 23:30:00,4,0,12,10,1,0,0,27
2024-03-05 23:40:00,4,0,12,9,3,0,0,28
2024-03-05 23:50:00,1,0,16,9,9,0,0,35
2024-03-06 00:00:00,3,0,9,3,3,0,0,18
2024-03-06 00:10:00,8,0,12,8,6,0,0,34
2024-03-06 00:20:00,2,0,13,4,1,0,0,20
2024-03-06 00:30:00,1,0,10,7,3,0,0,21
2024-03-06 00:40:00,5,0,7,5,2,0,0,19
2024-03-06 00:50:00,5,0,9,5,3,0,0,22
2024-03-06 01:00:00,6,0,6,2,7,0,0,21
2024-03-06 01:10:00,0,0,6,5,4,0,0,15
2024-03-06 01:20:00,4,0,5,3,4,0,0,16
2024-03-06 01:30:00,0,0,10,3,0,0,0,13
2024-03-06 01:40:00,1,0,5,4,0,0,0,10
2024-03-06 01:50:00,0,0,2,0,0,0,0,2
2024-03-06 02:00:00,2,0,4,5,0,0,0,11
2024-03-06 02:10:00,0,0,0,3,3,0,0,6
2024-03-06 02:20:00,1,0,3,3,0,0,0,7
2024-03-06 02:30:00,0,0,5,2,0,0,0,7
2024-03-06 02:40:00,0,0,4,5,0,0,0,9
2024-03-06 02:50:00,0,0,4,4,0,0,0,8
2024-03-06 03:00:00,1,1,9,1,1,0,0,13
2024-03-06 03:10:00,2,0,7,2,2,0,0,13
2024-03-06 03:20:00,1,0,3,1,0,0,0,5
2024-03-06 03:30:00,2,0,4,2,0,0,0,8
2024-03-06 03:40:00,3,1,5,3,1,0,0,13
2024-03-06 03:50:00,1,1,7,3,4,0,0,16
2024-03-06 04:00:00,1,1,7,6,2,0,0,17
2024-03-06 04:10:00,3,0,4,2,1,0,0,10
2024-03-06 04:20:00,2,0,7,5,2,0,0,16
2024-03-06 04:30:00,0,0,5,5,0,0,0,10
2024-03-06 04:40:00,6,2,15,5,0,0,0,28
2024-03-06 04:50:00,1,0,10,7,31,0,0,49
2024-03-06 05:00:00,4,0,10,10,1,0,0,25
2024-03-06 05:10:00,3,0,14,17,1,0,0,35
2024-03-06 05:20:00,12,0,23,21,8,0,0,64
2024-03-06 05:30:00,11,1,30,26,5,0,0,73
2024-03-06 05:40:00,17,3,34,32,1,0,0,87
2024-03-06 05:50:00,21,1,43,28,2,0,0,95
2024-03-06 06:00:00,13,0,47,54,9,0,0,123
2024-03-06 06:10:00,12,1,54,39,2,0,0,108
2024-03-06 06:20:00,12,3,65,50,11,0,0,141
2024-03-06 06:30:00,16,2,58,55,8,0,0,139
2024-03-06 06:40:00,19,2,67,51,11,0,0,150
2024-03-06 06:50:00,21,6,72,68,9,0,0,176
2024-03-06 07:00:00,25,15,61,74,14,0,0,189
2024-03-06 07:10:00,23,7,80,72,14,0,0,196
2024-03-06 07:20:00,26,12,62,70,19,0,0,189
2024-03-06 07:30:00,21,23,69,86,15,0,0,214
2024-03-06 07:40:00,23,12,72,82,24,0,0,213
2024-03-06 07:50:00,20,27,83,77,20,0,0,227
2024-03-06 08:00:00,23,14,72,66,25,0,0,200
2024-03-06 08:10:00,25,26,64,75,19,0,0,209
2024-03-06 08:20:00,32,17,57,64,27,0,0,197
2024-03-06 08:30:00,26,9,71,70,21,0,0,197
2024-03-06 08:40:00,18,19,49,69,28,0,0,183
2024-03-06 08:50:00,22,16,58,62,14,0,0,172
2024-03-06 09:00:00,18,24,56,41,20,0,0,159
2024-03-06 09:10:00,19,14,53,60,25,0,0,171
2024-03-06 09:20:00,16,22,57,58,17,0,0,170
2024-03-06 09:30:00,21,16,75,53,20,0,0,185
2024-03-06 09:40:00,22,19,53,58,24,0,0,176
2024-03-06 09:50:00,27,15,60,57,22,0,0,181
2024-03-06 10:00:00,25,9,54,35,22,0,0,145
2024-03-06 10:10:00,20,14,55,46,30,0,0,165
2024-03-06 10:20:00,29,12,69,38,26,0,0,174
2024-03-06 10:30:00,25,7,72,43,29,0,0,176
2024-03-06 10:40:00,24,17,57,50,19,0,0,167
2024-03-06 10:50:00,21,15,65,40,16,0,0,157
2024-03-06 11:00:00,29,14,65,53,27,0,0,188
2024-03-06 11:10:00,26,11,61,41,25,0,0,164
2024-03-06 11:20:00,28,12,69,46,18,0,0,173
2024-03-06 11:30:00,22,10,61,35,11,0,0,139
2024-03-06 11:40:00,27,12,64,45,21,0,0,169
2024-03-06 11:50:00,24,13,61,47,15,0,0,160
2024-03-06 12:00:00,23,9,54,38,20,0,0,144
2024-03-06 12:10:00,29,11,72,45,19,0,0,176
2024-03-06 12:20:00,28,9,52,42,18,0,0,149
2024-03-06 12:30:00,18,15,68,46,14,0,0,161
2024-03-06 12:40:00,26,12,70,47,20,0,0,175
2024-03-06 12:50:00,24,11,71,48,14,0,0,168
2024-03-06 13:00:00,23,15,74,38,19,0,0,169
2024-03-06 13:10:00,28,9,61,42,18,0,0,158
2024-03-06 13:20:00,21,17,76,49,20,0,0,183
2024-03-06 13:30:00,26,11,64,49,14,0,0,164
2024-03-06 13:40:00,20,16,67,43,17,0,0,163
2024-03-06 13:50:00,23,13,62,39,19,0,0,156
2024-03-06 14:00:00,16,12,56,44,12,0,0,140
2024-03-06 14:10:00,20,10,74,46,20,0,0,170
2024-03-06 14:20:00,20,11,61,44,14,0,0,150
2024-03-06 14:30:00,16,12,74,44,20,0,0,166
2024-03-06 14:40:00,19,16,55,47,20,0,0,157
2024-03-06 14:50:00,29,12,62,37,18,0,0,158
2024-03-06 15:00:00,27,12,62,40,18,0,0,159
2024-03-06 15:10:00,20,5,58,48,20,0,0,151
2024-03-06 15:20:00,19,11,63,60,21,0,0,174
2024-03-06 15:30:00,33,12,59,40,15,0,0,159
2024-03-06 15:40:00,21,13,62,44,18,0,0,158
2024-03-06 15:50:00,29,12,61,48,22,0,0,172
2024-03-06 16:00:00,24,15,66,40,22,0,0,167
2024-03-06 16:10:00,23,11,75,56,14,0,0,179
2024-03-06 16:20:00,19,13,61,59,15,0,0,167
2024-03-06 16:30:00,24,14,61,42,19,0,0,160
2024-03-06 16:40:00,22,10,59,43,14,0,0,148
2024-03-06 16:50:00,21,14,65,52,16,0,0,168
2024-03-06 17:00:00,27,12,50,44,14,0,0,147
2024-03-06 17:10:00,20,16,65,54,16,0,0,171
2024-03-06 17:20:00,24,9,67,55,23,0,0,178
2024-03-06 17:30:00,26,13,60,42,14,0,0,155
2024-03-06 17:40:00,19,11,54,46,15,0,0,145
2024-03-06 17:50:00,19,12,62,47,16,0,0,156
2024-03-06 18:00:00,3,14,57,30,13,0,0,117
2024-03-06 18:10:00,25,7,50,50,16,0,0,148
2024-03-06 18:20:00,27,4,76,47,11,0,0,165
2024-03-06 18:30:00,18,3,52,48,16,0,0,137
2024-03-06 18:40:00,20,5,60,43,21,0,0,149
2024-03-06 18:50:00,31,6,48,36,12,0,0,133
2024-03-06 19:00:00,17,0,55,40,13,0,0,125
2024-03-06 19:10:00,23,3,49,39,11,0,0,125
2024-03-06 19:20:00,18,2,48,35,12,0,0,115
2024-03-06 19:30:00,20,0,44,29,10,0,0,103
2024-03-06 19:40:00,17,2,38,21,11,0,0,89
2024-03-06 19:50:00,25,1,40,19,20,0,0,105
2024-03-06 20:00:00,21,1,52,46,24,0,0,144
2024-03-06 20:10:00,25,1,35,42,20,0,0,123
2024-03-06 20:20:00,17,0,40,44,21,0,0,122
2024-03-06 20:30:00,16,2,33,34,16,0,0,101
2024-03-06 20:40:00,25,0,45,32,22,0,0,124
2024-03-06 20:50:00,14,3,31,28,23,0,0,99
2024-03-06 21:00:00,12,1,34,28,15,0,0,90
2024-03-06 21:10:00,9,1,39,34,16,0,0,99
2024-03-06 21:20:00,8,0,26,32,13,0,0,79
2024-03-06 21:30:00,12,1,40,30,9,0,0,92
2024-03-06 21:40:00,16,1,25,26,15,0,0,83
2024-03-06 21:50:00,12,1,24,24,13,0,0,74
2024-03-06 22:00:00,3,0,28,33,10,0,0,74
2024-03-06 22:10:00,11,2,27,16,11,0,0,67
2024-03-06 22:20:00,13,1,25,27,3,0,0,69
2024-03-06 22:30:00,10,2,28,21,10,0,0,71
2024-03-06 22:40:00,9,0,27,16,5,0,0,57
2024-03-06 22:50:00,12,0,24,23,6,0,0,65
2024-03-06 23:00:00,7,2,30,21,5,0,0,65
2024-03-06 23:10:00,10,1,17,13,5,0,0,46
2024-03-06 23:20:00,13,2,22,15,4,0,0,56
2024-03-06 23:30:00,3,0,24,11,6,0,0,44
2024-03-06 23:40:00,4,1,14,7,7,0,0,33
2024-03-06 23:50:00,7,0,15,4,2,0,0,28
2024-03-07 00:00:00,1,0,12,8,2,0,0,23
2024-03-07 00:10:00,7,0,8,7,3,0,0,25
2024-03-07 00:20:00,5,0,5,9,3,0,0,22
2024-03-07 00:30:00,3,0,8,5,1,0,0,17
2024-03-07 00:40:00,6,0,7,2,0,0,0,15
2024-03-07 00:50:00,2,0,9,5,3,0,0,19
2024-03-07 01:00:00,3,0,7,1,1,0,0,12
2024-03-07 01:10:00,5,1,8,5,4,0,0,23
2024-03-07 01:20:00,3,1,7,4,5,0,0,20
2024-03-07 01:30:00,2,2,7,6,1,0,0,18
2024-03-07 01:40:00,0,0,4,1,0,0,0,5
2024-03-07 01:50:00,4,0,8,3,1,0,0,16
2024-03-07 02:00:00,0,0,5,2,2,0,0,9
2024-03-07 02:10:00,0,0,6,3,1,0,0,10
2024-03-07 02:20:00,0,0,5,2,0,0,0,7
2024-03-07 02:30:00,0,1,5,2,0,0,0,8
2024-03-07 02:40:00,1,0,6,4,0,0,0,11
2024-03-07 02:50:00,1,0,4,2,1,0,0,8
2024-03-07 03:00:00,1,0,3,1,0,0,0,5
2024-03-07 03:10:00,1,0,7,3,2,0,0,13
2024-03-07 03:20:00,2,0,5,2,1,0,0,10
2024-03-07 03:30:00,1,0,2,4,0,0,0,7
2024-03-07 03:40:00,2,0,1,5,0,0,0,8
2024-03-07 03:50:00,0,0,3,6,3,0,0,12
2024-03-07 04:00:00,2,0,4,2,2,0,0,10
2024-03-07 04:10:00,3,0,4,7,1,0,0,15
2024-03-07 04:20:00,1,0,6,6,2,0,0,15
2024-03-07 04:30:00,0,0,7,13,3,0,0,23
2024-03-07 04:40:00,3,3,10,6,2,0,0,24
2024-03-07 04:50:00,3,0,9,6,1,0,0,19
2024-03-07 05:00:00,1,0,8,10,1,0,0,20
2024-03-07 05:10:00,4,0,17,11,0,0,0,32
2024-03-07 05:20:00,4,1,17,19,7,0,0,48
2024-03-07 05:30:00,17,1,29,26,3,0,0,76
2024-03-07 05:40:00,14,1,42,25,8,0,0,90
2024-03-07 05:50:00,19,3,35,38,3,0,0,98
2024-03-07 06:00:00,9,2,41,39,5,0,0,96
2024-03-07 06:10:00,12,1,44,43,7,0,0,107
2024-03-07 06:20:00,9,3,69,52,7,0,0,140
2024-03-07 06:30:00,18,3,54,56,7,0,0,138
2024-03-07 06:40:00,17,4,59,45,8,0,0,133
2024-03-07 06:50:00,20,16,81,66,9,0,0,192
2024-03-07 07:00:00,20,14,85,64,19,0,0,202
2024-03-07 07:10:00,8,2,81,75,20,0,0,186
2024-03-07 07:20:00,15,7,77,60,11,0,0,170
2024-03-07 07:30:00,17,20,72,90,12,0,0,211
2024-03-07 07:40:00,16,10,70,80,17,0,0,193
2024-03-07 07:50:00,25,20,71,68,28,0,0,212
2024-03-07 08:00:00,17,13,75,66,29,0,0,200
2024-03-07 08:10:00,22,18,78,76,30,0,0,224
2024-03-07 08:20:00,16,18,57,69,23,0,0,183
2024-03-07 08:30:00,17,17,75,70,20,0,0,199
2024-03-07 08:40:00,23,15,59,72,22,0,0,191
2024-03-07 08:50:00,21,11,68,51,21,0,0,172
2024-03-07 09:00:00,19,18,50,36,24,0,0,147
2024-03-07 09:10:00,31,9,57,59,26,0,0,182
2024-03-07 09:20:00,22,9,64,36,21,0,0,152
2024-03-07 09:30:00,23,10,61,45,32,0,0,171
2024-03-07 09:40:00,31,7,60,43,22,0,0,163
2024-03-07 09:50:00,31,23,70,53,26,0,0,203
2024-03-07 10:00:00,24,12,45,56,21,0,0,158
2024-03-07 10:10:00,20,15,57,59,27,0,0,178
2024-03-07 10:20:00,34,10,72,54,23,0,0,193
2024-03-07 10:30:00,38,11,59,36,25,0,0,169
2024-03-07 10:40:00,24,17,63,50,26,0,0,180
2024-03-07 10:50:00,25,9,75,42,20,0,0,171
2024-03-07 11:00:00,16,6,64,43,24,0,0,153
2024-03-07 11:10:00,28,12,63,42,29,0,0,174
2024-03-07 11:20:00,26,8,68,43,26,0,0,171
2024-03-07 11:30:00,19,10,65,47,26,0,0,167
2024-03-07 11:40:00,30,7,69,41,19,0,0,166
2024-03-07 11:50:00,27,9,65,55,20,0,0,176
2024-03-07 12:00:00,21,5,66,39,23,0,0,154
2024-03-07 12:10:00,25,16,70,33,22,0,0,166
2024-03-07 12:20:00,27,10,73,56,25,0,0,191
2024-03-07 12:30:00,29,10,68,33,15,0,0,155
2024-03-07 12:40:00,28,14,73,37,17,0,0,169
2024-03-07 12:50:00,19,7,81,49,14,0,0,170
2024-03-07 13:00:00,26,17,67,55,24,0,0,189
2024-03-07 13:10:00,36,7,63,41,14,0,0,161
2024-03-07 13:20:00,21,13,72,43,20,0,0,169
2024-03-07 13:30:00,14,10,76,42,19,0,0,161
2024-03-07 13:40:00,29,12,67,42,17,0,0,167
2024-03-07 13:50:00,18,8,66,47,17,0,0,156
2024-03-07 14:00:00,18,13,55,43,19,0,0,148
2024-03-07 14:10:00,10,14,74,50,12,0,0,160
2024-03-07 14:20:00,25,10,60,51,23,0,0,169
2024-03-07 14:30:00,31,13,62,49,20,0,0,175
2024-03-07 14:40:00,22,15,50,43,19,0,0,149
2024-03-07 14:50:00,29,15,69,51,21,0,0,185
2024-03-07 15:00:00,21,12,67,44,20,0,0,164
2024-03-07 15:10:00,36,14,50,43,23,0,0,166
2024-03-07 15:20:00,15,12,65,53,19,0,0,164
2024-03-07 15:30:00,33,14,56,37,19,0,0,159
2024-03-07 15:40:00,20,19,66,65,28,0,0,198
2024-03-07 15:50:00,14,19,67,44,16,0,0,160
2024-03-07 16:00:00,23,14,70,55,17,0,0,179
2024-03-07 16:10:00,25,10,65,44,27,0,0,171
2024-03-07 16:20:00,23,17,58,46,25,0,0,169
2024-03-07 16:30:00,24,8,78,51,19,0,0,180
2024-03-07 16:40:00,16,16,73,46,11,0,0,162
2024-03-07 16:50:00,11,9,80,32,15,0,0,147
2024-03-07 17:00:00,20,12,55,44,14,0,0,145
2024-03-07 17:10:00,17,17,62,55,17,0,0,168
2024-03-07 17:20:00,21,21,58,57,16,0,0,173
2024-03-07 17:30:00,21,7,68,50,29,0,0,175
2024-03-07 17:40:00,22,17,49,48,23,0,0,159
2024-03-07 17:50:00,23,12,62,32,14,0,0,143
2024-03-07 18:00:00,19,15,65,42,14,0,0,155
2024-03-07 18:10:00,24,3,51,36,14,0,0,128
2024-03-07 18:20:00,25,13,63,58,22,0,0,181
2024-03-07 18:30:00,22,0,65,40,17,0,0,144
2024-03-07 18:40:00,15,4,54,39,17,0,0,129
2024-03-07 18:50:00,18,5,64,37,16,0,0,140
2024-03-07 19:00:00,17,4,48,38,18,0,0,125
2024-03-07 19:10:00,22,2,45,33,12,0,0,114
2024-03-07 19:20:00,17,9,45,38,18,0,0,127
2024-03-07 19:30:00,26,0,41,30,10,0,0,107
2024-03-07 19:40:00,21,2,38,28,12,0,0,101
2024-03-07 19:50:00,21,1,42,41,24,0,0,129
2024-03-07 20:00:00,16,2,43,50,24,0,0,135
2024-03-07 20:10:00,23,3,39,38,21,0,0,124
2024-03-07 20:20:00,18,0,47,36,31,0,0,132
2024-03-07 20:30:00,17,0,41,33,19,0,0,110
2024-03-07 20:40:00,24,1,46,40,17,0,0,128
2024-03-07 20:50:00,14,2,37,34,10,0,0,97
2024-03-07 21:00:00,9,1,36,28,16,0,0,90
2024-03-07 21:10:00,7,0,35,29,22,0,0,93
2024-03-07 21:20:00,8,1,23,22,13,0,0,67
2024-03-07 21:30:00,10,2,24,32,23,0,0,91
2024-03-07 21:40:00,16,0,30,22,15,0,0,83
2024-03-07 21:50:00,14,2,28,22,12,0,0,78
2024-03-07 22:00:00,7,1,20,30,6,0,0,64
2024-03-07 22:10:00,18,2,19,28,11,0,0,78
2024-03-07 22:20:00,2,0,20,24,13,0,0,59
2024-03-07 22:30:00,4,0,26,24,6,0,0,60
2024-03-07 22:40:00,8,1,25,16,14,0,0,64
2024-03-07 22:50:00,6,0,18,14,5,0,0,43
2024-03-07 23:00:00,9,0,17,15,9,0,0,50
2024-03-07 23:10:00,8,1,20,14,8,0,0,51
2024-03-07 23:20:00,2,1,19,18,5,0,0,45
2024-03-07 23:30:00,4,0,11,9,7,0,0,31
2024-03-07 23:40:00,2,0,15,9,2,0,0,28
2024-03-07 23:50:00,4,1,14,9,11,0,0,39
2024-03-08 00:00:00,5,0,9,5,3,0,0,22
2024-03-08 00:10:00,4,1,14,7,4,0,0,30
2024-03-08 00:20:00,2,0,8,9,2,0,0,21
2024-03-08 00:30:00,2,0,9,1,1,0,0,13
2024-03-08 00:40:00,3,0,8,6,4,0,0,21
2024-03-08 00:50:00,0,0,7,3,1,0,0,11
2024-03-08 01:00:00,2,1,2,4,1,0,0,10
2024-03-08 01:10:00,3,0,6,7,0,0,0,16
2024-03-08 01:20:00,2,1,9,3,9,0,0,24
2024-03-08 01:30:00,2,0,6,1,2,0,0,11
2024-03-08 01:40:00,1,0,1,5,0,0,0,7
2024-03-08 01:50:00,0,0,3,3,1,0,0,7
2024-03-08 02:00:00,6,0,6,1,1,0,0,14
2024-03-08 02:10:00,0,0,11,5,5,0,0,21
2024-03-08 02:20:00,0,0,4,2,0,0,0,6
2024-03-08 02:30:00,2,0,3,4,0,0,0,9
2024-03-08 02:40:00,1,0,9,5,2,0,0,17
2024-03-08 02:50:00,1,0,5,2,3,0,0,11
2024-03-08 03:00:00,0,0,4,1,0,0,0,5
2024-03-08 03:10:00,1,0,8,3,0,0,0,12
2024-03-08 03:20:00,2,0,4,3,1,0,0,10
2024-03-08 03:30:00,1,0,2,5,0,0,0,8
2024-03-08 03:40:00,1,1,4,4,1,0,0,11
2024-03-08 03:50:00,0,0,5,5,0,0,0,10
2024-03-08 04:00:00,1,0,4,1,1,0,0,7
2024-03-08 04:10:00,2,0,5,4,1,0,0,12
2024-03-08 04:20:00,0,0,6,0,3,0,0,9
2024-03-08 04:30:00,2,0,9,4,0,0,0,15
2024-03-08 04:40:00,1,0,14,10,2,0,0,27
2024-03-08 04:50:00,5,1,8,10,1,0,0,25
2024-03-08 05:00:00,2,0,9,6,2,0,0,19
2024-03-08 05:10:00,10,0,17,10,4,0,0,41
2024-03-08 05:20:00,10,1,17,18,4,0,0,50
2024-03-08 05:30:00,16,2,22,22,1,0,0,63
2024-03-08 05:40:00,23,2,35,23,7,0,0,90
2024-03-08 05:50:00,11,0,37,35,3,0,0,86
2024-03-08 06:00:00,12,0,39,41,5,0,0,97
2024-03-08 06:10:00,5,1,45,31,5,0,0,87
2024-03-08 06:20:00,11,3,54,45,6,0,0,119
2024-03-08 06:30:00,20,5,53,51,3,0,0,132
2024-03-08 06:40:00,17,4,60,56,10,0,0,147
2024-03-08 06:50:00,9,11,49,42,7,0,0,118
2024-03-08 07:00:00,16,9,67,53,14,0,0,159
2024-03-08 07:10:00,16,10,63,60,22,0,0,171
2024-03-08 07:20:00,20,7,67,56,11,0,0,161
2024-03-08 07:30:00,17,6,68,64,17,0,0,172
2024-03-08 07:40:00,24,9,58,71,27,0,0,189
2024-03-08 07:50:00,24,14,64,73,26,0,0,201
2024-03-08 08:00:00,20,5,64,74,22,0,0,185
2024-03-08 08:10:00,15,12,64,52,14,0,0,157
2024-03-08 08:20:00,18,5,61,58,18,0,0,160
2024-03-08 08:30:00,21,5,62,45,17,0,0,150
2024-03-08 08:40:00,19,13,72,54,29,0,0,187
2024-03-08 08:50:00,24,12,60,52,18,0,0,166
2024-03-08 09:00:00,21,7,54,43,19,0,0,144
2024-03-08 09:10:00,21,15,59,56,22,0,0,173
2024-03-08 09:20:00,36,12,66,44,23,0,0,181
2024-03-08 09:30:00,32,13,79,53,17,0,0,194
2024-03-08 09:40:00,32,11,58,42,17,0,0,160
2024-03-08 09:50:00,29,7,61,61,24,0,0,182
2024-03-08 10:00:00,27,13,70,33,18,0,0,161
2024-03-08 10:10:00,24,17,63,49,30,0,0,183
2024-03-08 10:20:00,22,9,64,36,27,0,0,158
2024-03-08 10:30:00,19,12,63,38,24,0,0,156
2024-03-08 10:40:00,35,9,60,33,25,0,0,162
2024-03-08 10:50:00,31,12,76,42,18,0,0,179
2024-03-08 11:00:00,22,14,55,64,27,0,0,182
2024-03-08 11:10:00,14,11,61,39,17,0,0,142
2024-03-08 11:20:00,21,18,64,41,19,0,0,163
2024-03-08 11:30:00,35,13,71,41,24,0,0,184
2024-03-08 11:40:00,25,15,62,48,20,0,0,170
2024-03-08 11:50:00,16,10,70,42,18,0,0,156
2024-03-08 12:00:00,32,6,57,49,21,0,0,165
2024-03-08 12:10:00,23,16,87,44,24,0,0,194
2024-03-08 12:20:00,17,10,63,48,26,0,0,164
2024-03-08 12:30:00,26,6,62,56,17,0,0,167
2024-03-08 12:40:00,24,12,72,51,27,0,0,186
2024-03-08 12:50:00,32,2,69,55,18,0,0,176
2024-03-08 13:00:00,16,11,73,52,29,0,0,181
2024-03-08 13:10:00,29,7,56,38,19,0,0,149
2024-03-08 13:20:00,15,14,79,60,19,0,0,187
2024-03-08 13:30:00,24,10,68,53,18,0,0,173
2024-03-08 13:40:00,19,10,72,40,21,0,0,162
2024-03-08 13:50:00,23,18,70,57,15,0,0,183
2024-03-08 14:00:00,33,19,59,44,15,0,0,170
2024-03-08 14:10:00,32,10,70,44,16,0,0,172
2024-03-08 14:20:00,25,20,68,49,17,0,0,179
2024-03-08 14:30:00,22,20,60,48,15,0,0,165
2024-03-08 14:40:00,18,24,65,48,22,0,0,177
2024-03-08 14:50:00,6,18,65,48,24,0,0,161
2024-03-08 15:00:00,27,20,69,48,22,0,0,186
2024-03-08 15:10:00,30,26,71,53,20,0,0,200
2024-03-08 15:20:00,33,15,69,59,21,0,0,197
2024-03-08 15:30:00,28,12,52,46,20,0,0,158
2024-03-08 15:40:00,23,11,55,66,19,0,0,174
2024-03-08 15:50:00,23,11,53,48,26,0,0,161
2024-03-08 16:00:00,19,10,52,65,20,0,0,166
2024-03-08 16:10:00,27,10,44,62,20,0,0,163
2024-03-08 16:20:00,21,13,59,42,17,0,0,152
2024-03-08 16:30:00,19,9,72,54,22,0,0,176
2024-03-08 16:40:00,27,17,55,49,19,0,0,167
2024-03-08 16:50:00,25,17,54,59,21,0,0,176
2024-03-08 17:00:00,16,13,69,48,21,0,0,167
2024-03-08 17:10:00,26,9,64,48,22,0,0,169
2024-03-08 17:20:00,22,10,57,59,17,0,0,165
2024-03-08 17:30:00,19,10,65,25,8,0,0,127
2024-03-08 17:40:00,14,21,58,49,24,0,0,166
2024-03-08 17:50:00,26,6,67,43,15,0,0,157
2024-03-08 18:00:00,15,10,67,46,22,0,0,160
2024-03-08 18:10:00,17,3,61,57,20,0,0,158
2024-03-08 18:20:00,19,13,69,56,22,0,0,179
2024-03-08 18:30:00,21,6,68,59,17,0,0,171
2024-03-08 18:40:00,21,2,61,40,18,0,0,142
2024-03-08 18:50:00,31,3,57,50,17,0,0,158
2024-03-08 19:00:00,28,4,58,37,19,0,0,146
2024-03-08 19:10:00,25,5,62,40,20,0,0,152
2024-03-08 19:20:00,28,3,64,42,8,0,0,145
2024-03-08 19:30:00,23,2,51,40,21,0,0,137
2024-03-08 19:40:00,21,3,43,38,13,0,0,118
2024-03-08 19:50:00,20,1,50,51,30,0,0,152
2024-03-08 20:00:00,26,2,61,43,29,0,0,161
2024-03-08 20:10:00,10,1,58,52,37,0,0,158
2024-03-08 20:20:00,17,1,32,22,35,0,0,107
2024-03-08 20:30:00,21,0,47,39,32,0,0,139
2024-03-08 20:40:00,17,0,47,33,29,0,0,126
2024-03-08 20:50:00,10,0,38,44,21,0,0,113
2024-03-08 21:00:00,11,2,49,45,29,0,0,136
2024-03-08 21:10:00,7,0,41,32,30,0,0,110
2024-03-08 21:20:00,7,0,36,33,20,0,0,96
2024-03-08 21:30:00,10,3,41,34,22,0,0,110
2024-03-08 21:40:00,15,1,39,34,13,0,0,102
2024-03-08 21:50:00,16,2,48,37,31,0,0,134
2024-03-08 22:00:00,7,2,38,38,22,0,0,107
2024-03-08 22:10:00,13,0,58,51,29,0,0,151
2024-03-08 22:20:00,12,0,77,64,22,0,0,175
2024-03-08 22:30:00,3,1,67,59,25,0,0,155
2024-03-08 22:40:00,9,0,61,35,17,0,0,122
2024-03-08 22:50:00,3,2,38,28,17,0,0,88
2024-03-08 23:00:00,3,1,38,29,12,0,0,83
2024-03-08 23:10:00,15,2,36,32,5,0,0,90
2024-03-08 23:20:00,8,0,31,34,14,0,0,87
2024-03-08 23:30:00,3,3,34,32,9,0,0,81
2024-03-08 23:40:00,7,0,27,17,5,0,0,56
2024-03-08 23:50:00,11,0,30,19,10,0,0,70
2024-03-09 00:00:00,7,1,28,26,8,0,0,70
2024-03-09 00:10:00,8,1,32,16,11,0,0,68
2024-03-09 00:20:00,11,0,33,18,8,0,0,70
2024-03-09 00:30:00,2,0,27,19,11,0,0,59
2024-03-09 00:40:00,7,0,22,15,8,0,0,52
2024-03-09 00:50:00,3,0,24,15,8,0,0,50
2024-03-09 01:00:00,1,1,23,16,7,0,0,48
2024-03-09 01:10:00,4,0,14,11,8,0,0,37
2024-03-09 01:20:00,1,1,16,16,2,0,0,36
2024-03-09 01:30:00,5,0,16,15,2,0,0,38
2024-03-09 01:40:00,2,0,21,8,5,0,0,36
2024-03-09 01:50:00,5,3,18,6,0,0,0,32
2024-03-09 02:00:00,0,2,11,10,2,0,0,25
2024-03-09 02:10:00,3,1,15,15,9,0,0,43
2024-03-09 02:20:00,0,0,11,4,4,0,0,19
2024-03-09 02:30:00,5,0,6,11,6,0,0,28
2024-03-09 02:40:00,6,0,8,6,4,0,0,24
2024-03-09 02:50:00,4,2,14,7,4,0,0,31
2024-03-09 03:00:00,0,0,11,7,3,0,0,21
2024-03-09 03:10:00,1,0,5,6,2,0,0,14
2024-03-09 03:20:00,3,1,14,9,4,0,0,31
2024-03-09 03:30:00,0,0,7,5,1,0,0,13
2024-03-09 03:40:00,1,0,10,5,2,0,0,18
2024-03-09 03:50:00,1,0,7,6,0,0,0,14
2024-03-09 04:00:00,0,1,10,5,3,0,0,19
2024-03-09 04:10:00,7,0,11,4,2,0,0,24
2024-03-09 04:20:00,2,0,10,3,1,0,0,16
2024-03-09 04:30:00,2,0,8,6,1,0,0,17
2024-03-09 04:40:00,6,0,9,2,0,0,0,17
2024-03-09 04:50:00,1,0,13,7,2,0,0,23
2024-03-09 05:00:00,3,0,4,1,0,0,0,8
2024-03-09 05:10:00,7,1,17,13,4,0,0,42
2024-03-09 05:20:00,4,0,20,5,3,0,0,32
2024-03-09 05:30:00,18,0,19,13,3,0,0,53
2024-03-09 05:40:00,16,1,25,4,0,0,0,46
2024-03-09 05:50:00,7,0,6,6,1,0,0,20
2024-03-09 06:00:00,0,0,11,8,1,0,0,20
2024-03-09 06:10:00,4,0,18,9,1,0,0,32
2024-03-09 06:20:00,5,0,15,12,5,0,0,37
2024-03-09 06:30:00,10,0,17,12,2,0,0,41
2024-03-09 06:40:00,6,0,18,8,2,0,0,34
2024-03-09 06:50:00,10,1,16,13,3,0,0,43
2024-03-09 07:00:00,4,2,13,17,5,0,0,41
2024-03-09 07:10:00,5,2,15,13,4,0,0,39
2024-03-09 07:20:00,8,5,17,7,6,0,0,43
2024-03-09 07:30:00,7,2,22,29,3,0,0,63
2024-03-09 07:40:00,8,4,20,21,6,0,0,59
2024-03-09 07:50:00,7,1,28,17,4,0,0,57
2024-03-09 08:00:00,9,0,26,17,1,0,0,53
2024-03-09 08:10:00,6,4,21,18,6,0,0,55
2024-03-09 08:20:00,5,1,29,12,2,0,0,49
2024-03-09 08:30:00,10,3,31,24,7,0,0,75
2024-03-09 08:40:00,9,5,49,18,11,0,0,92
2024-03-09 08:50:00,8,5,39,26,9,0,0,87
2024-03-09 09:00:00,8,2,39,32,7,0,0,88
2024-03-09 09:10:00,15,0,53,26,9,0,0,103
2024-03-09 09:20:00,13,2,52,30,9,0,0,106
2024-03-09 09:30:00,14,1,38,23,10,0,0,86
2024-03-09 09:40:00,23,7,50,27,10,0,0,117
2024-03-09 09:50:00,16,6,64,20,11,0,0,117
2024-03-09 10:00:00,18,6,49,28,16,0,0,117
2024-03-09 10:10:00,22,4,59,26,17,0,0,128
2024-03-09 10:20:00,16,8,48,32,16,0,0,120
2024-03-09 10:30:00,18,4,58,22,10,0,0,112
2024-03-09 10:40:00,15,2,53,43,16,0,0,129
2024-03-09 10:50:00,11,7,44,25,11,0,0,98
2024-03-09 11:00:00,14,1,56,37,19,0,0,127
2024-03-09 11:10:00,12,2,62,36,16,0,0,128
2024-03-09 11:20:00,19,1,57,34,15,0,0,126
2024-03-09 11:30:00,16,5,72,39,17,0,0,149
2024-03-09 11:40:00,25,6,74,36,11,0,0,152
2024-03-09 11:50:00,18,2,67,33,19,0,0,139
2024-03-09 12:00:00,22,7,59,50,14,0,0,152
2024-03-09 12:10:00,21,1,67,41,21,0,0,151
2024-03-09 12:20:00,28,4,71,40,11,0,0,154
2024-03-09 12:30:00,20,8,66,43,14,0,0,151
2024-03-09 12:40:00,24,2,73,49,16,0,0,164
2024-03-09 12:50:00,26,2,65,46,20,0,0,159
2024-03-09 13:00:00,29,7,88,42,23,0,0,189
2024-03-09 13:10:00,28,3,68,49,20,0,0,168
2024-03-09 13:20:00,21,3,65,38,18,0,0,145
2024-03-09 13:30:00,19,8,71,43,14,0,0,155
2024-03-09 13:40:00,26,5,73,50,21,0,0,175
2024-03-09 13:50:00,13,12,72,39,19,0,0,155
2024-03-09 14:00:00,30,4,70,40,16,0,0,160
2024-03-09 14:10:00,13,5,86,39,20,0,0,163
2024-03-09 14:20:00,24,12,74,51,23,0,0,184
2024-03-09 14:30:00,12,12,70,36,20,0,0,150
2024-03-09 14:40:00,20,11,77,35,16,0,0,159
2024-03-09 14:50:00,14,14,72,53,20,0,0,173
2024-03-09 15:00:00,22,4,78,41,20,0,0,165
2024-03-09 15:10:00,14,9,72,36,14,0,0,145
2024-03-09 15:20:00,15,7,77,45,24,0,0,168
2024-03-09 15:30:00,21,4,58,38,19,0,0,140
2024-03-09 15:40:00,13,2,72,55,16,0,0,158
2024-03-09 15:50:00,13,7,69,52,14,0,0,155
2024-03-09 16:00:00,10,8,69,52,17,0,0,156
2024-03-09 16:10:00,16,5,71,47,11,0,0,150
2024-03-09 16:20:00,8,2,73,54,23,0,0,160
2024-03-09 16:30:00,21,6,61,51,11,0,0,150
2024-03-09 16:40:00,20,10,62,34,18,0,0,144
2024-03-09 16:50:00,12,9,70,50,14,0,0,155
2024-03-09 17:00:00,14,6,76,44,16,0,0,156
2024-03-09 17:10:00,18,8,62,41,9,0,0,138
2024-03-09 17:20:00,10,7,72,44,18,0,0,151
2024-03-09 17:30:00,12,5,61,46,18,0,0,142
2024-03-09 17:40:00,17,9,74,48,18,0,0,166
2024-03-09 17:50:00,20,7,70,36,20,0,0,153
2024-03-09 18:00:00,17,8,68,50,12,0,0,155
2024-03-09 18:10:00,28,4,60,41,14,0,0,147
2024-03-09 18:20:00,22,5,73,41,17,0,0,158
2024-03-09 18:30:00,12,6,53,44,13,0,0,128
2024-03-09 18:40:00,20,4,57,36,20,0,0,137
2024-03-09 18:50:00,17,0,63,41,15,0,0,136
2024-03-09 19:00:00,12,1,68,41,13,0,0,135
2024-03-09 19:10:00,21,0,62,42,17,0,0,142
2024-03-09 19:20:00,13,0,51,36,13,0,0,113
2024-03-09 19:30:00,13,0,52,30,9,0,0,104
2024-03-09 19:40:00,26,1,46,33,18,0,0,124
2024-03-09 19:50:00,17,0,41,31,13,0,0,102
2024-03-09 20:00:00,21,0,47,34,12,0,0,114
2024-03-09 20:10:00,19,1,46,30,10,0,0,106
2024-03-09 20:20:00,11,1,47,32,9,0,0,100
2024-03-09 20:30:00,25,3,37,31,8,0,0,104
2024-03-09 20:40:00,18,0,43,26,11,0,0,98
2024-03-09 20:50:00,19,0,33,33,9,0,0,94
2024-03-09 21:00:00,11,0,43,23,11,0,0,88
2024-03-09 21:10:00,16,1,33,29,10,0,0,89
2024-03-09 21:20:00,6,1,33,23,10,0,0,73
2024-03-09 21:30:00,12,1,32,24,13,0,0,82
2024-03-09 21:40:00,10,0,37,19,7,0,0,73
2024-03-09 21:50:00,9,2,23,12,10,0,0,56
2024-03-09 22:00:00,12,0,40,19,9,0,0,80
2024-03-09 22:10:00,8,0,33,35,6,0,0,82
2024-03-09 22:20:00,10,0,42,20,8,0,0,80
2024-03-09 22:30:00,19,0,34,21,7,0,0,81
2024-03-09 22:40:00,20,1,32,22,8,0,0,83
2024-03-09 22:50:00,12,1,32,26,6,0,0,77
2024-03-09 23:00:00,9,0,60,40,6,0,0,115
2024-03-09 23:10:00,7,0,59,43,5,0,0,114
2024-03-09 23:20:00,2,0,38,37,7,0,0,84
2024-03-09 23:30:00,6,0,39,20,7,0,0,72
2024-03-09 23:40:00,8,0,25,17,8,0,0,58
2024-03-09 23:50:00,5,0,25,20,11,0,0,61
2024-03-10 00:00:00,4,1,12,11,7,0,0,35
2024-03-10 00:10:00,2,0,27,16,7,0,0,52
2024-03-10 00:20:00,6,2,19,6,1,0,0,34
2024-03-10 00:30:00,4,0,22,12,2,0,0,40
2024-03-10 00:40:00,10,0,18,7,1,0,0,36
2024-03-10 00:50:00,6,0,23,17,5,0,0,51
2024-03-10 01:00:00,5,1,26,10,2,0,0,44
2024-03-10 01:10:00,3,0,21,7,1,0,0,32
2024-03-10 01:20:00,10,0,19,15,1,0,0,45
2024-03-10 01:30:00,4,0,8,5,0,0,0,17
2024-03-10 01:40:00,10,0,11,6,3,0,0,30
2024-03-10 01:50:00,3,1,9,8,0,0,0,21
2024-03-10 02:00:00,4,0,16,7,2,0,0,29
2024-03-10 02:10:00,2,0,12,6,4,0,0,24
2024-03-10 02:20:00,3,0,9,10,2,0,0,24
2024-03-10 02:30:00,4,1,11,6,5,0,0,27
2024-03-10 02:40:00,2,0,14,11,2,0,0,29
2024-03-10 02:50:00,3,0,12,5,0,0,0,20
2024-03-10 03:00:00,3,1,9,4,0,0,0,17
2024-03-10 03:10:00,2,0,16,5,0,0,0,23
2024-03-10 03:20:00,0,0,13,9,0,0,0,22
2024-03-10 03:30:00,2,0,13,9,0,0,0,24
2024-03-10 03:40:00,1,0,12,5,0,0,0,18
2024-03-10 03:50:00,3,0,11,3,0,0,0,17
2024-03-10 04:00:00,2,0,9,4,1,0,0,16
2024-03-10 04:10:00,2,0,8,5,0,0,0,15
2024-03-10 04:20:00,1,0,7,2,0,0,0,10
2024-03-10 04:30:00,1,0,6,5,0,0,0,12
2024-03-10 04:40:00,2,0,2,3,0,0,0,7
2024-03-10 04:50:00,1,0,11,5,0,0,0,17
2024-03-10 05:00:00,1,0,9,2,0,0,0,12
2024-03-10 05:10:00,6,0,10,7,0,0,0,23
2024-03-10 05:20:00,5,0,8,4,1,0,0,18
2024-03-10 05:30:00,19,0,19,3,1,0,0,42
2024-03-10 05:40:00,17,1,18,9,1,0,0,46
2024-03-10 05:50:00,10,0,5,3,2,0,0,20
2024-03-10 06:00:00,5,0,12,6,0,0,0,23
2024-03-10 06:10:00,10,1,9,6,2,0,0,28
2024-03-10 06:20:00,6,0,12,7,1,0,0,26
2024-03-10 06:30:00,4,0,8,6,1,0,0,19
2024-03-10 06:40:00,4,1,3,4,0,0,0,12
2024-03-10 06:50:00,3,0,9,2,0,0,0,14
2024-03-10 07:00:00,1,0,5,2,0,0,0,8
2024-03-10 07:10:00,1,0,8,5,0,0,0,14
2024-03-10 07:20:00,4,2,13,9,5,0,0,33
2024-03-10 07:30:00,2,1,11,9,1,0,0,24
2024-03-10 07:40:00,5,5,8,12,1,0,0,31
2024-03-10 07:50:00,6,3,8,2,0,0,0,19
2024-03-10 08:00:00,1,0,9,4,0,0,0,14
2024-03-10 08:10:00,2,1,9,6,3,0,0,21
2024-03-10 08:20:00,6,2,18,6,1,0,0,33
2024-03-10 08:30:00,3,1,15,5,1,0,0,25
2024-03-10 08:40:00,6,1,23,7,2,0,0,39
2024-03-10 08:50:00,2,2,6,9,1,0,0,20
2024-03-10 09:00:00,5,0,19,20,3,0,0,47
2024-03-10 09:10:00,9,3,26,14,3,0,0,55
2024-03-10 09:20:00,2,0,17,21,5,0,0,45
2024-03-10 09:30:00,6,3,25,9,2,0,0,45
2024-03-10 09:40:00,6,4,24,16,5,0,0,55
2024-03-10 09:50:00,10,4,44,23,2,0,0,83
2024-03-10 10:00:00,8,4,35,26,4,0,0,77
2024-03-10 10:10:00,15,3,18,21,5,0,0,62
2024-03-10 10:20:00,9,4,25,19,9,0,0,66
2024-03-10 10:30:00,7,5,23,22,9,0,0,66
2024-03-10 10:40:00,8,2,35,27,10,0,0,82
2024-03-10 10:50:00,12,0,35,18,8,0,0,73
2024-03-10 11:00:00,14,4,26,28,11,0,0,83
2024-03-10 11:10:00,13,2,45,17,3,0,0,80
2024-03-10 11:20:00,10,9,43,24,12,0,0,98
2024-03-10 11:30:00,14,3,41,29,12,0,0,99
2024-03-10 11:40:00,10,3,42,25,7,0,0,87
2024-03-10 11:50:00,12,1,47,35,13,0,0,108
2024-03-10 12:00:00,13,0,50,21,9,0,0,93
2024-03-10 12:10:00,16,4,50,33,8,0,0,111
2024-03-10 12:20:00,19,1,57,31,9,0,0,117
2024-03-10 12:30:00,14,5,57,38,10,0,0,124
2024-03-10 12:40:00,16,4,51,41,12,0,0,124
2024-03-10 12:50:00,13,4,49,33,13,0,0,112
2024-03-10 13:00:00,16,6,53,29,8,0,0,112
2024-03-10 13:10:00,12,1,45,28,14,0,0,100
2024-03-10 13:20:00,15,7,52,34,8,0,0,116
2024-03-10 13:30:00,13,8,57,34,14,0,0,126
2024-03-10 13:40:00,13,7,47,29,9,0,0,105
2024-03-10 13:50:00,13,8,49,43,12,0,0,125
2024-03-10 14:00:00,12,4,54,33,9,0,0,112
2024-03-10 14:10:00,17,3,72,38,15,0,0,145
2024-03-10 14:20:00,11,3,55,45,10,0,0,124
2024-03-10 14:30:00,14,2,68,41,12,0,0,137
2024-03-10 14:40:00,13,5,65,41,13,0,0,137
2024-03-10 14:50:00,11,5,62,29,15,0,0,122
2024-03-10 15:00:00,12,7,62,37,5,0,0,123
2024-03-10 15:10:00,6,6,62,38,10,0,0,122
2024-03-10 15:20:00,14,6,49,30,13,0,0,112
2024-03-10 15:30:00,11,1,63,35,19,0,0,129
2024-03-10 15:40:00,10,6,56,41,12,0,0,125
2024-03-10 15:50:00,12,4,61,47,12,0,0,136
2024-03-10 16:00:00,12,7,60,40,12,0,0,131
2024-03-10 16:10:00,14,8,58,31,14,0,0,125
2024-03-10 16:20:00,13,3,53,36,6,0,0,111
2024-03-10 16:30:00,9,5,74,42,10,0,0,140
2024-03-10 16:40:00,18,6,54,44,14,0,0,136
2024-03-10 16:50:00,10,5,62,47,19,0,0,143
2024-03-10 17:00:00,18,6,71,30,13,0,0,138
2024-03-10 17:10:00,13,7,54,42,17,0,0,133
2024-03-10 17:20:00,19,4,68,47,16,0,0,154
2024-03-10 17:30:00,13,2,65,45,14,0,0,139
2024-03-10 17:40:00,17,4,65,51,10,0,0,147
2024-03-10 17:50:00,13,4,49,28,13,0,0,107
2024-03-10 18:00:00,15,3,61,39,16,0,0,134
2024-03-10 18:10:00,13,3,58,49,11,0,0,134
2024-03-10 18:20:00,18,3,53,38,16,0,0,128
2024-03-10 18:30:00,15,0,53,33,13,0,0,114
2024-03-10 18:40:00,19,0,49,37,12,0,0,117
2024-03-10 18:50:00,14,0,47,44,12,0,0,117
2024-03-10 19:00:00,16,0,38,31,13,0,0,98
2024-03-10 19:10:00,19,1,51,31,4,0,0,106
2024-03-10 19:20:00,23,2,42,26,8,0,0,101
2024-03-10 19:30:00,21,1,50,31,8,0,0,111
2024-03-10 19:40:00,18,1,49,21,16,0,0,105
2024-03-10 19:50:00,9,0,39,34,6,0,0,88
2024-03-10 20:00:00,14,0,58,25,8,0,0,105
2024-03-10 20:10:00,18,0,36,18,11,0,0,83
2024-03-10 20:20:00,13,1,25,23,5,0,0,67
2024-03-10 20:30:00,14,0,37,19,6,0,0,76
2024-03-10 20:40:00,34,0,27,16,6,0,0,83
2024-03-10 20:50:00,7,0,23,28,5,0,0,63
2024-03-10 21:00:00,4,1,32,15,8,0,0,60
2024-03-10 21:10:00,6,0,24,15,1,0,0,46
2024-03-10 21:20:00,7,0,19,7,2,0,0,35
2024-03-10 21:30:00,6,1,27,24,10,0,0,68
2024-03-10 21:40:00,15,0,24,15,5,0,0,59
2024-03-10 21:50:00,13,1,21,18,9,0,0,62
2024-03-10 22:00:00,12,0,26,10,7,0,0,55
2024-03-10 22:10:00,4,0,21,19,4,0,0,48
2024-03-10 22:20:00,8,0,21,14,5,0,0,48
2024-03-10 22:30:00,7,0,10,10,4,0,0,31
2024-03-10 22:40:00,8,0,12,9,1,0,0,30
2024-03-10 22:50:00,6,0,12,10,3,0,0,31
2024-03-10 23:00:00,5,0,13,10,2,0,0,30
2024-03-10 23:10:00,3,0,10,6,4,0,0,23
2024-03-10 23:20:00,7,0,6,8,3,0,0,24
2024-03-10 23:30:00,3,0,8,9,0,0,0,20
2024-03-10 23:40:00,3,0,9,5,0,0,0,17
2024-03-10 23:50:00,2,0,10,8,4,0,0,24
2024-03-11 00:00:00,2,0,6,6,0,0,0,14
2024-03-11 00:10:00,5,1,8,6,1,0,0,21
2024-03-11 00:20:00,3,0,7,1,0,0,0,11
2024-03-11 00:30:00,1,0,7,6,2,0,0,16
2024-03-11 00:40:00,4,0,4,3,0,0,0,11
2024-03-11 00:50:00,2,0,7,3,3,0,0,15
2024-03-11 01:00:00,4,0,4,1,0,0,0,9
2024-03-11 01:10:00,0,0,6,1,0,0,0,7
2024-03-11 01:20:00,0,0,2,3,0,0,0,5
2024-03-11 01:30:00,1,0,4,3,0,0,0,8
2024-03-11 01:40:00,1,0,4,2,0,0,0,7
2024-03-11 01:50:00,1,0,1,6,0,0,0,8
2024-03-11 02:00:00,0,0,4,2,0,0,0,6
2024-03-11 02:10:00,3,0,4,3,0,0,0,10
2024-03-11 02:20:00,1,0,0,6,1,0,0,8
2024-03-11 02:30:00,3,0,3,2,0,0,0,8
2024-03-11 02:40:00,0,0,3,3,0,0,0,6
2024-03-11 02:50:00,0,0,3,3,0,0,0,6
2024-03-11 03:00:00,0,0,1,0,0,0,0,1
2024-03-11 03:10:00,0,0,3,0,0,0,0,3
2024-03-11 03:20:00,2,0,1,2,1,0,0,6
2024-03-11 03:30:00,1,0,3,2,0,0,0,6
2024-03-11 03:40:00,3,0,6,1,1,0,0,11
2024-03-11 03:50:00,0,0,1,1,0,0,0,2
2024-03-11 04:00:00,1,0,6,5,0,0,0,12
2024-03-11 04:10:00,3,0,5,6,0,0,0,14
2024-03-11 04:20:00,0,0,6,4,0,0,0,10
2024-03-11 04:30:00,3,2,5,7,0,0,0,17
2024-03-11 04:40:00,3,1,10,8,0,0,0,22
2024-03-11 04:50:00,1,1,13,6,1,0,0,22
2024-03-11 05:00:00,5,0,15,10,0,0,0,30
2024-03-11 05:10:00,7,0,19,4,2,0,0,32
2024-03-11 05:20:00,14,1,17,9,1,0,0,42
2024-03-11 05:30:00,22,1,23,26,2,0,0,74
2024-03-11 05:40:00,16,0,23,18,0,0,0,57
2024-03-11 05:50:00,25,0,32,20,2,0,0,79
2024-03-11 06:00:00,16,0,43,19,5,0,0,83
2024-03-11 06:10:00,12,0,32,29,5,0,0,78
2024-03-11 06:20:00,11,0,40,31,5,0,0,87
2024-03-11 06:30:00,12,1,35,28,2,0,0,78
2024-03-11 06:40:00,12,3,48,32,9,0,0,104
2024-03-11 06:50:00,17,6,59,52,12,0,0,146
2024-03-11 07:00:00,13,8,73,73,12,0,0,179
2024-03-11 07:10:00,16,11,66,65,21,0,0,179
2024-03-11 07:20:00,19,9,65,61,14,0,0,168
2024-03-11 07:30:00,17,7,78,67,17,0,0,186
2024-03-11 07:40:00,18,12,62,69,25,0,0,186
2024-03-11 07:50:00,14,7,70,72,19,0,0,182
2024-03-11 08:00:00,17,10,66,61,20,0,0,174
2024-03-11 08:10:00,14,14,76,63,21,0,0,188
2024-03-11 08:20:00,17,16,63,65,21,0,0,182
2024-03-11 08:30:00,26,17,62,61,22,0,0,188
2024-03-11 08:40:00,21,21,65,68,27,0,0,202
2024-03-11 08:50:00,26,16,70,65,19,0,0,196
2024-03-11 09:00:00,22,10,53,62,23,0,0,170
2024-03-11 09:10:00,29,11,56,47,25,0,0,168
2024-03-11 09:20:00,19,15,58,52,19,0,0,163
2024-03-11 09:30:00,14,12,64,36,17,0,0,143
2024-03-11 09:40:00,19,16,64,39,21,0,0,159
2024-03-11 09:50:00,18,16,70,50,25,0,0,179
2024-03-11 10:00:00,25,11,62,35,16,0,0,149
2024-03-11 10:10:00,16,18,57,43,25,0,0,159
2024-03-11 10:20:00,18,9,51,41,26,0,0,145
2024-03-11 10:30:00,17,8,70,45,34,0,0,174
2024-03-11 10:40:00,25,10,58,45,22,0,0,160
2024-03-11 10:50:00,24,10,62,41,20,0,0,157
2024-03-11 11:00:00,22,12,49,45,23,0,0,151
2024-03-11 11:10:00,28,7,62,42,22,0,0,161
2024-03-11 11:20:00,24,10,69,46,20,0,0,169
2024-03-11 11:30:00,22,4,48,43,16,0,0,133
2024-03-11 11:40:00,24,13,61,40,18,0,0,156
2024-03-11 11:50:00,30,11,83,44,17,0,0,185
2024-03-11 12:00:00,31,12,73,42,18,0,0,176
2024-03-11 12:10:00,15,9,60,37,26,0,0,147
2024-03-11 12:20:00,0,8,66,36,26,0,0,136
2024-03-11 12:30:00,15,4,71,40,17,0,0,147
2024-03-11 12:40:00,13,9,64,35,24,0,0,145
2024-03-11 12:50:00,22,12,68,45,19,0,0,166
2024-03-11 13:00:00,20,11,76,51,19,0,0,177
2024-03-11 13:10:00,20,8,65,52,13,0,0,158
2024-03-11 13:20:00,32,12,67,52,20,0,0,183
2024-03-11 13:30:00,16,13,58,39,16,0,0,142
2024-03-11 13:40:00,29,13,66,46,16,0,0,170
2024-03-11 13:50:00,25,4,57,47,16,0,0,149
2024-03-11 14:00:00,17,17,63,36,15,0,0,148
2024-03-11 14:10:00,25,14,70,46,16,0,0,171
2024-03-11 14:20:00,20,7,58,45,24,0,0,154
2024-03-11 14:30:00,22,7,61,47,19,0,0,156
2024-03-11 14:40:00,21,5,64,54,25,0,0,169
2024-03-11 14:50:00,21,13,61,47,22,0,0,164
2024-03-11 15:00:00,17,13,49,36,25,0,0,140
2024-03-11 15:10:00,20,12,71,53,22,0,0,178
2024-03-11 15:20:00,21,6,70,42,23,0,0,162
2024-03-11 15:30:00,21,8,66,38,21,0,0,154
2024-03-11 15:40:00,24,10,60,48,18,0,0,160
2024-03-11 15:50:00,25,19,65,43,18,0,0,170
2024-03-11 16:00:00,15,12,66,57,11,0,0,161
2024-03-11 16:10:00,21,8,69,40,21,0,0,159
2024-03-11 16:20:00,23,7,57,56,15,0,0,158
2024-03-11 16:30:00,15,9,79,50,19,0,0,172
2024-03-11 16:40:00,25,13,56,50,29,0,0,173
2024-03-11 16:50:00,19,22,60,47,18,0,0,166
2024-03-11 17:00:00,19,10,51,48,13,0,0,141
2024-03-11 17:10:00,18,6,78,55,22,0,0,179
2024-03-11 17:20:00,25,8,73,46,12,0,0,164
2024-03-11 17:30:00,21,8,65,54,16,0,0,164
2024-03-11 17:40:00,24,8,60,56,13,0,0,161
2024-03-11 17:50:00,21,21,48,61,17,0,0,168
2024-03-11 18:00:00,19,8,55,54,10,0,0,146
2024-03-11 18:10:00,23,9,39,39,11,0,0,121
2024-03-11 18:20:00,19,11,61,42,9,0,0,142
2024-03-11 18:30:00,21,3,49,35,7,0,0,115
2024-03-11 18:40:00,26,1,44,29,9,0,0,109
2024-03-11 18:50:00,15,4,46,35,9,0,0,109
2024-03-11 19:00:00,24,4,28,25,8,0,0,89
2024-03-11 19:10:00,12,0,54,37,11,0,0,114
2024-03-11 19:20:00,25,1,37,33,11,0,0,107
2024-03-11 19:30:00,20,1,34,17,11,0,0,83
2024-03-11 19:40:00,25,3,49,30,13,0,0,120
2024-03-11 19:50:00,21,2,42,26,7,0,0,98
2024-03-11 20:00:00,28,2,44,21,8,0,0,103
2024-03-11 20:10:00,16,6,29,25,13,0,0,89
2024-03-11 20:20:00,23,1,34,19,8,0,0,85
2024-03-11 20:30:00,10,1,28,26,5,0,0,70
2024-03-11 20:40:00,23,6,38,23,5,0,0,95
2024-03-11 20:50:00,13,1,35,22,7,0,0,78
2024-03-11 21:00:00,7,1,29,17,2,0,0,56
2024-03-11 21:10:00,14,0,26,15,5,0,0,60
2024-03-11 21:20:00,15,0,35,14,3,0,0,67
2024-03-11 21:30:00,10,0,26,27,9,0,0,72
2024-03-11 21:40:00,5,2,22,19,4,0,0,52
2024-03-11 21:50:00,9,2,21,12,3,0,0,47
2024-03-11 22:00:00,8,0,24,13,6,0,0,51
2024-03-11 22:10:00,6,2,29,10,2,0,0,49
2024-03-11 22:20:00,11,1,21,12,1,0,0,46
2024-03-11 22:30:00,7,1,15,12,3,0,0,38
2024-03-11 22:40:00,5,0,13,8,2,0,0,28
2024-03-11 22:50:00,4,2,18,5,3,0,0,32
2024-03-11 23:00:00,5,0,8,7,1,0,0,21
2024-03-11 23:10:00,7,1,9,6,0,0,0,23
2024-03-11 23:20:00,4,0,12,4,3,0,0,23
2024-03-11 23:30:00,5,0,12,4,3,0,0,24
2024-03-11 23:40:00,7,0,12,2,3,0,0,24
2024-03-11 23:50:00,8,2,9,4,2,0,0,25
2024-03-12 00:00:00,3,0,6,5,0,0,0,14
2024-03-12 00:10:00,4,0,10,5,1,0,0,20
2024-03-12 00:20:00,0,0,5,4,0,0,0,9
2024-03-12 00:30:00,37,0,5,7,1,0,0,50
2024-03-12 00:40:00,5,0,8,2,3,0,0,18
2024-03-12 00:50:00,1,0,8,3,0,0,0,12
2024-03-12 01:00:00,6,0,4,4,3,0,0,17
2024-03-12 01:10:00,2,2,5,2,1,0,0,12
2024-03-12 01:20:00,1,0,7,3,2,0,0,13
2024-03-12 01:30:00,7,0,6,2,0,0,0,15
2024-03-12 01:40:00,0,0,2,1,1,0,0,4
2024-03-12 01:50:00,2,0,4,5,0,0,0,11
2024-03-12 02:00:00,0,0,3,1,1,0,0,5
2024-03-12 02:10:00,0,0,6,2,1,0,0,9
2024-03-12 02:20:00,1,0,2,3,0,0,0,6
2024-03-12 02:30:00,5,0,1,6,1,0,0,13
2024-03-12 02:40:00,1,0,4,5,0,0,0,10
2024-03-12 02:50:00,1,0,2,2,2,0,0,7
2024-03-12 03:00:00,3,0,3,4,0,0,0,10
2024-03-12 03:10:00,0,0,3,1,0,0,0,4
2024-03-12 03:20:00,2,0,4,1,0,0,0,7
2024-03-12 03:30:00,2,0,3,1,1,0,0,7
2024-03-12 03:40:00,2,0,2,1,0,0,0,5
2024-03-12 03:50:00,5,0,2,1,0,0,0,8
2024-03-12 04:00:00,1,0,5,6,0,0,0,12
2024-03-12 04:10:00,1,0,5,5,1,0,0,12
2024-03-12 04:20:00,2,1,5,7,0,0,0,15
2024-03-12 04:30:00,0,0,5,4,1,0,0,10
2024-03-12 04:40:00,4,1,11,5,1,0,0,22
2024-03-12 04:50:00,1,0,10,11,0,0,0,22
2024-03-12 05:00:00,5,0,8,6,0,0,0,19
2024-03-12 05:10:00,3,0,12,20,10,0,0,45
2024-03-12 05:20:00,7,0,28,22,4,0,0,61
2024-03-12 05:30:00,13,2,32,28,3,0,0,78
2024-03-12 05:40:00,17,0,34,36,5,0,0,92
2024-03-12 05:50:00,13,1,41,40,3,0,0,98
2024-03-12 06:00:00,10,0,58,39,4,0,0,111
2024-03-12 06:10:00,12,4,50,49,8,0,0,123
2024-03-12 06:20:00,14,2,61,55,10,0,0,142
2024-03-12 06:30:00,21,1,59,46,4,0,0,131
2024-03-12 06:40:00,12,4,59,56,8,0,0,139
2024-03-12 06:50:00,18,8,91,79,17,0,0,213
2024-03-12 07:00:00,17,10,58,64,15,0,0,164
2024-03-12 07:10:00,21,12,83,74,13,0,0,203
2024-03-12 07:20:00,21,11,68,68,15,0,0,183
2024-03-12 07:30:00,18,14,73,77,14,0,0,196
2024-03-12 07:40:00,18,18,62,69,17,0,0,184
2024-03-12 07:50:00,23,18,78,72,26,0,0,217
2024-03-12 08:00:00,0,20,65,60,26,0,0,171
2024-03-12 08:10:00,23,21,62,71,23,0,0,200
2024-03-12 08:20:00,17,17,78,76,20,0,0,208
2024-03-12 08:30:00,18,16,72,52,17,0,0,175
2024-03-12 08:40:00,22,24,62,66,26,0,0,200
2024-03-12 08:50:00,26,18,56,66,16,0,0,182
2024-03-12 09:00:00,22,22,72,59,27,0,0,202
2024-03-12 09:10:00,23,19,62,49,21,0,0,174
2024-03-12 09:20:00,29,17,71,64,26,0,0,207
2024-03-12 09:30:00,23,12,55,70,20,0,0,180
2024-03-12 09:40:00,20,13,64,60,21,0,0,178
2024-03-12 09:50:00,23,27,75,55,28,0,0,208
2024-03-12 10:00:00,25,9,64,45,17,0,0,160
2024-03-12 10:10:00,14,10,60,38,13,0,0,135
2024-03-12 10:20:00,21,8,63,39,23,0,0,154
2024-03-12 10:30:00,18,4,61,31,19,0,0,133
2024-03-12 10:40:00,10,12,71,47,25,0,0,165
2024-03-12 10:50:00,27,7,64,42,31,0,0,171
2024-03-12 11:00:00,8,12,81,46,19,0,0,166
2024-03-12 11:10:00,23,5,54,38,25,0,0,145
2024-03-12 11:20:00,25,8,72,45,20,0,0,170
2024-03-12 11:30:00,18,8,76,46,15,0,0,163
2024-03-12 11:40:00,14,8,67,56,30,0,0,175
2024-03-12 11:50:00,23,10,60,53,21,0,0,167
2024-03-12 12:00:00,18,10,61,46,27,0,0,162
2024-03-12 12:10:00,15,12,84,46,20,0,0,177
2024-03-12 12:20:00,16,17,63,58,18,0,0,172
2024-03-12 12:30:00,19,11,60,38,19,0,0,147
2024-03-12 12:40:00,23,11,54,40,18,0,0,146
2024-03-12 12:50:00,21,9,63,49,12,0,0,154
2024-03-12 13:00:00,20,10,74,51,14,0,0,169
2024-03-12 13:10:00,21,13,55,58,23,0,0,170
2024-03-12 13:20:00,20,20,61,52,13,0,0,166
2024-03-12 13:30:00,19,15,45,44,18,0,0,141
2024-03-12 13:40:00,20,12,61,46,28,0,0,167
2024-03-12 13:50:00,17,13,68,44,22,0,0,164
2024-03-12 14:00:00,27,11,70,25,20,0,0,153
2024-03-12 14:10:00,24,8,61,41,15,0,0,149
2024-03-12 14:20:00,18,8,61,41,20,0,0,148
2024-03-12 14:30:00,21,7,65,34,19,0,0,146
2024-03-12 14:40:00,19,9,64,46,27,0,0,165
2024-03-12 14:50:00,12,21,68,53,18,0,0,172
2024-03-12 15:00:00,26,10,78,41,27,0,0,182
2024-03-12 15:10:00,19,13,62,43,23,0,0,160
2024-03-12 15:20:00,17,20,71,36,20,0,0,164
2024-03-12 15:30:00,25,16,61,45,18,0,0,165
2024-03-12 15:40:00,28,10,59,51,19,0,0,167
2024-03-12 15:50:00,22,11,62,34,19,0,0,148
2024-03-12 16:00:00,15,10,68,61,27,0,0,181
2024-03-12 16:10:00,30,11,59,45,18,0,0,163
2024-03-12 16:20:00,24,5,58,46,20,0,0,153
2024-03-12 16:30:00,20,18,67,33,12,0,0,150
2024-03-12 16:40:00,14,6,66,57,18,0,0,161
2024-03-12 16:50:00,24,10,62,29,19,0,0,144
2024-03-12 17:00:00,26,12,51,52,20,0,0,161
2024-03-12 17:10:00,18,9,66,50,16,0,0,159
2024-03-12 17:20:00,25,15,74,60,16,0,0,190
2024-03-12 17:30:00,21,15,61,57,15,0,0,169
2024-03-12 17:40:00,18,17,69,54,15,0,0,173
2024-03-12 17:50:00,25,12,61,46,19,0,0,163
2024-03-12 18:00:00,20,11,48,50,12,0,0,141
2024-03-12 18:10:00,25,9,57,45,18,0,0,154
2024-03-12 18:20:00,30,4,65,49,17,0,0,165
2024-03-12 18:30:00,21,1,51,37,22,0,0,132
2024-03-12 18:40:00,16,0,47,32,6,0,0,101
2024-03-12 18:50:00,20,2,38,30,12,0,0,102
2024-03-12 19:00:00,21,4,41,33,11,0,0,110
2024-03-12 19:10:00,18,5,47,38,10,0,0,118
2024-03-12 19:20:00,34,4,37,29,9,0,0,113
2024-03-12 19:30:00,23,2,38,29,15,0,0,107
2024-03-12 19:40:00,26,1,44,38,12,0,0,121
2024-03-12 19:50:00,17,1,40,39,15,0,0,112
2024-03-12 20:00:00,12,0,43,28,9,0,0,92
2024-03-12 20:10:00,14,0,40,24,14,0,0,92
2024-03-12 20:20:00,12,1,41,14,6,0,0,74
2024-03-12 20:30:00,13,0,33,14,6,0,0,66
2024-03-12 20:40:00,15,3,26,20,10,0,0,74
2024-03-12 20:50:00,16,1,14,20,6,0,0,57
2024-03-12 21:00:00,8,2,18,17,4,0,0,49
2024-03-12 21:10:00,8,0,25,17,7,0,0,57
2024-03-12 21:20:00,11,0,26,20,4,0,0,61
2024-03-12 21:30:00,8,0,24,16,7,0,0,55
2024-03-12 21:40:00,7,1,22,24,9,0,0,63
2024-03-12 21:50:00,11,4,33,20,6,0,0,74
2024-03-12 22:00:00,9,1,22,19,10,0,0,61
2024-03-12 22:10:00,15,2,22,13,5,0,0,57
2024-03-12 22:20:00,4,0,25,19,1,0,0,49
2024-03-12 22:30:00,10,1,14,9,5,0,0,39
2024-03-12 22:40:00,4,1,14,9,7,0,0,35
2024-03-12 22:50:00,7,2,11,9,3,0,0,32
2024-03-12 23:00:00,5,0,12,11,2,0,0,30
2024-03-12 23:10:00,10,1,13,14,2,0,0,40
2024-03-12 23:20:00,6,0,7,9,2,0,0,24
2024-03-12 23:30:00,6,0,8,9,4,0,0,27
2024-03-12 23:40:00,6,0,10,7,2,0,0,25
2024-03-12 23:50:00,9,1,6,9,2,0,0,27
2024-03-13 00:00:00,3,0,7,7,0,0,0,17
2024-03-13 00:10:00,2,1,10,7,2,0,0,22
2024-03-13 00:20:00,2,0,5,4,2,0,0,13
2024-03-13 00:30:00,2,0,7,4,2,0,0,15
2024-03-13 00:40:00,2,0,3,3,1,0,0,9
2024-03-13 00:50:00,0,1,4,2,1,0,0,8
2024-03-13 01:00:00,0,1,6,1,0,0,0,8
2024-03-13 01:10:00,3,0,5,1,1,0,0,10
2024-03-13 01:20:00,2,0,3,1,0,0,0,6
2024-03-13 01:30:00,3,0,4,1,0,0,0,8
2024-03-13 01:40:00,0,0,3,2,0,0,0,5
2024-03-13 01:50:00,2,0,3,3,0,0,0,8
2024-03-13 02:00:00,2,0,4,3,1,0,0,10
2024-03-13 02:10:00,0,0,0,3,0,0,0,3
2024-03-13 02:20:00,0,0,2,5,1,0,0,8
2024-03-13 02:30:00,1,0,4,4,2,0,0,11
2024-03-13 02:40:00,3,0,3,3,0,0,0,9
2024-03-13 02:50:00,0,0,3,1,0,0,0,4
2024-03-13 03:00:00,1,0,5,3,1,0,0,10
2024-03-13 03:10:00,0,0,4,3,0,0,0,7
2024-03-13 03:20:00,5,2,3,3,2,0,0,15
2024-03-13 03:30:00,3,0,2,3,0,0,0,8
2024-03-13 03:40:00,2,0,3,1,0,0,0,6
2024-03-13 03:50:00,2,0,4,4,0,0,0,10
2024-03-13 04:00:00,0,0,5,6,0,0,0,11
2024-03-13 04:10:00,3,1,4,5,0,0,0,13
2024-03-13 04:20:00,2,2,9,7,2,0,0,22
2024-03-13 04:30:00,0,0,5,8,0,0,0,13
2024-03-13 04:40:00,0,1,8,7,1,0,0,17
2024-03-13 04:50:00,2,0,10,7,0,0,0,19
2024-03-13 05:00:00,4,0,8,6,0,0,0,18
2024-03-13 05:10:00,3,1,13,18,4,0,0,39
2024-03-13 05:20:00,10,3,19,11,2,0,0,45
2024-03-13 05:30:00,10,2,20,20,2,0,0,54
2024-03-13 05:40:00,15,3,26,20,4,0,0,68
2024-03-13 05:50:00,19,2,27,23,5,0,0,76
2024-03-13 06:00:00,17,1,34,32,9,0,0,93
2024-03-13 06:10:00,11,1,30,30,7,0,0,79
2024-03-13 06:20:00,17,0,48,33,6,0,0,104
2024-03-13 06:30:00,13,2,35,34,4,0,0,88
2024-03-13 06:40:00,13,3,51,44,15,0,0,126
2024-03-13 06:50:00,15,13,60,64,6,0,0,158
2024-03-13 07:00:00,15,14,65,65,16,0,0,175
2024-03-13 07:10:00,19,15,76,66,19,0,0,195
2024-03-13 07:20:00,23,12,47,70,15,0,0,167
2024-03-13 07:30:00,22,14,65,70,15,0,0,186
2024-03-13 07:40:00,24,28,67,74,17,0,0,210
2024-03-13 07:50:00,17,24,65,86,20,0,0,212
2024-03-13 08:00:00,15,13,67,65,22,0,0,182
2024-03-13 08:10:00,22,22,60,70,19,0,0,193
2024-03-13 08:20:00,20,17,62,71,30,0,0,200
2024-03-13 08:30:00,23,20,50,76,19,0,0,188
2024-03-13 08:40:00,14,20,59,68,32,0,0,193
2024-03-13 08:50:00,16,15,53,67,21,0,0,172
2024-03-13 09:00:00,3,16,77,58,24,0,0,178
2024-03-13 09:10:00,1,13,50,58,27,0,0,149
2024-03-13 09:20:00,0,5,33,73,30,0,0,141
2024-03-13 09:30:00,3,20,50,59,27,0,0,159
2024-03-13 09:40:00,14,15,54,45,32,0,0,160
2024-03-13 09:50:00,14,14,58,46,26,0,0,158
2024-03-13 10:00:00,14,8,59,50,26,0,0,157
2024-03-13 10:10:00,15,15,59,56,21,0,0,166
2024-03-13 10:20:00,14,2,22,60,38,0,0,136
2024-03-13 10:30:00,16,13,53,38,27,0,0,147
2024-03-13 10:40:00,18,12,67,49,16,0,0,162
2024-03-13 10:50:00,26,10,65,40,19,0,0,160
2024-03-13 11:00:00,25,8,54,41,18,0,0,146
2024-03-13 11:10:00,12,16,62,37,26,0,0,153
2024-03-13 11:20:00,22,17,69,42,23,0,0,173
2024-03-13 11:30:00,21,5,62,42,15,0,0,145
2024-03-13 11:40:00,31,12,53,57,17,0,0,170
2024-03-13 11:50:00,15,9,79,60,30,0,0,193
2024-03-13 12:00:00,27,13,67,48,18,0,0,173
2024-03-13 12:10:00,18,12,75,50,16,0,0,171
2024-03-13 12:20:00,21,6,60,53,22,0,0,162
2024-03-13 12:30:00,18,9,66,36,17,0,0,146
2024-03-13 12:40:00,17,13,78,47,21,0,0,176
2024-03-13 12:50:00,22,12,67,46,19,0,0,166
2024-03-13 13:00:00,22,16,74,63,16,0,0,191
2024-03-13 13:10:00,7,10,54,46,22,0,0,139
2024-03-13 13:20:00,12,13,56,55,21,0,0,157
2024-03-13 13:30:00,6,15,59,40,12,0,0,132
2024-03-13 13:40:00,17,13,63,47,17,0,0,157
2024-03-13 13:50:00,12,14,64,44,13,0,0,147
2024-03-13 14:00:00,19,7,59,50,15,0,0,150
2024-03-13 14:10:00,22,15,60,39,16,0,0,152
2024-03-13 14:20:00,17,10,72,28,17,0,0,144
2024-03-13 14:30:00,15,9,60,48,11,0,0,143
2024-03-13 14:40:00,17,14,65,41,21,0,0,158
2024-03-13 14:50:00,21,10,69,55,19,0,0,174
2024-03-13 15:00:00,18,15,57,46,16,0,0,152
2024-03-13 15:10:00,25,11,59,50,20,0,0,165
2024-03-13 15:20:00,14,17,54,56,18,0,0,159
2024-03-13 15:30:00,25,5,62,44,17,0,0,153
2024-03-13 15:40:00,18,11,66,53,19,0,0,167
2024-03-13 15:50:00,25,10,61,42,16,0,0,154
2024-03-13 16:00:00,24,8,65,59,15,0,0,171
2024-03-13 16:10:00,20,10,65,45,19,0,0,159
2024-03-13 16:20:00,26,8,55,42,16,0,0,147
2024-03-13 16:30:00,19,3,71,45,15,0,0,153
2024-03-13 16:40:00,29,12,62,48,19,0,0,170
2024-03-13 16:50:00,16,12,68,54,23,0,0,173
2024-03-13 17:00:00,26,7,56,55,13,0,0,157
2024-03-13 17:10:00,21,9,58,48,15,0,0,151
2024-03-13 17:20:00,28,13,67,50,17,0,0,175
2024-03-13 17:30:00,28,5,66,37,10,0,0,146
2024-03-13 17:40:00,20,10,77,58,17,0,0,182
2024-03-13 17:50:00,22,9,66,44,15,0,0,156
2024-03-13 18:00:00,19,7,58,37,19,0,0,140
2024-03-13 18:10:00,23,8,59,44,16,0,0,150
2024-03-13 18:20:00,23,4,67,44,12,0,0,150
2024-03-13 18:30:00,29,1,40,38,11,0,0,119
2024-03-13 18:40:00,25,1,58,49,13,0,0,146
2024-03-13 18:50:00,28,1,58,29,15,0,0,131
2024-03-13 19:00:00,16,2,51,26,10,0,0,105
2024-03-13 19:10:00,22,3,48,46,12,0,0,131
2024-03-13 19:20:00,22,1,37,26,7,0,0,93
2024-03-13 19:30:00,25,5,51,26,10,0,0,117
2024-03-13 19:40:00,13,3,47,30,17,0,0,110
2024-03-13 19:50:00,18,2,40,29,12,0,0,101
2024-03-13 20:00:00,21,1,47,29,14,0,0,112
2024-03-13 20:10:00,14,4,38,30,14,0,0,100
2024-03-13 20:20:00,19,0,38,17,7,0,0,81
2024-03-13 20:30:00,37,4,36,17,9,0,0,103
2024-03-13 20:40:00,11,1,29,16,6,0,0,63
2024-03-13 20:50:00,13,1,33,16,10,0,0,73
2024-03-13 21:00:00,9,0,27,20,2,0,0,58
2024-03-13 21:10:00,12,1,34,26,5,0,0,78
2024-03-13 21:20:00,12,3,38,20,5,0,0,78
2024-03-13 21:30:00,10,0,32,23,5,0,0,70
2024-03-13 21:40:00,8,0,38,23,7,0,0,76
2024-03-13 21:50:00,10,1,23,18,4,0,0,56
2024-03-13 22:00:00,5,1,34,19,6,0,0,65
2024-03-13 22:10:00,13,1,30,19,4,0,0,67
2024-03-13 22:20:00,5,1,32,11,9,0,0,58
2024-03-13 22:30:00,9,0,21,17,10,0,0,57
2024-03-13 22:40:00,11,1,26,15,5,0,0,58
2024-03-13 22:50:00,4,2,17,14,4,0,0,41
2024-03-13 23:00:00,3,0,18,11,8,0,0,40
2024-03-13 23:10:00,10,1,13,14,2,0,0,40
2024-03-13 23:20:00,6,3,18,8,3,0,0,38
2024-03-13 23:30:00,10,0,13,7,1,0,0,31
2024-03-13 23:40:00,9,0,10,7,1,0,0,27
2024-03-13 23:50:00,2,0,14,12,5,0,0,33
2024-03-14 00:00:00,2,0,10,5,0,0,0,17
2024-03-14 00:10:00,4,0,12,11,4,0,0,31
2024-03-14 00:20:00,4,0,12,2,3,0,0,21
2024-03-14 00:30:00,7,0,11,8,1,0,0,27
2024-03-14 00:40:00,4,0,11,3,1,0,0,19
2024-03-14 00:50:00,1,1,5,4,0,0,0,11
2024-03-14 01:00:00,3,0,5,2,1,0,0,11
2024-03-14 01:10:00,1,0,7,3,1,0,0,12
2024-03-14 01:20:00,3,0,3,3,1,0,0,10
2024-03-14 01:30:00,3,0,11,2,1,0,0,17
2024-03-14 01:40:00,0,0,6,4,3,0,0,13
2024-03-14 01:50:00,2,0,8,1,0,0,0,11
2024-03-14 02:00:00,1,0,4,4,0,0,0,9
2024-03-14 02:10:00,2,0,8,5,2,0,0,17
2024-03-14 02:20:00,1,1,4,3,0,0,0,9
2024-03-14 02:30:00,3,0,6,2,0,0,0,11
2024-03-14 02:40:00,0,0,6,2,0,0,0,8
2024-03-14 02:50:00,2,0,5,1,0,0,0,8
2024-03-14 03:00:00,5,0,7,0,0,0,0,12
2024-03-14 03:10:00,2,0,2,1,0,0,0,5
2024-03-14 03:20:00,1,0,3,3,1,0,0,8
2024-03-14 03:30:00,0,0,4,2,0,0,0,6
2024-03-14 03:40:00,2,0,1,1,0,0,0,4
2024-03-14 03:50:00,0,1,3,1,0,0,0,5
2024-03-14 04:00:00,0,0,3,4,0,0,0,7
2024-03-14 04:10:00,3,2,12,3,0,0,0,20
2024-03-14 04:20:00,2,0,8,11,0,0,0,21
2024-03-14 04:30:00,4,0,7,7,0,0,0,18
2024-03-14 04:40:00,3,0,6,7,1,0,0,17
2024-03-14 04:50:00,1,1,19,4,1,0,0,26
2024-03-14 05:00:00,5,1,6,10,0,0,0,22
2024-03-14 05:10:00,3,0,15,8,1,0,0,27
2024-03-14 05:20:00,12,2,23,20,5,0,0,62
2024-03-14 05:30:00,8,2,26,27,2,0,0,65
2024-03-14 05:40:00,18,1,44,34,5,0,0,102
2024-03-14 05:50:00,13,3,37,37,1,0,0,91
2024-03-14 06:00:00,18,4,43,48,4,0,0,117
2024-03-14 06:10:00,16,3,43,46,7,0,0,115
2024-03-14 06:20:00,7,3,57,58,6,0,0,131
2024-03-14 06:30:00,17,8,52,50,16,0,0,143
2024-03-14 06:40:00,17,11,59,57,20,0,0,164
2024-03-14 06:50:00,18,13,65,70,11,0,0,177
2024-03-14 07:00:00,23,13,68,67,15,0,0,186
2024-03-14 07:10:00,16,20,79,64,19,0,0,198
2024-03-14 07:20:00,21,17,70,58,18,0,0,184
2024-03-14 07:30:00,20,18,76,92,18,0,0,224
2024-03-14 07:40:00,15,20,69,92,24,0,0,220
2024-03-14 07:50:00,18,21,77,85,19,0,0,220
2024-03-14 08:00:00,17,15,74,67,21,0,0,194
2024-03-14 08:10:00,21,23,74,58,18,0,0,194
2024-03-14 08:20:00,22,17,64,65,28,0,0,196
2024-03-14 08:30:00,22,17,56,71,23,0,0,189
2024-03-14 08:40:00,23,18,50,70,26,0,0,187
2024-03-14 08:50:00,30,19,57,67,30,0,0,203
2024-03-14 09:00:00,13,16,52,45,17,1,1,145
2024-03-14 09:10:00,26,18,67,62,22,0,0,195
2024-03-14 09:20:00,36,16,61,59,23,0,0,195
2024-03-14 09:30:00,28,17,63,40,14,0,0,162
2024-03-14 09:40:00,17,15,51,47,18,0,0,148
2024-03-14 09:50:00,16,18,70,42,22,0,0,168
2024-03-14 10:00:00,23,10,56,38,26,0,0,153
2024-03-14 10:10:00,31,11,66,58,26,0,0,192
2024-03-14 10:20:00,30,12,63,46,25,0,0,176
2024-03-14 10:30:00,14,9,65,41,24,0,0,153
2024-03-14 10:40:00,32,12,76,42,17,0,0,179
2024-03-14 10:50:00,17,19,71,33,25,0,0,165
2024-03-14 11:00:00,23,8,81,48,27,0,0,187
2024-03-14 11:10:00,20,15,68,40,19,0,0,162
2024-03-14 11:20:00,24,16,66,33,23,0,0,162
2024-03-14 11:30:00,19,14,70,41,21,0,0,165
2024-03-14 11:40:00,27,18,54,46,25,0,0,170
2024-03-14 11:50:00,22,9,73,42,19,0,0,165
2024-03-14 12:00:00,28,20,67,37,24,0,0,176
2024-03-14 12:10:00,20,12,72,46,16,0,0,166
2024-03-14 12:20:00,21,6,71,37,17,0,0,152
2024-03-14 12:30:00,19,9,55,38,19,0,0,140
2024-03-14 12:40:00,25,18,74,47,26,0,0,190
2024-03-14 12:50:00,29,18,74,48,17,0,0,186
2024-03-14 13:00:00,18,19,60,40,15,0,0,152
2024-03-14 13:10:00,37,12,57,53,23,0,0,182
2024-03-14 13:20:00,31,17,69,51,14,0,0,182
2024-03-14 13:30:00,28,21,56,57,10,0,0,172
2024-03-14 13:40:00,17,12,70,61,22,0,0,182
2024-03-14 13:50:00,30,20,54,42,18,0,0,164
2024-03-14 14:00:00,25,10,63,46,21,0,0,165
2024-03-14 14:10:00,37,8,56,53,18,0,0,172
2024-03-14 14:20:00,17,22,69,33,15,0,0,156
2024-03-14 14:30:00,7,16,61,46,26,0,0,156
2024-03-14 14:40:00,26,14,68,44,17,0,0,169
2024-03-14 14:50:00,14,10,82,42,20,0,0,168
2024-03-14 15:00:00,30,18,70,42,15,0,0,175
2024-03-14 15:10:00,22,15,66,54,23,0,0,180
2024-03-14 15:20:00,26,26,66,53,20,0,0,191
2024-03-14 15:30:00,21,18,73,43,18,0,0,173
2024-03-14 15:40:00,22,19,71,56,19,0,0,187
2024-03-14 15:50:00,24,17,66,46,19,0,0,172
2024-03-14 16:00:00,24,16,67,55,20,0,0,182
2024-03-14 16:10:00,13,22,73,50,23,0,0,181
2024-03-14 16:20:00,20,17,63,60,24,0,0,184
2024-03-14 16:30:00,25,18,47,73,17,0,0,180
2024-03-14 16:40:00,24,14,45,49,24,0,0,156
2024-03-14 16:50:00,27,11,57,49,14,0,0,158
2024-03-14 17:00:00,25,13,41,57,27,0,0,163
2024-03-14 17:10:00,26,16,56,65,19,0,0,182
2024-03-14 17:20:00,29,10,57,65,23,0,0,184
2024-03-14 17:30:00,14,9,61,57,19,0,0,160
2024-03-14 17:40:00,16,14,71,51,21,0,0,173
2024-03-14 17:50:00,14,13,65,51,18,0,0,161
2024-03-14 18:00:00,22,8,64,64,18,0,0,176
2024-03-14 18:10:00,26,12,63,45,17,0,0,163
2024-03-14 18:20:00,19,14,59,46,10,0,0,148
2024-03-14 18:30:00,19,6,56,36,16,0,0,133
2024-03-14 18:40:00,19,5,59,45,15,0,0,143
2024-03-14 18:50:00,21,1,47,42,12,0,0,123
2024-03-14 19:00:00,20,1,55,33,4,0,0,113
2024-03-14 19:10:00,23,3,47,38,9,0,0,120
2024-03-14 19:20:00,25,1,37,22,19,0,0,104
2024-03-14 19:30:00,23,1,40,36,4,0,0,104
2024-03-14 19:40:00,14,1,40,37,12,0,0,104
2024-03-14 19:50:00,10,0,39,28,11,0,0,88
2024-03-14 20:00:00,13,3,50,31,10,0,0,107
2024-03-14 20:10:00,19,4,43,29,7,0,0,102
2024-03-14 20:20:00,24,1,31,23,4,0,0,83
2024-03-14 20:30:00,18,0,29,21,5,0,0,73
2024-03-14 20:40:00,20,2,32,32,8,0,0,94
2024-03-14 20:50:00,11,2,26,31,9,0,0,79
2024-03-14 21:00:00,9,0,29,21,4,0,0,63
2024-03-14 21:10:00,3,0,35,19,8,0,0,65
2024-03-14 21:20:00,10,0,14,20,7,0,0,51
2024-03-14 21:30:00,11,0,40,24,11,0,0,86
2024-03-14 21:40:00,16,1,30,19,9,0,0,75
2024-03-14 21:50:00,11,3,24,16,4,0,0,58
2024-03-14 22:00:00,8,1,26,26,4,0,0,65
2024-03-14 22:10:00,12,2,23,17,3,0,0,57
2024-03-14 22:20:00,3,2,30,14,7,0,0,56
2024-03-14 22:30:00,5,1,19,15,4,0,0,44
2024-03-14 22:40:00,12,2,21,10,6,0,0,51
2024-03-14 22:50:00,2,1,20,16,7,0,0,46
2024-03-14 23:00:00,1,0,18,14,1,0,0,34
2024-03-14 23:10:00,10,0,19,14,2,0,0,45
2024-03-14 23:20:00,3,0,16,11,1,0,0,31
2024-03-14 23:30:00,2,1,17,13,1,0,0,34
2024-03-14 23:40:00,5,0,13,8,4,0,0,30
2024-03-14 23:50:00,2,1,9,10,4,0,0,26
2024-03-15 00:00:00,7,0,16,7,1,0,0,31
2024-03-15 00:10:00,9,1,10,4,1,0,0,25
2024-03-15 00:20:00,1,0,7,4,2,0,0,14
2024-03-15 00:30:00,6,0,10,3,0,0,0,19
2024-03-15 00:40:00,5,0,10,4,0,0,0,19
2024-03-15 00:50:00,3,0,8,3,1,0,0,15
2024-03-15 01:00:00,2,0,7,3,1,0,0,13
2024-03-15 01:10:00,1,0,7,2,2,0,0,12
2024-03-15 01:20:00,2,3,5,4,3,0,0,17
2024-03-15 01:30:00,3,0,3,2,2,0,0,10
2024-03-15 01:40:00,3,1,9,4,1,0,0,18
2024-03-15 01:50:00,0,0,4,6,0,0,0,10
2024-03-15 02:00:00,0,1,5,4,1,0,0,11
2024-03-15 02:10:00,0,0,6,2,1,0,0,9
2024-03-15 02:20:00,2,0,2,2,0,0,0,6
2024-03-15 02:30:00,2,0,3,0,0,0,0,5
2024-03-15 02:40:00,0,0,6,3,1,0,0,10
2024-03-15 02:50:00,3,0,7,3,1,0,0,14
2024-03-15 03:00:00,0,0,1,1,1,0,0,3
2024-03-15 03:10:00,1,0,4,0,0,0,0,5
2024-03-15 03:20:00,0,0,6,4,1,0,0,11
2024-03-15 03:30:00,2,0,1,3,0,0,0,6
2024-03-15 03:40:00,2,0,7,1,1,0,0,11
2024-03-15 03:50:00,0,0,6,1,0,0,0,7
2024-03-15 04:00:00,0,0,8,4,0,0,0,12
2024-03-15 04:10:00,8,0,4,3,1,0,0,16
2024-03-15 04:20:00,0,0,8,7,0,0,0,15
2024-03-15 04:30:00,0,0,3,4,4,0,0,11
2024-03-15 04:40:00,1,2,9,10,1,0,0,23
2024-03-15 04:50:00,2,0,11,13,1,0,0,27
2024-03-15 05:00:00,4,0,9,12,1,0,0,26
2024-03-15 05:10:00,4,1,17,6,4,0,0,32
2024-03-15 05:20:00,9,1,18,23,3,0,0,54
2024-03-15 05:30:00,9,0,23,25,3,0,0,60
2024-03-15 05:40:00,18,2,30,32,2,0,0,84
2024-03-15 05:50:00,21,0,44,25,2,0,0,92
2024-03-15 06:00:00,9,0,26,39,3,0,0,77
2024-03-15 06:10:00,10,1,40,31,1,0,0,83
2024-03-15 06:20:00,9,1,55,54,8,0,0,127
2024-03-15 06:30:00,10,4,46,52,6,0,0,118
2024-03-15 06:40:00,11,9,56,48,11,0,0,135
2024-03-15 06:50:00,16,6,68,55,18,0,0,163
2024-03-15 07:00:00,23,6,55,57,15,0,0,156
2024-03-15 07:10:00,16,15,65,66,13,0,0,175
2024-03-15 07:20:00,23,15,76,68,15,0,0,197
2024-03-15 07:30:00,14,11,65,71,17,0,0,178
2024-03-15 07:40:00,22,15,68,67,22,0,0,194
2024-03-15 07:50:00,25,19,71,65,19,0,0,199
2024-03-15 08:00:00,16,13,53,63,28,0,0,173
2024-03-15 08:10:00,24,20,59,45,16,0,0,164
2024-03-15 08:20:00,22,16,67,66,15,0,0,186
2024-03-15 08:30:00,25,17,50,46,19,0,0,157
2024-03-15 08:40:00,25,28,56,58,30,0,0,197
2024-03-15 08:50:00,24,24,45,52,22,0,0,167
2024-03-15 09:00:00,15,15,78,47,24,0,0,179
2024-03-15 09:10:00,26,16,66,38,24,0,0,170
2024-03-15 09:20:00,31,21,52,49,15,0,0,168
2024-03-15 09:30:00,22,13,63,41,23,0,0,162
2024-03-15 09:40:00,21,14,74,55,19,0,0,183
2024-03-15 09:50:00,25,17,58,49,31,0,0,180
2024-03-15 10:00:00,24,12,56,45,23,0,0,160
2024-03-15 10:10:00,21,13,57,40,20,0,0,151
2024-03-15 10:20:00,22,14,52,45,23,0,0,156
2024-03-15 10:30:00,22,10,53,36,23,0,0,144
2024-03-15 10:40:00,27,12,58,58,23,0,0,178
2024-03-15 10:50:00,27,8,40,52,21,0,0,148
2024-03-15 11:00:00,14,7,74,51,27,0,0,173
2024-03-15 11:10:00,24,9,61,55,18,0,0,167
2024-03-15 11:20:00,20,9,59,48,20,0,0,156
2024-03-15 11:30:00,20,10,67,45,15,0,0,157
2024-03-15 11:40:00,15,12,57,43,31,0,0,158
2024-03-15 11:50:00,23,5,79,46,17,0,0,170
2024-03-15 12:00:00,19,11,65,46,26,0,0,167
2024-03-15 12:10:00,15,7,61,56,14,0,0,153
2024-03-15 12:20:00,22,11,65,41,23,0,0,162
2024-03-15 12:30:00,14,13,58,41,27,0,0,153
2024-03-15 12:40:00,0,8,66,49,19,0,0,142
2024-03-15 12:50:00,2,12,64,39,21,0,0,138
2024-03-15 13:00:00,17,10,67,40,19,0,0,153
2024-03-15 13:10:00,20,16,52,42,15,0,0,145
2024-03-15 13:20:00,15,19,70,47,17,0,0,168
2024-03-15 13:30:00,23,10,53,58,20,0,0,164
2024-03-15 13:40:00,23,9,64,50,17,0,0,163
2024-03-15 13:50:00,28,15,62,61,22,0,0,188
2024-03-15 14:00:00,20,12,55,37,24,0,0,148
2024-03-15 14:10:00,26,7,70,44,18,0,0,165
2024-03-15 14:20:00,27,10,56,38,15,0,0,146
2024-03-15 14:30:00,21,10,72,52,19,0,0,174
2024-03-15 14:40:00,29,8,62,48,18,0,0,165
2024-03-15 14:50:00,27,21,68,48,20,0,0,184
2024-03-15 15:00:00,21,8,68,46,15,0,0,158
2024-03-15 15:10:00,22,6,74,44,15,0,0,161
2024-03-15 15:20:00,20,13,66,41,12,0,0,152
2024-03-15 15:30:00,18,9,47,35,12,0,0,121
2024-03-15 15:40:00,16,12,65,51,17,0,0,161
2024-03-15 15:50:00,21,16,56,34,21,0,0,148
2024-03-15 16:00:00,20,6,77,47,15,0,0,165
2024-03-15 16:10:00,26,10,63,51,15,0,0,165
2024-03-15 16:20:00,25,12,58,55,21,0,0,171
2024-03-15 16:30:00,15,10,66,52,18,0,0,161
2024-03-15 16:40:00,17,8,60,52,18,0,0,155
2024-03-15 16:50:00,19,13,62,35,23,0,0,152
2024-03-15 17:00:00,19,11,53,47,21,0,0,151
2024-03-15 17:10:00,16,17,53,72,22,0,0,180
2024-03-15 17:20:00,21,8,61,53,13,0,0,156
2024-03-15 17:30:00,14,12,68,56,24,0,0,174
2024-03-15 17:40:00,7,6,55,48,14,0,0,130
2024-03-15 17:50:00,6,15,63,54,25,0,0,163
2024-03-15 18:00:00,14,11,78,59,13,0,0,175
2024-03-15 18:10:00,28,15,68,51,14,0,0,176
2024-03-15 18:20:00,16,8,86,59,22,0,0,191
2024-03-15 18:30:00,27,1,59,49,16,0,0,152
2024-03-15 18:40:00,19,4,48,35,11,0,0,117
2024-03-15 18:50:00,23,4,53,30,14,0,0,124
2024-03-15 19:00:00,25,3,50,34,12,0,0,124
2024-03-15 19:10:00,21,1,59,39,7,0,0,127
2024-03-15 19:20:00,29,1,43,33,13,0,0,119
2024-03-15 19:30:00,24,10,41,34,12,0,0,121
2024-03-15 19:40:00,18,8,43,36,13,0,0,118
2024-03-15 19:50:00,16,0,34,38,16,0,0,104
2024-03-15 20:00:00,24,5,36,23,11,0,0,99
2024-03-15 20:10:00,23,2,33,27,8,0,0,93
2024-03-15 20:20:00,15,1,30,28,15,0,0,89
2024-03-15 20:30:00,15,3,33,21,7,0,0,79
2024-03-15 20:40:00,15,0,31,25,14,0,0,85
2024-03-15 20:50:00,14,0,33,23,16,0,0,86
2024-03-15 21:00:00,13,1,28,32,9,0,0,83
2024-03-15 21:10:00,17,0,28,23,10,0,0,78
2024-03-15 21:20:00,9,2,28,25,11,0,0,75
2024-03-15 21:30:00,7,0,33,27,4,0,0,71
2024-03-15 21:40:00,9,0,27,19,7,0,0,62
2024-03-15 21:50:00,14,1,37,15,4,0,0,71
2024-03-15 22:00:00,10,0,36,31,7,0,0,84
2024-03-15 22:10:00,6,0,43,28,5,0,0,82
2024-03-15 22:20:00,12,0,44,20,6,0,0,82
2024-03-15 22:30:00,8,0,34,21,7,0,0,70
2024-03-15 22:40:00,15,2,36,21,4,0,0,78
2024-03-15 22:50:00,4,1,33,25,5,0,0,68
2024-03-15 23:00:00,8,0,36,17,4,0,0,65
2024-03-15 23:10:00,6,3,27,18,3,0,0,57
2024-03-15 23:20:00,7,2,22,19,4,0,0,54
2024-03-15 23:30:00,13,0,22,15,3,0,0,53
2024-03-15 23:40:00,12,1,21,13,3,0,0,50
2024-03-15 23:50:00,8,0,25,19,5,0,0,57
2024-03-16 00:00:00,8,1,29,16,1,0,0,55
2024-03-16 00:10:00,7,0,26,12,3,0,0,48
2024-03-16 00:20:00,6,0,21,18,2,0,0,47
2024-03-16 00:30:00,11,0,22,11,3,0,0,47
2024-03-16 00:40:00,6,1,15,8,1,0,0,31
2024-03-16 00:50:00,4,3,19,13,2,0,0,41
2024-03-16 01:00:00,1,2,13,9,2,0,0,27
2024-03-16 01:10:00,2,1,14,12,2,0,0,31
2024-03-16 01:20:00,5,1,19,6,4,0,0,35
2024-03-16 01:30:00,5,0,15,11,2,0,0,33
2024-03-16 01:40:00,6,0,14,7,0,0,0,27
2024-03-16 01:50:00,10,2,11,7,0,0,0,30
2024-03-16 02:00:00,1,1,9,12,0,0,0,23
2024-03-16 02:10:00,1,0,10,1,1,0,0,13
2024-03-16 02:20:00,3,0,9,3,0,0,0,15
2024-03-16 02:30:00,0,0,10,2,1,0,0,13
2024-03-16 02:40:00,1,0,9,4,2,0,0,16
2024-03-16 02:50:00,0,0,6,4,0,0,0,10
2024-03-16 03:00:00,1,0,9,2,1,0,0,13
2024-03-16 03:10:00,0,0,8,6,0,0,0,14
2024-03-16 03:20:00,0,0,7,6,0,0,0,13
2024-03-16 03:30:00,2,0,9,8,2,0,0,21
2024-03-16 03:40:00,0,0,7,5,0,0,0,12
2024-03-16 03:50:00,0,0,5,5,0,0,0,10
2024-03-16 04:00:00,2,1,5,9,1,0,0,18
2024-03-16 04:10:00,0,3,7,6,2,0,0,18
2024-03-16 04:20:00,4,0,4,7,0,0,0,15
2024-03-16 04:30:00,2,0,8,2,0,0,0,12
2024-03-16 04:40:00,1,0,3,7,3,0,0,14
2024-03-16 04:50:00,2,0,8,6,2,0,0,18
2024-03-16 05:00:00,0,0,7,6,0,0,0,13
2024-03-16 05:10:00,2,1,11,9,2,0,0,25
2024-03-16 05:20:00,13,0,13,6,0,0,0,32
2024-03-16 05:30:00,17,0,17,11,1,0,0,46
2024-03-16 05:40:00,20,1,12,11,2,0,0,46
2024-03-16 05:50:00,9,0,11,6,0,0,0,26
2024-03-16 06:00:00,2,0,6,8,1,0,0,17
2024-03-16 06:10:00,7,0,12,13,1,0,0,33
2024-03-16 06:20:00,6,1,13,8,3,0,0,31
2024-03-16 06:30:00,5,2,10,7,4,0,0,28
2024-03-16 06:40:00,7,1,17,13,3,0,0,41
2024-03-16 06:50:00,7,0,16,11,3,0,0,37
2024-03-16 07:00:00,2,0,12,7,0,0,0,21
2024-03-16 07:10:00,2,0,4,15,3,0,0,24
2024-03-16 07:20:00,5,2,14,14,2,0,0,37
2024-03-16 07:30:00,5,1,30,20,5,0,0,61
2024-03-16 07:40:00,10,1,17,21,4,0,0,53
2024-03-16 07:50:00,6,4,17,21,6,0,0,54
2024-03-16 08:00:00,8,1,29,22,8,0,0,68
2024-03-16 08:10:00,10,2,19,9,3,0,0,43
2024-03-16 08:20:00,4,0,35,20,5,0,0,64
2024-03-16 08:30:00,9,1,28,26,4,0,0,68
2024-03-16 08:40:00,13,5,30,26,12,0,0,86
2024-03-16 08:50:00,14,3,35,19,9,0,0,80
2024-03-16 09:00:00,9,2,36,20,9,0,0,76
2024-03-16 09:10:00,8,4,36,27,12,0,0,87
2024-03-16 09:20:00,10,5,39,21,11,0,0,86
2024-03-16 09:30:00,11,2,57,36,12,0,0,118
2024-03-16 09:40:00,5,4,49,26,10,0,0,94
2024-03-16 09:50:00,13,5,54,38,12,0,0,122
2024-03-16 10:00:00,9,2,50,26,13,0,0,100
2024-03-16 10:10:00,13,3,52,26,11,0,0,105
2024-03-16 10:20:00,10,2,52,38,9,0,0,111
2024-03-16 10:30:00,16,3,51,28,18,0,0,116
2024-03-16 10:40:00,14,6,57,47,17,0,0,141
2024-03-16 10:50:00,13,9,62,36,12,0,0,132
2024-03-16 11:00:00,15,8,69,36,12,0,0,140
2024-03-16 11:10:00,12,3,57,38,13,0,0,123
2024-03-16 11:20:00,15,7,68,39,19,0,0,148
2024-03-16 11:30:00,15,8,58,30,20,0,0,131
2024-03-16 11:40:00,18,2,58,33,13,0,0,124
2024-03-16 11:50:00,18,5,51,50,17,0,0,141
2024-03-16 12:00:00,23,1,63,36,12,0,0,135
2024-03-16 12:10:00,13,5,65,44,6,0,0,133
2024-03-16 12:20:00,14,5,67,43,21,0,0,150
2024-03-16 12:30:00,8,2,74,40,16,0,0,140
2024-03-16 12:40:00,14,1,62,52,15,0,0,144
2024-03-16 12:50:00,25,7,71,43,17,0,0,163
2024-03-16 13:00:00,23,4,74,37,16,0,0,154
2024-03-16 13:10:00,25,4,73,37,12,0,0,151
2024-03-16 13:20:00,17,5,82,50,22,0,0,176
2024-03-16 13:30:00,18,4,57,34,18,0,0,131
2024-03-16 13:40:00,15,6,71,54,23,0,0,169
2024-03-16 13:50:00,16,1,54,35,17,0,0,123
2024-03-16 14:00:00,13,7,77,39,14,0,0,150
2024-03-16 14:10:00,13,8,66,39,18,0,0,144
2024-03-16 14:20:00,18,5,57,37,16,0,0,133
2024-03-16 14:30:00,18,5,73,49,17,0,0,162
2024-03-16 14:40:00,14,5,66,38,15,0,0,138
2024-03-16 14:50:00,12,7,79,56,23,0,0,177
2024-03-16 15:00:00,16,9,60,38,19,0,0,142
2024-03-16 15:10:00,14,4,64,46,22,0,0,150
2024-03-16 15:20:00,12,6,67,45,16,0,0,146
2024-03-16 15:30:00,14,7,64,41,13,0,0,139
2024-03-16 15:40:00,10,0,78,43,10,0,0,141
2024-03-16 15:50:00,13,3,69,20,20,0,0,125
2024-03-16 16:00:00,12,4,59,48,16,0,0,139
2024-03-16 16:10:00,21,7,73,46,9,0,0,156
2024-03-16 16:20:00,14,6,49,49,12,0,0,130
2024-03-16 16:30:00,14,4,69,45,18,0,0,150
2024-03-16 16:40:00,13,3,51,37,14,0,0,118
2024-03-16 16:50:00,14,4,57,40,11,0,0,126
2024-03-16 17:00:00,14,3,61,32,11,0,0,121
2024-03-16 17:10:00,10,2,70,52,13,0,0,147
2024-03-16 17:20:00,16,4,67,47,9,0,0,143
2024-03-16 17:30:00,12,7,56,36,15,0,0,126
2024-03-16 17:40:00,14,5,71,52,14,0,0,156
2024-03-16 17:50:00,17,6,66,54,13,0,0,156
2024-03-16 18:00:00,16,3,82,54,13,0,0,168
2024-03-16 18:10:00,17,2,69,54,13,0,0,155
2024-03-16 18:20:00,15,7,78,57,14,0,0,171
2024-03-16 18:30:00,12,10,82,55,9,0,0,168
2024-03-16 18:40:00,15,2,52,39,13,0,0,121
2024-03-16 18:50:00,10,4,73,35,17,0,0,139
2024-03-16 19:00:00,19,1,55,28,16,0,0,119
2024-03-16 19:10:00,19,2,64,33,12,0,0,130
2024-03-16 19:20:00,15,0,62,43,13,0,0,133
2024-03-16 19:30:00,20,2,40,35,10,0,0,107
2024-03-16 19:40:00,17,1,44,24,14,0,0,100
2024-03-16 19:50:00,16,2,55,31,21,0,0,125
2024-03-16 20:00:00,22,0,49,40,12,0,0,123
2024-03-16 20:10:00,22,1,45,40,16,0,0,124
2024-03-16 20:20:00,13,0,40,25,14,0,0,92
2024-03-16 20:30:00,25,1,32,30,5,0,0,93
2024-03-16 20:40:00,13,1,38,24,15,0,0,91
2024-03-16 20:50:00,19,0,36,19,4,0,0,78
2024-03-16 21:00:00,9,0,33,30,4,0,0,76
2024-03-16 21:10:00,8,0,32,25,8,0,0,73
2024-03-16 21:20:00,13,1,29,25,5,0,0,73
2024-03-16 21:30:00,10,1,45,27,6,0,0,89
2024-03-16 21:40:00,11,0,30,15,5,0,0,61
2024-03-16 21:50:00,13,4,28,29,10,0,0,84
2024-03-16 22:00:00,9,1,32,20,11,0,0,73
2024-03-16 22:10:00,15,0,30,23,8,0,0,76
2024-03-16 22:20:00,4,0,39,26,7,0,0,76
2024-03-16 22:30:00,8,1,29,25,11,0,0,74
2024-03-16 22:40:00,10,3,39,37,3,0,0,92
2024-03-16 22:50:00,2,1,36,15,11,0,0,65
2024-03-16 23:00:00,6,0,21,20,5,0,0,52
2024-03-16 23:10:00,7,1,26,16,12,0,0,62
2024-03-16 23:20:00,3,0,23,17,10,0,0,53
2024-03-16 23:30:00,5,1,30,17,9,0,0,62
2024-03-16 23:40:00,9,2,24,19,5,0,0,59
2024-03-16 23:50:00,2,1,20,17,1,0,0,41
2024-03-17 00:00:00,6,0,14,14,3,0,0,37
2024-03-17 00:10:00,6,3,31,18,1,0,0,59
2024-03-17 00:20:00,9,0,33,14,1,0,0,57
2024-03-17 00:30:00,6,0,19,10,2,0,0,37
2024-03-17 00:40:00,13,0,23,12,4,0,0,52
2024-03-17 00:50:00,8,4,23,11,0,0,0,46
2024-03-17 01:00:00,5,0,26,12,3,0,0,46
2024-03-17 01:10:00,8,0,20,15,4,0,0,47
2024-03-17 01:20:00,0,0,25,15,3,0,0,43
2024-03-17 01:30:00,11,0,14,8,2,0,0,35
2024-03-17 01:40:00,3,1,13,8,3,0,0,28
2024-03-17 01:50:00,0,1,17,9,1,0,0,28
2024-03-17 02:00:00,1,0,15,5,0,0,0,21
2024-03-17 02:10:00,6,0,13,11,4,0,0,34
2024-03-17 02:20:00,1,2,14,9,4,0,0,30
2024-03-17 02:30:00,4,0,10,6,1,0,0,21
2024-03-17 02:40:00,2,0,11,5,1,0,0,19
2024-03-17 02:50:00,2,0,8,6,2,0,0,18
2024-03-17 03:00:00,2,0,8,6,0,0,0,16
2024-03-17 03:10:00,0,0,13,9,0,0,0,22
2024-03-17 03:20:00,4,0,10,4,0,0,0,18
2024-03-17 03:30:00,2,0,10,5,0,0,0,17
2024-03-17 03:40:00,1,1,12,4,0,0,0,18
2024-03-17 03:50:00,3,0,11,5,1,0,0,20
2024-03-17 04:00:00,1,1,11,3,1,0,0,17
2024-03-17 04:10:00,0,0,11,6,0,0,0,17
2024-03-17 04:20:00,1,1,7,10,0,0,0,19
2024-03-17 04:30:00,1,0,10,1,0,0,0,12
2024-03-17 04:40:00,3,0,6,3,0,0,0,12
2024-03-17 04:50:00,1,0,10,4,1,0,0,16
2024-03-17 05:00:00,4,0,9,4,0,0,0,17
2024-03-17 05:10:00,2,0,7,7,0,0,0,16
2024-03-17 05:20:00,4,0,12,7,0,0,0,23
2024-03-17 05:30:00,14,0,17,9,3,0,0,43
2024-03-17 05:40:00,12,1,20,8,1,0,0,42
2024-03-17 05:50:00,10,0,5,6,1,0,0,22
2024-03-17 06:00:00,2,0,6,7,0,0,0,15
2024-03-17 06:10:00,5,0,13,7,3,0,0,28
2024-03-17 06:20:00,9,0,12,3,0,0,0,24
2024-03-17 06:30:00,4,0,9,10,2,0,0,25
2024-03-17 06:40:00,7,1,10,3,1,0,0,22
2024-03-17 06:50:00,1,0,10,4,1,0,0,16
2024-03-17 07:00:00,5,0,14,6,2,0,0,27
2024-03-17 07:10:00,1,2,7,3,2,0,0,15
2024-03-17 07:20:00,4,0,13,7,4,0,0,28
2024-03-17 07:30:00,0,0,4,3,4,0,0,11
2024-03-17 07:40:00,3,0,11,10,2,0,0,26
2024-03-17 07:50:00,1,1,13,8,4,0,0,27
2024-03-17 08:00:00,2,1,11,8,3,0,0,25
2024-03-17 08:10:00,4,2,14,6,2,0,0,28
2024-03-17 08:20:00,3,2,20,12,3,0,0,40
2024-03-17 08:30:00,0,0,21,9,4,0,0,34
2024-03-17 08:40:00,8,1,26,17,6,0,0,58
2024-03-17 08:50:00,9,5,15,12,6,0,0,47
2024-03-17 09:00:00,4,3,23,19,4,0,0,53
2024-03-17 09:10:00,3,3,25,22,3,0,0,56
2024-03-17 09:20:00,5,3,23,14,9,0,0,54
2024-03-17 09:30:00,5,2,24,21,13,0,0,65
2024-03-17 09:40:00,10,5,29,30,7,0,0,81
2024-03-17 09:50:00,6,5,26,25,11,0,0,73
2024-03-17 10:00:00,6,2,34,29,16,0,0,87
2024-03-17 10:10:00,8,3,48,36,8,0,0,103
2024-03-17 10:20:00,8,7,43,27,11,0,0,96
2024-03-17 10:30:00,8,2,36,29,17,0,0,92
2024-03-17 10:40:00,15,5,38,33,14,0,0,105
2024-03-17 10:50:00,10,3,39,26,20,0,0,98
2024-03-17 11:00:00,6,3,41,44,16,0,0,110
2024-03-17 11:10:00,14,0,41,28,16,0,0,99
2024-03-17 11:20:00,10,2,51,37,11,0,0,111
2024-03-17 11:30:00,6,2,57,40,20,0,0,125
2024-03-17 11:40:00,13,2,43,37,12,0,0,107
2024-03-17 11:50:00,12,3,57,36,17,0,0,125
2024-03-17 12:00:00,13,0,53,37,20,0,0,123
2024-03-17 12:10:00,10,1,65,50,25,0,0,151
2024-03-17 12:20:00,0,10,52,40,22,0,0,124
2024-03-17 12:30:00,4,1,54,43,17,0,0,119
2024-03-17 12:40:00,18,8,40,29,12,0,0,107
2024-03-17 12:50:00,13,6,50,29,12,0,0,110
2024-03-17 13:00:00,15,4,52,35,11,0,0,117
2024-03-17 13:10:00,17,10,56,41,20,0,0,144
2024-03-17 13:20:00,12,9,58,47,12,0,0,138
2024-03-17 13:30:00,8,3,52,40,10,0,0,113
2024-03-17 13:40:00,10,4,51,31,12,0,0,108
2024-03-17 13:50:00,13,4,53,26,9,0,0,105
2024-03-17 14:00:00,16,4,62,30,5,0,0,117
2024-03-17 14:10:00,17,8,56,30,7,0,0,118
2024-03-17 14:20:00,12,2,56,28,5,0,0,103
2024-03-17 14:30:00,14,4,66,35,12,0,0,131
2024-03-17 14:40:00,15,6,69,33,16,0,0,139
2024-03-17 14:50:00,12,5,61,26,12,0,0,116
2024-03-17 15:00:00,11,9,68,37,10,0,0,135
2024-03-17 15:10:00,14,5,42,35,14,0,0,110
2024-03-17 15:20:00,10,12,63,43,12,0,0,140
2024-03-17 15:30:00,17,4,54,38,11,0,0,124
2024-03-17 15:40:00,18,10,49,36,12,0,0,125
2024-03-17 15:50:00,9,3,55,35,7,0,0,109
2024-03-17 16:00:00,15,1,66,37,13,0,0,132
2024-03-17 16:10:00,14,6,56,41,8,0,0,125
2024-03-17 16:20:00,14,3,54,40,12,0,0,123
2024-03-17 16:30:00,13,10,59,41,10,0,0,133
2024-03-17 16:40:00,17,4,44,54,9,0,0,128
2024-03-17 16:50:00,13,6,48,46,16,0,0,129
2024-03-17 17:00:00,12,10,46,53,15,0,0,136
2024-03-17 17:10:00,17,6,58,48,15,0,0,144
2024-03-17 17:20:00,13,3,42,49,11,0,0,118
2024-03-17 17:30:00,11,7,46,50,18,0,0,132
2024-03-17 17:40:00,12,6,58,44,10,0,0,130
2024-03-17 17:50:00,11,3,61,36,15,0,0,126
2024-03-17 18:00:00,8,6,66,42,17,0,0,139
2024-03-17 18:10:00,19,3,58,44,13,0,0,137
2024-03-17 18:20:00,17,5,52,36,11,0,0,121
2024-03-17 18:30:00,10,5,57,34,13,0,0,119
2024-03-17 18:40:00,15,4,44,39,11,0,0,113
2024-03-17 18:50:00,23,1,44,30,7,0,0,105
2024-03-17 19:00:00,22,1,43,31,9,0,0,106
2024-03-17 19:10:00,13,0,38,21,10,0,0,82
2024-03-17 19:20:00,15,0,38,30,6,0,0,89
2024-03-17 19:30:00,19,1,41,37,4,0,0,102
2024-03-17 19:40:00,16,1,38,27,5,0,0,87
2024-03-17 19:50:00,13,0,28,29,10,0,0,80
2024-03-17 20:00:00,14,0,33,29,10,0,0,86
2024-03-17 20:10:00,23,1,30,32,6,0,0,92
2024-03-17 20:20:00,15,1,36,24,8,0,0,84
2024-03-17 20:30:00,16,0,34,28,5,0,0,83
2024-03-17 20:40:00,5,2,36,15,7,0,0,65
2024-03-17 20:50:00,7,0,28,14,5,0,0,54
2024-03-17 21:00:00,9,0,40,21,10,0,0,80
2024-03-17 21:10:00,11,2,33,29,7,0,0,82
2024-03-17 21:20:00,11,1,19,17,6,0,0,54
2024-03-17 21:30:00,15,0,31,19,4,0,0,69
2024-03-17 21:40:00,4,1,32,14,10,0,0,61
2024-03-17 21:50:00,5,0,23,18,5,0,0,51
2024-03-17 22:00:00,9,0,30,21,5,0,0,65
2024-03-17 22:10:00,9,1,31,14,4,0,0,59
2024-03-17 22:20:00,3,0,25,16,3,0,0,47
2024-03-17 22:30:00,8,1,19,7,3,0,0,38
2024-03-17 22:40:00,7,0,15,12,3,0,0,37
2024-03-17 22:50:00,4,1,15,10,5,0,0,35
2024-03-17 23:00:00,3,1,14,4,4,0,0,26
2024-03-17 23:10:00,2,1,17,7,1,0,0,28
2024-03-17 23:20:00,2,0,9,7,2,0,0,20
2024-03-17 23:30:00,0,0,11,3,2,0,0,16
2024-03-17 23:40:00,2,1,11,7,1,0,0,22
2024-03-17 23:50:00,0,2,8,7,2,0,0,19
2024-03-18 00:00:00,6,0,11,4,2,0,0,23
2024-03-18 00:10:00,6,0,6,3,0,0,0,15
2024-03-18 00:20:00,2,0,3,5,0,0,0,10
2024-03-18 00:30:00,5,0,13,4,0,0,0,22
2024-03-18 00:40:00,4,0,3,3,1,0,0,11
2024-03-18 00:50:00,4,0,3,2,1,0,0,10
2024-03-18 01:00:00,2,0,8,4,0,0,0,14
2024-03-18 01:10:00,2,0,14,4,1,0,0,21
2024-03-18 01:20:00,2,0,5,3,0,0,0,10
2024-03-18 01:30:00,0,0,8,0,0,0,0,8
2024-03-18 01:40:00,2,0,5,3,0,0,0,10
2024-03-18 01:50:00,0,0,1,1,0,0,0,2
2024-03-18 02:00:00,1,0,3,4,0,0,0,8
2024-03-18 02:10:00,4,0,1,6,0,0,0,11
2024-03-18 02:20:00,0,1,5,2,0,0,0,8
2024-03-18 02:30:00,1,0,2,5,1,0,0,9
2024-03-18 02:40:00,0,0,3,2,0,0,0,5
2024-03-18 02:50:00,0,1,7,0,0,0,0,8
2024-03-18 03:00:00,1,0,3,2,1,0,0,7
2024-03-18 03:10:00,0,0,9,2,2,0,0,13
2024-03-18 03:20:00,3,0,7,2,0,0,0,12
2024-03-18 03:30:00,0,0,1,1,0,0,0,2
2024-03-18 03:40:00,2,0,2,3,0,0,0,7
2024-03-18 03:50:00,0,1,6,2,0,0,0,9
2024-03-18 04:00:00,7,1,5,4,0,0,0,17
2024-03-18 04:10:00,3,0,9,3,1,0,0,16
2024-03-18 04:20:00,0,0,7,6,0,0,0,13
2024-03-18 04:30:00,4,0,9,5,1,0,0,19
2024-03-18 04:40:00,4,5,12,10,0,0,0,31
2024-03-18 04:50:00,1,2,14,9,0,0,0,26
2024-03-18 05:00:00,7,2,24,19,2,0,0,54
2024-03-18 05:10:00,8,3,19,13,2,0,0,45
2024-03-18 05:20:00,11,2,33,31,5,0,0,82
2024-03-18 05:30:00,12,0,29,25,3,0,0,69
2024-03-18 05:40:00,16,1,35,19,3,0,0,74
2024-03-18 05:50:00,11,0,42,34,5,0,0,92
2024-03-18 06:00:00,9,2,47,55,6,0,0,119
2024-03-18 06:10:00,12,2,40,49,3,0,0,106
2024-03-18 06:20:00,8,6,67,59,10,0,0,150
2024-03-18 06:30:00,18,7,57,48,8,0,0,138
2024-03-18 06:40:00,20,14,53,72,8,0,0,167
2024-03-18 06:50:00,21,11,58,55,12,0,0,157
2024-03-18 07:00:00,24,13,77,66,14,0,0,194
2024-03-18 07:10:00,20,16,79,68,16,0,0,199
2024-03-18 07:20:00,25,14,58,68,15,0,0,180
2024-03-18 07:30:00,17,15,86,84,22,0,0,224
2024-03-18 07:40:00,21,25,58,76,14,0,0,194
2024-03-18 07:50:00,17,23,51,62,24,0,0,177
2024-03-18 08:00:00,20,22,58,61,24,0,0,185
2024-03-18 08:10:00,13,20,55,66,29,0,0,183
2024-03-18 08:20:00,25,17,61,68,23,0,0,194
2024-03-18 08:30:00,22,24,52,74,18,0,0,190
2024-03-18 08:40:00,22,24,58,70,24,0,0,198
2024-03-18 08:50:00,26,19,54,59,21,0,0,179
2024-03-18 09:00:00,24,14,67,69,30,0,0,204
2024-03-18 09:10:00,29,22,69,61,26,0,0,207
2024-03-18 09:20:00,23,18,63,49,15,0,0,168
2024-03-18 09:30:00,22,18,67,53,25,0,0,185
2024-03-18 09:40:00,9,15,49,60,27,0,0,160
2024-03-18 09:50:00,9,15,68,48,30,0,0,170
2024-03-18 10:00:00,21,14,70,47,17,0,0,169
2024-03-18 10:10:00,21,11,59,42,27,0,0,160
2024-03-18 10:20:00,12,10,70,44,25,0,0,161
2024-03-18 10:30:00,23,9,57,54,23,0,0,166
2024-03-18 10:40:00,18,9,63,42,22,0,0,154
2024-03-18 10:50:00,22,12,63,42,17,0,0,156
2024-03-18 11:00:00,18,12,62,65,17,0,0,174
2024-03-18 11:10:00,14,10,50,47,23,0,0,144
2024-03-18 11:20:00,24,13,53,45,19,0,0,154
2024-03-18 11:30:00,15,13,62,44,26,0,0,160
2024-03-18 11:40:00,22,9,68,47,21,0,0,167
2024-03-18 11:50:00,21,13,57,48,21,0,0,160
2024-03-18 12:00:00,18,6,63,54,22,0,0,163
2024-03-18 12:10:00,16,7,63,52,34,0,0,172
2024-03-18 12:20:00,14,14,55,56,20,0,0,159
2024-03-18 12:30:00,21,13,66,50,16,0,0,166
2024-03-18 12:40:00,16,9,72,56,26,0,0,179
2024-03-18 12:50:00,19,10,73,56,16,0,0,174
2024-03-18 13:00:00,21,11,55,47,20,0,0,154
2024-03-18 13:10:00,22,11,62,44,16,0,0,155
2024-03-18 13:20:00,22,11,61,47,15,0,0,156
2024-03-18 13:30:00,22,8,60,44,14,0,0,148
2024-03-18 13:40:00,20,13,54,52,30,0,0,169
2024-03-18 13:50:00,29,8,73,47,23,0,0,180
2024-03-18 14:00:00,24,13,71,52,20,0,0,180
2024-03-18 14:10:00,16,14,62,53,24,0,0,169
2024-03-18 14:20:00,17,9,65,51,23,0,0,165
2024-03-18 14:30:00,19,10,63,52,26,0,0,170
2024-03-18 14:40:00,26,19,68,59,32,0,0,204
2024-03-18 14:50:00,21,7,74,56,28,0,0,186
2024-03-18 15:00:00,23,15,71,53,28,0,0,190
2024-03-18 15:10:00,20,14,68,59,22,0,0,183
2024-03-18 15:20:00,14,8,69,56,28,0,0,175
2024-03-18 15:30:00,25,10,57,43,16,0,0,151
2024-03-18 15:40:00,23,16,62,55,19,0,0,175
2024-03-18 15:50:00,29,18,60,63,27,0,0,197
2024-03-18 16:00:00,29,11,73,48,24,0,0,185
2024-03-18 16:10:00,23,17,62,61,18,0,0,181
2024-03-18 16:20:00,24,19,73,50,19,0,0,185
2024-03-18 16:30:00,22,15,77,60,14,0,0,188
2024-03-18 16:40:00,23,23,55,55,16,0,0,172
2024-03-18 16:50:00,21,17,49,65,22,0,0,174
2024-03-18 17:00:00,26,11,53,60,15,0,0,165
2024-03-18 17:10:00,30,14,51,68,20,0,0,183
2024-03-18 17:20:00,26,8,51,57,18,0,0,160
2024-03-18 17:30:00,21,10,51,61,20,0,0,163
2024-03-18 17:40:00,26,4,69,54,14,0,0,167
2024-03-18 17:50:00,14,9,53,55,18,0,0,149
2024-03-18 18:00:00,13,15,51,49,16,0,0,144
2024-03-18 18:10:00,19,9,51,48,20,0,0,147
2024-03-18 18:20:00,18,9,69,47,11,0,0,154
2024-03-18 18:30:00,18,8,45,44,13,0,0,128
2024-03-18 18:40:00,17,10,57,47,13,0,0,144
2024-03-18 18:50:00,29,4,48,33,9,0,0,123
2024-03-18 19:00:00,20,4,55,35,10,0,0,124
2024-03-18 19:10:00,16,1,62,35,11,0,0,125
2024-03-18 19:20:00,22,2,37,26,11,0,0,98
2024-03-18 19:30:00,22,2,38,41,6,0,0,109
2024-03-18 19:40:00,18,4,45,23,10,0,0,100
2024-03-18 19:50:00,20,2,45,25,7,0,0,99
2024-03-18 20:00:00,17,2,43,32,10,0,0,104
2024-03-18 20:10:00,18,5,42,33,10,0,0,108
2024-03-18 20:20:00,11,1,37,27,8,0,0,84
2024-03-18 20:30:00,26,1,26,23,10,0,0,86
2024-03-18 20:40:00,12,3,28,20,3,0,0,66
2024-03-18 20:50:00,16,2,34,26,8,0,0,86
2024-03-18 21:00:00,13,2,23,13,2,0,0,53
2024-03-18 21:10:00,10,0,31,23,2,0,0,66
2024-03-18 21:20:00,6,1,27,17,7,0,0,58
2024-03-18 21:30:00,8,1,22,21,13,0,0,65
2024-03-18 21:40:00,11,1,18,27,9,0,0,66
2024-03-18 21:50:00,13,1,20,22,4,0,0,60
2024-03-18 22:00:00,8,0,24,17,7,0,0,56
2024-03-18 22:10:00,9,1,19,13,2,0,0,44
2024-03-18 22:20:00,8,1,25,16,8,0,0,58
2024-03-18 22:30:00,3,2,19,11,3,0,0,38
2024-03-18 22:40:00,8,0,18,14,6,0,0,46
2024-03-18 22:50:00,7,1,21,8,3,0,0,40
2024-03-18 23:00:00,9,3,13,9,1,0,0,35
2024-03-18 23:10:00,7,2,26,10,2,0,0,47
2024-03-18 23:20:00,1,1,20,5,2,0,0,29
2024-03-18 23:30:00,9,0,18,9,1,0,0,37
2024-03-18 23:40:00,9,0,11,3,5,0,0,28
2024-03-18 23:50:00,4,1,12,6,1,0,0,24
2024-03-19 00:00:00,1,0,13,4,1,0,0,19
2024-03-19 00:10:00,3,0,10,5,1,0,0,19
2024-03-19 00:20:00,5,0,9,2,3,0,0,19
2024-03-19 00:30:00,1,0,8,4,1,0,0,14
2024-03-19 00:40:00,4,1,8,0,3,0,0,16
2024-03-19 00:50:00,0,0,5,2,0,0,0,7
2024-03-19 01:00:00,3,1,11,3,0,0,0,18
2024-03-19 01:10:00,5,0,4,0,0,0,0,9
2024-03-19 01:20:00,3,0,5,2,1,0,0,11
2024-03-19 01:30:00,2,0,10,2,1,0,0,15
2024-03-19 01:40:00,2,0,7,2,1,0,0,12
2024-03-19 01:50:00,3,0,8,1,1,0,0,13
2024-03-19 02:00:00,1,1,5,0,1,0,0,8
2024-03-19 02:10:00,1,0,4,2,0,0,0,7
2024-03-19 02:20:00,0,0,8,3,0,0,0,11
2024-03-19 02:30:00,6,0,1,3,0,0,0,10
2024-03-19 02:40:00,2,1,5,2,0,0,0,10
2024-03-19 02:50:00,1,0,9,1,0,0,0,11
2024-03-19 03:00:00,1,0,4,3,1,0,0,9
2024-03-19 03:10:00,2,0,4,1,0,0,0,7
2024-03-19 03:20:00,2,0,5,2,1,0,0,10
2024-03-19 03:30:00,1,0,4,2,1,0,0,8
2024-03-19 03:40:00,2,0,4,2,0,0,0,8
2024-03-19 03:50:00,0,0,5,3,0,0,0,8
2024-03-19 04:00:00,4,0,8,3,0,0,0,15
2024-03-19 04:10:00,2,0,8,5,0,0,0,15
2024-03-19 04:20:00,0,1,7,1,1,0,0,10
2024-03-19 04:30:00,2,0,10,8,1,0,0,21
2024-03-19 04:40:00,3,3,13,5,0,0,0,24
2024-03-19 04:50:00,2,0,15,6,1,0,0,24
2024-03-19 05:00:00,6,1,9,13,1,0,0,30
2024-03-19 05:10:00,3,2,22,12,3,0,0,42
2024-03-19 05:20:00,8,3,30,26,5,0,0,72
2024-03-19 05:30:00,15,0,33,41,3,0,0,92
2024-03-19 05:40:00,9,3,40,39,4,0,0,95
2024-03-19 05:50:00,15,1,42,40,4,0,0,102
2024-03-19 06:00:00,6,4,57,48,7,0,0,122
2024-03-19 06:10:00,5,4,49,58,8,0,0,124
2024-03-19 06:20:00,8,9,68,69,5,0,0,159
2024-03-19 06:30:00,12,5,69,65,14,0,0,165
2024-03-19 06:40:00,19,13,80,78,11,0,0,201
2024-03-19 06:50:00,19,10,67,67,13,0,0,176
2024-03-19 07:00:00,24,8,77,47,9,0,0,165
2024-03-19 07:10:00,17,17,70,52,18,0,0,174
2024-03-19 07:20:00,24,14,57,76,8,0,0,179
2024-03-19 07:30:00,14,14,73,53,15,0,0,169
2024-03-19 07:40:00,24,18,44,57,12,0,0,155
2024-03-19 07:50:00,17,22,53,65,25,0,0,182
2024-03-19 08:00:00,27,20,63,74,25,0,0,209
2024-03-19 08:10:00,18,17,51,81,15,0,0,182
2024-03-19 08:20:00,25,26,51,66,25,0,0,193
2024-03-19 08:30:00,21,21,50,77,16,0,0,185
2024-03-19 08:40:00,20,28,59,69,32,0,0,208
2024-03-19 08:50:00,23,19,58,50,25,0,0,175
2024-03-19 09:00:00,19,22,58,68,23,0,0,190
2024-03-19 09:10:00,25,12,54,61,22,0,0,174
2024-03-19 09:20:00,24,19,52,55,24,0,0,174
2024-03-19 09:30:00,22,20,80,49,19,0,0,190
2024-03-19 09:40:00,24,12,47,57,18,0,0,158
2024-03-19 09:50:00,23,21,79,45,18,0,0,186
2024-03-19 10:00:00,21,12,61,52,17,0,0,163
2024-03-19 10:10:00,28,19,65,50,23,0,0,185
2024-03-19 10:20:00,27,9,23,21,13,0,0,93
2024-03-19 10:30:00,31,5,19,21,12,0,0,88
2024-03-19 10:40:00,25,5,70,52,33,0,0,185
2024-03-19 10:50:00,17,14,60,43,25,0,0,159
2024-03-19 11:00:00,18,9,69,56,20,0,0,172
2024-03-19 11:10:00,15,6,59,51,25,0,0,156
2024-03-19 11:20:00,16,10,76,50,21,0,0,173
2024-03-19 11:30:00,20,6,68,52,22,0,0,168
2024-03-19 11:40:00,23,14,76,47,19,0,0,179
2024-03-19 11:50:00,21,23,74,51,17,0,0,186
2024-03-19 12:00:00,29,12,71,50,16,0,0,178
2024-03-19 12:10:00,24,17,87,55,26,0,0,209
2024-03-19 12:20:00,19,15,65,66,18,0,0,183
2024-03-19 12:30:00,18,10,72,46,27,0,0,173
2024-03-19 12:40:00,31,16,69,54,27,0,0,197
2024-03-19 12:50:00,24,17,77,53,15,0,0,186
2024-03-19 13:00:00,22,13,67,55,14,0,0,171
2024-03-19 13:10:00,22,16,66,57,15,0,0,176
2024-03-19 13:20:00,18,18,77,60,25,0,0,198
2024-03-19 13:30:00,27,19,77,53,20,0,0,196
2024-03-19 13:40:00,28,13,63,50,20,0,0,174
2024-03-19 13:50:00,23,14,64,44,13,0,0,158
2024-03-19 14:00:00,21,11,63,53,21,0,0,169
2024-03-19 14:10:00,19,17,80,51,18,0,0,185
2024-03-19 14:20:00,18,15,63,63,21,0,0,180
2024-03-19 14:30:00,31,15,67,50,22,0,0,185
2024-03-19 14:40:00,27,9,64,49,23,0,0,172
2024-03-19 14:50:00,17,16,67,38,16,0,0,154
2024-03-19 15:00:00,17,18,66,61,23,0,0,185
2024-03-19 15:10:00,30,10,65,44,25,0,0,174
2024-03-19 15:20:00,32,10,70,55,17,0,0,184
2024-03-19 15:30:00,23,17,63,47,22,0,0,172
2024-03-19 15:40:00,23,23,55,57,21,0,0,179
2024-03-19 15:50:00,24,16,55,54,18,0,0,167
2024-03-19 16:00:00,15,15,61,57,27,0,0,175
2024-03-19 16:10:00,25,13,69,54,20,0,0,181
2024-03-19 16:20:00,23,20,51,62,27,0,0,183
2024-03-19 16:30:00,30,13,48,62,21,0,0,174
2024-03-19 16:40:00,24,15,59,41,17,0,0,156
2024-03-19 16:50:00,19,18,50,66,24,0,0,177
2024-03-19 17:00:00,17,10,52,57,22,0,0,158
2024-03-19 17:10:00,26,13,59,63,19,0,0,180
2024-03-19 17:20:00,39,12,48,72,21,0,0,192
2024-03-19 17:30:00,24,18,53,59,19,0,0,173
2024-03-19 17:40:00,19,17,57,68,18,0,0,179
2024-03-19 17:50:00,24,14,51,63,16,0,0,168
2024-03-19 18:00:00,20,17,44,68,25,0,0,174
2024-03-19 18:10:00,14,12,52,59,19,0,0,156
2024-03-19 18:20:00,19,17,61,55,22,0,0,174
2024-03-19 18:30:00,29,8,53,44,15,0,0,149
2024-03-19 18:40:00,18,9,61,48,15,0,0,151
2024-03-19 18:50:00,26,1,56,48,11,0,0,142
2024-03-19 19:00:00,22,3,56,35,8,0,0,124
2024-03-19 19:10:00,24,7,51,36,11,0,0,129
2024-03-19 19:20:00,16,2,50,33,11,0,0,112
2024-03-19 19:30:00,20,2,37,30,16,0,0,105
2024-03-19 19:40:00,21,3,47,26,17,0,0,114
2024-03-19 19:50:00,18,7,41,26,11,0,0,103
2024-03-19 20:00:00,20,2,56,42,10,0,0,130
2024-03-19 20:10:00,16,0,43,31,17,0,0,107
2024-03-19 20:20:00,15,0,44,27,13,0,0,99
2024-03-19 20:30:00,15,5,34,16,6,0,0,76
2024-03-19 20:40:00,16,5,37,23,7,0,0,88
2024-03-19 20:50:00,16,1,46,24,9,0,0,96
2024-03-19 21:00:00,9,2,46,36,23,0,0,116
2024-03-19 21:10:00,15,2,42,30,8,0,0,97
2024-03-19 21:20:00,15,1,27,15,7,0,0,65
2024-03-19 21:30:00,4,0,37,24,12,0,0,77
2024-03-19 21:40:00,11,1,35,25,6,0,0,78
2024-03-19 21:50:00,11,1,32,31,8,0,0,83
2024-03-19 22:00:00,8,0,26,23,5,0,0,62
2024-03-19 22:10:00,13,2,17,10,7,0,0,49
2024-03-19 22:20:00,8,0,25,16,4,0,0,53
2024-03-19 22:30:00,4,1,18,12,4,0,0,39
2024-03-19 22:40:00,8,0,28,15,5,0,0,56
2024-03-19 22:50:00,9,4,14,6,0,0,0,33
2024-03-19 23:00:00,6,0,18,12,0,0,0,36
2024-03-19 23:10:00,8,4,14,13,1,0,0,40
2024-03-19 23:20:00,1,0,18,12,2,0,0,33
2024-03-19 23:30:00,10,1,10,8,2,0,0,31
2024-03-19 23:40:00,10,0,14,10,1,0,0,35
2024-03-19 23:50:00,6,1,12,5,2,0,0,26
2024-03-20 00:00:00,1,0,10,7,2,0,0,20
2024-03-20 00:10:00,7,0,12,7,3,0,0,29
2024-03-20 00:20:00,2,0,11,6,1,0,0,20
2024-03-20 00:30:00,1,0,8,7,1,0,0,17
2024-03-20 00:40:00,1,0,4,5,3,0,0,13
2024-03-20 00:50:00,5,0,10,3,3,0,0,21
2024-03-20 01:00:00,1,0,10,7,1,0,0,19
2024-03-20 01:10:00,0,0,6,1,2,0,0,9
2024-03-20 01:20:00,3,0,8,3,1,0,0,15
2024-03-20 01:30:00,1,0,4,1,2,0,0,8
2024-03-20 01:40:00,1,0,2,2,1,0,0,6
2024-03-20 01:50:00,2,0,7,0,1,0,0,10
2024-03-20 02:00:00,0,1,6,1,0,0,0,8
2024-03-20 02:10:00,3,1,2,4,1,0,0,11
2024-03-20 02:20:00,0,1,2,3,0,0,0,6
2024-03-20 02:30:00,1,0,6,0,1,0,0,8
2024-03-20 02:40:00,0,0,5,8,0,0,0,13
2024-03-20 02:50:00,0,0,2,1,0,0,0,3
2024-03-20 03:00:00,4,0,3,1,0,0,0,8
2024-03-20 03:10:00,0,0,7,2,0,0,0,9
2024-03-20 03:20:00,4,0,6,3,1,0,0,14
2024-03-20 03:30:00,2,0,2,0,0,0,0,4
2024-03-20 03:40:00,3,1,5,5,2,0,0,16
2024-03-20 03:50:00,0,0,4,0,0,0,0,4
2024-03-20 04:00:00,0,0,5,3,0,0,0,8
2024-03-20 04:10:00,3,0,11,7,1,0,0,22
2024-03-20 04:20:00,4,0,4,6,0,0,0,14
2024-03-20 04:30:00,0,0,6,11,1,0,0,18
2024-03-20 04:40:00,2,2,13,2,2,0,0,21
2024-03-20 04:50:00,4,1,15,7,2,0,0,29
2024-03-20 05:00:00,4,0,13,12,2,0,0,31
2024-03-20 05:10:00,8,0,16,17,2,0,0,43
2024-03-20 05:20:00,11,0,25,27,3,0,0,66
2024-03-20 05:30:00,17,0,33,36,3,0,0,89
2024-03-20 05:40:00,17,2,33,28,2,0,0,82
2024-03-20 05:50:00,25,4,44,32,4,0,0,109
2024-03-20 06:00:00,12,1,62,40,13,0,0,128
2024-03-20 06:10:00,8,3,53,49,9,0,0,122
2024-03-20 06:20:00,11,6,70,59,6,0,0,152
2024-03-20 06:30:00,13,5,59,49,10,0,0,136
2024-03-20 06:40:00,18,14,85,86,20,0,0,223
2024-03-20 06:50:00,21,7,64,70,12,0,0,174
2024-03-20 07:00:00,19,10,80,74,16,0,0,199
2024-03-20 07:10:00,22,13,75,82,20,0,0,212
2024-03-20 07:20:00,17,15,70,70,15,0,0,187
2024-03-20 07:30:00,19,8,87,70,17,0,0,201
2024-03-20 07:40:00,19,9,62,75,15,0,0,180
2024-03-20 07:50:00,20,13,77,85,23,0,0,218
2024-03-20 08:00:00,21,19,58,68,22,0,0,188
2024-03-20 08:10:00,23,24,71,72,19,0,0,209
2024-03-20 08:20:00,27,16,50,77,28,0,0,198
2024-03-20 08:30:00,25,18,60,64,15,0,0,182
2024-03-20 08:40:00,20,18,52,74,31,0,0,195
2024-03-20 08:50:00,21,21,61,54,26,0,0,183
2024-03-20 09:00:00,16,12,57,65,28,0,0,178
2024-03-20 09:10:00,28,21,72,58,27,0,0,206
2024-03-20 09:20:00,24,19,61,58,20,0,0,182
2024-03-20 09:30:00,30,21,65,55,27,0,0,198
2024-03-20 09:40:00,30,23,56,50,21,0,0,180
2024-03-20 09:50:00,37,22,73,63,18,0,0,213
2024-03-20 10:00:00,22,16,71,45,20,0,0,174
2024-03-20 10:10:00,27,6,65,49,29,0,0,176
2024-03-20 10:20:00,27,14,67,37,26,0,0,171
2024-03-20 10:30:00,21,20,81,38,24,0,0,184
2024-03-20 10:40:00,5,14,51,54,33,0,0,157
2024-03-20 10:50:00,0,14,50,47,21,0,0,132
2024-03-20 11:00:00,1,15,71,42,19,0,0,148
2024-03-20 11:10:00,17,13,60,46,20,0,0,156
2024-03-20 11:20:00,17,15,63,63,19,0,0,177
2024-03-20 11:30:00,27,15,51,49,15,0,0,157
2024-03-20 11:40:00,30,11,64,46,23,0,0,174
2024-03-20 11:50:00,27,18,70,58,15,0,0,188
2024-03-20 12:00:00,15,14,70,39,26,0,0,164
2024-03-20 12:10:00,38,22,67,59,23,0,0,209
2024-03-20 12:20:00,9,19,68,60,23,0,0,179
2024-03-20 12:30:00,17,14,84,53,19,0,0,187
2024-03-20 12:40:00,23,21,67,58,22,0,0,191
2024-03-20 12:50:00,23,18,62,54,17,0,0,174
2024-03-20 13:00:00,25,17,56,54,16,0,0,168
2024-03-20 13:10:00,22,21,61,53,13,0,0,170
2024-03-20 13:20:00,25,18,70,58,14,0,0,185
2024-03-20 13:30:00,34,16,57,43,17,0,0,167
2024-03-20 13:40:00,28,12,69,56,26,0,0,191
2024-03-20 13:50:00,24,30,69,36,21,0,0,180
2024-03-20 14:00:00,19,23,58,40,19,0,0,159
2024-03-20 14:10:00,16,19,69,61,16,0,0,181
2024-03-20 14:20:00,19,14,68,53,16,0,0,170
2024-03-20 14:30:00,27,20,64,40,25,0,0,176
2024-03-20 14:40:00,31,22,71,57,22,0,0,203
2024-03-20 14:50:00,33,15,70,38,16,0,0,172
2024-03-20 15:00:00,27,16,68,60,26,0,0,197
2024-03-20 15:10:00,34,20,62,58,24,0,0,198
2024-03-20 15:20:00,26,13,64,46,14,0,0,163
2024-03-20 15:30:00,24,11,55,49,16,0,0,155
2024-03-20 15:40:00,30,17,68,65,26,0,0,206
2024-03-20 15:50:00,26,20,66,49,20,0,0,181
2024-03-20 16:00:00,24,15,69,60,22,0,0,190
2024-03-20 16:10:00,23,21,59,55,18,0,0,176
2024-03-20 16:20:00,19,17,45,68,21,0,0,170
2024-03-20 16:30:00,26,24,51,67,18,0,0,186
2024-03-20 16:40:00,27,20,46,60,25,0,0,178
2024-03-20 16:50:00,19,23,53,64,28,0,0,187
2024-03-20 17:00:00,22,13,45,69,17,0,0,166
2024-03-20 17:10:00,26,19,36,78,17,0,0,176
2024-03-20 17:20:00,24,15,57,65,26,0,0,187
2024-03-20 17:30:00,20,12,56,60,12,0,0,160
2024-03-20 17:40:00,34,19,56,52,22,0,0,183
2024-03-20 17:50:00,14,12,59,31,18,0,0,134
2024-03-20 18:00:00,19,10,65,61,22,0,0,177
2024-03-20 18:10:00,26,13,52,45,21,0,0,157
2024-03-20 18:20:00,20,14,74,47,12,0,0,167
2024-03-20 18:30:00,14,16,67,57,21,0,0,175
2024-03-20 18:40:00,27,14,57,54,15,0,0,167
2024-03-20 18:50:00,23,10,62,49,15,0,0,159
2024-03-20 19:00:00,14,2,64,37,12,0,0,129
2024-03-20 19:10:00,25,1,57,51,17,0,0,151
2024-03-20 19:20:00,23,6,50,29,10,0,0,118
2024-03-20 19:30:00,23,4,62,41,11,0,0,141
2024-03-20 19:40:00,32,2,46,30,14,0,0,124
2024-03-20 19:50:00,18,4,50,36,10,0,0,118
2024-03-20 20:00:00,23,1,52,45,7,0,0,128
2024-03-20 20:10:00,19,1,54,36,16,0,0,126
2024-03-20 20:20:00,15,2,43,22,14,0,0,96
2024-03-20 20:30:00,15,0,42,28,7,0,0,92
2024-03-20 20:40:00,19,3,44,32,12,0,0,110
2024-03-20 20:50:00,22,2,39,24,6,0,0,93
2024-03-20 21:00:00,12,1,41,30,5,0,0,89
2024-03-20 21:10:00,6,1,38,26,5,0,0,76
2024-03-20 21:20:00,7,4,39,37,4,0,0,91
2024-03-20 21:30:00,16,1,39,33,5,0,0,94
2024-03-20 21:40:00,14,2,34,32,7,0,0,89
2024-03-20 21:50:00,11,1,26,25,4,0,0,67
2024-03-20 22:00:00,6,1,37,21,5,0,0,70
2024-03-20 22:10:00,17,1,31,16,4,0,0,69
2024-03-20 22:20:00,6,0,31,25,6,0,0,68
2024-03-20 22:30:00,6,1,34,18,5,0,0,64
2024-03-20 22:40:00,11,0,30,13,2,0,0,56
2024-03-20 22:50:00,7,0,21,12,8,0,0,48
2024-03-20 23:00:00,13,0,20,12,2,0,0,47
2024-03-20 23:10:00,7,1,20,16,3,0,0,47
2024-03-20 23:20:00,6,1,21,15,3,0,0,46
2024-03-20 23:30:00,5,0,14,12,1,0,0,32
2024-03-20 23:40:00,4,0,12,3,1,0,0,20
2024-03-20 23:50:00,2,0,11,10,1,0,0,24
2024-03-21 00:00:00,8,0,10,3,2,0,0,23
2024-03-21 00:10:00,4,1,11,6,1,0,0,23
2024-03-21 00:20:00,5,0,10,5,3,0,0,23
2024-03-21 00:30:00,8,0,13,5,0,0,0,26
2024-03-21 00:40:00,3,0,8,2,1,0,0,14
2024-03-21 00:50:00,8,0,8,1,0,0,0,17
2024-03-21 01:00:00,1,0,5,2,0,0,0,8
2024-03-21 01:10:00,4,0,10,3,0,0,0,17
2024-03-21 01:20:00,2,0,4,3,1,0,0,10
2024-03-21 01:30:00,2,1,6,2,1,0,0,12
2024-03-21 01:40:00,0,0,6,1,0,0,0,7
2024-03-21 01:50:00,2,1,4,0,0,0,0,7
2024-03-21 02:00:00,3,0,9,2,0,0,0,14
2024-03-21 02:10:00,1,0,4,4,1,0,0,10
2024-03-21 02:20:00,3,0,1,2,0,0,0,6
2024-03-21 02:30:00,2,0,5,4,0,0,0,11
2024-03-21 02:40:00,0,0,4,0,3,0,0,7
2024-03-21 02:50:00,3,0,7,0,1,0,0,11
2024-03-21 03:00:00,2,0,4,3,3,0,0,12
2024-03-21 03:10:00,0,1,12,0,0,0,0,13
2024-03-21 03:20:00,0,0,5,3,1,0,0,9
2024-03-21 03:30:00,1,1,3,4,0,0,0,9
2024-03-21 03:40:00,5,0,4,2,1,0,0,12
2024-03-21 03:50:00,1,0,4,1,1,0,0,7
2024-03-21 04:00:00,0,1,5,3,0,0,0,9
2024-03-21 04:10:00,3,1,7,5,0,0,0,16
2024-03-21 04:20:00,0,1,10,5,0,0,0,16
2024-03-21 04:30:00,3,0,4,8,1,0,0,16
2024-03-21 04:40:00,4,3,10,13,1,0,0,31
2024-03-21 04:50:00,1,2,16,8,2,0,0,29
2024-03-21 05:00:00,4,0,9,17,4,0,0,34
2024-03-21 05:10:00,3,1,16,11,0,0,0,31
2024-03-21 05:20:00,9,0,25,20,3,0,0,57
2024-03-21 05:30:00,14,1,36,28,3,0,0,82
2024-03-21 05:40:00,19,3,39,31,2,0,0,94
2024-03-21 05:50:00,10,1,47,36,9,0,0,103
2024-03-21 06:00:00,12,1,53,40,7,0,0,113
2024-03-21 06:10:00,8,3,48,45,5,0,0,109
2024-03-21 06:20:00,16,12,86,65,6,0,0,185
2024-03-21 06:30:00,10,7,71,42,10,0,0,140
2024-03-21 06:40:00,18,6,77,63,8,0,0,172
2024-03-21 06:50:00,20,11,77,63,11,0,0,182
2024-03-21 07:00:00,22,17,83,68,18,0,0,208
2024-03-21 07:10:00,18,16,77,73,14,0,0,198
2024-03-21 07:20:00,21,21,61,60,11,0,0,174
2024-03-21 07:30:00,22,13,74,80,8,0,0,197
2024-03-21 07:40:00,19,22,49,72,17,0,0,179
2024-03-21 07:50:00,28,15,62,73,22,0,0,200
2024-03-21 08:00:00,27,17,67,58,26,0,0,195
2024-03-21 08:10:00,24,16,68,67,17,0,0,192
2024-03-21 08:20:00,23,16,88,64,19,0,0,210
2024-03-21 08:30:00,27,23,64,60,19,0,0,193
2024-03-21 08:40:00,27,24,64,68,22,0,0,205
2024-03-21 08:50:00,24,22,53,69,25,0,0,193
2024-03-21 09:00:00,23,13,63,63,18,0,0,180
2024-03-21 09:10:00,26,16,64,60,24,0,0,190
2024-03-21 09:20:00,26,13,67,65,15,0,0,186
2024-03-21 09:30:00,30,13,63,52,19,0,0,177
2024-03-21 09:40:00,24,14,51,44,25,0,0,158
2024-03-21 09:50:00,25,14,66,61,26,0,0,192
2024-03-21 10:00:00,22,11,64,45,23,0,0,165
2024-03-21 10:10:00,27,12,76,42,20,0,0,177
2024-03-21 10:20:00,32,10,61,52,18,0,0,173
2024-03-21 10:30:00,24,14,76,45,17,0,0,176
2024-03-21 10:40:00,18,14,66,60,19,0,0,177
2024-03-21 10:50:00,21,6,83,64,16,0,0,190
2024-03-21 11:00:00,24,16,69,41,19,0,0,169
2024-03-21 11:10:00,22,12,71,41,19,0,0,165
2024-03-21 11:20:00,18,16,56,44,18,0,0,152
2024-03-21 11:30:00,24,9,63,53,22,0,0,171
2024-03-21 11:40:00,39,13,80,49,20,0,0,201
2024-03-21 11:50:00,19,11,82,41,16,0,0,169
2024-03-21 12:00:00,21,13,70,43,17,0,0,164
2024-03-21 12:10:00,19,19,55,74,22,0,0,189
2024-03-21 12:20:00,28,12,68,47,14,0,0,169
2024-03-21 12:30:00,27,10,73,49,24,0,0,183
2024-03-21 12:40:00,15,12,61,50,22,0,0,160
2024-03-21 12:50:00,27,12,58,49,12,0,0,158
2024-03-21 13:00:00,22,15,69,43,22,0,0,171
2024-03-21 13:10:00,23,11,64,61,17,0,0,176
2024-03-21 13:20:00,17,17,74,51,15,0,0,174
2024-03-21 13:30:00,27,12,57,52,18,0,0,166
2024-03-21 13:40:00,14,17,61,62,32,0,0,186
2024-03-21 13:50:00,15,16,57,47,22,0,0,157
2024-03-21 14:00:00,20,14,70,48,14,0,0,166
2024-03-21 14:10:00,23,15,68,52,23,0,0,181
2024-03-21 14:20:00,25,13,59,50,22,0,0,169
2024-03-21 14:30:00,24,16,59,40,17,0,0,156
2024-03-21 14:40:00,24,14,71,52,17,0,0,178
2024-03-21 14:50:00,27,24,62,43,14,0,0,170
2024-03-21 15:00:00,36,19,73,50,24,0,0,202
2024-03-21 15:10:00,26,31,67,52,19,0,0,195
2024-03-21 15:20:00,21,20,61,46,22,0,0,170
2024-03-21 15:30:00,34,12,71,49,18,0,0,184
2024-03-21 15:40:00,19,28,61,51,16,0,0,175
2024-03-21 15:50:00,30,18,60,50,27,0,0,185
2024-03-21 16:00:00,26,14,78,45,19,0,0,182
2024-03-21 16:10:00,28,25,43,51,26,0,0,173
2024-03-21 16:20:00,21,20,66,61,20,0,0,188
2024-03-21 16:30:00,26,17,67,70,20,0,0,200
2024-03-21 16:40:00,25,13,48,65,17,0,0,168
2024-03-21 16:50:00,22,24,59,65,26,0,0,196
2024-03-21 17:00:00,20,14,52,65,16,0,0,167
2024-03-21 17:10:00,18,14,47,72,18,0,0,169
2024-03-21 17:20:00,23,14,55,65,20,0,0,177
2024-03-21 17:30:00,26,17,56,58,13,0,0,170
2024-03-21 17:40:00,20,19,64,56,21,0,0,180
2024-03-21 17:50:00,19,9,57,57,16,0,0,158
2024-03-21 18:00:00,16,15,76,59,14,0,0,180
2024-03-21 18:10:00,20,11,75,56,16,0,0,178
2024-03-21 18:20:00,28,8,73,65,23,0,0,197
2024-03-21 18:30:00,16,9,65,51,14,0,0,155
2024-03-21 18:40:00,16,16,70,40,20,0,0,162
2024-03-21 18:50:00,31,7,57,39,16,0,0,150
2024-03-21 19:00:00,19,6,51,35,10,0,0,121
2024-03-21 19:10:00,14,6,48,39,19,0,0,126
2024-03-21 19:20:00,16,3,46,36,9,0,0,110
2024-03-21 19:30:00,15,1,43,33,10,0,0,102
2024-03-21 19:40:00,15,1,49,36,14,0,0,115
2024-03-21 19:50:00,17,0,38,23,9,0,0,87
2024-03-21 20:00:00,27,1,44,42,8,0,0,122
2024-03-21 20:10:00,22,3,49,30,15,0,0,119
2024-03-21 20:20:00,21,3,47,37,12,0,0,120
2024-03-21 20:30:00,11,3,33,32,7,0,0,86
2024-03-21 20:40:00,19,0,47,30,7,0,0,103
2024-03-21 20:50:00,13,0,46,19,4,0,0,82
2024-03-21 21:00:00,8,1,38,22,5,0,0,74
2024-03-21 21:10:00,10,0,46,19,11,0,0,86
2024-03-21 21:20:00,13,2,39,23,3,0,0,80
2024-03-21 21:30:00,15,0,41,27,10,0,0,93
2024-03-21 21:40:00,17,1,31,26,4,0,0,79
2024-03-21 21:50:00,5,1,26,22,7,0,0,61
2024-03-21 22:00:00,12,1,24,24,3,0,0,64
2024-03-21 22:10:00,8,1,33,23,5,0,0,70
2024-03-21 22:20:00,4,1,25,17,6,0,0,53
2024-03-21 22:30:00,10,0,28,11,3,0,0,52
2024-03-21 22:40:00,5,3,30,15,6,0,0,59
2024-03-21 22:50:00,7,2,24,13,3,0,0,49
2024-03-21 23:00:00,4,0,18,10,7,0,0,39
2024-03-21 23:10:00,4,4,23,24,7,0,0,62
2024-03-21 23:20:00,4,0,19,10,3,0,0,36
2024-03-21 23:30:00,9,0,19,10,5,0,0,43
2024-03-21 23:40:00,7,1,16,10,2,0,0,36
2024-03-21 23:50:00,2,2,12,5,2,0,0,23
2024-03-22 00:00:00,3,0,12,9,2,0,0,26
2024-03-22 00:10:00,4,0,17,12,1,0,0,34
2024-03-22 00:20:00,2,0,12,8,4,0,0,26
2024-03-22 00:30:00,5,0,8,6,3,0,0,22
2024-03-22 00:40:00,5,0,8,5,0,0,0,18
2024-03-22 00:50:00,2,0,12,3,1,0,0,18
2024-03-22 01:00:00,0,2,8,2,1,0,0,13
2024-03-22 01:10:00,1,0,9,5,1,0,0,16
2024-03-22 01:20:00,6,0,3,2,0,0,0,11
2024-03-22 01:30:00,0,0,12,4,1,0,0,17
2024-03-22 01:40:00,1,0,7,1,0,0,0,9
2024-03-22 01:50:00,3,0,6,1,2,0,0,12
2024-03-22 02:00:00,0,0,7,2,0,0,0,9
2024-03-22 02:10:00,1,0,6,8,1,0,0,16
2024-03-22 02:20:00,2,0,5,4,1,0,0,12
2024-03-22 02:30:00,5,0,12,2,1,0,0,20
2024-03-22 02:40:00,2,0,4,2,0,0,0,8
2024-03-22 02:50:00,1,0,6,3,0,0,0,10
2024-03-22 03:00:00,0,0,5,1,0,0,0,6
2024-03-22 03:10:00,0,1,5,3,0,0,0,9
2024-03-22 03:20:00,1,0,2,7,0,0,0,10
2024-03-22 03:30:00,2,0,5,4,0,0,0,11
2024-03-22 03:40:00,2,1,1,1,0,0,0,5
2024-03-22 03:50:00,0,0,4,1,0,0,0,5
2024-03-22 04:00:00,1,2,7,5,2,0,0,17
2024-03-22 04:10:00,5,0,9,6,0,0,0,20
2024-03-22 04:20:00,0,0,6,5,0,0,0,11
2024-03-22 04:30:00,0,1,11,8,1,0,0,21
2024-03-22 04:40:00,0,0,13,7,1,0,0,21
2024-03-22 04:50:00,2,1,15,9,2,0,0,29
2024-03-22 05:00:00,7,2,10,7,1,0,0,27
2024-03-22 05:10:00,3,0,19,14,2,0,0,38
2024-03-22 05:20:00,15,1,23,21,3,0,0,63
2024-03-22 05:30:00,15,0,40,29,3,0,0,87
2024-03-22 05:40:00,22,3,28,22,2,0,0,77
2024-03-22 05:50:00,11,0,33,30,3,0,0,77
2024-03-22 06:00:00,6,1,51,31,7,0,0,96
2024-03-22 06:10:00,6,1,46,39,4,0,0,96
2024-03-22 06:20:00,12,7,67,46,11,0,0,143
2024-03-22 06:30:00,13,5,70,49,9,0,0,146
2024-03-22 06:40:00,15,6,63,49,10,0,0,143
2024-03-22 06:50:00,13,12,56,51,17,0,0,149
2024-03-22 07:00:00,20,8,75,67,15,0,0,185
2024-03-22 07:10:00,22,21,73,67,9,0,0,192
2024-03-22 07:20:00,18,12,67,66,14,0,0,177
2024-03-22 07:30:00,24,9,78,80,14,0,0,205
2024-03-22 07:40:00,21,12,63,60,20,0,0,176
2024-03-22 07:50:00,18,18,50,68,24,0,0,178
2024-03-22 08:00:00,18,5,67,55,16,0,0,161
2024-03-22 08:10:00,21,20,79,48,13,0,0,181
2024-03-22 08:20:00,14,19,77,60,21,0,0,191
2024-03-22 08:30:00,32,15,61,45,8,0,0,161
2024-03-22 08:40:00,17,18,64,50,21,0,0,170
2024-03-22 08:50:00,23,15,71,35,20,0,0,164
2024-03-22 09:00:00,18,17,67,52,23,0,0,177
2024-03-22 09:10:00,26,18,64,44,17,0,0,169
2024-03-22 09:20:00,27,13,59,37,22,0,0,158
2024-03-22 09:30:00,20,17,74,36,31,0,0,178
2024-03-22 09:40:00,24,9,73,34,17,0,0,157
2024-03-22 09:50:00,16,16,65,54,24,0,0,175
2024-03-22 10:00:00,23,14,65,37,16,0,0,155
2024-03-22 10:10:00,17,18,70,35,19,0,0,159
2024-03-22 10:20:00,20,17,68,37,15,0,0,157
2024-03-22 10:30:00,28,17,66,44,19,0,0,174
2024-03-22 10:40:00,33,15,71,47,28,0,0,194
2024-03-22 10:50:00,24,8,67,43,18,0,0,160
2024-03-22 11:00:00,33,11,76,41,20,0,0,181
2024-03-22 11:10:00,29,17,70,40,16,0,0,172
2024-03-22 11:20:00,27,14,70,48,23,0,0,182
2024-03-22 11:30:00,19,22,78,55,23,0,0,197
2024-03-22 11:40:00,24,10,69,42,16,0,0,161
2024-03-22 11:50:00,25,18,75,31,15,0,0,164
2024-03-22 12:00:00,26,8,70,43,31,0,0,178
2024-03-22 12:10:00,27,7,76,45,17,0,0,172
2024-03-22 12:20:00,25,9,63,38,14,0,0,149
2024-03-22 12:30:00,20,19,76,46,18,0,0,179
2024-03-22 12:40:00,17,15,66,38,24,0,0,160
2024-03-22 12:50:00,27,16,78,42,22,0,0,185
2024-03-22 13:00:00,26,17,73,53,23,0,0,192
2024-03-22 13:10:00,22,11,63,44,17,0,0,157
2024-03-22 13:20:00,22,10,71,48,18,0,0,169
2024-03-22 13:30:00,32,9,53,44,14,0,0,152
2024-03-22 13:40:00,19,15,58,42,24,0,0,158
2024-03-22 13:50:00,26,14,65,53,12,0,0,170
2024-03-22 14:00:00,24,13,57,36,5,0,0,135
2024-03-22 14:10:00,18,16,71,45,22,0,0,172
2024-03-22 14:20:00,21,11,81,44,15,0,0,172
2024-03-22 14:30:00,19,9,78,54,21,0,0,181
2024-03-22 14:40:00,18,14,58,39,19,0,0,148
2024-03-22 14:50:00,24,18,65,35,11,0,0,153
2024-03-22 15:00:00,18,16,63,44,20,0,0,161
2024-03-22 15:10:00,14,12,59,37,17,0,0,139
2024-03-22 15:20:00,23,15,75,44,16,0,0,173
2024-03-22 15:30:00,14,11,73,35,13,0,0,146
2024-03-22 15:40:00,5,7,70,38,23,0,0,143
2024-03-22 15:50:00,21,14,69,44,18,0,0,166
2024-03-22 16:00:00,19,15,56,43,17,0,0,150
2024-03-22 16:10:00,22,12,57,42,16,0,0,149
2024-03-22 16:20:00,24,9,66,44,10,0,0,153
2024-03-22 16:30:00,17,8,68,47,19,0,0,159
2024-03-22 16:40:00,29,11,66,46,17,0,0,169
2024-03-22 16:50:00,21,16,49,64,21,0,0,171
2024-03-22 17:00:00,19,11,43,65,11,0,0,149
2024-03-22 17:10:00,20,12,57,67,21,0,0,177
2024-03-22 17:20:00,14,9,42,59,17,0,0,141
2024-03-22 17:30:00,24,13,54,56,14,0,0,161
2024-03-22 17:40:00,15,13,49,57,18,0,0,152
2024-03-22 17:50:00,16,9,41,56,16,0,0,138
2024-03-22 18:00:00,16,13,55,53,17,0,0,154
2024-03-22 18:10:00,26,8,64,32,18,0,0,148
2024-03-22 18:20:00,21,8,56,42,12,0,0,139
2024-03-22 18:30:00,12,8,25,34,8,0,0,87
2024-03-22 18:40:00,8,4,21,23,4,0,0,60
2024-03-22 18:50:00,6,1,29,19,3,0,0,58
2024-03-22 19:00:00,12,2,58,41,13,0,0,126
2024-03-22 19:10:00,16,1,61,42,7,0,0,127
2024-03-22 19:20:00,17,1,57,33,8,0,0,116
2024-03-22 19:30:00,14,0,56,38,10,0,0,118
2024-03-22 19:40:00,20,3,36,39,17,0,0,115
2024-03-22 19:50:00,27,4,48,30,11,0,0,120
2024-03-22 20:00:00,14,5,38,28,13,0,0,98
2024-03-22 20:10:00,20,1,53,29,16,0,0,119
2024-03-22 20:20:00,18,1,50,32,16,0,0,117
2024-03-22 20:30:00,14,1,44,22,15,0,0,96
2024-03-22 20:40:00,9,2,41,21,4,0,0,77
2024-03-22 20:50:00,6,1,38,25,8,0,0,78
2024-03-22 21:00:00,17,1,37,20,7,0,0,82
2024-03-22 21:10:00,10,2,29,22,11,0,0,74
2024-03-22 21:20:00,20,1,41,30,7,0,0,99
2024-03-22 21:30:00,16,2,31,16,6,0,0,71
2024-03-22 21:40:00,13,3,35,22,13,0,0,86
2024-03-22 21:50:00,11,1,37,19,14,0,0,82
2024-03-22 22:00:00,11,0,43,18,7,0,0,79
2024-03-22 22:10:00,5,1,25,15,9,0,0,55
2024-03-22 22:20:00,8,2,33,20,8,0,0,71
2024-03-22 22:30:00,6,0,29,12,4,0,0,51
2024-03-22 22:40:00,8,0,29,21,6,0,0,64
2024-03-22 22:50:00,4,0,33,25,3,0,0,65
2024-03-22 23:00:00,9,0,27,21,3,0,0,60
2024-03-22 23:10:00,6,2,19,15,10,0,0,52
2024-03-22 23:20:00,6,0,23,13,1,0,0,43
2024-03-22 23:30:00,7,0,24,12,0,0,0,43
2024-03-22 23:40:00,13,0,30,17,5,0,0,65
2024-03-22 23:50:00,9,1,30,18,4,0,0,62
2024-03-23 00:00:00,8,0,19,11,4,0,0,42
2024-03-23 00:10:00,4,1,17,12,1,0,0,35
2024-03-23 00:20:00,6,0,24,12,2,0,0,44
2024-03-23 00:30:00,11,0,19,10,4,0,0,44
2024-03-23 00:40:00,3,4,26,11,3,0,0,47
2024-03-23 00:50:00,8,0,26,14,2,0,0,50
2024-03-23 01:00:00,6,1,14,3,2,0,0,26
2024-03-23 01:10:00,6,0,17,6,1,0,0,30
2024-03-23 01:20:00,5,0,13,7,0,0,0,25
2024-03-23 01:30:00,3,0,19,6,2,0,0,30
2024-03-23 01:40:00,6,0,9,7,0,0,0,22
2024-03-23 01:50:00,7,0,9,8,3,0,0,27
2024-03-23 02:00:00,3,1,11,5,2,0,0,22
2024-03-23 02:10:00,1,0,9,7,3,0,0,20
2024-03-23 02:20:00,2,0,5,5,1,0,0,13
2024-03-23 02:30:00,2,1,13,1,6,0,0,23
2024-03-23 02:40:00,2,0,9,6,0,0,0,17
2024-03-23 02:50:00,5,0,7,6,0,0,0,18
2024-03-23 03:00:00,2,0,12,3,1,0,0,18
2024-03-23 03:10:00,1,0,8,0,0,0,0,9
2024-03-23 03:20:00,0,1,6,5,1,0,0,13
2024-03-23 03:30:00,0,0,11,4,0,0,0,15
2024-03-23 03:40:00,1,0,7,1,0,0,0,9
2024-03-23 03:50:00,1,0,14,6,0,0,0,21
2024-03-23 04:00:00,4,1,5,3,2,0,0,15
2024-03-23 04:10:00,2,0,8,3,1,0,0,14
2024-03-23 04:20:00,1,0,7,4,0,0,0,12
2024-03-23 04:30:00,2,0,11,6,0,0,0,19
2024-03-23 04:40:00,2,1,7,6,2,0,0,18
2024-03-23 04:50:00,1,0,9,6,0,0,0,16
2024-03-23 05:00:00,1,0,8,7,0,0,0,16
2024-03-23 05:10:00,2,0,16,8,0,0,0,26
2024-03-23 05:20:00,12,0,16,8,1,0,0,37
2024-03-23 05:30:00,11,0,20,7,0,0,0,38
2024-03-23 05:40:00,24,0,20,16,1,0,0,61
2024-03-23 05:50:00,22,2,11,5,1,0,0,41
2024-03-23 06:00:00,1,0,6,12,2,0,0,21
2024-03-23 06:10:00,3,0,12,10,0,0,0,25
2024-03-23 06:20:00,9,2,20,8,3,0,0,42
2024-03-23 06:30:00,10,3,20,10,3,0,0,46
2024-03-23 06:40:00,13,2,14,12,3,0,0,44
2024-03-23 06:50:00,10,1,18,14,3,0,0,46
2024-03-23 07:00:00,4,0,14,17,2,0,0,37
2024-03-23 07:10:00,8,2,12,8,2,0,0,32
2024-03-23 07:20:00,5,5,15,9,2,0,0,36
2024-03-23 07:30:00,5,3,29,20,5,0,0,62
2024-03-23 07:40:00,10,3,24,25,5,0,0,67
2024-03-23 07:50:00,8,1,18,20,4,0,0,51
2024-03-23 08:00:00,6,4,21,20,4,0,0,55
2024-03-23 08:10:00,7,1,18,15,1,0,0,42
2024-03-23 08:20:00,5,3,33,14,9,0,0,64
2024-03-23 08:30:00,11,4,29,18,5,0,0,67
2024-03-23 08:40:00,11,5,36,29,8,0,0,89
2024-03-23 08:50:00,7,3,33,22,6,0,0,71
2024-03-23 09:00:00,12,1,43,20,6,0,0,82
2024-03-23 09:10:00,5,3,35,33,11,0,0,87
2024-03-23 09:20:00,11,5,50,28,5,0,0,99
2024-03-23 09:30:00,13,2,44,21,9,0,0,89
2024-03-23 09:40:00,22,6,43,26,11,0,0,108
2024-03-23 09:50:00,12,7,54,34,9,0,0,116
2024-03-23 10:00:00,14,3,49,24,12,0,0,102
2024-03-23 10:10:00,9,1,42,22,10,0,0,84
2024-03-23 10:20:00,12,5,59,40,17,0,0,133
2024-03-23 10:30:00,15,4,59,25,10,0,0,113
2024-03-23 10:40:00,13,12,59,46,16,0,0,146
2024-03-23 10:50:00,14,4,50,31,11,0,0,110
2024-03-23 11:00:00,12,4,61,33,14,0,0,124
2024-03-23 11:10:00,12,3,57,31,13,0,0,116
2024-03-23 11:20:00,8,11,73,36,15,0,0,143
2024-03-23 11:30:00,15,4,52,31,15,0,0,117
2024-03-23 11:40:00,15,3,62,31,16,0,0,127
2024-03-23 11:50:00,15,6,69,37,16,0,0,143
2024-03-23 12:00:00,14,4,48,39,19,0,0,124
2024-03-23 12:10:00,18,3,82,41,9,0,0,153
2024-03-23 12:20:00,19,6,62,47,13,0,0,147
2024-03-23 12:30:00,14,4,66,48,13,0,0,145
2024-03-23 12:40:00,16,5,77,41,15,0,0,154
2024-03-23 12:50:00,15,4,71,29,14,0,0,133
2024-03-23 13:00:00,11,2,52,40,18,0,0,123
2024-03-23 13:10:00,29,8,53,39,6,0,0,135
2024-03-23 13:20:00,16,8,63,28,14,0,0,129
2024-03-23 13:30:00,16,9,65,40,10,0,0,140
2024-03-23 13:40:00,13,7,64,46,13,0,0,143
2024-03-23 13:50:00,11,2,69,38,15,0,0,135
2024-03-23 14:00:00,12,4,55,30,11,0,0,112
2024-03-23 14:10:00,13,6,68,36,20,0,0,143
2024-03-23 14:20:00,16,2,60,47,11,0,0,136
2024-03-23 14:30:00,14,3,51,46,22,0,0,136
2024-03-23 14:40:00,9,6,66,49,11,0,0,141
2024-03-23 14:50:00,13,2,63,54,14,0,0,146
2024-03-23 15:00:00,11,8,51,57,17,0,0,144
2024-03-23 15:10:00,16,1,57,45,9,0,0,128
2024-03-23 15:20:00,15,6,48,46,10,0,0,125
2024-03-23 15:30:00,16,3,46,40,9,0,0,114
2024-03-23 15:40:00,13,4,54,55,15,0,0,141
2024-03-23 15:50:00,19,3,50,40,9,0,0,121
2024-03-23 16:00:00,12,2,67,41,20,0,0,142
2024-03-23 16:10:00,13,6,65,39,9,0,0,132
2024-03-23 16:20:00,17,2,51,32,11,0,0,113
2024-03-23 16:30:00,21,4,68,38,18,0,0,149
2024-03-23 16:40:00,19,5,63,37,14,0,0,138
2024-03-23 16:50:00,16,1,48,49,19,0,0,133
2024-03-23 17:00:00,19,3,60,44,17,0,0,143
2024-03-23 17:10:00,9,1,38,53,27,0,0,128
2024-03-23 17:20:00,22,3,54,58,21,0,0,158
2024-03-23 17:30:00,11,2,40,51,21,0,0,125
2024-03-23 17:40:00,17,4,59,66,21,0,0,167
2024-03-23 17:50:00,19,0,61,54,17,0,0,151
2024-03-23 18:00:00,15,4,67,38,13,0,0,137
2024-03-23 18:10:00,12,4,62,38,21,0,0,137
2024-03-23 18:20:00,15,8,56,39,17,0,0,135
2024-03-23 18:30:00,13,2,57,37,11,0,0,120
2024-03-23 18:40:00,12,3,55,30,10,0,0,110
2024-03-23 18:50:00,22,3,77,29,9,0,0,140
2024-03-23 19:00:00,12,3,42,22,8,0,0,87
2024-03-23 19:10:00,6,5,60,48,12,0,0,131
2024-03-23 19:20:00,19,0,52,29,8,0,0,108
2024-03-23 19:30:00,13,0,41,23,15,0,0,92
2024-03-23 19:40:00,18,3,48,27,12,0,0,108
2024-03-23 19:50:00,21,0,41,27,7,0,0,96
2024-03-23 20:00:00,7,4,56,35,15,0,0,117
2024-03-23 20:10:00,18,1,43,40,12,0,0,114
2024-03-23 20:20:00,18,0,48,32,7,0,0,105
2024-03-23 20:30:00,17,0,47,42,9,0,0,115
2024-03-23 20:40:00,20,0,34,22,7,0,0,83
2024-03-23 20:50:00,13,0,32,17,12,0,0,74
2024-03-23 21:00:00,11,1,38,24,7,0,0,81
2024-03-23 21:10:00,11,2,24,18,11,0,0,66
2024-03-23 21:20:00,11,1,25,19,6,0,0,62
2024-03-23 21:30:00,8,1,23,19,9,0,0,60
2024-03-23 21:40:00,13,1,32,17,8,0,0,71
2024-03-23 21:50:00,15,0,25,17,3,0,0,60
2024-03-23 22:00:00,14,0,27,18,4,0,0,63
2024-03-23 22:10:00,5,0,29,17,11,0,0,62
2024-03-23 22:20:00,10,1,40,15,4,0,0,70
2024-03-23 22:30:00,12,0,31,18,10,0,0,71
2024-03-23 22:40:00,11,1,31,24,5,0,0,72
2024-03-23 22:50:00,10,0,37,14,6,0,0,67
2024-03-23 23:00:00,8,0,34,27,2,0,0,71
2024-03-23 23:10:00,12,0,46,30,4,0,0,92
2024-03-23 23:20:00,5,1,46,27,5,0,0,84
2024-03-23 23:30:00,8,0,60,33,5,0,0,106
2024-03-23 23:40:00,4,0,47,25,5,0,0,81
2024-03-23 23:50:00,2,1,30,19,1,0,0,53
2024-03-24 00:00:00,3,0,22,9,2,0,0,36
2024-03-24 00:10:00,8,2,25,8,2,0,0,45
2024-03-24 00:20:00,4,2,14,18,3,0,0,41
2024-03-24 00:30:00,0,0,13,20,2,0,0,35
2024-03-24 00:40:00,6,0,22,18,5,0,0,51
2024-03-24 00:50:00,4,0,18,11,3,0,0,36
2024-03-24 01:00:00,4,0,13,13,1,0,0,31
2024-03-24 01:10:00,1,1,18,11,1,0,0,32
2024-03-24 01:20:00,3,1,18,8,0,0,0,30
2024-03-24 01:30:00,5,0,12,7,2,0,0,26
2024-03-24 01:40:00,2,0,18,9,0,0,0,29
2024-03-24 01:50:00,5,0,14,5,1,0,0,25
2024-03-24 02:00:00,2,0,20,10,2,0,0,34
2024-03-24 02:10:00,4,1,14,3,0,0,0,22
2024-03-24 02:20:00,0,0,10,11,1,0,0,22
2024-03-24 02:30:00,3,0,9,8,2,0,0,22
2024-03-24 02:40:00,4,0,7,2,2,0,0,15
2024-03-24 02:50:00,0,0,11,6,0,0,0,17
2024-03-24 03:00:00,6,0,11,7,2,0,0,26
2024-03-24 03:10:00,6,0,6,4,1,0,0,17
2024-03-24 03:20:00,2,0,10,9,3,0,0,24
2024-03-24 03:30:00,1,0,11,7,1,0,0,20
2024-03-24 03:40:00,3,0,11,5,0,0,0,19
2024-03-24 03:50:00,1,0,6,4,2,0,0,13
2024-03-24 04:00:00,0,0,9,1,1,0,0,11
2024-03-24 04:10:00,0,0,9,0,0,0,0,9
2024-03-24 04:20:00,1,0,8,4,0,0,0,13
2024-03-24 04:30:00,3,0,9,2,0,0,0,14
2024-03-24 04:40:00,4,0,10,4,0,0,0,18
2024-03-24 04:50:00,1,1,14,4,0,0,0,20
2024-03-24 05:00:00,1,0,11,3,1,0,0,16
2024-03-24 05:10:00,6,0,11,5,1,0,0,23
2024-03-24 05:20:00,6,0,17,4,0,0,0,27
2024-03-24 05:30:00,17,0,8,3,1,0,0,29
2024-03-24 05:40:00,17,1,21,8,1,0,0,48
2024-03-24 05:50:00,7,0,6,3,0,0,0,16
2024-03-24 06:00:00,6,0,7,3,0,0,0,16
2024-03-24 06:10:00,1,1,7,2,2,0,0,13
2024-03-24 06:20:00,7,0,10,7,2,0,0,26
2024-03-24 06:30:00,3,1,11,5,1,0,0,21
2024-03-24 06:40:00,5,3,9,6,0,0,0,23
2024-03-24 06:50:00,2,1,9,4,1,0,0,17
2024-03-24 07:00:00,4,0,1,2,1,0,0,8
2024-03-24 07:10:00,3,0,6,2,0,0,0,11
2024-03-24 07:20:00,3,0,6,6,1,0,0,16
2024-03-24 07:30:00,1,0,10,10,1,0,0,22
2024-03-24 07:40:00,5,1,16,3,0,0,0,25
2024-03-24 07:50:00,5,3,9,5,0,0,0,22
2024-03-24 08:00:00,0,1,13,7,0,0,0,21
2024-03-24 08:10:00,3,0,9,7,1,0,0,20
2024-03-24 08:20:00,4,1,14,9,2,0,0,30
2024-03-24 08:30:00,3,1,10,7,0,0,0,21
2024-03-24 08:40:00,5,4,22,9,0,0,0,40
2024-03-24 08:50:00,2,1,26,12,3,0,0,44
2024-03-24 09:00:00,1,1,19,9,3,0,0,33
2024-03-24 09:10:00,2,1,26,13,1,0,0,43
2024-03-24 09:20:00,3,2,25,18,1,0,0,49
2024-03-24 09:30:00,6,1,28,19,1,0,0,55
2024-03-24 09:40:00,5,2,25,19,2,0,0,53
2024-03-24 09:50:00,5,4,37,18,10,0,0,74
2024-03-24 10:00:00,9,3,34,20,3,0,0,69
2024-03-24 10:10:00,9,5,32,14,5,0,0,65
2024-03-24 10:20:00,8,0,42,18,5,0,0,73
2024-03-24 10:30:00,6,2,36,13,3,0,0,60
2024-03-24 10:40:00,5,4,34,20,7,0,0,70
2024-03-24 10:50:00,5,0,40,28,7,0,0,80
2024-03-24 11:00:00,10,3,39,26,7,0,0,85
2024-03-24 11:10:00,7,2,43,20,9,0,0,81
2024-03-24 11:20:00,12,3,39,30,5,0,0,89
2024-03-24 11:30:00,10,2,40,29,8,0,0,89
2024-03-24 11:40:00,11,4,49,35,6,0,0,105
2024-03-24 11:50:00,15,1,62,28,12,0,0,118
2024-03-24 12:00:00,15,0,38,31,13,0,0,97
2024-03-24 12:10:00,10,0,47,34,11,0,0,102
2024-03-24 12:20:00,10,3,39,32,12,0,0,96
2024-03-24 12:30:00,13,1,37,26,13,0,0,90
2024-03-24 12:40:00,18,3,44,31,10,0,0,106
2024-03-24 12:50:00,13,0,36,38,9,0,0,96
2024-03-24 13:00:00,17,5,53,32,6,0,0,113
2024-03-24 13:10:00,17,4,45,21,6,0,0,93
2024-03-24 13:20:00,13,3,49,26,6,0,0,97
2024-03-24 13:30:00,10,1,47,34,9,0,0,101
2024-03-24 13:40:00,7,5,53,32,15,0,0,112
2024-03-24 13:50:00,17,2,46,36,7,0,0,108
2024-03-24 14:00:00,10,27,48,32,10,0,0,127
2024-03-24 14:10:00,17,1,59,39,7,0,0,123
2024-03-24 14:20:00,12,5,48,39,8,0,0,112
2024-03-24 14:30:00,19,4,51,40,10,0,0,124
2024-03-24 14:40:00,17,3,59,33,10,0,0,122
2024-03-24 14:50:00,11,3,44,29,16,0,0,103
2024-03-24 15:00:00,8,4,57,31,17,0,0,117
2024-03-24 15:10:00,17,4,57,28,6,0,0,112
2024-03-24 15:20:00,22,0,54,33,6,0,0,115
2024-03-24 15:30:00,11,1,54,28,11,0,0,105
2024-03-24 15:40:00,11,4,53,29,7,0,0,104
2024-03-24 15:50:00,18,0,49,33,8,0,0,108
2024-03-24 16:00:00,12,2,63,31,12,0,0,120
2024-03-24 16:10:00,14,4,54,29,7,0,0,108
2024-03-24 16:20:00,13,4,55,32,9,0,0,113
2024-03-24 16:30:00,13,101,62,48,16,0,0,240
2024-03-24 16:40:00,18,3,30,56,16,0,0,123
2024-03-24 16:50:00,10,2,45,54,11,0,0,122
2024-03-24 17:00:00,14,1,55,44,10,0,0,124
2024-03-24 17:10:00,15,3,42,48,13,0,0,121
2024-03-24 17:20:00,14,1,65,43,10,0,0,133
2024-03-24 17:30:00,16,1,68,58,10,0,0,153
2024-03-24 17:40:00,19,3,34,69,25,0,0,150
2024-03-24 17:50:00,13,4,36,69,16,0,0,138
2024-03-24 18:00:00,13,1,34,56,15,0,0,119
2024-03-24 18:10:00,11,0,36,35,19,0,0,101
2024-03-24 18:20:00,12,1,44,36,16,0,0,109
2024-03-24 18:30:00,10,2,38,28,11,0,0,89
2024-03-24 18:40:00,14,2,47,20,7,0,0,90
2024-03-24 18:50:00,20,1,50,33,8,0,0,112
2024-03-24 19:00:00,9,0,38,25,5,0,0,77
2024-03-24 19:10:00,1,0,37,30,8,0,0,76
2024-03-24 19:20:00,9,0,31,23,2,0,0,65
2024-03-24 19:30:00,19,0,48,18,3,0,0,88
2024-03-24 19:40:00,17,1,34,24,6,0,0,82
2024-03-24 19:50:00,16,0,42,23,7,0,0,88
2024-03-24 20:00:00,13,0,41,26,9,0,0,89
2024-03-24 20:10:00,22,0,31,21,11,0,0,85
2024-03-24 20:20:00,14,1,50,26,9,0,0,100
2024-03-24 20:30:00,21,2,35,22,11,0,0,91
2024-03-24 20:40:00,21,4,43,17,4,0,0,89
2024-03-24 20:50:00,6,0,21,18,9,0,0,54
2024-03-24 21:00:00,5,0,24,10,2,0,0,41
2024-03-24 21:10:00,8,2,25,19,6,0,0,60
2024-03-24 21:20:00,7,0,21,6,5,0,0,39
2024-03-24 21:30:00,11,1,30,16,4,0,0,62
2024-03-24 21:40:00,10,0,26,20,7,0,0,63
2024-03-24 21:50:00,5,1,25,14,5,0,0,50
2024-03-24 22:00:00,8,0,22,14,8,0,0,52
2024-03-24 22:10:00,9,0,26,11,4,0,0,50
2024-03-24 22:20:00,6,0,27,15,4,0,0,52
2024-03-24 22:30:00,5,1,17,13,3,0,0,39
2024-03-24 22:40:00,15,0,19,9,1,0,0,44
2024-03-24 22:50:00,2,2,19,6,4,0,0,33
2024-03-24 23:00:00,3,0,14,11,2,0,0,30
2024-03-24 23:10:00,5,0,16,3,0,0,0,24
2024-03-24 23:20:00,7,0,16,5,3,0,0,31
2024-03-24 23:30:00,2,0,17,11,1,0,0,31
2024-03-24 23:40:00,5,1,9,5,0,0,0,20
2024-03-24 23:50:00,5,1,8,4,4,0,0,22
2024-03-25 00:00:00,6,0,10,10,1,0,0,27
2024-03-25 00:10:00,6,0,11,8,3,0,0,28
2024-03-25 00:20:00,6,0,7,3,1,0,0,17
2024-03-25 00:30:00,5,0,8,4,0,0,0,17
2024-03-25 00:40:00,1,0,14,4,5,0,0,24
2024-03-25 00:50:00,2,0,4,6,2,0,0,14
2024-03-25 01:00:00,4,0,5,4,0,0,0,13
2024-03-25 01:10:00,1,0,10,4,0,0,0,15
2024-03-25 01:20:00,0,0,8,3,0,0,0,11
2024-03-25 01:30:00,1,0,3,0,0,0,0,4
2024-03-25 01:40:00,0,2,5,3,2,0,0,12
2024-03-25 01:50:00,0,0,4,0,0,0,0,4
2024-03-25 02:00:00,0,1,5,2,0,0,0,8
2024-03-25 02:10:00,0,0,8,4,0,0,0,12
2024-03-25 02:20:00,1,0,2,3,0,0,0,6
2024-03-25 02:30:00,0,1,5,1,0,0,0,7
2024-03-25 02:40:00,2,0,5,4,0,0,0,11
2024-03-25 02:50:00,0,0,2,1,0,0,0,3
2024-03-25 03:00:00,1,0,3,2,0,0,0,6
2024-03-25 03:10:00,0,1,7,0,0,0,0,8
2024-03-25 03:20:00,0,0,6,1,0,0,0,7
2024-03-25 03:30:00,3,0,7,2,0,0,0,12
2024-03-25 03:40:00,2,0,4,1,0,0,0,7
2024-03-25 03:50:00,0,1,4,5,2,0,0,12
2024-03-25 04:00:00,0,0,3,3,0,0,0,6
2024-03-25 04:10:00,2,0,10,3,0,0,0,15
2024-03-25 04:20:00,0,0,8,7,0,0,0,15
2024-03-25 04:30:00,1,0,5,6,1,0,0,13
2024-03-25 04:40:00,3,2,9,9,1,0,0,24
2024-03-25 04:50:00,2,0,15,9,0,0,0,26
2024-03-25 05:00:00,2,1,10,7,1,0,0,21
2024-03-25 05:10:00,1,0,12,13,6,0,0,32
2024-03-25 05:20:00,6,2,22,21,0,0,0,51
2024-03-25 05:30:00,12,0,28,28,6,0,0,74
2024-03-25 05:40:00,19,1,39,23,4,0,0,86
2024-03-25 05:50:00,10,3,48,39,6,0,0,106
2024-03-25 06:00:00,8,2,53,44,4,0,0,111
2024-03-25 06:10:00,8,5,55,44,5,0,0,117
2024-03-25 06:20:00,9,6,78,59,9,0,0,161
2024-03-25 06:30:00,18,3,58,44,8,0,0,131
2024-03-25 06:40:00,16,9,59,55,9,0,0,148
2024-03-25 06:50:00,16,10,70,58,4,0,0,158
2024-03-25 07:00:00,16,4,59,39,14,0,0,132
2024-03-25 07:10:00,30,12,69,45,7,0,0,163
2024-03-25 07:20:00,26,9,58,58,13,0,0,164
2024-03-25 07:30:00,14,15,83,63,20,0,0,195
2024-03-25 07:40:00,24,11,56,57,16,0,0,164
2024-03-25 07:50:00,15,9,78,62,16,0,0,180
2024-03-25 08:00:00,14,7,75,41,16,0,0,153
2024-03-25 08:10:00,21,14,65,44,21,0,0,165
2024-03-25 08:20:00,27,4,71,58,18,0,0,178
2024-03-25 08:30:00,17,6,71,47,12,0,0,153
2024-03-25 08:40:00,24,12,72,66,16,0,0,190
2024-03-25 08:50:00,26,7,63,49,19,0,0,164
2024-03-25 09:00:00,21,20,70,38,18,0,0,167
2024-03-25 09:10:00,18,13,74,49,18,0,0,172
2024-03-25 09:20:00,29,7,60,41,21,0,0,158
2024-03-25 09:30:00,23,11,78,36,24,0,0,172
2024-03-25 09:40:00,31,10,64,44,18,0,0,167
2024-03-25 09:50:00,34,15,73,42,13,0,0,177
2024-03-25 10:00:00,23,12,63,50,26,0,0,174
2024-03-25 10:10:00,23,9,59,45,23,0,0,159
2024-03-25 10:20:00,25,18,73,58,21,0,0,195
2024-03-25 10:30:00,25,14,68,40,19,0,0,166
2024-03-25 10:40:00,19,14,76,50,22,0,0,181
2024-03-25 10:50:00,26,13,65,42,19,0,0,165
2024-03-25 11:00:00,19,17,63,31,17,0,0,147
2024-03-25 11:10:00,19,14,56,38,22,0,0,149
2024-03-25 11:20:00,25,7,68,41,13,0,0,154
2024-03-25 11:30:00,26,16,67,39,22,0,0,170
2024-03-25 11:40:00,29,9,68,39,21,0,0,166
2024-03-25 11:50:00,20,10,63,31,16,0,0,140
2024-03-25 12:00:00,16,13,67,40,16,0,0,152
2024-03-25 12:10:00,19,9,77,46,15,0,0,166
2024-03-25 12:20:00,38,12,64,43,10,0,0,167
2024-03-25 12:30:00,17,11,66,39,17,0,0,150
2024-03-25 12:40:00,19,13,75,42,18,0,0,167
2024-03-25 12:50:00,23,14,58,35,10,0,0,140
2024-03-25 13:00:00,19,18,68,50,15,0,0,170
2024-03-25 13:10:00,20,9,58,41,14,0,0,142
2024-03-25 13:20:00,21,13,61,27,9,0,0,131
2024-03-25 13:30:00,23,16,57,25,17,0,0,138
2024-03-25 13:40:00,19,21,72,37,25,0,0,174
2024-03-25 13:50:00,30,21,71,54,13,0,0,189
2024-03-25 14:00:00,17,18,68,36,20,0,0,159
2024-03-25 14:10:00,24,16,73,45,14,0,0,172
2024-03-25 14:20:00,26,11,58,42,15,0,0,152
2024-03-25 14:30:00,23,20,71,48,17,0,0,179
2024-03-25 14:40:00,18,8,74,35,16,0,0,151
2024-03-25 14:50:00,37,10,77,47,26,0,0,197
2024-03-25 15:00:00,31,9,61,39,17,0,0,157
2024-03-25 15:10:00,27,24,73,42,26,0,0,192
2024-03-25 15:20:00,32,15,72,49,12,0,0,180
2024-03-25 15:30:00,31,12,63,36,23,0,0,165
2024-03-25 15:40:00,14,25,59,56,18,0,0,172
2024-03-25 15:50:00,26,11,74,45,24,0,0,180
2024-03-25 16:00:00,19,14,55,34,17,0,0,139
2024-03-25 16:10:00,22,10,62,44,19,0,0,157
2024-03-25 16:20:00,25,23,59,58,17,0,0,182
2024-03-25 16:30:00,22,12,59,55,25,0,0,173
2024-03-25 16:40:00,32,20,51,47,10,0,0,160
2024-03-25 16:50:00,28,21,64,65,15,0,0,193
2024-03-25 17:00:00,19,16,51,57,24,0,0,167
2024-03-25 17:10:00,26,16,52,56,19,0,0,169
2024-03-25 17:20:00,31,12,50,71,14,0,0,178
2024-03-25 17:30:00,22,7,35,48,21,0,0,133
2024-03-25 17:40:00,19,15,61,66,30,0,0,191
2024-03-25 17:50:00,21,13,41,62,20,0,0,157
2024-03-25 18:00:00,17,7,61,46,14,0,0,145
2024-03-25 18:10:00,23,7,47,56,22,0,0,155
2024-03-25 18:20:00,20,8,54,46,13,0,0,141
2024-03-25 18:30:00,20,8,53,64,12,0,0,157
2024-03-25 18:40:00,18,11,49,50,19,0,0,147
2024-03-25 18:50:00,21,6,64,49,16,0,0,156
2024-03-25 19:00:00,18,3,40,28,12,0,0,101
2024-03-25 19:10:00,19,4,40,29,12,0,0,104
2024-03-25 19:20:00,17,0,30,30,5,0,0,82
2024-03-25 19:30:00,18,3,52,30,10,0,0,113
2024-03-25 19:40:00,18,1,37,22,10,0,0,88
2024-03-25 19:50:00,17,2,40,25,7,0,0,91
2024-03-25 20:00:00,17,2,32,25,6,0,0,82
2024-03-25 20:10:00,17,2,35,20,12,0,0,86
2024-03-25 20:20:00,24,0,31,18,14,0,0,87
2024-03-25 20:30:00,23,0,29,26,7,0,0,85
2024-03-25 20:40:00,22,0,39,22,11,0,0,94
2024-03-25 20:50:00,12,1,26,15,3,0,0,57
2024-03-25 21:00:00,14,2,29,19,6,0,0,70
2024-03-25 21:10:00,15,3,32,21,10,0,0,81
2024-03-25 21:20:00,14,1,25,13,7,0,0,60
2024-03-25 21:30:00,11,1,28,12,6,0,0,58
2024-03-25 21:40:00,9,0,32,34,8,0,0,83
2024-03-25 21:50:00,11,1,27,24,7,0,0,70
2024-03-25 22:00:00,12,0,24,9,2,0,0,47
2024-03-25 22:10:00,8,0,23,14,4,0,0,49
2024-03-25 22:20:00,5,0,17,11,5,0,0,38
2024-03-25 22:30:00,5,2,16,10,3,0,0,36
2024-03-25 22:40:00,12,2,24,11,9,0,0,58
2024-03-25 22:50:00,7,0,28,15,2,0,0,52
2024-03-25 23:00:00,10,2,48,30,3,0,0,93
2024-03-25 23:10:00,5,0,63,38,5,0,0,111
2024-03-25 23:20:00,4,0,42,21,3,0,0,70
2024-03-25 23:30:00,8,0,16,8,2,0,0,34
2024-03-25 23:40:00,2,0,11,4,0,0,0,17
2024-03-25 23:50:00,5,2,8,5,1,0,0,21
2024-03-26 00:00:00,8,0,12,3,0,0,0,23
2024-03-26 00:10:00,12,0,11,6,3,0,0,32
2024-03-26 00:20:00,2,0,8,3,0,0,0,13
2024-03-26 00:30:00,4,0,8,1,2,0,0,15
2024-03-26 00:40:00,3,1,10,3,1,0,0,18
2024-03-26 00:50:00,3,1,4,1,1,0,0,10
2024-03-26 01:00:00,7,1,8,2,3,0,0,21
2024-03-26 01:10:00,3,0,7,1,1,0,0,12
2024-03-26 01:20:00,1,0,9,1,1,0,0,12
2024-03-26 01:30:00,4,0,8,0,0,0,0,12
2024-03-26 01:40:00,3,0,4,1,1,0,0,9
2024-03-26 01:50:00,0,1,7,7,1,0,0,16
2024-03-26 02:00:00,1,0,10,6,1,0,0,18
2024-03-26 02:10:00,2,0,7,2,0,0,0,11
2024-03-26 02:20:00,3,0,2,3,0,0,0,8
2024-03-26 02:30:00,0,0,3,0,0,0,0,3
2024-03-26 02:40:00,1,0,6,1,0,0,0,8
2024-03-26 02:50:00,3,0,2,1,0,0,0,6
2024-03-26 03:00:00,2,0,4,4,0,0,0,10
2024-03-26 03:10:00,1,0,5,3,0,0,0,9
2024-03-26 03:20:00,0,0,8,1,0,0,0,9
2024-03-26 03:30:00,2,0,2,1,1,0,0,6
2024-03-26 03:40:00,4,0,2,2,0,0,0,8
2024-03-26 03:50:00,0,0,7,3,0,0,0,10
2024-03-26 04:00:00,1,0,3,4,1,0,0,9
2024-03-26 04:10:00,2,2,7,2,0,0,0,13
2024-03-26 04:20:00,1,1,6,7,0,0,0,15
2024-03-26 04:30:00,1,0,7,5,1,0,0,14
2024-03-26 04:40:00,3,4,8,9,2,0,0,26
2024-03-26 04:50:00,1,1,11,3,2,0,0,18
2024-03-26 05:00:00,2,0,12,10,0,0,0,24
2024-03-26 05:10:00,1,1,18,16,4,0,0,40
2024-03-26 05:20:00,7,1,19,19,3,0,0,49
2024-03-26 05:30:00,9,1,31,26,1,0,0,68
2024-03-26 05:40:00,20,3,40,24,1,0,0,88
2024-03-26 05:50:00,14,2,45,41,2,0,0,104
2024-03-26 06:00:00,9,1,54,35,7,0,0,106
2024-03-26 06:10:00,11,10,59,34,4,0,0,118
2024-03-26 06:20:00,8,12,61,57,10,0,0,148
2024-03-26 06:30:00,8,2,59,40,7,0,0,116
2024-03-26 06:40:00,16,8,62,51,7,0,0,144
2024-03-26 06:50:00,16,9,67,49,7,0,0,148
2024-03-26 07:00:00,21,12,69,52,15,0,0,169
2024-03-26 07:10:00,15,11,78,71,17,0,0,192
2024-03-26 07:20:00,15,7,57,55,8,0,0,142
2024-03-26 07:30:00,22,9,80,63,17,0,0,191
2024-03-26 07:40:00,20,13,70,76,20,0,0,199
2024-03-26 07:50:00,18,13,79,55,21,0,0,186
2024-03-26 08:00:00,0,21,62,69,18,0,0,170
2024-03-26 08:10:00,20,24,67,44,21,0,0,176
2024-03-26 08:20:00,21,28,63,62,18,0,0,192
2024-03-26 08:30:00,20,15,61,42,18,0,0,156
2024-03-26 08:40:00,18,21,64,55,25,0,0,183
2024-03-26 08:50:00,18,21,69,66,32,0,0,206
2024-03-26 09:00:00,14,26,60,61,18,0,0,179
2024-03-26 09:10:00,16,18,72,38,16,0,0,160
2024-03-26 09:20:00,17,20,73,48,23,0,0,181
2024-03-26 09:30:00,19,18,68,43,19,0,0,167
2024-03-26 09:40:00,26,15,65,50,21,0,0,177
2024-03-26 09:50:00,23,13,61,44,25,0,0,166
2024-03-26 10:00:00,20,13,58,53,19,0,0,163
2024-03-26 10:10:00,14,16,59,39,18,0,0,146
2024-03-26 10:20:00,15,16,67,48,15,0,0,161
2024-03-26 10:30:00,14,11,59,39,18,0,0,141
2024-03-26 10:40:00,20,15,71,51,28,0,0,185
2024-03-26 10:50:00,26,15,78,42,19,0,0,180
2024-03-26 11:00:00,24,8,70,38,22,0,0,162
2024-03-26 11:10:00,26,10,63,33,15,0,0,147
2024-03-26 11:20:00,17,8,73,44,25,0,0,167
2024-03-26 11:30:00,22,6,73,44,23,0,0,168
2024-03-26 11:40:00,20,14,63,35,20,0,0,152
2024-03-26 11:50:00,25,12,63,45,25,0,0,170
2024-03-26 12:00:00,25,9,60,42,10,0,0,146
2024-03-26 12:10:00,21,18,71,42,21,0,0,173
2024-03-26 12:20:00,27,13,68,29,19,0,0,156
2024-03-26 12:30:00,16,14,61,34,21,0,0,146
2024-03-26 12:40:00,20,13,74,42,19,0,0,168
2024-03-26 12:50:00,20,20,71,32,18,0,0,161
2024-03-26 13:00:00,19,14,75,55,15,0,0,178
2024-03-26 13:10:00,30,19,61,37,15,0,0,162
2024-03-26 13:20:00,23,15,76,44,15,0,0,173
2024-03-26 13:30:00,27,11,79,48,21,0,0,186
2024-03-26 13:40:00,23,20,81,33,13,0,0,170
2024-03-26 13:50:00,22,16,72,55,24,0,0,189
2024-03-26 14:00:00,17,14,68,27,20,0,0,146
2024-03-26 14:10:00,34,7,68,55,13,0,0,177
2024-03-26 14:20:00,20,11,68,42,20,0,0,161
2024-03-26 14:30:00,28,14,73,32,19,0,0,166
2024-03-26 14:40:00,35,11,58,29,18,0,0,151
2024-03-26 14:50:00,25,16,62,29,21,0,0,153
2024-03-26 15:00:00,28,9,61,37,23,0,0,158
2024-03-26 15:10:00,18,16,57,43,17,0,0,151
2024-03-26 15:20:00,24,8,61,40,8,0,0,141
2024-03-26 15:30:00,20,14,65,51,21,0,0,171
2024-03-26 15:40:00,19,16,65,54,32,0,0,186
2024-03-26 15:50:00,26,17,61,38,12,0,0,154
2024-03-26 16:00:00,22,13,77,41,23,0,0,176
2024-03-26 16:10:00,28,12,57,72,17,0,0,186
2024-03-26 16:20:00,35,20,51,64,25,0,0,195
2024-03-26 16:30:00,25,9,63,60,16,0,0,173
2024-03-26 16:40:00,27,11,63,51,21,0,0,173
2024-03-26 16:50:00,21,15,26,68,17,0,0,147
2024-03-26 17:00:00,24,11,47,54,11,0,0,147
2024-03-26 17:10:00,19,8,57,65,19,0,0,168
2024-03-26 17:20:00,25,12,57,46,21,0,0,161
2024-03-26 17:30:00,26,12,53,64,21,0,0,176
2024-03-26 17:40:00,17,12,60,49,18,0,0,156
2024-03-26 17:50:00,21,8,51,49,14,0,0,143
2024-03-26 18:00:00,22,8,52,70,17,0,0,169
2024-03-26 18:10:00,17,9,63,60,21,0,0,170
2024-03-26 18:20:00,22,6,66,51,18,0,0,163
2024-03-26 18:30:00,14,10,46,39,19,0,0,128
2024-03-26 18:40:00,16,9,48,40,13,0,0,126
2024-03-26 18:50:00,20,10,58,39,14,0,0,141
2024-03-26 19:00:00,20,10,41,39,20,0,0,130
2024-03-26 19:10:00,15,2,51,33,10,0,0,111
2024-03-26 19:20:00,16,2,43,31,8,0,0,100
2024-03-26 19:30:00,18,2,47,32,9,0,0,108
2024-03-26 19:40:00,15,4,46,26,17,0,0,108
2024-03-26 19:50:00,19,1,28,20,10,0,0,78
2024-03-26 20:00:00,16,0,37,29,9,0,0,91
2024-03-26 20:10:00,23,1,33,31,8,0,0,96
2024-03-26 20:20:00,23,2,48,25,9,0,0,107
2024-03-26 20:30:00,21,2,47,29,8,0,0,107
2024-03-26 20:40:00,16,0,30,19,8,0,0,73
2024-03-26 20:50:00,14,1,37,21,6,0,0,79
2024-03-26 21:00:00,10,2,31,17,11,0,0,71
2024-03-26 21:10:00,16,0,33,27,12,0,0,88
2024-03-26 21:20:00,6,2,28,14,5,0,0,55
2024-03-26 21:30:00,13,1,26,20,1,0,0,61
2024-03-26 21:40:00,9,2,19,13,5,0,0,48
2024-03-26 21:50:00,3,3,26,17,8,0,0,57
2024-03-26 22:00:00,5,1,27,13,6,0,0,52
2024-03-26 22:10:00,5,0,21,14,5,0,0,45
2024-03-26 22:20:00,9,1,20,17,6,0,0,53
2024-03-26 22:30:00,7,2,21,9,3,0,0,42
2024-03-26 22:40:00,5,1,18,11,3,0,0,38
2024-03-26 22:50:00,4,0,17,11,5,0,0,37
2024-03-26 23:00:00,6,0,15,13,2,0,0,36
2024-03-26 23:10:00,8,2,16,18,3,0,0,47
2024-03-26 23:20:00,8,0,17,16,5,0,0,46
2024-03-26 23:30:00,5,0,15,13,1,0,0,34
2024-03-26 23:40:00,9,0,14,8,0,0,0,31
2024-03-26 23:50:00,2,4,12,1,2,0,0,21
2024-03-27 00:00:00,4,0,13,7,1,0,0,25
2024-03-27 00:10:00,1,0,15,6,2,0,0,24
2024-03-27 00:20:00,8,1,7,4,0,0,0,20
2024-03-27 00:30:00,8,0,12,6,2,0,0,28
2024-03-27 00:40:00,3,0,4,2,0,0,0,9
2024-03-27 00:50:00,5,0,6,5,0,0,0,16
2024-03-27 01:00:00,6,0,7,5,2,0,0,20
2024-03-27 01:10:00,8,0,7,1,0,0,0,16
2024-03-27 01:20:00,0,0,6,1,2,0,0,9
2024-03-27 01:30:00,0,0,11,2,0,0,0,13
2024-03-27 01:40:00,0,0,4,1,1,0,0,6
2024-03-27 01:50:00,0,1,3,1,0,0,0,5
2024-03-27 02:00:00,2,0,7,2,4,0,0,15
2024-03-27 02:10:00,1,0,5,2,0,0,0,8
2024-03-27 02:20:00,3,0,8,3,0,0,0,14
2024-03-27 02:30:00,3,0,7,4,0,0,0,14
2024-03-27 02:40:00,0,0,3,3,0,0,0,6
2024-03-27 02:50:00,1,1,7,2,0,0,0,11
2024-03-27 03:00:00,4,0,7,3,0,0,0,14
2024-03-27 03:10:00,0,0,6,2,0,0,0,8
2024-03-27 03:20:00,0,0,4,5,1,0,0,10
2024-03-27 03:30:00,1,0,2,4,0,0,0,7
2024-03-27 03:40:00,6,0,2,2,0,0,0,10
2024-03-27 03:50:00,2,0,4,1,0,0,0,7
2024-03-27 04:00:00,0,0,3,1,0,0,0,4
2024-03-27 04:10:00,8,0,3,3,0,0,0,14
2024-03-27 04:20:00,1,1,13,7,1,0,0,23
2024-03-27 04:30:00,0,0,8,7,3,0,0,18
2024-03-27 04:40:00,1,1,6,10,1,0,0,19
2024-03-27 04:50:00,2,0,6,9,5,0,0,22
2024-03-27 05:00:00,4,1,16,11,1,0,0,33
2024-03-27 05:10:00,7,1,10,13,3,0,0,34
2024-03-27 05:20:00,6,0,25,27,6,0,0,64
2024-03-27 05:30:00,5,1,22,27,2,0,0,57
2024-03-27 05:40:00,10,0,38,27,3,0,0,78
2024-03-27 05:50:00,12,1,33,27,5,0,0,78
2024-03-27 06:00:00,9,2,58,46,7,0,0,122
2024-03-27 06:10:00,0,6,53,40,5,0,0,104
2024-03-27 06:20:00,14,6,61,44,9,0,0,134
2024-03-27 06:30:00,13,5,62,32,10,0,0,122
2024-03-27 06:40:00,14,6,66,44,7,0,0,137
2024-03-27 06:50:00,16,11,57,58,10,0,0,152
2024-03-27 07:00:00,20,15,59,55,17,0,0,166
2024-03-27 07:10:00,22,9,59,60,15,0,0,165
2024-03-27 07:20:00,17,19,60,59,15,0,0,170
2024-03-27 07:30:00,19,10,86,77,20,0,0,212
2024-03-27 07:40:00,29,15,64,52,18,0,0,178
2024-03-27 07:50:00,17,16,62,64,21,0,0,180
2024-03-27 08:00:00,13,16,64,61,21,0,0,175
2024-03-27 08:10:00,18,17,66,50,15,0,0,166
2024-03-27 08:20:00,17,20,65,52,15,0,0,169
2024-03-27 08:30:00,22,9,67,60,25,0,0,183
2024-03-27 08:40:00,20,24,62,51,19,0,0,176
2024-03-27 08:50:00,24,25,59,68,23,0,0,199
2024-03-27 09:00:00,23,17,63,53,18,0,0,174
2024-03-27 09:10:00,19,22,60,43,17,0,0,161
2024-03-27 09:20:00,21,12,60,43,21,0,0,157
2024-03-27 09:30:00,15,21,66,49,23,0,0,174
2024-03-27 09:40:00,18,19,55,46,21,0,0,159
2024-03-27 09:50:00,24,19,64,57,21,0,0,185
2024-03-27 10:00:00,17,12,59,47,16,0,0,151
2024-03-27 10:10:00,24,13,74,43,27,0,0,181
2024-03-27 10:20:00,35,15,73,44,21,0,0,188
2024-03-27 10:30:00,24,13,61,38,14,0,0,150
2024-03-27 10:40:00,23,14,67,54,21,0,0,179
2024-03-27 10:50:00,25,4,73,34,24,0,0,160
2024-03-27 11:00:00,19,13,63,32,23,0,0,150
2024-03-27 11:10:00,22,15,48,35,15,0,0,135
2024-03-27 11:20:00,24,12,70,31,19,0,0,156
2024-03-27 11:30:00,27,11,72,36,24,0,0,170
2024-03-27 11:40:00,21,7,67,40,22,0,0,157
2024-03-27 11:50:00,24,7,62,39,19,0,0,151
2024-03-27 12:00:00,22,8,82,43,18,0,0,173
2024-03-27 12:10:00,17,13,72,52,21,0,0,175
2024-03-27 12:20:00,21,11,59,36,18,0,0,145
2024-03-27 12:30:00,19,11,73,41,16,0,0,160
2024-03-27 12:40:00,23,9,58,43,23,0,0,156
2024-03-27 12:50:00,23,11,61,40,14,0,0,149
2024-03-27 13:00:00,26,11,73,48,18,0,0,176
2024-03-27 13:10:00,27,15,50,38,12,0,0,142
2024-03-27 13:20:00,17,24,62,41,13,0,0,157
2024-03-27 13:30:00,21,10,66,42,11,0,0,150
2024-03-27 13:40:00,21,9,77,49,20,0,0,176
2024-03-27 13:50:00,16,14,72,45,20,0,0,167
2024-03-27 14:00:00,17,9,70,51,27,0,0,174
2024-03-27 14:10:00,18,18,57,54,25,0,0,172
2024-03-27 14:20:00,20,6,77,39,13,0,0,155
2024-03-27 14:30:00,22,8,64,40,24,0,0,158
2024-03-27 14:40:00,19,11,68,36,14,0,0,148
2024-03-27 14:50:00,20,11,71,44,15,0,0,161
2024-03-27 15:00:00,24,8,54,38,19,0,0,143
2024-03-27 15:10:00,9,9,56,34,16,0,0,124
2024-03-27 15:20:00,22,11,70,50,13,0,0,166
2024-03-27 15:30:00,27,9,58,34,16,0,0,144
2024-03-27 15:40:00,17,14,75,49,26,0,0,181
2024-03-27 15:50:00,22,10,61,50,17,0,0,160
2024-03-27 16:00:00,23,13,76,54,17,0,0,183
2024-03-27 16:10:00,15,7,66,43,24,0,0,155
2024-03-27 16:20:00,7,9,68,34,23,0,0,141
2024-03-27 16:30:00,16,10,73,50,26,0,0,175
2024-03-27 16:40:00,14,16,67,50,20,0,0,167
2024-03-27 16:50:00,19,9,60,37,24,0,0,149
2024-03-27 17:00:00,24,8,67,40,18,0,0,157
2024-03-27 17:10:00,18,8,66,52,19,0,0,163
2024-03-27 17:20:00,24,12,47,39,17,0,0,139
2024-03-27 17:30:00,20,5,52,45,17,0,0,139
2024-03-27 17:40:00,13,14,64,34,21,0,0,146
2024-03-27 17:50:00,15,13,54,33,20,0,0,135
2024-03-27 18:00:00,20,4,60,38,17,0,0,139
2024-03-27 18:10:00,19,8,48,42,17,0,0,134
2024-03-27 18:20:00,15,6,47,41,9,0,0,118
2024-03-27 18:30:00,22,7,52,32,19,0,0,132
2024-03-27 18:40:00,20,7,55,34,20,0,0,136
2024-03-27 18:50:00,11,5,40,33,12,0,0,101
2024-03-27 19:00:00,18,2,27,27,12,0,0,86
2024-03-27 19:10:00,18,3,40,27,11,0,0,99
2024-03-27 19:20:00,8,0,27,23,10,0,0,68
2024-03-27 19:30:00,18,3,24,25,16,0,0,86
2024-03-27 19:40:00,8,4,23,26,10,0,0,71
2024-03-27 19:50:00,14,0,35,24,13,0,0,86
2024-03-27 20:00:00,12,2,32,24,10,0,0,80
2024-03-27 20:10:00,12,2,34,31,9,0,0,88
2024-03-27 20:20:00,13,2,25,21,6,0,0,67
2024-03-27 20:30:00,18,3,24,27,11,0,0,83
2024-03-27 20:40:00,17,4,23,29,12,0,0,85
2024-03-27 20:50:00,18,0,27,12,4,0,0,61
2024-03-27 21:00:00,9,1,30,14,6,0,0,60
2024-03-27 21:10:00,14,2,24,10,7,0,0,57
2024-03-27 21:20:00,12,0,35,20,8,0,0,75
2024-03-27 21:30:00,12,2,42,15,7,0,0,78
2024-03-27 21:40:00,8,0,36,17,6,0,0,67
2024-03-27 21:50:00,8,3,41,25,8,0,0,85
2024-03-27 22:00:00,11,0,35,17,7,0,0,70
2024-03-27 22:10:00,16,2,29,16,7,0,0,70
2024-03-27 22:20:00,4,1,27,12,3,0,0,47
2024-03-27 22:30:00,4,2,22,11,6,0,0,45
2024-03-27 22:40:00,8,0,20,10,6,0,0,44
2024-03-27 22:50:00,2,0,24,13,1,0,0,40
2024-03-27 23:00:00,4,0,17,22,6,0,0,49
2024-03-27 23:10:00,7,0,26,14,2,0,0,49
2024-03-27 23:20:00,7,2,17,11,3,0,0,40
2024-03-27 23:30:00,3,2,17,7,3,0,0,32
2024-03-27 23:40:00,2,0,19,6,3,0,0,30
2024-03-27 23:50:00,4,0,14,4,0,0,0,22
2024-03-28 00:00:00,0,0,9,5,2,0,0,16
2024-03-28 00:10:00,7,0,13,7,1,0,0,28
2024-03-28 00:20:00,6,2,9,1,0,0,0,18
2024-03-28 00:30:00,5,1,11,4,1,0,0,22
2024-03-28 00:40:00,2,0,7,5,1,0,0,15
2024-03-28 00:50:00,0,1,11,6,2,0,0,20
2024-03-28 01:00:00,1,0,7,1,0,0,0,9
2024-03-28 01:10:00,3,0,7,2,1,0,0,13
2024-03-28 01:20:00,2,0,6,3,0,0,0,11
2024-03-28 01:30:00,1,0,8,3,2,0,0,14
2024-03-28 01:40:00,3,0,6,0,1,0,0,10
2024-03-28 01:50:00,0,0,3,3,0,0,0,6
2024-03-28 02:00:00,0,3,7,1,0,0,0,11
2024-03-28 02:10:00,0,0,2,0,2,0,0,4
2024-03-28 02:20:00,0,0,9,2,0,0,0,11
2024-03-28 02:30:00,0,0,5,0,0,0,0,5
2024-03-28 02:40:00,0,0,3,1,0,0,0,4
2024-03-28 02:50:00,1,0,4,1,0,0,0,6
2024-03-28 03:00:00,2,0,4,1,0,0,0,7
2024-03-28 03:10:00,0,0,2,0,0,0,0,2
2024-03-28 03:20:00,4,0,6,4,1,0,0,15
2024-03-28 03:30:00,0,0,4,2,0,0,0,6
2024-03-28 03:40:00,1,0,4,1,2,0,0,8
2024-03-28 03:50:00,1,0,1,1,0,0,0,3
2024-03-28 04:00:00,0,1,4,2,0,0,0,7
2024-03-28 04:10:00,0,0,3,4,0,0,0,7
2024-03-28 04:20:00,1,0,11,4,0,0,0,16
2024-03-28 04:30:00,1,0,6,6,1,0,0,14
2024-03-28 04:40:00,4,3,11,6,0,0,0,24
2024-03-28 04:50:00,2,2,14,11,1,0,0,30
2024-03-28 05:00:00,5,1,12,16,0,0,0,34
2024-03-28 05:10:00,5,2,17,8,3,0,0,35
2024-03-28 05:20:00,9,1,24,16,5,0,0,55
2024-03-28 05:30:00,18,2,31,19,3,0,0,73
2024-03-28 05:40:00,12,3,42,22,3,0,0,82
2024-03-28 05:50:00,17,1,37,22,2,0,0,79
2024-03-28 06:00:00,10,3,50,35,5,0,0,103
2024-03-28 06:10:00,8,10,57,37,6,0,0,118
2024-03-28 06:20:00,13,5,63,36,7,0,0,124
2024-03-28 06:30:00,14,7,55,33,4,0,0,113
2024-03-28 06:40:00,24,8,43,40,11,0,0,126
2024-03-28 06:50:00,20,6,75,52,12,0,0,165
2024-03-28 07:00:00,19,6,62,41,14,0,0,142
2024-03-28 07:10:00,20,7,58,44,13,0,0,142
2024-03-28 07:20:00,24,7,71,51,12,0,0,165
2024-03-28 07:30:00,16,13,72,58,12,0,0,171
2024-03-28 07:40:00,22,12,70,55,23,0,0,182
2024-03-28 07:50:00,21,15,85,53,19,0,0,193
2024-03-28 08:00:00,16,9,60,34,20,0,0,139
2024-03-28 08:10:00,13,12,50,38,16,0,0,129
2024-03-28 08:20:00,12,18,73,47,23,0,0,173
2024-03-28 08:30:00,18,16,62,48,13,0,0,157
2024-03-28 08:40:00,24,19,69,57,23,0,0,192
2024-03-28 08:50:00,16,12,72,45,22,0,0,167
2024-03-28 09:00:00,20,17,72,50,18,0,0,177
2024-03-28 09:10:00,21,15,65,47,23,0,0,171
2024-03-28 09:20:00,19,13,55,33,21,0,0,141
2024-03-28 09:30:00,23,16,55,38,20,0,0,152
2024-03-28 09:40:00,15,19,67,40,19,0,0,160
2024-03-28 09:50:00,19,12,79,42,19,0,0,171
2024-03-28 10:00:00,20,12,67,25,24,0,0,148
2024-03-28 10:10:00,15,11,79,45,12,0,0,162
2024-03-28 10:20:00,28,16,62,50,21,0,0,177
2024-03-28 10:30:00,23,7,64,33,21,0,0,148
2024-03-28 10:40:00,23,6,69,43,20,0,0,161
2024-03-28 10:50:00,21,10,41,42,23,0,0,137
2024-03-28 11:00:00,16,10,57,44,21,0,0,148
2024-03-28 11:10:00,28,15,69,42,27,0,0,181
2024-03-28 11:20:00,23,12,70,44,27,0,0,176
2024-03-28 11:30:00,23,15,68,31,16,0,0,153
2024-03-28 11:40:00,18,10,80,39,23,0,0,170
2024-03-28 11:50:00,19,15,70,49,26,0,0,179
2024-03-28 12:00:00,19,13,72,30,20,0,0,154
2024-03-28 12:10:00,17,6,67,45,25,0,0,160
2024-03-28 12:20:00,20,12,81,30,19,0,0,162
2024-03-28 12:30:00,20,1,60,47,17,0,0,145
2024-03-28 12:40:00,23,14,77,46,21,0,0,181
2024-03-28 12:50:00,28,11,62,38,16,0,0,155
2024-03-28 13:00:00,23,19,83,50,13,0,0,188
2024-03-28 13:10:00,24,11,55,40,12,0,0,142
2024-03-28 13:20:00,23,20,68,39,15,0,0,165
2024-03-28 13:30:00,24,11,71,36,22,0,0,164
2024-03-28 13:40:00,21,17,59,49,16,0,0,162
2024-03-28 13:50:00,19,20,80,42,20,0,0,181
2024-03-28 14:00:00,25,11,73,40,13,0,0,162
2024-03-28 14:10:00,25,14,73,50,14,0,0,176
2024-03-28 14:20:00,29,8,70,37,17,0,0,161
2024-03-28 14:30:00,22,10,71,36,16,0,0,155
2024-03-28 14:40:00,24,11,62,36,16,0,0,149
2024-03-28 14:50:00,24,8,69,40,22,0,0,163
2024-03-28 15:00:00,14,10,69,41,15,0,0,149
2024-03-28 15:10:00,0,8,63,44,17,0,0,132
2024-03-28 15:20:00,28,15,58,42,24,0,0,167
2024-03-28 15:30:00,28,7,73,37,26,0,0,171
2024-03-28 15:40:00,22,19,70,53,26,0,0,190
2024-03-28 15:50:00,20,2,81,39,21,0,0,163
2024-03-28 16:00:00,19,2,48,44,23,0,0,136
2024-03-28 16:10:00,19,14,76,49,24,0,0,182
2024-03-28 16:20:00,16,10,68,53,16,0,0,163
2024-03-28 16:30:00,18,10,74,48,29,0,0,179
2024-03-28 16:40:00,26,9,57,52,17,0,0,161
2024-03-28 16:50:00,20,11,50,45,17,0,0,143
2024-03-28 17:00:00,25,4,55,65,20,0,0,169
2024-03-28 17:10:00,23,4,48,58,13,0,0,146
2024-03-28 17:20:00,27,13,59,54,17,0,0,170
2024-03-28 17:30:00,12,13,54,47,26,0,0,152
2024-03-28 17:40:00,20,6,57,62,26,0,0,171
2024-03-28 17:50:00,30,7,66,42,20,0,0,165
2024-03-28 18:00:00,19,11,62,50,13,0,0,155
2024-03-28 18:10:00,16,10,65,44,15,0,0,150
2024-03-28 18:20:00,18,7,53,39,13,0,0,130
2024-03-28 18:30:00,17,2,59,49,13,0,0,140
2024-03-28 18:40:00,19,7,61,40,24,0,0,151
2024-03-28 18:50:00,20,3,60,49,12,0,0,144
2024-03-28 19:00:00,17,5,55,44,15,0,0,136
2024-03-28 19:10:00,15,2,52,28,15,0,0,112
2024-03-28 19:20:00,14,3,53,33,8,0,0,111
2024-03-28 19:30:00,18,2,55,41,17,0,0,133
2024-03-28 19:40:00,12,1,31,21,14,0,0,79
2024-03-28 19:50:00,20,2,54,28,14,0,0,118
2024-03-28 20:00:00,22,2,52,33,9,0,0,118
2024-03-28 20:10:00,22,2,45,37,10,0,0,116
2024-03-28 20:20:00,16,1,44,34,9,0,0,104
2024-03-28 20:30:00,21,1,43,28,10,0,0,103
2024-03-28 20:40:00,22,0,39,23,12,0,0,96
2024-03-28 20:50:00,17,1,34,25,9,0,0,86
2024-03-28 21:00:00,15,1,36,24,14,0,0,90
2024-03-28 21:10:00,8,1,40,21,10,0,0,80
2024-03-28 21:20:00,11,0,34,19,7,0,0,71
2024-03-28 21:30:00,14,0,31,16,10,0,0,71
2024-03-28 21:40:00,19,1,39,24,11,0,0,94
2024-03-28 21:50:00,11,2,21,24,8,0,0,66
2024-03-28 22:00:00,5,0,35,18,12,0,0,70
2024-03-28 22:10:00,14,1,28,18,9,0,0,70
2024-03-28 22:20:00,13,0,32,19,10,0,0,74
2024-03-28 22:30:00,10,0,24,17,6,0,0,57
2024-03-28 22:40:00,9,1,26,18,6,0,0,60
2024-03-28 22:50:00,9,1,33,31,3,0,0,77
2024-03-28 23:00:00,4,1,22,15,6,0,0,48
2024-03-28 23:10:00,6,0,21,14,6,0,0,47
2024-03-28 23:20:00,5,0,23,15,3,0,0,46
2024-03-28 23:30:00,7,1,28,11,5,0,0,52
2024-03-28 23:40:00,3,0,19,13,3,0,0,38
2024-03-28 23:50:00,5,1,21,10,7,0,0,44
2024-03-29 00:00:00,6,2,22,21,2,0,0,53
2024-03-29 00:10:00,4,0,14,9,0,0,0,27
2024-03-29 00:20:00,3,0,17,8,1,0,0,29
2024-03-29 00:30:00,5,0,16,4,2,0,0,27
2024-03-29 00:40:00,5,0,21,10,1,0,0,37
2024-03-29 00:50:00,7,0,16,5,0,0,0,28
2024-03-29 01:00:00,7,0,17,11,3,0,0,38
2024-03-29 01:10:00,4,1,13,9,3,0,0,30
2024-03-29 01:20:00,1,1,12,6,0,0,0,20
2024-03-29 01:30:00,3,0,8,3,0,0,0,14
2024-03-29 01:40:00,4,0,19,5,1,0,0,29
2024-03-29 01:50:00,5,1,19,11,2,0,0,38
2024-03-29 02:00:00,5,0,6,3,1,0,0,15
2024-03-29 02:10:00,1,4,7,5,4,0,0,21
2024-03-29 02:20:00,2,0,10,4,1,0,0,17
2024-03-29 02:30:00,1,0,8,4,0,0,0,13
2024-03-29 02:40:00,2,0,4,4,0,0,0,10
2024-03-29 02:50:00,0,0,6,1,1,0,0,8
2024-03-29 03:00:00,0,0,13,3,0,0,0,16
2024-03-29 03:10:00,0,0,8,4,0,0,0,12
2024-03-29 03:20:00,3,0,8,5,0,0,0,16
2024-03-29 03:30:00,2,0,8,5,1,0,0,16
2024-03-29 03:40:00,3,0,7,3,0,0,0,13
2024-03-29 03:50:00,3,1,7,0,0,0,0,11
2024-03-29 04:00:00,0,0,6,3,1,0,0,10
2024-03-29 04:10:00,5,0,4,1,0,0,0,10
2024-03-29 04:20:00,1,0,9,3,0,0,0,13
2024-03-29 04:30:00,3,0,6,11,0,0,0,20
2024-03-29 04:40:00,3,1,6,1,0,0,0,11
2024-03-29 04:50:00,0,0,7,3,0,0,0,10
2024-03-29 05:00:00,6,0,9,2,0,0,0,17
2024-03-29 05:10:00,2,0,7,5,1,0,0,15
2024-03-29 05:20:00,5,0,10,7,1,0,0,23
2024-03-29 05:30:00,17,0,14,11,1,0,0,43
2024-03-29 05:40:00,14,2,16,8,0,0,0,40
2024-03-29 05:50:00,6,0,12,13,3,0,0,34
2024-03-29 06:00:00,4,0,7,2,0,0,0,13
2024-03-29 06:10:00,2,1,14,5,0,0,0,22
2024-03-29 06:20:00,3,0,11,7,2,0,0,23
2024-03-29 06:30:00,4,3,9,4,0,0,0,20
2024-03-29 06:40:00,5,5,14,6,1,0,0,31
2024-03-29 06:50:00,5,0,11,3,0,0,0,19
2024-03-29 07:00:00,4,0,8,7,1,0,0,20
2024-03-29 07:10:00,10,3,8,5,1,0,0,27
2024-03-29 07:20:00,6,1,12,10,0,0,0,29
2024-03-29 07:30:00,6,0,12,7,1,0,0,26
2024-03-29 07:40:00,3,0,19,4,2,0,0,28
2024-03-29 07:50:00,5,0,15,10,2,0,0,32
2024-03-29 08:00:00,7,0,15,6,1,0,0,29
2024-03-29 08:10:00,8,1,21,9,1,0,0,40
2024-03-29 08:20:00,4,3,16,6,2,0,0,31
2024-03-29 08:30:00,4,0,16,8,2,0,0,30
2024-03-29 08:40:00,4,1,17,12,3,0,0,37
2024-03-29 08:50:00,5,1,18,7,3,0,0,34
2024-03-29 09:00:00,4,0,26,12,2,0,0,44
2024-03-29 09:10:00,5,1,22,10,4,0,0,42
2024-03-29 09:20:00,6,1,24,11,3,0,0,45
2024-03-29 09:30:00,8,1,16,14,3,0,0,42
2024-03-29 09:40:00,11,4,19,11,2,0,0,47
2024-03-29 09:50:00,8,4,27,19,4,0,0,62
2024-03-29 10:00:00,11,2,26,23,4,0,0,66
2024-03-29 10:10:00,10,1,33,16,3,0,0,63
2024-03-29 10:20:00,13,1,28,16,1,0,0,59
2024-03-29 10:30:00,11,0,33,22,6,0,0,72
2024-03-29 10:40:00,13,2,33,21,8,0,0,77
2024-03-29 10:50:00,6,1,46,21,6,0,0,80
2024-03-29 11:00:00,8,1,27,24,3,0,0,63
2024-03-29 11:10:00,8,1,37,20,11,0,0,77
2024-03-29 11:20:00,12,2,31,10,8,0,0,63
2024-03-29 11:30:00,12,0,55,18,9,0,0,94
2024-03-29 11:40:00,6,1,31,20,10,0,0,68
2024-03-29 11:50:00,11,3,49,38,9,0,0,110
2024-03-29 12:00:00,11,2,53,33,9,0,0,108
2024-03-29 12:10:00,20,4,56,27,9,0,0,116
2024-03-29 12:20:00,13,2,53,34,1,0,0,103
2024-03-29 12:30:00,22,0,42,30,7,0,0,101
2024-03-29 12:40:00,15,3,56,36,7,0,0,117
2024-03-29 12:50:00,15,0,49,34,11,0,0,109
2024-03-29 13:00:00,14,2,50,28,9,0,0,103
2024-03-29 13:10:00,17,1,50,19,9,0,0,96
2024-03-29 13:20:00,12,1,48,26,7,0,0,94
2024-03-29 13:30:00,14,0,27,38,9,0,0,88
2024-03-29 13:40:00,22,1,48,40,12,0,0,123
2024-03-29 13:50:00,12,0,36,25,11,0,0,84
2024-03-29 14:00:00,17,3,50,20,6,0,0,96
2024-03-29 14:10:00,16,1,50,36,13,0,0,116
2024-03-29 14:20:00,13,2,48,29,14,0,0,106
2024-03-29 14:30:00,11,0,49,33,8,0,0,101
2024-03-29 14:40:00,13,4,33,25,9,0,0,84
2024-03-29 14:50:00,7,3,42,24,1,0,0,77
2024-03-29 15:00:00,11,1,44,29,7,0,0,92
2024-03-29 15:10:00,7,1,26,33,13,0,0,80
2024-03-29 15:20:00,10,2,55,35,11,0,0,113
2024-03-29 15:30:00,7,0,35,27,10,0,0,79
2024-03-29 15:40:00,14,2,45,33,14,0,0,108
2024-03-29 15:50:00,11,0,41,38,8,0,0,98
2024-03-29 16:00:00,12,0,45,28,11,0,0,96
2024-03-29 16:10:00,18,1,37,34,8,0,0,98
2024-03-29 16:20:00,14,3,36,27,10,0,0,90
2024-03-29 16:30:00,15,0,54,28,10,0,0,107
2024-03-29 16:40:00,17,5,38,27,11,0,0,98
2024-03-29 16:50:00,12,0,46,25,11,0,0,94
2024-03-29 17:00:00,9,0,29,38,16,0,0,92
2024-03-29 17:10:00,10,1,32,46,20,0,0,109
2024-03-29 17:20:00,12,2,30,49,11,0,0,104
2024-03-29 17:30:00,14,3,33,36,11,0,0,97
2024-03-29 17:40:00,8,1,36,32,9,0,0,86
2024-03-29 17:50:00,15,3,30,36,12,0,0,96
2024-03-29 18:00:00,12,3,38,31,16,0,0,100
2024-03-29 18:10:00,14,2,35,42,10,0,0,103
2024-03-29 18:20:00,12,2,52,34,14,0,0,114
2024-03-29 18:30:00,12,0,34,42,9,0,0,97
2024-03-29 18:40:00,9,2,29,45,18,0,0,103
2024-03-29 18:50:00,15,0,37,40,15,0,0,107
2024-03-29 19:00:00,10,4,27,31,12,0,0,84
2024-03-29 19:10:00,9,5,46,33,7,0,0,100
2024-03-29 19:20:00,17,2,43,40,12,0,0,114
2024-03-29 19:30:00,14,1,34,24,10,0,0,83
2024-03-29 19:40:00,16,2,23,17,5,0,0,63
2024-03-29 19:50:00,11,1,24,17,3,0,0,56
2024-03-29 20:00:00,8,1,42,24,9,0,0,84
2024-03-29 20:10:00,14,2,28,22,12,0,0,78
2024-03-29 20:20:00,19,0,29,20,12,0,0,80
2024-03-29 20:30:00,21,1,23,24,9,0,0,78
2024-03-29 20:40:00,19,4,24,25,10,0,0,82
2024-03-29 20:50:00,18,2,29,21,11,0,0,81
2024-03-29 21:00:00,12,2,15,18,8,0,0,55
2024-03-29 21:10:00,9,0,26,25,7,0,0,67
2024-03-29 21:20:00,6,0,29,18,11,0,0,64
2024-03-29 21:30:00,6,0,30,26,9,0,0,71
2024-03-29 21:40:00,14,0,19,18,7,0,0,58
2024-03-29 21:50:00,6,1,20,16,7,0,0,50
2024-03-29 22:00:00,8,0,20,22,3,0,0,53
2024-03-29 22:10:00,9,1,28,23,10,0,0,71
2024-03-29 22:20:00,4,1,21,15,9,0,0,50
2024-03-29 22:30:00,7,2,27,15,5,0,0,56
2024-03-29 22:40:00,5,0,22,12,6,0,0,45
2024-03-29 22:50:00,1,1,24,17,11,0,0,54
2024-03-29 23:00:00,9,0,25,25,4,0,0,63
2024-03-29 23:10:00,5,0,14,20,3,0,0,42
2024-03-29 23:20:00,1,1,16,9,6,0,0,33
2024-03-29 23:30:00,12,0,24,12,3,0,0,51
2024-03-29 23:40:00,4,0,16,11,2,0,0,33
2024-03-29 23:50:00,7,2,14,12,2,0,0,37
2024-03-30 00:00:00,4,0,10,8,2,0,0,24
2024-03-30 00:10:00,2,0,12,13,2,0,0,29
2024-03-30 00:20:00,9,1,14,9,2,0,0,35
2024-03-30 00:30:00,7,0,18,12,0,0,0,37
2024-03-30 00:40:00,4,1,16,9,1,0,0,31
2024-03-30 00:50:00,3,1,14,8,0,0,0,26
2024-03-30 01:00:00,4,0,7,4,2,0,0,17
2024-03-30 01:10:00,0,0,15,8,3,0,0,26
2024-03-30 01:20:00,2,0,15,7,2,0,0,26
2024-03-30 01:30:00,5,0,15,7,2,0,0,29
2024-03-30 01:40:00,7,0,8,10,2,0,0,27
2024-03-30 01:50:00,4,3,10,5,1,0,0,23
2024-03-30 02:00:00,3,1,8,6,3,0,0,21
2024-03-30 02:10:00,3,1,11,4,1,0,0,20
2024-03-30 02:20:00,8,0,5,6,2,0,0,21
2024-03-30 02:30:00,3,1,9,5,0,0,0,18
2024-03-30 02:40:00,5,0,8,2,0,0,0,15
2024-03-30 02:50:00,2,0,8,5,2,0,0,17
2024-03-30 03:00:00,0,0,8,1,0,0,0,9
2024-03-30 03:10:00,1,0,6,1,1,0,0,9
2024-03-30 03:20:00,2,0,5,3,0,0,0,10
2024-03-30 03:30:00,6,0,4,6,2,0,0,18
2024-03-30 03:40:00,2,0,5,0,0,0,0,7
2024-03-30 03:50:00,3,1,6,2,1,0,0,13
2024-03-30 04:00:00,1,1,9,3,1,0,0,15
2024-03-30 04:10:00,2,0,9,5,0,0,0,16
2024-03-30 04:20:00,0,0,8,2,0,0,0,10
2024-03-30 04:30:00,2,0,3,3,0,0,0,8
2024-03-30 04:40:00,3,0,1,2,1,0,0,7
2024-03-30 04:50:00,1,0,6,4,0,0,0,11
2024-03-30 05:00:00,5,1,6,5,2,0,0,19
2024-03-30 05:10:00,2,1,11,5,2,0,0,21
2024-03-30 05:20:00,4,1,14,6,1,0,0,26
2024-03-30 05:30:00,20,0,19,6,0,0,0,45
2024-03-30 05:40:00,23,0,19,10,1,0,0,53
2024-03-30 05:50:00,2,0,11,6,3,0,0,22
2024-03-30 06:00:00,2,0,11,5,2,0,0,20
2024-03-30 06:10:00,4,4,8,6,1,0,0,23
2024-03-30 06:20:00,5,3,23,9,2,0,0,42
2024-03-30 06:30:00,7,6,10,12,4,0,0,39
2024-03-30 06:40:00,11,4,22,9,4,0,0,50
2024-03-30 06:50:00,7,1,7,7,1,0,0,23
2024-03-30 07:00:00,4,2,18,9,1,0,0,34
2024-03-30 07:10:00,4,5,18,6,3,0,0,36
2024-03-30 07:20:00,3,3,15,5,2,0,0,28
2024-03-30 07:30:00,5,2,22,8,4,0,0,41
2024-03-30 07:40:00,6,2,20,10,4,0,0,42
2024-03-30 07:50:00,10,6,19,10,1,0,0,46
2024-03-30 08:00:00,9,2,22,10,1,0,0,44
2024-03-30 08:10:00,6,0,17,12,3,0,0,38
2024-03-30 08:20:00,9,4,17,15,5,0,0,50
2024-03-30 08:30:00,11,2,26,14,3,0,0,56
2024-03-30 08:40:00,16,5,28,19,7,0,0,75
2024-03-30 08:50:00,8,1,24,16,10,0,0,59
2024-03-30 09:00:00,11,1,39,18,6,0,0,75
2024-03-30 09:10:00,9,3,35,22,7,0,0,76
2024-03-30 09:20:00,11,3,46,28,10,0,0,98
2024-03-30 09:30:00,7,2,50,33,10,0,0,102
2024-03-30 09:40:00,11,8,51,29,14,0,0,113
2024-03-30 09:50:00,10,1,56,27,9,0,0,103
2024-03-30 10:00:00,11,2,50,29,11,0,0,103
2024-03-30 10:10:00,11,5,44,24,14,0,0,98
2024-03-30 10:20:00,10,4,56,34,8,0,0,112
2024-03-30 10:30:00,13,8,56,28,10,0,0,115
2024-03-30 10:40:00,20,4,67,42,6,0,0,139
2024-03-30 10:50:00,15,3,65,32,16,0,0,131
2024-03-30 11:00:00,11,1,73,38,11,0,0,134
2024-03-30 11:10:00,19,4,48,38,11,0,0,120
2024-03-30 11:20:00,18,3,60,31,22,0,0,134
2024-03-30 11:30:00,17,6,67,28,19,0,0,137
2024-03-30 11:40:00,14,13,52,37,21,0,0,137
2024-03-30 11:50:00,15,4,71,43,15,0,0,148
2024-03-30 12:00:00,14,1,65,39,18,0,0,137
2024-03-30 12:10:00,16,1,69,40,21,0,0,147
2024-03-30 12:20:00,18,3,72,33,16,0,0,142
2024-03-30 12:30:00,15,8,75,30,14,0,0,142
2024-03-30 12:40:00,15,7,67,30,16,0,0,135
2024-03-30 12:50:00,15,1,74,48,8,0,0,146
2024-03-30 13:00:00,10,7,80,31,15,0,0,143
2024-03-30 13:10:00,15,4,75,41,12,0,0,147
2024-03-30 13:20:00,13,9,82,52,22,0,0,178
2024-03-30 13:30:00,16,5,67,34,21,0,0,143
2024-03-30 13:40:00,12,7,57,39,9,0,0,124
2024-03-30 13:50:00,13,3,67,41,16,0,0,140
2024-03-30 14:00:00,15,6,60,36,15,0,0,132
2024-03-30 14:10:00,12,2,71,38,7,0,0,130
2024-03-30 14:20:00,16,9,66,37,13,0,0,141
2024-03-30 14:30:00,13,5,78,54,10,0,0,160
2024-03-30 14:40:00,20,8,56,42,22,0,0,148
2024-03-30 14:50:00,12,3,52,34,15,0,0,116
2024-03-30 15:00:00,13,7,54,36,18,0,0,128
2024-03-30 15:10:00,9,3,66,42,12,0,0,132
2024-03-30 15:20:00,17,5,66,33,22,0,0,143
2024-03-30 15:30:00,15,5,64,38,16,0,0,138
2024-03-30 15:40:00,19,3,77,43,11,0,0,153
2024-03-30 15:50:00,15,3,71,33,15,0,0,137
2024-03-30 16:00:00,13,3,75,42,16,0,0,149
2024-03-30 16:10:00,19,3,63,26,15,0,0,126
2024-03-30 16:20:00,15,3,70,42,17,0,0,147
2024-03-30 16:30:00,17,7,61,44,15,0,0,144
2024-03-30 16:40:00,14,8,67,50,15,0,0,154
2024-03-30 16:50:00,14,6,52,37,19,0,0,128
2024-03-30 17:00:00,12,7,63,36,7,0,0,125
2024-03-30 17:10:00,11,4,60,33,14,0,0,122
2024-03-30 17:20:00,16,2,69,39,14,0,0,140
2024-03-30 17:30:00,13,7,58,33,12,0,0,123
2024-03-30 17:40:00,11,7,55,39,20,0,0,132
2024-03-30 17:50:00,11,0,53,37,7,0,0,108
2024-03-30 18:00:00,15,4,47,32,15,0,0,113
2024-03-30 18:10:00,13,3,57,36,10,0,0,119
2024-03-30 18:20:00,10,5,48,36,16,0,0,115
2024-03-30 18:30:00,11,3,51,33,17,0,0,115
2024-03-30 18:40:00,15,1,44,28,9,0,0,97
2024-03-30 18:50:00,13,5,50,39,4,0,0,111
2024-03-30 19:00:00,8,1,52,22,6,0,0,89
2024-03-30 19:10:00,23,1,43,27,13,0,0,107
2024-03-30 19:20:00,21,2,37,20,7,0,0,87
2024-03-30 19:30:00,15,0,39,18,8,0,0,80
2024-03-30 19:40:00,13,1,48,33,8,0,0,103
2024-03-30 19:50:00,11,0,35,20,12,0,0,78
2024-03-30 20:00:00,14,0,53,20,19,0,0,106
2024-03-30 20:10:00,22,0,42,25,11,0,0,100
2024-03-30 20:20:00,16,2,36,27,8,0,0,89
2024-03-30 20:30:00,18,1,37,36,16,0,0,108
2024-03-30 20:40:00,27,1,40,22,8,0,0,98
2024-03-30 20:50:00,13,1,27,14,8,0,0,63
2024-03-30 21:00:00,20,1,28,18,6,0,0,73
2024-03-30 21:10:00,10,1,29,17,8,0,0,65
2024-03-30 21:20:00,13,1,29,20,4,0,0,67
2024-03-30 21:30:00,7,0,30,20,7,0,0,64
2024-03-30 21:40:00,5,0,40,16,5,0,0,66
2024-03-30 21:50:00,6,1,30,15,8,0,0,60
2024-03-30 22:00:00,16,0,41,24,5,0,0,86
2024-03-30 22:10:00,5,1,37,16,7,0,0,66
2024-03-30 22:20:00,6,0,38,23,8,0,0,75
2024-03-30 22:30:00,13,1,36,17,3,0,0,70
2024-03-30 22:40:00,7,0,21,18,6,0,0,52
2024-03-30 22:50:00,9,1,19,17,9,0,0,55
2024-03-30 23:00:00,4,1,26,12,6,0,0,49
2024-03-30 23:10:00,9,0,29,11,5,0,0,54
2024-03-30 23:20:00,10,1,25,12,8,0,0,56
2024-03-30 23:30:00,4,0,30,13,8,0,0,55
2024-03-30 23:40:00,5,0,31,10,2,0,0,48
2024-03-30 23:50:00,6,0,25,11,7,0,0,49
2024-03-31 00:00:00,2,0,19,10,6,0,0,37
2024-03-31 00:10:00,0,1,27,4,3,0,0,35
2024-03-31 00:20:00,5,0,17,6,0,0,0,28
2024-03-31 00:30:00,3,0,14,7,4,0,0,28
2024-03-31 00:40:00,5,0,20,12,3,0,0,40
2024-03-31 00:50:00,5,1,27,7,3,0,0,43
2024-03-31 01:00:00,5,1,12,10,2,0,0,30
2024-03-31 01:10:00,3,0,11,4,3,0,0,21
2024-03-31 01:20:00,7,0,13,4,2,0,0,26
2024-03-31 01:30:00,5,0,9,9,3,0,0,26
2024-03-31 01:40:00,5,0,15,15,1,0,0,36
2024-03-31 01:50:00,7,0,10,7,1,0,0,25
2024-03-31 02:00:00,0,0,0,0,0,0,0,0
2024-03-31 02:10:00,0,0,0,0,0,0,0,0
2024-03-31 02:20:00,0,0,0,0,0,0,0,0
2024-03-31 02:30:00,0,0,0,0,0,0,0,0
2024-03-31 02:40:00,0,0,0,0,0,0,0,0
2024-03-31 02:50:00,0,0,0,0,0,0,0,0
2024-03-31 03:00:00,4,2,9,6,1,0,0,22
2024-03-31 03:10:00,4,0,6,9,2,0,0,21
2024-03-31 03:20:00,1,1,9,12,3,0,0,26
2024-03-31 03:30:00,0,0,6,8,2,0,0,16
2024-03-31 03:40:00,3,0,5,9,1,0,0,18
2024-03-31 03:50:00,4,0,8,4,1,0,0,17
2024-03-31 04:00:00,3,0,7,8,3,0,0,21
2024-03-31 04:10:00,3,1,12,7,0,0,0,23
2024-03-31 04:20:00,6,0,8,5,0,0,0,19
2024-03-31 04:30:00,4,0,7,3,0,0,0,14
2024-03-31 04:40:00,3,1,1,4,0,0,0,9
2024-03-31 04:50:00,2,0,9,6,0,0,0,17
2024-03-31 05:00:00,3,0,9,3,1,0,0,16
2024-03-31 05:10:00,4,1,7,2,2,0,0,16
2024-03-31 05:20:00,14,0,10,6,1,0,0,31
2024-03-31 05:30:00,18,0,10,5,0,0,0,33
2024-03-31 05:40:00,18,0,13,5,0,0,0,36
2024-03-31 05:50:00,11,0,13,3,0,0,0,27
2024-03-31 06:00:00,3,0,11,4,2,0,0,20
2024-03-31 06:10:00,5,2,8,8,0,0,0,23
2024-03-31 06:20:00,4,0,9,6,2,0,0,21
2024-03-31 06:30:00,8,1,9,3,0,0,0,21
2024-03-31 06:40:00,6,0,5,4,1,0,0,16
2024-03-31 06:50:00,3,1,7,6,0,0,0,17
2024-03-31 07:00:00,1,0,3,6,2,0,0,12
2024-03-31 07:10:00,1,0,8,5,0,0,0,14
2024-03-31 07:20:00,2,0,6,1,0,0,0,9
2024-03-31 07:30:00,2,1,6,3,0,0,0,12
2024-03-31 07:40:00,5,3,6,6,1,0,0,21
2024-03-31 07:50:00,7,1,8,3,1,0,0,20
2024-03-31 08:00:00,4,0,6,2,1,0,0,13
2024-03-31 08:10:00,6,2,10,4,0,0,0,22
2024-03-31 08:20:00,3,0,9,8,1,0,0,21
2024-03-31 08:30:00,4,0,7,9,0,0,0,20
2024-03-31 08:40:00,6,1,11,8,0,0,0,26
2024-03-31 08:50:00,6,1,8,11,4,0,0,30
2024-03-31 09:00:00,2,0,13,13,3,0,0,31
2024-03-31 09:10:00,5,2,10,7,0,0,0,24
2024-03-31 09:20:00,5,0,15,14,2,0,0,36
2024-03-31 09:30:00,6,0,23,19,4,0,0,52
2024-03-31 09:40:00,2,3,18,13,4,0,0,40
2024-03-31 09:50:00,9,0,21,17,4,0,0,51
2024-03-31 10:00:00,3,0,22,18,5,0,0,48
2024-03-31 10:10:00,2,1,20,16,4,0,0,43
2024-03-31 10:20:00,4,2,20,15,6,0,0,47
2024-03-31 10:30:00,10,2,36,21,5,0,0,74
2024-03-31 10:40:00,11,3,26,24,6,0,0,70
2024-03-31 10:50:00,8,2,27,15,0,0,0,52
2024-03-31 11:00:00,7,4,31,20,2,0,0,64
2024-03-31 11:10:00,11,2,26,19,6,0,0,64
2024-03-31 11:20:00,11,1,29,29,8,0,0,78
2024-03-31 11:30:00,13,6,34,20,8,0,0,81
2024-03-31 11:40:00,14,2,43,29,8,0,0,96
2024-03-31 11:50:00,5,5,37,22,9,0,0,78
2024-03-31 12:00:00,5,3,34,38,8,0,0,88
2024-03-31 12:10:00,17,3,37,30,3,0,0,90
2024-03-31 12:20:00,8,1,42,23,8,0,0,82
2024-03-31 12:30:00,8,9,43,24,8,0,0,92
2024-03-31 12:40:00,12,5,31,26,5,0,0,79
2024-03-31 12:50:00,11,6,38,32,5,0,0,92
2024-03-31 13:00:00,14,4,33,18,4,0,0,73
2024-03-31 13:10:00,24,7,36,26,8,0,0,101
2024-03-31 13:20:00,15,9,31,21,6,0,0,82
2024-03-31 13:30:00,19,3,32,24,9,0,0,87
2024-03-31 13:40:00,11,4,42,32,9,0,0,98
2024-03-31 13:50:00,10,2,40,21,8,0,0,81
2024-03-31 14:00:00,8,5,38,27,10,0,0,88
2024-03-31 14:10:00,6,7,31,28,9,0,0,81
2024-03-31 14:20:00,10,1,29,20,8,0,0,68
2024-03-31 14:30:00,11,4,30,27,5,0,0,77
2024-03-31 14:40:00,10,2,29,29,5,0,0,75
2024-03-31 14:50:00,10,11,37,25,7,0,0,90
2024-03-31 15:00:00,13,2,37,32,10,0,0,94
2024-03-31 15:10:00,13,0,42,31,7,0,0,93
2024-03-31 15:20:00,11,6,45,29,6,0,0,97
2024-03-31 15:30:00,17,8,46,18,10,0,0,99
2024-03-31 15:40:00,3,3,37,21,8,0,0,72
2024-03-31 15:50:00,9,3,35,25,7,0,0,79
2024-03-31 16:00:00,20,3,46,39,9,0,0,117
2024-03-31 16:10:00,14,4,41,19,6,0,0,84
2024-03-31 16:20:00,8,1,51,31,8,0,0,99
2024-03-31 16:30:00,13,1,41,39,14,0,0,108
2024-03-31 16:40:00,14,4,49,37,6,0,0,110
2024-03-31 16:50:00,13,8,37,34,7,0,0,99
2024-03-31 17:00:00,11,7,36,24,7,0,0,85
2024-03-31 17:10:00,12,4,36,34,8,0,0,94
2024-03-31 17:20:00,8,3,35,26,5,0,0,77
2024-03-31 17:30:00,10,4,42,45,12,0,0,113
2024-03-31 17:40:00,20,8,31,40,13,0,0,112
2024-03-31 17:50:00,9,3,39,45,9,0,0,105
2024-03-31 18:00:00,19,0,48,35,6,0,0,108
2024-03-31 18:10:00,16,1,25,25,12,0,0,79
2024-03-31 18:20:00,9,1,46,33,11,0,0,100
2024-03-31 18:30:00,5,4,28,27,14,0,0,78
2024-03-31 18:40:00,12,9,36,34,13,0,0,104
2024-03-31 18:50:00,7,2,24,32,10,0,0,75
2024-03-31 19:00:00,14,1,38,38,9,0,0,100
2024-03-31 19:10:00,10,2,28,27,8,0,0,75
2024-03-31 19:20:00,12,4,49,30,15,0,0,110
2024-03-31 19:30:00,10,2,32,23,13,0,0,80
2024-03-31 19:40:00,11,2,28,34,4,0,0,79
2024-03-31 19:50:00,8,4,24,27,9,0,0,72
2024-03-31 20:00:00,9,2,36,25,11,0,0,83
2024-03-31 20:10:00,10,2,32,25,7,0,0,76
2024-03-31 20:20:00,10,0,32,27,9,0,0,78
2024-03-31 20:30:00,13,1,25,20,2,0,0,61
2024-03-31 20:40:00,13,0,28,27,5,0,0,73
2024-03-31 20:50:00,9,0,30,17,7,0,0,63
2024-03-31 21:00:00,10,0,21,19,5,0,0,55
2024-03-31 21:10:00,8,0,34,24,6,0,0,72
2024-03-31 21:20:00,12,0,31,23,6,0,0,72
2024-03-31 21:30:00,16,0,32,27,7,0,0,82
2024-03-31 21:40:00,14,0,22,21,5,0,0,62
2024-03-31 21:50:00,3,1,26,20,11,0,0,61
2024-03-31 22:00:00,6,0,24,17,8,0,0,55
2024-03-31 22:10:00,4,2,19,15,6,0,0,46
2024-03-31 22:20:00,3,0,17,13,7,0,0,40
2024-03-31 22:30:00,9,0,18,18,7,0,0,52
2024-03-31 22:40:00,3,0,19,13,6,0,0,41
2024-03-31 22:50:00,4,0,13,8,7,0,0,32
2024-03-31 23:00:00,8,0,15,14,6,0,0,43
2024-03-31 23:10:00,10,2,13,10,4,0,0,39
2024-03-31 23:20:00,7,0,9,13,5,0,0,34
2024-03-31 23:30:00,7,2,13,9,8,0,0,39
2024-03-31 23:40:00,5,1,9,10,5,0,0,30
2024-03-31 23:50:00,2,1,7,10,3,0,0,23
2024-04-01 00:00:00,5,0,10,15,7,0,0,37
2024-04-01 00:10:00,1,0,15,12,1,0,0,29
2024-04-01 00:20:00,2,0,12,9,3,0,0,26
2024-04-01 00:30:00,7,0,11,13,2,0,0,33
2024-04-01 00:40:00,7,0,11,8,4,0,0,30
2024-04-01 00:50:00,4,0,13,8,2,0,0,27
2024-04-01 01:00:00,5,0,7,6,3,0,0,21
2024-04-01 01:10:00,2,0,9,6,2,0,0,19
2024-04-01 01:20:00,1,0,11,6,2,0,0,20
2024-04-01 01:30:00,1,0,10,7,0,0,0,18
2024-04-01 01:40:00,2,0,11,12,1,0,0,26
2024-04-01 01:50:00,6,0,6,4,1,0,0,17
2024-04-01 02:00:00,4,0,10,3,1,0,0,18
2024-04-01 02:10:00,3,0,6,8,2,0,0,19
2024-04-01 02:20:00,1,0,7,6,1,0,0,15
2024-04-01 02:30:00,0,0,10,5,1,0,0,16
2024-04-01 02:40:00,7,1,13,9,0,0,0,30
2024-04-01 02:50:00,2,1,7,6,1,0,0,17
2024-04-01 03:00:00,3,1,6,6,0,0,0,16
2024-04-01 03:10:00,0,0,6,10,0,0,0,16
2024-04-01 03:20:00,3,0,9,5,0,0,0,17
2024-04-01 03:30:00,0,1,6,7,1,0,0,15
2024-04-01 03:40:00,4,0,6,1,0,0,0,11
2024-04-01 03:50:00,2,0,6,3,0,0,0,11
2024-04-01 04:00:00,0,0,7,4,0,0,0,11
2024-04-01 04:10:00,8,1,10,2,0,0,0,21
2024-04-01 04:20:00,5,1,5,1,0,0,0,12
2024-04-01 04:30:00,1,0,8,4,1,0,0,14
2024-04-01 04:40:00,5,0,5,6,1,0,0,17
2024-04-01 04:50:00,2,0,2,4,1,0,0,9
2024-04-01 05:00:00,1,0,6,2,0,0,0,9
2024-04-01 05:10:00,2,0,8,3,0,0,0,13
2024-04-01 05:20:00,9,0,11,2,0,0,0,22
2024-04-01 05:30:00,14,0,14,9,0,0,0,37
2024-04-01 05:40:00,18,1,16,10,0,0,0,45
2024-04-01 05:50:00,5,0,8,3,0,0,0,16
2024-04-01 06:00:00,6,0,9,3,1,0,0,19
2024-04-01 06:10:00,10,1,11,10,2,0,0,34
2024-04-01 06:20:00,5,0,11,4,1,0,0,21
2024-04-01 06:30:00,7,0,8,4,0,0,0,19
2024-04-01 06:40:00,8,2,8,2,0,0,0,20
2024-04-01 06:50:00,6,0,9,4,1,0,0,20
2024-04-01 07:00:00,6,0,5,4,1,0,0,16
2024-04-01 07:10:00,1,0,7,5,0,0,0,13
2024-04-01 07:20:00,3,0,11,4,3,0,0,21
2024-04-01 07:30:00,4,0,11,10,1,0,0,26
2024-04-01 07:40:00,9,0,10,9,2,0,0,30
2024-04-01 07:50:00,7,1,14,6,1,0,0,29
2024-04-01 08:00:00,4,0,9,5,1,0,0,19
2024-04-01 08:10:00,7,2,9,7,1,0,0,26
2024-04-01 08:20:00,4,1,9,6,0,0,0,20
2024-04-01 08:30:00,11,0,9,8,0,0,0,28
2024-04-01 08:40:00,3,1,10,12,1,0,0,27
2024-04-01 08:50:00,4,1,16,11,2,0,0,34
2024-04-01 09:00:00,3,2,9,10,2,0,0,26
2024-04-01 09:10:00,6,0,19,12,3,0,0,40
2024-04-01 09:20:00,5,1,8,11,4,0,0,29
2024-04-01 09:30:00,5,2,20,16,4,0,0,47
2024-04-01 09:40:00,6,2,18,23,8,0,0,57
2024-04-01 09:50:00,8,0,32,15,5,0,0,60
2024-04-01 10:00:00,7,2,24,10,1,0,0,44
2024-04-01 10:10:00,3,1,24,12,4,0,0,44
2024-04-01 10:20:00,8,0,23,18,2,0,0,51
2024-04-01 10:30:00,6,1,35,14,3,0,0,59
2024-04-01 10:40:00,6,1,28,17,6,0,0,58
2024-04-01 10:50:00,4,1,31,40,2,0,0,78
2024-04-01 11:00:00,11,0,39,30,13,0,0,93
2024-04-01 11:10:00,6,0,39,19,6,0,0,70
2024-04-01 11:20:00,9,0,44,28,6,0,0,87
2024-04-01 11:30:00,5,1,39,24,7,0,0,76
2024-04-01 11:40:00,10,1,40,27,5,0,0,83
2024-04-01 11:50:00,8,2,47,28,13,0,0,98
2024-04-01 12:00:00,11,1,34,25,6,0,0,77
2024-04-01 12:10:00,11,5,60,42,9,0,0,127
2024-04-01 12:20:00,13,0,52,23,8,0,0,96
2024-04-01 12:30:00,13,1,39,33,10,0,0,96
2024-04-01 12:40:00,13,2,39,33,4,0,0,91
2024-04-01 12:50:00,20,1,50,31,8,0,0,110
2024-04-01 13:00:00,13,6,54,27,5,0,0,105
2024-04-01 13:10:00,19,0,47,25,5,0,0,96
2024-04-01 13:20:00,15,5,45,33,7,0,0,105
2024-04-01 13:30:00,19,1,60,27,11,0,0,118
2024-04-01 13:40:00,15,4,48,36,6,0,0,109
2024-04-01 13:50:00,8,1,33,38,13,0,0,93
2024-04-01 14:00:00,9,1,54,29,10,0,0,103
2024-04-01 14:10:00,14,0,45,36,7,0,0,102
2024-04-01 14:20:00,14,3,54,46,12,0,0,129
2024-04-01 14:30:00,12,1,39,38,16,0,0,106
2024-04-01 14:40:00,11,2,44,34,13,0,0,104
2024-04-01 14:50:00,12,0,46,52,11,0,0,121
2024-04-01 15:00:00,14,0,64,47,8,0,0,133
2024-04-01 15:10:00,11,1,45,31,9,0,0,97
2024-04-01 15:20:00,18,2,53,41,8,0,0,122
2024-04-01 15:30:00,15,0,49,36,9,0,0,109
2024-04-01 15:40:00,9,2,45,39,10,0,0,105
2024-04-01 15:50:00,10,1,43,32,7,0,0,93
2024-04-01 16:00:00,9,1,60,42,11,0,0,123
2024-04-01 16:10:00,11,1,55,36,4,0,0,107
2024-04-01 16:20:00,13,0,64,30,11,0,0,118
2024-04-01 16:30:00,9,2,62,40,12,0,0,125
2024-04-01 16:40:00,14,3,55,43,11,0,0,126
2024-04-01 16:50:00,15,4,60,48,12,0,0,139
2024-04-01 17:00:00,11,5,56,47,15,0,0,134
2024-04-01 17:10:00,13,0,49,36,7,0,0,105
2024-04-01 17:20:00,13,3,66,35,12,0,0,129
2024-04-01 17:30:00,14,2,40,56,8,0,0,120
2024-04-01 17:40:00,13,2,47,55,9,0,0,126
2024-04-01 17:50:00,12,3,31,43,18,0,0,107
2024-04-01 18:00:00,14,4,36,35,16,0,0,105
2024-04-01 18:10:00,13,0,33,50,13,0,0,109
2024-04-01 18:20:00,10,3,56,28,7,0,0,104
2024-04-01 18:30:00,8,2,57,29,12,0,0,108
2024-04-01 18:40:00,10,6,40,34,8,0,0,98
2024-04-01 18:50:00,10,6,54,34,14,0,0,118
2024-04-01 19:00:00,9,4,52,32,9,0,0,106
2024-04-01 19:10:00,10,1,49,51,13,0,0,124
2024-04-01 19:20:00,9,2,60,39,13,0,0,123
2024-04-01 19:30:00,12,2,47,30,10,0,0,101
2024-04-01 19:40:00,14,2,48,30,10,0,0,104
2024-04-01 19:50:00,5,1,47,39,12,0,0,104
2024-04-01 20:00:00,10,0,39,26,7,0,0,82
2024-04-01 20:10:00,10,3,42,21,5,0,0,81
2024-04-01 20:20:00,12,0,20,27,7,0,0,66
2024-04-01 20:30:00,14,2,26,21,6,0,0,69
2024-04-01 20:40:00,15,3,38,19,7,0,0,82
2024-04-01 20:50:00,10,0,40,31,8,0,0,89
2024-04-01 21:00:00,9,0,25,17,4,0,0,55
2024-04-01 21:10:00,7,1,27,23,5,0,0,63
2024-04-01 21:20:00,16,0,37,24,9,0,0,86
2024-04-01 21:30:00,7,1,41,28,5,0,0,82
2024-04-01 21:40:00,12,1,26,14,14,0,0,67
2024-04-01 21:50:00,10,2,24,19,6,0,0,61
2024-04-01 22:00:00,10,1,27,15,8,0,0,61
2024-04-01 22:10:00,4,1,26,17,4,0,0,52
2024-04-01 22:20:00,17,0,28,10,4,0,0,59
2024-04-01 22:30:00,7,1,24,19,6,0,0,57
2024-04-01 22:40:00,6,0,16,16,4,0,0,42
2024-04-01 22:50:00,4,0,28,11,2,0,0,45
2024-04-01 23:00:00,5,0,19,12,5,0,0,41
2024-04-01 23:10:00,2,0,13,12,4,0,0,31
2024-04-01 23:20:00,13,1,20,7,2,0,0,43
2024-04-01 23:30:00,1,0,15,12,5,0,0,33
2024-04-01 23:40:00,3,0,11,7,0,0,0,21
2024-04-01 23:50:00,0,1,11,8,5,0,0,25
2024-04-02 00:00:00,2,0,8,2,1,0,0,13
2024-04-02 00:10:00,6,2,13,6,0,0,0,27
2024-04-02 00:20:00,1,0,5,10,1,0,0,17
2024-04-02 00:30:00,6,0,9,3,2,0,0,20
2024-04-02 00:40:00,1,0,14,6,1,0,0,22
2024-04-02 00:50:00,3,0,5,2,0,0,0,10
2024-04-02 01:00:00,4,0,4,3,1,0,0,12
2024-04-02 01:10:00,3,0,7,2,1,0,0,13
2024-04-02 01:20:00,1,0,4,8,0,0,0,13
2024-04-02 01:30:00,1,0,7,1,1,0,0,10
2024-04-02 01:40:00,6,0,11,2,0,0,0,19
2024-04-02 01:50:00,0,0,7,3,2,0,0,12
2024-04-02 02:00:00,3,0,5,2,0,0,0,10
2024-04-02 02:10:00,0,0,6,3,0,0,0,9
2024-04-02 02:20:00,5,0,9,3,1,0,0,18
2024-04-02 02:30:00,5,0,3,3,0,0,0,11
2024-04-02 02:40:00,0,0,9,3,0,0,0,12
2024-04-02 02:50:00,0,0,7,2,0,0,0,9
2024-04-02 03:00:00,3,0,9,3,0,0,0,15
2024-04-02 03:10:00,1,0,7,1,0,0,0,9
2024-04-02 03:20:00,2,0,4,4,0,0,0,10
2024-04-02 03:30:00,3,0,4,3,0,0,0,10
2024-04-02 03:40:00,4,0,4,2,0,0,0,10
2024-04-02 03:50:00,1,0,5,3,0,0,0,9
2024-04-02 04:00:00,0,1,10,4,0,0,0,15
2024-04-02 04:10:00,1,1,6,4,2,0,0,14
2024-04-02 04:20:00,2,0,2,2,0,0,0,6
2024-04-02 04:30:00,2,1,8,7,1,0,0,19
2024-04-02 04:40:00,1,0,10,6,0,0,0,17
2024-04-02 04:50:00,5,2,17,7,2,0,0,33
2024-04-02 05:00:00,4,2,15,12,0,0,0,33
2024-04-02 05:10:00,3,1,18,6,3,0,0,31
2024-04-02 05:20:00,13,0,22,25,6,0,0,66
2024-04-02 05:30:00,7,1,32,24,2,0,0,66
2024-04-02 05:40:00,13,1,39,32,3,0,0,88
2024-04-02 05:50:00,9,3,29,29,5,0,0,75
2024-04-02 06:00:00,5,2,57,38,4,0,0,106
2024-04-02 06:10:00,13,3,53,35,4,0,0,108
2024-04-02 06:20:00,18,2,69,61,5,0,0,155
2024-04-02 06:30:00,33,1,58,34,3,0,0,129
2024-04-02 06:40:00,22,1,47,53,5,0,0,128
2024-04-02 06:50:00,12,4,64,75,5,0,0,160
2024-04-02 07:00:00,19,7,63,41,10,0,0,140
2024-04-02 07:10:00,28,12,72,60,14,0,0,186
2024-04-02 07:20:00,25,18,59,42,9,0,0,153
2024-04-02 07:30:00,17,8,80,61,12,0,0,178
2024-04-02 07:40:00,17,13,63,60,17,0,0,170
2024-04-02 07:50:00,15,19,72,54,13,0,0,173
2024-04-02 08:00:00,16,12,71,54,16,0,0,169
2024-04-02 08:10:00,20,13,68,50,15,0,0,166
2024-04-02 08:20:00,19,16,71,55,14,0,0,175
2024-04-02 08:30:00,18,4,55,45,16,0,0,138
2024-04-02 08:40:00,16,24,68,54,15,0,0,177
2024-04-02 08:50:00,21,14,73,51,18,0,0,177
2024-04-02 09:00:00,20,19,63,43,22,0,0,167
2024-04-02 09:10:00,13,18,63,40,17,0,0,151
2024-04-02 09:20:00,16,15,71,34,17,0,0,153
2024-04-02 09:30:00,15,5,78,41,18,0,0,157
2024-04-02 09:40:00,20,14,55,41,18,0,0,148
2024-04-02 09:50:00,17,14,82,44,14,0,0,171
2024-04-02 10:00:00,18,11,65,34,20,0,0,148
2024-04-02 10:10:00,21,11,55,43,20,0,0,150
2024-04-02 10:20:00,21,10,70,46,22,0,0,169
2024-04-02 10:30:00,22,15,69,33,21,0,0,160
2024-04-02 10:40:00,19,19,66,29,14,0,0,147
2024-04-02 10:50:00,22,19,83,29,20,0,0,173
2024-04-02 11:00:00,19,12,71,38,17,0,0,157
2024-04-02 11:10:00,11,11,68,52,15,0,0,157
2024-04-02 11:20:00,26,8,63,47,21,0,0,165
2024-04-02 11:30:00,16,11,74,51,16,0,0,168
2024-04-02 11:40:00,19,13,57,38,18,0,0,145
2024-04-02 11:50:00,25,9,43,35,12,0,0,124
2024-04-02 12:00:00,17,5,46,26,15,0,0,109
2024-04-02 12:10:00,19,8,54,39,15,0,0,135
2024-04-02 12:20:00,17,11,50,30,15,0,0,123
2024-04-02 12:30:00,20,10,56,30,19,0,0,135
2024-04-02 12:40:00,18,12,54,29,19,0,0,132
2024-04-02 12:50:00,32,5,40,26,11,0,0,114
2024-04-02 13:00:00,18,14,56,41,25,0,0,154
2024-04-02 13:10:00,27,14,70,36,15,0,0,162
2024-04-02 13:20:00,20,26,64,48,16,0,0,174
2024-04-02 13:30:00,16,13,67,52,17,0,0,165
2024-04-02 13:40:00,19,11,67,35,16,0,0,148
2024-04-02 13:50:00,14,5,75,43,15,0,0,152
2024-04-02 14:00:00,14,13,59,48,22,0,0,156
2024-04-02 14:10:00,19,6,51,38,14,0,0,128
2024-04-02 14:20:00,24,9,62,48,14,0,0,157
2024-04-02 14:30:00,21,13,70,56,24,0,0,184
2024-04-02 14:40:00,25,17,68,40,19,0,0,169
2024-04-02 14:50:00,24,11,61,48,26,0,0,170
2024-04-02 15:00:00,19,12,52,44,24,0,0,151
2024-04-02 15:10:00,22,11,78,35,25,0,0,171
2024-04-02 15:20:00,20,10,57,48,17,0,0,152
2024-04-02 15:30:00,24,6,61,42,17,0,0,150
2024-04-02 15:40:00,22,7,75,43,23,0,0,170
2024-04-02 15:50:00,6,7,78,40,21,0,0,152
2024-04-02 16:00:00,22,14,78,49,17,0,0,180
2024-04-02 16:10:00,21,6,72,41,18,0,0,158
2024-04-02 16:20:00,26,7,70,49,28,0,0,180
2024-04-02 16:30:00,25,11,62,42,14,0,0,154
2024-04-02 16:40:00,26,15,58,46,23,0,0,168
2024-04-02 16:50:00,17,9,72,49,21,0,0,168
2024-04-02 17:00:00,15,5,64,42,25,0,0,151
2024-04-02 17:10:00,23,12,65,53,16,0,0,169
2024-04-02 17:20:00,29,18,47,55,18,0,0,167
2024-04-02 17:30:00,35,7,54,47,13,0,0,156
2024-04-02 17:40:00,26,15,59,48,19,0,0,167
2024-04-02 17:50:00,19,6,35,52,21,0,0,133
2024-04-02 18:00:00,27,9,44,58,16,0,0,154
2024-04-02 18:10:00,20,10,43,46,18,0,0,137
2024-04-02 18:20:00,24,10,40,47,19,0,0,140
2024-04-02 18:30:00,13,9,32,52,7,0,0,113
2024-04-02 18:40:00,18,6,52,34,15,0,0,125
2024-04-02 18:50:00,11,4,56,35,13,0,0,119
2024-04-02 19:00:00,16,4,48,31,6,0,0,105
2024-04-02 19:10:00,12,8,48,36,12,0,0,116
2024-04-02 19:20:00,14,3,40,30,13,0,0,100
2024-04-02 19:30:00,17,6,55,28,16,0,0,122
2024-04-02 19:40:00,13,3,30,34,16,0,0,96
2024-04-02 19:50:00,21,5,30,33,12,0,0,101
2024-04-02 20:00:00,7,4,44,40,4,0,0,99
2024-04-02 20:10:00,15,3,35,31,8,0,0,92
2024-04-02 20:20:00,14,2,30,24,6,0,0,76
2024-04-02 20:30:00,26,1,30,20,7,0,0,84
2024-04-02 20:40:00,13,1,35,24,8,0,0,81
2024-04-02 20:50:00,19,1,35,17,3,0,0,75
2024-04-02 21:00:00,9,0,30,22,6,0,0,67
2024-04-02 21:10:00,14,1,43,24,6,0,0,88
2024-04-02 21:20:00,10,0,29,20,3,0,0,62
2024-04-02 21:30:00,7,1,32,22,9,0,0,71
2024-04-02 21:40:00,16,1,29,13,10,0,0,69
2024-04-02 21:50:00,9,0,24,17,6,0,0,56
2024-04-02 22:00:00,10,2,30,11,4,0,0,57
2024-04-02 22:10:00,17,0,29,16,2,0,0,64
2024-04-02 22:20:00,9,1,25,10,9,0,0,54
2024-04-02 22:30:00,6,1,23,8,3,0,0,41
2024-04-02 22:40:00,5,0,19,9,2,0,0,35
2024-04-02 22:50:00,13,0,22,13,5,0,0,53
2024-04-02 23:00:00,18,2,19,8,2,0,0,49
2024-04-02 23:10:00,17,0,18,6,5,0,0,46
2024-04-02 23:20:00,4,0,12,5,6,0,0,27
2024-04-02 23:30:00,5,0,18,4,2,0,0,29
2024-04-02 23:40:00,5,0,11,7,3,0,0,26
2024-04-02 23:50:00,3,0,14,9,0,0,0,26
2024-04-03 00:00:00,1,0,18,6,4,0,0,29
2024-04-03 00:10:00,9,0,10,6,2,0,0,27
2024-04-03 00:20:00,2,0,10,10,5,0,0,27
2024-04-03 00:30:00,0,0,13,3,0,0,0,16
2024-04-03 00:40:00,8,0,11,8,0,0,0,27
2024-04-03 00:50:00,3,0,8,1,0,0,0,12
2024-04-03 01:00:00,5,0,13,1,1,0,0,20
2024-04-03 01:10:00,2,1,4,1,0,0,0,8
2024-04-03 01:20:00,1,0,9,2,2,0,0,14
2024-04-03 01:30:00,3,0,11,4,0,0,0,18
2024-04-03 01:40:00,0,0,5,2,1,0,0,8
2024-04-03 01:50:00,1,1,3,0,1,0,0,6
2024-04-03 02:00:00,1,1,9,3,2,0,0,16
2024-04-03 02:10:00,2,0,3,2,1,0,0,8
2024-04-03 02:20:00,0,0,5,3,1,0,0,9
2024-04-03 02:30:00,0,0,4,4,1,0,0,9
2024-04-03 02:40:00,2,0,8,4,0,0,0,14
2024-04-03 02:50:00,3,1,3,3,0,0,0,10
2024-04-03 03:00:00,4,0,3,2,0,0,0,9
2024-04-03 03:10:00,2,0,9,1,0,0,0,12
2024-04-03 03:20:00,1,0,3,2,0,0,0,6
2024-04-03 03:30:00,1,0,3,2,0,0,0,6
2024-04-03 03:40:00,1,1,8,0,0,0,0,10
2024-04-03 03:50:00,0,0,7,2,1,0,0,10
2024-04-03 04:00:00,1,0,5,3,0,0,0,9
2024-04-03 04:10:00,3,0,6,3,1,0,0,13
2024-04-03 04:20:00,0,0,10,4,0,0,0,14
2024-04-03 04:30:00,4,0,4,7,1,0,0,16
2024-04-03 04:40:00,2,1,9,6,0,0,0,18
2024-04-03 04:50:00,1,0,7,4,0,0,0,12
2024-04-03 05:00:00,4,1,12,15,2,0,0,34
2024-04-03 05:10:00,3,0,14,11,2,0,0,30
2024-04-03 05:20:00,6,0,29,22,2,0,0,59
2024-04-03 05:30:00,16,2,29,21,5,0,0,73
2024-04-03 05:40:00,23,1,30,24,2,0,0,80
2024-04-03 05:50:00,17,3,29,23,5,0,0,77
2024-04-03 06:00:00,8,2,38,30,10,0,0,88
2024-04-03 06:10:00,11,2,48,32,6,0,0,99
2024-04-03 06:20:00,16,1,53,43,5,0,0,118
2024-04-03 06:30:00,12,1,66,45,5,0,0,129
2024-04-03 06:40:00,11,4,49,34,7,0,0,105
2024-04-03 06:50:00,21,17,72,59,6,0,0,175
2024-04-03 07:00:00,20,11,64,46,12,0,0,153
2024-04-03 07:10:00,16,15,63,39,14,0,0,147
2024-04-03 07:20:00,20,16,62,57,14,0,0,169
2024-04-03 07:30:00,19,11,66,61,17,0,0,174
2024-04-03 07:40:00,20,16,79,59,13,0,0,187
2024-04-03 07:50:00,20,24,71,72,25,0,0,212
2024-04-03 08:00:00,15,12,71,40,11,0,0,149
2024-04-03 08:10:00,19,10,60,37,11,0,0,137
2024-04-03 08:20:00,23,12,72,46,22,0,0,175
2024-04-03 08:30:00,19,14,59,26,8,0,0,126
2024-04-03 08:40:00,17,19,73,45,17,0,0,171
2024-04-03 08:50:00,29,20,56,50,19,0,0,174
2024-04-03 09:00:00,17,5,64,44,16,0,0,146
2024-04-03 09:10:00,19,15,65,37,22,0,0,158
2024-04-03 09:20:00,25,19,50,33,7,0,0,134
2024-04-03 09:30:00,17,13,68,37,14,0,0,149
2024-04-03 09:40:00,21,15,56,52,17,0,0,161
2024-04-03 09:50:00,13,13,60,41,20,0,0,147
2024-04-03 10:00:00,22,11,73,38,26,0,0,170
2024-04-03 10:10:00,16,12,62,47,14,0,0,151
2024-04-03 10:20:00,20,17,62,37,18,0,0,154
2024-04-03 10:30:00,20,4,61,35,22,0,0,142
2024-04-03 10:40:00,18,7,55,35,18,0,0,133
2024-04-03 10:50:00,14,7,64,23,21,0,0,129
2024-04-03 11:00:00,16,6,63,25,20,0,0,130
2024-04-03 11:10:00,14,13,71,40,17,0,0,155
2024-04-03 11:20:00,22,10,68,34,15,0,0,149
2024-04-03 11:30:00,23,8,58,34,19,0,0,142
2024-04-03 11:40:00,23,13,63,33,18,0,0,150
2024-04-03 11:50:00,21,12,75,54,17,0,0,179
2024-04-03 12:00:00,31,13,63,31,14,0,0,152
2024-04-03 12:10:00,23,19,84,40,20,0,0,186
2024-04-03 12:20:00,21,9,77,36,13,0,0,156
2024-04-03 12:30:00,17,7,74,40,17,0,0,155
2024-04-03 12:40:00,17,14,76,32,15,0,0,154
2024-04-03 12:50:00,15,13,73,34,14,0,0,149
2024-04-03 13:00:00,18,8,75,33,22,0,0,156
2024-04-03 13:10:00,22,12,78,29,20,0,0,161
2024-04-03 13:20:00,17,11,65,41,17,0,0,151
2024-04-03 13:30:00,27,8,51,46,14,0,0,146
2024-04-03 13:40:00,17,9,57,46,14,0,0,143
2024-04-03 13:50:00,22,10,63,41,17,0,0,153
2024-04-03 14:00:00,17,6,62,24,13,0,0,122
2024-04-03 14:10:00,16,7,55,27,14,0,0,119
2024-04-03 14:20:00,23,5,71,42,20,0,0,161
2024-04-03 14:30:00,19,10,65,38,19,0,0,151
2024-04-03 14:40:00,20,7,71,45,14,0,0,157
2024-04-03 14:50:00,17,17,67,36,14,0,0,151
2024-04-03 15:00:00,22,6,62,48,12,0,0,150
2024-04-03 15:10:00,18,10,69,40,14,0,0,151
2024-04-03 15:20:00,19,9,79,42,24,0,0,173
2024-04-03 15:30:00,25,6,59,47,18,0,0,155
2024-04-03 15:40:00,22,20,75,53,13,0,0,183
2024-04-03 15:50:00,19,5,60,36,24,0,0,144
2024-04-03 16:00:00,18,13,64,44,20,0,0,159
2024-04-03 16:10:00,18,9,64,29,12,0,0,132
2024-04-03 16:20:00,21,4,65,45,13,0,0,148
2024-04-03 16:30:00,21,9,69,51,26,0,0,176
2024-04-03 16:40:00,25,14,55,35,15,0,0,144
2024-04-03 16:50:00,17,9,56,41,11,0,0,134
2024-04-03 17:00:00,26,8,52,42,14,0,0,142
2024-04-03 17:10:00,18,12,58,49,22,0,0,159
2024-04-03 17:20:00,15,7,67,28,12,0,0,129
2024-04-03 17:30:00,21,5,74,34,16,0,0,150
2024-04-03 17:40:00,22,6,67,39,17,0,0,151
2024-04-03 17:50:00,22,8,67,40,17,0,0,154
2024-04-03 18:00:00,10,7,37,41,13,0,0,108
2024-04-03 18:10:00,16,4,44,43,17,0,0,124
2024-04-03 18:20:00,17,6,62,53,12,0,0,150
2024-04-03 18:30:00,10,4,65,36,17,0,0,132
2024-04-03 18:40:00,19,4,50,32,13,0,0,118
2024-04-03 18:50:00,17,17,70,46,19,0,0,169
2024-04-03 19:00:00,11,8,52,37,17,0,0,125
2024-04-03 19:10:00,12,7,61,26,15,0,0,121
2024-04-03 19:20:00,14,2,51,31,10,0,0,108
2024-04-03 19:30:00,16,5,40,33,16,0,0,110
2024-04-03 19:40:00,8,3,48,34,9,0,0,102
2024-04-03 19:50:00,11,4,48,34,8,0,0,105
2024-04-03 20:00:00,19,2,41,26,10,0,0,98
2024-04-03 20:10:00,15,4,35,17,5,0,0,76
2024-04-03 20:20:00,13,0,33,15,4,0,0,65
2024-04-03 20:30:00,9,2,31,14,2,0,0,58
2024-04-03 20:40:00,17,2,41,23,9,0,0,92
2024-04-03 20:50:00,18,0,34,21,8,0,0,81
2024-04-03 21:00:00,10,2,29,19,3,0,0,63
2024-04-03 21:10:00,8,2,40,21,10,0,0,81
2024-04-03 21:20:00,15,0,34,16,7,0,0,72
2024-04-03 21:30:00,5,0,30,27,11,0,0,73
2024-04-03 21:40:00,10,0,25,22,13,0,0,70
2024-04-03 21:50:00,15,4,24,18,6,0,0,67
2024-04-03 22:00:00,5,4,26,24,12,0,0,71
2024-04-03 22:10:00,9,2,22,20,3,0,0,56
2024-04-03 22:20:00,7,0,17,16,1,0,0,41
2024-04-03 22:30:00,8,0,16,20,6,0,0,50
2024-04-03 22:40:00,10,0,16,13,6,0,0,45
2024-04-03 22:50:00,6,2,16,13,7,0,0,44
2024-04-03 23:00:00,8,0,14,10,1,0,0,33
2024-04-03 23:10:00,7,2,14,19,4,0,0,46
2024-04-03 23:20:00,7,3,14,12,1,0,0,37
2024-04-03 23:30:00,6,0,12,8,3,0,0,29
2024-04-03 23:40:00,5,0,9,7,2,0,0,23
2024-04-03 23:50:00,6,1,13,11,1,0,0,32
2024-04-04 00:00:00,2,0,8,4,1,0,0,15
2024-04-04 00:10:00,2,1,10,11,2,0,0,26
2024-04-04 00:20:00,3,1,6,3,0,0,0,13
2024-04-04 00:30:00,2,0,8,7,3,0,0,20
2024-04-04 00:40:00,8,0,6,4,1,0,0,19
2024-04-04 00:50:00,1,1,6,2,1,0,0,11
2024-04-04 01:00:00,1,0,9,3,1,0,0,14
2024-04-04 01:10:00,5,0,6,2,0,0,0,13
2024-04-04 01:20:00,1,0,6,7,2,0,0,16
2024-04-04 01:30:00,1,0,5,0,0,0,0,6
2024-04-04 01:40:00,4,0,7,3,0,0,0,14
2024-04-04 01:50:00,0,0,5,3,1,0,0,9
2024-04-04 02:00:00,8,0,8,4,2,0,0,22
2024-04-04 02:10:00,1,0,3,4,2,0,0,10
2024-04-04 02:20:00,0,0,4,4,0,0,0,8
2024-04-04 02:30:00,3,0,5,2,1,0,0,11
2024-04-04 02:40:00,1,0,6,2,0,0,0,9
2024-04-04 02:50:00,0,0,4,4,1,0,0,9
2024-04-04 03:00:00,0,0,2,3,1,0,0,6
2024-04-04 03:10:00,3,0,2,3,0,0,0,8
2024-04-04 03:20:00,2,0,7,1,0,0,0,10
2024-04-04 03:30:00,2,3,1,2,0,0,0,8
2024-04-04 03:40:00,6,0,4,4,0,0,0,14
2024-04-04 03:50:00,0,0,3,1,0,0,0,4
2024-04-04 04:00:00,2,1,10,1,1,0,0,15
2024-04-04 04:10:00,2,1,3,3,1,0,0,10
2024-04-04 04:20:00,1,0,9,2,0,0,0,12
2024-04-04 04:30:00,2,0,10,12,3,0,0,27
2024-04-04 04:40:00,3,1,10,7,0,0,0,21
2024-04-04 04:50:00,2,4,13,5,0,0,0,24
2024-04-04 05:00:00,10,1,11,6,2,0,0,30
2024-04-04 05:10:00,0,0,11,9,1,0,0,21
2024-04-04 05:20:00,13,0,21,10,3,0,0,47
2024-04-04 05:30:00,17,2,24,17,4,0,0,64
2024-04-04 05:40:00,16,1,30,19,1,0,0,67
2024-04-04 05:50:00,12,0,31,19,5,0,0,67
2024-04-04 06:00:00,9,2,47,36,5,0,0,99
2024-04-04 06:10:00,9,4,45,25,5,0,0,88
2024-04-04 06:20:00,17,4,59,45,6,0,0,131
2024-04-04 06:30:00,17,4,59,34,3,0,0,117
2024-04-04 06:40:00,24,3,53,37,8,0,0,125
2024-04-04 06:50:00,19,3,80,54,10,0,0,166
2024-04-04 07:00:00,11,7,54,41,15,0,0,128
2024-04-04 07:10:00,16,20,63,49,15,0,0,163
2024-04-04 07:20:00,13,7,67,37,10,0,0,134
2024-04-04 07:30:00,15,16,86,69,17,0,0,203
2024-04-04 07:40:00,22,4,84,47,14,0,0,171
2024-04-04 07:50:00,15,16,72,47,18,0,0,168
2024-04-04 08:00:00,11,14,55,36,14,0,0,130
2024-04-04 08:10:00,15,16,61,35,20,1,1,149
2024-04-04 08:20:00,21,13,70,46,22,0,0,172
2024-04-04 08:30:00,21,8,57,23,13,0,0,122
2024-04-04 08:40:00,16,19,70,54,18,0,0,177
2024-04-04 08:50:00,17,16,58,33,10,0,0,134
2024-04-04 09:00:00,22,8,66,41,14,0,0,151
2024-04-04 09:10:00,22,14,83,30,21,0,0,170
2024-04-04 09:20:00,22,13,68,28,16,0,0,147
2024-04-04 09:30:00,18,17,62,27,17,0,0,141
2024-04-04 09:40:00,21,14,61,40,20,0,0,156
2024-04-04 09:50:00,20,11,76,29,14,0,0,150
2024-04-04 10:00:00,21,11,61,29,15,0,0,137
2024-04-04 10:10:00,15,11,70,47,22,0,0,165
2024-04-04 10:20:00,26,12,67,35,21,0,0,161
2024-04-04 10:30:00,24,5,59,17,16,0,0,121
2024-04-04 10:40:00,27,9,70,30,24,0,0,160
2024-04-04 10:50:00,19,9,71,43,18,0,0,160
2024-04-04 11:00:00,19,7,81,42,20,0,0,169
2024-04-04 11:10:00,18,17,55,34,14,0,0,138
2024-04-04 11:20:00,16,6,60,35,21,0,0,138
2024-04-04 11:30:00,17,8,79,31,28,0,0,163
2024-04-04 11:40:00,20,8,68,35,16,0,0,147
2024-04-04 11:50:00,20,9,70,43,10,0,0,152
2024-04-04 12:00:00,25,9,62,47,11,0,0,154
2024-04-04 12:10:00,32,8,61,44,22,0,0,167
2024-04-04 12:20:00,24,15,78,38,22,0,0,177
2024-04-04 12:30:00,18,11,78,57,27,0,0,191
2024-04-04 12:40:00,7,8,69,44,18,0,0,146
2024-04-04 12:50:00,21,5,65,44,13,0,0,148
2024-04-04 13:00:00,27,9,54,42,16,0,0,148
2024-04-04 13:10:00,21,9,62,44,16,0,0,152
2024-04-04 13:20:00,21,6,69,38,15,0,0,149
2024-04-04 13:30:00,13,7,67,31,12,0,0,130
2024-04-04 13:40:00,19,7,68,39,17,0,0,150
2024-04-04 13:50:00,18,7,61,42,19,0,0,147
2024-04-04 14:00:00,17,8,56,40,21,0,0,142
2024-04-04 14:10:00,18,10,63,38,18,0,0,147
2024-04-04 14:20:00,21,7,70,37,23,0,0,158
2024-04-04 14:30:00,20,5,72,42,16,0,0,155
2024-04-04 14:40:00,21,6,56,46,21,0,0,150
2024-04-04 14:50:00,19,11,63,40,22,0,0,155
2024-04-04 15:00:00,21,5,70,48,18,0,0,162
2024-04-04 15:10:00,20,7,61,35,19,0,0,142
2024-04-04 15:20:00,22,5,69,46,20,0,0,162
2024-04-04 15:30:00,26,7,48,37,18,0,0,136
2024-04-04 15:40:00,16,10,62,44,29,0,0,161
2024-04-04 15:50:00,27,13,53,41,20,0,0,154
2024-04-04 16:00:00,16,6,59,51,22,0,0,154
2024-04-04 16:10:00,22,5,56,52,22,0,0,157
2024-04-04 16:20:00,24,14,58,52,21,0,0,169
2024-04-04 16:30:00,33,10,53,55,16,0,0,167
2024-04-04 16:40:00,22,12,55,57,24,0,0,170
2024-04-04 16:50:00,23,6,62,56,23,0,0,170
2024-04-04 17:00:00,24,7,52,45,16,0,0,144
2024-04-04 17:10:00,16,9,73,52,17,0,0,167
2024-04-04 17:20:00,19,5,61,49,17,0,0,151
2024-04-04 17:30:00,26,7,46,39,19,0,0,137
2024-04-04 17:40:00,28,9,55,51,24,0,0,167
2024-04-04 17:50:00,29,12,39,38,17,0,0,135
2024-04-04 18:00:00,18,10,53,47,12,0,0,140
2024-04-04 18:10:00,18,4,57,35,15,0,0,129
2024-04-04 18:20:00,18,5,53,40,10,0,0,126
2024-04-04 18:30:00,13,5,57,40,11,0,0,126
2024-04-04 18:40:00,20,9,49,33,20,0,0,131
2024-04-04 18:50:00,16,10,62,31,21,0,0,140
2024-04-04 19:00:00,15,9,48,41,11,0,0,124
2024-04-04 19:10:00,16,4,49,37,14,0,0,120
2024-04-04 19:20:00,13,1,33,40,11,0,0,98
2024-04-04 19:30:00,12,3,29,40,12,0,0,96
2024-04-04 19:40:00,19,3,41,42,18,0,0,123
2024-04-04 19:50:00,12,1,35,27,14,0,0,89
2024-04-04 20:00:00,14,3,32,35,7,0,0,91
2024-04-04 20:10:00,12,2,16,22,13,0,0,65
2024-04-04 20:20:00,12,2,33,16,8,0,0,71
2024-04-04 20:30:00,14,2,19,25,12,0,0,72
2024-04-04 20:40:00,16,0,24,18,6,0,0,64
2024-04-04 20:50:00,14,1,22,18,2,0,0,57
2024-04-04 21:00:00,14,0,19,16,4,0,0,53
2024-04-04 21:10:00,13,0,32,19,8,0,0,72
2024-04-04 21:20:00,14,1,21,19,4,0,0,59
2024-04-04 21:30:00,14,1,21,15,6,0,0,57
2024-04-04 21:40:00,15,0,24,20,11,0,0,70
2024-04-04 21:50:00,20,0,22,21,10,0,0,73
2024-04-04 22:00:00,6,0,15,16,8,0,0,45
2024-04-04 22:10:00,9,2,16,14,7,0,0,48
2024-04-04 22:20:00,7,0,15,15,4,0,0,41
2024-04-04 22:30:00,8,0,16,18,1,0,0,43
2024-04-04 22:40:00,2,0,12,15,22,0,0,51
2024-04-04 22:50:00,7,1,10,15,8,0,0,41
2024-04-04 23:00:00,6,0,13,13,3,0,0,35
2024-04-04 23:10:00,5,0,13,9,2,0,0,29
2024-04-04 23:20:00,4,0,17,12,4,0,0,37
2024-04-04 23:30:00,7,0,9,8,2,0,0,26
2024-04-04 23:40:00,7,0,10,11,4,0,0,32
2024-04-04 23:50:00,3,0,14,7,2,0,0,26
2024-04-05 00:00:00,8,2,17,11,3,0,0,41
2024-04-05 00:10:00,3,0,10,10,3,0,0,26
2024-04-05 00:20:00,6,0,9,10,5,0,0,30
2024-04-05 00:30:00,5,1,11,8,1,0,0,26
2024-04-05 00:40:00,3,0,11,8,3,0,0,25
2024-04-05 00:50:00,0,3,7,7,1,0,0,18
2024-04-05 01:00:00,3,0,6,5,0,0,0,14
2024-04-05 01:10:00,7,0,4,5,1,0,0,17
2024-04-05 01:20:00,2,0,5,7,2,0,0,16
2024-04-05 01:30:00,1,0,4,4,2,0,0,11
2024-04-05 01:40:00,3,1,7,6,0,0,0,17
2024-04-05 01:50:00,1,0,4,3,1,0,0,9
2024-04-05 02:00:00,0,0,0,0,0,0,0,0
