datetime,D41Z,D42Z,D43Z,D44Z,D81Z,D82Z,D83Z,D84Z,Total
2024-03-01 01:00:00,0,0,6,10,2,0,0,2,20
2024-03-01 01:10:00,0,0,3,1,2,0,0,3,9
2024-03-01 01:20:00,0,0,6,5,2,0,0,6,19
2024-03-01 01:30:00,0,0,2,2,4,0,0,5,13
2024-03-01 01:40:00,0,0,4,6,4,0,0,6,20
2024-03-01 01:50:00,0,0,4,3,3,0,0,4,14
2024-03-01 02:00:00,0,0,2,4,4,0,0,7,17
2024-03-01 02:10:00,0,0,2,1,4,0,0,2,9
2024-03-01 02:20:00,0,0,2,5,4,0,0,2,13
2024-03-01 02:30:00,0,0,9,4,3,0,0,5,21
2024-03-01 02:40:00,0,0,12,5,1,0,0,5,23
2024-03-01 02:50:00,0,0,2,6,3,0,0,1,12
2024-03-01 03:00:00,0,0,1,3,4,0,0,4,12
2024-03-01 03:10:00,0,0,2,2,3,0,0,3,10
2024-03-01 03:20:00,0,0,7,5,3,0,0,4,19
2024-03-01 03:30:00,0,0,1,6,3,0,0,6,16
2024-03-01 03:40:00,0,0,8,7,4,0,0,0,19
2024-03-01 03:50:00,0,0,7,6,3,0,0,1,17
2024-03-01 04:00:00,0,0,7,3,3,0,0,3,16
2024-03-01 04:10:00,0,0,3,6,1,0,0,2,12
2024-03-01 04:20:00,0,0,10,8,0,0,0,4,22
2024-03-01 04:30:00,0,0,9,10,2,0,0,7,28
2024-03-01 04:40:00,0,0,9,13,6,0,0,5,33
2024-03-01 04:50:00,0,0,16,16,1,0,0,3,36
2024-03-01 05:00:00,0,0,16,17,4,0,0,4,41
2024-03-01 05:10:00,0,0,26,14,6,0,0,3,49
2024-03-01 05:20:00,0,0,19,18,11,0,0,16,64
2024-03-01 05:30:00,0,0,31,31,11,0,0,14,87
2024-03-01 05:40:00,0,0,23,34,13,0,0,19,89
2024-03-01 05:50:00,0,0,26,43,13,0,0,23,105
2024-03-01 06:00:00,0,0,21,44,18,0,0,22,105
2024-03-01 06:10:00,0,0,31,45,14,0,0,11,101
2024-03-01 06:20:00,0,0,25,50,23,0,0,24,122
2024-03-01 06:30:00,0,0,37,51,28,0,0,28,144
2024-03-01 06:40:00,0,0,29,46,39,0,0,20,134
2024-03-01 06:50:00,0,0,40,47,52,0,0,18,157
2024-03-01 07:00:00,0,0,26,39,37,0,0,18,120
2024-03-01 07:10:00,0,0,36,40,31,0,0,15,122
2024-03-01 07:20:00,0,0,34,33,47,0,0,19,133
2024-03-01 07:30:00,0,0,30,48,46,0,0,14,138
2024-03-01 07:40:00,0,0,30,36,56,0,0,17,139
2024-03-01 07:50:00,0,0,23,30,64,0,0,7,124
2024-03-01 08:00:00,0,0,12,15,54,0,0,7,88
2024-03-01 08:10:00,0,0,29,31,54,0,0,11,125
2024-03-01 08:20:00,0,0,35,36,46,0,0,19,136
2024-03-01 08:30:00,0,0,30,35,36,0,0,15,116
2024-03-01 08:40:00,0,0,27,35,44,0,0,20,126
2024-03-01 08:50:00,0,0,30,29,43,0,0,19,121
2024-03-01 09:00:00,0,0,33,37,36,0,0,15,121
2024-03-01 09:10:00,0,0,29,37,39,0,0,16,121
2024-03-01 09:20:00,0,0,35,39,47,0,0,16,137
2024-03-01 09:30:00,0,0,30,35,46,0,0,17,128
2024-03-01 09:40:00,0,0,26,41,40,0,0,18,125
2024-03-01 09:50:00,0,0,27,38,54,0,0,22,141
2024-03-01 10:00:00,0,0,26,26,44,0,0,14,110
2024-03-01 10:10:00,0,0,21,28,34,0,0,18,101
2024-03-01 10:20:00,0,0,25,32,50,0,0,19,126
2024-03-01 10:30:00,0,0,29,38,37,0,0,21,125
2024-03-01 10:40:00,0,0,29,32,40,0,0,22,123
2024-03-01 10:50:00,0,0,24,31,54,0,0,22,131
2024-03-01 11:00:00,0,0,26,30,30,0,0,20,106
2024-03-01 11:10:00,0,0,28,37,48,0,0,27,140
2024-03-01 11:20:00,0,0,21,28,65,0,0,18,132
2024-03-01 11:30:00,0,0,24,32,71,0,0,12,139
2024-03-01 11:40:00,0,0,28,34,59,0,0,24,145
2024-03-01 11:50:00,0,0,27,30,82,0,0,18,157
2024-03-01 12:00:00,0,0,25,35,61,0,0,26,147
2024-03-01 12:10:00,0,0,28,35,68,0,0,24,155
2024-03-01 12:20:00,0,0,22,21,59,0,0,23,125
2024-03-01 12:30:00,0,0,28,38,70,0,0,17,153
2024-03-01 12:40:00,0,0,29,26,55,0,0,28,138
2024-03-01 12:50:00,0,0,34,39,76,0,0,17,166
2024-03-01 13:00:00,0,0,38,35,71,0,0,21,165
2024-03-01 13:10:00,0,0,16,16,39,0,0,14,85
2024-03-01 13:20:00,0,0,27,38,84,0,0,19,168
2024-03-01 13:30:00,0,0,39,37,72,0,0,25,173
2024-03-01 13:40:00,0,0,34,36,93,0,0,13,176
2024-03-01 13:50:00,0,0,27,38,85,0,0,16,166
2024-03-01 14:00:00,0,0,36,37,79,0,0,12,164
2024-03-01 14:10:00,0,0,33,30,86,0,0,14,163
2024-03-01 14:20:00,0,0,32,30,87,0,0,19,168
2024-03-01 14:30:00,0,0,26,33,84,0,0,17,160
2024-03-01 14:40:00,0,0,30,27,78,0,0,18,153
2024-03-01 14:50:00,0,0,37,36,83,0,0,16,172
2024-03-01 15:00:00,0,0,35,45,68,0,0,20,168
2024-03-01 15:10:00,0,0,25,30,94,0,0,25,174
2024-03-01 15:20:00,0,0,38,42,79,0,0,20,179
2024-03-01 15:30:00,0,0,37,40,103,0,0,15,195
2024-03-01 15:40:00,0,0,30,31,92,0,0,21,174
2024-03-01 15:50:00,0,0,20,26,71,0,0,13,130
2024-03-01 16:00:00,0,0,25,28,73,0,0,18,144
2024-03-01 16:10:00,0,0,21,23,69,0,0,17,130
2024-03-01 16:20:00,0,0,28,30,70,0,0,24,152
2024-03-01 16:30:00,0,0,33,34,69,0,0,17,153
2024-03-01 16:40:00,0,0,41,37,76,0,0,19,173
2024-03-01 16:50:00,0,0,36,33,91,0,0,9,169
2024-03-01 17:00:00,0,0,29,31,87,0,0,19,166
2024-03-01 17:10:00,0,0,34,26,86,0,0,25,171
2024-03-01 17:20:00,0,0,28,25,53,0,0,10,116
2024-03-01 17:30:00,0,0,40,41,78,0,0,17,176
2024-03-01 17:40:00,0,0,28,39,77,0,0,20,164
2024-03-01 17:50:00,0,0,33,38,67,0,0,20,158
2024-03-01 18:00:00,0,0,33,30,85,0,0,16,164
2024-03-01 18:10:00,0,0,29,32,66,0,0,20,147
2024-03-01 18:20:00,0,0,23,33,76,0,0,30,162
2024-03-01 18:30:00,0,0,25,48,73,0,0,19,165
2024-03-01 18:40:00,0,0,30,48,56,0,0,32,166
2024-03-01 18:50:00,0,0,34,51,60,0,0,18,163
2024-03-01 19:00:00,0,0,34,50,58,0,0,37,179
2024-03-01 19:10:00,0,0,26,28,54,0,0,32,140
2024-03-01 19:20:00,0,0,24,38,47,0,0,22,131
2024-03-01 19:30:00,0,0,30,44,54,0,0,20,148
2024-03-01 19:40:00,0,0,28,42,60,0,0,28,158
2024-03-01 19:50:00,0,0,23,27,55,0,0,22,127
2024-03-01 20:00:00,0,0,28,30,45,0,0,21,124
2024-03-01 20:10:00,0,0,24,24,53,0,0,28,129
2024-03-01 20:20:00,0,0,30,31,50,0,0,23,134
2024-03-01 20:30:00,0,0,23,28,40,0,0,27,118
2024-03-01 20:40:00,0,0,27,32,41,0,0,25,125
2024-03-01 20:50:00,0,0,25,28,41,0,0,26,120
2024-03-01 21:00:00,0,0,23,30,34,0,0,30,117
2024-03-01 21:10:00,0,0,23,21,44,0,0,29,117
2024-03-01 21:20:00,0,0,23,28,42,0,0,29,122
2024-03-01 21:30:00,0,0,25,32,31,0,0,26,114
2024-03-01 21:40:00,0,0,22,21,36,0,0,33,112
2024-03-01 21:50:00,0,0,18,29,42,0,0,27,116
2024-03-01 22:00:00,0,0,19,32,42,0,0,30,123
2024-03-01 22:10:00,0,0,22,19,42,0,0,30,113
2024-03-01 22:20:00,0,0,22,22,40,0,0,32,116
2024-03-01 22:30:00,0,0,20,30,39,0,0,24,113
2024-03-01 22:40:00,0,0,22,36,34,0,0,27,119
2024-03-01 22:50:00,0,0,15,21,31,0,0,25,92
2024-03-01 23:00:00,0,0,21,24,25,0,0,19,89
2024-03-01 23:10:00,0,0,16,20,45,0,0,31,112
2024-03-01 23:20:00,0,0,22,7,41,0,0,29,99
2024-03-01 23:30:00,0,0,16,11,39,0,0,26,92
2024-03-01 23:40:00,0,0,29,31,24,0,0,21,105
2024-03-01 23:50:00,0,0,9,15,34,0,0,14,72
2024-03-02 00:00:00,0,0,15,7,20,0,0,20,62
2024-03-02 00:10:00,0,0,24,16,17,0,0,27,84
2024-03-02 00:20:00,0,0,15,15,20,0,0,19,69
2024-03-02 00:30:00,0,0,7,11,20,0,0,16,54
2024-03-02 00:40:00,0,0,9,10,10,0,0,13,42
2024-03-02 00:50:00,0,0,17,10,11,0,0,9,47
2024-03-02 01:00:00,0,0,11,9,24,0,0,9,53
2024-03-02 01:10:00,0,0,6,7,12,0,0,19,44
2024-03-02 01:20:00,0,0,9,12,7,0,0,13,41
2024-03-02 01:30:00,0,0,9,15,10,0,0,10,44
2024-03-02 01:40:00,0,0,10,11,9,0,0,6,36
2024-03-02 01:50:00,0,0,8,5,8,0,0,15,36
2024-03-02 02:00:00,0,0,13,12,7,0,0,6,38
2024-03-02 02:10:00,0,0,7,3,8,0,0,7,25
2024-03-02 02:20:00,0,0,5,10,8,0,0,6,29
2024-03-02 02:30:00,0,0,9,12,4,0,0,10,35
2024-03-02 02:40:00,0,0,7,8,6,0,0,9,30
2024-03-02 02:50:00,0,0,5,7,7,0,0,10,29
2024-03-02 03:00:00,0,0,4,4,5,0,0,6,19
2024-03-02 03:10:00,0,0,2,5,7,0,0,4,18
2024-03-02 03:20:00,0,0,7,4,5,0,0,11,27
2024-03-02 03:30:00,0,0,2,7,9,0,0,8,26
2024-03-02 03:40:00,0,0,4,10,6,0,0,12,32
2024-03-02 03:50:00,0,0,8,13,7,0,0,8,36
2024-03-02 04:00:00,0,0,8,7,4,0,0,4,23
2024-03-02 04:10:00,0,0,6,5,1,0,0,8,20
2024-03-02 04:20:00,0,0,6,6,5,0,0,9,26
2024-03-02 04:30:00,0,0,11,14,1,0,0,4,30
2024-03-02 04:40:00,0,0,10,11,1,0,0,4,26
2024-03-02 04:50:00,0,0,10,9,1,0,0,4,24
2024-03-02 05:00:00,0,0,18,9,3,0,0,1,31
2024-03-02 05:10:00,0,0,6,8,5,0,0,6,25
2024-03-02 05:20:00,0,0,13,16,11,0,0,9,49
2024-03-02 05:30:00,0,0,18,15,11,0,0,11,55
2024-03-02 05:40:00,0,0,17,18,6,0,0,7,48
2024-03-02 05:50:00,0,0,10,14,4,0,0,7,35
2024-03-02 06:00:00,0,0,8,13,10,0,0,7,38
2024-03-02 06:10:00,0,0,18,27,8,0,0,12,65
2024-03-02 06:20:00,0,0,11,24,8,0,0,8,51
2024-03-02 06:30:00,0,0,12,15,9,0,0,5,41
2024-03-02 06:40:00,0,0,13,17,6,0,0,12,48
2024-03-02 06:50:00,0,0,14,16,11,0,0,6,47
2024-03-02 07:00:00,0,0,11,14,9,0,0,5,39
2024-03-02 07:10:00,0,0,12,10,8,0,0,10,40
2024-03-02 07:20:00,0,0,12,9,15,0,0,13,49
2024-03-02 07:30:00,0,0,19,20,9,0,0,13,61
2024-03-02 07:40:00,0,0,16,12,13,0,0,11,52
2024-03-02 07:50:00,0,0,13,16,14,0,0,15,58
2024-03-02 08:00:00,0,0,14,18,10,0,0,14,56
2024-03-02 08:10:00,0,0,23,20,11,0,0,17,71
2024-03-02 08:20:00,0,0,14,16,13,0,0,13,56
2024-03-02 08:30:00,0,0,15,13,19,0,0,12,59
2024-03-02 08:40:00,0,0,17,18,20,0,0,18,73
2024-03-02 08:50:00,0,0,18,18,18,0,0,18,72
2024-03-02 09:00:00,0,0,19,18,15,0,0,12,64
2024-03-02 09:10:00,0,0,21,25,20,0,0,17,83
2024-03-02 09:20:00,0,0,16,32,25,0,0,15,88
2024-03-02 09:30:00,0,0,26,30,34,0,0,26,116
2024-03-02 09:40:00,0,0,26,26,24,0,0,19,95
2024-03-02 09:50:00,0,0,24,30,28,0,0,19,101
2024-03-02 10:00:00,0,0,25,24,29,0,0,18,96
2024-03-02 10:10:00,0,0,23,25,29,0,0,21,98
2024-03-02 10:20:00,0,0,26,39,40,0,0,20,125
2024-03-02 10:30:00,0,0,24,26,35,0,0,20,105
2024-03-02 10:40:00,0,0,24,29,39,0,0,17,109
2024-03-02 10:50:00,0,0,24,25,34,0,0,17,100
2024-03-02 11:00:00,0,0,17,22,54,0,0,17,110
2024-03-02 11:10:00,0,0,26,32,37,0,0,26,121
2024-03-02 11:20:00,0,0,28,34,33,0,0,10,105
2024-03-02 11:30:00,0,0,25,30,43,0,0,28,126
2024-03-02 11:40:00,0,0,31,43,34,0,0,16,124
2024-03-02 11:50:00,0,0,24,21,66,0,0,29,140
2024-03-02 12:00:00,0,0,28,34,48,0,0,25,135
2024-03-02 12:10:00,0,0,26,36,65,0,0,14,141
2024-03-02 12:20:00,0,0,35,33,70,0,0,23,161
2024-03-02 12:30:00,0,0,26,31,57,0,0,23,137
2024-03-02 12:40:00,0,0,25,37,71,0,0,20,153
2024-03-02 12:50:00,0,0,23,29,56,0,0,17,125
2024-03-02 13:00:00,0,0,34,32,62,0,0,17,145
2024-03-02 13:10:00,0,0,23,22,59,0,0,22,126
2024-03-02 13:20:00,0,0,33,39,60,0,0,22,154
2024-03-02 13:30:00,0,0,25,37,57,0,0,20,139
2024-03-02 13:40:00,0,0,28,35,78,0,0,19,160
2024-03-02 13:50:00,0,0,29,39,81,0,0,20,169
2024-03-02 14:00:00,0,0,36,31,68,0,0,21,156
2024-03-02 14:10:00,0,0,39,38,78,0,0,16,171
2024-03-02 14:20:00,0,0,30,32,82,0,0,27,171
2024-03-02 14:30:00,0,0,32,39,59,0,0,29,159
2024-03-02 14:40:00,0,0,34,44,70,0,0,23,171
2024-03-02 14:50:00,0,0,32,37,64,0,0,22,155
2024-03-02 15:00:00,0,0,33,40,60,0,0,22,155
2024-03-02 15:10:00,0,0,29,35,86,0,0,21,171
2024-03-02 15:20:00,0,0,27,30,77,0,0,20,154
2024-03-02 15:30:00,0,0,30,36,67,0,0,32,165
2024-03-02 15:40:00,0,0,25,35,58,0,0,19,137
2024-03-02 15:50:00,0,0,27,22,67,0,0,20,136
2024-03-02 16:00:00,0,0,24,35,54,0,0,22,135
2024-03-02 16:10:00,0,0,21,35,56,0,0,17,129
2024-03-02 16:20:00,0,0,23,30,59,0,0,26,138
2024-03-02 16:30:00,0,0,27,30,60,0,0,25,142
2024-03-02 16:40:00,0,0,26,27,70,0,0,28,151
2024-03-02 16:50:00,0,0,37,38,66,0,0,24,165
2024-03-02 17:00:00,0,0,35,25,80,0,0,22,162
2024-03-02 17:10:00,0,0,29,36,87,0,0,22,174
2024-03-02 17:20:00,0,0,20,27,68,0,0,15,130
2024-03-02 17:30:00,0,0,25,31,64,0,0,26,146
2024-03-02 17:40:00,0,0,26,31,80,0,0,19,156
2024-03-02 17:50:00,0,0,25,31,98,0,0,12,166
2024-03-02 18:00:00,0,0,0,3,104,0,0,2,109
2024-03-02 18:10:00,0,0,0,11,87,0,0,32,130
2024-03-02 18:20:00,0,0,27,36,74,0,0,17,154
2024-03-02 18:30:00,0,0,27,41,79,0,0,39,186
2024-03-02 18:40:00,0,0,36,45,72,0,0,34,187
2024-03-02 18:50:00,0,0,32,53,72,0,0,24,181
2024-03-02 19:00:00,0,0,26,47,80,0,0,28,181
2024-03-02 19:10:00,0,0,33,49,66,0,0,29,177
2024-03-02 19:20:00,0,0,33,24,59,0,0,25,141
2024-03-02 19:30:00,0,0,21,41,54,0,0,22,138
2024-03-02 19:40:00,0,0,33,36,56,0,0,27,152
2024-03-02 19:50:00,0,0,29,37,65,0,0,25,156
2024-03-02 20:00:00,0,0,29,36,56,0,0,34,155
2024-03-02 20:10:00,0,0,34,46,51,0,0,36,167
2024-03-02 20:20:00,0,0,21,30,35,0,0,34,120
2024-03-02 20:30:00,0,0,29,40,53,0,0,32,154
2024-03-02 20:40:00,0,0,23,37,43,0,0,29,132
2024-03-02 20:50:00,0,0,28,29,34,0,0,24,115
2024-03-02 21:00:00,0,0,21,28,43,0,0,25,117
2024-03-02 21:10:00,0,0,20,34,55,0,0,36,145
2024-03-02 21:20:00,0,0,15,27,52,0,0,30,124
2024-03-02 21:30:00,0,0,22,27,37,0,0,31,117
2024-03-02 21:40:00,0,0,21,24,40,0,0,23,108
2024-03-02 21:50:00,0,0,25,30,35,0,0,30,120
2024-03-02 22:00:00,0,0,23,25,33,0,0,19,100
2024-03-02 22:10:00,0,0,30,32,40,0,0,30,132
2024-03-02 22:20:00,0,0,22,19,47,0,0,30,118
2024-03-02 22:30:00,0,0,20,27,36,0,0,37,120
2024-03-02 22:40:00,0,0,21,15,40,0,0,20,96
2024-03-02 22:50:00,0,0,23,22,42,0,0,30,117
2024-03-02 23:00:00,0,0,24,23,36,0,0,29,112
2024-03-02 23:10:00,0,0,20,25,35,0,0,23,103
2024-03-02 23:20:00,0,0,20,20,27,0,0,25,92
2024-03-02 23:30:00,0,0,19,28,23,0,0,31,101
2024-03-02 23:40:00,0,0,22,24,34,0,0,27,107
2024-03-02 23:50:00,0,0,17,19,34,0,0,22,92
2024-03-03 00:00:00,0,0,12,14,22,0,0,28,76
2024-03-03 00:10:00,0,0,10,20,28,0,0,18,76
2024-03-03 00:20:00,0,0,13,17,17,0,0,16,63
2024-03-03 00:30:00,0,0,11,19,22,0,0,17,69
2024-03-03 00:40:00,0,0,13,18,21,0,0,26,78
2024-03-03 00:50:00,0,0,9,23,15,0,0,19,66
2024-03-03 01:00:00,0,0,12,18,20,0,0,16,66
2024-03-03 01:10:00,0,0,17,15,13,0,0,14,59
2024-03-03 01:20:00,0,0,14,9,8,0,0,13,44
2024-03-03 01:30:00,0,0,14,8,12,0,0,14,48
2024-03-03 01:40:00,0,0,14,9,16,0,0,8,47
2024-03-03 01:50:00,0,0,5,11,10,0,0,8,34
2024-03-03 02:00:00,0,0,9,15,13,0,0,11,48
2024-03-03 02:10:00,0,0,7,24,11,0,0,12,54
2024-03-03 02:20:00,0,0,9,12,3,0,0,9,33
2024-03-03 02:30:00,0,0,9,15,9,0,0,13,46
2024-03-03 02:40:00,0,0,16,15,7,0,0,13,51
2024-03-03 02:50:00,0,0,10,5,10,0,0,11,36
2024-03-03 03:00:00,0,0,3,13,7,0,0,6,29
2024-03-03 03:10:00,0,0,5,13,10,0,0,8,36
2024-03-03 03:20:00,0,0,7,7,8,0,0,12,34
2024-03-03 03:30:00,0,0,5,9,5,0,0,5,24
2024-03-03 03:40:00,0,0,5,7,11,0,0,13,36
2024-03-03 03:50:00,0,0,9,9,2,0,0,4,24
2024-03-03 04:00:00,0,0,3,7,4,0,0,5,19
2024-03-03 04:10:00,0,0,4,3,4,0,0,9,20
2024-03-03 04:20:00,0,0,6,11,5,0,0,4,26
2024-03-03 04:30:00,0,0,7,7,4,0,0,6,24
2024-03-03 04:40:00,0,0,5,16,1,0,0,2,24
2024-03-03 04:50:00,0,0,8,9,2,0,0,3,22
2024-03-03 05:00:00,0,0,8,13,4,0,0,7,32
2024-03-03 05:10:00,0,0,9,15,4,0,0,6,34
2024-03-03 05:20:00,0,0,9,11,5,0,0,8,33
2024-03-03 05:30:00,0,0,11,5,6,0,0,7,29
2024-03-03 05:40:00,0,0,9,11,5,0,0,8,33
2024-03-03 05:50:00,0,0,14,8,4,0,0,7,33
2024-03-03 06:00:00,0,0,9,10,9,0,0,8,36
2024-03-03 06:10:00,0,0,10,12,7,0,0,6,35
2024-03-03 06:20:00,0,0,7,6,6,0,0,11,30
2024-03-03 06:30:00,0,0,9,5,8,0,0,5,27
2024-03-03 06:40:00,0,0,4,7,7,0,0,7,25
2024-03-03 06:50:00,0,0,9,10,4,0,0,5,28
2024-03-03 07:00:00,0,0,9,8,6,0,0,3,26
2024-03-03 07:10:00,0,0,3,4,2,0,0,8,17
2024-03-03 07:20:00,0,0,3,4,12,0,0,7,26
2024-03-03 07:30:00,0,0,4,5,5,0,0,5,19
2024-03-03 07:40:00,0,0,6,6,11,0,0,4,27
2024-03-03 07:50:00,0,0,7,6,9,0,0,10,32
2024-03-03 08:00:00,0,0,9,4,5,0,0,5,23
2024-03-03 08:10:00,0,0,9,8,10,0,0,8,35
2024-03-03 08:20:00,0,0,7,11,16,0,0,6,40
2024-03-03 08:30:00,0,0,11,10,12,0,0,11,44
2024-03-03 08:40:00,0,0,9,8,17,0,0,8,42
2024-03-03 08:50:00,0,0,10,1,9,0,0,10,30
2024-03-03 09:00:00,0,0,20,17,9,0,0,10,56
2024-03-03 09:10:00,0,0,12,10,11,0,0,10,43
2024-03-03 09:20:00,0,0,8,9,9,0,0,15,41
2024-03-03 09:30:00,0,0,19,14,13,0,0,19,65
2024-03-03 09:40:00,0,0,23,17,26,0,0,25,91
2024-03-03 09:50:00,0,0,14,19,36,0,0,20,89
2024-03-03 10:00:00,0,0,18,18,17,0,0,22,75
2024-03-03 10:10:00,0,0,17,26,26,0,0,30,99
2024-03-03 10:20:00,0,0,21,22,22,0,0,19,84
2024-03-03 10:30:00,0,0,15,28,26,0,0,16,85
2024-03-03 10:40:00,0,0,28,26,28,0,0,16,98
2024-03-03 10:50:00,0,0,17,28,24,0,0,23,92
2024-03-03 11:00:00,0,0,15,20,33,0,0,17,85
2024-03-03 11:10:00,0,0,19,24,20,0,0,25,88
2024-03-03 11:20:00,0,0,19,20,28,0,0,18,85
2024-03-03 11:30:00,0,0,21,25,32,0,0,22,100
2024-03-03 11:40:00,0,0,25,29,37,0,0,23,114
2024-03-03 11:50:00,0,0,21,24,33,0,0,23,101
2024-03-03 12:00:00,0,0,21,28,33,0,0,24,106
2024-03-03 12:10:00,0,0,16,33,38,0,0,22,109
2024-03-03 12:20:00,0,0,28,32,39,0,0,27,126
2024-03-03 12:30:00,0,0,18,20,44,0,0,20,102
2024-03-03 12:40:00,0,0,29,40,51,0,0,22,142
2024-03-03 12:50:00,0,0,22,36,47,0,0,27,132
2024-03-03 13:00:00,0,0,25,28,58,0,0,25,136
2024-03-03 13:10:00,0,0,24,32,72,0,0,21,149
2024-03-03 13:20:00,0,0,26,21,48,0,0,22,117
2024-03-03 13:30:00,0,0,26,20,43,0,0,22,111
2024-03-03 13:40:00,0,0,27,30,50,0,0,23,130
2024-03-03 13:50:00,0,0,21,24,53,0,0,28,126
2024-03-03 14:00:00,0,0,24,25,56,0,0,29,134
2024-03-03 14:10:00,0,0,18,25,62,0,0,30,135
2024-03-03 14:20:00,0,0,32,31,55,0,0,25,143
2024-03-03 14:30:00,0,0,28,35,45,0,0,22,130
2024-03-03 14:40:00,0,0,21,34,62,0,0,14,131
2024-03-03 14:50:00,0,0,28,47,60,0,0,21,156
2024-03-03 15:00:00,0,0,22,27,53,0,0,33,135
2024-03-03 15:10:00,0,0,30,40,49,0,0,22,141
2024-03-03 15:20:00,0,0,25,23,47,0,0,24,119
2024-03-03 15:30:00,0,0,27,27,51,0,0,25,130
2024-03-03 15:40:00,0,0,26,23,48,0,0,22,119
2024-03-03 15:50:00,0,0,25,31,49,0,0,26,131
2024-03-03 16:00:00,0,0,27,26,40,0,0,27,120
2024-03-03 16:10:00,0,0,23,28,52,0,0,30,133
2024-03-03 16:20:00,0,0,28,36,36,0,0,19,119
2024-03-03 16:30:00,0,0,27,30,57,0,0,21,135
2024-03-03 16:40:00,0,0,23,25,50,0,0,25,123
2024-03-03 16:50:00,0,0,30,26,46,0,0,27,129
2024-03-03 17:00:00,0,0,19,30,45,0,0,19,113
2024-03-03 17:10:00,0,0,20,28,45,0,0,22,115
2024-03-03 17:20:00,0,0,23,24,52,0,0,21,120
2024-03-03 17:30:00,0,0,30,35,50,0,0,19,134
2024-03-03 17:40:00,0,0,30,23,60,0,0,24,137
2024-03-03 17:50:00,0,0,28,26,42,0,0,21,117
2024-03-03 18:00:00,0,0,18,31,60,0,0,29,138
2024-03-03 18:10:00,0,0,27,36,40,0,0,24,127
2024-03-03 18:20:00,0,0,20,20,48,0,0,25,113
2024-03-03 18:30:00,0,0,24,34,50,0,0,25,133
2024-03-03 18:40:00,0,0,24,29,48,0,0,30,131
2024-03-03 18:50:00,0,0,29,44,41,0,0,31,145
2024-03-03 19:00:00,0,0,25,32,48,0,0,28,133
2024-03-03 19:10:00,0,0,27,38,37,0,0,27,129
2024-03-03 19:20:00,0,0,27,48,29,0,0,21,125
2024-03-03 19:30:00,0,0,30,28,26,0,0,32,116
2024-03-03 19:40:00,0,0,22,36,41,0,0,17,116
2024-03-03 19:50:00,0,0,26,26,41,0,0,37,130
2024-03-03 20:00:00,0,0,25,37,41,0,0,30,133
2024-03-03 20:10:00,0,0,29,24,26,0,0,30,109
2024-03-03 20:20:00,0,0,20,31,22,0,0,27,100
2024-03-03 20:30:00,0,0,27,16,31,0,0,20,94
2024-03-03 20:40:00,0,0,33,28,24,0,0,30,115
2024-03-03 20:50:00,0,0,14,23,26,0,0,26,89
2024-03-03 21:00:00,0,0,19,27,25,0,0,21,92
2024-03-03 21:10:00,0,0,16,26,12,0,0,27,81
2024-03-03 21:20:00,0,0,22,25,20,0,0,17,84
2024-03-03 21:30:00,0,0,22,15,13,0,0,16,66
2024-03-03 21:40:00,0,0,13,13,19,0,0,23,68
2024-03-03 21:50:00,0,0,13,19,27,0,0,22,81
2024-03-03 22:00:00,0,0,20,26,35,0,0,21,102
2024-03-03 22:10:00,0,0,18,18,32,0,0,21,89
2024-03-03 22:20:00,0,0,20,19,19,0,0,15,73
2024-03-03 22:30:00,0,0,12,18,28,0,0,15,73
2024-03-03 22:40:00,0,0,5,11,15,0,0,18,49
2024-03-03 22:50:00,0,0,14,13,29,0,0,22,78
2024-03-03 23:00:00,0,0,14,6,17,0,0,10,47
2024-03-03 23:10:00,0,0,4,7,8,0,0,12,31
2024-03-03 23:20:00,0,0,6,6,7,0,0,11,30
2024-03-03 23:30:00,0,0,9,8,10,0,0,9,36
2024-03-03 23:40:00,0,0,6,3,17,0,0,10,36
2024-03-03 23:50:00,0,0,3,7,6,0,0,6,22
2024-03-04 00:00:00,0,0,8,7,7,0,0,6,28
2024-03-04 00:10:00,0,0,8,6,8,0,0,4,26
2024-03-04 00:20:00,0,0,4,5,4,0,0,4,17
2024-03-04 00:30:00,0,0,10,4,3,0,0,5,22
2024-03-04 00:40:00,0,0,3,6,6,0,0,1,16
2024-03-04 00:50:00,0,0,6,1,4,0,0,3,14
2024-03-04 01:00:00,0,0,3,11,1,0,0,5,20
2024-03-04 01:10:00,0,0,0,5,3,0,0,3,11
2024-03-04 01:20:00,0,0,1,1,1,0,0,5,8
2024-03-04 01:30:00,0,0,5,3,4,0,0,6,18
2024-03-04 01:40:00,0,0,3,5,3,0,0,8,19
2024-03-04 01:50:00,0,0,8,2,3,0,0,3,16
2024-03-04 02:00:00,0,0,1,4,2,0,0,1,8
2024-03-04 02:10:00,0,0,4,0,1,0,0,0,5
2024-03-04 02:20:00,0,0,5,2,2,0,0,0,9
2024-03-04 02:30:00,0,0,6,0,2,0,0,1,9
2024-03-04 02:40:00,0,0,5,4,2,0,0,1,12
2024-03-04 02:50:00,0,0,3,4,1,0,0,1,9
2024-03-04 03:00:00,0,0,3,3,1,0,0,0,7
2024-03-04 03:10:00,0,0,1,1,3,0,0,3,8
2024-03-04 03:20:00,0,0,5,2,0,0,0,2,9
2024-03-04 03:30:00,0,0,2,6,0,0,0,1,9
2024-03-04 03:40:00,0,0,2,3,1,0,0,0,6
2024-03-04 03:50:00,0,0,9,6,1,0,0,0,16
2024-03-04 04:00:00,0,0,5,3,3,0,0,7,18
2024-03-04 04:10:00,0,0,1,4,2,0,0,2,9
2024-03-04 04:20:00,0,0,6,8,1,0,0,6,21
2024-03-04 04:30:00,0,0,5,7,1,0,0,4,17
2024-03-04 04:40:00,0,0,11,15,1,0,0,3,30
2024-03-04 04:50:00,0,0,12,19,3,0,0,5,39
2024-03-04 05:00:00,0,0,17,21,2,0,0,5,45
2024-03-04 05:10:00,0,0,21,22,5,0,0,5,53
2024-03-04 05:20:00,0,0,20,24,2,0,0,15,61
2024-03-04 05:30:00,0,0,28,26,11,0,0,24,89
2024-03-04 05:40:00,0,0,31,43,15,0,0,26,115
2024-03-04 05:50:00,0,0,25,43,11,0,0,19,98
2024-03-04 06:00:00,0,0,29,42,26,0,0,15,112
2024-03-04 06:10:00,0,0,23,38,20,0,0,20,101
2024-03-04 06:20:00,0,0,35,42,20,0,0,22,119
2024-03-04 06:30:00,0,0,35,64,30,0,0,18,147
2024-03-04 06:40:00,0,0,29,54,30,0,0,23,136
2024-03-04 06:50:00,0,0,33,43,46,0,0,13,135
2024-03-04 07:00:00,0,0,28,39,42,0,0,19,128
2024-03-04 07:10:00,0,0,34,34,45,0,0,25,138
2024-03-04 07:20:00,0,0,43,40,44,0,0,14,141
2024-03-04 07:30:00,0,0,37,42,58,0,0,20,157
2024-03-04 07:40:00,0,0,35,44,71,0,0,11,161
2024-03-04 07:50:00,0,0,38,28,54,0,0,10,130
2024-03-04 08:00:00,0,0,30,22,58,0,0,0,110
2024-03-04 08:10:00,0,0,30,33,36,0,0,18,117
2024-03-04 08:20:00,0,0,39,39,58,0,0,14,150
2024-03-04 08:30:00,0,0,30,36,36,0,0,27,129
2024-03-04 08:40:00,0,0,35,42,53,0,0,19,149
2024-03-04 08:50:00,0,0,34,39,40,0,0,22,135
2024-03-04 09:00:00,0,0,28,40,58,0,0,9,135
2024-03-04 09:10:00,0,0,33,35,40,0,0,6,114
2024-03-04 09:20:00,0,0,29,37,55,0,0,17,138
2024-03-04 09:30:00,0,0,28,36,52,0,0,21,137
2024-03-04 09:40:00,0,0,28,28,41,0,0,15,112
2024-03-04 09:50:00,0,0,26,34,89,0,0,20,169
2024-03-04 10:00:00,0,0,25,31,48,0,0,21,125
2024-03-04 10:10:00,0,0,24,26,48,0,0,17,115
2024-03-04 10:20:00,0,0,19,25,53,0,0,22,119
2024-03-04 10:30:00,0,0,21,35,49,0,0,16,121
2024-03-04 10:40:00,0,0,30,34,58,0,0,15,137
2024-03-04 10:50:00,0,0,29,28,48,0,0,20,125
2024-03-04 11:00:00,0,0,29,35,42,0,0,23,129
2024-03-04 11:10:00,0,0,25,22,47,0,0,20,114
2024-03-04 11:20:00,0,0,35,31,56,0,0,22,144
2024-03-04 11:30:00,0,0,31,32,54,0,0,25,142
2024-03-04 11:40:00,0,0,21,24,47,0,0,21,113
2024-03-04 11:50:00,0,0,27,34,57,0,0,11,129
2024-03-04 12:00:00,0,0,24,30,54,0,0,16,124
2024-03-04 12:10:00,0,0,23,24,67,0,0,16,130
2024-03-04 12:20:00,0,0,16,16,57,0,0,15,104
2024-03-04 12:30:00,0,0,26,28,58,0,0,16,128
2024-03-04 12:40:00,0,0,24,26,75,0,0,25,150
2024-03-04 12:50:00,0,0,29,27,59,0,0,16,131
2024-03-04 13:00:00,0,0,27,32,52,0,0,23,134
2024-03-04 13:10:00,0,0,22,31,59,0,0,24,136
2024-03-04 13:20:00,0,0,27,30,62,0,0,12,131
2024-03-04 13:30:00,0,0,23,26,67,0,0,26,142
2024-03-04 13:40:00,0,0,30,38,66,0,0,16,150
2024-03-04 13:50:00,0,0,29,23,69,0,0,8,129
2024-03-04 14:00:00,0,0,29,33,60,0,0,22,144
2024-03-04 14:10:00,0,0,23,26,70,0,0,19,138
2024-03-04 14:20:00,0,0,25,26,77,0,0,22,150
2024-03-04 14:30:00,0,0,28,35,95,0,0,21,179
2024-03-04 14:40:00,0,0,26,32,80,0,0,28,166
2024-03-04 14:50:00,0,0,30,31,86,0,0,11,158
2024-03-04 15:00:00,0,0,23,30,97,0,0,19,169
2024-03-04 15:10:00,0,0,22,29,82,0,0,25,158
2024-03-04 15:20:00,0,0,29,31,88,0,0,17,165
2024-03-04 15:30:00,0,0,35,38,104,0,0,24,201
2024-03-04 15:40:00,0,0,25,25,110,0,0,22,182
2024-03-04 15:50:00,0,0,37,37,87,0,0,13,174
2024-03-04 16:00:00,0,0,25,39,82,0,0,12,158
2024-03-04 16:10:00,0,0,24,30,89,0,0,17,160
2024-03-04 16:20:00,0,0,33,32,112,0,0,8,185
2024-03-04 16:30:00,0,0,32,36,83,0,0,14,165
2024-03-04 16:40:00,0,0,25,28,91,0,0,11,155
2024-03-04 16:50:00,0,0,34,32,92,0,0,10,168
2024-03-04 17:00:00,0,0,35,30,91,0,0,27,183
2024-03-04 17:10:00,0,0,18,26,92,0,0,31,167
2024-03-04 17:20:00,0,0,27,29,94,0,0,27,177
2024-03-04 17:30:00,0,0,33,32,91,0,0,16,172
2024-03-04 17:40:00,0,0,27,29,73,0,0,20,149
2024-03-04 17:50:00,0,0,31,32,63,0,0,23,149
2024-03-04 18:00:00,0,0,29,35,81,0,0,27,172
2024-03-04 18:10:00,0,0,29,32,70,0,0,26,157
2024-03-04 18:20:00,0,0,16,24,73,0,0,25,138
2024-03-04 18:30:00,0,0,31,32,70,0,0,31,164
2024-03-04 18:40:00,0,0,24,33,65,0,0,22,144
2024-03-04 18:50:00,0,0,26,31,51,0,0,22,130
2024-03-04 19:00:00,0,0,23,35,62,0,0,30,150
2024-03-04 19:10:00,0,0,23,29,59,0,0,25,136
2024-03-04 19:20:00,0,0,22,22,50,0,0,17,111
2024-03-04 19:30:00,0,0,30,29,40,0,0,32,131
2024-03-04 19:40:00,0,0,22,28,28,0,0,21,99
2024-03-04 19:50:00,0,0,19,28,32,0,0,28,107
2024-03-04 20:00:00,0,0,35,30,38,0,0,33,136
2024-03-04 20:10:00,0,0,22,27,31,0,0,25,105
2024-03-04 20:20:00,0,0,22,26,18,0,0,28,94
2024-03-04 20:30:00,0,0,20,42,35,0,0,26,123
2024-03-04 20:40:00,0,0,25,26,25,0,0,20,96
2024-03-04 20:50:00,0,0,16,18,27,0,0,22,83
2024-03-04 21:00:00,0,0,14,26,16,0,0,33,89
2024-03-04 21:10:00,0,0,15,23,18,0,0,28,84
2024-03-04 21:20:00,0,0,19,21,15,0,0,31,86
2024-03-04 21:30:00,0,0,10,22,14,0,0,18,64
2024-03-04 21:40:00,0,0,13,15,20,0,0,19,67
2024-03-04 21:50:00,0,0,17,13,9,0,0,16,55
2024-03-04 22:00:00,0,0,10,16,17,0,0,15,58
2024-03-04 22:10:00,0,0,12,15,18,0,0,33,78
2024-03-04 22:20:00,0,0,10,18,21,0,0,25,74
2024-03-04 22:30:00,0,0,13,14,13,0,0,25,65
2024-03-04 22:40:00,0,0,6,6,9,0,0,17,38
2024-03-04 22:50:00,0,0,7,13,12,0,0,12,44
2024-03-04 23:00:00,0,0,8,13,12,0,0,21,54
2024-03-04 23:10:00,0,0,7,9,9,0,0,8,33
2024-03-04 23:20:00,0,0,13,9,9,0,0,14,45
2024-03-04 23:30:00,0,0,4,3,6,0,0,15,28
2024-03-04 23:40:00,0,0,3,7,6,0,0,16,32
2024-03-04 23:50:00,0,0,10,6,6,0,0,6,28
2024-03-05 00:00:00,0,0,3,5,7,0,0,5,20
2024-03-05 00:10:00,0,0,7,10,5,0,0,9,31
2024-03-05 00:20:00,0,0,3,5,2,0,0,4,14
2024-03-05 00:30:00,0,0,4,6,3,0,0,6,19
2024-03-05 00:40:00,0,0,4,3,2,0,0,2,11
2024-03-05 00:50:00,0,0,5,2,1,0,0,5,13
2024-03-05 01:00:00,0,0,3,2,3,0,0,7,15
2024-03-05 01:10:00,0,0,8,3,1,0,0,1,13
2024-03-05 01:20:00,0,0,4,9,3,0,0,3,19
2024-03-05 01:30:00,0,0,6,8,0,0,0,4,18
2024-03-05 01:40:00,0,0,5,6,2,0,0,2,15
2024-03-05 01:50:00,0,0,6,4,3,0,0,4,17
2024-03-05 02:00:00,0,0,6,4,1,0,0,3,14
2024-03-05 02:10:00,0,0,3,7,0,0,0,1,11
2024-03-05 02:20:00,0,0,5,1,3,0,0,1,10
2024-03-05 02:30:00,0,0,0,7,3,0,0,3,13
2024-03-05 02:40:00,0,0,7,4,4,0,0,1,16
2024-03-05 02:50:00,0,0,4,4,1,0,0,5,14
2024-03-05 03:00:00,0,0,3,3,0,0,0,1,7
2024-03-05 03:10:00,0,0,4,5,1,0,0,1,11
2024-03-05 03:20:00,0,0,2,0,3,0,0,1,6
2024-03-05 03:30:00,0,0,4,5,4,0,0,3,16
2024-03-05 03:40:00,0,0,5,1,5,0,0,2,13
2024-03-05 03:50:00,0,0,7,7,4,0,0,3,21
2024-03-05 04:00:00,0,0,6,6,2,0,0,4,18
2024-03-05 04:10:00,0,0,4,7,1,0,0,2,14
2024-03-05 04:20:00,0,0,7,11,3,0,0,4,25
2024-03-05 04:30:00,0,0,3,8,1,0,0,5,17
2024-03-05 04:40:00,0,0,15,11,6,0,0,7,39
2024-03-05 04:50:00,0,0,10,16,3,0,0,5,34
2024-03-05 05:00:00,0,0,16,15,6,0,0,3,40
2024-03-05 05:10:00,0,0,22,20,6,0,0,11,59
2024-03-05 05:20:00,0,0,20,18,7,0,0,16,61
2024-03-05 05:30:00,0,0,30,44,6,0,0,10,90
2024-03-05 05:40:00,0,0,34,33,17,0,0,21,105
2024-03-05 05:50:00,0,0,24,48,8,0,0,22,102
2024-03-05 06:00:00,0,0,23,41,27,0,0,26,117
2024-03-05 06:10:00,0,0,22,36,18,0,0,19,95
2024-03-05 06:20:00,0,0,23,51,19,0,0,17,110
2024-03-05 06:30:00,0,0,24,52,30,0,0,23,129
2024-03-05 06:40:00,0,0,36,52,51,0,0,21,160
2024-03-05 06:50:00,0,0,29,60,42,0,0,25,156
2024-03-05 07:00:00,0,0,25,38,29,0,0,17,109
2024-03-05 07:10:00,0,0,26,35,38,0,0,16,115
2024-03-05 07:20:00,0,0,29,42,46,0,0,11,128
2024-03-05 07:30:00,0,0,38,43,43,0,0,11,135
2024-03-05 07:40:00,0,0,15,27,56,0,0,2,100
2024-03-05 07:50:00,0,0,0,0,80,0,0,0,80
2024-03-05 08:00:00,0,0,0,1,51,0,0,0,52
2024-03-05 08:10:00,0,0,0,2,35,0,0,10,47
2024-03-05 08:20:00,0,0,0,0,51,0,0,4,55
2024-03-05 08:30:00,0,0,0,1,54,0,0,1,56
2024-03-05 08:40:00,0,0,9,11,75,0,0,6,101
2024-03-05 08:50:00,0,0,16,26,52,0,0,15,109
2024-03-05 09:00:00,0,0,27,25,49,0,0,4,105
2024-03-05 09:10:00,0,0,34,36,49,0,0,20,139
2024-03-05 09:20:00,0,0,36,50,37,0,0,20,143
2024-03-05 09:30:00,0,0,28,35,40,0,0,21,124
2024-03-05 09:40:00,0,0,33,29,34,0,0,22,118
2024-03-05 09:50:00,0,0,30,30,57,0,0,17,134
2024-03-05 10:00:00,0,0,25,26,52,0,0,21,124
2024-03-05 10:10:00,0,0,27,30,55,0,0,20,132
2024-03-05 10:20:00,0,0,22,24,49,0,0,28,123
2024-03-05 10:30:00,0,0,27,34,60,0,0,23,144
2024-03-05 10:40:00,0,0,29,28,60,0,0,19,136
2024-03-05 10:50:00,0,0,38,30,66,0,0,13,147
2024-03-05 11:00:00,0,0,28,33,48,0,0,17,126
2024-03-05 11:10:00,0,0,29,33,58,0,0,29,149
2024-03-05 11:20:00,0,0,31,31,56,0,0,27,145
2024-03-05 11:30:00,0,0,23,33,65,0,0,23,144
2024-03-05 11:40:00,0,0,34,42,58,0,0,26,160
2024-03-05 11:50:00,0,0,19,33,67,0,0,18,137
2024-03-05 12:00:00,0,0,21,23,72,0,0,13,129
2024-03-05 12:10:00,0,0,22,24,24,0,0,32,102
2024-03-05 12:20:00,0,0,24,21,55,0,0,23,123
2024-03-05 12:30:00,0,0,28,45,70,0,0,15,158
2024-03-05 12:40:00,0,0,30,30,67,0,0,11,138
2024-03-05 12:50:00,0,0,29,28,62,0,0,16,135
2024-03-05 13:00:00,0,0,32,32,66,0,0,21,151
2024-03-05 13:10:00,0,0,30,43,84,0,0,14,171
2024-03-05 13:20:00,0,0,29,28,62,0,0,24,143
2024-03-05 13:30:00,0,0,27,35,62,0,0,22,146
2024-03-05 13:40:00,0,0,25,29,74,0,0,12,140
2024-03-05 13:50:00,0,0,31,40,79,0,0,11,161
2024-03-05 14:00:00,0,0,36,35,58,0,0,23,152
2024-03-05 14:10:00,0,0,26,36,82,0,0,18,162
2024-03-05 14:20:00,0,0,26,28,71,0,0,14,139
2024-03-05 14:30:00,0,0,31,28,75,0,0,26,160
2024-03-05 14:40:00,0,0,31,31,79,0,0,17,158
2024-03-05 14:50:00,0,0,33,32,82,0,0,19,166
2024-03-05 15:00:00,0,0,20,28,90,0,0,14,152
2024-03-05 15:10:00,0,0,22,24,85,0,0,18,149
2024-03-05 15:20:00,0,0,27,31,80,0,0,16,154
2024-03-05 15:30:00,0,0,30,28,106,0,0,25,189
2024-03-05 15:40:00,0,0,23,34,86,0,0,18,161
2024-03-05 15:50:00,0,0,28,43,97,0,0,15,183
2024-03-05 16:00:00,0,0,28,37,105,0,0,12,182
2024-03-05 16:10:00,0,0,30,28,90,0,0,21,169
2024-03-05 16:20:00,0,0,32,32,114,0,0,17,195
2024-03-05 16:30:00,0,0,32,37,104,0,0,24,197
2024-03-05 16:40:00,0,0,37,36,101,0,0,17,191
2024-03-05 16:50:00,0,0,30,30,97,0,0,13,170
2024-03-05 17:00:00,0,0,35,34,91,0,0,18,178
2024-03-05 17:10:00,0,0,23,28,95,0,0,10,156
2024-03-05 17:20:00,0,0,35,30,84,0,0,14,163
2024-03-05 17:30:00,0,0,31,27,80,0,0,17,155
2024-03-05 17:40:00,0,0,32,28,102,0,0,25,187
2024-03-05 17:50:00,0,0,29,28,97,0,0,25,179
2024-03-05 18:00:00,0,0,25,28,70,0,0,21,144
2024-03-05 18:10:00,0,0,26,29,85,0,0,15,155
2024-03-05 18:20:00,0,0,32,42,82,0,0,13,169
2024-03-05 18:30:00,0,0,31,43,63,0,0,21,158
2024-03-05 18:40:00,0,0,24,35,55,0,0,25,139
2024-03-05 18:50:00,0,0,40,34,77,0,0,37,188
2024-03-05 19:00:00,0,0,29,38,67,0,0,22,156
2024-03-05 19:10:00,0,0,23,41,63,0,0,26,153
2024-03-05 19:20:00,0,0,16,43,52,0,0,29,140
2024-03-05 19:30:00,0,0,28,35,44,0,0,23,130
2024-03-05 19:40:00,0,0,26,47,44,0,0,28,145
2024-03-05 19:50:00,0,0,17,22,41,0,0,22,102
2024-03-05 20:00:00,0,0,16,26,35,0,0,32,109
2024-03-05 20:10:00,0,0,16,22,32,0,0,22,92
2024-03-05 20:20:00,0,0,24,21,36,0,0,23,104
2024-03-05 20:30:00,0,0,19,26,19,0,0,19,83
2024-03-05 20:40:00,0,0,16,27,28,0,0,17,88
2024-03-05 20:50:00,0,0,18,24,18,0,0,19,79
2024-03-05 21:00:00,0,0,23,21,13,0,0,20,77
2024-03-05 21:10:00,0,0,16,29,18,0,0,21,84
2024-03-05 21:20:00,0,0,19,16,17,0,0,25,77
2024-03-05 21:30:00,0,0,23,23,13,0,0,23,82
2024-03-05 21:40:00,0,0,18,17,23,0,0,35,93
2024-03-05 21:50:00,0,0,19,18,29,0,0,21,87
2024-03-05 22:00:00,0,0,15,20,17,0,0,15,67
2024-03-05 22:10:00,0,0,14,18,18,0,0,19,69
2024-03-05 22:20:00,0,0,12,19,23,0,0,23,77
2024-03-05 22:30:00,0,0,25,17,25,0,0,27,94
2024-03-05 22:40:00,0,0,17,17,13,0,0,33,80
2024-03-05 22:50:00,0,0,15,14,16,0,0,13,58
2024-03-05 23:00:00,0,0,13,21,15,0,0,21,70
2024-03-05 23:10:00,0,0,11,10,12,0,0,17,50
2024-03-05 23:20:00,0,0,13,16,16,0,0,12,57
2024-03-05 23:30:00,0,0,8,11,8,0,0,5,32
2024-03-05 23:40:00,0,0,4,9,2,0,0,7,22
2024-03-05 23:50:00,0,0,9,8,9,0,0,7,33
2024-03-06 00:00:00,0,0,11,11,9,0,0,11,42
2024-03-06 00:10:00,0,0,5,13,7,0,0,7,32
2024-03-06 00:20:00,0,0,4,8,2,0,0,8,22
2024-03-06 00:30:00,0,0,7,4,1,0,0,8,20
2024-03-06 00:40:00,0,0,6,3,1,0,0,1,11
2024-03-06 00:50:00,0,0,10,7,6,0,0,4,27
2024-03-06 01:00:00,0,0,0,2,1,0,0,2,5
2024-03-06 01:10:00,0,0,3,4,3,0,0,5,15
2024-03-06 01:20:00,0,0,6,1,3,0,0,7,17
2024-03-06 01:30:00,0,0,7,8,2,0,0,7,24
2024-03-06 01:40:00,0,0,3,3,0,0,0,3,9
2024-03-06 01:50:00,0,0,0,1,1,0,0,1,3
2024-03-06 02:00:00,0,0,4,3,2,0,0,2,11
2024-03-06 02:10:00,0,0,1,2,3,0,0,2,8
2024-03-06 02:20:00,0,0,2,1,0,0,0,1,4
2024-03-06 02:30:00,0,0,2,1,3,0,0,3,9
2024-03-06 02:40:00,0,0,6,4,1,0,0,2,13
2024-03-06 02:50:00,0,0,1,4,5,0,0,1,11
2024-03-06 03:00:00,0,0,10,8,3,0,0,7,28
2024-03-06 03:10:00,0,0,4,3,1,0,0,0,8
2024-03-06 03:20:00,0,0,1,0,2,0,0,0,3
2024-03-06 03:30:00,0,0,3,5,0,0,0,2,10
2024-03-06 03:40:00,0,0,1,4,3,0,0,2,10
2024-03-06 03:50:00,0,0,3,8,3,0,0,1,15
2024-03-06 04:00:00,0,0,6,9,2,0,0,2,19
2024-03-06 04:10:00,0,0,3,14,2,0,0,3,22
2024-03-06 04:20:00,0,0,9,11,2,0,0,1,23
2024-03-06 04:30:00,0,0,7,9,2,0,0,5,23
2024-03-06 04:40:00,0,0,15,14,8,0,0,4,41
2024-03-06 04:50:00,0,0,13,17,1,0,0,3,34
2024-03-06 05:00:00,0,0,9,13,4,0,0,4,30
2024-03-06 05:10:00,0,0,22,21,8,0,0,10,61
2024-03-06 05:20:00,0,0,22,32,6,0,0,13,73
2024-03-06 05:30:00,0,0,25,37,11,0,0,21,94
2024-03-06 05:40:00,0,0,25,28,10,0,0,18,81
2024-03-06 05:50:00,0,0,20,39,16,0,0,22,97
2024-03-06 06:00:00,0,0,37,45,17,0,0,15,114
2024-03-06 06:10:00,0,0,19,34,20,0,0,19,92
2024-03-06 06:20:00,0,0,25,38,21,0,0,21,105
2024-03-06 06:30:00,0,0,32,40,27,0,0,25,124
2024-03-06 06:40:00,0,0,31,38,46,0,0,18,133
2024-03-06 06:50:00,0,0,35,39,40,0,0,21,135
2024-03-06 07:00:00,0,0,33,34,33,0,0,18,118
2024-03-06 07:10:00,0,0,31,43,33,0,0,14,121
2024-03-06 07:20:00,0,0,38,43,38,0,0,13,132
2024-03-06 07:30:00,0,0,35,40,42,0,0,5,122
2024-03-06 07:40:00,0,0,20,21,63,0,0,7,111
2024-03-06 07:50:00,0,0,0,3,60,0,0,5,68
2024-03-06 08:00:00,0,0,0,0,42,0,0,5,47
2024-03-06 08:10:00,0,0,0,0,63,0,0,0,63
2024-03-06 08:20:00,0,0,0,0,64,0,0,0,64
2024-03-06 08:30:00,0,0,0,6,40,0,0,11,57
2024-03-06 08:40:00,0,0,26,42,62,0,0,21,151
2024-03-06 08:50:00,0,0,32,44,50,0,0,19,145
2024-03-06 09:00:00,0,0,34,32,59,0,0,15,140
2024-03-06 09:10:00,0,0,38,47,43,0,0,14,142
2024-03-06 09:20:00,0,0,32,34,48,0,0,11,125
2024-03-06 09:30:00,0,0,26,34,44,0,0,19,123
2024-03-06 09:40:00,0,0,21,37,50,0,0,25,133
2024-03-06 09:50:00,0,0,25,24,51,0,0,17,117
2024-03-06 10:00:00,0,0,20,27,44,0,0,22,113
2024-03-06 10:10:00,0,0,34,31,45,0,0,24,134
2024-03-06 10:20:00,0,0,28,29,51,0,0,15,123
2024-03-06 10:30:00,0,0,23,34,59,0,0,14,130
2024-03-06 10:40:00,0,0,25,27,39,0,0,16,107
2024-03-06 10:50:00,0,0,17,23,55,0,0,21,116
2024-03-06 11:00:00,0,0,29,31,76,0,0,10,146
2024-03-06 11:10:00,0,0,23,30,57,0,0,20,130
2024-03-06 11:20:00,0,0,23,37,50,0,0,13,123
2024-03-06 11:30:00,0,0,26,28,60,0,0,17,131
2024-03-06 11:40:00,0,0,34,31,51,0,0,22,138
2024-03-06 11:50:00,0,0,30,33,60,0,0,22,145
2024-03-06 12:00:00,0,0,24,30,55,0,0,17,126
2024-03-06 12:10:00,0,0,32,30,62,0,0,18,142
2024-03-06 12:20:00,0,0,19,29,61,0,0,10,119
2024-03-06 12:30:00,0,0,36,33,65,0,0,18,152
2024-03-06 12:40:00,0,0,29,38,54,0,0,25,146
2024-03-06 12:50:00,0,0,30,30,61,0,0,20,141
2024-03-06 13:00:00,0,0,25,29,66,0,0,31,151
2024-03-06 13:10:00,0,0,24,28,78,0,0,21,151
2024-03-06 13:20:00,0,0,26,25,47,0,0,19,117
2024-03-06 13:30:00,0,0,36,32,87,0,0,11,166
2024-03-06 13:40:00,0,0,20,42,57,0,0,18,137
2024-03-06 13:50:00,0,0,21,27,79,0,0,22,149
2024-03-06 14:00:00,0,0,28,23,81,0,0,23,155
2024-03-06 14:10:00,0,0,27,31,69,0,0,16,143
2024-03-06 14:20:00,0,0,30,26,79,0,0,19,154
2024-03-06 14:30:00,0,0,30,28,68,0,0,25,151
2024-03-06 14:40:00,0,0,21,20,75,0,0,19,135
2024-03-06 14:50:00,0,0,29,23,103,0,0,21,176
2024-03-06 15:00:00,0,0,22,29,95,0,0,20,166
2024-03-06 15:10:00,0,0,23,24,89,0,0,24,160
2024-03-06 15:20:00,0,0,19,33,70,0,0,21,143
2024-03-06 15:30:00,0,0,20,31,95,0,0,15,161
2024-03-06 15:40:00,0,0,19,25,88,0,0,19,151
2024-03-06 15:50:00,0,0,21,28,89,0,0,16,154
2024-03-06 16:00:00,0,0,30,38,87,0,0,19,174
2024-03-06 16:10:00,0,0,31,32,84,0,0,15,162
2024-03-06 16:20:00,0,0,25,26,104,0,0,20,175
2024-03-06 16:30:00,0,0,25,27,95,0,0,16,163
2024-03-06 16:40:00,0,0,26,29,86,0,0,15,156
2024-03-06 16:50:00,0,0,29,35,105,0,0,15,184
2024-03-06 17:00:00,0,0,43,31,75,0,0,16,165
2024-03-06 17:10:00,0,0,22,29,83,0,0,20,154
2024-03-06 17:20:00,0,0,24,35,109,0,0,10,178
2024-03-06 17:30:00,0,0,41,34,73,0,0,9,157
2024-03-06 17:40:00,0,0,21,22,92,0,0,20,155
2024-03-06 17:50:00,0,0,32,41,85,0,0,25,183
2024-03-06 18:00:00,0,0,23,28,66,0,0,21,138
2024-03-06 18:10:00,0,0,24,24,101,0,0,23,172
2024-03-06 18:20:00,0,0,29,28,93,0,0,16,166
2024-03-06 18:30:00,0,0,34,37,91,0,0,20,182
2024-03-06 18:40:00,0,0,21,48,62,0,0,23,154
2024-03-06 18:50:00,0,0,23,35,72,0,0,28,158
2024-03-06 19:00:00,0,0,30,47,58,0,0,24,159
2024-03-06 19:10:00,0,0,22,44,65,0,0,29,160
2024-03-06 19:20:00,0,0,27,33,47,0,0,28,135
2024-03-06 19:30:00,0,0,26,28,47,0,0,25,126
2024-03-06 19:40:00,0,0,32,30,40,0,0,34,136
2024-03-06 19:50:00,0,0,19,22,49,0,0,21,111
2024-03-06 20:00:00,0,0,24,28,46,0,0,23,121
2024-03-06 20:10:00,0,0,22,34,33,0,0,27,116
2024-03-06 20:20:00,0,0,22,22,18,0,0,26,88
2024-03-06 20:30:00,0,0,22,19,25,0,0,25,91
2024-03-06 20:40:00,0,0,18,27,28,0,0,23,96
2024-03-06 20:50:00,0,0,15,15,30,0,0,25,85
2024-03-06 21:00:00,0,0,21,36,21,0,0,25,103
2024-03-06 21:10:00,0,0,15,18,25,0,0,23,81
2024-03-06 21:20:00,0,0,13,27,23,0,0,24,87
2024-03-06 21:30:00,0,0,26,15,22,0,0,24,87
2024-03-06 21:40:00,0,0,14,22,15,0,0,23,74
2024-03-06 21:50:00,0,0,12,26,19,0,0,24,81
2024-03-06 22:00:00,0,0,15,22,15,0,0,24,76
2024-03-06 22:10:00,0,0,12,21,25,0,0,25,83
2024-03-06 22:20:00,0,0,19,12,20,0,0,21,72
2024-03-06 22:30:00,0,0,19,22,18,0,0,27,86
2024-03-06 22:40:00,0,0,13,19,12,0,0,25,69
2024-03-06 22:50:00,0,0,13,23,10,0,0,9,55
2024-03-06 23:00:00,0,0,17,16,11,0,0,16,60
2024-03-06 23:10:00,0,0,11,18,12,0,0,21,62
2024-03-06 23:20:00,0,0,16,10,6,0,0,14,46
2024-03-06 23:30:00,0,0,5,6,9,0,0,9,29
2024-03-06 23:40:00,0,0,6,13,8,0,0,8,35
2024-03-06 23:50:00,0,0,3,2,8,0,0,11,24
2024-03-07 00:00:00,0,0,11,11,4,0,0,1,27
2024-03-07 00:10:00,0,0,7,7,5,0,0,8,27
2024-03-07 00:20:00,0,0,3,3,5,0,0,8,19
2024-03-07 00:30:00,0,0,4,4,3,0,0,6,17
2024-03-07 00:40:00,0,0,2,1,3,0,0,4,10
2024-03-07 00:50:00,0,0,7,11,3,0,0,3,24
2024-03-07 01:00:00,0,0,2,3,3,0,0,4,12
2024-03-07 01:10:00,0,0,9,4,5,0,0,7,25
2024-03-07 01:20:00,0,0,4,7,2,0,0,3,16
2024-03-07 01:30:00,0,0,6,6,1,0,0,8,21
2024-03-07 01:40:00,0,0,2,1,4,0,0,2,9
2024-03-07 01:50:00,0,0,4,3,0,0,0,2,9
2024-03-07 02:00:00,0,0,3,2,0,0,0,1,6
2024-03-07 02:10:00,0,0,6,9,2,0,0,2,19
2024-03-07 02:20:00,0,0,1,2,1,0,0,2,6
2024-03-07 02:30:00,0,0,3,2,0,0,0,4,9
2024-03-07 02:40:00,0,0,4,1,1,0,0,1,7
2024-03-07 02:50:00,0,0,2,2,2,0,0,3,9
2024-03-07 03:00:00,0,0,4,2,2,0,0,1,9
2024-03-07 03:10:00,0,0,7,3,3,0,0,1,14
2024-03-07 03:20:00,0,0,3,2,4,0,0,2,11
2024-03-07 03:30:00,0,0,4,5,0,0,0,1,10
2024-03-07 03:40:00,0,0,0,3,2,0,0,0,5
2024-03-07 03:50:00,0,0,4,1,3,0,0,5,13
2024-03-07 04:00:00,0,0,8,8,4,0,0,6,26
2024-03-07 04:10:00,0,0,4,9,2,0,0,4,19
2024-03-07 04:20:00,0,0,8,9,2,0,0,8,27
2024-03-07 04:30:00,0,0,14,10,0,0,0,5,29
2024-03-07 04:40:00,0,0,6,3,5,0,0,2,16
2024-03-07 04:50:00,0,0,14,12,2,0,0,8,36
2024-03-07 05:00:00,0,0,12,17,7,0,0,3,39
2024-03-07 05:10:00,0,0,10,22,7,0,0,9,48
2024-03-07 05:20:00,0,0,21,26,6,0,0,18,71
2024-03-07 05:30:00,0,0,32,39,15,0,0,21,107
2024-03-07 05:40:00,0,0,23,44,9,0,0,19,95
2024-03-07 05:50:00,0,0,30,49,15,0,0,21,115
2024-03-07 06:00:00,0,0,30,29,24,0,0,14,97
2024-03-07 06:10:00,0,0,19,36,20,0,0,18,93
2024-03-07 06:20:00,0,0,19,38,19,0,0,17,93
2024-03-07 06:30:00,0,0,39,72,26,0,0,30,167
2024-03-07 06:40:00,0,0,29,42,43,0,0,17,131
2024-03-07 06:50:00,0,0,33,33,45,0,0,20,131
2024-03-07 07:00:00,0,0,38,35,37,0,0,18,128
2024-03-07 07:10:00,0,0,28,44,34,0,0,17,123
2024-03-07 07:20:00,0,0,39,33,44,0,0,11,127
2024-03-07 07:30:00,0,0,28,36,50,0,0,8,122
2024-03-07 07:40:00,0,0,5,11,43,0,0,8,67
2024-03-07 07:50:00,0,0,0,0,65,0,0,0,65
2024-03-07 08:00:00,0,0,0,1,43,0,0,7,51
2024-03-07 08:10:00,0,0,2,6,69,0,0,8,85
2024-03-07 08:20:00,0,0,32,32,42,0,0,5,111
2024-03-07 08:30:00,0,0,28,34,53,0,0,24,139
2024-03-07 08:40:00,0,0,37,41,52,0,0,16,146
2024-03-07 08:50:00,0,0,30,44,53,0,0,17,144
2024-03-07 09:00:00,0,0,28,34,52,0,0,11,125
2024-03-07 09:10:00,0,0,29,47,46,0,0,15,137
2024-03-07 09:20:00,0,0,28,40,49,0,0,13,130
2024-03-07 09:30:00,0,0,23,35,47,0,0,15,120
2024-03-07 09:40:00,0,0,23,35,52,0,0,19,129
2024-03-07 09:50:00,0,0,20,34,46,0,0,16,116
2024-03-07 10:00:00,0,0,23,32,44,0,0,15,114
2024-03-07 10:10:00,0,0,29,38,49,0,0,22,138
2024-03-07 10:20:00,0,0,25,31,61,0,0,18,135
2024-03-07 10:30:00,0,0,28,32,56,0,0,20,136
2024-03-07 10:40:00,0,0,31,30,49,0,0,14,124
2024-03-07 10:50:00,0,0,23,28,52,0,0,7,110
2024-03-07 11:00:00,0,0,28,30,53,0,0,19,130
2024-03-07 11:10:00,0,0,23,37,57,0,0,15,132
2024-03-07 11:20:00,0,0,27,30,47,0,0,20,124
2024-03-07 11:30:00,0,0,27,30,58,0,0,23,138
2024-03-07 11:40:00,0,0,29,28,53,0,0,9,119
2024-03-07 11:50:00,0,0,32,32,53,0,0,14,131
2024-03-07 12:00:00,0,0,27,29,66,0,0,20,142
2024-03-07 12:10:00,0,0,28,31,53,0,0,18,130
2024-03-07 12:20:00,0,0,24,38,72,0,0,22,156
2024-03-07 12:30:00,0,0,33,29,72,0,0,23,157
2024-03-07 12:40:00,0,0,31,42,72,0,0,24,169
2024-03-07 12:50:00,0,0,29,34,54,0,0,12,129
2024-03-07 13:00:00,0,0,30,36,71,0,0,12,149
2024-03-07 13:10:00,0,0,30,23,71,0,0,24,148
2024-03-07 13:20:00,0,0,30,32,58,0,0,18,138
2024-03-07 13:30:00,0,0,27,35,58,0,0,13,133
2024-03-07 13:40:00,0,0,36,36,72,0,0,16,160
2024-03-07 13:50:00,0,0,36,29,62,0,0,21,148
2024-03-07 14:00:00,0,0,34,33,68,0,0,19,154
2024-03-07 14:10:00,0,0,34,34,66,0,0,21,155
2024-03-07 14:20:00,0,0,27,28,58,0,0,13,126
2024-03-07 14:30:00,0,0,32,44,68,0,0,19,163
2024-03-07 14:40:00,0,0,29,32,92,0,0,16,169
2024-03-07 14:50:00,0,0,28,35,79,0,0,18,160
2024-03-07 15:00:00,0,0,23,29,89,0,0,22,163
2024-03-07 15:10:00,0,0,20,25,99,0,0,18,162
2024-03-07 15:20:00,0,0,25,34,86,0,0,13,158
2024-03-07 15:30:00,0,0,29,32,83,0,0,16,160
2024-03-07 15:40:00,0,0,26,31,95,0,0,15,167
2024-03-07 15:50:00,0,0,34,40,91,0,0,20,185
2024-03-07 16:00:00,0,0,34,37,70,0,0,14,155
2024-03-07 16:10:00,0,0,31,36,98,0,0,18,183
2024-03-07 16:20:00,0,0,24,28,86,0,0,11,149
2024-03-07 16:30:00,0,0,36,43,90,0,0,13,182
2024-03-07 16:40:00,0,0,33,33,87,0,0,12,165
2024-03-07 16:50:00,0,0,18,22,80,0,0,17,137
2024-03-07 17:00:00,0,0,34,32,119,0,0,17,202
2024-03-07 17:10:00,0,0,28,29,91,0,0,22,170
2024-03-07 17:20:00,0,0,31,33,111,0,0,18,193
2024-03-07 17:30:00,0,0,35,36,96,0,0,23,190
2024-03-07 17:40:00,0,0,23,30,109,0,0,18,180
2024-03-07 17:50:00,0,0,30,27,99,0,0,19,175
2024-03-07 18:00:00,0,0,34,40,89,0,0,14,177
2024-03-07 18:10:00,0,0,22,26,71,0,0,22,141
2024-03-07 18:20:00,0,0,27,33,95,0,0,21,176
2024-03-07 18:30:00,0,0,34,32,83,0,0,21,170
2024-03-07 18:40:00,0,0,22,32,79,0,0,29,162
2024-03-07 18:50:00,0,0,22,48,62,0,0,26,158
2024-03-07 19:00:00,0,0,28,42,71,0,0,27,168
2024-03-07 19:10:00,0,0,30,35,56,0,0,19,140
2024-03-07 19:20:00,0,0,31,43,59,0,0,16,149
2024-03-07 19:30:00,0,0,25,30,65,0,0,19,139
2024-03-07 19:40:00,0,0,23,29,53,0,0,17,122
2024-03-07 19:50:00,0,0,22,31,32,0,0,20,105
2024-03-07 20:00:00,0,0,24,30,34,0,0,25,113
2024-03-07 20:10:00,0,0,18,26,29,0,0,26,99
2024-03-07 20:20:00,0,0,21,29,28,0,0,41,119
2024-03-07 20:30:00,0,0,21,28,33,0,0,29,111
2024-03-07 20:40:00,0,0,18,28,20,0,0,21,87
2024-03-07 20:50:00,0,0,15,22,26,0,0,23,86
2024-03-07 21:00:00,0,0,29,34,20,0,0,30,113
2024-03-07 21:10:00,0,0,20,15,36,0,0,25,96
2024-03-07 21:20:00,0,0,20,21,16,0,0,25,82
2024-03-07 21:30:00,0,0,11,12,22,0,0,22,67
2024-03-07 21:40:00,0,0,14,15,20,0,0,32,81
2024-03-07 21:50:00,0,0,8,15,21,0,0,24,68
2024-03-07 22:00:00,0,0,25,30,22,0,0,31,108
2024-03-07 22:10:00,0,0,16,20,20,0,0,18,74
2024-03-07 22:20:00,0,0,19,18,25,0,0,20,82
2024-03-07 22:30:00,0,0,21,17,23,0,0,18,79
2024-03-07 22:40:00,0,0,20,20,17,0,0,16,73
2024-03-07 22:50:00,0,0,11,21,19,0,0,17,68
2024-03-07 23:00:00,0,0,12,11,13,0,0,21,57
2024-03-07 23:10:00,0,0,15,23,15,0,0,13,66
2024-03-07 23:20:00,0,0,10,12,6,0,0,10,38
2024-03-07 23:30:00,0,0,11,6,6,0,0,13,36
2024-03-07 23:40:00,0,0,20,9,3,0,0,5,37
2024-03-07 23:50:00,0,0,8,9,13,0,0,13,43
2024-03-08 00:00:00,0,0,2,9,9,0,0,10,30
2024-03-08 00:10:00,0,0,6,5,5,0,0,8,24
2024-03-08 00:20:00,0,0,11,9,2,0,0,8,30
2024-03-08 00:30:00,0,0,13,12,3,0,0,9,37
2024-03-08 00:40:00,0,0,7,2,3,0,0,5,17
2024-03-08 00:50:00,0,0,8,3,10,0,0,4,25
2024-03-08 01:00:00,0,0,6,4,3,0,0,3,16
2024-03-08 01:10:00,0,0,7,5,4,0,0,7,23
2024-03-08 01:20:00,0,0,4,4,3,0,0,1,12
2024-03-08 01:30:00,0,0,4,1,4,0,0,3,12
2024-03-08 01:40:00,0,0,4,5,1,0,0,6,16
2024-03-08 01:50:00,0,0,0,1,1,0,0,4,6
2024-03-08 02:00:00,0,0,5,7,2,0,0,3,17
2024-03-08 02:10:00,0,0,4,3,1,0,0,5,13
2024-03-08 02:20:00,0,0,4,4,2,0,0,3,13
2024-03-08 02:30:00,0,0,2,1,1,0,0,1,5
2024-03-08 02:40:00,0,0,5,7,3,0,0,4,19
2024-03-08 02:50:00,0,0,5,5,2,0,0,1,13
2024-03-08 03:00:00,0,0,5,3,3,0,0,3,14
2024-03-08 03:10:00,0,0,6,5,4,0,0,1,16
2024-03-08 03:20:00,0,0,0,5,4,0,0,4,13
2024-03-08 03:30:00,0,0,3,4,0,0,0,0,7
2024-03-08 03:40:00,0,0,2,4,2,0,0,0,8
2024-03-08 03:50:00,0,0,5,7,5,0,0,3,20
2024-03-08 04:00:00,0,0,4,7,0,0,0,2,13
2024-03-08 04:10:00,0,0,7,6,4,0,0,6,23
2024-03-08 04:20:00,0,0,6,6,0,0,0,2,14
2024-03-08 04:30:00,0,0,7,6,2,0,0,4,19
2024-03-08 04:40:00,0,0,12,13,6,0,0,5,36
2024-03-08 04:50:00,0,0,8,13,1,0,0,7,29
2024-03-08 05:00:00,0,0,13,17,3,0,0,2,35
2024-03-08 05:10:00,0,0,22,15,12,0,0,8,57
2024-03-08 05:20:00,0,0,17,26,6,0,0,9,58
2024-03-08 05:30:00,0,0,20,25,8,0,0,18,71
2024-03-08 05:40:00,0,0,22,46,13,0,0,14,95
2024-03-08 05:50:00,0,0,22,43,16,0,0,16,97
2024-03-08 06:00:00,0,0,28,45,23,0,0,19,115
2024-03-08 06:10:00,0,0,17,28,23,0,0,13,81
2024-03-08 06:20:00,0,0,31,43,11,0,0,21,106
2024-03-08 06:30:00,0,0,29,48,31,0,0,24,132
2024-03-08 06:40:00,0,0,36,33,24,0,0,11,104
2024-03-08 06:50:00,0,0,37,36,42,0,0,20,135
2024-03-08 07:00:00,0,0,34,42,29,0,0,20,125
2024-03-08 07:10:00,0,0,31,35,37,0,0,18,121
2024-03-08 07:20:00,0,0,38,37,38,0,0,17,130
2024-03-08 07:30:00,0,0,30,38,54,0,0,16,138
2024-03-08 07:40:00,0,0,33,43,45,0,0,11,132
2024-03-08 07:50:00,0,0,28,36,49,0,0,17,130
2024-03-08 08:00:00,0,0,34,38,50,0,0,14,136
2024-03-08 08:10:00,0,0,33,51,47,0,0,11,142
2024-03-08 08:20:00,0,0,40,44,53,0,0,19,156
2024-03-08 08:30:00,0,0,33,44,56,0,0,19,152
2024-03-08 08:40:00,0,0,30,46,44,0,0,12,132
2024-03-08 08:50:00,0,0,39,45,43,0,0,12,139
2024-03-08 09:00:00,0,0,31,38,48,0,0,10,127
2024-03-08 09:10:00,0,0,31,36,50,0,0,17,134
2024-03-08 09:20:00,0,0,35,42,32,0,0,18,127
2024-03-08 09:30:00,0,0,20,31,40,0,0,16,107
2024-03-08 09:40:00,0,0,27,38,49,0,0,17,131
2024-03-08 09:50:00,0,0,21,28,52,0,0,23,124
2024-03-08 10:00:00,0,0,22,36,44,0,0,22,124
2024-03-08 10:10:00,0,0,25,34,46,0,0,22,127
2024-03-08 10:20:00,0,0,24,36,38,0,0,23,121
2024-03-08 10:30:00,0,0,23,27,55,0,0,20,125
2024-03-08 10:40:00,0,0,28,32,58,0,0,22,140
2024-03-08 10:50:00,0,0,6,27,66,0,0,26,125
2024-03-08 11:00:00,0,0,32,34,72,0,0,39,177
2024-03-08 11:10:00,0,0,15,16,41,0,0,12,84
2024-03-08 11:20:00,0,0,16,28,62,0,0,17,123
2024-03-08 11:30:00,0,0,29,43,67,0,0,20,159
2024-03-08 11:40:00,0,0,22,40,64,0,0,20,146
2024-03-08 11:50:00,0,0,32,30,64,0,0,13,139
2024-03-08 12:00:00,0,0,35,46,58,0,0,13,152
2024-03-08 12:10:00,0,0,28,43,90,0,0,7,168
2024-03-08 12:20:00,0,0,22,30,71,0,0,17,140
2024-03-08 12:30:00,0,0,33,38,96,0,0,21,188
2024-03-08 12:40:00,0,0,17,30,65,0,0,20,132
2024-03-08 12:50:00,0,0,33,41,76,0,0,14,164
2024-03-08 13:00:00,0,0,30,31,87,0,0,20,168
2024-03-08 13:10:00,0,0,28,34,80,0,0,26,168
2024-03-08 13:20:00,0,0,37,40,78,0,0,11,166
2024-03-08 13:30:00,0,0,31,39,77,0,0,15,162
2024-03-08 13:40:00,0,0,29,39,81,0,0,19,168
2024-03-08 13:50:00,0,0,31,29,91,0,0,20,171
2024-03-08 14:00:00,0,0,34,38,81,0,0,17,170
2024-03-08 14:10:00,0,0,26,30,71,0,0,21,148
2024-03-08 14:20:00,0,0,31,42,76,0,0,20,169
2024-03-08 14:30:00,0,0,26,39,79,0,0,14,158
2024-03-08 14:40:00,0,0,31,39,94,0,0,19,183
2024-03-08 14:50:00,0,0,33,40,66,0,0,15,154
2024-03-08 15:00:00,0,0,26,37,95,0,0,20,178
2024-03-08 15:10:00,0,0,28,35,86,0,0,26,175
2024-03-08 15:20:00,0,0,29,34,91,0,0,13,167
2024-03-08 15:30:00,0,0,35,44,82,0,0,16,177
2024-03-08 15:40:00,0,0,23,29,99,0,0,12,163
2024-03-08 15:50:00,0,0,34,33,84,0,0,18,169
2024-03-08 16:00:00,0,0,37,37,93,0,0,28,195
2024-03-08 16:10:00,0,0,30,38,74,0,0,18,160
2024-03-08 16:20:00,0,0,30,41,92,0,0,18,181
2024-03-08 16:30:00,0,0,36,38,69,0,0,11,154
2024-03-08 16:40:00,0,0,39,48,81,0,0,14,182
2024-03-08 16:50:00,0,0,37,43,95,0,0,14,189
2024-03-08 17:00:00,0,0,31,33,91,0,0,15,170
2024-03-08 17:10:00,0,0,41,37,98,0,0,18,194
2024-03-08 17:20:00,0,0,30,39,88,0,0,18,175
2024-03-08 17:30:00,0,0,30,41,67,0,0,21,159
2024-03-08 17:40:00,0,0,38,28,84,0,0,19,169
2024-03-08 17:50:00,0,0,37,38,81,0,0,19,175
2024-03-08 18:00:00,0,0,30,31,83,0,0,20,164
2024-03-08 18:10:00,0,0,39,49,62,0,0,9,159
2024-03-08 18:20:00,0,0,33,36,48,0,0,7,124
2024-03-08 18:30:00,0,0,26,34,93,0,0,23,176
2024-03-08 18:40:00,0,0,29,45,80,0,0,15,169
2024-03-08 18:50:00,0,0,36,48,74,0,0,16,174
2024-03-08 19:00:00,0,0,42,32,82,0,0,20,176
2024-03-08 19:10:00,0,0,22,43,69,0,0,22,156
2024-03-08 19:20:00,0,0,29,50,81,0,0,16,176
2024-03-08 19:30:00,0,0,27,52,60,0,0,19,158
2024-03-08 19:40:00,0,0,28,38,58,0,0,23,147
2024-03-08 19:50:00,0,0,26,44,54,0,0,24,148
2024-03-08 20:00:00,0,0,27,34,50,0,0,27,138
2024-03-08 20:10:00,0,0,30,32,50,0,0,27,139
2024-03-08 20:20:00,0,0,18,30,31,0,0,19,98
2024-03-08 20:30:00,0,0,19,38,40,0,0,31,128
2024-03-08 20:40:00,0,0,21,18,38,0,0,31,108
2024-03-08 20:50:00,0,0,29,38,26,0,0,23,116
2024-03-08 21:00:00,0,0,23,34,37,0,0,38,132
2024-03-08 21:10:00,0,0,28,29,30,0,0,32,119
2024-03-08 21:20:00,0,0,23,31,40,0,0,32,126
2024-03-08 21:30:00,0,0,20,25,44,0,0,46,135
2024-03-08 21:40:00,0,0,24,19,29,0,0,23,95
2024-03-08 21:50:00,0,0,23,45,36,0,0,27,131
2024-03-08 22:00:00,0,0,21,31,36,0,0,36,124
2024-03-08 22:10:00,0,0,41,41,37,0,0,32,151
2024-03-08 22:20:00,0,0,36,40,46,0,0,40,162
2024-03-08 22:30:00,0,0,35,47,31,0,0,30,143
2024-03-08 22:40:00,0,0,26,39,36,0,0,29,130
2024-03-08 22:50:00,0,0,24,20,30,0,0,33,107
2024-03-08 23:00:00,0,0,26,18,45,0,0,28,117
2024-03-08 23:10:00,0,0,18,29,37,0,0,26,110
2024-03-08 23:20:00,0,0,17,32,27,0,0,24,100
2024-03-08 23:30:00,0,0,23,27,26,0,0,27,103
2024-03-08 23:40:00,0,0,18,28,28,0,0,25,99
2024-03-08 23:50:00,0,0,12,15,32,0,0,22,81
2024-03-09 00:00:00,0,0,25,27,14,0,0,22,88
2024-03-09 00:10:00,0,0,15,18,17,0,0,18,68
2024-03-09 00:20:00,0,0,21,15,17,0,0,18,71
2024-03-09 00:30:00,0,0,18,17,18,0,0,21,74
2024-03-09 00:40:00,0,0,12,15,23,0,0,22,72
2024-03-09 00:50:00,0,0,12,9,9,0,0,18,48
2024-03-09 01:00:00,0,0,11,13,12,0,0,23,59
2024-03-09 01:10:00,0,0,12,14,16,0,0,9,51
2024-03-09 01:20:00,0,0,10,12,5,0,0,15,42
2024-03-09 01:30:00,0,0,14,11,11,0,0,15,51
2024-03-09 01:40:00,0,0,12,7,18,0,0,9,46
2024-03-09 01:50:00,0,0,13,11,9,0,0,11,44
2024-03-09 02:00:00,0,0,14,16,5,0,0,10,45
2024-03-09 02:10:00,0,0,5,13,8,0,0,12,38
2024-03-09 02:20:00,0,0,10,9,5,0,0,10,34
2024-03-09 02:30:00,0,0,4,8,3,0,0,10,25
2024-03-09 02:40:00,0,0,3,9,4,0,0,9,25
2024-03-09 02:50:00,0,0,5,4,7,0,0,6,22
2024-03-09 03:00:00,0,0,2,9,5,0,0,10,26
2024-03-09 03:10:00,0,0,6,8,4,0,0,10,28
2024-03-09 03:20:00,0,0,6,9,7,0,0,10,32
2024-03-09 03:30:00,0,0,4,10,9,0,0,5,28
2024-03-09 03:40:00,0,0,9,10,2,0,0,4,25
2024-03-09 03:50:00,0,0,5,7,8,0,0,9,29
2024-03-09 04:00:00,0,0,5,5,4,0,0,6,20
2024-03-09 04:10:00,0,0,15,9,5,0,0,4,33
2024-03-09 04:20:00,0,0,8,8,3,0,0,5,24
2024-03-09 04:30:00,0,0,7,12,5,0,0,6,30
2024-03-09 04:40:00,0,0,7,7,2,0,0,2,18
2024-03-09 04:50:00,0,0,9,15,7,0,0,5,36
2024-03-09 05:00:00,0,0,9,9,7,0,0,10,35
2024-03-09 05:10:00,0,0,13,21,6,0,0,5,45
2024-03-09 05:20:00,0,0,14,10,8,0,0,3,35
2024-03-09 05:30:00,0,0,25,20,7,0,0,10,62
2024-03-09 05:40:00,0,0,14,9,12,0,0,11,46
2024-03-09 05:50:00,0,0,10,9,10,0,0,5,34
2024-03-09 06:00:00,0,0,13,21,10,0,0,15,59
2024-03-09 06:10:00,0,0,15,20,9,0,0,5,49
2024-03-09 06:20:00,0,0,10,22,12,0,0,7,51
2024-03-09 06:30:00,0,0,14,19,10,0,0,14,57
2024-03-09 06:40:00,0,0,13,18,10,0,0,12,53
2024-03-09 06:50:00,0,0,9,14,10,0,0,11,44
2024-03-09 07:00:00,0,0,13,19,9,0,0,9,50
2024-03-09 07:10:00,0,0,8,6,7,0,0,5,26
2024-03-09 07:20:00,0,0,12,9,5,0,0,17,43
2024-03-09 07:30:00,0,0,16,20,13,0,0,10,59
2024-03-09 07:40:00,0,0,20,15,5,0,0,17,57
2024-03-09 07:50:00,0,0,19,22,13,0,0,11,65
2024-03-09 08:00:00,0,0,10,14,13,0,0,12,49
2024-03-09 08:10:00,0,0,19,12,20,0,0,18,69
2024-03-09 08:20:00,0,0,18,18,21,0,0,10,67
2024-03-09 08:30:00,0,0,16,19,13,0,0,21,69
2024-03-09 08:40:00,0,0,18,19,21,0,0,19,77
2024-03-09 08:50:00,0,0,22,27,17,0,0,18,84
2024-03-09 09:00:00,0,0,16,22,22,0,0,18,78
2024-03-09 09:10:00,0,0,26,36,21,0,0,16,99
2024-03-09 09:20:00,0,0,26,31,19,0,0,16,92
2024-03-09 09:30:00,0,0,29,31,26,0,0,20,106
2024-03-09 09:40:00,0,0,30,41,29,0,0,25,125
2024-03-09 09:50:00,0,0,26,34,30,0,0,15,105
2024-03-09 10:00:00,0,0,23,33,30,0,0,18,104
2024-03-09 10:10:00,0,0,23,39,43,0,0,17,122
2024-03-09 10:20:00,0,0,22,34,31,0,0,26,113
2024-03-09 10:30:00,0,0,20,34,43,0,0,19,116
2024-03-09 10:40:00,0,0,26,27,52,0,0,24,129
2024-03-09 10:50:00,0,0,30,35,29,0,0,19,113
2024-03-09 11:00:00,0,0,30,39,44,0,0,25,138
2024-03-09 11:10:00,0,0,29,36,51,0,0,20,136
2024-03-09 11:20:00,0,0,25,37,38,0,0,16,116
2024-03-09 11:30:00,0,0,20,32,62,0,0,18,132
2024-03-09 11:40:00,0,0,25,33,45,0,0,21,124
2024-03-09 11:50:00,0,0,33,46,57,0,0,24,160
2024-03-09 12:00:00,0,0,26,36,54,0,0,28,144
2024-03-09 12:10:00,0,0,27,37,58,0,0,15,137
2024-03-09 12:20:00,0,0,25,33,71,0,0,23,152
2024-03-09 12:30:00,0,0,29,41,76,0,0,14,160
2024-03-09 12:40:00,0,0,27,44,55,0,0,20,146
2024-03-09 12:50:00,0,0,52,47,69,0,0,20,188
2024-03-09 13:00:00,0,0,34,40,72,0,0,20,166
2024-03-09 13:10:00,0,0,19,32,73,0,0,19,143
2024-03-09 13:20:00,0,0,31,33,72,0,0,27,163
2024-03-09 13:30:00,0,0,32,36,76,0,0,26,170
2024-03-09 13:40:00,0,0,31,35,71,0,0,14,151
2024-03-09 13:50:00,0,0,15,27,63,0,0,10,115
2024-03-09 14:00:00,0,0,16,16,83,0,0,6,121
2024-03-09 14:10:00,0,0,22,27,66,0,0,15,130
2024-03-09 14:20:00,0,0,25,30,72,0,0,23,150
2024-03-09 14:30:00,0,0,38,36,77,0,0,21,172
2024-03-09 14:40:00,0,0,31,32,80,0,0,32,175
2024-03-09 14:50:00,0,0,32,32,85,0,0,12,161
2024-03-09 15:00:00,0,0,28,40,80,0,0,18,166
2024-03-09 15:10:00,0,0,25,25,73,0,0,23,146
2024-03-09 15:20:00,0,0,32,40,64,0,0,26,162
2024-03-09 15:30:00,0,0,35,35,72,0,0,15,157
2024-03-09 15:40:00,0,0,30,31,75,0,0,22,158
2024-03-09 15:50:00,0,0,32,31,67,0,0,22,152
2024-03-09 16:00:00,0,0,31,26,65,0,0,23,145
2024-03-09 16:10:00,0,0,34,35,77,0,0,19,165
2024-03-09 16:20:00,0,0,29,33,82,0,0,16,160
2024-03-09 16:30:00,0,0,31,27,76,0,0,23,157
2024-03-09 16:40:00,0,0,23,23,66,0,0,22,134
2024-03-09 16:50:00,0,0,32,36,68,0,0,13,149
2024-03-09 17:00:00,0,0,28,30,73,0,0,24,155
2024-03-09 17:10:00,0,0,26,28,86,0,0,19,159
2024-03-09 17:20:00,0,0,26,38,72,0,0,24,160
2024-03-09 17:30:00,0,0,30,27,64,0,0,23,144
2024-03-09 17:40:00,0,0,33,31,72,0,0,18,154
2024-03-09 17:50:00,0,0,28,23,76,0,0,27,154
2024-03-09 18:00:00,0,0,24,33,70,0,0,28,155
2024-03-09 18:10:00,0,0,22,26,80,0,0,23,151
2024-03-09 18:20:00,0,0,26,28,70,0,0,18,142
2024-03-09 18:30:00,0,0,27,30,51,0,0,28,136
2024-03-09 18:40:00,0,0,31,42,62,0,0,23,158
2024-03-09 18:50:00,0,0,35,42,61,0,0,14,152
2024-03-09 19:00:00,0,0,30,35,51,0,0,27,143
2024-03-09 19:10:00,0,0,31,50,66,0,0,25,172
2024-03-09 19:20:00,0,0,29,43,61,0,0,21,154
2024-03-09 19:30:00,0,0,17,41,48,0,0,24,130
2024-03-09 19:40:00,0,0,27,33,58,0,0,23,141
2024-03-09 19:50:00,0,0,27,36,47,0,0,30,140
2024-03-09 20:00:00,0,0,29,33,45,0,0,34,141
2024-03-09 20:10:00,0,0,20,41,43,0,0,32,136
2024-03-09 20:20:00,0,0,23,28,54,0,0,27,132
2024-03-09 20:30:00,0,0,19,38,40,0,0,27,124
2024-03-09 20:40:00,0,0,30,22,39,0,0,24,115
2024-03-09 20:50:00,0,0,25,28,40,0,0,19,112
2024-03-09 21:00:00,0,0,22,30,37,0,0,38,127
2024-03-09 21:10:00,0,0,22,21,44,0,0,28,115
2024-03-09 21:20:00,0,0,19,30,26,0,0,27,102
2024-03-09 21:30:00,0,0,18,20,47,0,0,23,108
2024-03-09 21:40:00,0,0,19,30,42,0,0,27,118
2024-03-09 21:50:00,0,0,18,26,41,0,0,23,108
2024-03-09 22:00:00,0,0,26,41,33,0,0,19,119
2024-03-09 22:10:00,0,0,28,36,26,0,0,20,110
2024-03-09 22:20:00,0,0,19,33,29,0,0,22,103
2024-03-09 22:30:00,0,0,17,28,38,0,0,27,110
2024-03-09 22:40:00,0,0,28,23,38,0,0,24,113
2024-03-09 22:50:00,0,0,17,26,42,0,0,26,111
2024-03-09 23:00:00,0,0,34,40,67,0,0,31,172
2024-03-09 23:10:00,0,0,42,46,31,0,0,31,150
2024-03-09 23:20:00,0,0,22,35,31,0,0,33,121
2024-03-09 23:30:00,0,0,24,33,26,0,0,26,109
2024-03-09 23:40:00,0,0,16,25,20,0,0,24,85
2024-03-09 23:50:00,0,0,21,22,31,0,0,23,97
2024-03-10 00:00:00,0,0,9,13,20,0,0,13,55
2024-03-10 00:10:00,0,0,21,15,22,0,0,21,79
2024-03-10 00:20:00,0,0,14,11,24,0,0,18,67
2024-03-10 00:30:00,0,0,15,13,19,0,0,19,66
2024-03-10 00:40:00,0,0,16,10,15,0,0,14,55
2024-03-10 00:50:00,0,0,17,20,18,0,0,17,72
2024-03-10 01:00:00,0,0,23,13,10,0,0,13,59
2024-03-10 01:10:00,0,0,8,13,11,0,0,21,53
2024-03-10 01:20:00,0,0,9,12,7,0,0,18,46
2024-03-10 01:30:00,0,0,9,12,8,0,0,15,44
2024-03-10 01:40:00,0,0,6,12,17,0,0,19,54
2024-03-10 01:50:00,0,0,8,13,15,0,0,15,51
2024-03-10 02:00:00,0,0,6,16,5,0,0,5,32
2024-03-10 02:10:00,0,0,7,9,13,0,0,8,37
2024-03-10 02:20:00,0,0,6,12,9,0,0,9,36
2024-03-10 02:30:00,0,0,6,12,10,0,0,12,40
2024-03-10 02:40:00,0,0,11,11,10,0,0,18,50
2024-03-10 02:50:00,0,0,6,10,4,0,0,3,23
2024-03-10 03:00:00,0,0,7,9,6,0,0,7,29
2024-03-10 03:10:00,0,0,6,15,6,0,0,6,33
2024-03-10 03:20:00,0,0,8,11,4,0,0,6,29
2024-03-10 03:30:00,0,0,5,10,7,0,0,14,36
2024-03-10 03:40:00,0,0,5,14,10,0,0,7,36
2024-03-10 03:50:00,0,0,11,6,9,0,0,8,34
2024-03-10 04:00:00,0,0,10,8,3,0,0,4,25
2024-03-10 04:10:00,0,0,6,6,3,0,0,4,19
2024-03-10 04:20:00,0,0,6,15,3,0,0,9,33
2024-03-10 04:30:00,0,0,3,4,5,0,0,5,17
2024-03-10 04:40:00,0,0,5,5,1,0,0,2,13
2024-03-10 04:50:00,0,0,9,8,5,0,0,10,32
2024-03-10 05:00:00,0,0,8,8,1,0,0,5,22
2024-03-10 05:10:00,0,0,12,10,4,0,0,7,33
2024-03-10 05:20:00,0,0,7,4,6,0,0,5,22
2024-03-10 05:30:00,0,0,12,12,6,0,0,8,38
2024-03-10 05:40:00,0,0,14,16,12,0,0,7,49
2024-03-10 05:50:00,0,0,6,5,4,0,0,4,19
2024-03-10 06:00:00,0,0,7,10,8,0,0,4,29
2024-03-10 06:10:00,0,0,3,8,11,0,0,11,33
2024-03-10 06:20:00,0,0,7,22,6,0,0,7,42
2024-03-10 06:30:00,0,0,9,3,5,0,0,7,24
2024-03-10 06:40:00,0,0,3,7,9,0,0,6,25
2024-03-10 06:50:00,0,0,3,3,6,0,0,3,15
2024-03-10 07:00:00,0,0,3,3,6,0,0,1,13
2024-03-10 07:10:00,0,0,5,8,4,0,0,5,22
2024-03-10 07:20:00,0,0,9,9,5,0,0,7,30
2024-03-10 07:30:00,0,0,9,3,5,0,0,5,22
2024-03-10 07:40:00,0,0,10,7,10,0,0,5,32
2024-03-10 07:50:00,0,0,7,4,8,0,0,8,27
2024-03-10 08:00:00,0,0,7,5,6,0,0,6,24
2024-03-10 08:10:00,0,0,9,7,11,0,0,2,29
2024-03-10 08:20:00,0,0,10,11,3,0,0,9,33
2024-03-10 08:30:00,0,0,15,8,6,0,0,12,41
2024-03-10 08:40:00,0,0,10,3,9,0,0,7,29
2024-03-10 08:50:00,0,0,11,6,9,0,0,14,40
2024-03-10 09:00:00,0,0,10,9,7,0,0,19,45
2024-03-10 09:10:00,0,0,20,15,10,0,0,15,60
2024-03-10 09:20:00,0,0,12,14,13,0,0,12,51
2024-03-10 09:30:00,0,0,14,15,18,0,0,21,68
2024-03-10 09:40:00,0,0,17,23,18,0,0,16,74
2024-03-10 09:50:00,0,0,17,18,19,0,0,19,73
2024-03-10 10:00:00,0,0,12,13,23,0,0,17,65
2024-03-10 10:10:00,0,0,10,10,31,0,0,19,70
2024-03-10 10:20:00,0,0,13,13,23,0,0,17,66
2024-03-10 10:30:00,0,0,15,14,23,0,0,16,68
2024-03-10 10:40:00,0,0,21,22,41,0,0,20,104
2024-03-10 10:50:00,0,0,13,14,30,0,0,21,78
2024-03-10 11:00:00,0,0,19,20,24,0,0,26,89
2024-03-10 11:10:00,0,0,23,17,17,0,0,22,79
2024-03-10 11:20:00,0,0,18,26,28,0,0,17,89
2024-03-10 11:30:00,0,0,15,20,33,0,0,18,86
2024-03-10 11:40:00,0,0,19,19,35,0,0,26,99
2024-03-10 11:50:00,0,0,17,27,34,0,0,24,102
2024-03-10 12:00:00,0,0,18,24,40,0,0,25,107
2024-03-10 12:10:00,0,0,28,23,31,0,0,25,107
2024-03-10 12:20:00,0,0,19,22,28,0,0,18,87
2024-03-10 12:30:00,0,0,21,25,41,0,0,20,107
2024-03-10 12:40:00,0,0,20,24,52,0,0,24,120
2024-03-10 12:50:00,0,0,29,16,34,0,0,25,104
2024-03-10 13:00:00,0,0,23,24,35,0,0,21,103
2024-03-10 13:10:00,0,0,29,20,48,0,0,25,122
2024-03-10 13:20:00,0,0,18,19,38,0,0,22,97
2024-03-10 13:30:00,0,0,24,20,39,0,0,21,104
2024-03-10 13:40:00,0,0,17,24,59,0,0,33,133
2024-03-10 13:50:00,0,0,17,22,42,0,0,22,103
2024-03-10 14:00:00,0,0,21,24,60,0,0,22,127
2024-03-10 14:10:00,0,0,20,29,45,0,0,30,124
2024-03-10 14:20:00,0,0,23,26,58,0,0,23,130
2024-03-10 14:30:00,0,0,28,20,53,0,0,22,123
2024-03-10 14:40:00,0,0,20,19,43,0,0,23,105
2024-03-10 14:50:00,0,0,26,21,55,0,0,21,123
2024-03-10 15:00:00,0,0,26,24,45,0,0,24,119
2024-03-10 15:10:00,0,0,31,23,46,0,0,32,132
2024-03-10 15:20:00,0,0,24,22,48,0,0,29,123
2024-03-10 15:30:00,0,0,21,18,45,0,0,19,103
2024-03-10 15:40:00,0,0,25,23,49,0,0,31,128
2024-03-10 15:50:00,0,0,25,32,48,0,0,27,132
2024-03-10 16:00:00,0,0,29,31,52,0,0,32,144
2024-03-10 16:10:00,0,0,28,19,52,0,0,22,121
2024-03-10 16:20:00,0,0,33,35,38,0,0,25,131
2024-03-10 16:30:00,0,0,21,24,32,0,0,20,97
2024-03-10 16:40:00,0,0,27,33,38,0,0,27,125
2024-03-10 16:50:00,0,0,28,36,52,0,0,22,138
2024-03-10 17:00:00,0,0,20,31,49,0,0,19,119
2024-03-10 17:10:00,0,0,26,29,49,0,0,30,134
2024-03-10 17:20:00,0,0,25,24,60,0,0,20,129
2024-03-10 17:30:00,0,0,21,29,41,0,0,24,115
2024-03-10 17:40:00,0,0,28,29,49,0,0,22,128
2024-03-10 17:50:00,0,0,19,19,44,0,0,21,103
2024-03-10 18:00:00,0,0,21,26,41,0,0,23,111
2024-03-10 18:10:00,0,0,26,20,49,0,0,27,122
2024-03-10 18:20:00,0,0,24,28,50,0,0,30,132
2024-03-10 18:30:00,0,0,23,30,47,0,0,36,136
2024-03-10 18:40:00,0,0,26,32,49,0,0,26,133
2024-03-10 18:50:00,0,0,18,37,33,0,0,36,124
2024-03-10 19:00:00,0,0,24,36,38,0,0,32,130
2024-03-10 19:10:00,0,0,25,33,36,0,0,32,126
2024-03-10 19:20:00,0,0,22,44,42,0,0,31,139
2024-03-10 19:30:00,0,0,27,32,32,0,0,26,117
2024-03-10 19:40:00,0,0,29,42,47,0,0,26,144
2024-03-10 19:50:00,0,0,27,29,48,0,0,30,134
2024-03-10 20:00:00,0,0,26,31,31,0,0,28,116
2024-03-10 20:10:00,0,0,22,25,33,0,0,25,105
2024-03-10 20:20:00,0,0,29,29,29,0,0,22,109
2024-03-10 20:30:00,0,0,26,31,28,0,0,21,106
2024-03-10 20:40:00,0,0,17,26,29,0,0,23,95
2024-03-10 20:50:00,0,0,22,29,32,0,0,18,101
2024-03-10 21:00:00,0,0,17,18,18,0,0,25,78
2024-03-10 21:10:00,0,0,14,22,22,0,0,24,82
2024-03-10 21:20:00,0,0,17,13,56,0,0,31,117
2024-03-10 21:30:00,0,0,18,24,28,0,0,23,93
2024-03-10 21:40:00,0,0,15,15,22,0,0,15,67
2024-03-10 21:50:00,0,0,14,16,30,0,0,27,87
2024-03-10 22:00:00,0,0,14,13,19,0,0,26,72
2024-03-10 22:10:00,0,0,12,21,23,0,0,11,67
2024-03-10 22:20:00,0,0,15,15,13,0,0,16,59
2024-03-10 22:30:00,0,0,13,5,19,0,0,17,54
2024-03-10 22:40:00,0,0,13,7,13,0,0,17,50
2024-03-10 22:50:00,0,0,15,8,10,0,0,16,49
2024-03-10 23:00:00,0,0,14,12,13,0,0,17,56
2024-03-10 23:10:00,0,0,9,5,8,0,0,16,38
2024-03-10 23:20:00,0,0,4,3,10,0,0,20,37
2024-03-10 23:30:00,0,0,8,4,3,0,0,8,23
2024-03-10 23:40:00,0,0,10,8,10,0,0,19,47
2024-03-10 23:50:00,0,0,9,6,14,0,0,14,43
2024-03-11 00:00:00,0,0,12,5,8,0,0,9,34
2024-03-11 00:10:00,0,0,11,5,10,0,0,21,47
2024-03-11 00:20:00,0,0,5,4,6,0,0,7,22
2024-03-11 00:30:00,0,0,5,5,6,0,0,8,24
2024-03-11 00:40:00,0,0,11,8,5,0,0,7,31
2024-03-11 00:50:00,0,0,8,5,4,0,0,8,25
2024-03-11 01:00:00,0,0,3,0,4,0,0,5,12
2024-03-11 01:10:00,0,0,2,1,4,0,0,8,15
2024-03-11 01:20:00,0,0,5,5,2,0,0,5,17
2024-03-11 01:30:00,0,0,4,3,0,0,0,0,7
2024-03-11 01:40:00,0,0,4,2,4,0,0,10,20
2024-03-11 01:50:00,0,0,7,3,1,0,0,3,14
2024-03-11 02:00:00,0,0,4,4,2,0,0,2,12
2024-03-11 02:10:00,0,0,2,0,1,0,0,1,4
2024-03-11 02:20:00,0,0,2,2,1,0,0,1,6
2024-03-11 02:30:00,0,0,3,3,1,0,0,4,11
2024-03-11 02:40:00,0,0,3,3,2,0,0,2,10
2024-03-11 02:50:00,0,0,6,3,3,0,0,3,15
2024-03-11 03:00:00,0,0,1,0,0,0,0,2,3
2024-03-11 03:10:00,0,0,4,3,2,0,0,4,13
2024-03-11 03:20:00,0,0,6,4,4,0,0,4,18
2024-03-11 03:30:00,0,0,7,4,1,0,0,2,14
2024-03-11 03:40:00,0,0,5,2,2,0,0,2,11
2024-03-11 03:50:00,0,0,7,7,2,0,0,3,19
2024-03-11 04:00:00,0,0,11,8,2,0,0,6,27
2024-03-11 04:10:00,0,0,5,3,1,0,0,3,12
2024-03-11 04:20:00,0,0,10,8,1,0,0,4,23
2024-03-11 04:30:00,0,0,10,6,0,0,0,1,17
2024-03-11 04:40:00,0,0,18,8,1,0,0,5,32
2024-03-11 04:50:00,0,0,13,7,1,0,0,2,23
2024-03-11 05:00:00,0,0,16,15,5,0,0,10,46
2024-03-11 05:10:00,0,0,23,15,5,0,0,14,57
2024-03-11 05:20:00,0,0,15,14,10,0,0,23,62
2024-03-11 05:30:00,0,0,33,28,9,0,0,22,92
2024-03-11 05:40:00,0,0,21,24,16,0,0,28,89
2024-03-11 05:50:00,0,0,17,21,8,0,0,19,65
2024-03-11 06:00:00,0,0,17,31,17,0,0,24,89
2024-03-11 06:10:00,0,0,17,20,18,0,0,32,87
2024-03-11 06:20:00,0,0,18,26,22,0,0,25,91
2024-03-11 06:30:00,0,0,18,26,20,0,0,25,89
2024-03-11 06:40:00,0,0,18,35,42,0,0,19,114
2024-03-11 06:50:00,0,0,27,37,46,0,0,12,122
2024-03-11 07:00:00,0,0,28,37,36,0,0,15,116
2024-03-11 07:10:00,0,0,32,43,44,0,0,17,136
2024-03-11 07:20:00,0,0,32,36,46,0,0,11,125
2024-03-11 07:30:00,0,0,30,28,49,0,0,19,126
2024-03-11 07:40:00,0,0,32,23,68,0,0,7,130
2024-03-11 07:50:00,0,0,4,1,64,0,0,0,69
2024-03-11 08:00:00,0,0,0,0,59,0,0,0,59
2024-03-11 08:10:00,0,0,0,0,47,0,0,3,50
2024-03-11 08:20:00,0,0,0,0,53,0,0,8,61
2024-03-11 08:30:00,0,0,0,1,58,0,0,3,62
2024-03-11 08:40:00,0,0,0,3,72,0,0,4,79
2024-03-11 08:50:00,0,0,0,0,48,0,0,6,54
2024-03-11 09:00:00,0,0,0,2,65,0,0,0,67
2024-03-11 09:10:00,0,0,7,12,39,0,0,13,71
2024-03-11 09:20:00,0,0,32,37,37,0,0,20,126
2024-03-11 09:30:00,0,0,25,33,47,0,0,27,132
2024-03-11 09:40:00,0,0,28,27,39,0,0,19,113
2024-03-11 09:50:00,0,0,28,44,58,0,0,21,151
2024-03-11 10:00:00,0,0,29,33,54,0,0,20,136
2024-03-11 10:10:00,0,0,34,29,48,0,0,16,127
2024-03-11 10:20:00,0,0,23,32,47,0,0,18,120
2024-03-11 10:30:00,0,0,29,36,45,0,0,15,125
2024-03-11 10:40:00,0,0,27,31,52,0,0,20,130
2024-03-11 10:50:00,0,0,22,33,55,0,0,22,132
2024-03-11 11:00:00,0,0,20,29,60,0,0,27,136
2024-03-11 11:10:00,0,0,23,28,55,0,0,17,123
2024-03-11 11:20:00,0,0,22,37,59,0,0,16,134
2024-03-11 11:30:00,0,0,18,28,50,0,0,28,124
2024-03-11 11:40:00,0,0,25,36,53,0,0,17,131
2024-03-11 11:50:00,0,0,34,31,44,0,0,24,133
2024-03-11 12:00:00,0,0,21,31,49,0,0,19,120
2024-03-11 12:10:00,0,0,25,31,57,0,0,21,134
2024-03-11 12:20:00,0,0,29,34,53,0,0,19,135
2024-03-11 12:30:00,0,0,25,32,71,0,0,16,144
2024-03-11 12:40:00,0,0,21,34,53,0,0,21,129
2024-03-11 12:50:00,0,0,37,39,57,0,0,25,158
2024-03-11 13:00:00,0,0,29,41,73,0,0,15,158
2024-03-11 13:10:00,0,0,27,27,60,0,0,26,140
2024-03-11 13:20:00,0,0,31,39,75,0,0,22,167
2024-03-11 13:30:00,0,0,34,35,71,0,0,19,159
2024-03-11 13:40:00,0,0,22,28,55,0,0,12,117
2024-03-11 13:50:00,0,0,27,24,69,0,0,21,141
2024-03-11 14:00:00,0,0,33,35,72,0,0,14,154
2024-03-11 14:10:00,0,0,28,33,80,0,0,23,164
2024-03-11 14:20:00,0,0,24,27,77,0,0,18,146
2024-03-11 14:30:00,0,0,27,34,83,0,0,18,162
2024-03-11 14:40:00,0,0,27,26,72,0,0,12,137
2024-03-11 14:50:00,0,0,27,32,71,0,0,15,145
2024-03-11 15:00:00,0,0,24,36,99,0,0,10,169
2024-03-11 15:10:00,0,0,23,23,91,0,0,24,161
2024-03-11 15:20:00,0,0,32,26,95,0,0,15,168
2024-03-11 15:30:00,0,0,26,27,102,0,0,19,174
2024-03-11 15:40:00,0,0,29,28,94,0,0,18,169
2024-03-11 15:50:00,0,0,22,26,75,0,0,14,137
2024-03-11 16:00:00,0,0,35,39,103,0,0,15,192
2024-03-11 16:10:00,0,0,24,33,112,0,0,14,183
2024-03-11 16:20:00,0,0,27,39,88,0,0,13,167
2024-03-11 16:30:00,0,0,34,28,87,0,0,14,163
2024-03-11 16:40:00,0,0,26,33,87,0,0,23,169
2024-03-11 16:50:00,0,0,30,28,67,0,0,16,141
2024-03-11 17:00:00,0,0,35,37,90,0,0,17,179
2024-03-11 17:10:00,0,0,27,46,95,0,0,20,188
2024-03-11 17:20:00,0,0,38,41,81,0,0,15,175
2024-03-11 17:30:00,0,0,38,42,96,0,0,23,199
2024-03-11 17:40:00,0,0,24,28,76,0,0,23,151
2024-03-11 17:50:00,0,0,29,34,74,0,0,13,150
2024-03-11 18:00:00,0,0,24,27,76,0,0,17,144
2024-03-11 18:10:00,0,0,25,29,68,0,0,20,142
2024-03-11 18:20:00,0,0,24,23,60,0,0,19,126
2024-03-11 18:30:00,0,0,25,27,58,0,0,18,128
2024-03-11 18:40:00,0,0,25,25,74,0,0,23,147
2024-03-11 18:50:00,0,0,25,31,52,0,0,19,127
2024-03-11 19:00:00,0,0,30,37,52,0,0,18,137
2024-03-11 19:10:00,0,0,23,32,40,0,0,28,123
2024-03-11 19:20:00,0,0,26,27,40,0,0,20,113
2024-03-11 19:30:00,0,0,23,26,28,0,0,26,103
2024-03-11 19:40:00,0,0,20,34,43,0,0,23,120
2024-03-11 19:50:00,0,0,18,32,31,0,0,33,114
2024-03-11 20:00:00,0,0,20,31,27,0,0,19,97
2024-03-11 20:10:00,0,0,13,17,47,0,0,23,100
2024-03-11 20:20:00,0,0,12,19,31,0,0,24,86
2024-03-11 20:30:00,0,0,27,19,31,0,0,23,100
2024-03-11 20:40:00,0,0,22,25,35,0,0,29,111
2024-03-11 20:50:00,0,0,21,23,23,0,0,25,92
2024-03-11 21:00:00,0,0,23,15,22,0,0,22,82
2024-03-11 21:10:00,0,0,11,25,33,0,0,19,88
2024-03-11 21:20:00,0,0,15,16,23,0,0,20,74
2024-03-11 21:30:00,0,0,14,25,15,0,0,22,76
2024-03-11 21:40:00,0,0,20,19,27,0,0,21,87
2024-03-11 21:50:00,0,0,12,20,16,0,0,23,71
2024-03-11 22:00:00,0,0,26,14,25,0,0,24,89
2024-03-11 22:10:00,0,0,7,18,24,0,0,23,72
2024-03-11 22:20:00,0,0,14,11,20,0,0,19,64
2024-03-11 22:30:00,0,0,9,8,21,0,0,19,57
2024-03-11 22:40:00,0,0,5,10,12,0,0,14,41
2024-03-11 22:50:00,0,0,8,4,13,0,0,7,32
2024-03-11 23:00:00,0,0,7,4,10,0,0,11,32
2024-03-11 23:10:00,0,0,7,7,12,0,0,6,32
2024-03-11 23:20:00,0,0,11,10,5,0,0,7,33
2024-03-11 23:30:00,0,0,2,12,10,0,0,16,40
2024-03-11 23:40:00,0,0,9,11,9,0,0,11,40
2024-03-11 23:50:00,0,0,3,6,7,0,0,9,25
2024-03-12 00:00:00,0,0,9,17,7,0,0,10,43
2024-03-12 00:10:00,0,0,5,7,8,0,0,3,23
2024-03-12 00:20:00,0,0,10,5,7,0,0,9,31
2024-03-12 00:30:00,0,0,1,4,3,0,0,3,11
2024-03-12 00:40:00,0,0,1,2,3,0,0,3,9
2024-03-12 00:50:00,0,0,6,8,3,0,0,6,23
2024-03-12 01:00:00,0,0,8,2,10,0,0,3,23
2024-03-12 01:10:00,0,0,2,5,1,0,0,9,17
2024-03-12 01:20:00,0,0,1,0,2,0,0,3,6
2024-03-12 01:30:00,0,0,3,3,4,0,0,5,15
2024-03-12 01:40:00,0,0,0,2,3,0,0,3,8
2024-03-12 01:50:00,0,0,2,5,4,0,0,1,12
2024-03-12 02:00:00,0,0,4,3,3,0,0,5,15
2024-03-12 02:10:00,0,0,2,3,2,0,0,3,10
2024-03-12 02:20:00,0,0,4,4,0,0,0,0,8
2024-03-12 02:30:00,0,0,4,9,3,0,0,2,18
2024-03-12 02:40:00,0,0,3,3,0,0,0,5,11
2024-03-12 02:50:00,0,0,2,2,1,0,0,1,6
2024-03-12 03:00:00,0,0,2,4,1,0,0,0,7
2024-03-12 03:10:00,0,0,1,2,3,0,0,3,9
2024-03-12 03:20:00,0,0,3,1,1,0,0,1,6
2024-03-12 03:30:00,0,0,6,5,0,0,0,3,14
2024-03-12 03:40:00,0,0,1,1,0,0,0,1,3
2024-03-12 03:50:00,0,0,5,5,1,0,0,3,14
2024-03-12 04:00:00,0,0,2,6,0,0,0,4,12
2024-03-12 04:10:00,0,0,6,6,1,0,0,8,21
2024-03-12 04:20:00,0,0,8,10,0,0,0,1,19
2024-03-12 04:30:00,0,0,8,12,4,0,0,6,30
2024-03-12 04:40:00,0,0,14,9,1,0,0,3,27
2024-03-12 04:50:00,0,0,11,10,1,0,0,4,26
2024-03-12 05:00:00,0,0,9,22,4,0,0,10,45
2024-03-12 05:10:00,0,0,22,25,5,0,0,11,63
2024-03-12 05:20:00,0,0,20,26,8,0,0,13,67
2024-03-12 05:30:00,0,0,28,36,11,0,0,17,92
2024-03-12 05:40:00,0,0,33,44,12,0,0,14,103
2024-03-12 05:50:00,0,0,27,36,13,0,0,12,88
2024-03-12 06:00:00,0,0,29,43,23,0,0,17,112
2024-03-12 06:10:00,0,0,31,47,18,0,0,23,119
2024-03-12 06:20:00,0,0,30,49,27,0,0,25,131
2024-03-12 06:30:00,0,0,28,40,30,0,0,29,127
2024-03-12 06:40:00,0,0,22,41,39,0,0,19,121
2024-03-12 06:50:00,0,0,31,53,42,0,0,16,142
2024-03-12 07:00:00,0,0,25,36,32,0,0,16,109
2024-03-12 07:10:00,0,0,38,41,42,0,0,11,132
2024-03-12 07:20:00,0,0,35,51,34,0,0,16,136
2024-03-12 07:30:00,0,0,26,30,59,0,0,10,125
2024-03-12 07:40:00,0,0,4,3,63,0,0,0,70
2024-03-12 07:50:00,0,0,1,2,73,0,0,0,76
2024-03-12 08:00:00,0,0,0,1,60,0,0,0,61
2024-03-12 08:10:00,0,0,0,0,48,0,0,0,48
2024-03-12 08:20:00,0,0,0,4,63,0,0,9,76
2024-03-12 08:30:00,0,0,0,1,58,0,0,6,65
2024-03-12 08:40:00,0,0,0,0,74,0,0,3,77
2024-03-12 08:50:00,0,0,0,0,58,0,0,6,64
2024-03-12 09:00:00,0,0,0,0,57,0,0,3,60
2024-03-12 09:10:00,0,0,0,2,54,0,0,10,66
2024-03-12 09:20:00,0,0,2,4,61,0,0,0,67
2024-03-12 09:30:00,0,0,7,15,26,0,0,0,48
2024-03-12 09:40:00,0,0,27,31,36,0,0,11,105
2024-03-12 09:50:00,0,0,19,13,41,0,0,15,88
2024-03-12 10:00:00,0,0,27,35,53,0,0,15,130
2024-03-12 10:10:00,0,0,25,28,49,0,0,8,110
2024-03-12 10:20:00,0,0,30,38,37,0,0,17,122
2024-03-12 10:30:00,0,0,30,28,42,0,0,20,120
2024-03-12 10:40:00,0,0,28,38,49,0,0,22,137
2024-03-12 10:50:00,0,0,29,31,54,0,0,16,130
2024-03-12 11:00:00,0,0,29,27,65,0,0,14,135
2024-03-12 11:10:00,0,0,29,29,52,0,0,25,135
2024-03-12 11:20:00,0,0,25,31,49,0,0,18,123
2024-03-12 11:30:00,0,0,26,29,62,0,0,14,131
2024-03-12 11:40:00,0,0,24,30,40,0,0,22,116
2024-03-12 11:50:00,0,0,26,30,69,0,0,17,142
2024-03-12 12:00:00,0,0,26,32,70,0,0,19,147
2024-03-12 12:10:00,0,0,28,26,62,0,0,11,127
2024-03-12 12:20:00,0,0,26,32,56,0,0,19,133
2024-03-12 12:30:00,0,0,28,29,62,0,0,24,143
2024-03-12 12:40:00,0,0,28,30,63,0,0,18,139
2024-03-12 12:50:00,0,0,30,37,60,0,0,18,145
2024-03-12 13:00:00,0,0,25,33,66,0,0,18,142
2024-03-12 13:10:00,0,0,26,30,91,0,0,20,167
2024-03-12 13:20:00,0,0,26,31,62,0,0,24,143
2024-03-12 13:30:00,0,0,28,29,65,0,0,16,138
2024-03-12 13:40:00,0,0,32,36,52,0,0,18,138
2024-03-12 13:50:00,0,0,21,29,74,0,0,14,138
2024-03-12 14:00:00,0,0,28,27,69,0,0,20,144
2024-03-12 14:10:00,0,0,25,33,81,0,0,17,156
2024-03-12 14:20:00,0,0,31,29,93,0,0,17,170
2024-03-12 14:30:00,0,0,32,32,79,0,0,17,160
2024-03-12 14:40:00,0,0,32,30,86,0,0,18,166
2024-03-12 14:50:00,0,0,22,29,87,0,0,19,157
2024-03-12 15:00:00,0,0,19,25,84,0,0,17,145
2024-03-12 15:10:00,0,0,23,25,72,0,0,19,139
2024-03-12 15:20:00,0,0,28,25,100,0,0,14,167
2024-03-12 15:30:00,0,0,21,34,112,0,0,13,180
2024-03-12 15:40:00,0,0,27,37,105,0,0,23,192
2024-03-12 15:50:00,0,0,26,36,78,0,0,18,158
2024-03-12 16:00:00,0,0,31,38,74,0,0,20,163
2024-03-12 16:10:00,0,0,32,28,98,0,0,18,176
2024-03-12 16:20:00,0,0,29,31,104,0,0,25,189
2024-03-12 16:30:00,0,0,28,31,86,0,0,21,166
2024-03-12 16:40:00,0,0,31,24,80,0,0,19,154
2024-03-12 16:50:00,0,0,31,30,79,0,0,19,159
2024-03-12 17:00:00,0,0,33,29,110,0,0,13,185
2024-03-12 17:10:00,0,0,26,31,85,0,0,21,163
2024-03-12 17:20:00,0,0,32,30,111,0,0,17,190
2024-03-12 17:30:00,0,0,30,35,97,0,0,15,177
2024-03-12 17:40:00,0,0,36,32,66,0,0,27,161
2024-03-12 17:50:00,0,0,34,31,106,0,0,9,180
2024-03-12 18:00:00,0,0,23,28,78,0,0,15,144
2024-03-12 18:10:00,0,0,27,29,89,0,0,21,166
2024-03-12 18:20:00,0,0,25,26,87,0,0,31,169
2024-03-12 18:30:00,0,0,31,31,82,0,0,21,165
2024-03-12 18:40:00,0,0,16,30,60,0,0,22,128
2024-03-12 18:50:00,0,0,23,44,55,0,0,24,146
2024-03-12 19:00:00,0,0,30,37,60,0,0,21,148
2024-03-12 19:10:00,0,0,20,36,50,0,0,20,126
2024-03-12 19:20:00,0,0,25,30,47,0,0,24,126
2024-03-12 19:30:00,0,0,21,37,35,0,0,19,112
2024-03-12 19:40:00,0,0,23,28,42,0,0,22,115
2024-03-12 19:50:00,0,0,29,40,39,0,0,25,133
2024-03-12 20:00:00,0,0,24,31,37,0,0,20,112
2024-03-12 20:10:00,0,0,30,22,56,0,0,22,130
2024-03-12 20:20:00,0,0,25,20,34,0,0,24,103
2024-03-12 20:30:00,0,0,22,19,36,0,0,31,108
2024-03-12 20:40:00,0,0,17,15,21,0,0,24,77
2024-03-12 20:50:00,0,0,28,19,28,0,0,30,105
2024-03-12 21:00:00,0,0,26,19,33,0,0,29,107
2024-03-12 21:10:00,0,0,23,17,39,0,0,30,109
2024-03-12 21:20:00,0,0,13,7,28,0,0,27,75
2024-03-12 21:30:00,0,0,21,13,24,0,0,26,84
2024-03-12 21:40:00,0,0,23,15,24,0,0,36,98
2024-03-12 21:50:00,0,0,23,17,25,0,0,24,89
2024-03-12 22:00:00,0,0,10,11,26,0,0,27,74
2024-03-12 22:10:00,0,0,14,16,25,0,0,36,91
2024-03-12 22:20:00,0,0,15,12,13,0,0,33,73
2024-03-12 22:30:00,0,0,9,6,19,0,0,36,70
2024-03-12 22:40:00,0,0,12,7,17,0,0,28,64
2024-03-12 22:50:00,0,0,13,11,15,0,0,25,64
2024-03-12 23:00:00,0,0,12,7,11,0,0,21,51
2024-03-12 23:10:00,0,0,8,8,16,0,0,21,53
2024-03-12 23:20:00,0,0,13,8,9,0,0,19,49
2024-03-12 23:30:00,0,0,16,8,14,0,0,16,54
2024-03-12 23:40:00,0,0,14,8,8,0,0,16,46
2024-03-12 23:50:00,0,0,8,9,9,0,0,19,45
2024-03-13 00:00:00,0,0,8,8,8,0,0,11,35
2024-03-13 00:10:00,0,0,9,7,7,0,0,16,39
2024-03-13 00:20:00,0,0,5,3,3,0,0,5,16
2024-03-13 00:30:00,0,0,12,4,3,0,0,7,26
2024-03-13 00:40:00,0,0,4,2,5,0,0,9,20
2024-03-13 00:50:00,0,0,4,2,5,0,0,10,21
2024-03-13 01:00:00,0,0,4,2,4,0,0,8,18
2024-03-13 01:10:00,0,0,9,7,5,0,0,7,28
2024-03-13 01:20:00,0,0,3,1,3,0,0,5,12
2024-03-13 01:30:00,0,0,5,3,2,0,0,3,13
2024-03-13 01:40:00,0,0,4,1,4,0,0,10,19
2024-03-13 01:50:00,0,0,3,4,2,0,0,1,10
2024-03-13 02:00:00,0,0,5,4,2,0,0,4,15
2024-03-13 02:10:00,0,0,4,7,0,0,0,3,14
2024-03-13 02:20:00,0,0,4,6,1,0,0,3,14
2024-03-13 02:30:00,0,0,3,4,2,0,0,3,12
2024-03-13 02:40:00,0,0,7,3,3,0,0,7,20
2024-03-13 02:50:00,0,0,2,2,0,0,0,0,4
2024-03-13 03:00:00,0,0,5,3,1,0,0,2,11
2024-03-13 03:10:00,0,0,2,6,3,0,0,4,15
2024-03-13 03:20:00,0,0,1,2,2,0,0,4,9
2024-03-13 03:30:00,0,0,3,4,1,0,0,4,12
2024-03-13 03:40:00,0,0,1,1,1,0,0,3,6
2024-03-13 03:50:00,0,0,12,4,3,0,0,3,22
2024-03-13 04:00:00,0,0,6,3,2,0,0,6,17
2024-03-13 04:10:00,0,0,6,5,1,0,0,5,17
2024-03-13 04:20:00,0,0,13,13,2,0,0,5,33
2024-03-13 04:30:00,0,0,4,7,2,0,0,3,16
2024-03-13 04:40:00,0,0,11,8,2,0,0,7,28
2024-03-13 04:50:00,0,0,13,7,2,0,0,10,32
2024-03-13 05:00:00,0,0,8,10,2,0,0,4,24
2024-03-13 05:10:00,0,0,14,23,4,0,0,13,54
2024-03-13 05:20:00,0,0,18,21,7,0,0,16,62
2024-03-13 05:30:00,0,0,16,24,8,0,0,22,70
2024-03-13 05:40:00,0,0,21,36,14,0,0,23,94
2024-03-13 05:50:00,0,0,18,27,13,0,0,24,82
2024-03-13 06:00:00,0,0,18,29,9,0,0,18,74
2024-03-13 06:10:00,0,0,20,29,21,0,0,24,94
2024-03-13 06:20:00,0,0,19,29,17,0,0,26,91
2024-03-13 06:30:00,0,0,18,27,27,0,0,22,94
2024-03-13 06:40:00,0,0,21,33,33,0,0,21,108
2024-03-13 06:50:00,0,0,22,30,46,0,0,21,119
2024-03-13 07:00:00,0,0,21,39,38,0,0,19,117
2024-03-13 07:10:00,0,0,32,37,35,0,0,16,120
2024-03-13 07:20:00,0,0,35,39,49,0,0,10,133
2024-03-13 07:30:00,0,0,33,40,55,0,0,13,141
2024-03-13 07:40:00,0,0,0,1,66,0,0,0,67
2024-03-13 07:50:00,0,0,1,9,77,0,0,0,87
2024-03-13 08:00:00,0,0,1,10,66,0,0,0,77
2024-03-13 08:10:00,0,0,0,0,64,0,0,0,64
2024-03-13 08:20:00,0,0,0,0,57,0,0,2,59
2024-03-13 08:30:00,0,0,1,22,57,0,0,6,86
2024-03-13 08:40:00,0,0,26,38,44,0,0,2,110
2024-03-13 08:50:00,0,0,5,13,70,0,0,1,89
2024-03-13 09:00:00,0,0,7,22,50,0,0,6,85
2024-03-13 09:10:00,0,0,26,29,48,0,0,14,117
2024-03-13 09:20:00,0,0,33,31,41,0,0,12,117
2024-03-13 09:30:00,0,0,31,38,50,0,0,17,136
2024-03-13 09:40:00,0,0,27,31,58,0,0,22,138
2024-03-13 09:50:00,0,0,11,22,49,0,0,15,97
2024-03-13 10:00:00,0,0,11,0,50,0,0,14,75
2024-03-13 10:10:00,0,0,25,26,41,0,0,13,105
2024-03-13 10:20:00,0,0,25,32,48,0,0,17,122
2024-03-13 10:30:00,0,0,23,35,58,0,0,19,135
2024-03-13 10:40:00,0,0,27,34,56,0,0,22,139
2024-03-13 10:50:00,0,0,34,26,48,0,0,18,126
2024-03-13 11:00:00,0,0,33,37,54,0,0,15,139
2024-03-13 11:10:00,0,0,24,35,50,0,0,18,127
2024-03-13 11:20:00,0,0,23,30,47,0,0,6,106
2024-03-13 11:30:00,0,0,19,35,71,0,0,21,146
2024-03-13 11:40:00,0,0,31,34,51,0,0,21,137
2024-03-13 11:50:00,0,0,23,36,46,0,0,15,120
2024-03-13 12:00:00,0,0,27,30,64,0,0,16,137
2024-03-13 12:10:00,0,0,35,39,66,0,0,13,153
2024-03-13 12:20:00,0,0,30,28,52,0,0,11,121
2024-03-13 12:30:00,0,0,33,31,71,0,0,16,151
2024-03-13 12:40:00,0,0,27,31,59,0,0,23,140
2024-03-13 12:50:00,0,0,36,31,76,0,0,19,162
2024-03-13 13:00:00,0,0,26,31,61,0,0,20,138
2024-03-13 13:10:00,0,0,36,30,82,0,0,22,170
2024-03-13 13:20:00,0,0,31,43,62,0,0,20,156
2024-03-13 13:30:00,0,0,33,32,71,0,0,18,154
2024-03-13 13:40:00,0,0,39,26,66,0,0,16,147
2024-03-13 13:50:00,0,0,47,32,66,0,0,22,167
2024-03-13 14:00:00,0,0,19,29,53,0,0,15,116
2024-03-13 14:10:00,0,0,40,33,83,0,0,15,171
2024-03-13 14:20:00,0,0,22,18,79,0,0,24,143
2024-03-13 14:30:00,0,0,26,29,75,0,0,15,145
2024-03-13 14:40:00,0,0,32,31,81,0,0,16,160
2024-03-13 14:50:00,0,0,31,27,66,0,0,19,143
2024-03-13 15:00:00,0,0,22,29,92,0,0,25,168
2024-03-13 15:10:00,0,0,26,28,79,0,0,18,151
2024-03-13 15:20:00,0,0,25,33,90,0,0,15,163
2024-03-13 15:30:00,0,0,38,33,92,0,0,17,180
2024-03-13 15:40:00,0,0,28,34,95,0,0,29,186
2024-03-13 15:50:00,0,0,28,35,87,0,0,16,166
2024-03-13 16:00:00,0,0,27,35,87,0,0,21,170
2024-03-13 16:10:00,0,0,30,33,84,0,0,16,163
2024-03-13 16:20:00,0,0,30,39,81,0,0,16,166
2024-03-13 16:30:00,0,0,34,37,75,0,0,23,169
2024-03-13 16:40:00,0,0,22,34,78,0,0,26,160
2024-03-13 16:50:00,0,0,32,30,96,0,0,27,185
2024-03-13 17:00:00,0,0,30,30,87,0,0,19,166
2024-03-13 17:10:00,0,0,29,38,80,0,0,10,157
2024-03-13 17:20:00,0,0,28,32,110,0,0,21,191
2024-03-13 17:30:00,0,0,32,30,98,0,0,19,179
2024-03-13 17:40:00,0,0,34,29,93,0,0,26,182
2024-03-13 17:50:00,0,0,31,32,86,0,0,15,164
2024-03-13 18:00:00,0,0,32,33,81,0,0,19,165
2024-03-13 18:10:00,0,0,25,30,97,0,0,16,168
2024-03-13 18:20:00,0,0,25,26,86,0,0,25,162
2024-03-13 18:30:00,0,0,21,33,74,0,0,27,155
2024-03-13 18:40:00,0,0,18,31,60,0,0,15,124
2024-03-13 18:50:00,0,0,34,32,61,0,0,25,152
2024-03-13 19:00:00,0,0,35,29,62,0,0,26,152
2024-03-13 19:10:00,0,0,28,32,35,0,0,29,124
2024-03-13 19:20:00,0,0,30,36,55,0,0,23,144
2024-03-13 19:30:00,0,0,18,26,59,0,0,26,129
2024-03-13 19:40:00,0,0,19,29,44,0,0,23,115
2024-03-13 19:50:00,0,0,22,35,42,0,0,17,116
2024-03-13 20:00:00,0,0,19,46,50,0,0,25,140
2024-03-13 20:10:00,0,0,21,33,34,0,0,29,117
2024-03-13 20:20:00,0,0,25,21,38,0,0,29,113
2024-03-13 20:30:00,0,0,20,20,20,0,0,27,87
2024-03-13 20:40:00,0,0,20,32,35,0,0,25,112
2024-03-13 20:50:00,0,0,20,24,35,0,0,24,103
2024-03-13 21:00:00,0,0,15,20,29,0,0,23,87
2024-03-13 21:10:00,0,0,16,28,47,0,0,38,129
2024-03-13 21:20:00,0,0,17,14,29,0,0,28,88
2024-03-13 21:30:00,0,0,21,21,21,0,0,25,88
2024-03-13 21:40:00,0,0,28,26,36,0,0,32,122
2024-03-13 21:50:00,0,0,27,23,31,0,0,18,99
2024-03-13 22:00:00,0,0,20,38,24,0,0,26,108
2024-03-13 22:10:00,0,0,16,16,24,0,0,27,83
2024-03-13 22:20:00,0,0,14,15,30,0,0,22,81
2024-03-13 22:30:00,0,0,19,20,25,0,0,24,88
2024-03-13 22:40:00,0,0,11,13,28,0,0,21,73
2024-03-13 22:50:00,0,0,10,4,30,0,0,15,59
2024-03-13 23:00:00,0,0,14,12,12,0,0,14,52
2024-03-13 23:10:00,0,0,8,16,13,0,0,16,53
2024-03-13 23:20:00,0,0,6,8,8,0,0,18,40
2024-03-13 23:30:00,0,0,3,12,9,0,0,16,40
2024-03-13 23:40:00,0,0,8,7,10,0,0,10,35
2024-03-13 23:50:00,0,0,10,11,8,0,0,10,39
2024-03-14 00:00:00,0,0,3,7,9,0,0,14,33
2024-03-14 00:10:00,0,0,7,11,9,0,0,10,37
2024-03-14 00:20:00,0,0,10,3,6,0,0,11,30
2024-03-14 00:30:00,0,0,7,3,6,0,0,12,28
2024-03-14 00:40:00,0,0,3,5,8,0,0,7,23
2024-03-14 00:50:00,0,0,1,6,10,0,0,8,25
2024-03-14 01:00:00,0,0,4,4,2,0,0,5,15
2024-03-14 01:10:00,0,0,3,3,3,0,0,3,12
2024-03-14 01:20:00,0,0,1,2,2,0,0,7,12
2024-03-14 01:30:00,0,0,7,2,4,0,0,9,22
2024-03-14 01:40:00,0,0,1,3,1,0,0,6,11
2024-03-14 01:50:00,0,0,5,2,4,0,0,4,15
2024-03-14 02:00:00,0,0,8,12,1,0,0,1,22
2024-03-14 02:10:00,0,0,6,4,4,0,0,7,21
2024-03-14 02:20:00,0,0,3,8,2,0,0,3,16
2024-03-14 02:30:00,0,0,3,4,1,0,0,1,9
2024-03-14 02:40:00,0,0,8,5,0,0,0,1,14
2024-03-14 02:50:00,0,0,3,1,0,0,0,0,4
2024-03-14 03:00:00,0,0,8,4,2,0,0,1,15
2024-03-14 03:10:00,0,0,1,2,2,0,0,8,13
2024-03-14 03:20:00,0,0,1,4,1,0,0,1,7
2024-03-14 03:30:00,0,0,6,2,1,0,0,1,10
2024-03-14 03:40:00,0,0,1,4,5,0,0,2,12
2024-03-14 03:50:00,0,0,5,17,2,0,0,5,29
2024-03-14 04:00:00,0,0,6,10,0,0,0,0,16
2024-03-14 04:10:00,0,0,12,7,2,0,0,4,25
2024-03-14 04:20:00,0,0,9,19,1,0,0,2,31
2024-03-14 04:30:00,0,0,14,12,1,0,0,3,30
2024-03-14 04:40:00,0,0,10,11,3,0,0,11,35
2024-03-14 04:50:00,0,0,13,16,0,0,0,4,33
2024-03-14 05:00:00,0,0,17,12,4,0,0,5,38
2024-03-14 05:10:00,0,0,11,17,5,0,0,8,41
2024-03-14 05:20:00,0,0,14,25,6,0,0,22,67
2024-03-14 05:30:00,0,0,27,37,8,0,0,17,89
2024-03-14 05:40:00,0,0,33,45,12,0,0,19,109
2024-03-14 05:50:00,0,0,25,32,14,0,0,18,89
2024-03-14 06:00:00,0,0,24,42,15,0,0,25,106
2024-03-14 06:10:00,0,0,27,42,18,0,0,27,114
2024-03-14 06:20:00,0,0,37,55,24,0,0,18,134
2024-03-14 06:30:00,0,0,32,36,28,0,0,14,110
2024-03-14 06:40:00,0,0,32,40,33,0,0,19,124
2024-03-14 06:50:00,0,0,37,42,35,0,0,20,134
2024-03-14 07:00:00,0,0,38,40,33,0,0,25,136
2024-03-14 07:10:00,0,0,36,35,39,0,0,18,128
2024-03-14 07:20:00,0,0,46,65,22,0,0,9,142
2024-03-14 07:30:00,0,0,27,35,66,0,0,0,128
2024-03-14 07:40:00,0,0,31,47,52,0,0,4,134
2024-03-14 07:50:00,0,0,32,40,66,0,0,13,151
2024-03-14 08:00:00,0,0,24,34,42,0,0,18,118
2024-03-14 08:10:00,0,0,23,26,68,0,0,9,126
2024-03-14 08:20:00,0,0,31,41,54,0,0,17,143
2024-03-14 08:30:00,0,0,34,41,44,0,0,18,137
2024-03-14 08:40:00,0,0,35,40,62,0,0,18,155
2024-03-14 08:50:00,0,0,30,43,48,0,0,12,133
2024-03-14 09:00:00,0,0,31,49,45,0,0,10,135
2024-03-14 09:10:00,0,0,31,43,43,0,0,18,135
2024-03-14 09:20:00,0,0,38,45,52,0,0,20,155
2024-03-14 09:30:00,0,0,24,33,47,0,0,20,124
2024-03-14 09:40:00,0,0,22,35,67,0,0,20,144
2024-03-14 09:50:00,0,0,27,40,46,0,0,20,133
2024-03-14 10:00:00,0,0,30,36,49,0,0,27,142
2024-03-14 10:10:00,0,0,28,34,44,0,0,22,128
2024-03-14 10:20:00,0,0,24,33,43,0,0,23,123
2024-03-14 10:30:00,0,0,35,31,60,0,0,23,149
2024-03-14 10:40:00,0,0,33,33,43,0,0,18,127
2024-03-14 10:50:00,0,0,26,31,49,0,0,20,126
2024-03-14 11:00:00,0,0,26,33,50,0,0,16,125
2024-03-14 11:10:00,0,0,32,28,45,0,0,29,134
2024-03-14 11:20:00,0,0,26,28,56,0,0,14,124
2024-03-14 11:30:00,0,0,27,28,59,0,0,25,139
2024-03-14 11:40:00,0,0,30,43,52,0,0,21,146
2024-03-14 11:50:00,0,0,32,37,60,0,0,17,146
2024-03-14 12:00:00,0,0,22,31,30,0,0,22,105
2024-03-14 12:10:00,0,0,30,52,60,0,0,20,162
2024-03-14 12:20:00,0,0,30,42,59,0,0,23,154
2024-03-14 12:30:00,0,0,28,36,50,0,0,29,143
2024-03-14 12:40:00,0,0,27,38,52,0,0,23,140
2024-03-14 12:50:00,0,0,29,28,81,0,0,14,152
2024-03-14 13:00:00,0,0,28,29,78,0,0,25,160
2024-03-14 13:10:00,0,0,37,37,72,0,0,18,164
2024-03-14 13:20:00,0,0,23,37,64,0,0,17,141
2024-03-14 13:30:00,0,0,30,39,67,0,0,18,154
2024-03-14 13:40:00,0,0,18,24,49,0,0,16,107
2024-03-14 13:50:00,0,0,24,43,60,0,0,14,141
2024-03-14 14:00:00,0,0,25,33,76,0,0,23,157
2024-03-14 14:10:00,0,0,32,39,75,0,0,26,172
2024-03-14 14:20:00,0,0,29,25,71,0,0,21,146
2024-03-14 14:30:00,0,0,33,26,79,0,0,16,154
2024-03-14 14:40:00,0,0,30,26,80,0,0,12,148
2024-03-14 14:50:00,0,0,24,35,87,0,0,14,160
2024-03-14 15:00:00,0,0,27,30,89,0,0,18,164
2024-03-14 15:10:00,0,0,26,28,117,0,0,14,185
2024-03-14 15:20:00,0,0,19,36,105,0,0,10,170
2024-03-14 15:30:00,0,0,27,34,93,0,0,16,170
2024-03-14 15:40:00,0,0,40,37,92,0,0,18,187
2024-03-14 15:50:00,0,0,34,41,81,0,0,12,168
2024-03-14 16:00:00,0,0,30,35,85,0,0,15,165
2024-03-14 16:10:00,0,0,23,37,102,0,0,23,185
2024-03-14 16:20:00,0,0,32,40,90,0,0,16,178
2024-03-14 16:30:00,0,0,25,37,99,0,0,17,178
2024-03-14 16:40:00,0,0,25,31,86,0,0,20,162
2024-03-14 16:50:00,0,0,35,35,109,0,0,13,192
2024-03-14 17:00:00,0,0,27,32,123,0,0,17,199
2024-03-14 17:10:00,0,0,24,35,106,0,0,22,187
2024-03-14 17:20:00,0,0,31,42,84,0,0,24,181
2024-03-14 17:30:00,0,0,40,40,103,0,0,26,209
2024-03-14 17:40:00,0,0,28,27,96,0,0,20,171
2024-03-14 17:50:00,0,0,34,30,91,0,0,18,173
2024-03-14 18:00:00,0,0,37,38,79,0,0,13,167
2024-03-14 18:10:00,0,0,26,29,107,0,0,12,174
2024-03-14 18:20:00,0,0,24,33,98,0,0,20,175
2024-03-14 18:30:00,0,0,28,28,82,0,0,25,163
2024-03-14 18:40:00,0,0,26,36,69,0,0,15,146
2024-03-14 18:50:00,0,0,25,33,50,0,0,19,127
2024-03-14 19:00:00,0,0,21,40,54,0,0,28,143
2024-03-14 19:10:00,0,0,18,37,61,0,0,24,140
2024-03-14 19:20:00,0,0,22,31,47,0,0,27,127
2024-03-14 19:30:00,0,0,29,32,48,0,0,30,139
2024-03-14 19:40:00,0,0,23,31,42,0,0,23,119
2024-03-14 19:50:00,0,0,22,27,44,0,0,24,117
2024-03-14 20:00:00,0,0,30,27,41,0,0,22,120
2024-03-14 20:10:00,0,0,19,25,44,0,0,24,112
2024-03-14 20:20:00,0,0,17,24,34,0,0,25,100
2024-03-14 20:30:00,0,0,23,24,38,0,0,33,118
2024-03-14 20:40:00,0,0,16,27,28,0,0,28,99
2024-03-14 20:50:00,0,0,16,19,30,0,0,37,102
2024-03-14 21:00:00,0,0,20,33,35,0,0,17,105
2024-03-14 21:10:00,0,0,16,33,39,0,0,22,110
2024-03-14 21:20:00,0,0,18,19,28,0,0,27,92
2024-03-14 21:30:00,0,0,13,28,29,0,0,20,90
2024-03-14 21:40:00,0,0,17,14,26,0,0,18,75
2024-03-14 21:50:00,0,0,16,14,25,0,0,18,73
2024-03-14 22:00:00,0,0,16,30,30,0,0,28,104
2024-03-14 22:10:00,0,0,17,22,24,0,0,14,77
2024-03-14 22:20:00,0,0,17,18,30,0,0,24,89
2024-03-14 22:30:00,0,0,17,16,20,0,0,21,74
2024-03-14 22:40:00,0,0,7,18,23,0,0,9,57
2024-03-14 22:50:00,0,0,16,10,13,0,0,23,62
2024-03-14 23:00:00,0,0,8,13,17,0,0,24,62
2024-03-14 23:10:00,0,0,5,10,21,0,0,21,57
2024-03-14 23:20:00,0,0,17,12,24,0,0,22,75
2024-03-14 23:30:00,0,0,15,14,13,0,0,11,53
2024-03-14 23:40:00,0,0,7,13,10,0,0,9,39
2024-03-14 23:50:00,0,0,11,17,7,0,0,4,39
2024-03-15 00:00:00,0,0,8,10,11,0,0,10,39
2024-03-15 00:10:00,0,0,10,7,12,0,0,11,40
2024-03-15 00:20:00,0,0,9,10,4,0,0,6,29
2024-03-15 00:30:00,0,0,5,11,8,0,0,7,31
2024-03-15 00:40:00,0,0,10,6,6,0,0,9,31
2024-03-15 00:50:00,0,0,2,5,6,0,0,7,20
2024-03-15 01:00:00,0,0,6,0,7,0,0,10,23
2024-03-15 01:10:00,0,0,7,4,3,0,0,6,20
2024-03-15 01:20:00,0,0,7,5,4,0,0,6,22
2024-03-15 01:30:00,0,0,1,6,6,0,0,6,19
2024-03-15 01:40:00,0,0,2,4,1,0,0,4,11
2024-03-15 01:50:00,0,0,6,6,3,0,0,8,23
2024-03-15 02:00:00,0,0,8,5,5,0,0,3,21
2024-03-15 02:10:00,0,0,3,2,2,0,0,3,10
2024-03-15 02:20:00,0,0,5,7,3,0,0,5,20
2024-03-15 02:30:00,0,0,0,0,2,0,0,5,7
2024-03-15 02:40:00,0,0,8,6,2,0,0,2,18
2024-03-15 02:50:00,0,0,10,10,3,0,0,5,28
2024-03-15 03:00:00,0,0,0,3,2,0,0,6,11
2024-03-15 03:10:00,0,0,2,4,2,0,0,3,11
2024-03-15 03:20:00,0,0,1,2,4,0,0,5,12
2024-03-15 03:30:00,0,0,3,3,1,0,0,1,8
2024-03-15 03:40:00,0,0,9,4,1,0,0,2,16
2024-03-15 03:50:00,0,0,6,10,3,0,0,1,20
2024-03-15 04:00:00,0,0,3,15,1,0,0,1,20
2024-03-15 04:10:00,0,0,5,7,1,0,0,4,17
2024-03-15 04:20:00,0,0,11,6,0,0,0,1,18
2024-03-15 04:30:00,0,0,4,7,6,0,0,9,26
2024-03-15 04:40:00,0,0,13,10,1,0,0,3,27
2024-03-15 04:50:00,0,0,21,17,2,0,0,2,42
2024-03-15 05:00:00,0,0,8,8,2,0,0,8,26
2024-03-15 05:10:00,0,0,15,17,5,0,0,4,41
2024-03-15 05:20:00,0,0,15,26,7,0,0,25,73
2024-03-15 05:30:00,0,0,28,34,9,0,0,19,90
2024-03-15 05:40:00,0,0,20,36,19,0,0,20,95
2024-03-15 05:50:00,0,0,32,37,10,0,0,16,95
2024-03-15 06:00:00,0,0,22,30,18,0,0,19,89
2024-03-15 06:10:00,0,0,25,41,23,0,0,17,106
2024-03-15 06:20:00,0,0,19,29,30,0,0,15,93
2024-03-15 06:30:00,0,0,31,34,30,0,0,23,118
2024-03-15 06:40:00,0,0,31,35,30,0,0,16,112
2024-03-15 06:50:00,0,0,29,42,44,0,0,16,131
2024-03-15 07:00:00,0,0,35,33,40,0,0,18,126
2024-03-15 07:10:00,0,0,33,31,39,0,0,13,116
2024-03-15 07:20:00,0,0,36,54,34,0,0,15,139
2024-03-15 07:30:00,0,0,44,47,35,0,0,21,147
2024-03-15 07:40:00,0,0,52,53,57,0,0,11,173
2024-03-15 07:50:00,0,0,39,55,52,0,0,10,156
2024-03-15 08:00:00,0,0,31,35,36,0,0,20,122
2024-03-15 08:10:00,0,0,25,36,48,0,0,10,119
2024-03-15 08:20:00,0,0,33,34,40,0,0,17,124
2024-03-15 08:30:00,0,0,33,44,43,0,0,13,133
2024-03-15 08:40:00,0,0,35,44,49,0,0,11,139
2024-03-15 08:50:00,0,0,30,40,54,0,0,20,144
2024-03-15 09:00:00,0,0,36,39,43,0,0,17,135
2024-03-15 09:10:00,0,0,24,31,40,0,0,18,113
2024-03-15 09:20:00,0,0,22,29,45,0,0,11,107
2024-03-15 09:30:00,0,0,29,33,53,0,0,28,143
2024-03-15 09:40:00,0,0,22,25,39,0,0,21,107
2024-03-15 09:50:00,0,0,26,31,55,0,0,22,134
2024-03-15 10:00:00,0,0,26,35,57,0,0,15,133
2024-03-15 10:10:00,0,0,28,32,43,0,0,25,128
2024-03-15 10:20:00,0,0,26,23,52,0,0,22,123
2024-03-15 10:30:00,0,0,27,12,50,0,0,19,108
2024-03-15 10:40:00,0,0,26,22,52,0,0,11,111
2024-03-15 10:50:00,0,0,28,27,56,0,0,19,130
2024-03-15 11:00:00,0,0,23,25,55,0,0,19,122
2024-03-15 11:10:00,0,0,30,28,53,0,0,15,126
2024-03-15 11:20:00,0,0,24,34,45,0,0,16,119
2024-03-15 11:30:00,0,0,24,29,80,0,0,18,151
2024-03-15 11:40:00,0,0,35,38,30,0,0,21,124
2024-03-15 11:50:00,0,0,22,29,24,0,0,20,95
2024-03-15 12:00:00,0,0,26,33,20,0,0,28,107
2024-03-15 12:10:00,0,0,25,33,24,0,0,25,107
2024-03-15 12:20:00,0,0,27,36,69,0,0,19,151
2024-03-15 12:30:00,0,0,22,29,69,0,0,7,127
2024-03-15 12:40:00,0,0,28,34,65,0,0,26,153
2024-03-15 12:50:00,0,0,32,31,96,0,0,18,177
2024-03-15 13:00:00,0,0,23,28,81,0,0,24,156
2024-03-15 13:10:00,0,0,31,30,69,0,0,15,145
2024-03-15 13:20:00,0,0,37,44,93,0,0,17,191
2024-03-15 13:30:00,0,0,36,36,69,0,0,13,154
2024-03-15 13:40:00,0,0,25,31,87,0,0,18,161
2024-03-15 13:50:00,0,0,21,26,60,0,0,17,124
2024-03-15 14:00:00,0,0,26,33,75,0,0,19,153
2024-03-15 14:10:00,0,0,31,34,82,0,0,13,160
2024-03-15 14:20:00,0,0,30,29,84,0,0,9,152
2024-03-15 14:30:00,0,0,24,36,81,0,0,23,164
2024-03-15 14:40:00,0,0,45,38,72,0,0,18,173
2024-03-15 14:50:00,0,0,33,32,91,0,0,21,177
2024-03-15 15:00:00,0,0,31,37,86,0,0,16,170
2024-03-15 15:10:00,0,0,22,22,90,0,0,22,156
2024-03-15 15:20:00,0,0,21,31,101,0,0,20,173
2024-03-15 15:30:00,0,0,30,36,89,0,0,20,175
2024-03-15 15:40:00,0,0,25,34,87,0,0,9,155
2024-03-15 15:50:00,0,0,16,24,72,0,0,17,129
2024-03-15 16:00:00,0,0,29,32,80,0,0,18,159
2024-03-15 16:10:00,0,0,22,30,86,0,0,20,158
2024-03-15 16:20:00,0,0,38,32,81,0,0,18,169
2024-03-15 16:30:00,0,0,25,28,89,0,0,16,158
2024-03-15 16:40:00,0,0,30,32,76,0,0,14,152
2024-03-15 16:50:00,0,0,28,33,77,0,0,14,152
2024-03-15 17:00:00,0,0,35,38,84,0,0,15,172
2024-03-15 17:10:00,0,0,26,39,84,0,0,20,169
2024-03-15 17:20:00,0,0,38,42,88,0,0,7,175
2024-03-15 17:30:00,0,0,30,37,75,0,0,16,158
2024-03-15 17:40:00,0,0,25,29,91,0,0,20,165
2024-03-15 17:50:00,0,0,17,33,68,0,0,19,137
2024-03-15 18:00:00,0,0,37,37,97,0,0,21,192
2024-03-15 18:10:00,0,0,38,37,63,0,0,16,154
2024-03-15 18:20:00,0,0,31,31,68,0,0,14,144
2024-03-15 18:30:00,0,0,20,27,79,0,0,18,144
2024-03-15 18:40:00,0,0,29,35,74,0,0,21,159
2024-03-15 18:50:00,0,0,17,37,68,0,0,25,147
2024-03-15 19:00:00,0,0,29,44,72,0,0,21,166
2024-03-15 19:10:00,0,0,18,40,59,0,0,18,135
2024-03-15 19:20:00,0,0,34,33,44,0,0,31,142
2024-03-15 19:30:00,0,0,18,29,61,0,0,32,140
2024-03-15 19:40:00,0,0,22,35,55,0,0,21,133
2024-03-15 19:50:00,0,0,32,38,52,0,0,18,140
2024-03-15 20:00:00,0,0,25,22,43,0,0,29,119
2024-03-15 20:10:00,0,0,25,24,38,0,0,20,107
2024-03-15 20:20:00,0,0,22,21,37,0,0,26,106
2024-03-15 20:30:00,0,0,23,22,38,0,0,29,112
2024-03-15 20:40:00,0,0,22,24,47,0,0,26,119
2024-03-15 20:50:00,0,0,23,20,36,0,0,31,110
2024-03-15 21:00:00,0,0,28,21,36,0,0,34,119
2024-03-15 21:10:00,0,0,17,28,35,0,0,27,107
2024-03-15 21:20:00,0,0,15,21,38,0,0,22,96
2024-03-15 21:30:00,0,0,16,22,35,0,0,29,102
2024-03-15 21:40:00,0,0,19,19,32,0,0,25,95
2024-03-15 21:50:00,0,0,27,28,45,0,0,21,121
2024-03-15 22:00:00,0,0,26,27,26,0,0,38,117
2024-03-15 22:10:00,0,0,20,30,39,0,0,33,122
2024-03-15 22:20:00,0,0,24,25,19,0,0,30,98
2024-03-15 22:30:00,0,0,21,15,35,0,0,30,101
2024-03-15 22:40:00,0,0,24,24,36,0,0,30,114
2024-03-15 22:50:00,0,0,15,22,38,0,0,24,99
2024-03-15 23:00:00,0,0,20,28,43,0,0,23,114
2024-03-15 23:10:00,0,0,19,25,34,0,0,31,109
2024-03-15 23:20:00,0,0,18,25,27,0,0,24,94
2024-03-15 23:30:00,0,0,10,8,23,0,0,17,58
2024-03-15 23:40:00,0,0,19,21,36,0,0,27,103
2024-03-15 23:50:00,0,0,15,30,24,0,0,23,92
2024-03-16 00:00:00,0,0,25,13,24,0,0,17,79
2024-03-16 00:10:00,0,0,22,28,24,0,0,24,98
2024-03-16 00:20:00,0,0,10,13,23,0,0,17,63
2024-03-16 00:30:00,0,0,16,12,13,0,0,20,61
2024-03-16 00:40:00,0,0,6,9,15,0,0,10,40
2024-03-16 00:50:00,0,0,12,9,10,0,0,18,49
2024-03-16 01:00:00,0,0,12,10,12,0,0,19,53
2024-03-16 01:10:00,0,0,10,9,23,0,0,15,57
2024-03-16 01:20:00,0,0,12,11,12,0,0,10,45
2024-03-16 01:30:00,0,0,13,10,13,0,0,10,46
2024-03-16 01:40:00,0,0,8,12,8,0,0,7,35
2024-03-16 01:50:00,0,0,11,12,10,0,0,8,41
2024-03-16 02:00:00,0,0,8,13,9,0,0,9,39
2024-03-16 02:10:00,0,0,2,4,6,0,0,9,21
2024-03-16 02:20:00,0,0,12,8,3,0,0,6,29
2024-03-16 02:30:00,0,0,5,10,4,0,0,7,26
2024-03-16 02:40:00,0,0,6,10,6,0,0,5,27
2024-03-16 02:50:00,0,0,6,3,5,0,0,3,17
2024-03-16 03:00:00,0,0,5,8,7,0,0,11,31
2024-03-16 03:10:00,0,0,4,7,4,0,0,6,21
2024-03-16 03:20:00,0,0,6,5,3,0,0,11,25
2024-03-16 03:30:00,0,0,11,7,2,0,0,8,28
2024-03-16 03:40:00,0,0,8,5,6,0,0,18,37
2024-03-16 03:50:00,0,0,13,6,3,0,0,12,34
2024-03-16 04:00:00,0,0,5,5,4,0,0,8,22
2024-03-16 04:10:00,0,0,8,6,2,0,0,6,22
2024-03-16 04:20:00,0,0,7,6,4,0,0,7,24
2024-03-16 04:30:00,0,0,6,8,7,0,0,10,31
2024-03-16 04:40:00,0,0,8,7,4,0,0,9,28
2024-03-16 04:50:00,0,0,8,11,3,0,0,7,29
2024-03-16 05:00:00,0,0,8,6,6,0,0,7,27
2024-03-16 05:10:00,0,0,16,11,6,0,0,24,57
2024-03-16 05:20:00,0,0,14,5,7,0,0,12,38
2024-03-16 05:30:00,0,0,18,12,9,0,0,14,53
2024-03-16 05:40:00,0,0,10,12,7,0,0,15,44
2024-03-16 05:50:00,0,0,17,9,8,0,0,7,41
2024-03-16 06:00:00,0,0,6,8,8,0,0,14,36
2024-03-16 06:10:00,0,0,17,14,13,0,0,20,64
2024-03-16 06:20:00,0,0,15,14,11,0,0,16,56
2024-03-16 06:30:00,0,0,8,13,4,0,0,8,33
2024-03-16 06:40:00,0,0,13,15,11,0,0,8,47
2024-03-16 06:50:00,0,0,9,12,10,0,0,8,39
2024-03-16 07:00:00,0,0,4,9,10,0,0,6,29
2024-03-16 07:10:00,0,0,13,10,9,0,0,8,40
2024-03-16 07:20:00,0,0,15,18,14,0,0,9,56
2024-03-16 07:30:00,0,0,20,22,6,0,0,15,63
2024-03-16 07:40:00,0,0,17,11,10,0,0,16,54
2024-03-16 07:50:00,0,0,16,20,13,0,0,11,60
2024-03-16 08:00:00,0,0,13,15,16,0,0,16,60
2024-03-16 08:10:00,0,0,14,12,7,0,0,12,45
2024-03-16 08:20:00,0,0,19,24,12,0,0,13,68
2024-03-16 08:30:00,0,0,20,17,17,0,0,18,72
2024-03-16 08:40:00,0,0,16,22,18,0,0,14,70
2024-03-16 08:50:00,0,0,23,23,20,0,0,16,82
2024-03-16 09:00:00,0,0,19,16,25,0,0,18,78
2024-03-16 09:10:00,0,0,17,22,17,0,0,18,74
2024-03-16 09:20:00,0,0,18,20,25,0,0,15,78
2024-03-16 09:30:00,0,0,20,34,27,0,0,23,104
2024-03-16 09:40:00,0,0,21,26,28,0,0,22,97
2024-03-16 09:50:00,0,0,31,30,37,0,0,24,122
2024-03-16 10:00:00,0,0,29,35,28,0,0,26,118
2024-03-16 10:10:00,0,0,28,32,27,0,0,17,104
2024-03-16 10:20:00,0,0,22,22,41,0,0,21,106
2024-03-16 10:30:00,0,0,22,26,34,0,0,17,99
2024-03-16 10:40:00,0,0,37,43,48,0,0,37,165
2024-03-16 10:50:00,0,0,29,25,40,0,0,25,119
2024-03-16 11:00:00,0,0,26,34,41,0,0,19,120
2024-03-16 11:10:00,0,0,36,34,57,0,0,15,142
2024-03-16 11:20:00,0,0,28,31,45,0,0,26,130
2024-03-16 11:30:00,0,0,26,34,51,0,0,19,130
2024-03-16 11:40:00,0,0,28,27,46,0,0,24,125
2024-03-16 11:50:00,0,0,24,32,54,0,0,21,131
2024-03-16 12:00:00,0,0,29,26,55,0,0,21,131
2024-03-16 12:10:00,0,0,31,24,70,0,0,25,150
2024-03-16 12:20:00,0,0,26,32,62,0,0,24,144
2024-03-16 12:30:00,0,0,30,38,63,0,0,10,141
2024-03-16 12:40:00,0,0,28,31,53,0,0,13,125
2024-03-16 12:50:00,0,0,30,34,65,0,0,12,141
2024-03-16 13:00:00,0,0,40,28,66,0,0,17,151
2024-03-16 13:10:00,0,0,22,23,71,0,0,20,136
2024-03-16 13:20:00,0,0,31,31,78,0,0,14,154
2024-03-16 13:30:00,0,0,31,26,81,0,0,20,158
2024-03-16 13:40:00,0,0,28,33,56,0,0,20,137
2024-03-16 13:50:00,0,0,28,40,83,0,0,22,173
2024-03-16 14:00:00,0,0,32,40,82,0,0,25,179
2024-03-16 14:10:00,0,0,28,37,75,0,0,24,164
2024-03-16 14:20:00,0,0,29,32,86,0,0,22,169
2024-03-16 14:30:00,0,0,30,37,79,0,0,27,173
2024-03-16 14:40:00,0,0,37,27,81,0,0,17,162
2024-03-16 14:50:00,0,0,27,27,86,0,0,14,154
2024-03-16 15:00:00,0,0,24,33,64,0,0,22,143
2024-03-16 15:10:00,0,0,30,29,61,0,0,16,136
2024-03-16 15:20:00,0,0,35,39,59,0,0,24,157
2024-03-16 15:30:00,0,0,31,36,67,0,0,20,154
2024-03-16 15:40:00,0,0,29,27,57,0,0,24,137
2024-03-16 15:50:00,0,0,31,25,54,0,0,26,136
2024-03-16 16:00:00,0,0,31,24,68,0,0,17,140
2024-03-16 16:10:00,0,0,27,31,59,0,0,17,134
2024-03-16 16:20:00,0,0,26,27,65,0,0,28,146
2024-03-16 16:30:00,0,0,30,31,70,0,0,27,158
2024-03-16 16:40:00,0,0,19,28,61,0,0,27,135
2024-03-16 16:50:00,0,0,25,28,66,0,0,20,139
2024-03-16 17:00:00,0,0,33,30,59,0,0,27,149
2024-03-16 17:10:00,0,0,41,34,78,0,0,22,175
2024-03-16 17:20:00,0,0,26,24,76,0,0,23,149
2024-03-16 17:30:00,0,0,31,28,67,0,0,20,146
2024-03-16 17:40:00,0,0,28,30,65,0,0,27,150
2024-03-16 17:50:00,0,0,29,31,69,0,0,11,140
2024-03-16 18:00:00,0,0,33,36,90,0,0,27,186
2024-03-16 18:10:00,0,0,26,27,76,0,0,13,142
2024-03-16 18:20:00,0,0,18,23,85,0,0,16,142
2024-03-16 18:30:00,0,0,29,28,84,0,0,16,157
2024-03-16 18:40:00,0,0,28,27,63,0,0,28,146
2024-03-16 18:50:00,0,0,34,37,54,0,0,19,144
2024-03-16 19:00:00,0,0,29,34,51,0,0,34,148
2024-03-16 19:10:00,0,0,26,50,51,0,0,25,152
2024-03-16 19:20:00,0,0,35,36,42,0,0,25,138
2024-03-16 19:30:00,0,0,24,32,62,0,0,26,144
2024-03-16 19:40:00,0,0,31,31,55,0,0,25,142
2024-03-16 19:50:00,0,0,26,43,46,0,0,27,142
2024-03-16 20:00:00,0,0,30,39,49,0,0,23,141
2024-03-16 20:10:00,0,0,32,46,44,0,0,19,141
2024-03-16 20:20:00,0,0,31,38,41,0,0,28,138
2024-03-16 20:30:00,0,0,21,32,39,0,0,18,110
2024-03-16 20:40:00,0,0,25,28,36,0,0,32,121
2024-03-16 20:50:00,0,0,28,30,43,0,0,35,136
2024-03-16 21:00:00,0,0,16,29,38,0,0,27,110
2024-03-16 21:10:00,0,0,16,28,33,0,0,15,92
2024-03-16 21:20:00,0,0,29,28,37,0,0,23,117
2024-03-16 21:30:00,0,0,20,29,35,0,0,23,107
2024-03-16 21:40:00,0,0,14,27,47,0,0,36,124
2024-03-16 21:50:00,0,0,36,33,44,0,0,23,136
2024-03-16 22:00:00,0,0,24,32,52,0,0,26,134
2024-03-16 22:10:00,0,0,23,21,30,0,0,28,102
2024-03-16 22:20:00,0,0,17,30,44,0,0,23,114
2024-03-16 22:30:00,0,0,21,29,32,0,0,34,116
2024-03-16 22:40:00,0,0,27,26,36,0,0,34,123
2024-03-16 22:50:00,0,0,15,19,53,0,0,24,111
2024-03-16 23:00:00,0,0,17,21,36,0,0,26,100
2024-03-16 23:10:00,0,0,17,29,32,0,0,23,101
2024-03-16 23:20:00,0,0,18,22,38,0,0,19,97
2024-03-16 23:30:00,0,0,17,20,34,0,0,32,103
2024-03-16 23:40:00,0,0,19,22,38,0,0,28,107
2024-03-16 23:50:00,0,0,15,31,23,0,0,19,88
2024-03-17 00:00:00,0,0,18,14,17,0,0,16,65
2024-03-17 00:10:00,0,0,22,20,30,0,0,16,88
2024-03-17 00:20:00,0,0,18,22,17,0,0,21,78
2024-03-17 00:30:00,0,0,13,10,10,0,0,24,57
2024-03-17 00:40:00,0,0,13,11,23,0,0,24,71
2024-03-17 00:50:00,0,0,19,17,16,0,0,16,68
2024-03-17 01:00:00,0,0,19,17,12,0,0,16,64
2024-03-17 01:10:00,0,0,7,17,15,0,0,22,61
2024-03-17 01:20:00,0,0,16,19,19,0,0,12,66
2024-03-17 01:30:00,0,0,12,13,14,0,0,15,54
2024-03-17 01:40:00,0,0,12,12,15,0,0,12,51
2024-03-17 01:50:00,0,0,15,5,12,0,0,13,45
2024-03-17 02:00:00,0,0,8,14,8,0,0,10,40
2024-03-17 02:10:00,0,0,11,16,15,0,0,15,57
2024-03-17 02:20:00,0,0,16,12,7,0,0,10,45
2024-03-17 02:30:00,0,0,5,8,6,0,0,5,24
2024-03-17 02:40:00,0,0,6,3,7,0,0,9,25
2024-03-17 02:50:00,0,0,9,12,9,0,0,8,38
2024-03-17 03:00:00,0,0,8,10,10,0,0,12,40
2024-03-17 03:10:00,0,0,8,5,7,0,0,10,30
2024-03-17 03:20:00,0,0,7,12,8,0,0,9,36
2024-03-17 03:30:00,0,0,12,11,10,0,0,6,39
2024-03-17 03:40:00,0,0,6,13,10,0,0,10,39
2024-03-17 03:50:00,0,0,8,12,2,0,0,5,27
2024-03-17 04:00:00,0,0,9,7,5,0,0,12,33
2024-03-17 04:10:00,0,0,7,10,6,0,0,3,26
2024-03-17 04:20:00,0,0,4,12,6,0,0,8,30
2024-03-17 04:30:00,0,0,4,4,2,0,0,2,12
2024-03-17 04:40:00,0,0,4,3,1,0,0,4,12
2024-03-17 04:50:00,0,0,7,11,2,0,0,2,22
2024-03-17 05:00:00,0,0,8,17,11,0,0,6,42
2024-03-17 05:10:00,0,0,3,8,5,0,0,6,22
2024-03-17 05:20:00,0,0,18,10,5,0,0,9,42
2024-03-17 05:30:00,0,0,12,16,7,0,0,9,44
2024-03-17 05:40:00,0,0,13,20,9,0,0,9,51
2024-03-17 05:50:00,0,0,5,8,6,0,0,4,23
2024-03-17 06:00:00,0,0,6,12,6,0,0,6,30
2024-03-17 06:10:00,0,0,8,5,14,0,0,7,34
2024-03-17 06:20:00,0,0,7,5,6,0,0,7,25
2024-03-17 06:30:00,0,0,5,8,2,0,0,3,18
2024-03-17 06:40:00,0,0,3,3,5,0,0,3,14
2024-03-17 06:50:00,0,0,7,2,7,0,0,5,21
2024-03-17 07:00:00,0,0,12,8,1,0,0,6,27
2024-03-17 07:10:00,0,0,4,3,3,0,0,3,13
2024-03-17 07:20:00,0,0,6,5,2,0,0,6,19
2024-03-17 07:30:00,0,0,6,4,5,0,0,6,21
2024-03-17 07:40:00,0,0,11,7,3,0,0,5,26
2024-03-17 07:50:00,0,0,10,7,6,0,0,5,28
2024-03-17 08:00:00,0,0,8,6,3,0,0,3,20
2024-03-17 08:10:00,0,0,7,6,5,0,0,4,22
2024-03-17 08:20:00,0,0,11,9,6,0,0,10,36
2024-03-17 08:30:00,0,0,10,8,9,0,0,3,30
2024-03-17 08:40:00,0,0,8,11,12,0,0,11,42
2024-03-17 08:50:00,0,0,8,6,15,0,0,13,42
2024-03-17 09:00:00,0,0,13,8,16,0,0,20,57
2024-03-17 09:10:00,0,0,21,11,5,0,0,11,48
2024-03-17 09:20:00,0,0,14,12,9,0,0,18,53
2024-03-17 09:30:00,0,0,14,16,12,0,0,20,62
2024-03-17 09:40:00,0,0,18,18,19,0,0,23,78
2024-03-17 09:50:00,0,0,13,14,24,0,0,22,73
2024-03-17 10:00:00,0,0,15,20,26,0,0,26,87
2024-03-17 10:10:00,0,0,19,25,29,0,0,9,82
2024-03-17 10:20:00,0,0,19,19,20,0,0,17,75
2024-03-17 10:30:00,0,0,21,20,19,0,0,9,69
2024-03-17 10:40:00,0,0,21,19,26,0,0,17,83
2024-03-17 10:50:00,0,0,16,17,40,0,0,16,89
2024-03-17 11:00:00,0,0,20,15,18,0,0,22,75
2024-03-17 11:10:00,0,0,23,12,34,0,0,16,85
2024-03-17 11:20:00,0,0,19,22,31,0,0,16,88
2024-03-17 11:30:00,0,0,24,23,32,0,0,21,100
2024-03-17 11:40:00,0,0,21,15,36,0,0,23,95
2024-03-17 11:50:00,0,0,20,20,29,0,0,20,89
2024-03-17 12:00:00,0,0,24,32,36,0,0,19,111
2024-03-17 12:10:00,0,0,27,26,24,0,0,18,95
2024-03-17 12:20:00,0,0,22,22,29,0,0,23,96
2024-03-17 12:30:00,0,0,20,26,28,0,0,22,96
2024-03-17 12:40:00,0,0,11,22,46,0,0,22,101
2024-03-17 12:50:00,0,0,24,21,42,0,0,19,106
2024-03-17 13:00:00,0,0,24,23,44,0,0,29,120
2024-03-17 13:10:00,0,0,18,22,41,0,0,35,116
2024-03-17 13:20:00,0,0,21,25,37,0,0,24,107
2024-03-17 13:30:00,0,0,22,21,40,0,0,17,100
2024-03-17 13:40:00,0,0,27,20,45,0,0,22,114
2024-03-17 13:50:00,0,0,21,24,50,0,0,21,116
2024-03-17 14:00:00,0,0,24,22,45,0,0,39,130
2024-03-17 14:10:00,0,0,26,24,55,0,0,23,128
2024-03-17 14:20:00,0,0,18,22,61,0,0,26,127
2024-03-17 14:30:00,0,0,20,22,47,0,0,28,117
2024-03-17 14:40:00,0,0,19,22,50,0,0,26,117
2024-03-17 14:50:00,0,0,21,20,46,0,0,24,111
2024-03-17 15:00:00,0,0,18,19,60,0,0,19,116
2024-03-17 15:10:00,0,0,25,26,24,0,0,19,94
2024-03-17 15:20:00,0,0,26,33,59,0,0,23,141
2024-03-17 15:30:00,0,0,26,25,42,0,0,28,121
2024-03-17 15:40:00,0,0,27,25,43,0,0,26,121
2024-03-17 15:50:00,0,0,23,25,43,0,0,17,108
2024-03-17 16:00:00,0,0,22,24,54,0,0,29,129
2024-03-17 16:10:00,0,0,23,24,54,0,0,20,121
2024-03-17 16:20:00,0,0,30,33,36,0,0,22,121
2024-03-17 16:30:00,0,0,27,34,38,0,0,19,118
2024-03-17 16:40:00,0,0,20,24,35,0,0,25,104
2024-03-17 16:50:00,0,0,19,21,43,0,0,28,111
2024-03-17 17:00:00,0,0,29,27,47,0,0,26,129
2024-03-17 17:10:00,0,0,22,24,38,0,0,21,105
2024-03-17 17:20:00,0,0,27,24,47,0,0,24,122
2024-03-17 17:30:00,0,0,23,25,44,0,0,21,113
2024-03-17 17:40:00,0,0,19,31,42,0,0,18,110
2024-03-17 17:50:00,0,0,26,26,49,0,0,25,126
2024-03-17 18:00:00,0,0,25,22,51,0,0,27,125
2024-03-17 18:10:00,0,0,23,22,33,0,0,25,103
2024-03-17 18:20:00,0,0,25,29,50,0,0,20,124
2024-03-17 18:30:00,0,0,28,30,42,0,0,27,127
2024-03-17 18:40:00,0,0,23,25,41,0,0,29,118
2024-03-17 18:50:00,0,0,23,24,30,0,0,35,112
2024-03-17 19:00:00,0,0,28,34,33,0,0,27,122
2024-03-17 19:10:00,0,0,28,35,24,0,0,25,112
2024-03-17 19:20:00,0,0,24,30,39,0,0,28,121
2024-03-17 19:30:00,0,0,24,44,41,0,0,34,143
2024-03-17 19:40:00,0,0,23,31,34,0,0,25,113
2024-03-17 19:50:00,0,0,18,38,29,0,0,25,110
2024-03-17 20:00:00,0,0,19,21,39,0,0,33,112
2024-03-17 20:10:00,0,0,29,28,43,0,0,28,128
2024-03-17 20:20:00,0,0,13,32,45,0,0,24,114
2024-03-17 20:30:00,0,0,21,28,38,0,0,28,115
2024-03-17 20:40:00,0,0,17,21,34,0,0,26,98
2024-03-17 20:50:00,0,0,26,33,16,0,0,23,98
2024-03-17 21:00:00,0,0,21,34,25,0,0,20,100
2024-03-17 21:10:00,0,0,25,28,27,0,0,20,100
2024-03-17 21:20:00,0,0,21,27,26,0,0,22,96
2024-03-17 21:30:00,0,0,17,31,22,0,0,15,85
2024-03-17 21:40:00,0,0,24,26,23,0,0,21,94
2024-03-17 21:50:00,0,0,18,20,34,0,0,27,99
2024-03-17 22:00:00,0,0,16,20,15,0,0,22,73
2024-03-17 22:10:00,0,0,21,23,19,0,0,23,86
2024-03-17 22:20:00,0,0,14,8,12,0,0,22,56
2024-03-17 22:30:00,0,0,9,8,22,0,0,9,48
2024-03-17 22:40:00,0,0,14,15,11,0,0,8,48
2024-03-17 22:50:00,0,0,18,6,23,0,0,15,62
2024-03-17 23:00:00,0,0,10,3,15,0,0,9,37
2024-03-17 23:10:00,0,0,8,5,16,0,0,10,39
2024-03-17 23:20:00,0,0,9,13,13,0,0,11,46
2024-03-17 23:30:00,0,0,4,5,9,0,0,8,26
2024-03-17 23:40:00,0,0,11,19,5,0,0,7,42
2024-03-17 23:50:00,0,0,5,5,10,0,0,11,31
2024-03-18 00:00:00,0,0,10,6,7,0,0,13,36
2024-03-18 00:10:00,0,0,6,11,5,0,0,5,27
2024-03-18 00:20:00,0,0,4,3,4,0,0,11,22
2024-03-18 00:30:00,0,0,13,6,6,0,0,6,31
2024-03-18 00:40:00,0,0,1,1,4,0,0,3,9
2024-03-18 00:50:00,0,0,6,4,3,0,0,4,17
2024-03-18 01:00:00,0,0,1,1,5,0,0,8,15
2024-03-18 01:10:00,0,0,3,4,1,0,0,3,11
2024-03-18 01:20:00,0,0,9,6,4,0,0,3,22
2024-03-18 01:30:00,0,0,1,3,4,0,0,3,11
2024-03-18 01:40:00,0,0,8,3,4,0,0,2,17
2024-03-18 01:50:00,0,0,3,6,6,0,0,4,19
2024-03-18 02:00:00,0,0,4,8,3,0,0,4,19
2024-03-18 02:10:00,0,0,2,4,1,0,0,1,8
2024-03-18 02:20:00,0,0,1,6,0,0,0,1,8
2024-03-18 02:30:00,0,0,5,7,2,0,0,1,15
2024-03-18 02:40:00,0,0,3,3,1,0,0,3,10
2024-03-18 02:50:00,0,0,5,2,5,0,0,5,17
2024-03-18 03:00:00,0,0,5,1,2,0,0,5,13
2024-03-18 03:10:00,0,0,5,5,0,0,0,9,19
2024-03-18 03:20:00,0,0,5,6,1,0,0,22,34
2024-03-18 03:30:00,0,0,2,4,2,0,0,2,10
2024-03-18 03:40:00,0,0,5,6,2,0,0,4,17
2024-03-18 03:50:00,0,0,2,2,0,0,0,1,5
2024-03-18 04:00:00,0,0,7,9,4,0,0,2,22
2024-03-18 04:10:00,0,0,8,11,0,0,0,3,22
2024-03-18 04:20:00,0,0,7,8,1,0,0,10,26
2024-03-18 04:30:00,0,0,8,14,4,0,0,4,30
2024-03-18 04:40:00,0,0,14,18,5,0,0,6,43
2024-03-18 04:50:00,0,0,11,12,2,0,0,6,31
2024-03-18 05:00:00,0,0,20,28,3,0,0,13,64
2024-03-18 05:10:00,0,0,15,15,4,0,0,11,45
2024-03-18 05:20:00,0,0,26,34,15,0,0,23,98
2024-03-18 05:30:00,0,0,21,27,8,0,0,14,70
2024-03-18 05:40:00,0,0,27,42,8,0,0,27,104
2024-03-18 05:50:00,0,0,25,37,12,0,0,14,88
2024-03-18 06:00:00,0,0,30,38,16,0,0,20,104
2024-03-18 06:10:00,0,0,30,44,25,0,0,20,119
2024-03-18 06:20:00,0,0,30,39,23,0,0,21,113
2024-03-18 06:30:00,0,0,18,30,33,0,0,17,98
2024-03-18 06:40:00,0,0,34,40,38,0,0,22,134
2024-03-18 06:50:00,0,0,32,31,49,0,0,19,131
2024-03-18 07:00:00,0,0,33,43,30,0,0,14,120
2024-03-18 07:10:00,0,0,36,37,44,0,0,15,132
2024-03-18 07:20:00,0,0,27,41,61,0,0,17,146
2024-03-18 07:30:00,0,0,45,43,40,0,0,11,139
2024-03-18 07:40:00,0,0,6,6,55,0,0,3,70
2024-03-18 07:50:00,0,0,0,0,82,0,0,0,82
2024-03-18 08:00:00,0,0,0,0,57,0,0,0,57
2024-03-18 08:10:00,0,0,0,0,44,0,0,0,44
2024-03-18 08:20:00,0,0,0,2,29,0,0,0,31
2024-03-18 08:30:00,0,0,0,2,54,0,0,0,56
2024-03-18 08:40:00,0,0,0,0,85,0,0,0,85
2024-03-18 08:50:00,0,0,0,1,67,0,0,0,68
2024-03-18 09:00:00,0,0,0,0,58,0,0,4,62
2024-03-18 09:10:00,0,0,0,0,55,0,0,6,61
2024-03-18 09:20:00,0,0,0,3,51,0,0,2,56
2024-03-18 09:30:00,0,0,0,0,60,0,0,8,68
2024-03-18 09:40:00,0,0,0,0,63,0,0,3,66
2024-03-18 09:50:00,0,0,0,0,66,0,0,9,75
2024-03-18 10:00:00,0,0,0,0,59,0,0,10,69
2024-03-18 10:10:00,0,0,2,0,57,0,0,23,82
2024-03-18 10:20:00,0,0,8,18,59,0,0,19,104
2024-03-18 10:30:00,0,0,20,25,63,0,0,14,122
2024-03-18 10:40:00,0,0,19,31,57,0,0,20,127
2024-03-18 10:50:00,0,0,9,15,77,0,0,8,109
2024-03-18 11:00:00,0,0,21,39,46,0,0,14,120
2024-03-18 11:10:00,0,0,28,43,43,0,0,16,130
2024-03-18 11:20:00,0,0,17,23,57,0,0,9,106
2024-03-18 11:30:00,0,0,3,8,66,0,0,11,88
2024-03-18 11:40:00,0,0,15,33,79,0,0,4,131
2024-03-18 11:50:00,0,0,22,30,64,0,0,10,126
2024-03-18 12:00:00,0,0,23,35,64,0,0,12,134
2024-03-18 12:10:00,0,0,30,34,67,0,0,10,141
2024-03-18 12:20:00,0,0,26,32,64,0,0,12,134
2024-03-18 12:30:00,0,0,25,38,81,0,0,18,162
2024-03-18 12:40:00,0,0,32,36,54,0,0,13,135
2024-03-18 12:50:00,0,0,25,30,70,0,0,24,149
2024-03-18 13:00:00,0,0,28,37,66,0,0,15,146
2024-03-18 13:10:00,0,0,25,30,71,0,0,23,149
2024-03-18 13:20:00,0,0,22,32,67,0,0,27,148
2024-03-18 13:30:00,0,0,23,35,65,0,0,19,142
2024-03-18 13:40:00,0,0,33,32,64,0,0,16,145
2024-03-18 13:50:00,0,0,31,44,51,0,0,18,144
2024-03-18 14:00:00,0,0,26,32,75,0,0,19,152
2024-03-18 14:10:00,0,0,19,17,86,0,0,17,139
2024-03-18 14:20:00,0,0,2,0,92,0,0,6,100
2024-03-18 14:30:00,0,0,13,17,84,0,0,5,119
2024-03-18 14:40:00,0,0,22,31,84,0,0,7,144
2024-03-18 14:50:00,0,0,25,21,92,0,0,22,160
2024-03-18 15:00:00,0,0,14,33,83,0,0,3,133
2024-03-18 15:10:00,0,0,13,9,125,0,0,1,148
2024-03-18 15:20:00,0,0,29,29,84,0,0,8,150
2024-03-18 15:30:00,0,0,23,33,110,0,0,14,180
2024-03-18 15:40:00,0,0,31,30,88,0,0,11,160
2024-03-18 15:50:00,0,0,35,42,101,0,0,26,204
2024-03-18 16:00:00,0,0,33,33,89,0,0,12,167
2024-03-18 16:10:00,0,0,27,36,109,0,0,19,191
2024-03-18 16:20:00,0,0,25,24,101,0,0,15,165
2024-03-18 16:30:00,0,0,29,29,92,0,0,17,167
2024-03-18 16:40:00,0,0,24,32,107,0,0,19,182
2024-03-18 16:50:00,0,0,25,34,94,0,0,14,167
2024-03-18 17:00:00,0,0,38,41,86,0,0,16,181
2024-03-18 17:10:00,0,0,21,24,90,0,0,9,144
2024-03-18 17:20:00,0,0,25,13,113,0,0,17,168
2024-03-18 17:30:00,0,0,23,24,83,0,0,11,141
2024-03-18 17:40:00,0,0,12,17,99,0,0,13,141
2024-03-18 17:50:00,0,0,27,39,90,0,0,19,175
2024-03-18 18:00:00,0,0,20,35,95,0,0,23,173
2024-03-18 18:10:00,0,0,18,23,87,0,0,18,146
2024-03-18 18:20:00,0,0,25,28,82,0,0,19,154
2024-03-18 18:30:00,0,0,23,27,74,0,0,19,143
2024-03-18 18:40:00,0,0,26,32,47,0,0,30,135
2024-03-18 18:50:00,0,0,28,39,60,0,0,29,156
2024-03-18 19:00:00,0,0,34,42,52,0,0,32,160
2024-03-18 19:10:00,0,0,20,37,38,0,0,24,119
2024-03-18 19:20:00,0,0,33,28,42,0,0,26,129
2024-03-18 19:30:00,0,0,26,23,34,0,0,22,105
2024-03-18 19:40:00,0,0,28,39,46,0,0,25,138
2024-03-18 19:50:00,0,0,25,32,40,0,0,24,121
2024-03-18 20:00:00,0,0,26,28,41,0,0,26,121
2024-03-18 20:10:00,0,0,19,24,49,0,0,26,118
2024-03-18 20:20:00,0,0,20,21,41,0,0,29,111
2024-03-18 20:30:00,0,0,27,31,22,0,0,27,107
2024-03-18 20:40:00,0,0,15,11,28,0,0,23,77
2024-03-18 20:50:00,0,0,15,31,23,0,0,36,105
2024-03-18 21:00:00,0,0,18,23,26,0,0,30,97
2024-03-18 21:10:00,0,0,19,19,18,0,0,21,77
2024-03-18 21:20:00,0,0,18,23,24,0,0,28,93
2024-03-18 21:30:00,0,0,16,13,27,0,0,31,87
2024-03-18 21:40:00,0,0,20,17,23,0,0,16,76
2024-03-18 21:50:00,0,0,12,11,28,0,0,23,74
2024-03-18 22:00:00,0,0,20,12,24,0,0,31,87
2024-03-18 22:10:00,0,0,9,14,20,0,0,24,67
2024-03-18 22:20:00,0,0,12,10,23,0,0,28,73
2024-03-18 22:30:00,0,0,8,10,27,0,0,26,71
2024-03-18 22:40:00,0,0,13,16,26,0,0,21,76
2024-03-18 22:50:00,0,0,8,5,15,0,0,18,46
2024-03-18 23:00:00,0,0,6,6,14,0,0,14,40
2024-03-18 23:10:00,0,0,13,14,16,0,0,15,58
2024-03-18 23:20:00,0,0,14,5,15,0,0,14,48
2024-03-18 23:30:00,0,0,11,13,10,0,0,17,51
2024-03-18 23:40:00,0,0,7,7,14,0,0,10,38
2024-03-18 23:50:00,0,0,5,7,6,0,0,11,29
2024-03-19 00:00:00,0,0,3,9,7,0,0,6,25
2024-03-19 00:10:00,0,0,6,15,2,0,0,5,28
2024-03-19 00:20:00,0,0,4,6,4,0,0,10,24
2024-03-19 00:30:00,0,0,5,4,8,0,0,9,26
2024-03-19 00:40:00,0,0,4,1,8,0,0,11,24
2024-03-19 00:50:00,0,0,2,0,2,0,0,4,8
2024-03-19 01:00:00,0,0,11,12,1,0,0,3,27
2024-03-19 01:10:00,0,0,5,4,4,0,0,2,15
2024-03-19 01:20:00,0,0,2,5,3,0,0,7,17
2024-03-19 01:30:00,0,0,7,7,1,0,0,4,19
2024-03-19 01:40:00,0,0,2,5,4,0,0,10,21
2024-03-19 01:50:00,0,0,6,4,3,0,0,7,20
2024-03-19 02:00:00,0,0,2,1,2,0,0,5,10
2024-03-19 02:10:00,0,0,5,5,1,0,0,2,13
2024-03-19 02:20:00,0,0,5,4,3,0,0,1,13
2024-03-19 02:30:00,0,0,0,2,3,0,0,5,10
2024-03-19 02:40:00,0,0,8,3,0,0,0,3,14
2024-03-19 02:50:00,0,0,3,4,0,0,0,2,9
2024-03-19 03:00:00,0,0,0,4,5,0,0,4,13
2024-03-19 03:10:00,0,0,7,4,2,0,0,2,15
2024-03-19 03:20:00,0,0,3,2,2,0,0,3,10
2024-03-19 03:30:00,0,0,2,2,2,0,0,2,8
2024-03-19 03:40:00,0,0,1,2,2,0,0,0,5
2024-03-19 03:50:00,0,0,2,4,3,0,0,4,13
2024-03-19 04:00:00,0,0,4,11,1,0,0,5,21
2024-03-19 04:10:00,0,0,3,7,0,0,0,4,14
2024-03-19 04:20:00,0,0,10,14,0,0,0,2,26
2024-03-19 04:30:00,0,0,13,9,3,0,0,11,36
2024-03-19 04:40:00,0,0,9,10,6,0,0,9,34
2024-03-19 04:50:00,0,0,12,16,3,0,0,7,38
2024-03-19 05:00:00,0,0,12,21,2,0,0,8,43
2024-03-19 05:10:00,0,0,18,23,5,0,0,7,53
2024-03-19 05:20:00,0,0,26,33,11,0,0,14,84
2024-03-19 05:30:00,0,0,27,38,13,0,0,17,95
2024-03-19 05:40:00,0,0,27,41,13,0,0,18,99
2024-03-19 05:50:00,0,0,25,44,12,0,0,23,104
2024-03-19 06:00:00,0,0,22,55,14,0,0,23,114
2024-03-19 06:10:00,0,0,32,49,29,0,0,22,132
2024-03-19 06:20:00,0,0,23,29,23,0,0,23,98
2024-03-19 06:30:00,0,0,21,34,32,0,0,18,105
2024-03-19 06:40:00,0,0,34,38,33,0,0,21,126
2024-03-19 06:50:00,0,0,26,35,40,0,0,21,122
2024-03-19 07:00:00,0,0,16,35,35,0,0,11,97
2024-03-19 07:10:00,0,0,0,0,52,0,0,3,55
2024-03-19 07:20:00,0,0,0,0,59,0,0,0,59
2024-03-19 07:30:00,0,0,0,1,61,0,0,1,63
2024-03-19 07:40:00,0,0,0,0,77,0,0,0,77
2024-03-19 07:50:00,0,0,0,0,76,0,0,0,76
2024-03-19 08:00:00,0,0,0,0,63,0,0,0,63
2024-03-19 08:10:00,0,0,0,0,36,0,0,0,36
2024-03-19 08:20:00,0,0,0,0,32,0,0,0,32
2024-03-19 08:30:00,0,0,0,6,53,0,0,1,60
2024-03-19 08:40:00,0,0,0,0,61,0,0,0,61
2024-03-19 08:50:00,0,0,0,1,104,0,0,0,105
2024-03-19 09:00:00,0,0,0,0,63,0,0,0,63
2024-03-19 09:10:00,0,0,0,1,49,0,0,8,58
2024-03-19 09:20:00,0,0,0,0,55,0,0,15,70
2024-03-19 09:30:00,0,0,0,3,45,0,0,7,55
2024-03-19 09:40:00,0,0,22,15,42,0,0,23,102
2024-03-19 09:50:00,0,0,8,9,56,0,0,21,94
2024-03-19 10:00:00,0,0,0,1,55,0,0,13,69
2024-03-19 10:10:00,0,0,3,6,73,0,0,10,92
2024-03-19 10:20:00,0,0,0,6,54,0,0,15,75
2024-03-19 10:30:00,0,0,0,0,68,0,0,1,69
2024-03-19 10:40:00,0,0,0,0,75,0,0,0,75
2024-03-19 10:50:00,0,0,0,1,82,0,0,8,91
2024-03-19 11:00:00,0,0,0,0,56,0,0,9,65
2024-03-19 11:10:00,0,0,4,27,57,0,0,19,107
2024-03-19 11:20:00,0,0,20,32,66,0,0,16,134
2024-03-19 11:30:00,0,0,28,29,63,0,0,21,141
2024-03-19 11:40:00,0,0,17,31,41,0,0,17,106
2024-03-19 11:50:00,0,0,19,29,68,0,0,14,130
2024-03-19 12:00:00,0,0,0,2,77,0,0,16,95
2024-03-19 12:10:00,0,0,14,23,81,0,0,15,133
2024-03-19 12:20:00,0,0,28,28,52,0,0,13,121
2024-03-19 12:30:00,0,0,34,35,80,0,0,21,170
2024-03-19 12:40:00,0,0,33,33,66,0,0,27,159
2024-03-19 12:50:00,0,0,23,31,71,0,0,17,142
2024-03-19 13:00:00,0,0,23,31,58,0,0,26,138
2024-03-19 13:10:00,0,0,26,34,70,0,0,19,149
2024-03-19 13:20:00,0,0,25,29,73,0,0,14,141
2024-03-19 13:30:00,0,0,29,34,69,0,0,18,150
2024-03-19 13:40:00,0,0,28,29,67,0,0,16,140
2024-03-19 13:50:00,0,0,30,33,85,0,0,19,167
2024-03-19 14:00:00,0,0,39,43,60,0,0,18,160
2024-03-19 14:10:00,0,0,31,36,85,0,0,15,167
2024-03-19 14:20:00,0,0,26,33,61,0,0,20,140
2024-03-19 14:30:00,0,0,27,31,84,0,0,19,161
2024-03-19 14:40:00,0,0,25,29,75,0,0,19,148
2024-03-19 14:50:00,0,0,26,29,113,0,0,25,193
2024-03-19 15:00:00,0,0,19,22,71,0,0,12,124
2024-03-19 15:10:00,0,0,22,27,102,0,0,17,168
2024-03-19 15:20:00,0,0,23,23,86,0,0,6,138
2024-03-19 15:30:00,0,0,25,26,81,0,0,14,146
2024-03-19 15:40:00,0,0,25,30,95,0,0,21,171
2024-03-19 15:50:00,0,0,33,49,84,0,0,12,178
2024-03-19 16:00:00,0,0,34,34,81,0,0,19,168
2024-03-19 16:10:00,0,0,23,18,105,0,0,7,153
2024-03-19 16:20:00,0,0,2,1,126,0,0,3,132
2024-03-19 16:30:00,0,0,2,0,116,0,0,5,123
2024-03-19 16:40:00,0,0,11,9,113,0,0,1,134
2024-03-19 16:50:00,0,0,24,24,102,0,0,10,160
2024-03-19 17:00:00,0,0,31,33,105,0,0,18,187
2024-03-19 17:10:00,0,0,35,40,100,0,0,22,197
2024-03-19 17:20:00,0,0,19,25,108,0,0,17,169
2024-03-19 17:30:00,0,0,24,29,108,0,0,13,174
2024-03-19 17:40:00,0,0,36,37,75,0,0,13,161
2024-03-19 17:50:00,0,0,22,36,95,0,0,19,172
2024-03-19 18:00:00,0,0,34,26,110,0,0,18,188
2024-03-19 18:10:00,0,0,34,33,85,0,0,20,172
2024-03-19 18:20:00,0,0,30,37,73,0,0,19,159
2024-03-19 18:30:00,0,0,27,32,76,0,0,22,157
2024-03-19 18:40:00,0,0,25,34,77,0,0,13,149
2024-03-19 18:50:00,0,0,33,26,72,0,0,27,158
2024-03-19 19:00:00,0,0,31,44,71,0,0,28,174
2024-03-19 19:10:00,0,0,27,27,72,0,0,21,147
2024-03-19 19:20:00,0,0,23,29,58,0,0,19,129
2024-03-19 19:30:00,0,0,25,42,38,0,0,26,131
2024-03-19 19:40:00,0,0,22,39,38,0,0,26,125
2024-03-19 19:50:00,0,0,29,36,47,0,0,21,133
2024-03-19 20:00:00,0,0,29,27,43,0,0,30,129
2024-03-19 20:10:00,0,0,21,35,47,0,0,31,134
2024-03-19 20:20:00,0,0,25,38,26,0,0,19,108
2024-03-19 20:30:00,0,0,28,30,35,0,0,31,124
2024-03-19 20:40:00,0,0,27,26,42,0,0,21,116
2024-03-19 20:50:00,0,0,23,22,33,0,0,21,99
2024-03-19 21:00:00,0,0,40,50,23,0,0,29,142
2024-03-19 21:10:00,0,0,22,26,35,0,0,25,108
2024-03-19 21:20:00,0,0,19,24,31,0,0,31,105
2024-03-19 21:30:00,0,0,22,16,18,0,0,26,82
2024-03-19 21:40:00,0,0,20,28,20,0,0,23,91
2024-03-19 21:50:00,0,0,26,19,30,0,0,28,103
2024-03-19 22:00:00,0,0,20,19,19,0,0,20,78
2024-03-19 22:10:00,0,0,11,9,17,0,0,18,55
2024-03-19 22:20:00,0,0,13,14,29,0,0,20,76
2024-03-19 22:30:00,0,0,18,16,25,0,0,20,79
2024-03-19 22:40:00,0,0,17,21,28,0,0,24,90
2024-03-19 22:50:00,0,0,8,3,24,0,0,20,55
2024-03-19 23:00:00,0,0,15,13,26,0,0,18,72
2024-03-19 23:10:00,0,0,7,12,5,0,0,16,40
2024-03-19 23:20:00,0,0,12,7,12,0,0,12,43
2024-03-19 23:30:00,0,0,6,6,6,0,0,13,31
2024-03-19 23:40:00,0,0,12,10,9,0,0,4,35
2024-03-19 23:50:00,0,0,7,9,13,0,0,11,40
2024-03-20 00:00:00,0,0,9,11,10,0,0,10,40
2024-03-20 00:10:00,0,0,13,5,7,0,0,6,31
2024-03-20 00:20:00,0,0,7,12,6,0,0,8,33
2024-03-20 00:30:00,0,0,6,1,4,0,0,1,12
2024-03-20 00:40:00,0,0,4,4,7,0,0,9,24
2024-03-20 00:50:00,0,0,5,7,5,0,0,6,23
2024-03-20 01:00:00,0,0,4,3,4,0,0,6,17
2024-03-20 01:10:00,0,0,5,7,3,0,0,4,19
2024-03-20 01:20:00,0,0,2,4,5,0,0,6,17
2024-03-20 01:30:00,0,0,5,6,3,0,0,7,21
2024-03-20 01:40:00,0,0,2,2,3,0,0,7,14
2024-03-20 01:50:00,0,0,3,1,3,0,0,4,11
2024-03-20 02:00:00,0,0,7,8,5,0,0,5,25
2024-03-20 02:10:00,0,0,5,2,1,0,0,3,11
2024-03-20 02:20:00,0,0,2,7,0,0,0,1,10
2024-03-20 02:30:00,0,0,8,6,1,0,0,1,16
2024-03-20 02:40:00,0,0,5,8,1,0,0,1,15
2024-03-20 02:50:00,0,0,3,2,2,0,0,3,10
2024-03-20 03:00:00,0,0,0,0,4,0,0,2,6
2024-03-20 03:10:00,0,0,2,3,1,0,0,1,7
2024-03-20 03:20:00,0,0,4,1,1,0,0,1,7
2024-03-20 03:30:00,0,0,2,2,1,0,0,1,6
2024-03-20 03:40:00,0,0,2,3,3,0,0,2,10
2024-03-20 03:50:00,0,0,5,2,1,0,0,2,10
2024-03-20 04:00:00,0,0,3,10,1,0,0,2,16
2024-03-20 04:10:00,0,0,9,10,2,0,0,3,24
2024-03-20 04:20:00,0,0,6,7,2,0,0,3,18
2024-03-20 04:30:00,0,0,8,10,4,0,0,3,25
2024-03-20 04:40:00,0,0,12,5,1,0,0,6,24
2024-03-20 04:50:00,0,0,12,19,6,0,0,3,40
2024-03-20 05:00:00,0,0,13,19,4,0,0,4,40
2024-03-20 05:10:00,0,0,16,16,1,0,0,7,40
2024-03-20 05:20:00,0,0,31,32,8,0,0,13,84
2024-03-20 05:30:00,0,0,27,34,14,0,0,12,87
2024-03-20 05:40:00,0,0,28,40,9,0,0,17,94
2024-03-20 05:50:00,0,0,31,39,14,0,0,23,107
2024-03-20 06:00:00,0,0,26,34,16,0,0,15,91
2024-03-20 06:10:00,0,0,23,39,11,0,0,23,96
2024-03-20 06:20:00,0,0,21,32,39,0,0,22,114
2024-03-20 06:30:00,0,0,36,38,23,0,0,22,119
2024-03-20 06:40:00,0,0,27,37,40,0,0,20,124
2024-03-20 06:50:00,0,0,30,45,36,0,0,19,130
2024-03-20 07:00:00,0,0,29,47,41,0,0,13,130
2024-03-20 07:10:00,0,0,32,65,34,0,0,13,144
2024-03-20 07:20:00,0,0,42,75,46,0,0,13,176
2024-03-20 07:30:00,0,0,32,59,43,0,0,9,143
2024-03-20 07:40:00,0,0,3,19,73,0,0,4,99
2024-03-20 07:50:00,0,0,4,13,70,0,0,0,87
2024-03-20 08:00:00,0,0,1,9,72,0,0,0,82
2024-03-20 08:10:00,0,0,1,6,63,0,0,0,70
2024-03-20 08:20:00,0,0,3,4,73,0,0,0,80
2024-03-20 08:30:00,0,0,4,8,65,0,0,0,77
2024-03-20 08:40:00,0,0,0,19,54,0,0,0,73
2024-03-20 08:50:00,0,0,1,6,75,0,0,0,82
2024-03-20 09:00:00,0,0,0,5,69,0,0,0,74
2024-03-20 09:10:00,0,0,1,1,50,0,0,2,54
2024-03-20 09:20:00,0,0,0,5,53,0,0,2,60
2024-03-20 09:30:00,0,0,1,0,56,0,0,13,70
2024-03-20 09:40:00,0,0,1,1,47,0,0,18,67
2024-03-20 09:50:00,0,0,2,3,71,0,0,22,98
2024-03-20 10:00:00,0,0,0,2,42,0,0,22,66
2024-03-20 10:10:00,0,0,15,30,51,0,0,14,110
2024-03-20 10:20:00,0,0,11,5,70,0,0,4,90
2024-03-20 10:30:00,0,0,0,14,67,0,0,11,92
2024-03-20 10:40:00,0,0,13,21,68,0,0,9,111
2024-03-20 10:50:00,0,0,24,26,49,0,0,14,113
2024-03-20 11:00:00,0,0,23,21,52,0,0,12,108
2024-03-20 11:10:00,0,0,25,38,56,0,0,22,141
2024-03-20 11:20:00,0,0,28,32,62,0,0,18,140
2024-03-20 11:30:00,0,0,29,39,75,0,0,21,164
2024-03-20 11:40:00,0,0,29,28,55,0,0,21,133
2024-03-20 11:50:00,0,0,26,29,54,0,0,16,125
2024-03-20 12:00:00,0,0,16,29,56,0,0,23,124
2024-03-20 12:10:00,0,0,23,39,54,0,0,12,128
2024-03-20 12:20:00,0,0,30,29,61,0,0,17,137
2024-03-20 12:30:00,0,0,22,36,61,0,0,20,139
2024-03-20 12:40:00,0,0,30,31,74,0,0,20,155
2024-03-20 12:50:00,0,0,22,32,90,0,0,18,162
2024-03-20 13:00:00,0,0,28,39,73,0,0,20,160
2024-03-20 13:10:00,0,0,36,35,75,0,0,20,166
2024-03-20 13:20:00,0,0,32,38,72,0,0,18,160
2024-03-20 13:30:00,0,0,22,25,70,0,0,16,133
2024-03-20 13:40:00,0,0,17,28,67,0,0,17,129
2024-03-20 13:50:00,0,0,12,13,64,0,0,16,105
2024-03-20 14:00:00,0,0,23,22,80,0,0,21,146
2024-03-20 14:10:00,0,0,23,28,87,0,0,14,152
2024-03-20 14:20:00,0,0,33,43,91,0,0,18,185
2024-03-20 14:30:00,0,0,28,35,75,0,0,17,155
2024-03-20 14:40:00,0,0,25,34,106,0,0,8,173
2024-03-20 14:50:00,0,0,27,30,107,0,0,23,187
2024-03-20 15:00:00,0,0,4,4,106,0,0,10,124
2024-03-20 15:10:00,0,0,18,23,94,0,0,17,152
2024-03-20 15:20:00,0,0,4,10,94,0,0,6,114
2024-03-20 15:30:00,0,0,7,5,117,0,0,0,129
2024-03-20 15:40:00,0,0,0,3,136,0,0,5,144
2024-03-20 15:50:00,0,0,0,0,102,0,0,6,108
2024-03-20 16:00:00,0,0,0,0,138,0,0,0,138
2024-03-20 16:10:00,0,0,4,9,98,0,0,16,127
2024-03-20 16:20:00,0,0,25,15,23,0,0,24,87
2024-03-20 16:30:00,0,0,30,30,76,0,0,17,153
2024-03-20 16:40:00,0,0,34,31,90,0,0,21,176
2024-03-20 16:50:00,0,0,11,15,84,0,0,9,119
2024-03-20 17:00:00,0,0,22,32,109,0,0,3,166
2024-03-20 17:10:00,0,0,15,14,108,0,0,3,140
2024-03-20 17:20:00,0,0,10,6,128,0,0,0,144
2024-03-20 17:30:00,0,0,5,8,100,0,0,4,117
2024-03-20 17:40:00,0,0,28,30,80,0,0,16,154
2024-03-20 17:50:00,0,0,36,36,101,0,0,21,194
2024-03-20 18:00:00,0,0,15,13,102,0,0,7,137
2024-03-20 18:10:00,0,0,12,4,96,0,0,10,122
2024-03-20 18:20:00,0,0,28,12,95,0,0,19,154
2024-03-20 18:30:00,0,0,26,20,73,0,0,22,141
2024-03-20 18:40:00,0,0,25,28,68,0,0,16,137
2024-03-20 18:50:00,0,0,23,21,56,0,0,22,122
2024-03-20 19:00:00,0,0,27,47,64,0,0,34,172
2024-03-20 19:10:00,0,0,26,47,57,0,0,24,154
2024-03-20 19:20:00,0,0,29,43,36,0,0,16,124
2024-03-20 19:30:00,0,0,26,30,58,0,0,30,144
2024-03-20 19:40:00,0,0,33,24,45,0,0,21,123
2024-03-20 19:50:00,0,0,19,28,56,0,0,25,128
2024-03-20 20:00:00,0,0,26,42,54,0,0,34,156
2024-03-20 20:10:00,0,0,31,44,25,0,0,29,129
2024-03-20 20:20:00,0,0,27,32,32,0,0,33,124
2024-03-20 20:30:00,0,0,23,22,27,0,0,34,106
2024-03-20 20:40:00,0,0,24,40,29,0,0,29,122
2024-03-20 20:50:00,0,0,22,25,41,0,0,26,114
2024-03-20 21:00:00,0,0,28,32,43,0,0,21,124
2024-03-20 21:10:00,0,0,20,31,36,0,0,27,114
2024-03-20 21:20:00,0,0,23,31,38,0,0,21,113
2024-03-20 21:30:00,0,0,21,16,32,0,0,29,98
2024-03-20 21:40:00,0,0,19,22,35,0,0,21,97
2024-03-20 21:50:00,0,0,22,19,31,0,0,24,96
2024-03-20 22:00:00,0,0,12,22,36,0,0,31,101
2024-03-20 22:10:00,0,0,19,22,30,0,0,25,96
2024-03-20 22:20:00,0,0,22,26,35,0,0,31,114
2024-03-20 22:30:00,0,0,26,22,44,0,0,20,112
2024-03-20 22:40:00,0,0,17,16,22,0,0,21,76
2024-03-20 22:50:00,0,0,15,18,17,0,0,19,69
2024-03-20 23:00:00,0,0,14,17,19,0,0,10,60
2024-03-20 23:10:00,0,0,10,16,16,0,0,12,54
2024-03-20 23:20:00,0,0,16,17,18,0,0,16,67
2024-03-20 23:30:00,0,0,5,7,11,0,0,11,34
2024-03-20 23:40:00,0,0,9,15,10,0,0,19,53
2024-03-20 23:50:00,0,0,4,7,10,0,0,14,35
2024-03-21 00:00:00,0,0,1,7,8,0,0,8,24
2024-03-21 00:10:00,0,0,10,10,6,0,0,8,34
2024-03-21 00:20:00,0,0,6,8,2,0,0,8,24
2024-03-21 00:30:00,0,0,7,11,9,0,0,13,40
2024-03-21 00:40:00,0,0,9,4,3,0,0,1,17
2024-03-21 00:50:00,0,0,9,2,5,0,0,2,18
2024-03-21 01:00:00,0,0,5,8,4,0,0,6,23
2024-03-21 01:10:00,0,0,4,7,5,0,0,3,19
2024-03-21 01:20:00,0,0,4,5,8,0,0,8,25
2024-03-21 01:30:00,0,0,4,8,3,0,0,6,21
2024-03-21 01:40:00,0,0,4,1,2,0,0,3,10
2024-03-21 01:50:00,0,0,2,1,0,0,0,2,5
2024-03-21 02:00:00,0,0,6,4,6,0,0,3,19
2024-03-21 02:10:00,0,0,5,3,3,0,0,7,18
2024-03-21 02:20:00,0,0,6,3,1,0,0,2,12
2024-03-21 02:30:00,0,0,12,8,3,0,0,3,26
2024-03-21 02:40:00,0,0,2,2,0,0,0,2,6
2024-03-21 02:50:00,0,0,9,0,0,0,0,1,10
2024-03-21 03:00:00,0,0,1,7,1,0,0,2,11
2024-03-21 03:10:00,0,0,6,7,1,0,0,5,19
2024-03-21 03:20:00,0,0,3,6,1,0,0,1,11
2024-03-21 03:30:00,0,0,5,9,1,0,0,4,19
2024-03-21 03:40:00,0,0,2,1,4,0,0,2,9
2024-03-21 03:50:00,0,0,3,1,3,0,0,4,11
2024-03-21 04:00:00,0,0,6,10,1,0,0,1,18
2024-03-21 04:10:00,0,0,9,7,3,0,0,2,21
2024-03-21 04:20:00,0,0,8,7,1,0,0,8,24
2024-03-21 04:30:00,0,0,10,11,0,0,0,5,26
2024-03-21 04:40:00,0,0,7,7,3,0,0,7,24
2024-03-21 04:50:00,0,0,12,21,9,0,0,9,51
2024-03-21 05:00:00,0,0,16,26,5,0,0,9,56
2024-03-21 05:10:00,0,0,20,24,5,0,0,9,58
2024-03-21 05:20:00,0,0,19,31,14,0,0,18,82
2024-03-21 05:30:00,0,0,20,37,9,0,0,18,84
2024-03-21 05:40:00,0,0,32,39,13,0,0,26,110
2024-03-21 05:50:00,0,0,27,41,10,0,0,25,103
2024-03-21 06:00:00,0,0,29,35,20,0,0,18,102
2024-03-21 06:10:00,0,0,21,28,17,0,0,16,82
2024-03-21 06:20:00,0,0,24,39,27,0,0,20,110
2024-03-21 06:30:00,0,0,27,36,25,0,0,15,103
2024-03-21 06:40:00,0,0,26,43,29,0,0,17,115
2024-03-21 06:50:00,0,0,26,35,50,0,0,20,131
2024-03-21 07:00:00,0,0,29,45,36,0,0,18,128
2024-03-21 07:10:00,0,0,31,40,41,0,0,13,125
2024-03-21 07:20:00,0,0,29,37,58,0,0,16,140
2024-03-21 07:30:00,0,0,11,19,51,0,0,17,98
2024-03-21 07:40:00,0,0,0,1,73,0,0,0,74
2024-03-21 07:50:00,0,0,0,1,80,0,0,0,81
2024-03-21 08:00:00,0,0,0,0,62,0,0,0,62
2024-03-21 08:10:00,0,0,0,0,85,0,0,0,85
2024-03-21 08:20:00,0,0,0,4,68,0,0,4,76
2024-03-21 08:30:00,0,0,1,6,56,0,0,9,72
2024-03-21 08:40:00,0,0,6,8,58,0,0,2,74
2024-03-21 08:50:00,0,0,0,7,58,0,0,4,69
2024-03-21 09:00:00,0,0,12,24,65,0,0,3,104
2024-03-21 09:10:00,0,0,17,27,38,0,0,15,97
2024-03-21 09:20:00,0,0,26,28,42,0,0,8,104
2024-03-21 09:30:00,0,0,27,26,38,0,0,19,110
2024-03-21 09:40:00,0,0,22,29,41,0,0,17,109
2024-03-21 09:50:00,0,0,31,30,58,0,0,20,139
2024-03-21 10:00:00,0,0,29,33,47,0,0,22,131
2024-03-21 10:10:00,0,0,24,37,57,0,0,18,136
2024-03-21 10:20:00,0,0,25,30,48,0,0,18,121
2024-03-21 10:30:00,0,0,29,26,59,0,0,20,134
2024-03-21 10:40:00,0,0,25,35,50,0,0,23,133
2024-03-21 10:50:00,0,0,32,31,58,0,0,14,135
2024-03-21 11:00:00,0,0,37,38,54,0,0,20,149
2024-03-21 11:10:00,0,0,28,35,54,0,0,15,132
2024-03-21 11:20:00,0,0,32,37,64,0,0,12,145
2024-03-21 11:30:00,0,0,9,22,80,0,0,21,132
2024-03-21 11:40:00,0,0,25,25,59,0,0,12,121
2024-03-21 11:50:00,0,0,22,35,71,0,0,21,149
2024-03-21 12:00:00,0,0,32,26,53,0,0,19,130
2024-03-21 12:10:00,0,0,27,36,80,0,0,18,161
2024-03-21 12:20:00,0,0,26,34,81,0,0,19,160
2024-03-21 12:30:00,0,0,30,37,67,0,0,25,159
2024-03-21 12:40:00,0,0,22,27,79,0,0,19,147
2024-03-21 12:50:00,0,0,33,37,74,0,0,17,161
2024-03-21 13:00:00,0,0,28,35,70,0,0,16,149
2024-03-21 13:10:00,0,0,24,31,96,0,0,20,171
2024-03-21 13:20:00,0,0,26,38,70,0,0,16,150
2024-03-21 13:30:00,0,0,70,39,65,0,0,15,189
2024-03-21 13:40:00,0,0,31,29,63,0,0,16,139
2024-03-21 13:50:00,0,0,21,32,91,0,0,15,159
2024-03-21 14:00:00,0,0,24,36,72,0,0,13,145
2024-03-21 14:10:00,0,0,34,41,99,0,0,17,191
2024-03-21 14:20:00,0,0,28,33,69,0,0,18,148
2024-03-21 14:30:00,0,0,21,17,80,0,0,7,125
2024-03-21 14:40:00,0,0,1,0,95,0,0,0,96
2024-03-21 14:50:00,0,0,0,0,103,0,0,0,103
2024-03-21 15:00:00,0,0,0,1,114,0,0,7,122
2024-03-21 15:10:00,0,0,1,1,117,0,0,0,119
2024-03-21 15:20:00,0,0,3,5,108,0,0,2,118
2024-03-21 15:30:00,0,0,1,2,115,0,0,4,122
2024-03-21 15:40:00,0,0,8,19,115,0,0,3,145
2024-03-21 15:50:00,0,0,0,5,111,0,0,0,116
2024-03-21 16:00:00,0,0,0,0,118,0,0,0,118
2024-03-21 16:10:00,0,0,0,0,125,0,0,0,125
2024-03-21 16:20:00,0,0,0,4,110,0,0,3,117
2024-03-21 16:30:00,0,0,11,14,98,0,0,8,131
2024-03-21 16:40:00,0,0,3,1,106,0,0,3,113
2024-03-21 16:50:00,0,0,28,34,86,0,0,15,163
2024-03-21 17:00:00,0,0,39,39,109,0,0,16,203
2024-03-21 17:10:00,0,0,22,27,88,0,0,14,151
2024-03-21 17:20:00,0,0,24,22,123,0,0,3,172
2024-03-21 17:30:00,0,0,23,24,90,0,0,11,148
2024-03-21 17:40:00,0,0,26,24,112,0,0,15,177
2024-03-21 17:50:00,0,0,26,27,103,0,0,6,162
2024-03-21 18:00:00,0,0,29,38,95,0,0,23,185
2024-03-21 18:10:00,0,0,33,34,80,0,0,24,171
2024-03-21 18:20:00,0,0,27,32,103,0,0,22,184
2024-03-21 18:30:00,0,0,23,35,82,0,0,19,159
2024-03-21 18:40:00,0,0,23,29,75,0,0,25,152
2024-03-21 18:50:00,0,0,22,28,69,0,0,26,145
2024-03-21 19:00:00,0,0,27,47,55,0,0,22,151
2024-03-21 19:10:00,0,0,22,34,59,0,0,23,138
2024-03-21 19:20:00,0,0,28,34,53,0,0,20,135
2024-03-21 19:30:00,0,0,24,36,44,0,0,22,126
2024-03-21 19:40:00,0,0,21,29,43,0,0,35,128
2024-03-21 19:50:00,0,0,25,32,42,0,0,19,118
2024-03-21 20:00:00,0,0,31,38,41,0,0,31,141
2024-03-21 20:10:00,0,0,28,32,50,0,0,27,137
2024-03-21 20:20:00,0,0,37,33,41,0,0,25,136
2024-03-21 20:30:00,0,0,21,27,47,0,0,28,123
2024-03-21 20:40:00,0,0,23,23,43,0,0,35,124
2024-03-21 20:50:00,0,0,26,31,33,0,0,22,112
2024-03-21 21:00:00,0,0,20,32,33,0,0,30,115
2024-03-21 21:10:00,0,0,24,21,36,0,0,27,108
2024-03-21 21:20:00,0,0,25,22,23,0,0,25,95
2024-03-21 21:30:00,0,0,12,19,28,0,0,33,92
2024-03-21 21:40:00,0,0,20,19,27,0,0,30,96
2024-03-21 21:50:00,0,0,19,22,36,0,0,22,99
2024-03-21 22:00:00,0,0,14,31,36,0,0,19,100
2024-03-21 22:10:00,0,0,17,22,28,0,0,20,87
2024-03-21 22:20:00,0,0,15,22,27,0,0,22,86
2024-03-21 22:30:00,0,0,19,16,24,0,0,24,83
2024-03-21 22:40:00,0,0,12,19,28,0,0,27,86
2024-03-21 22:50:00,0,0,12,14,29,0,0,24,79
2024-03-21 23:00:00,0,0,13,15,29,0,0,23,80
2024-03-21 23:10:00,0,0,18,23,17,0,0,15,73
2024-03-21 23:20:00,0,0,8,11,17,0,0,18,54
2024-03-21 23:30:00,0,0,13,11,14,0,0,12,50
2024-03-21 23:40:00,0,0,18,16,5,0,0,14,53
2024-03-21 23:50:00,0,0,5,8,11,0,0,11,35
2024-03-22 00:00:00,0,0,4,11,12,0,0,12,39
2024-03-22 00:10:00,0,0,12,18,7,0,0,16,53
2024-03-22 00:20:00,0,0,6,12,7,0,0,5,30
2024-03-22 00:30:00,0,0,7,7,8,0,0,12,34
2024-03-22 00:40:00,0,0,12,4,9,0,0,16,41
2024-03-22 00:50:00,0,0,7,7,3,0,0,3,20
2024-03-22 01:00:00,0,0,7,16,6,0,0,7,36
2024-03-22 01:10:00,0,0,3,6,3,0,0,10,22
2024-03-22 01:20:00,0,0,1,0,6,0,0,9,16
2024-03-22 01:30:00,0,0,7,6,1,0,0,6,20
2024-03-22 01:40:00,0,0,2,4,4,0,0,5,15
2024-03-22 01:50:00,0,0,5,3,2,0,0,2,12
2024-03-22 02:00:00,0,0,10,4,2,0,0,4,20
2024-03-22 02:10:00,0,0,2,6,5,0,0,1,14
2024-03-22 02:20:00,0,0,3,7,2,0,0,6,18
2024-03-22 02:30:00,0,0,4,1,4,0,0,4,13
2024-03-22 02:40:00,0,0,5,5,1,0,0,1,12
2024-03-22 02:50:00,0,0,4,2,1,0,0,2,9
2024-03-22 03:00:00,0,0,3,3,0,0,0,3,9
2024-03-22 03:10:00,0,0,1,6,1,0,0,3,11
2024-03-22 03:20:00,0,0,2,6,3,0,0,1,12
2024-03-22 03:30:00,0,0,2,5,1,0,0,3,11
2024-03-22 03:40:00,0,0,0,4,5,0,0,4,13
2024-03-22 03:50:00,0,0,10,10,4,0,0,3,27
2024-03-22 04:00:00,0,0,8,9,0,0,0,1,18
2024-03-22 04:10:00,0,0,7,5,3,0,0,5,20
2024-03-22 04:20:00,0,0,5,5,1,0,0,5,16
2024-03-22 04:30:00,0,0,9,12,3,0,0,6,30
2024-03-22 04:40:00,0,0,14,9,6,0,0,8,37
2024-03-22 04:50:00,0,0,17,26,3,0,0,5,51
2024-03-22 05:00:00,0,0,15,15,1,0,0,4,35
2024-03-22 05:10:00,0,0,16,23,7,0,0,10,56
2024-03-22 05:20:00,0,0,20,32,8,0,0,26,86
2024-03-22 05:30:00,0,0,32,45,9,0,0,17,103
2024-03-22 05:40:00,0,0,21,27,12,0,0,20,80
2024-03-22 05:50:00,0,0,26,39,10,0,0,23,98
2024-03-22 06:00:00,0,0,24,38,16,0,0,17,95
2024-03-22 06:10:00,0,0,22,28,15,0,0,15,80
2024-03-22 06:20:00,0,0,20,29,26,0,0,15,90
2024-03-22 06:30:00,0,0,30,31,27,0,0,19,107
2024-03-22 06:40:00,0,0,36,43,33,0,0,16,128
2024-03-22 06:50:00,0,0,25,40,37,0,0,18,120
2024-03-22 07:00:00,0,0,34,40,36,0,0,14,124
2024-03-22 07:10:00,0,0,26,42,37,0,0,20,125
2024-03-22 07:20:00,0,0,25,44,39,0,0,16,124
2024-03-22 07:30:00,0,0,35,50,37,0,0,18,140
2024-03-22 07:40:00,0,0,34,59,55,0,0,14,162
2024-03-22 07:50:00,0,0,33,47,50,0,0,13,143
2024-03-22 08:00:00,0,0,26,33,59,0,0,15,133
2024-03-22 08:10:00,0,0,29,37,44,0,0,14,124
2024-03-22 08:20:00,0,0,32,35,36,0,0,11,114
2024-03-22 08:30:00,0,0,32,31,44,0,0,16,123
2024-03-22 08:40:00,0,0,34,28,43,0,0,18,123
2024-03-22 08:50:00,0,0,31,36,41,0,0,12,120
2024-03-22 09:00:00,0,0,33,30,43,0,0,13,119
2024-03-22 09:10:00,0,0,38,38,43,0,0,18,137
2024-03-22 09:20:00,0,0,29,28,47,0,0,17,121
2024-03-22 09:30:00,0,0,24,28,39,0,0,20,111
2024-03-22 09:40:00,0,0,50,24,47,0,0,21,142
2024-03-22 09:50:00,0,0,30,38,44,0,0,25,137
2024-03-22 10:00:00,0,0,21,34,61,0,0,24,140
2024-03-22 10:10:00,0,0,39,31,42,0,0,25,137
2024-03-22 10:20:00,0,0,27,36,41,0,0,19,123
2024-03-22 10:30:00,0,0,32,39,60,0,0,14,145
2024-03-22 10:40:00,0,0,25,27,47,0,0,24,123
2024-03-22 10:50:00,0,0,24,22,49,0,0,10,105
2024-03-22 11:00:00,0,0,30,30,48,0,0,18,126
2024-03-22 11:10:00,0,0,28,37,59,0,0,17,141
2024-03-22 11:20:00,0,0,27,29,59,0,0,21,136
2024-03-22 11:30:00,0,0,21,32,73,0,0,20,146
2024-03-22 11:40:00,0,0,26,26,59,0,0,14,125
2024-03-22 11:50:00,0,0,33,40,66,0,0,22,161
2024-03-22 12:00:00,0,0,30,28,67,0,0,19,144
2024-03-22 12:10:00,0,0,28,35,74,0,0,18,155
2024-03-22 12:20:00,0,0,25,33,76,0,0,19,153
2024-03-22 12:30:00,0,0,24,34,74,0,0,22,154
2024-03-22 12:40:00,0,0,27,33,66,0,0,19,145
2024-03-22 12:50:00,0,0,32,37,81,0,0,25,175
2024-03-22 13:00:00,0,0,39,36,71,0,0,20,166
2024-03-22 13:10:00,0,0,26,27,102,0,0,16,171
2024-03-22 13:20:00,0,0,29,39,72,0,0,13,153
2024-03-22 13:30:00,0,0,38,33,78,0,0,12,161
2024-03-22 13:40:00,0,0,28,31,95,0,0,17,171
2024-03-22 13:50:00,0,0,32,36,94,0,0,12,174
2024-03-22 14:00:00,0,0,37,29,77,0,0,22,165
2024-03-22 14:10:00,0,0,31,37,79,0,0,11,158
2024-03-22 14:20:00,0,0,26,31,104,0,0,33,194
2024-03-22 14:30:00,0,0,38,38,97,0,0,22,195
2024-03-22 14:40:00,0,0,22,22,89,0,0,27,160
2024-03-22 14:50:00,0,0,32,41,110,0,0,25,208
2024-03-22 15:00:00,0,0,34,45,135,0,0,15,229
2024-03-22 15:10:00,0,0,36,34,124,0,0,23,217
2024-03-22 15:20:00,0,0,26,31,123,0,0,17,197
2024-03-22 15:30:00,0,0,33,32,99,0,0,12,176
2024-03-22 15:40:00,0,0,26,39,112,0,0,22,199
2024-03-22 15:50:00,0,0,29,34,109,0,0,21,193
2024-03-22 16:00:00,0,0,32,38,96,0,0,26,192
2024-03-22 16:10:00,0,0,28,17,119,0,0,17,181
2024-03-22 16:20:00,0,0,23,39,102,0,0,19,183
2024-03-22 16:30:00,0,0,28,33,79,0,0,18,158
2024-03-22 16:40:00,0,0,26,31,87,0,0,19,163
2024-03-22 16:50:00,0,0,32,32,87,0,0,22,173
2024-03-22 17:00:00,0,0,28,35,85,0,0,17,165
2024-03-22 17:10:00,0,0,33,35,78,0,0,17,163
2024-03-22 17:20:00,0,0,32,38,72,0,0,17,159
2024-03-22 17:30:00,0,0,40,37,69,0,0,23,169
2024-03-22 17:40:00,0,0,29,26,85,0,0,16,156
2024-03-22 17:50:00,0,0,30,24,73,0,0,19,146
2024-03-22 18:00:00,0,0,27,32,85,0,0,21,165
2024-03-22 18:10:00,0,0,26,26,70,0,0,19,141
2024-03-22 18:20:00,0,0,29,29,75,0,0,21,154
2024-03-22 18:30:00,0,0,12,8,32,0,0,15,67
2024-03-22 18:40:00,0,0,6,14,26,0,0,6,52
2024-03-22 18:50:00,0,0,10,20,39,0,0,20,89
2024-03-22 19:00:00,0,0,27,43,64,0,0,26,160
2024-03-22 19:10:00,0,0,21,27,51,0,0,21,120
2024-03-22 19:20:00,0,0,23,46,53,0,0,23,145
2024-03-22 19:30:00,0,0,25,38,43,0,0,14,120
2024-03-22 19:40:00,0,0,23,29,44,0,0,42,138
2024-03-22 19:50:00,0,0,29,40,49,0,0,20,138
2024-03-22 20:00:00,0,0,17,29,57,0,0,23,126
2024-03-22 20:10:00,0,0,27,27,39,0,0,29,122
2024-03-22 20:20:00,0,0,30,25,51,0,0,30,136
2024-03-22 20:30:00,0,0,28,34,35,0,0,22,119
2024-03-22 20:40:00,0,0,28,20,32,0,0,29,109
2024-03-22 20:50:00,0,0,17,35,29,0,0,28,109
2024-03-22 21:00:00,0,0,20,29,33,0,0,25,107
2024-03-22 21:10:00,0,0,17,17,29,0,0,19,82
2024-03-22 21:20:00,0,0,25,29,40,0,0,36,130
2024-03-22 21:30:00,0,0,17,25,28,0,0,17,87
2024-03-22 21:40:00,0,0,29,30,38,0,0,28,125
2024-03-22 21:50:00,0,0,21,32,42,0,0,26,121
2024-03-22 22:00:00,0,0,21,23,39,0,0,25,108
2024-03-22 22:10:00,0,0,23,33,36,0,0,29,121
2024-03-22 22:20:00,0,0,23,27,35,0,0,23,108
2024-03-22 22:30:00,0,0,19,20,35,0,0,23,97
2024-03-22 22:40:00,0,0,17,25,25,0,0,31,98
2024-03-22 22:50:00,0,0,20,19,56,0,0,30,125
2024-03-22 23:00:00,0,0,22,14,24,0,0,29,89
2024-03-22 23:10:00,0,0,14,16,19,0,0,27,76
2024-03-22 23:20:00,0,0,12,12,27,0,0,17,68
2024-03-22 23:30:00,0,0,16,7,22,0,0,22,67
2024-03-22 23:40:00,0,0,12,21,21,0,0,17,71
2024-03-22 23:50:00,0,0,16,21,32,0,0,27,96
2024-03-23 00:00:00,0,0,13,20,24,0,0,24,81
2024-03-23 00:10:00,0,0,13,8,20,0,0,16,57
2024-03-23 00:20:00,0,0,17,16,14,0,0,18,65
2024-03-23 00:30:00,0,0,16,17,13,0,0,18,64
2024-03-23 00:40:00,0,0,15,13,15,0,0,15,58
2024-03-23 00:50:00,0,0,16,14,10,0,0,14,54
2024-03-23 01:00:00,0,0,10,14,15,0,0,21,60
2024-03-23 01:10:00,0,0,11,6,17,0,0,12,46
2024-03-23 01:20:00,0,0,10,14,8,0,0,18,50
2024-03-23 01:30:00,0,0,14,12,9,0,0,12,47
2024-03-23 01:40:00,0,0,9,8,9,0,0,8,34
2024-03-23 01:50:00,0,0,8,12,9,0,0,10,39
2024-03-23 02:00:00,0,0,9,18,15,0,0,18,60
2024-03-23 02:10:00,0,0,2,13,5,0,0,8,28
2024-03-23 02:20:00,0,0,7,8,12,0,0,15,42
2024-03-23 02:30:00,0,0,11,13,7,0,0,11,42
2024-03-23 02:40:00,0,0,5,6,8,0,0,16,35
2024-03-23 02:50:00,0,0,9,12,5,0,0,7,33
2024-03-23 03:00:00,0,0,10,6,13,0,0,13,42
2024-03-23 03:10:00,0,0,2,4,6,0,0,9,21
2024-03-23 03:20:00,0,0,4,5,2,0,0,6,17
2024-03-23 03:30:00,0,0,1,3,7,0,0,6,17
2024-03-23 03:40:00,0,0,3,4,7,0,0,7,21
2024-03-23 03:50:00,0,0,7,7,3,0,0,5,22
2024-03-23 04:00:00,0,0,8,6,4,0,0,5,23
2024-03-23 04:10:00,0,0,9,15,2,0,0,2,28
2024-03-23 04:20:00,0,0,8,11,4,0,0,8,31
2024-03-23 04:30:00,0,0,12,7,1,0,0,4,24
2024-03-23 04:40:00,0,0,12,6,0,0,0,1,19
2024-03-23 04:50:00,0,0,13,15,3,0,0,5,36
2024-03-23 05:00:00,0,0,8,8,2,0,0,2,20
2024-03-23 05:10:00,0,0,18,8,7,0,0,7,40
2024-03-23 05:20:00,0,0,13,10,6,0,0,8,37
2024-03-23 05:30:00,0,0,15,15,9,0,0,14,53
2024-03-23 05:40:00,0,0,29,21,8,0,0,14,72
2024-03-23 05:50:00,0,0,11,5,7,0,0,12,35
2024-03-23 06:00:00,0,0,13,8,4,0,0,15,40
2024-03-23 06:10:00,0,0,22,19,8,0,0,15,64
2024-03-23 06:20:00,0,0,19,14,12,0,0,14,59
2024-03-23 06:30:00,0,0,14,15,9,0,0,14,52
2024-03-23 06:40:00,0,0,13,14,23,0,0,24,74
2024-03-23 06:50:00,0,0,10,18,11,0,0,8,47
2024-03-23 07:00:00,0,0,14,16,10,0,0,2,42
2024-03-23 07:10:00,0,0,13,10,7,0,0,8,38
2024-03-23 07:20:00,0,0,12,13,10,0,0,11,46
2024-03-23 07:30:00,0,0,17,19,2,0,0,9,47
2024-03-23 07:40:00,0,0,20,18,7,0,0,12,57
2024-03-23 07:50:00,0,0,14,10,8,0,0,16,48
2024-03-23 08:00:00,0,0,14,16,14,0,0,12,56
2024-03-23 08:10:00,0,0,13,9,10,0,0,11,43
2024-03-23 08:20:00,0,0,15,20,18,0,0,13,66
2024-03-23 08:30:00,0,0,21,15,13,0,0,12,61
2024-03-23 08:40:00,0,0,12,15,18,0,0,17,62
2024-03-23 08:50:00,0,0,20,21,10,0,0,16,67
2024-03-23 09:00:00,0,0,27,29,16,0,0,14,86
2024-03-23 09:10:00,0,0,23,22,20,0,0,20,85
2024-03-23 09:20:00,0,0,18,22,22,0,0,19,81
2024-03-23 09:30:00,0,0,16,24,24,0,0,16,80
2024-03-23 09:40:00,0,0,19,25,18,0,0,21,83
2024-03-23 09:50:00,0,0,24,30,34,0,0,21,109
2024-03-23 10:00:00,0,0,19,23,43,0,0,24,109
2024-03-23 10:10:00,0,0,24,30,30,0,0,18,102
2024-03-23 10:20:00,0,0,31,23,24,0,0,23,101
2024-03-23 10:30:00,0,0,26,28,42,0,0,15,111
2024-03-23 10:40:00,0,0,27,29,36,0,0,23,115
2024-03-23 10:50:00,0,0,18,32,31,0,0,20,101
2024-03-23 11:00:00,0,0,32,25,37,0,0,21,115
2024-03-23 11:10:00,0,0,32,31,47,0,0,19,129
2024-03-23 11:20:00,0,0,28,32,46,0,0,19,125
2024-03-23 11:30:00,0,0,18,28,47,0,0,21,114
2024-03-23 11:40:00,0,0,27,30,60,0,0,21,138
2024-03-23 11:50:00,0,0,37,33,60,0,0,17,147
2024-03-23 12:00:00,0,0,30,36,57,0,0,20,143
2024-03-23 12:10:00,0,0,29,38,48,0,0,23,138
2024-03-23 12:20:00,0,0,28,40,57,0,0,14,139
2024-03-23 12:30:00,0,0,24,43,79,0,0,23,169
2024-03-23 12:40:00,0,0,26,34,59,0,0,14,133
2024-03-23 12:50:00,0,0,25,25,72,0,0,21,143
2024-03-23 13:00:00,0,0,24,29,64,0,0,22,139
2024-03-23 13:10:00,0,0,30,39,55,0,0,23,147
2024-03-23 13:20:00,0,0,25,42,57,0,0,20,144
2024-03-23 13:30:00,0,0,29,31,57,0,0,20,137
2024-03-23 13:40:00,0,0,28,32,54,0,0,17,131
2024-03-23 13:50:00,0,0,31,27,89,0,0,24,171
2024-03-23 14:00:00,0,0,30,27,65,0,0,20,142
2024-03-23 14:10:00,0,0,30,30,66,0,0,24,150
2024-03-23 14:20:00,0,0,28,31,72,0,0,20,151
2024-03-23 14:30:00,0,0,21,30,60,0,0,15,126
2024-03-23 14:40:00,0,0,19,30,63,0,0,19,131
2024-03-23 14:50:00,0,0,33,35,60,0,0,19,147
2024-03-23 15:00:00,0,0,22,31,69,0,0,22,144
2024-03-23 15:10:00,0,0,22,26,74,0,0,18,140
2024-03-23 15:20:00,0,0,23,31,35,0,0,15,104
2024-03-23 15:30:00,0,0,31,31,65,0,0,17,144
2024-03-23 15:40:00,0,0,24,38,63,0,0,18,143
2024-03-23 15:50:00,0,0,28,40,75,0,0,20,163
2024-03-23 16:00:00,0,0,18,29,78,0,0,18,143
2024-03-23 16:10:00,0,0,32,35,72,0,0,23,162
2024-03-23 16:20:00,0,0,23,24,69,0,0,26,142
2024-03-23 16:30:00,0,0,26,54,55,0,0,19,154
2024-03-23 16:40:00,0,0,21,26,57,0,0,22,126
2024-03-23 16:50:00,0,0,30,36,82,0,0,21,169
2024-03-23 17:00:00,0,0,27,25,63,0,0,20,135
2024-03-23 17:10:00,0,0,31,36,84,0,0,15,166
2024-03-23 17:20:00,0,0,30,28,51,0,0,14,123
2024-03-23 17:30:00,0,0,29,36,57,0,0,11,133
2024-03-23 17:40:00,0,0,31,39,67,0,0,24,161
2024-03-23 17:50:00,0,0,24,35,62,0,0,18,139
2024-03-23 18:00:00,0,0,28,30,68,0,0,24,150
2024-03-23 18:10:00,0,0,27,28,68,0,0,22,145
2024-03-23 18:20:00,0,0,28,25,56,0,0,20,129
2024-03-23 18:30:00,0,0,25,26,69,0,0,16,136
2024-03-23 18:40:00,0,0,22,23,64,0,0,31,140
2024-03-23 18:50:00,0,0,20,26,51,0,0,25,122
2024-03-23 19:00:00,0,0,22,22,37,0,0,35,116
2024-03-23 19:10:00,0,0,30,47,37,0,0,21,135
2024-03-23 19:20:00,0,0,29,32,40,0,0,20,121
2024-03-23 19:30:00,0,0,19,39,50,0,0,18,126
2024-03-23 19:40:00,0,0,33,33,46,0,0,20,132
2024-03-23 19:50:00,0,0,34,38,56,0,0,24,152
2024-03-23 20:00:00,0,0,20,32,48,0,0,35,135
2024-03-23 20:10:00,0,0,31,45,56,0,0,29,161
2024-03-23 20:20:00,0,0,30,38,30,0,0,35,133
2024-03-23 20:30:00,0,0,28,32,36,0,0,41,137
2024-03-23 20:40:00,0,0,19,33,32,0,0,29,113
2024-03-23 20:50:00,0,0,16,30,36,0,0,34,116
2024-03-23 21:00:00,0,0,29,25,39,0,0,29,122
2024-03-23 21:10:00,0,0,19,27,34,0,0,31,111
2024-03-23 21:20:00,0,0,16,19,34,0,0,37,106
2024-03-23 21:30:00,0,0,20,16,24,0,0,30,90
2024-03-23 21:40:00,0,0,26,24,33,0,0,36,119
2024-03-23 21:50:00,0,0,14,13,33,0,0,26,86
2024-03-23 22:00:00,0,0,17,14,28,0,0,20,79
2024-03-23 22:10:00,0,0,20,12,26,0,0,24,82
2024-03-23 22:20:00,0,0,24,30,32,0,0,17,103
2024-03-23 22:30:00,0,0,21,21,24,0,0,16,82
2024-03-23 22:40:00,0,0,26,17,58,0,0,23,124
2024-03-23 22:50:00,0,0,24,28,47,0,0,25,124
2024-03-23 23:00:00,0,0,25,27,44,0,0,23,119
2024-03-23 23:10:00,0,0,32,29,42,0,0,23,126
2024-03-23 23:20:00,0,0,27,33,29,0,0,36,125
2024-03-23 23:30:00,0,0,35,33,31,0,0,35,134
2024-03-23 23:40:00,0,0,23,29,35,0,0,21,108
2024-03-23 23:50:00,0,0,17,18,45,0,0,31,111
2024-03-24 00:00:00,0,0,19,11,36,0,0,22,88
2024-03-24 00:10:00,0,0,20,21,15,0,0,19,75
2024-03-24 00:20:00,0,0,20,19,17,0,0,20,76
2024-03-24 00:30:00,0,0,18,16,12,0,0,26,72
2024-03-24 00:40:00,0,0,20,16,19,0,0,30,85
2024-03-24 00:50:00,0,0,23,16,20,0,0,25,84
2024-03-24 01:00:00,0,0,15,20,23,0,0,30,88
2024-03-24 01:10:00,0,0,17,15,14,0,0,21,67
2024-03-24 01:20:00,0,0,10,12,9,0,0,10,41
2024-03-24 01:30:00,0,0,13,9,12,0,0,22,56
2024-03-24 01:40:00,0,0,14,9,18,0,0,21,62
2024-03-24 01:50:00,0,0,7,10,8,0,0,16,41
2024-03-24 02:00:00,0,0,16,9,16,0,0,12,53
2024-03-24 02:10:00,0,0,11,4,8,0,0,9,32
2024-03-24 02:20:00,0,0,12,6,10,0,0,12,40
2024-03-24 02:30:00,0,0,8,6,9,0,0,9,32
2024-03-24 02:40:00,0,0,1,4,6,0,0,9,20
2024-03-24 02:50:00,0,0,16,11,7,0,0,13,47
2024-03-24 03:00:00,0,0,7,14,6,0,0,13,40
2024-03-24 03:10:00,0,0,9,6,9,0,0,10,34
2024-03-24 03:20:00,0,0,8,15,7,0,0,5,35
2024-03-24 03:30:00,0,0,8,15,7,0,0,13,43
2024-03-24 03:40:00,0,0,8,9,3,0,0,5,25
2024-03-24 03:50:00,0,0,2,8,3,0,0,7,20
2024-03-24 04:00:00,0,0,7,8,4,0,0,9,28
2024-03-24 04:10:00,0,0,2,2,6,0,0,2,12
2024-03-24 04:20:00,0,0,6,6,3,0,0,10,25
2024-03-24 04:30:00,0,0,5,5,5,0,0,8,23
2024-03-24 04:40:00,0,0,10,8,3,0,0,7,28
2024-03-24 04:50:00,0,0,11,9,2,0,0,8,30
2024-03-24 05:00:00,0,0,5,10,2,0,0,1,18
2024-03-24 05:10:00,0,0,12,6,3,0,0,9,30
2024-03-24 05:20:00,0,0,19,3,9,0,0,11,42
2024-03-24 05:30:00,0,0,11,5,6,0,0,7,29
2024-03-24 05:40:00,0,0,13,9,8,0,0,5,35
2024-03-24 05:50:00,0,0,7,2,4,0,0,7,20
2024-03-24 06:00:00,0,0,12,7,4,0,0,4,27
2024-03-24 06:10:00,0,0,8,5,8,0,0,7,28
2024-03-24 06:20:00,0,0,7,3,7,0,0,8,25
2024-03-24 06:30:00,0,0,5,9,8,0,0,6,28
2024-03-24 06:40:00,0,0,5,3,9,0,0,7,24
2024-03-24 06:50:00,0,0,4,4,3,0,0,6,17
2024-03-24 07:00:00,0,0,0,2,7,0,0,2,11
2024-03-24 07:10:00,0,0,4,5,6,0,0,3,18
2024-03-24 07:20:00,0,0,8,6,4,0,0,8,26
2024-03-24 07:30:00,0,0,5,7,4,0,0,10,26
2024-03-24 07:40:00,0,0,8,5,6,0,0,7,26
2024-03-24 07:50:00,0,0,12,8,5,0,0,7,32
2024-03-24 08:00:00,0,0,8,10,4,0,0,4,26
2024-03-24 08:10:00,0,0,7,7,7,0,0,7,28
2024-03-24 08:20:00,0,0,7,7,7,0,0,9,30
2024-03-24 08:30:00,0,0,29,6,7,0,0,8,50
2024-03-24 08:40:00,0,0,7,4,6,0,0,8,25
2024-03-24 08:50:00,0,0,13,13,20,0,0,10,56
2024-03-24 09:00:00,0,0,15,12,16,0,0,9,52
2024-03-24 09:10:00,0,0,19,15,9,0,0,12,55
2024-03-24 09:20:00,0,0,12,12,11,0,0,18,53
2024-03-24 09:30:00,0,0,19,17,10,0,0,16,62
2024-03-24 09:40:00,0,0,18,17,25,0,0,22,82
2024-03-24 09:50:00,0,0,16,18,21,0,0,21,76
2024-03-24 10:00:00,0,0,17,15,32,0,0,23,87
2024-03-24 10:10:00,0,0,13,16,20,0,0,17,66
2024-03-24 10:20:00,0,0,20,24,33,0,0,13,90
2024-03-24 10:30:00,0,0,17,18,16,0,0,20,71
2024-03-24 10:40:00,0,0,18,19,22,0,0,21,80
2024-03-24 10:50:00,0,0,18,22,22,0,0,16,78
2024-03-24 11:00:00,0,0,21,21,19,0,0,23,84
2024-03-24 11:10:00,0,0,14,20,30,0,0,19,83
2024-03-24 11:20:00,0,0,17,20,34,0,0,19,90
2024-03-24 11:30:00,0,0,21,16,28,0,0,19,84
2024-03-24 11:40:00,0,0,25,28,43,0,0,21,117
2024-03-24 11:50:00,0,0,28,26,48,0,0,26,128
2024-03-24 12:00:00,0,0,16,20,24,0,0,17,77
2024-03-24 12:10:00,0,0,17,30,43,0,0,21,111
2024-03-24 12:20:00,0,0,24,29,30,0,0,16,99
2024-03-24 12:30:00,0,0,20,22,35,0,0,24,101
2024-03-24 12:40:00,0,0,19,27,29,0,0,24,99
2024-03-24 12:50:00,0,0,24,23,46,0,0,18,111
2024-03-24 13:00:00,0,0,28,32,45,0,0,20,125
2024-03-24 13:10:00,0,0,23,22,40,0,0,15,100
2024-03-24 13:20:00,0,0,20,28,39,0,0,23,110
2024-03-24 13:30:00,0,0,24,25,44,0,0,19,112
2024-03-24 13:40:00,0,0,28,26,47,0,0,25,126
2024-03-24 13:50:00,0,0,26,25,34,0,0,18,103
2024-03-24 14:00:00,0,0,24,27,45,0,0,19,115
2024-03-24 14:10:00,0,0,25,26,56,0,0,20,127
2024-03-24 14:20:00,0,0,18,26,49,0,0,18,111
2024-03-24 14:30:00,0,0,11,30,60,0,0,21,122
2024-03-24 14:40:00,0,0,19,32,52,0,0,17,120
2024-03-24 14:50:00,0,0,21,27,59,0,0,27,134
2024-03-24 15:00:00,0,0,24,21,47,0,0,20,112
2024-03-24 15:10:00,0,0,20,19,44,0,0,18,101
2024-03-24 15:20:00,0,0,22,26,45,0,0,57,150
2024-03-24 15:30:00,0,0,21,24,48,0,0,21,114
2024-03-24 15:40:00,0,0,18,23,50,0,0,23,114
2024-03-24 15:50:00,0,0,19,21,33,0,0,20,93
2024-03-24 16:00:00,0,0,24,32,45,0,0,23,124
2024-03-24 16:10:00,0,0,29,28,41,0,0,17,115
2024-03-24 16:20:00,0,0,26,26,42,0,0,22,116
2024-03-24 16:30:00,0,0,21,27,54,0,0,24,126
2024-03-24 16:40:00,0,0,22,20,36,0,0,17,95
2024-03-24 16:50:00,0,0,18,22,45,0,0,22,107
2024-03-24 17:00:00,0,0,20,28,52,0,0,26,126
2024-03-24 17:10:00,0,0,19,25,44,0,0,19,107
2024-03-24 17:20:00,0,0,24,33,53,0,0,21,131
2024-03-24 17:30:00,0,0,33,32,65,0,0,23,153
2024-03-24 17:40:00,0,0,29,24,49,0,0,29,131
2024-03-24 17:50:00,0,0,17,22,43,0,0,19,101
2024-03-24 18:00:00,0,0,21,17,35,0,0,25,98
2024-03-24 18:10:00,0,0,23,30,57,0,0,18,128
2024-03-24 18:20:00,0,0,22,24,39,0,0,16,101
2024-03-24 18:30:00,0,0,20,18,44,0,0,24,106
2024-03-24 18:40:00,0,0,20,23,43,0,0,20,106
2024-03-24 18:50:00,0,0,24,29,34,0,0,23,110
2024-03-24 19:00:00,0,0,22,25,34,0,0,26,107
2024-03-24 19:10:00,0,0,26,29,28,0,0,24,107
2024-03-24 19:20:00,0,0,31,31,37,0,0,30,129
2024-03-24 19:30:00,0,0,27,21,26,0,0,33,107
2024-03-24 19:40:00,0,0,29,41,36,0,0,22,128
2024-03-24 19:50:00,0,0,24,32,43,0,0,34,133
2024-03-24 20:00:00,0,0,23,25,50,0,0,30,128
2024-03-24 20:10:00,0,0,19,36,44,0,0,31,130
2024-03-24 20:20:00,0,0,24,29,28,0,0,23,104
2024-03-24 20:30:00,0,0,25,36,36,0,0,19,116
2024-03-24 20:40:00,0,0,23,25,27,0,0,23,98
2024-03-24 20:50:00,0,0,19,24,36,0,0,20,99
2024-03-24 21:00:00,0,0,8,15,31,0,0,23,77
2024-03-24 21:10:00,0,0,22,26,20,0,0,20,88
2024-03-24 21:20:00,0,0,16,18,17,0,0,19,70
2024-03-24 21:30:00,0,0,16,16,29,0,0,22,83
2024-03-24 21:40:00,0,0,19,27,19,0,0,16,81
2024-03-24 21:50:00,0,0,14,17,15,0,0,17,63
2024-03-24 22:00:00,0,0,23,27,25,0,0,21,96
2024-03-24 22:10:00,0,0,17,20,24,0,0,20,81
2024-03-24 22:20:00,0,0,15,17,6,0,0,29,67
2024-03-24 22:30:00,0,0,7,9,20,0,0,20,56
2024-03-24 22:40:00,0,0,20,14,19,0,0,20,73
2024-03-24 22:50:00,0,0,12,11,25,0,0,16,64
2024-03-24 23:00:00,0,0,12,19,14,0,0,15,60
2024-03-24 23:10:00,0,0,10,9,15,0,0,11,45
2024-03-24 23:20:00,0,0,11,6,11,0,0,5,33
2024-03-24 23:30:00,0,0,13,14,12,0,0,15,54
2024-03-24 23:40:00,0,0,8,5,15,0,0,9,37
2024-03-24 23:50:00,0,0,11,8,15,0,0,9,43
2024-03-25 00:00:00,0,0,8,9,6,0,0,5,28
2024-03-25 00:10:00,0,0,8,5,6,0,0,7,26
2024-03-25 00:20:00,0,0,0,3,4,0,0,5,12
2024-03-25 00:30:00,0,0,8,3,7,0,0,10,28
2024-03-25 00:40:00,0,0,15,9,7,0,0,3,34
2024-03-25 00:50:00,0,0,3,5,2,0,0,3,13
2024-03-25 01:00:00,0,0,1,4,4,0,0,0,9
2024-03-25 01:10:00,0,0,6,5,5,0,0,8,24
2024-03-25 01:20:00,0,0,2,7,4,0,0,5,18
2024-03-25 01:30:00,0,0,3,3,4,0,0,5,15
2024-03-25 01:40:00,0,0,2,13,6,0,0,5,26
2024-03-25 01:50:00,0,0,2,4,7,0,0,6,19
2024-03-25 02:00:00,0,0,13,9,3,0,0,4,29
2024-03-25 02:10:00,0,0,6,3,3,0,0,5,17
2024-03-25 02:20:00,0,0,3,4,1,0,0,1,9
2024-03-25 02:30:00,0,0,5,8,5,0,0,3,21
2024-03-25 02:40:00,0,0,7,4,1,0,0,3,15
2024-03-25 02:50:00,0,0,1,0,3,0,0,5,9
2024-03-25 03:00:00,0,0,0,0,2,0,0,1,3
2024-03-25 03:10:00,0,0,7,3,3,0,0,5,18
2024-03-25 03:20:00,0,0,5,4,3,0,0,2,14
2024-03-25 03:30:00,0,0,3,2,3,0,0,1,9
2024-03-25 03:40:00,0,0,1,0,3,0,0,4,8
2024-03-25 03:50:00,0,0,8,13,3,0,0,2,26
2024-03-25 04:00:00,0,0,4,9,4,0,0,2,19
2024-03-25 04:10:00,0,0,6,5,4,0,0,2,17
2024-03-25 04:20:00,0,0,8,9,0,0,0,5,22
2024-03-25 04:30:00,0,0,9,16,6,0,0,11,42
2024-03-25 04:40:00,0,0,8,13,3,0,0,4,28
2024-03-25 04:50:00,0,0,11,18,2,0,0,5,36
2024-03-25 05:00:00,0,0,10,12,5,0,0,10,37
2024-03-25 05:10:00,0,0,12,11,6,0,0,10,39
2024-03-25 05:20:00,0,0,19,35,4,0,0,12,70
2024-03-25 05:30:00,0,0,19,36,8,0,0,25,88
2024-03-25 05:40:00,0,0,24,42,15,0,0,17,98
2024-03-25 05:50:00,0,0,22,43,11,0,0,25,101
2024-03-25 06:00:00,0,0,19,31,13,0,0,18,81
2024-03-25 06:10:00,0,0,25,35,18,0,0,13,91
2024-03-25 06:20:00,0,0,23,31,20,0,0,15,89
2024-03-25 06:30:00,0,0,33,40,30,0,0,16,119
2024-03-25 06:40:00,0,0,36,39,39,0,0,12,126
2024-03-25 06:50:00,0,0,46,68,29,0,0,19,162
2024-03-25 07:00:00,0,0,37,69,39,0,0,19,164
2024-03-25 07:10:00,0,0,36,53,37,0,0,12,138
2024-03-25 07:20:00,0,0,44,67,36,0,0,23,170
2024-03-25 07:30:00,0,0,32,66,41,0,0,20,159
2024-03-25 07:40:00,0,0,48,55,56,0,0,14,173
2024-03-25 07:50:00,0,0,51,61,33,0,0,17,162
2024-03-25 08:00:00,0,0,49,71,45,0,0,18,183
2024-03-25 08:10:00,0,0,32,48,38,0,0,17,135
2024-03-25 08:20:00,0,0,45,61,44,0,0,16,166
2024-03-25 08:30:00,0,0,40,70,50,0,0,31,191
2024-03-25 08:40:00,0,0,43,66,46,0,0,12,167
2024-03-25 08:50:00,0,0,39,48,38,0,0,14,139
2024-03-25 09:00:00,0,0,41,59,39,0,0,14,153
2024-03-25 09:10:00,0,0,35,52,44,0,0,18,149
2024-03-25 09:20:00,0,0,32,45,33,0,0,19,129
2024-03-25 09:30:00,0,0,27,36,35,0,0,23,121
2024-03-25 09:40:00,0,0,26,31,41,0,0,17,115
2024-03-25 09:50:00,0,0,19,27,46,0,0,17,109
2024-03-25 10:00:00,0,0,32,38,21,0,0,24,115
2024-03-25 10:10:00,0,0,31,39,33,0,0,23,126
2024-03-25 10:20:00,0,0,31,30,51,0,0,15,127
2024-03-25 10:30:00,0,0,22,38,72,0,0,22,154
2024-03-25 10:40:00,0,0,37,35,64,0,0,21,157
2024-03-25 10:50:00,0,0,21,32,44,0,0,15,112
2024-03-25 11:00:00,0,0,30,28,57,0,0,16,131
2024-03-25 11:10:00,0,0,23,24,54,0,0,19,120
2024-03-25 11:20:00,0,0,27,35,57,0,0,28,147
2024-03-25 11:30:00,0,0,37,33,74,0,0,15,159
2024-03-25 11:40:00,0,0,22,28,57,0,0,22,129
2024-03-25 11:50:00,0,0,24,33,63,0,0,14,134
2024-03-25 12:00:00,0,0,29,34,52,0,0,27,142
2024-03-25 12:10:00,0,0,28,34,63,0,0,20,145
2024-03-25 12:20:00,0,0,25,32,67,0,0,20,144
2024-03-25 12:30:00,0,0,32,35,64,0,0,20,151
2024-03-25 12:40:00,0,0,26,30,58,0,0,15,129
2024-03-25 12:50:00,0,0,27,33,53,0,0,18,131
2024-03-25 13:00:00,0,0,27,35,57,0,0,24,143
2024-03-25 13:10:00,0,0,17,25,67,0,0,18,127
2024-03-25 13:20:00,0,0,26,43,42,0,0,19,130
2024-03-25 13:30:00,0,0,31,35,81,0,0,24,171
2024-03-25 13:40:00,0,0,26,43,75,0,0,23,167
2024-03-25 13:50:00,0,0,31,38,74,0,0,21,164
2024-03-25 14:00:00,0,0,28,36,67,0,0,17,148
2024-03-25 14:10:00,0,0,34,41,66,0,0,16,157
2024-03-25 14:20:00,0,0,21,35,64,0,0,18,138
2024-03-25 14:30:00,0,0,29,41,73,0,0,22,165
2024-03-25 14:40:00,0,0,29,42,88,0,0,25,184
2024-03-25 14:50:00,0,0,29,43,87,0,0,19,178
2024-03-25 15:00:00,0,0,19,37,91,0,0,24,171
2024-03-25 15:10:00,0,0,20,28,76,0,0,17,141
2024-03-25 15:20:00,0,0,27,38,97,0,0,15,177
2024-03-25 15:30:00,0,0,30,41,81,0,0,15,167
2024-03-25 15:40:00,0,0,36,39,95,0,0,14,184
2024-03-25 15:50:00,0,0,37,35,115,0,0,14,201
2024-03-25 16:00:00,0,0,32,39,100,0,0,17,188
2024-03-25 16:10:00,0,0,29,39,101,0,0,21,190
2024-03-25 16:20:00,0,0,36,44,87,0,0,17,184
2024-03-25 16:30:00,0,0,31,37,97,0,0,12,177
2024-03-25 16:40:00,0,0,28,41,73,0,0,19,161
2024-03-25 16:50:00,0,0,41,51,86,0,0,15,193
2024-03-25 17:00:00,0,0,29,33,92,0,0,12,166
2024-03-25 17:10:00,0,0,27,30,84,0,0,17,158
2024-03-25 17:20:00,0,0,31,33,96,0,0,17,177
2024-03-25 17:30:00,0,0,28,38,75,0,0,13,154
2024-03-25 17:40:00,0,0,26,32,98,0,0,12,168
2024-03-25 17:50:00,0,0,28,35,70,0,0,14,147
2024-03-25 18:00:00,0,0,20,31,105,0,0,12,168
2024-03-25 18:10:00,0,0,35,34,69,0,0,16,154
2024-03-25 18:20:00,0,0,30,27,80,0,0,10,147
2024-03-25 18:30:00,0,0,25,26,75,0,0,12,138
2024-03-25 18:40:00,0,0,25,27,58,0,0,10,120
2024-03-25 18:50:00,0,0,22,26,42,0,0,12,102
2024-03-25 19:00:00,0,0,28,25,60,0,0,13,126
2024-03-25 19:10:00,0,0,21,23,61,0,0,24,129
2024-03-25 19:20:00,0,0,27,38,49,0,0,19,133
2024-03-25 19:30:00,0,0,27,36,59,0,0,19,141
2024-03-25 19:40:00,0,0,23,26,25,0,0,20,94
2024-03-25 19:50:00,0,0,23,31,35,0,0,24,113
2024-03-25 20:00:00,0,0,25,29,50,0,0,22,126
2024-03-25 20:10:00,0,0,21,18,39,0,0,30,108
2024-03-25 20:20:00,0,0,23,17,28,0,0,29,97
2024-03-25 20:30:00,0,0,22,35,30,0,0,29,116
2024-03-25 20:40:00,0,0,24,17,28,0,0,22,91
2024-03-25 20:50:00,0,0,15,25,25,0,0,23,88
2024-03-25 21:00:00,0,0,18,26,27,0,0,24,95
2024-03-25 21:10:00,0,0,22,28,23,0,0,21,94
2024-03-25 21:20:00,0,0,21,15,35,0,0,27,98
2024-03-25 21:30:00,0,0,23,13,27,0,0,26,89
2024-03-25 21:40:00,0,0,20,21,14,0,0,23,78
2024-03-25 21:50:00,0,0,17,17,37,0,0,15,86
2024-03-25 22:00:00,0,0,12,20,20,0,0,17,69
2024-03-25 22:10:00,0,0,14,22,19,0,0,23,78
2024-03-25 22:20:00,0,0,18,9,29,0,0,19,75
2024-03-25 22:30:00,0,0,23,16,27,0,0,22,88
2024-03-25 22:40:00,0,0,18,13,20,0,0,15,66
2024-03-25 22:50:00,0,0,18,15,14,0,0,21,68
2024-03-25 23:00:00,0,0,31,26,33,0,0,36,126
2024-03-25 23:10:00,0,0,21,33,27,0,0,23,104
2024-03-25 23:20:00,0,0,25,11,19,0,0,23,78
2024-03-25 23:30:00,0,0,14,7,9,0,0,6,36
2024-03-25 23:40:00,0,0,9,11,10,0,0,15,45
2024-03-25 23:50:00,0,0,3,5,12,0,0,8,28
2024-03-26 00:00:00,0,0,6,20,10,0,0,11,47
2024-03-26 00:10:00,0,0,8,9,16,0,0,11,44
2024-03-26 00:20:00,0,0,10,7,6,0,0,6,29
2024-03-26 00:30:00,0,0,5,5,9,0,0,10,29
2024-03-26 00:40:00,0,0,7,2,6,0,0,6,21
2024-03-26 00:50:00,0,0,4,3,4,0,0,10,21
2024-03-26 01:00:00,0,0,5,2,4,0,0,10,21
2024-03-26 01:10:00,0,0,4,6,5,0,0,4,19
2024-03-26 01:20:00,0,0,4,2,3,0,0,2,11
2024-03-26 01:30:00,0,0,5,5,3,0,0,1,14
2024-03-26 01:40:00,0,0,5,3,4,0,0,2,14
2024-03-26 01:50:00,0,0,6,6,7,0,0,2,21
2024-03-26 02:00:00,0,0,8,8,1,0,0,9,26
2024-03-26 02:10:00,0,0,7,2,4,0,0,3,16
2024-03-26 02:20:00,0,0,3,7,2,0,0,2,14
2024-03-26 02:30:00,0,0,3,2,4,0,0,3,12
2024-03-26 02:40:00,0,0,3,2,1,0,0,2,8
2024-03-26 02:50:00,0,0,2,0,3,0,0,2,7
2024-03-26 03:00:00,0,0,2,8,0,0,0,1,11
2024-03-26 03:10:00,0,0,6,5,2,0,0,2,15
2024-03-26 03:20:00,0,0,2,5,4,0,0,4,15
2024-03-26 03:30:00,0,0,1,3,3,0,0,2,9
2024-03-26 03:40:00,0,0,3,5,1,0,0,1,10
2024-03-26 03:50:00,0,0,9,15,3,0,0,6,33
2024-03-26 04:00:00,0,0,4,5,0,0,0,2,11
2024-03-26 04:10:00,0,0,8,13,2,0,0,3,26
2024-03-26 04:20:00,0,0,7,10,5,0,0,4,26
2024-03-26 04:30:00,0,0,8,4,2,0,0,5,19
2024-03-26 04:40:00,0,0,11,15,4,0,0,5,35
2024-03-26 04:50:00,0,0,11,6,5,0,0,3,25
2024-03-26 05:00:00,0,0,16,22,9,0,0,10,57
2024-03-26 05:10:00,0,0,20,20,5,0,0,6,51
2024-03-26 05:20:00,0,0,19,27,9,0,0,10,65
2024-03-26 05:30:00,0,0,26,42,16,0,0,19,103
2024-03-26 05:40:00,0,0,34,45,11,0,0,16,106
2024-03-26 05:50:00,0,0,25,31,17,0,0,19,92
2024-03-26 06:00:00,0,0,22,34,16,0,0,24,96
2024-03-26 06:10:00,0,0,21,26,25,0,0,16,88
2024-03-26 06:20:00,0,0,21,27,22,0,0,12,82
2024-03-26 06:30:00,0,0,33,30,24,0,0,10,97
2024-03-26 06:40:00,0,0,30,45,36,0,0,16,127
2024-03-26 06:50:00,0,0,28,38,36,0,0,17,119
2024-03-26 07:00:00,0,0,32,35,40,0,0,14,121
2024-03-26 07:10:00,0,0,33,44,37,0,0,14,128
2024-03-26 07:20:00,0,0,40,46,33,0,0,13,132
2024-03-26 07:30:00,0,0,36,50,44,0,0,17,147
2024-03-26 07:40:00,0,0,38,46,33,0,0,19,136
2024-03-26 07:50:00,0,0,25,38,54,0,0,11,128
2024-03-26 08:00:00,0,0,28,36,36,0,0,18,118
2024-03-26 08:10:00,0,0,38,41,37,0,0,19,135
2024-03-26 08:20:00,0,0,29,41,34,0,0,16,120
2024-03-26 08:30:00,0,0,30,36,49,0,0,12,127
2024-03-26 08:40:00,0,0,38,31,56,0,0,17,142
2024-03-26 08:50:00,0,0,34,47,58,0,0,16,155
2024-03-26 09:00:00,0,0,33,34,54,0,0,18,139
2024-03-26 09:10:00,0,0,36,35,41,0,0,18,130
2024-03-26 09:20:00,0,0,36,44,53,0,0,25,158
2024-03-26 09:30:00,0,0,31,44,26,0,0,23,124
2024-03-26 09:40:00,0,0,32,36,43,0,0,17,128
2024-03-26 09:50:00,0,0,30,32,58,0,0,22,142
2024-03-26 10:00:00,0,0,32,33,40,0,0,21,126
2024-03-26 10:10:00,0,0,31,39,52,0,0,16,138
2024-03-26 10:20:00,0,0,29,34,54,0,0,22,139
2024-03-26 10:30:00,0,0,25,36,44,0,0,19,124
2024-03-26 10:40:00,0,0,32,38,58,0,0,12,140
2024-03-26 10:50:00,0,0,32,28,66,0,0,37,163
2024-03-26 11:00:00,0,0,31,33,45,0,0,17,126
2024-03-26 11:10:00,0,0,23,34,54,0,0,27,138
2024-03-26 11:20:00,0,0,31,38,54,0,0,15,138
2024-03-26 11:30:00,0,0,21,28,61,0,0,19,129
2024-03-26 11:40:00,0,0,34,33,50,0,0,18,135
2024-03-26 11:50:00,0,0,24,38,51,0,0,13,126
2024-03-26 12:00:00,0,0,21,26,72,0,0,30,149
2024-03-26 12:10:00,0,0,31,33,66,0,0,15,145
2024-03-26 12:20:00,0,0,29,35,59,0,0,40,163
2024-03-26 12:30:00,0,0,41,31,68,0,0,48,188
2024-03-26 12:40:00,0,0,24,24,53,0,0,17,118
2024-03-26 12:50:00,0,0,35,33,71,0,0,11,150
2024-03-26 13:00:00,0,0,18,24,66,0,0,28,136
2024-03-26 13:10:00,0,0,23,29,74,0,0,10,136
2024-03-26 13:20:00,0,0,23,30,67,0,0,27,147
2024-03-26 13:30:00,0,0,31,37,58,0,0,24,150
2024-03-26 13:40:00,0,0,27,33,57,0,0,15,132
2024-03-26 13:50:00,0,0,21,30,73,0,0,20,144
2024-03-26 14:00:00,0,0,23,30,63,0,0,15,131
2024-03-26 14:10:00,0,0,30,36,77,0,0,16,159
2024-03-26 14:20:00,0,0,29,30,75,0,0,16,150
2024-03-26 14:30:00,0,0,37,39,68,0,0,21,165
2024-03-26 14:40:00,0,0,24,35,68,0,0,17,144
2024-03-26 14:50:00,0,0,20,27,89,0,0,11,147
2024-03-26 15:00:00,0,0,27,28,66,0,0,25,146
2024-03-26 15:10:00,0,0,24,23,90,0,0,16,153
2024-03-26 15:20:00,0,0,23,27,115,0,0,18,183
2024-03-26 15:30:00,0,0,32,40,95,0,0,18,185
2024-03-26 15:40:00,0,0,38,40,91,0,0,53,222
2024-03-26 15:50:00,0,0,29,33,101,0,0,15,178
2024-03-26 16:00:00,0,0,32,37,77,0,0,13,159
2024-03-26 16:10:00,0,0,22,28,82,0,0,15,147
2024-03-26 16:20:00,0,0,39,37,125,0,0,5,206
2024-03-26 16:30:00,0,0,42,37,96,0,0,16,191
2024-03-26 16:40:00,0,0,24,34,106,0,0,15,179
2024-03-26 16:50:00,0,0,26,45,97,0,0,19,187
2024-03-26 17:00:00,0,0,31,34,72,0,0,16,153
2024-03-26 17:10:00,0,0,28,27,100,0,0,13,168
2024-03-26 17:20:00,0,0,28,37,105,0,0,15,185
2024-03-26 17:30:00,0,0,26,30,102,0,0,18,176
2024-03-26 17:40:00,0,0,31,32,82,0,0,16,161
2024-03-26 17:50:00,0,0,29,33,85,0,0,16,163
2024-03-26 18:00:00,0,0,33,38,69,0,0,15,155
2024-03-26 18:10:00,0,0,28,35,92,0,0,16,171
2024-03-26 18:20:00,0,0,23,21,108,0,0,13,165
2024-03-26 18:30:00,0,0,32,25,71,0,0,19,147
2024-03-26 18:40:00,0,0,25,27,70,0,0,20,142
2024-03-26 18:50:00,0,0,24,26,49,0,0,13,112
2024-03-26 19:00:00,0,0,27,29,62,0,0,31,149
2024-03-26 19:10:00,0,0,29,25,62,0,0,20,136
2024-03-26 19:20:00,0,0,21,28,46,0,0,31,126
2024-03-26 19:30:00,0,0,26,30,53,0,0,26,135
2024-03-26 19:40:00,0,0,27,35,41,0,0,18,121
2024-03-26 19:50:00,0,0,22,31,46,0,0,13,112
2024-03-26 20:00:00,0,0,26,28,40,0,0,24,118
2024-03-26 20:10:00,0,0,19,32,46,0,0,28,125
2024-03-26 20:20:00,0,0,29,27,43,0,0,30,129
2024-03-26 20:30:00,0,0,25,38,33,0,0,40,136
2024-03-26 20:40:00,0,0,27,16,25,0,0,32,100
2024-03-26 20:50:00,0,0,16,31,21,0,0,27,95
2024-03-26 21:00:00,0,0,33,21,28,0,0,27,109
2024-03-26 21:10:00,0,0,14,24,29,0,0,20,87
2024-03-26 21:20:00,0,0,21,24,35,0,0,24,104
2024-03-26 21:30:00,0,0,11,23,22,0,0,28,84
2024-03-26 21:40:00,0,0,29,19,17,0,0,18,83
2024-03-26 21:50:00,0,0,14,15,35,0,0,22,86
2024-03-26 22:00:00,0,0,20,25,24,0,0,25,94
2024-03-26 22:10:00,0,0,14,13,29,0,0,28,84
2024-03-26 22:20:00,0,0,18,21,32,0,0,22,93
2024-03-26 22:30:00,0,0,10,6,19,0,0,33,68
2024-03-26 22:40:00,0,0,14,13,23,0,0,14,64
2024-03-26 22:50:00,0,0,12,15,15,0,0,32,74
2024-03-26 23:00:00,0,0,12,12,16,0,0,28,68
2024-03-26 23:10:00,0,0,13,19,22,0,0,19,73
2024-03-26 23:20:00,0,0,13,8,24,0,0,16,61
2024-03-26 23:30:00,0,0,13,13,15,0,0,16,57
2024-03-26 23:40:00,0,0,6,11,8,0,0,13,38
2024-03-26 23:50:00,0,0,11,2,4,0,0,15,32
2024-03-27 00:00:00,0,0,12,14,9,0,0,8,43
2024-03-27 00:10:00,0,0,13,7,7,0,0,10,37
2024-03-27 00:20:00,0,0,5,8,12,0,0,15,40
2024-03-27 00:30:00,0,0,11,8,5,0,0,5,29
2024-03-27 00:40:00,0,0,4,6,7,0,0,10,27
2024-03-27 00:50:00,0,0,6,4,6,0,0,2,18
2024-03-27 01:00:00,0,0,4,3,4,0,0,7,18
2024-03-27 01:10:00,0,0,5,8,4,0,0,3,20
2024-03-27 01:20:00,0,0,13,5,5,0,0,7,30
2024-03-27 01:30:00,0,0,6,5,2,0,0,5,18
2024-03-27 01:40:00,0,0,3,5,5,0,0,6,19
2024-03-27 01:50:00,0,0,2,0,1,0,0,6,9
2024-03-27 02:00:00,0,0,6,3,4,0,0,3,16
2024-03-27 02:10:00,0,0,2,2,3,0,0,6,13
2024-03-27 02:20:00,0,0,3,6,4,0,0,3,16
2024-03-27 02:30:00,0,0,6,5,4,0,0,4,19
2024-03-27 02:40:00,0,0,4,4,2,0,0,0,10
2024-03-27 02:50:00,0,0,3,2,3,0,0,5,13
2024-03-27 03:00:00,0,0,4,1,2,0,0,4,11
2024-03-27 03:10:00,0,0,4,3,0,0,0,6,13
2024-03-27 03:20:00,0,0,0,4,0,0,0,2,6
2024-03-27 03:30:00,0,0,2,3,4,0,0,3,12
2024-03-27 03:40:00,0,0,2,7,2,0,0,2,13
2024-03-27 03:50:00,0,0,1,6,3,0,0,3,13
2024-03-27 04:00:00,0,0,3,3,1,0,0,3,10
2024-03-27 04:10:00,0,0,2,7,4,0,0,3,16
2024-03-27 04:20:00,0,0,13,16,2,0,0,7,38
2024-03-27 04:30:00,0,0,5,11,4,0,0,9,29
2024-03-27 04:40:00,0,0,8,9,3,0,0,7,27
2024-03-27 04:50:00,0,0,10,17,4,0,0,3,34
2024-03-27 05:00:00,0,0,16,12,4,0,0,13,45
2024-03-27 05:10:00,0,0,15,25,6,0,0,8,54
2024-03-27 05:20:00,0,0,18,29,7,0,0,10,64
2024-03-27 05:30:00,0,0,15,31,12,0,0,21,79
2024-03-27 05:40:00,0,0,27,40,16,0,0,21,104
2024-03-27 05:50:00,0,0,26,40,9,0,0,18,93
2024-03-27 06:00:00,0,0,27,32,20,0,0,22,101
2024-03-27 06:10:00,0,0,15,21,28,0,0,12,76
2024-03-27 06:20:00,0,0,21,30,29,0,0,19,99
2024-03-27 06:30:00,0,0,29,32,29,0,0,21,111
2024-03-27 06:40:00,0,0,34,37,43,0,0,19,133
2024-03-27 06:50:00,0,0,38,56,38,0,0,18,150
2024-03-27 07:00:00,0,0,34,38,29,0,0,14,115
2024-03-27 07:10:00,0,0,23,33,41,0,0,21,118
2024-03-27 07:20:00,0,0,38,53,22,0,0,12,125
2024-03-27 07:30:00,0,0,30,47,59,0,0,20,156
2024-03-27 07:40:00,0,0,40,45,53,0,0,10,148
2024-03-27 07:50:00,0,0,26,38,43,0,0,15,122
2024-03-27 08:00:00,0,0,34,36,32,0,0,20,122
2024-03-27 08:10:00,0,0,35,44,30,0,0,17,126
2024-03-27 08:20:00,0,0,29,35,41,0,0,22,127
2024-03-27 08:30:00,0,0,37,48,33,0,0,13,131
2024-03-27 08:40:00,0,0,35,34,40,0,0,22,131
2024-03-27 08:50:00,0,0,37,47,50,0,0,15,149
2024-03-27 09:00:00,0,0,36,39,37,0,0,18,130
2024-03-27 09:10:00,0,0,30,35,48,0,0,20,133
2024-03-27 09:20:00,0,0,37,43,38,0,0,19,137
2024-03-27 09:30:00,0,0,27,35,44,0,0,25,131
2024-03-27 09:40:00,0,0,30,46,51,0,0,16,143
2024-03-27 09:50:00,0,0,26,42,47,0,0,19,134
2024-03-27 10:00:00,0,0,24,30,57,0,0,17,128
2024-03-27 10:10:00,0,0,25,23,50,0,0,20,118
2024-03-27 10:20:00,0,0,22,37,66,0,0,18,143
2024-03-27 10:30:00,0,0,29,32,62,0,0,15,138
2024-03-27 10:40:00,0,0,31,37,68,0,0,21,157
2024-03-27 10:50:00,0,0,22,32,64,0,0,20,138
2024-03-27 11:00:00,0,0,40,37,52,0,0,21,150
2024-03-27 11:10:00,0,0,33,29,62,0,0,14,138
2024-03-27 11:20:00,0,0,33,35,68,0,0,11,147
2024-03-27 11:30:00,0,0,34,24,64,0,0,24,146
2024-03-27 11:40:00,0,0,23,21,61,0,0,9,114
2024-03-27 11:50:00,0,0,22,30,57,0,0,17,126
2024-03-27 12:00:00,0,0,25,25,61,0,0,19,130
2024-03-27 12:10:00,0,0,34,27,84,0,0,15,160
2024-03-27 12:20:00,0,0,31,40,61,0,0,16,148
2024-03-27 12:30:00,0,0,32,36,55,0,0,13,136
2024-03-27 12:40:00,0,0,24,31,71,0,0,16,142
2024-03-27 12:50:00,0,0,27,28,70,0,0,13,138
2024-03-27 13:00:00,0,0,28,32,53,0,0,15,128
2024-03-27 13:10:00,0,0,31,31,79,0,0,21,162
2024-03-27 13:20:00,0,0,31,35,62,0,0,11,139
2024-03-27 13:30:00,0,0,26,36,79,0,0,13,154
2024-03-27 13:40:00,0,0,39,34,71,0,0,16,160
2024-03-27 13:50:00,0,0,88,39,72,0,0,15,214
2024-03-27 14:00:00,0,0,22,32,69,0,0,21,144
2024-03-27 14:10:00,0,0,32,34,95,0,0,27,188
2024-03-27 14:20:00,0,0,23,26,77,0,0,23,149
2024-03-27 14:30:00,0,0,26,29,90,0,0,23,168
2024-03-27 14:40:00,0,0,30,28,67,0,0,22,147
2024-03-27 14:50:00,0,0,36,40,103,0,0,18,197
2024-03-27 15:00:00,0,0,20,22,90,0,0,10,142
2024-03-27 15:10:00,0,0,20,23,83,0,0,18,144
2024-03-27 15:20:00,0,0,28,29,85,0,0,12,154
2024-03-27 15:30:00,0,0,34,41,95,0,0,21,191
2024-03-27 15:40:00,0,0,40,34,81,0,0,15,170
2024-03-27 15:50:00,0,0,34,35,91,0,0,15,175
2024-03-27 16:00:00,0,0,45,38,109,0,0,24,216
2024-03-27 16:10:00,0,0,27,30,103,0,0,19,179
2024-03-27 16:20:00,0,0,33,35,85,0,0,25,178
2024-03-27 16:30:00,0,0,69,37,107,0,0,16,229
2024-03-27 16:40:00,0,0,20,33,88,0,0,17,158
2024-03-27 16:50:00,0,0,28,32,93,0,0,10,163
2024-03-27 17:00:00,0,0,25,30,88,0,0,10,153
2024-03-27 17:10:00,0,0,26,35,87,0,0,14,162
2024-03-27 17:20:00,0,0,21,42,90,0,0,6,159
2024-03-27 17:30:00,0,0,25,39,113,0,0,16,193
2024-03-27 17:40:00,0,0,23,38,66,0,0,18,145
2024-03-27 17:50:00,0,0,20,38,99,0,0,19,176
2024-03-27 18:00:00,0,0,27,32,103,0,0,17,179
2024-03-27 18:10:00,0,0,20,31,88,0,0,18,157
2024-03-27 18:20:00,0,0,17,26,80,0,0,21,144
2024-03-27 18:30:00,0,0,30,33,91,0,0,18,172
2024-03-27 18:40:00,0,0,18,25,69,0,0,19,131
2024-03-27 18:50:00,0,0,17,24,70,0,0,15,126
2024-03-27 19:00:00,0,0,17,33,60,0,0,18,128
2024-03-27 19:10:00,0,0,18,17,41,0,0,31,107
2024-03-27 19:20:00,0,0,16,26,53,0,0,20,115
2024-03-27 19:30:00,0,0,17,20,42,0,0,49,128
2024-03-27 19:40:00,0,0,21,22,46,0,0,17,106
2024-03-27 19:50:00,0,0,18,24,68,0,0,25,135
2024-03-27 20:00:00,0,0,25,29,32,0,0,31,117
2024-03-27 20:10:00,0,0,23,29,49,0,0,30,131
2024-03-27 20:20:00,0,0,21,19,41,0,0,32,113
2024-03-27 20:30:00,0,0,15,15,31,0,0,28,89
2024-03-27 20:40:00,0,0,13,22,38,0,0,28,101
2024-03-27 20:50:00,0,0,20,16,40,0,0,27,103
2024-03-27 21:00:00,0,0,16,12,26,0,0,21,75
2024-03-27 21:10:00,0,0,16,15,23,0,0,23,77
2024-03-27 21:20:00,0,0,12,16,32,0,0,25,85
2024-03-27 21:30:00,0,0,20,7,32,0,0,28,87
2024-03-27 21:40:00,0,0,18,27,21,0,0,30,96
2024-03-27 21:50:00,0,0,23,27,30,0,0,27,107
2024-03-27 22:00:00,0,0,21,19,43,0,0,26,109
2024-03-27 22:10:00,0,0,13,24,33,0,0,21,91
2024-03-27 22:20:00,0,0,13,16,34,0,0,24,87
2024-03-27 22:30:00,0,0,10,9,16,0,0,17,52
2024-03-27 22:40:00,0,0,13,10,25,0,0,20,68
2024-03-27 22:50:00,0,0,23,13,18,0,0,12,66
2024-03-27 23:00:00,0,0,15,27,14,0,0,27,83
2024-03-27 23:10:00,0,0,18,14,13,0,0,13,58
2024-03-27 23:20:00,0,0,11,23,11,0,0,26,71
2024-03-27 23:30:00,0,0,15,13,7,0,0,12,47
2024-03-27 23:40:00,0,0,8,15,7,0,0,8,38
2024-03-27 23:50:00,0,0,6,13,11,0,0,12,42
2024-03-28 00:00:00,0,0,9,5,10,0,0,8,32
2024-03-28 00:10:00,0,0,8,8,9,0,0,6,31
2024-03-28 00:20:00,0,0,11,6,7,0,0,9,33
2024-03-28 00:30:00,0,0,9,10,7,0,0,9,35
2024-03-28 00:40:00,0,0,5,5,9,0,0,8,27
2024-03-28 00:50:00,0,0,8,7,5,0,0,11,31
2024-03-28 01:00:00,0,0,4,4,9,0,0,14,31
2024-03-28 01:10:00,0,0,2,9,4,0,0,6,21
2024-03-28 01:20:00,0,0,4,9,4,0,0,12,29
2024-03-28 01:30:00,0,0,6,8,5,0,0,8,27
2024-03-28 01:40:00,0,0,6,3,3,0,0,7,19
2024-03-28 01:50:00,0,0,5,2,3,0,0,6,16
2024-03-28 02:00:00,0,0,3,5,4,0,0,6,18
2024-03-28 02:10:00,0,0,3,2,3,0,0,4,12
2024-03-28 02:20:00,0,0,2,9,4,0,0,4,19
2024-03-28 02:30:00,0,0,0,0,4,0,0,5,9
2024-03-28 02:40:00,0,0,2,3,3,0,0,5,13
2024-03-28 02:50:00,0,0,3,3,1,0,0,3,10
2024-03-28 03:00:00,0,0,4,3,2,0,0,2,11
2024-03-28 03:10:00,0,0,2,1,3,0,0,5,11
2024-03-28 03:20:00,0,0,2,4,3,0,0,3,12
2024-03-28 03:30:00,0,0,3,5,3,0,0,1,12
2024-03-28 03:40:00,0,0,2,2,3,0,0,4,11
2024-03-28 03:50:00,0,0,1,5,4,0,0,2,12
2024-03-28 04:00:00,0,0,7,7,1,0,0,0,15
2024-03-28 04:10:00,0,0,3,2,2,0,0,3,10
2024-03-28 04:20:00,0,0,12,7,3,0,0,6,28
2024-03-28 04:30:00,0,0,2,7,6,0,0,10,25
2024-03-28 04:40:00,0,0,11,11,3,0,0,25,50
2024-03-28 04:50:00,0,0,13,23,3,0,0,6,45
2024-03-28 05:00:00,0,0,13,18,5,0,0,7,43
2024-03-28 05:10:00,0,0,16,24,3,0,0,6,49
2024-03-28 05:20:00,0,0,19,35,8,0,0,17,79
2024-03-28 05:30:00,0,0,26,41,12,0,0,19,98
2024-03-28 05:40:00,0,0,20,30,15,0,0,19,84
2024-03-28 05:50:00,0,0,29,30,15,0,0,16,90
2024-03-28 06:00:00,0,0,24,33,15,0,0,15,87
2024-03-28 06:10:00,0,0,17,25,24,0,0,10,76
2024-03-28 06:20:00,0,0,28,24,22,0,0,16,90
2024-03-28 06:30:00,0,0,31,31,32,0,0,14,108
2024-03-28 06:40:00,0,0,27,26,34,0,0,15,102
2024-03-28 06:50:00,0,0,32,65,35,0,0,14,146
2024-03-28 07:00:00,0,0,29,70,33,0,0,17,149
2024-03-28 07:10:00,0,0,38,40,23,0,0,18,119
2024-03-28 07:20:00,0,0,29,47,21,0,0,14,111
2024-03-28 07:30:00,0,0,33,46,51,0,0,20,150
2024-03-28 07:40:00,0,0,31,43,49,0,0,18,141
2024-03-28 07:50:00,0,0,39,43,46,0,0,16,144
2024-03-28 08:00:00,0,0,26,32,46,0,0,56,160
2024-03-28 08:10:00,0,0,32,36,31,0,0,39,138
2024-03-28 08:20:00,0,0,36,41,34,0,0,15,126
2024-03-28 08:30:00,0,0,39,40,39,0,0,32,150
2024-03-28 08:40:00,0,0,34,34,60,0,0,17,145
2024-03-28 08:50:00,0,0,30,34,44,0,0,12,120
2024-03-28 09:00:00,0,0,27,38,36,0,0,20,121
2024-03-28 09:10:00,0,0,26,37,44,0,0,19,126
2024-03-28 09:20:00,0,0,26,48,35,0,0,20,129
2024-03-28 09:30:00,0,0,22,38,46,0,0,22,128
2024-03-28 09:40:00,0,0,31,40,40,0,0,25,136
2024-03-28 09:50:00,0,0,32,29,49,0,0,20,130
2024-03-28 10:00:00,0,0,24,30,36,0,0,11,101
2024-03-28 10:10:00,0,0,30,32,80,0,0,15,157
2024-03-28 10:20:00,0,0,23,26,47,0,0,18,114
2024-03-28 10:30:00,0,0,27,38,62,0,0,22,149
2024-03-28 10:40:00,0,0,31,26,58,0,0,17,132
2024-03-28 10:50:00,0,0,25,35,66,0,0,25,151
2024-03-28 11:00:00,0,0,34,37,58,0,0,15,144
2024-03-28 11:10:00,0,0,21,38,55,0,0,20,134
2024-03-28 11:20:00,0,0,20,28,56,0,0,20,124
2024-03-28 11:30:00,0,0,23,28,66,0,0,21,138
2024-03-28 11:40:00,0,0,31,36,70,0,0,15,152
2024-03-28 11:50:00,0,0,33,40,75,0,0,16,164
2024-03-28 12:00:00,0,0,32,45,73,0,0,15,165
2024-03-28 12:10:00,0,0,28,33,77,0,0,15,153
2024-03-28 12:20:00,0,0,32,33,65,0,0,16,146
2024-03-28 12:30:00,0,0,36,33,80,0,0,20,169
2024-03-28 12:40:00,0,0,33,47,84,0,0,15,179
2024-03-28 12:50:00,0,0,28,36,64,0,0,19,147
2024-03-28 13:00:00,0,0,30,34,78,0,0,24,166
2024-03-28 13:10:00,0,0,21,28,92,0,0,18,159
2024-03-28 13:20:00,0,0,30,32,78,0,0,16,156
2024-03-28 13:30:00,0,0,27,29,87,0,0,16,159
2024-03-28 13:40:00,0,0,32,40,67,0,0,13,152
2024-03-28 13:50:00,0,0,22,33,77,0,0,11,143
2024-03-28 14:00:00,0,0,30,39,67,0,0,18,154
2024-03-28 14:10:00,0,0,18,31,88,0,0,15,152
2024-03-28 14:20:00,0,0,33,37,91,0,0,13,174
2024-03-28 14:30:00,0,0,28,41,82,0,0,12,163
2024-03-28 14:40:00,0,0,27,34,85,0,0,11,157
2024-03-28 14:50:00,0,0,28,40,82,0,0,12,162
2024-03-28 15:00:00,0,0,25,23,89,0,0,10,147
2024-03-28 15:10:00,0,0,25,37,87,0,0,27,176
2024-03-28 15:20:00,0,0,22,31,93,0,0,10,156
2024-03-28 15:30:00,0,0,26,32,102,0,0,4,164
2024-03-28 15:40:00,0,0,29,36,67,0,0,14,146
2024-03-28 15:50:00,0,0,24,30,117,0,0,12,183
2024-03-28 16:00:00,0,0,27,38,89,0,0,16,170
2024-03-28 16:10:00,0,0,35,36,99,0,0,20,190
2024-03-28 16:20:00,0,0,23,25,90,0,0,18,156
2024-03-28 16:30:00,0,0,28,37,83,0,0,11,159
2024-03-28 16:40:00,0,0,29,35,80,0,0,10,154
2024-03-28 16:50:00,0,0,23,32,78,0,0,23,156
2024-03-28 17:00:00,0,0,33,38,105,0,0,17,193
2024-03-28 17:10:00,0,0,29,30,101,0,0,13,173
2024-03-28 17:20:00,0,0,29,35,80,0,0,13,157
2024-03-28 17:30:00,0,0,26,38,92,0,0,14,170
2024-03-28 17:40:00,0,0,30,35,80,0,0,17,162
2024-03-28 17:50:00,0,0,30,29,87,0,0,20,166
2024-03-28 18:00:00,0,0,34,29,64,0,0,22,149
2024-03-28 18:10:00,0,0,19,26,70,0,0,20,135
2024-03-28 18:20:00,0,0,30,37,85,0,0,11,163
2024-03-28 18:30:00,0,0,36,37,82,0,0,21,176
2024-03-28 18:40:00,0,0,26,34,76,0,0,14,150
2024-03-28 18:50:00,0,0,20,29,63,0,0,13,125
2024-03-28 19:00:00,0,0,25,29,70,0,0,24,148
2024-03-28 19:10:00,0,0,21,30,65,0,0,32,148
2024-03-28 19:20:00,0,0,31,32,70,0,0,14,147
2024-03-28 19:30:00,0,0,29,34,49,0,0,23,135
2024-03-28 19:40:00,0,0,25,28,46,0,0,21,120
2024-03-28 19:50:00,0,0,20,33,47,0,0,18,118
2024-03-28 20:00:00,0,0,28,30,59,0,0,18,135
2024-03-28 20:10:00,0,0,25,24,68,0,0,26,143
2024-03-28 20:20:00,0,0,25,24,42,0,0,27,118
2024-03-28 20:30:00,0,0,30,42,45,0,0,27,144
2024-03-28 20:40:00,0,0,21,25,41,0,0,27,114
2024-03-28 20:50:00,0,0,20,30,30,0,0,27,107
2024-03-28 21:00:00,0,0,20,32,42,0,0,26,120
2024-03-28 21:10:00,0,0,24,17,34,0,0,32,107
2024-03-28 21:20:00,0,0,28,25,22,0,0,34,109
2024-03-28 21:30:00,0,0,20,20,40,0,0,20,100
2024-03-28 21:40:00,0,0,15,25,35,0,0,23,98
2024-03-28 21:50:00,0,0,19,27,34,0,0,35,115
2024-03-28 22:00:00,0,0,19,38,38,0,0,22,117
2024-03-28 22:10:00,0,0,21,24,39,0,0,33,117
2024-03-28 22:20:00,0,0,13,24,37,0,0,21,95
2024-03-28 22:30:00,0,0,18,27,31,0,0,28,104
2024-03-28 22:40:00,0,0,19,18,20,0,0,18,75
2024-03-28 22:50:00,0,0,16,17,32,0,0,24,89
2024-03-28 23:00:00,0,0,17,15,34,0,0,23,89
2024-03-28 23:10:00,0,0,19,23,26,0,0,26,94
2024-03-28 23:20:00,0,0,15,15,27,0,0,22,79
2024-03-28 23:30:00,0,0,18,17,15,0,0,21,71
2024-03-28 23:40:00,0,0,17,19,14,0,0,18,68
2024-03-28 23:50:00,0,0,11,11,17,0,0,23,62
2024-03-29 00:00:00,0,0,15,18,19,0,0,15,67
2024-03-29 00:10:00,0,0,11,15,19,0,0,20,65
2024-03-29 00:20:00,0,0,24,10,19,0,0,20,73
2024-03-29 00:30:00,0,0,10,11,12,0,0,19,52
2024-03-29 00:40:00,0,0,16,16,10,0,0,21,63
2024-03-29 00:50:00,0,0,10,10,14,0,0,11,45
2024-03-29 01:00:00,0,0,12,12,24,0,0,14,62
2024-03-29 01:10:00,0,0,9,18,11,0,0,9,47
2024-03-29 01:20:00,0,0,7,6,7,0,0,10,30
2024-03-29 01:30:00,0,0,9,10,9,0,0,10,38
2024-03-29 01:40:00,0,0,13,9,5,0,0,12,39
2024-03-29 01:50:00,0,0,7,9,11,0,0,9,36
2024-03-29 02:00:00,0,0,4,7,10,0,0,3,24
2024-03-29 02:10:00,0,0,8,5,6,0,0,12,31
2024-03-29 02:20:00,0,0,8,15,4,0,0,7,34
2024-03-29 02:30:00,0,0,6,9,8,0,0,9,32
2024-03-29 02:40:00,0,0,3,4,5,0,0,4,16
2024-03-29 02:50:00,0,0,8,5,8,0,0,9,30
2024-03-29 03:00:00,0,0,3,5,5,0,0,10,23
2024-03-29 03:10:00,0,0,2,8,4,0,0,6,20
2024-03-29 03:20:00,0,0,11,10,9,0,0,9,39
2024-03-29 03:30:00,0,0,6,9,2,0,0,10,27
2024-03-29 03:40:00,0,0,3,0,7,0,0,10,20
2024-03-29 03:50:00,0,0,9,5,2,0,0,2,18
2024-03-29 04:00:00,0,0,5,8,8,0,0,8,29
2024-03-29 04:10:00,0,0,6,2,2,0,0,7,17
2024-03-29 04:20:00,0,0,9,8,4,0,0,10,31
2024-03-29 04:30:00,0,0,9,7,4,0,0,4,24
2024-03-29 04:40:00,0,0,6,10,3,0,0,7,26
2024-03-29 04:50:00,0,0,10,9,5,0,0,7,31
2024-03-29 05:00:00,0,0,5,5,2,0,0,7,19
2024-03-29 05:10:00,0,0,11,7,4,0,0,9,31
2024-03-29 05:20:00,0,0,14,9,6,0,0,9,38
2024-03-29 05:30:00,0,0,13,9,5,0,0,15,42
2024-03-29 05:40:00,0,0,15,16,7,0,0,13,51
2024-03-29 05:50:00,0,0,12,11,6,0,0,13,42
2024-03-29 06:00:00,0,0,9,4,8,0,0,11,32
2024-03-29 06:10:00,0,0,16,8,6,0,0,7,37
2024-03-29 06:20:00,0,0,8,5,6,0,0,10,29
2024-03-29 06:30:00,0,0,7,7,5,0,0,8,27
2024-03-29 06:40:00,0,0,10,10,9,0,0,13,42
2024-03-29 06:50:00,0,0,7,11,3,0,0,9,30
2024-03-29 07:00:00,0,0,8,7,7,0,0,5,27
2024-03-29 07:10:00,0,0,6,11,6,0,0,6,29
2024-03-29 07:20:00,0,0,10,11,8,0,0,6,35
2024-03-29 07:30:00,0,0,9,8,4,0,0,4,25
2024-03-29 07:40:00,0,0,14,16,8,0,0,7,45
2024-03-29 07:50:00,0,0,10,8,5,0,0,9,32
2024-03-29 08:00:00,0,0,7,6,8,0,0,5,26
2024-03-29 08:10:00,0,0,11,12,5,0,0,8,36
2024-03-29 08:20:00,0,0,11,11,5,0,0,5,32
2024-03-29 08:30:00,0,0,10,7,10,0,0,8,35
2024-03-29 08:40:00,0,0,12,8,7,0,0,12,39
2024-03-29 08:50:00,0,0,8,12,12,0,0,11,43
2024-03-29 09:00:00,0,0,13,14,12,0,0,12,51
2024-03-29 09:10:00,0,0,11,8,14,0,0,11,44
2024-03-29 09:20:00,0,0,14,15,9,0,0,13,51
2024-03-29 09:30:00,0,0,13,7,7,0,0,12,39
2024-03-29 09:40:00,0,0,16,11,25,0,0,12,64
2024-03-29 09:50:00,0,0,19,18,28,0,0,20,85
2024-03-29 10:00:00,0,0,16,19,18,0,0,19,72
2024-03-29 10:10:00,0,0,17,20,27,0,0,16,80
2024-03-29 10:20:00,0,0,14,16,34,0,0,16,80
2024-03-29 10:30:00,0,0,17,18,23,0,0,18,76
2024-03-29 10:40:00,0,0,16,17,27,0,0,15,75
2024-03-29 10:50:00,0,0,19,21,22,0,0,22,84
2024-03-29 11:00:00,0,0,14,16,16,0,0,24,70
2024-03-29 11:10:00,0,0,19,25,23,0,0,25,92
2024-03-29 11:20:00,0,0,18,21,32,0,0,18,89
2024-03-29 11:30:00,0,0,21,22,31,0,0,20,94
2024-03-29 11:40:00,0,0,21,24,30,0,0,21,96
2024-03-29 11:50:00,0,0,22,21,23,0,0,16,82
2024-03-29 12:00:00,0,0,19,27,26,0,0,26,98
2024-03-29 12:10:00,0,0,22,27,32,0,0,25,106
2024-03-29 12:20:00,0,0,22,30,36,0,0,18,106
2024-03-29 12:30:00,0,0,25,23,25,0,0,20,93
2024-03-29 12:40:00,0,0,20,21,36,0,0,18,95
2024-03-29 12:50:00,0,0,21,29,24,0,0,26,100
2024-03-29 13:00:00,0,0,20,25,27,0,0,14,86
2024-03-29 13:10:00,0,0,16,17,36,0,0,17,86
2024-03-29 13:20:00,0,0,24,19,32,0,0,19,94
2024-03-29 13:30:00,0,0,18,27,34,0,0,20,99
2024-03-29 13:40:00,0,0,20,16,33,0,0,27,96
2024-03-29 13:50:00,0,0,21,24,49,0,0,19,113
2024-03-29 14:00:00,0,0,24,20,47,0,0,26,117
2024-03-29 14:10:00,0,0,22,24,51,0,0,32,129
2024-03-29 14:20:00,0,0,21,16,49,0,0,26,112
2024-03-29 14:30:00,0,0,24,24,61,0,0,21,130
2024-03-29 14:40:00,0,0,23,23,35,0,0,19,100
2024-03-29 14:50:00,0,0,18,17,41,0,0,14,90
2024-03-29 15:00:00,0,0,22,20,35,0,0,17,94
2024-03-29 15:10:00,0,0,16,19,47,0,0,13,95
2024-03-29 15:20:00,0,0,24,26,35,0,0,18,103
2024-03-29 15:30:00,0,0,19,16,39,0,0,21,95
2024-03-29 15:40:00,0,0,16,25,39,0,0,19,99
2024-03-29 15:50:00,0,0,20,25,40,0,0,11,96
2024-03-29 16:00:00,0,0,26,24,31,0,0,23,104
2024-03-29 16:10:00,0,0,23,24,44,0,0,13,104
2024-03-29 16:20:00,0,0,21,23,38,0,0,16,98
2024-03-29 16:30:00,0,0,23,33,43,0,0,18,117
2024-03-29 16:40:00,0,0,27,22,45,0,0,29,123
2024-03-29 16:50:00,0,0,25,23,37,0,0,20,105
2024-03-29 17:00:00,0,0,20,25,31,0,0,22,98
2024-03-29 17:10:00,0,0,20,32,49,0,0,18,119
2024-03-29 17:20:00,0,0,29,35,38,0,0,20,122
2024-03-29 17:30:00,0,0,30,26,31,0,0,21,108
2024-03-29 17:40:00,0,0,22,27,32,0,0,21,102
2024-03-29 17:50:00,0,0,26,30,21,0,0,19,96
2024-03-29 18:00:00,0,0,30,28,37,0,0,18,113
2024-03-29 18:10:00,0,0,23,24,36,0,0,16,99
2024-03-29 18:20:00,0,0,29,26,39,0,0,17,111
2024-03-29 18:30:00,0,0,20,24,36,0,0,20,100
2024-03-29 18:40:00,0,0,24,21,36,0,0,19,100
2024-03-29 18:50:00,0,0,27,34,37,0,0,26,124
2024-03-29 19:00:00,0,0,19,22,43,0,0,37,121
2024-03-29 19:10:00,0,0,12,23,52,0,0,27,114
2024-03-29 19:20:00,0,0,34,21,40,0,0,22,117
2024-03-29 19:30:00,0,0,24,22,32,0,0,40,118
2024-03-29 19:40:00,0,0,23,19,30,0,0,30,102
2024-03-29 19:50:00,0,0,20,22,34,0,0,29,105
2024-03-29 20:00:00,0,0,18,26,39,0,0,29,112
2024-03-29 20:10:00,0,0,24,22,37,0,0,24,107
2024-03-29 20:20:00,0,0,21,18,39,0,0,27,105
2024-03-29 20:30:00,0,0,19,22,33,0,0,26,100
2024-03-29 20:40:00,0,0,20,28,16,0,0,17,81
2024-03-29 20:50:00,0,0,20,28,31,0,0,31,110
2024-03-29 21:00:00,0,0,26,22,36,0,0,29,113
2024-03-29 21:10:00,0,0,12,22,29,0,0,18,81
2024-03-29 21:20:00,0,0,14,17,24,0,0,20,75
2024-03-29 21:30:00,0,0,23,17,29,0,0,33,102
2024-03-29 21:40:00,0,0,12,15,27,0,0,29,83
2024-03-29 21:50:00,0,0,22,24,29,0,0,23,98
2024-03-29 22:00:00,0,0,19,16,35,0,0,29,99
2024-03-29 22:10:00,0,0,27,20,43,0,0,29,119
2024-03-29 22:20:00,0,0,13,13,27,0,0,27,80
2024-03-29 22:30:00,0,0,15,17,31,0,0,29,92
2024-03-29 22:40:00,0,0,19,13,31,0,0,29,92
2024-03-29 22:50:00,0,0,22,19,21,0,0,22,84
2024-03-29 23:00:00,0,0,11,19,31,0,0,27,88
2024-03-29 23:10:00,0,0,9,11,22,0,0,23,65
2024-03-29 23:20:00,0,0,13,10,24,0,0,23,70
2024-03-29 23:30:00,0,0,18,11,21,0,0,25,75
2024-03-29 23:40:00,0,0,14,11,17,0,0,19,61
2024-03-29 23:50:00,0,0,13,12,27,0,0,26,78
2024-03-30 00:00:00,0,0,11,5,20,0,0,28,64
2024-03-30 00:10:00,0,0,13,10,14,0,0,18,55
2024-03-30 00:20:00,0,0,11,7,9,0,0,13,40
2024-03-30 00:30:00,0,0,14,14,17,0,0,21,66
2024-03-30 00:40:00,0,0,16,6,9,0,0,18,49
2024-03-30 00:50:00,0,0,10,5,12,0,0,16,43
2024-03-30 01:00:00,0,0,14,16,18,0,0,20,68
2024-03-30 01:10:00,0,0,21,12,9,0,0,19,61
2024-03-30 01:20:00,0,0,13,10,10,0,0,11,44
2024-03-30 01:30:00,0,0,11,10,7,0,0,18,46
2024-03-30 01:40:00,0,0,11,5,11,0,0,10,37
2024-03-30 01:50:00,0,0,4,5,5,0,0,9,23
2024-03-30 02:00:00,0,0,3,8,6,0,0,7,24
2024-03-30 02:10:00,0,0,6,7,4,0,0,14,31
2024-03-30 02:20:00,0,0,10,8,10,0,0,15,43
2024-03-30 02:30:00,0,0,6,4,7,0,0,9,26
2024-03-30 02:40:00,0,0,10,11,4,0,0,6,31
2024-03-30 02:50:00,0,0,4,6,10,0,0,17,37
2024-03-30 03:00:00,0,0,9,7,4,0,0,9,29
2024-03-30 03:10:00,0,0,11,9,1,0,0,7,28
2024-03-30 03:20:00,0,0,5,9,4,0,0,8,26
2024-03-30 03:30:00,0,0,8,4,4,0,0,3,19
2024-03-30 03:40:00,0,0,1,1,5,0,0,9,16
2024-03-30 03:50:00,0,0,5,2,6,0,0,9,22
2024-03-30 04:00:00,0,0,8,8,3,0,0,4,23
2024-03-30 04:10:00,0,0,6,6,4,0,0,8,24
2024-03-30 04:20:00,0,0,8,7,3,0,0,11,29
2024-03-30 04:30:00,0,0,4,5,5,0,0,6,20
2024-03-30 04:40:00,0,0,3,1,4,0,0,5,13
2024-03-30 04:50:00,0,0,7,6,3,0,0,8,24
2024-03-30 05:00:00,0,0,9,11,5,0,0,11,36
2024-03-30 05:10:00,0,0,7,8,3,0,0,6,24
2024-03-30 05:20:00,0,0,9,13,4,0,0,8,34
2024-03-30 05:30:00,0,0,16,7,8,0,0,15,46
2024-03-30 05:40:00,0,0,11,12,5,0,0,10,38
2024-03-30 05:50:00,0,0,12,9,4,0,0,6,31
2024-03-30 06:00:00,0,0,5,15,10,0,0,11,41
2024-03-30 06:10:00,0,0,6,10,8,0,0,11,35
2024-03-30 06:20:00,0,0,13,16,13,0,0,6,48
2024-03-30 06:30:00,0,0,8,11,13,0,0,5,37
2024-03-30 06:40:00,0,0,13,12,12,0,0,9,46
2024-03-30 06:50:00,0,0,10,10,4,0,0,12,36
2024-03-30 07:00:00,0,0,12,8,17,0,0,9,46
2024-03-30 07:10:00,0,0,7,14,10,0,0,5,36
2024-03-30 07:20:00,0,0,13,13,9,0,0,12,47
2024-03-30 07:30:00,0,0,14,7,3,0,0,19,43
2024-03-30 07:40:00,0,0,16,20,8,0,0,15,59
2024-03-30 07:50:00,0,0,12,15,8,0,0,7,42
2024-03-30 08:00:00,0,0,15,18,10,0,0,12,55
2024-03-30 08:10:00,0,0,8,14,10,0,0,11,43
2024-03-30 08:20:00,0,0,15,13,12,0,0,15,55
2024-03-30 08:30:00,0,0,13,15,15,0,0,11,54
2024-03-30 08:40:00,0,0,17,19,16,0,0,20,72
2024-03-30 08:50:00,0,0,17,14,14,0,0,10,55
2024-03-30 09:00:00,0,0,20,17,23,0,0,19,79
2024-03-30 09:10:00,0,0,22,22,23,0,0,13,80
2024-03-30 09:20:00,0,0,22,23,22,0,0,19,86
2024-03-30 09:30:00,0,0,32,32,23,0,0,19,106
2024-03-30 09:40:00,0,0,29,27,21,0,0,16,93
2024-03-30 09:50:00,0,0,22,31,33,0,0,22,108
2024-03-30 10:00:00,0,0,25,28,29,0,0,20,102
2024-03-30 10:10:00,0,0,27,28,33,0,0,22,110
2024-03-30 10:20:00,0,0,24,29,42,0,0,17,112
2024-03-30 10:30:00,0,0,24,30,48,0,0,17,119
2024-03-30 10:40:00,0,0,31,31,40,0,0,24,126
2024-03-30 10:50:00,0,0,20,31,56,0,0,23,130
2024-03-30 11:00:00,0,0,28,30,34,0,0,24,116
2024-03-30 11:10:00,0,0,23,24,59,0,0,20,126
2024-03-30 11:20:00,0,0,25,34,49,0,0,23,131
2024-03-30 11:30:00,0,0,23,28,54,0,0,16,121
2024-03-30 11:40:00,0,0,32,27,53,0,0,26,138
2024-03-30 11:50:00,0,0,32,36,60,0,0,20,148
2024-03-30 12:00:00,0,0,26,34,44,0,0,21,125
2024-03-30 12:10:00,0,0,27,29,47,0,0,21,124
2024-03-30 12:20:00,0,0,29,31,47,0,0,24,131
2024-03-30 12:30:00,0,0,20,24,72,0,0,14,130
2024-03-30 12:40:00,0,0,33,26,51,0,0,21,131
2024-03-30 12:50:00,0,0,28,32,58,0,0,19,137
2024-03-30 13:00:00,0,0,32,29,44,0,0,19,124
2024-03-30 13:10:00,0,0,24,41,82,0,0,16,163
2024-03-30 13:20:00,0,0,21,30,55,0,0,15,121
2024-03-30 13:30:00,0,0,27,36,73,0,0,25,161
2024-03-30 13:40:00,0,0,26,29,56,0,0,20,131
2024-03-30 13:50:00,0,0,27,28,73,0,0,12,140
2024-03-30 14:00:00,0,0,19,25,86,0,0,23,153
2024-03-30 14:10:00,0,0,28,25,61,0,0,17,131
2024-03-30 14:20:00,0,0,30,27,59,0,0,21,137
2024-03-30 14:30:00,0,0,23,25,72,0,0,20,140
2024-03-30 14:40:00,0,0,29,36,63,0,0,19,147
2024-03-30 14:50:00,0,0,24,26,93,0,0,17,160
2024-03-30 15:00:00,0,0,25,31,61,0,0,20,137
2024-03-30 15:10:00,0,0,25,31,78,0,0,14,148
2024-03-30 15:20:00,0,0,36,32,53,0,0,22,143
2024-03-30 15:30:00,0,0,25,31,55,0,0,16,127
2024-03-30 15:40:00,0,0,33,39,51,0,0,23,146
2024-03-30 15:50:00,0,0,21,24,76,0,0,12,133
2024-03-30 16:00:00,0,0,6,25,65,0,0,27,123
2024-03-30 16:10:00,0,0,23,29,80,0,0,20,152
2024-03-30 16:20:00,0,0,26,23,63,0,0,25,137
2024-03-30 16:30:00,0,0,26,28,55,0,0,18,127
2024-03-30 16:40:00,0,0,32,28,58,0,0,20,138
2024-03-30 16:50:00,0,0,31,35,80,0,0,20,166
2024-03-30 17:00:00,0,0,20,18,50,0,0,28,116
2024-03-30 17:10:00,0,0,32,27,75,0,0,22,156
2024-03-30 17:20:00,0,0,28,23,56,0,0,29,136
2024-03-30 17:30:00,0,0,19,24,60,0,0,24,127
2024-03-30 17:40:00,0,0,36,31,43,0,0,25,135
2024-03-30 17:50:00,0,0,27,30,59,0,0,20,136
2024-03-30 18:00:00,0,0,26,23,54,0,0,20,123
2024-03-30 18:10:00,0,0,30,29,61,0,0,22,142
2024-03-30 18:20:00,0,0,24,26,54,0,0,25,129
2024-03-30 18:30:00,0,0,25,28,62,0,0,28,143
2024-03-30 18:40:00,0,0,23,28,62,0,0,21,134
2024-03-30 18:50:00,0,0,26,27,46,0,0,28,127
2024-03-30 19:00:00,0,0,16,24,45,0,0,32,117
2024-03-30 19:10:00,0,0,19,20,42,0,0,28,109
2024-03-30 19:20:00,0,0,22,23,50,0,0,26,121
2024-03-30 19:30:00,0,0,14,21,57,0,0,32,124
2024-03-30 19:40:00,0,0,27,28,45,0,0,35,135
2024-03-30 19:50:00,0,0,21,30,39,0,0,19,109
2024-03-30 20:00:00,0,0,26,35,49,0,0,38,148
2024-03-30 20:10:00,0,0,22,27,58,0,0,26,133
2024-03-30 20:20:00,0,0,19,33,35,0,0,19,106
2024-03-30 20:30:00,0,0,19,25,31,0,0,28,103
2024-03-30 20:40:00,0,0,23,34,27,0,0,23,107
2024-03-30 20:50:00,0,0,21,27,36,0,0,21,105
2024-03-30 21:00:00,0,0,22,33,46,0,0,28,129
2024-03-30 21:10:00,0,0,25,29,48,0,0,32,134
2024-03-30 21:20:00,0,0,20,30,29,0,0,19,98
2024-03-30 21:30:00,0,0,18,23,39,0,0,22,102
2024-03-30 21:40:00,0,0,28,32,35,0,0,37,132
2024-03-30 21:50:00,0,0,28,28,35,0,0,22,113
2024-03-30 22:00:00,0,0,25,34,27,0,0,19,105
2024-03-30 22:10:00,0,0,26,22,34,0,0,25,107
2024-03-30 22:20:00,0,0,24,20,24,0,0,17,85
2024-03-30 22:30:00,0,0,28,20,27,0,0,22,97
2024-03-30 22:40:00,0,0,17,29,45,0,0,27,118
2024-03-30 22:50:00,0,0,11,23,28,0,0,22,84
2024-03-30 23:00:00,0,0,17,17,22,0,0,28,84
2024-03-30 23:10:00,0,0,21,24,26,0,0,26,97
2024-03-30 23:20:00,0,0,16,20,22,0,0,20,78
2024-03-30 23:30:00,0,0,17,12,31,0,0,21,81
2024-03-30 23:40:00,0,0,19,20,12,0,0,20,71
2024-03-30 23:50:00,0,0,14,11,24,0,0,21,70
2024-03-31 00:00:00,0,0,16,22,11,0,0,13,62
2024-03-31 00:10:00,0,0,15,17,29,0,0,29,90
2024-03-31 00:20:00,0,0,15,18,18,0,0,19,70
2024-03-31 00:30:00,0,0,17,8,12,0,0,14,51
2024-03-31 00:40:00,0,0,25,16,17,0,0,24,82
2024-03-31 00:50:00,0,0,11,22,23,0,0,18,74
2024-03-31 01:00:00,0,0,7,14,30,0,0,22,73
2024-03-31 01:10:00,0,0,7,10,13,0,0,17,47
2024-03-31 01:20:00,0,0,12,9,11,0,0,13,45
2024-03-31 01:30:00,0,0,17,15,11,0,0,15,58
2024-03-31 01:40:00,0,0,15,20,12,0,0,18,65
2024-03-31 01:50:00,0,0,5,8,9,0,0,22,44
2024-03-31 02:00:00,0,0,0,0,0,0,0,0,0
2024-03-31 02:10:00,0,0,0,0,0,0,0,0,0
2024-03-31 02:20:00,0,0,0,0,0,0,0,0,0
2024-03-31 02:30:00,0,0,0,0,0,0,0,0,0
2024-03-31 02:40:00,0,0,0,0,0,0,0,0,0
2024-03-31 02:50:00,0,0,0,0,0,0,0,0,0
2024-03-31 03:00:00,0,0,0,0,0,0,0,0,0
2024-03-31 03:10:00,0,0,0,0,0,0,0,0,0
2024-03-31 03:20:00,0,0,0,0,0,0,0,0,0
2024-03-31 03:30:00,0,0,0,0,0,0,0,0,0
2024-03-31 03:40:00,0,0,0,0,0,0,0,0,0
2024-03-31 03:50:00,0,0,0,0,0,0,0,0,0
2024-03-31 04:00:00,0,0,0,11,10,0,0,16,37
2024-03-31 04:10:00,0,0,12,12,11,0,0,15,50
2024-03-31 04:20:00,0,0,10,5,5,0,0,8,28
2024-03-31 04:30:00,0,0,6,6,3,0,0,5,20
2024-03-31 04:40:00,0,0,1,3,5,0,0,7,16
2024-03-31 04:50:00,0,0,14,7,8,0,0,8,37
2024-03-31 05:00:00,0,0,10,9,1,0,0,10,30
2024-03-31 05:10:00,0,0,4,0,7,0,0,15,26
2024-03-31 05:20:00,0,0,18,7,4,0,0,10,39
2024-03-31 05:30:00,0,0,21,7,2,0,0,7,37
2024-03-31 05:40:00,0,0,20,11,9,0,0,15,55
2024-03-31 05:50:00,0,0,17,15,5,0,0,11,48
2024-03-31 06:00:00,0,0,13,10,11,0,0,12,46
2024-03-31 06:10:00,0,0,16,8,7,0,0,12,43
2024-03-31 06:20:00,0,0,9,5,9,0,0,17,40
2024-03-31 06:30:00,0,0,12,6,8,0,0,19,45
2024-03-31 06:40:00,0,0,5,7,12,0,0,10,34
2024-03-31 06:50:00,0,0,12,7,11,0,0,11,41
2024-03-31 07:00:00,0,0,11,5,5,0,0,7,28
2024-03-31 07:10:00,0,0,11,10,3,0,0,3,27
2024-03-31 07:20:00,0,0,4,5,6,0,0,6,21
2024-03-31 07:30:00,0,0,6,10,5,0,0,7,28
2024-03-31 07:40:00,0,0,10,6,8,0,0,6,30
2024-03-31 07:50:00,0,0,7,6,6,0,0,8,27
2024-03-31 08:00:00,0,0,8,6,10,0,0,2,26
2024-03-31 08:10:00,0,0,7,5,9,0,0,4,25
2024-03-31 08:20:00,0,0,13,17,13,0,0,4,47
2024-03-31 08:30:00,0,0,8,6,12,0,0,10,36
2024-03-31 08:40:00,0,0,11,14,7,0,0,3,35
2024-03-31 08:50:00,0,0,11,9,12,0,0,13,45
2024-03-31 09:00:00,0,0,14,14,15,0,0,6,49
2024-03-31 09:10:00,0,0,8,15,5,0,0,9,37
2024-03-31 09:20:00,0,0,15,17,11,0,0,8,51
2024-03-31 09:30:00,0,0,15,26,14,0,0,12,67
2024-03-31 09:40:00,0,0,13,20,17,0,0,20,70
2024-03-31 09:50:00,0,0,16,27,19,0,0,20,82
2024-03-31 10:00:00,0,0,14,18,15,0,0,20,67
2024-03-31 10:10:00,0,0,15,16,23,0,0,17,71
2024-03-31 10:20:00,0,0,18,21,14,0,0,15,68
2024-03-31 10:30:00,0,0,16,19,27,0,0,13,75
2024-03-31 10:40:00,0,0,19,23,17,0,0,17,76
2024-03-31 10:50:00,0,0,17,20,24,0,0,23,84
2024-03-31 11:00:00,0,0,21,22,29,0,0,22,94
2024-03-31 11:10:00,0,0,15,16,23,0,0,16,70
2024-03-31 11:20:00,0,0,22,25,37,0,0,14,98
2024-03-31 11:30:00,0,0,14,15,42,0,0,21,92
2024-03-31 11:40:00,0,0,28,25,26,0,0,23,102
2024-03-31 11:50:00,0,0,19,16,51,0,0,30,116
2024-03-31 12:00:00,0,0,20,20,32,0,0,18,90
2024-03-31 12:10:00,0,0,15,21,34,0,0,24,94
2024-03-31 12:20:00,0,0,17,14,35,0,0,16,82
2024-03-31 12:30:00,0,0,16,27,53,0,0,21,117
2024-03-31 12:40:00,0,0,24,18,25,0,0,17,84
2024-03-31 12:50:00,0,0,21,28,46,0,0,27,122
2024-03-31 13:00:00,0,0,22,29,39,0,0,14,104
2024-03-31 13:10:00,0,0,20,23,52,0,0,16,111
2024-03-31 13:20:00,0,0,17,21,42,0,0,24,104
2024-03-31 13:30:00,0,0,18,23,34,0,0,18,93
2024-03-31 13:40:00,0,0,16,18,39,0,0,19,92
2024-03-31 13:50:00,0,0,26,32,58,0,0,16,132
2024-03-31 14:00:00,0,0,19,19,40,0,0,21,99
2024-03-31 14:10:00,0,0,20,21,52,0,0,23,116
2024-03-31 14:20:00,0,0,17,15,41,0,0,19,92
2024-03-31 14:30:00,0,0,21,25,31,0,0,28,105
2024-03-31 14:40:00,0,0,14,23,54,0,0,15,106
2024-03-31 14:50:00,0,0,13,24,45,0,0,24,106
2024-03-31 15:00:00,0,0,17,23,48,0,0,25,113
2024-03-31 15:10:00,0,0,39,27,37,0,0,25,128
2024-03-31 15:20:00,0,0,24,26,44,0,0,20,114
2024-03-31 15:30:00,0,0,14,25,40,0,0,16,95
2024-03-31 15:40:00,0,0,21,21,25,0,0,23,90
2024-03-31 15:50:00,0,0,20,16,36,0,0,18,90
2024-03-31 16:00:00,0,0,25,18,27,0,0,20,90
2024-03-31 16:10:00,0,0,24,21,22,0,0,20,87
2024-03-31 16:20:00,0,0,25,28,33,0,0,25,111
2024-03-31 16:30:00,0,0,17,21,38,0,0,16,92
2024-03-31 16:40:00,0,0,21,22,38,0,0,21,102
2024-03-31 16:50:00,0,0,22,27,36,0,0,24,109
2024-03-31 17:00:00,0,0,22,24,53,0,0,28,127
2024-03-31 17:10:00,0,0,25,31,36,0,0,20,112
2024-03-31 17:20:00,0,0,17,22,30,0,0,22,91
2024-03-31 17:30:00,0,0,24,28,34,0,0,17,103
2024-03-31 17:40:00,0,0,33,26,36,0,0,22,117
2024-03-31 17:50:00,0,0,23,27,39,0,0,18,107
2024-03-31 18:00:00,0,0,18,19,29,0,0,19,85
2024-03-31 18:10:00,0,0,18,19,40,0,0,28,105
2024-03-31 18:20:00,0,0,20,28,41,0,0,18,107
2024-03-31 18:30:00,0,0,24,27,34,0,0,17,102
2024-03-31 18:40:00,0,0,18,24,49,0,0,26,117
2024-03-31 18:50:00,0,0,20,24,25,0,0,25,94
2024-03-31 19:00:00,0,0,24,16,32,0,0,22,94
2024-03-31 19:10:00,0,0,17,23,49,0,0,17,106
2024-03-31 19:20:00,0,0,12,25,30,0,0,22,89
2024-03-31 19:30:00,0,0,17,19,42,0,0,16,94
2024-03-31 19:40:00,0,0,23,25,34,0,0,19,101
2024-03-31 19:50:00,0,0,17,22,34,0,0,20,93
2024-03-31 20:00:00,0,0,20,22,26,0,0,31,99
2024-03-31 20:10:00,0,0,22,24,24,0,0,34,104
2024-03-31 20:20:00,0,0,24,26,40,0,0,28,118
2024-03-31 20:30:00,0,0,15,29,31,0,0,35,110
2024-03-31 20:40:00,0,0,21,33,18,0,0,17,89
2024-03-31 20:50:00,0,0,20,21,27,0,0,35,103
2024-03-31 21:00:00,0,0,17,14,22,0,0,20,73
2024-03-31 21:10:00,0,0,30,29,37,0,0,24,120
2024-03-31 21:20:00,0,0,27,30,35,0,0,31,123
2024-03-31 21:30:00,0,0,32,28,44,0,0,26,130
2024-03-31 21:40:00,0,0,16,29,31,0,0,33,109
2024-03-31 21:50:00,0,0,17,22,27,0,0,15,81
2024-03-31 22:00:00,0,0,21,22,30,0,0,26,99
2024-03-31 22:10:00,0,0,19,18,23,0,0,19,79
2024-03-31 22:20:00,0,0,21,18,23,0,0,22,84
2024-03-31 22:30:00,0,0,23,20,24,0,0,16,83
2024-03-31 22:40:00,0,0,17,18,25,0,0,18,78
2024-03-31 22:50:00,0,0,17,18,38,0,0,28,101
2024-03-31 23:00:00,0,0,14,14,17,0,0,26,71
2024-03-31 23:10:00,0,0,20,16,32,0,0,26,94
2024-03-31 23:20:00,0,0,14,8,19,0,0,24,65
2024-03-31 23:30:00,0,0,16,10,23,0,0,27,76
2024-03-31 23:40:00,0,0,17,13,20,0,0,20,70
2024-03-31 23:50:00,0,0,14,11,10,0,0,17,52
2024-04-01 00:00:00,0,0,12,7,14,0,0,22,55
2024-04-01 00:10:00,0,0,15,13,19,0,0,19,66
2024-04-01 00:20:00,0,0,19,8,7,0,0,24,58
2024-04-01 00:30:00,0,0,18,12,11,0,0,18,59
2024-04-01 00:40:00,0,0,8,6,16,0,0,19,49
2024-04-01 00:50:00,0,0,17,8,16,0,0,18,59
2024-04-01 01:00:00,0,0,10,9,11,0,0,18,48
2024-04-01 01:10:00,0,0,13,9,16,0,0,20,58
2024-04-01 01:20:00,0,0,4,6,15,0,0,17,42
2024-04-01 01:30:00,0,0,11,7,13,0,0,21,52
2024-04-01 01:40:00,0,0,12,11,5,0,0,10,38
2024-04-01 01:50:00,0,0,8,6,6,0,0,7,27
2024-04-01 02:00:00,0,0,11,5,11,0,0,18,45
2024-04-01 02:10:00,0,0,8,13,12,0,0,16,49
2024-04-01 02:20:00,0,0,7,9,13,0,0,27,56
2024-04-01 02:30:00,0,0,8,4,13,0,0,15,40
2024-04-01 02:40:00,0,0,22,12,10,0,0,13,57
2024-04-01 02:50:00,0,0,6,7,8,0,0,18,39
2024-04-01 03:00:00,0,0,8,8,6,0,0,11,33
2024-04-01 03:10:00,0,0,16,9,5,0,0,14,44
2024-04-01 03:20:00,0,0,14,12,2,0,0,5,33
2024-04-01 03:30:00,0,0,9,4,4,0,0,8,25
2024-04-01 03:40:00,0,0,10,4,4,0,0,7,25
2024-04-01 03:50:00,0,0,9,7,6,0,0,12,34
2024-04-01 04:00:00,0,0,7,4,5,0,0,8,24
2024-04-01 04:10:00,0,0,6,4,6,0,0,9,25
2024-04-01 04:20:00,0,0,8,4,3,0,0,7,22
2024-04-01 04:30:00,0,0,10,8,6,0,0,5,29
2024-04-01 04:40:00,0,0,8,2,2,0,0,6,18
2024-04-01 04:50:00,0,0,10,6,5,0,0,9,30
2024-04-01 05:00:00,0,0,12,7,2,0,0,4,25
2024-04-01 05:10:00,0,0,7,5,3,0,0,9,24
2024-04-01 05:20:00,0,0,15,7,1,0,0,10,33
2024-04-01 05:30:00,0,0,15,8,7,0,0,18,48
2024-04-01 05:40:00,0,0,15,11,10,0,0,17,53
2024-04-01 05:50:00,0,0,9,8,9,0,0,11,37
2024-04-01 06:00:00,0,0,8,3,5,0,0,8,24
2024-04-01 06:10:00,0,0,13,9,5,0,0,8,35
2024-04-01 06:20:00,0,0,13,3,6,0,0,12,34
2024-04-01 06:30:00,0,0,8,4,9,0,0,14,35
2024-04-01 06:40:00,0,0,6,6,11,0,0,9,32
2024-04-01 06:50:00,0,0,4,3,10,0,0,11,28
2024-04-01 07:00:00,0,0,10,5,4,0,0,8,27
2024-04-01 07:10:00,0,0,8,5,6,0,0,11,30
2024-04-01 07:20:00,0,0,13,9,2,0,0,3,27
2024-04-01 07:30:00,0,0,8,9,7,0,0,9,33
2024-04-01 07:40:00,0,0,12,18,6,0,0,7,43
2024-04-01 07:50:00,0,0,12,10,3,0,0,10,35
2024-04-01 08:00:00,0,0,7,6,2,0,0,6,21
2024-04-01 08:10:00,0,0,41,10,2,0,0,6,59
2024-04-01 08:20:00,0,0,9,4,4,0,0,9,26
2024-04-01 08:30:00,0,0,9,7,8,0,0,10,34
2024-04-01 08:40:00,0,0,9,9,7,0,0,13,38
2024-04-01 08:50:00,0,0,11,6,6,0,0,15,38
2024-04-01 09:00:00,0,0,7,8,10,0,0,15,40
2024-04-01 09:10:00,0,0,12,5,11,0,0,16,44
2024-04-01 09:20:00,0,0,12,13,9,0,0,10,44
2024-04-01 09:30:00,0,0,4,12,9,0,0,18,43
2024-04-01 09:40:00,0,0,20,20,8,0,0,8,56
2024-04-01 09:50:00,0,0,14,18,24,0,0,18,74
2024-04-01 10:00:00,0,0,15,13,19,0,0,15,62
2024-04-01 10:10:00,0,0,11,12,22,0,0,16,61
2024-04-01 10:20:00,0,0,25,12,22,0,0,15,74
2024-04-01 10:30:00,0,0,15,16,8,0,0,17,56
2024-04-01 10:40:00,0,0,16,23,23,0,0,10,72
2024-04-01 10:50:00,0,0,20,16,22,0,0,20,78
2024-04-01 11:00:00,0,0,22,24,23,0,0,19,88
2024-04-01 11:10:00,0,0,23,20,23,0,0,15,81
2024-04-01 11:20:00,0,0,22,16,29,0,0,19,86
2024-04-01 11:30:00,0,0,17,20,32,0,0,20,89
2024-04-01 11:40:00,0,0,24,22,28,0,0,25,99
2024-04-01 11:50:00,0,0,23,21,32,0,0,18,94
2024-04-01 12:00:00,0,0,13,20,28,0,0,18,79
2024-04-01 12:10:00,0,0,21,29,42,0,0,23,115
2024-04-01 12:20:00,0,0,18,27,26,0,0,23,94
2024-04-01 12:30:00,0,0,17,20,45,0,0,22,104
2024-04-01 12:40:00,0,0,21,14,40,0,0,17,92
2024-04-01 12:50:00,0,0,25,26,27,0,0,14,92
2024-04-01 13:00:00,0,0,24,24,33,0,0,23,104
2024-04-01 13:10:00,0,0,19,25,22,0,0,22,88
2024-04-01 13:20:00,0,0,27,26,31,0,0,16,100
2024-04-01 13:30:00,0,0,21,25,36,0,0,23,105
2024-04-01 13:40:00,0,0,18,19,52,0,0,21,110
2024-04-01 13:50:00,0,0,19,22,38,0,0,23,102
2024-04-01 14:00:00,0,0,24,30,47,0,0,23,124
2024-04-01 14:10:00,0,0,25,23,39,0,0,15,102
2024-04-01 14:20:00,0,0,23,32,39,0,0,19,113
2024-04-01 14:30:00,0,0,18,18,54,0,0,25,115
2024-04-01 14:40:00,0,0,19,21,47,0,0,20,107
2024-04-01 14:50:00,0,0,25,23,50,0,0,25,123
2024-04-01 15:00:00,0,0,19,26,40,0,0,23,108
2024-04-01 15:10:00,0,0,26,33,38,0,0,19,116
2024-04-01 15:20:00,0,0,23,31,30,0,0,25,109
2024-04-01 15:30:00,0,0,28,32,37,0,0,28,125
2024-04-01 15:40:00,0,0,21,20,29,0,0,18,88
2024-04-01 15:50:00,0,0,19,26,32,0,0,17,94
2024-04-01 16:00:00,0,0,24,30,51,0,0,27,132
2024-04-01 16:10:00,0,0,27,28,34,0,0,16,105
2024-04-01 16:20:00,0,0,18,20,35,0,0,20,93
2024-04-01 16:30:00,0,0,30,25,38,0,0,22,115
2024-04-01 16:40:00,0,0,23,22,32,0,0,23,100
2024-04-01 16:50:00,0,0,18,15,44,0,0,24,101
2024-04-01 17:00:00,0,0,22,24,40,0,0,19,105
2024-04-01 17:10:00,0,0,21,24,41,0,0,25,111
2024-04-01 17:20:00,0,0,20,25,48,0,0,22,115
2024-04-01 17:30:00,0,0,28,27,43,0,0,26,124
2024-04-01 17:40:00,0,0,19,29,35,0,0,24,107
2024-04-01 17:50:00,0,0,28,25,42,0,0,22,117
2024-04-01 18:00:00,0,0,18,23,44,0,0,26,111
2024-04-01 18:10:00,0,0,25,22,37,0,0,26,110
2024-04-01 18:20:00,0,0,29,28,35,0,0,26,118
2024-04-01 18:30:00,0,0,14,23,42,0,0,20,99
2024-04-01 18:40:00,0,0,21,21,36,0,0,27,105
2024-04-01 18:50:00,0,0,21,35,39,0,0,31,126
2024-04-01 19:00:00,0,0,21,22,42,0,0,27,112
2024-04-01 19:10:00,0,0,25,36,54,0,0,19,134
2024-04-01 19:20:00,0,0,23,33,39,0,0,21,116
2024-04-01 19:30:00,0,0,24,31,42,0,0,24,121
2024-04-01 19:40:00,0,0,30,27,46,0,0,22,125
2024-04-01 19:50:00,0,0,19,24,26,0,0,28,97
2024-04-01 20:00:00,0,0,20,19,40,0,0,21,100
2024-04-01 20:10:00,0,0,25,28,25,0,0,22,100
2024-04-01 20:20:00,0,0,17,10,26,0,0,25,78
2024-04-01 20:30:00,0,0,21,19,28,0,0,26,94
2024-04-01 20:40:00,0,0,23,21,19,0,0,30,93
2024-04-01 20:50:00,0,0,18,20,24,0,0,25,87
2024-04-01 21:00:00,0,0,16,21,20,0,0,33,90
2024-04-01 21:10:00,0,0,17,15,25,0,0,30,87
2024-04-01 21:20:00,0,0,20,23,34,0,0,26,103
2024-04-01 21:30:00,0,0,29,33,24,0,0,27,113
2024-04-01 21:40:00,0,0,19,25,35,0,0,13,92
2024-04-01 21:50:00,0,0,27,29,29,0,0,14,99
2024-04-01 22:00:00,0,0,18,22,28,0,0,27,95
2024-04-01 22:10:00,0,0,13,12,23,0,0,31,79
2024-04-01 22:20:00,0,0,27,9,21,0,0,13,70
2024-04-01 22:30:00,0,0,19,15,21,0,0,16,71
2024-04-01 22:40:00,0,0,13,13,18,0,0,14,58
2024-04-01 22:50:00,0,0,12,17,14,0,0,8,51
2024-04-01 23:00:00,0,0,19,15,19,0,0,14,67
2024-04-01 23:10:00,0,0,14,15,19,0,0,15,63
2024-04-01 23:20:00,0,0,10,10,20,0,0,16,56
2024-04-01 23:30:00,0,0,13,7,22,0,0,9,51
2024-04-01 23:40:00,0,0,10,21,14,0,0,15,60
2024-04-01 23:50:00,0,0,5,10,15,0,0,7,37
2024-04-02 00:00:00,0,0,5,8,10,0,0,11,34
2024-04-02 00:10:00,0,0,10,15,11,0,0,6,42
2024-04-02 00:20:00,0,0,6,6,9,0,0,10,31
2024-04-02 00:30:00,0,0,6,5,5,0,0,1,17
2024-04-02 00:40:00,0,0,5,7,7,0,0,6,25
2024-04-02 00:50:00,0,0,5,4,4,0,0,11,24
2024-04-02 01:00:00,0,0,5,2,4,0,0,9,20
2024-04-02 01:10:00,0,0,5,3,2,0,0,8,18
2024-04-02 01:20:00,0,0,6,4,5,0,0,5,20
2024-04-02 01:30:00,0,0,7,3,5,0,0,4,19
2024-04-02 01:40:00,0,0,4,5,3,0,0,7,19
2024-04-02 01:50:00,0,0,4,4,11,0,0,6,25
2024-04-02 02:00:00,0,0,2,6,2,0,0,0,10
2024-04-02 02:10:00,0,0,6,3,2,0,0,2,13
2024-04-02 02:20:00,0,0,7,11,4,0,0,1,23
2024-04-02 02:30:00,0,0,1,1,3,0,0,5,10
2024-04-02 02:40:00,0,0,7,3,5,0,0,1,16
2024-04-02 02:50:00,0,0,10,7,4,0,0,4,25
2024-04-02 03:00:00,0,0,9,2,3,0,0,2,16
2024-04-02 03:10:00,0,0,7,8,3,0,0,2,20
2024-04-02 03:20:00,0,0,3,3,0,0,0,0,6
2024-04-02 03:30:00,0,0,4,9,3,0,0,3,19
2024-04-02 03:40:00,0,0,5,2,3,0,0,3,13
2024-04-02 03:50:00,0,0,3,4,2,0,0,4,13
2024-04-02 04:00:00,0,0,8,4,3,0,0,2,17
2024-04-02 04:10:00,0,0,8,8,2,0,0,5,23
2024-04-02 04:20:00,0,0,3,8,4,0,0,7,22
2024-04-02 04:30:00,0,0,14,14,5,0,0,4,37
2024-04-02 04:40:00,0,0,10,13,5,0,0,5,33
2024-04-02 04:50:00,0,0,16,17,1,0,0,2,36
2024-04-02 05:00:00,0,0,14,16,7,0,0,9,46
2024-04-02 05:10:00,0,0,18,17,7,0,0,11,53
2024-04-02 05:20:00,0,0,14,28,10,0,0,13,65
2024-04-02 05:30:00,0,0,20,20,11,0,0,14,65
2024-04-02 05:40:00,0,0,22,44,15,0,0,25,106
2024-04-02 05:50:00,0,0,19,42,12,0,0,23,96
2024-04-02 06:00:00,0,0,31,43,11,0,0,21,106
2024-04-02 06:10:00,0,0,29,35,15,0,0,20,99
2024-04-02 06:20:00,0,0,40,47,25,0,0,21,133
2024-04-02 06:30:00,0,0,28,43,20,0,0,18,109
2024-04-02 06:40:00,0,0,28,45,34,0,0,24,131
2024-04-02 06:50:00,0,0,34,63,33,0,0,30,160
2024-04-02 07:00:00,0,0,25,34,35,0,0,18,112
2024-04-02 07:10:00,0,0,21,28,29,0,0,19,97
2024-04-02 07:20:00,0,0,27,36,45,0,0,16,124
2024-04-02 07:30:00,0,0,41,42,38,0,0,17,138
2024-04-02 07:40:00,0,0,32,39,50,0,0,22,143
2024-04-02 07:50:00,0,0,34,33,35,0,0,12,114
2024-04-02 08:00:00,0,0,30,38,36,0,0,18,122
2024-04-02 08:10:00,0,0,28,33,32,0,0,13,106
2024-04-02 08:20:00,0,0,28,36,47,0,0,18,129
2024-04-02 08:30:00,0,0,30,28,38,0,0,22,118
2024-04-02 08:40:00,0,0,30,42,42,0,0,21,135
2024-04-02 08:50:00,0,0,30,42,39,0,0,10,121
2024-04-02 09:00:00,0,0,30,27,47,0,0,14,118
2024-04-02 09:10:00,0,0,32,35,51,0,0,20,138
2024-04-02 09:20:00,0,0,35,37,49,0,0,19,140
2024-04-02 09:30:00,0,0,23,40,25,0,0,21,109
2024-04-02 09:40:00,0,0,33,41,51,0,0,22,147
2024-04-02 09:50:00,0,0,29,32,43,0,0,121,225
2024-04-02 10:00:00,0,0,22,31,47,0,0,17,117
2024-04-02 10:10:00,0,0,29,35,52,0,0,19,135
2024-04-02 10:20:00,0,0,23,24,47,0,0,23,117
2024-04-02 10:30:00,0,0,32,36,55,0,0,64,187
2024-04-02 10:40:00,0,0,29,33,53,0,0,17,132
2024-04-02 10:50:00,0,0,25,29,53,0,0,19,126
2024-04-02 11:00:00,0,0,28,35,44,0,0,15,122
2024-04-02 11:10:00,0,0,31,30,57,0,0,12,130
2024-04-02 11:20:00,0,0,31,36,46,0,0,24,137
2024-04-02 11:30:00,0,0,27,35,69,0,0,21,152
2024-04-02 11:40:00,0,0,41,35,48,0,0,16,140
2024-04-02 11:50:00,0,0,25,38,50,0,0,18,131
2024-04-02 12:00:00,0,0,0,4,86,0,0,0,90
2024-04-02 12:10:00,0,0,0,0,79,0,0,4,83
2024-04-02 12:20:00,0,0,0,0,48,0,0,6,54
2024-04-02 12:30:00,0,0,0,0,75,0,0,14,89
2024-04-02 12:40:00,0,0,0,3,61,0,0,8,72
2024-04-02 12:50:00,0,0,0,0,57,0,0,3,60
2024-04-02 13:00:00,0,0,0,5,79,0,0,7,91
2024-04-02 13:10:00,0,0,0,0,62,0,0,11,73
2024-04-02 13:20:00,0,0,67,32,53,0,0,9,161
2024-04-02 13:30:00,0,0,7,25,54,0,0,16,102
2024-04-02 13:40:00,0,0,32,32,72,0,0,13,149
2024-04-02 13:50:00,0,0,18,23,80,0,0,22,143
2024-04-02 14:00:00,0,0,23,32,56,0,0,22,133
2024-04-02 14:10:00,0,0,16,22,55,0,0,22,115
2024-04-02 14:20:00,0,0,6,13,79,0,0,6,104
2024-04-02 14:30:00,0,0,19,33,94,0,0,17,163
2024-04-02 14:40:00,0,0,51,36,64,0,0,17,168
2024-04-02 14:50:00,0,0,20,37,95,0,0,29,181
2024-04-02 15:00:00,0,0,15,6,57,0,0,20,98
2024-04-02 15:10:00,0,0,21,22,95,0,0,20,158
2024-04-02 15:20:00,0,0,23,32,101,0,0,14,170
2024-04-02 15:30:00,0,0,26,32,94,0,0,15,167
2024-04-02 15:40:00,0,0,29,30,86,0,0,16,161
2024-04-02 15:50:00,0,0,22,21,104,0,0,11,158
2024-04-02 16:00:00,0,0,32,27,105,0,0,8,172
2024-04-02 16:10:00,0,0,32,41,87,0,0,23,183
2024-04-02 16:20:00,0,0,25,31,100,0,0,18,174
2024-04-02 16:30:00,0,0,25,36,88,0,0,17,166
2024-04-02 16:40:00,0,0,29,30,96,0,0,15,170
2024-04-02 16:50:00,0,0,30,33,114,0,0,16,193
2024-04-02 17:00:00,0,0,33,32,101,0,0,16,182
2024-04-02 17:10:00,0,0,22,27,78,0,0,21,148
2024-04-02 17:20:00,0,0,26,37,88,0,0,20,171
2024-04-02 17:30:00,0,0,20,24,72,0,0,24,140
2024-04-02 17:40:00,0,0,28,25,76,0,0,27,156
2024-04-02 17:50:00,0,0,24,34,68,0,0,18,144
2024-04-02 18:00:00,0,0,27,37,88,0,0,21,173
2024-04-02 18:10:00,0,0,21,26,86,0,0,18,151
2024-04-02 18:20:00,0,0,28,24,76,0,0,16,144
2024-04-02 18:30:00,0,0,19,20,69,0,0,23,131
2024-04-02 18:40:00,0,0,22,21,48,0,0,22,113
2024-04-02 18:50:00,0,0,26,24,58,0,0,23,131
2024-04-02 19:00:00,0,0,16,18,64,0,0,20,118
2024-04-02 19:10:00,0,0,21,15,53,0,0,20,109
2024-04-02 19:20:00,0,0,24,23,50,0,0,19,116
2024-04-02 19:30:00,0,0,26,17,44,0,0,24,111
2024-04-02 19:40:00,0,0,23,18,30,0,0,19,90
2024-04-02 19:50:00,0,0,17,24,41,0,0,16,98
2024-04-02 20:00:00,0,0,22,22,37,0,0,18,99
2024-04-02 20:10:00,0,0,24,22,33,0,0,30,109
2024-04-02 20:20:00,0,0,12,21,37,0,0,35,105
2024-04-02 20:30:00,0,0,21,24,24,0,0,14,83
2024-04-02 20:40:00,0,0,19,23,27,0,0,25,94
2024-04-02 20:50:00,0,0,12,19,20,0,0,26,77
2024-04-02 21:00:00,0,0,19,25,33,0,0,31,108
2024-04-02 21:10:00,0,0,24,33,18,0,0,19,94
2024-04-02 21:20:00,0,0,22,16,41,0,0,23,102
2024-04-02 21:30:00,0,0,26,28,26,0,0,22,102
2024-04-02 21:40:00,0,0,20,23,29,0,0,25,97
2024-04-02 21:50:00,0,0,20,30,26,0,0,23,99
2024-04-02 22:00:00,0,0,13,12,28,0,0,23,76
2024-04-02 22:10:00,0,0,9,19,23,0,0,27,78
2024-04-02 22:20:00,0,0,7,10,16,0,0,18,51
2024-04-02 22:30:00,0,0,15,17,25,0,0,15,72
2024-04-02 22:40:00,0,0,13,16,15,0,0,13,57
2024-04-02 22:50:00,0,0,21,14,25,0,0,20,80
2024-04-02 23:00:00,0,0,9,20,22,0,0,25,76
2024-04-02 23:10:00,0,0,10,14,26,0,0,12,62
2024-04-02 23:20:00,0,0,5,7,10,0,0,9,31
2024-04-02 23:30:00,0,0,10,6,12,0,0,12,40
2024-04-02 23:40:00,0,0,16,16,17,0,0,22,71
2024-04-02 23:50:00,0,0,6,7,13,0,0,10,36
2024-04-03 00:00:00,0,0,13,16,13,0,0,7,49
2024-04-03 00:10:00,0,0,11,13,9,0,0,12,45
2024-04-03 00:20:00,0,0,9,6,8,0,0,8,31
2024-04-03 00:30:00,0,0,8,9,9,0,0,12,38
2024-04-03 00:40:00,0,0,10,2,2,0,0,6,20
2024-04-03 00:50:00,0,0,7,2,5,0,0,4,18
2024-04-03 01:00:00,0,0,7,9,8,0,0,3,27
2024-04-03 01:10:00,0,0,4,7,7,0,0,5,23
2024-04-03 01:20:00,0,0,7,5,2,0,0,5,19
2024-04-03 01:30:00,0,0,5,4,3,0,0,4,16
2024-04-03 01:40:00,0,0,5,3,3,0,0,3,14
2024-04-03 01:50:00,0,0,2,7,4,0,0,5,18
2024-04-03 02:00:00,0,0,8,3,7,0,0,8,26
2024-04-03 02:10:00,0,0,5,1,3,0,0,6,15
2024-04-03 02:20:00,0,0,6,4,3,0,0,1,14
2024-04-03 02:30:00,0,0,7,6,3,0,0,4,20
2024-04-03 02:40:00,0,0,10,7,3,0,0,2,22
2024-04-03 02:50:00,0,0,3,3,1,0,0,1,8
2024-04-03 03:00:00,0,0,1,4,3,0,0,4,12
2024-04-03 03:10:00,0,0,7,7,3,0,0,3,20
2024-04-03 03:20:00,0,0,3,3,4,0,0,4,14
2024-04-03 03:30:00,0,0,3,6,1,0,0,1,11
2024-04-03 03:40:00,0,0,7,4,1,0,0,7,19
2024-04-03 03:50:00,0,0,6,6,2,0,0,3,17
2024-04-03 04:00:00,0,0,4,6,3,0,0,3,16
2024-04-03 04:10:00,0,0,4,10,2,0,0,5,21
2024-04-03 04:20:00,0,0,11,7,6,0,0,7,31
2024-04-03 04:30:00,0,0,7,9,2,0,0,5,23
2024-04-03 04:40:00,0,0,9,7,3,0,0,6,25
2024-04-03 04:50:00,0,0,9,11,4,0,0,4,28
2024-04-03 05:00:00,0,0,19,25,4,0,0,5,53
2024-04-03 05:10:00,0,0,13,7,4,0,0,6,30
2024-04-03 05:20:00,0,0,17,20,8,0,0,19,64
2024-04-03 05:30:00,0,0,23,28,15,0,0,26,92
2024-04-03 05:40:00,0,0,26,25,14,0,0,25,90
2024-04-03 05:50:00,0,0,27,37,11,0,0,16,91
2024-04-03 06:00:00,0,0,28,50,13,0,0,26,117
2024-04-03 06:10:00,0,0,24,45,17,0,0,15,101
2024-04-03 06:20:00,0,0,27,35,30,0,0,21,113
2024-04-03 06:30:00,0,0,25,38,17,0,0,19,99
2024-04-03 06:40:00,0,0,33,36,39,0,0,14,122
2024-04-03 06:50:00,0,0,29,37,34,0,0,17,117
2024-04-03 07:00:00,0,0,30,34,32,0,0,18,114
2024-04-03 07:10:00,0,0,29,29,34,0,0,18,110
2024-04-03 07:20:00,0,0,27,36,323,0,0,19,405
2024-04-03 07:30:00,0,0,37,33,29,0,0,18,117
2024-04-03 07:40:00,0,0,29,34,53,0,0,14,130
2024-04-03 07:50:00,0,0,37,35,39,0,0,20,131
2024-04-03 08:00:00,0,0,30,37,39,0,0,25,131
2024-04-03 08:10:00,0,0,33,33,36,0,0,21,123
2024-04-03 08:20:00,0,0,32,39,45,0,0,16,132
2024-04-03 08:30:00,0,0,30,28,27,0,0,18,103
2024-04-03 08:40:00,0,0,25,32,54,0,0,16,127
2024-04-03 08:50:00,0,0,28,30,43,0,0,14,115
2024-04-03 09:00:00,0,0,26,28,46,0,0,17,117
2024-04-03 09:10:00,0,0,21,34,38,0,0,26,119
2024-04-03 09:20:00,0,0,26,26,39,0,0,20,111
2024-04-03 09:30:00,0,0,18,16,48,0,0,20,102
2024-04-03 09:40:00,0,0,25,23,39,0,0,18,105
2024-04-03 09:50:00,0,0,19,31,46,0,0,19,115
2024-04-03 10:00:00,0,0,22,33,62,0,0,18,135
2024-04-03 10:10:00,0,0,32,40,46,0,0,26,144
2024-04-03 10:20:00,0,0,24,33,64,0,0,19,140
2024-04-03 10:30:00,0,0,29,35,51,0,0,27,142
2024-04-03 10:40:00,0,0,30,34,49,0,0,21,134
2024-04-03 10:50:00,0,0,26,34,52,0,0,16,128
2024-04-03 11:00:00,0,0,21,31,53,0,0,18,123
2024-04-03 11:10:00,0,0,35,41,42,0,0,20,138
2024-04-03 11:20:00,0,0,34,34,43,0,0,16,127
2024-04-03 11:30:00,0,0,24,29,65,0,0,27,145
2024-04-03 11:40:00,0,0,17,25,58,0,0,18,118
2024-04-03 11:50:00,0,0,23,33,52,0,0,19,127
2024-04-03 12:00:00,0,0,25,26,155,0,0,14,220
2024-04-03 12:10:00,0,0,29,46,56,0,0,21,152
2024-04-03 12:20:00,0,0,26,31,57,0,0,20,134
2024-04-03 12:30:00,0,0,24,45,61,0,0,19,149
2024-04-03 12:40:00,0,0,29,33,45,0,0,18,125
2024-04-03 12:50:00,0,0,27,29,72,0,0,16,144
2024-04-03 13:00:00,0,0,23,32,41,0,0,21,117
2024-04-03 13:10:00,0,0,23,39,59,0,0,24,145
2024-04-03 13:20:00,0,0,30,34,62,0,0,26,152
2024-04-03 13:30:00,0,0,27,29,62,0,0,22,140
2024-04-03 13:40:00,0,0,32,33,56,0,0,21,142
2024-04-03 13:50:00,0,0,22,32,61,0,0,20,135
2024-04-03 14:00:00,0,0,26,30,65,0,0,20,141
2024-04-03 14:10:00,0,0,27,22,65,0,0,13,127
2024-04-03 14:20:00,0,0,28,31,64,0,0,28,151
2024-04-03 14:30:00,0,0,32,37,71,0,0,23,163
2024-04-03 14:40:00,0,0,25,25,66,0,0,10,126
2024-04-03 14:50:00,0,0,27,36,66,0,0,18,147
2024-04-03 15:00:00,0,0,20,27,83,0,0,17,147
2024-04-03 15:10:00,0,0,24,32,71,0,0,22,149
2024-04-03 15:20:00,0,0,21,32,89,0,0,12,154
2024-04-03 15:30:00,0,0,25,37,101,0,0,13,176
2024-04-03 15:40:00,0,0,30,37,105,0,0,20,192
2024-04-03 15:50:00,0,0,33,46,72,0,0,17,168
2024-04-03 16:00:00,0,0,28,35,85,0,0,19,167
2024-04-03 16:10:00,0,0,22,24,104,0,0,21,171
2024-04-03 16:20:00,0,0,27,22,111,0,0,18,178
2024-04-03 16:30:00,0,0,25,28,107,0,0,23,183
2024-04-03 16:40:00,0,0,27,28,82,0,0,19,156
2024-04-03 16:50:00,0,0,27,33,104,0,0,18,182
2024-04-03 17:00:00,0,0,21,35,90,0,0,20,166
2024-04-03 17:10:00,0,0,25,34,103,0,0,13,175
2024-04-03 17:20:00,0,0,34,21,103,0,0,17,175
2024-04-03 17:30:00,0,0,46,34,100,0,0,17,197
2024-04-03 17:40:00,0,0,30,30,109,0,0,20,189
2024-04-03 17:50:00,0,0,28,37,95,0,0,20,180
2024-04-03 18:00:00,0,0,28,28,73,0,0,13,142
2024-04-03 18:10:00,0,0,18,18,86,0,0,19,141
2024-04-03 18:20:00,0,0,23,25,87,0,0,14,149
2024-04-03 18:30:00,0,0,25,27,65,0,0,15,132
2024-04-03 18:40:00,0,0,28,29,58,0,0,22,137
2024-04-03 18:50:00,0,0,24,22,48,0,0,17,111
2024-04-03 19:00:00,0,0,24,28,59,0,0,15,126
2024-04-03 19:10:00,0,0,18,27,63,0,0,19,127
2024-04-03 19:20:00,0,0,19,17,59,0,0,19,114
2024-04-03 19:30:00,0,0,25,29,50,0,0,21,125
2024-04-03 19:40:00,0,0,21,18,47,0,0,18,104
2024-04-03 19:50:00,0,0,19,25,40,0,0,19,103
2024-04-03 20:00:00,0,0,18,15,54,0,0,21,108
2024-04-03 20:10:00,0,0,16,14,34,0,0,29,93
2024-04-03 20:20:00,0,0,19,16,25,0,0,18,78
2024-04-03 20:30:00,0,0,13,18,33,0,0,23,87
2024-04-03 20:40:00,0,0,18,31,32,0,0,33,114
2024-04-03 20:50:00,0,0,17,27,20,0,0,33,97
2024-04-03 21:00:00,0,0,25,21,34,0,0,26,106
2024-04-03 21:10:00,0,0,22,24,24,0,0,32,102
2024-04-03 21:20:00,0,0,24,18,27,0,0,38,107
2024-04-03 21:30:00,0,0,25,23,22,0,0,28,98
2024-04-03 21:40:00,0,0,15,20,28,0,0,23,86
2024-04-03 21:50:00,0,0,21,27,29,0,0,17,94
2024-04-03 22:00:00,0,0,22,20,24,0,0,29,95
2024-04-03 22:10:00,0,0,12,16,29,0,0,23,80
2024-04-03 22:20:00,0,0,14,19,19,0,0,16,68
2024-04-03 22:30:00,0,0,17,13,26,0,0,23,79
2024-04-03 22:40:00,0,0,17,13,25,0,0,31,86
2024-04-03 22:50:00,0,0,17,14,23,0,0,23,77
2024-04-03 23:00:00,0,0,13,9,23,0,0,27,72
2024-04-03 23:10:00,0,0,14,15,23,0,0,16,68
2024-04-03 23:20:00,0,0,9,10,20,0,0,17,56
2024-04-03 23:30:00,0,0,8,8,13,0,0,18,47
2024-04-03 23:40:00,0,0,15,10,15,0,0,19,59
2024-04-03 23:50:00,0,0,12,9,16,0,0,20,57
2024-04-04 00:00:00,0,0,7,3,8,0,0,22,40
2024-04-04 00:10:00,0,0,5,8,11,0,0,9,33
2024-04-04 00:20:00,0,0,7,2,8,0,0,14,31
2024-04-04 00:30:00,0,0,8,5,8,0,0,17,38
2024-04-04 00:40:00,0,0,4,5,7,0,0,16,32
2024-04-04 00:50:00,0,0,5,2,6,0,0,10,23
2024-04-04 01:00:00,0,0,6,3,6,0,0,9,24
2024-04-04 01:10:00,0,0,5,3,5,0,0,7,20
2024-04-04 01:20:00,0,0,2,1,7,0,0,13,23
2024-04-04 01:30:00,0,0,10,5,4,0,0,8,27
2024-04-04 01:40:00,0,0,10,7,6,0,0,9,32
2024-04-04 01:50:00,0,0,7,5,4,0,0,7,23
2024-04-04 02:00:00,0,0,6,6,0,0,0,5,17
2024-04-04 02:10:00,0,0,4,3,3,0,0,7,17
2024-04-04 02:20:00,0,0,5,5,6,0,0,5,21
2024-04-04 02:30:00,0,0,8,4,1,0,0,4,17
2024-04-04 02:40:00,0,0,4,7,3,0,0,9,23
2024-04-04 02:50:00,0,0,3,1,4,0,0,9,17
2024-04-04 03:00:00,0,0,7,5,3,0,0,2,17
2024-04-04 03:10:00,0,0,0,0,2,0,0,6,8
2024-04-04 03:20:00,0,0,7,3,2,0,0,2,14
2024-04-04 03:30:00,0,0,6,5,0,0,0,1,12
2024-04-04 03:40:00,0,0,6,7,5,0,0,7,25
2024-04-04 03:50:00,0,0,4,2,3,0,0,4,13
2024-04-04 04:00:00,0,0,9,4,0,0,0,6,19
2024-04-04 04:10:00,0,0,6,6,1,0,0,7,20
2024-04-04 04:20:00,0,0,14,6,3,0,0,8,31
2024-04-04 04:30:00,0,0,12,9,2,0,0,8,31
2024-04-04 04:40:00,0,0,9,8,5,0,0,8,30
2024-04-04 04:50:00,0,0,15,12,4,0,0,8,39
2024-04-04 05:00:00,0,0,19,9,5,0,0,7,40
2024-04-04 05:10:00,0,0,17,13,5,0,0,13,48
2024-04-04 05:20:00,0,0,10,15,6,0,0,16,47
2024-04-04 05:30:00,0,0,22,25,16,0,0,22,85
2024-04-04 05:40:00,0,0,20,31,18,0,0,26,95
2024-04-04 05:50:00,0,0,16,22,15,0,0,20,73
2024-04-04 06:00:00,0,0,24,36,19,0,0,22,101
2024-04-04 06:10:00,0,0,19,35,20,0,0,22,96
2024-04-04 06:20:00,0,0,21,42,15,0,0,23,101
2024-04-04 06:30:00,0,0,26,37,22,0,0,20,105
2024-04-04 06:40:00,0,0,31,36,34,0,0,24,125
2024-04-04 06:50:00,0,0,31,51,39,0,0,19,140
2024-04-04 07:00:00,0,0,26,32,36,0,0,23,117
2024-04-04 07:10:00,0,0,34,44,27,0,0,17,122
2024-04-04 07:20:00,0,0,33,33,35,0,0,19,120
2024-04-04 07:30:00,0,0,28,32,115,0,0,15,190
2024-04-04 07:40:00,0,0,35,33,39,0,0,22,129
2024-04-04 07:50:00,0,0,28,31,43,0,0,14,116
2024-04-04 08:00:00,0,0,26,30,39,0,0,13,108
2024-04-04 08:10:00,0,0,38,43,35,0,0,15,131
2024-04-04 08:20:00,0,0,26,36,38,0,0,12,112
2024-04-04 08:30:00,0,0,32,37,33,0,0,19,121
2024-04-04 08:40:00,0,0,38,42,49,0,0,18,147
2024-04-04 08:50:00,0,0,17,24,36,0,0,12,89
2024-04-04 09:00:00,0,0,41,38,45,0,0,20,144
2024-04-04 09:10:00,0,0,33,36,45,0,0,20,134
2024-04-04 09:20:00,0,0,24,29,43,0,0,15,111
2024-04-04 09:30:00,0,0,23,36,42,0,0,22,123
2024-04-04 09:40:00,0,0,27,38,58,0,0,20,143
2024-04-04 09:50:00,0,0,29,37,46,0,0,15,127
2024-04-04 10:00:00,0,0,28,30,40,0,0,20,118
2024-04-04 10:10:00,0,0,38,34,46,0,0,17,135
2024-04-04 10:20:00,0,0,27,31,40,0,0,24,122
2024-04-04 10:30:00,0,0,18,40,47,0,0,14,119
2024-04-04 10:40:00,0,0,28,27,48,0,0,19,122
2024-04-04 10:50:00,0,0,27,31,44,0,0,18,120
2024-04-04 11:00:00,0,0,22,28,48,0,0,36,134
2024-04-04 11:10:00,0,0,26,31,65,0,0,20,142
2024-04-04 11:20:00,0,0,25,27,49,0,0,18,119
2024-04-04 11:30:00,0,0,24,38,57,0,0,24,143
2024-04-04 11:40:00,0,0,23,28,54,0,0,20,125
2024-04-04 11:50:00,0,0,22,32,47,0,0,23,124
2024-04-04 12:00:00,0,0,21,25,57,0,0,17,120
2024-04-04 12:10:00,0,0,29,29,69,0,0,17,144
2024-04-04 12:20:00,0,0,18,31,74,0,0,7,130
2024-04-04 12:30:00,0,0,24,29,56,0,0,16,125
2024-04-04 12:40:00,0,0,28,29,53,0,0,13,123
2024-04-04 12:50:00,0,0,24,39,60,0,0,28,151
2024-04-04 13:00:00,0,0,28,40,52,0,0,23,143
2024-04-04 13:10:00,0,0,26,32,59,0,0,17,134
2024-04-04 13:20:00,0,0,18,25,55,0,0,23,121
2024-04-04 13:30:00,0,0,18,30,53,0,0,5,106
2024-04-04 13:40:00,0,0,24,19,69,0,0,8,120
2024-04-04 13:50:00,0,0,20,32,65,0,0,20,137
2024-04-04 14:00:00,0,0,28,37,65,0,0,21,151
2024-04-04 14:10:00,0,0,27,35,73,0,0,22,157
2024-04-04 14:20:00,0,0,19,21,71,0,0,17,128
2024-04-04 14:30:00,0,0,26,31,77,0,0,16,150
2024-04-04 14:40:00,0,0,30,29,70,0,0,20,149
2024-04-04 14:50:00,0,0,20,39,93,0,0,19,171
2024-04-04 15:00:00,0,0,23,32,77,0,0,23,155
2024-04-04 15:10:00,0,0,18,30,87,0,0,20,155
2024-04-04 15:20:00,0,0,20,32,109,0,0,15,176
2024-04-04 15:30:00,0,0,34,29,99,0,0,19,181
2024-04-04 15:40:00,0,0,22,26,90,0,0,16,154
2024-04-04 15:50:00,0,0,29,38,91,0,0,13,171
2024-04-04 16:00:00,0,0,30,27,85,0,0,19,161
2024-04-04 16:10:00,0,0,25,22,91,0,0,23,161
2024-04-04 16:20:00,0,0,26,26,93,0,0,15,160
2024-04-04 16:30:00,0,0,34,40,102,0,0,19,195
2024-04-04 16:40:00,0,0,27,34,110,0,0,15,186
2024-04-04 16:50:00,0,0,31,31,101,0,0,15,178
2024-04-04 17:00:00,0,0,26,27,88,0,0,20,161
2024-04-04 17:10:00,0,0,29,30,81,0,0,22,162
2024-04-04 17:20:00,0,0,29,37,101,0,0,10,177
2024-04-04 17:30:00,0,0,28,32,75,0,0,17,152
2024-04-04 17:40:00,0,0,32,26,79,0,0,15,152
2024-04-04 17:50:00,0,0,29,36,76,0,0,23,164
2024-04-04 18:00:00,0,0,27,26,94,0,0,15,162
2024-04-04 18:10:00,0,0,19,28,78,0,0,7,132
2024-04-04 18:20:00,0,0,26,35,95,0,0,10,166
2024-04-04 18:30:00,0,0,31,28,84,0,0,16,159
2024-04-04 18:40:00,0,0,24,21,66,0,0,18,129
2024-04-04 18:50:00,0,0,22,20,60,0,0,17,119
2024-04-04 19:00:00,0,0,27,28,61,0,0,16,132
2024-04-04 19:10:00,0,0,24,27,56,0,0,18,125
2024-04-04 19:20:00,0,0,19,21,69,0,0,14,123
2024-04-04 19:30:00,0,0,14,20,64,0,0,16,114
2024-04-04 19:40:00,0,0,24,31,38,0,0,18,111
2024-04-04 19:50:00,0,0,18,19,46,0,0,27,110
2024-04-04 20:00:00,0,0,16,20,48,0,0,30,114
2024-04-04 20:10:00,0,0,24,16,43,0,0,29,112
2024-04-04 20:20:00,0,0,16,8,21,0,0,22,67
2024-04-04 20:30:00,0,0,19,17,42,0,0,30,108
2024-04-04 20:40:00,0,0,18,23,34,0,0,30,105
2024-04-04 20:50:00,0,0,17,14,32,0,0,24,87
2024-04-04 21:00:00,0,0,16,19,26,0,0,29,90
2024-04-04 21:10:00,0,0,24,21,20,0,0,36,101
2024-04-04 21:20:00,0,0,24,12,36,0,0,35,107
2024-04-04 21:30:00,0,0,18,16,37,0,0,31,102
2024-04-04 21:40:00,0,0,14,18,21,0,0,35,88
2024-04-04 21:50:00,0,0,23,18,30,0,0,33,104
2024-04-04 22:00:00,0,0,17,9,31,0,0,35,92
2024-04-04 22:10:00,0,0,16,24,30,0,0,33,103
2024-04-04 22:20:00,0,0,13,11,27,0,0,33,84
2024-04-04 22:30:00,0,0,19,11,20,0,0,24,74
2024-04-04 22:40:00,0,0,19,11,25,0,0,36,91
2024-04-04 22:50:00,0,0,16,11,28,0,0,35,90
2024-04-04 23:00:00,0,0,20,12,27,0,0,28,87
2024-04-04 23:10:00,0,0,17,13,19,0,0,19,68
2024-04-04 23:20:00,0,0,11,13,16,0,0,18,58
2024-04-04 23:30:00,0,0,8,9,7,0,0,15,39
2024-04-04 23:40:00,0,0,6,9,21,0,0,20,56
2024-04-04 23:50:00,0,0,9,8,16,0,0,25,58
2024-04-05 00:00:00,0,0,14,10,11,0,0,21,56
2024-04-05 00:10:00,0,0,7,10,14,0,0,19,50
2024-04-05 00:20:00,0,0,9,7,7,0,0,12,35
2024-04-05 00:30:00,0,0,13,8,4,0,0,8,33
2024-04-05 00:40:00,0,0,6,4,8,0,0,10,28
2024-04-05 00:50:00,0,0,5,3,3,0,0,7,18
2024-04-05 01:00:00,0,0,9,3,5,0,0,8,25
2024-04-05 01:10:00,0,0,9,6,2,0,0,8,25
2024-04-05 01:20:00,0,0,5,7,5,0,0,8,25
2024-04-05 01:30:00,0,0,7,6,6,0,0,11,30
2024-04-05 01:40:00,0,0,9,4,3,0,0,7,23
2024-04-05 01:50:00,0,0,1,2,2,0,0,6,11
2024-04-05 02:00:00,0,0,0,0,0,0,0,0,0
