datetime,V21Z,V22Z,V52Z,V81Z,V82Z,Total
2024-03-01 01:00:00,3,3,0,0,0,6
2024-03-01 01:10:00,4,0,0,1,4,9
2024-03-01 01:20:00,7,0,0,0,5,12
2024-03-01 01:30:00,4,0,0,0,2,6
2024-03-01 01:40:00,1,0,0,0,2,3
2024-03-01 01:50:00,2,0,0,0,1,3
2024-03-01 02:00:00,1,0,0,0,1,2
2024-03-01 02:10:00,3,2,2,0,2,9
2024-03-01 02:20:00,2,1,0,0,1,4
2024-03-01 02:30:00,0,0,0,0,0,0
2024-03-01 02:40:00,0,0,0,1,0,1
2024-03-01 02:50:00,1,0,0,0,3,4
2024-03-01 03:00:00,3,0,0,0,2,5
2024-03-01 03:10:00,3,0,0,0,0,3
2024-03-01 03:20:00,7,0,0,0,3,10
2024-03-01 03:30:00,1,0,0,0,2,3
2024-03-01 03:40:00,2,0,0,1,0,3
2024-03-01 03:50:00,5,0,0,0,2,7
2024-03-01 04:00:00,1,0,0,0,0,1
2024-03-01 04:10:00,2,0,2,0,3,7
2024-03-01 04:20:00,3,0,0,1,3,7
2024-03-01 04:30:00,3,0,0,0,3,6
2024-03-01 04:40:00,0,0,3,0,2,5
2024-03-01 04:50:00,2,0,0,1,0,3
2024-03-01 05:00:00,8,0,0,0,3,11
2024-03-01 05:10:00,6,0,0,0,10,16
2024-03-01 05:20:00,5,0,0,0,9,14
2024-03-01 05:30:00,7,1,2,3,6,19
2024-03-01 05:40:00,11,0,1,1,7,20
2024-03-01 05:50:00,6,1,0,0,8,15
2024-03-01 06:00:00,6,0,2,3,7,18
2024-03-01 06:10:00,7,0,2,3,11,23
2024-03-01 06:20:00,15,0,3,3,14,35
2024-03-01 06:30:00,13,0,4,5,16,38
2024-03-01 06:40:00,9,2,5,3,23,42
2024-03-01 06:50:00,23,2,6,3,31,65
2024-03-01 07:00:00,14,2,6,5,41,68
2024-03-01 07:10:00,19,10,12,5,38,84
2024-03-01 07:20:00,23,7,8,10,38,86
2024-03-01 07:30:00,24,4,13,17,37,95
2024-03-01 07:40:00,27,4,11,10,41,93
2024-03-01 07:50:00,21,7,10,10,35,83
2024-03-01 08:00:00,26,7,14,6,50,103
2024-03-01 08:10:00,27,3,9,14,45,98
2024-03-01 08:20:00,23,7,10,9,39,88
2024-03-01 08:30:00,25,10,11,7,33,86
2024-03-01 08:40:00,27,5,12,4,40,88
2024-03-01 08:50:00,31,5,7,6,27,76
2024-03-01 09:00:00,25,6,9,8,30,78
2024-03-01 09:10:00,26,6,8,3,31,74
2024-03-01 09:20:00,30,10,8,3,42,93
2024-03-01 09:30:00,21,11,8,1,38,79
2024-03-01 09:40:00,19,4,13,7,41,84
2024-03-01 09:50:00,27,5,10,4,29,75
2024-03-01 10:00:00,21,5,3,4,38,71
2024-03-01 10:10:00,35,4,4,3,50,96
2024-03-01 10:20:00,31,4,5,3,43,86
2024-03-01 10:30:00,29,4,11,4,35,83
2024-03-01 10:40:00,25,1,10,1,36,73
2024-03-01 10:50:00,27,4,3,1,44,79
2024-03-01 11:00:00,33,10,8,2,43,96
2024-03-01 11:10:00,25,3,9,4,35,76
2024-03-01 11:20:00,26,7,8,2,44,87
2024-03-01 11:30:00,28,5,11,5,36,85
2024-03-01 11:40:00,28,5,13,80,36,162
2024-03-01 11:50:00,30,8,13,1,38,90
2024-03-01 12:00:00,28,8,6,2,39,83
2024-03-01 12:10:00,40,11,9,4,33,97
2024-03-01 12:20:00,40,6,9,7,42,104
2024-03-01 12:30:00,36,9,10,12,41,108
2024-03-01 12:40:00,40,4,11,4,53,112
2024-03-01 12:50:00,33,5,10,5,43,96
2024-03-01 13:00:00,45,8,14,2,29,98
2024-03-01 13:10:00,35,12,7,9,42,105
2024-03-01 13:20:00,41,9,7,5,46,108
2024-03-01 13:30:00,44,9,9,7,31,100
2024-03-01 13:40:00,43,8,10,7,41,109
2024-03-01 13:50:00,38,9,10,7,37,101
2024-03-01 14:00:00,31,6,7,4,30,78
2024-03-01 14:10:00,48,8,6,6,34,102
2024-03-01 14:20:00,45,8,9,4,40,106
2024-03-01 14:30:00,37,6,10,3,44,100
2024-03-01 14:40:00,48,8,7,4,35,102
2024-03-01 14:50:00,41,7,9,5,47,109
2024-03-01 15:00:00,36,8,6,9,40,99
2024-03-01 15:10:00,45,7,9,3,37,101
2024-03-01 15:20:00,49,15,6,5,32,107
2024-03-01 15:30:00,42,13,9,3,39,106
2024-03-01 15:40:00,38,4,9,6,35,92
2024-03-01 15:50:00,50,4,11,4,42,111
2024-03-01 16:00:00,37,6,8,5,41,97
2024-03-01 16:10:00,32,6,7,3,37,85
2024-03-01 16:20:00,40,9,6,8,29,92
2024-03-01 16:30:00,56,10,12,1,28,107
2024-03-01 16:40:00,37,8,24,7,44,120
2024-03-01 16:50:00,46,8,21,5,37,117
2024-03-01 17:00:00,44,6,13,4,33,100
2024-03-01 17:10:00,34,7,5,6,39,91
2024-03-01 17:20:00,44,7,5,2,40,98
2024-03-01 17:30:00,43,14,6,6,34,103
2024-03-01 17:40:00,36,11,10,8,33,98
2024-03-01 17:50:00,40,6,8,3,37,94
2024-03-01 18:00:00,50,15,12,5,33,115
2024-03-01 18:10:00,41,12,11,6,24,94
2024-03-01 18:20:00,39,10,16,11,35,111
2024-03-01 18:30:00,64,5,10,1,30,110
2024-03-01 18:40:00,37,4,12,5,34,92
2024-03-01 18:50:00,50,15,6,6,25,102
2024-03-01 19:00:00,47,5,9,5,26,92
2024-03-01 19:10:00,44,9,3,2,25,83
2024-03-01 19:20:00,44,11,6,5,27,93
2024-03-01 19:30:00,27,10,7,2,26,72
2024-03-01 19:40:00,44,15,10,2,22,93
2024-03-01 19:50:00,26,11,9,1,22,69
2024-03-01 20:00:00,35,11,10,6,19,81
2024-03-01 20:10:00,34,11,9,1,25,80
2024-03-01 20:20:00,35,4,2,1,18,60
2024-03-01 20:30:00,19,6,0,2,15,42
2024-03-01 20:40:00,19,11,4,3,14,51
2024-03-01 20:50:00,29,11,4,2,13,59
2024-03-01 21:00:00,23,2,5,1,11,42
2024-03-01 21:10:00,34,11,2,0,11,58
2024-03-01 21:20:00,24,8,2,2,20,56
2024-03-01 21:30:00,20,5,1,1,8,35
2024-03-01 21:40:00,46,7,1,1,12,67
2024-03-01 21:50:00,38,3,8,0,12,61
2024-03-01 22:00:00,21,2,7,0,12,42
2024-03-01 22:10:00,37,4,0,0,17,58
2024-03-01 22:20:00,27,3,2,1,13,46
2024-03-01 22:30:00,36,7,0,0,7,50
2024-03-01 22:40:00,27,7,0,0,13,47
2024-03-01 22:50:00,16,12,0,2,9,39
2024-03-01 23:00:00,20,10,1,1,10,42
2024-03-01 23:10:00,19,6,5,0,12,42
2024-03-01 23:20:00,17,5,2,0,8,32
2024-03-01 23:30:00,20,2,4,0,1,27
2024-03-01 23:40:00,16,2,0,0,6,24
2024-03-01 23:50:00,21,2,1,0,13,37
2024-03-02 00:00:00,18,1,0,0,7,26
2024-03-02 00:10:00,14,2,0,0,6,22
2024-03-02 00:20:00,13,7,2,0,7,29
2024-03-02 00:30:00,14,2,0,0,7,23
2024-03-02 00:40:00,15,2,0,1,8,26
2024-03-02 00:50:00,9,0,0,0,4,13
2024-03-02 01:00:00,15,2,2,1,3,23
2024-03-02 01:10:00,13,3,0,0,4,20
2024-03-02 01:20:00,4,0,0,0,6,10
2024-03-02 01:30:00,9,2,0,0,3,14
2024-03-02 01:40:00,5,0,0,0,5,10
2024-03-02 01:50:00,10,5,2,0,1,18
2024-03-02 02:00:00,13,2,2,2,2,21
2024-03-02 02:10:00,3,0,0,0,4,7
2024-03-02 02:20:00,15,2,0,14,2,33
2024-03-02 02:30:00,9,2,1,0,3,15
2024-03-02 02:40:00,7,0,0,1,2,10
2024-03-02 02:50:00,4,0,0,0,5,9
2024-03-02 03:00:00,4,0,0,0,3,7
2024-03-02 03:10:00,3,0,0,0,5,8
2024-03-02 03:20:00,2,0,0,0,4,6
2024-03-02 03:30:00,4,0,0,0,0,4
2024-03-02 03:40:00,8,0,0,0,2,10
2024-03-02 03:50:00,6,0,0,0,1,7
2024-03-02 04:00:00,7,0,2,1,0,10
2024-03-02 04:10:00,2,2,2,0,3,9
2024-03-02 04:20:00,5,1,0,0,1,7
2024-03-02 04:30:00,1,2,0,2,3,8
2024-03-02 04:40:00,2,1,2,0,0,5
2024-03-02 04:50:00,3,0,0,0,4,7
2024-03-02 05:00:00,2,0,0,0,4,6
2024-03-02 05:10:00,0,0,1,0,6,7
2024-03-02 05:20:00,2,0,2,0,5,9
2024-03-02 05:30:00,1,0,0,0,3,4
2024-03-02 05:40:00,3,0,0,1,2,6
2024-03-02 05:50:00,5,0,0,0,1,6
2024-03-02 06:00:00,5,0,0,0,2,7
2024-03-02 06:10:00,3,0,0,1,1,5
2024-03-02 06:20:00,1,0,0,0,3,4
2024-03-02 06:30:00,5,2,2,0,9,18
2024-03-02 06:40:00,6,0,4,1,6,17
2024-03-02 06:50:00,5,1,1,0,9,16
2024-03-02 07:00:00,4,0,4,0,12,20
2024-03-02 07:10:00,6,0,1,0,5,12
2024-03-02 07:20:00,4,0,1,0,8,13
2024-03-02 07:30:00,8,2,6,1,16,33
2024-03-02 07:40:00,10,3,4,0,9,26
2024-03-02 07:50:00,10,0,1,1,21,33
2024-03-02 08:00:00,11,2,7,4,13,37
2024-03-02 08:10:00,12,1,4,1,19,37
2024-03-02 08:20:00,10,5,5,3,21,44
2024-03-02 08:30:00,15,2,5,3,25,50
2024-03-02 08:40:00,16,7,5,4,13,45
2024-03-02 08:50:00,24,10,3,2,27,66
2024-03-02 09:00:00,18,3,10,3,28,62
2024-03-02 09:10:00,15,1,11,2,22,51
2024-03-02 09:20:00,16,3,13,2,32,66
2024-03-02 09:30:00,20,4,10,3,27,64
2024-03-02 09:40:00,30,2,11,4,40,87
2024-03-02 09:50:00,25,7,9,4,38,83
2024-03-02 10:00:00,25,8,10,4,26,73
2024-03-02 10:10:00,26,4,3,1,34,68
2024-03-02 10:20:00,33,6,9,5,24,77
2024-03-02 10:30:00,26,3,10,2,28,69
2024-03-02 10:40:00,32,8,10,4,43,97
2024-03-02 10:50:00,26,8,8,6,35,83
2024-03-02 11:00:00,25,6,11,2,40,84
2024-03-02 11:10:00,32,4,6,4,30,76
2024-03-02 11:20:00,29,7,10,3,28,77
2024-03-02 11:30:00,26,5,13,3,33,80
2024-03-02 11:40:00,29,9,11,3,29,81
2024-03-02 11:50:00,29,9,15,1,31,85
2024-03-02 12:00:00,25,7,8,4,38,82
2024-03-02 12:10:00,27,7,7,6,31,78
2024-03-02 12:20:00,31,4,4,8,35,82
2024-03-02 12:30:00,40,12,6,5,45,108
2024-03-02 12:40:00,27,5,7,5,29,73
2024-03-02 12:50:00,29,5,5,6,47,92
2024-03-02 13:00:00,35,11,12,5,46,109
2024-03-02 13:10:00,21,5,11,7,9,53
2024-03-02 13:20:00,31,9,4,15,7,66
2024-03-02 13:30:00,29,7,9,9,6,60
2024-03-02 13:40:00,23,8,20,10,17,78
2024-03-02 13:50:00,21,7,11,2,5,46
2024-03-02 14:00:00,29,3,21,7,2,62
2024-03-02 14:10:00,25,10,19,8,5,67
2024-03-02 14:20:00,25,8,14,2,15,64
2024-03-02 14:30:00,28,12,22,12,32,106
2024-03-02 14:40:00,43,5,9,4,29,90
2024-03-02 14:50:00,29,8,13,5,28,83
2024-03-02 15:00:00,36,12,8,4,41,101
2024-03-02 15:10:00,50,6,7,2,27,92
2024-03-02 15:20:00,35,13,9,3,31,91
2024-03-02 15:30:00,33,12,11,3,36,95
2024-03-02 15:40:00,35,14,8,3,37,97
2024-03-02 15:50:00,26,13,14,8,28,89
2024-03-02 16:00:00,32,7,11,5,19,74
2024-03-02 16:10:00,34,8,9,7,24,82
2024-03-02 16:20:00,27,3,7,7,31,75
2024-03-02 16:30:00,36,10,7,8,26,87
2024-03-02 16:40:00,23,6,6,6,32,73
2024-03-02 16:50:00,21,8,9,4,29,71
2024-03-02 17:00:00,27,5,7,7,30,76
2024-03-02 17:10:00,30,5,9,6,39,89
2024-03-02 17:20:00,40,9,6,8,36,99
2024-03-02 17:30:00,36,6,10,6,42,100
2024-03-02 17:40:00,41,11,8,5,36,101
2024-03-02 17:50:00,35,8,14,5,31,93
2024-03-02 18:00:00,31,6,12,8,28,85
2024-03-02 18:10:00,30,9,10,2,33,84
2024-03-02 18:20:00,31,15,11,6,26,89
2024-03-02 18:30:00,61,18,3,3,27,112
2024-03-02 18:40:00,58,12,8,4,36,118
2024-03-02 18:50:00,48,9,5,2,32,96
2024-03-02 19:00:00,47,3,7,1,31,89
2024-03-02 19:10:00,51,10,6,1,17,85
2024-03-02 19:20:00,55,5,6,2,24,92
2024-03-02 19:30:00,25,7,6,3,28,69
2024-03-02 19:40:00,27,7,6,3,19,62
2024-03-02 19:50:00,31,6,5,0,13,55
2024-03-02 20:00:00,30,10,7,1,19,67
2024-03-02 20:10:00,33,4,0,0,19,56
2024-03-02 20:20:00,32,7,4,2,23,68
2024-03-02 20:30:00,46,5,2,1,23,77
2024-03-02 20:40:00,34,1,1,0,20,56
2024-03-02 20:50:00,33,2,3,0,20,58
2024-03-02 21:00:00,37,4,0,0,13,54
2024-03-02 21:10:00,31,4,6,1,12,54
2024-03-02 21:20:00,26,4,1,2,13,46
2024-03-02 21:30:00,21,5,3,0,6,35
2024-03-02 21:40:00,27,0,3,0,15,45
2024-03-02 21:50:00,17,0,3,0,12,32
2024-03-02 22:00:00,23,5,0,0,12,40
2024-03-02 22:10:00,20,6,3,0,14,43
2024-03-02 22:20:00,28,1,4,2,19,54
2024-03-02 22:30:00,29,2,4,2,10,47
2024-03-02 22:40:00,28,2,6,1,7,44
2024-03-02 22:50:00,18,12,5,0,12,47
2024-03-02 23:00:00,30,2,4,2,8,46
2024-03-02 23:10:00,27,1,3,1,10,42
2024-03-02 23:20:00,21,4,4,1,12,42
2024-03-02 23:30:00,14,4,0,0,10,28
2024-03-02 23:40:00,12,4,2,0,5,23
2024-03-02 23:50:00,15,2,0,1,6,24
2024-03-03 00:00:00,22,4,2,1,8,37
2024-03-03 00:10:00,11,2,0,0,15,28
2024-03-03 00:20:00,24,6,1,2,9,42
2024-03-03 00:30:00,12,0,3,0,2,17
2024-03-03 00:40:00,14,2,2,0,7,25
2024-03-03 00:50:00,25,2,0,0,14,41
2024-03-03 01:00:00,9,0,0,0,3,12
2024-03-03 01:10:00,7,0,2,1,4,14
2024-03-03 01:20:00,19,3,2,0,6,30
2024-03-03 01:30:00,13,0,0,0,7,20
2024-03-03 01:40:00,12,4,0,0,6,22
2024-03-03 01:50:00,15,1,0,1,3,20
2024-03-03 02:00:00,7,5,1,3,8,24
2024-03-03 02:10:00,8,4,3,0,5,20
2024-03-03 02:20:00,6,3,0,0,7,16
2024-03-03 02:30:00,3,0,0,0,4,7
2024-03-03 02:40:00,4,0,1,0,2,7
2024-03-03 02:50:00,7,0,0,0,2,9
2024-03-03 03:00:00,10,2,0,2,3,17
2024-03-03 03:10:00,5,0,0,0,4,9
2024-03-03 03:20:00,9,2,0,0,1,12
2024-03-03 03:30:00,5,1,0,0,4,10
2024-03-03 03:40:00,1,0,0,0,4,5
2024-03-03 03:50:00,6,1,0,1,2,10
2024-03-03 04:00:00,4,2,0,0,4,10
2024-03-03 04:10:00,5,0,2,0,0,7
2024-03-03 04:20:00,2,1,0,0,1,4
2024-03-03 04:30:00,1,0,0,0,2,3
2024-03-03 04:40:00,2,0,0,0,4,6
2024-03-03 04:50:00,1,1,2,0,1,5
2024-03-03 05:00:00,5,0,0,0,0,5
2024-03-03 05:10:00,3,1,1,0,4,9
2024-03-03 05:20:00,1,1,0,0,5,7
2024-03-03 05:30:00,2,1,0,0,2,5
2024-03-03 05:40:00,7,0,0,0,2,9
2024-03-03 05:50:00,4,0,0,0,1,5
2024-03-03 06:00:00,3,0,0,0,2,5
2024-03-03 06:10:00,0,0,0,0,4,4
2024-03-03 06:20:00,4,0,0,0,1,5
2024-03-03 06:30:00,2,2,0,0,5,9
2024-03-03 06:40:00,7,0,0,0,1,8
2024-03-03 06:50:00,5,0,1,0,6,12
2024-03-03 07:00:00,3,1,0,0,3,7
2024-03-03 07:10:00,2,0,0,0,6,8
2024-03-03 07:20:00,4,1,2,0,3,10
2024-03-03 07:30:00,6,1,1,1,4,13
2024-03-03 07:40:00,4,1,3,0,4,12
2024-03-03 07:50:00,3,1,4,0,4,12
2024-03-03 08:00:00,3,4,0,0,2,9
2024-03-03 08:10:00,9,2,0,0,5,16
2024-03-03 08:20:00,11,0,2,0,9,22
2024-03-03 08:30:00,6,3,4,0,8,21
2024-03-03 08:40:00,5,4,3,2,19,33
2024-03-03 08:50:00,5,6,5,2,16,34
2024-03-03 09:00:00,8,4,4,0,11,27
2024-03-03 09:10:00,13,2,4,2,19,40
2024-03-03 09:20:00,18,12,5,2,27,64
2024-03-03 09:30:00,13,3,10,1,21,48
2024-03-03 09:40:00,20,5,10,2,30,67
2024-03-03 09:50:00,14,4,10,5,29,62
2024-03-03 10:00:00,18,7,8,2,27,62
2024-03-03 10:10:00,22,2,5,2,25,56
2024-03-03 10:20:00,19,2,0,4,19,44
2024-03-03 10:30:00,17,2,2,4,30,55
2024-03-03 10:40:00,27,1,4,2,21,55
2024-03-03 10:50:00,20,6,7,3,27,63
2024-03-03 11:00:00,25,7,3,2,29,66
2024-03-03 11:10:00,21,3,11,4,20,59
2024-03-03 11:20:00,18,3,14,1,27,63
2024-03-03 11:30:00,21,7,7,3,30,68
2024-03-03 11:40:00,29,4,8,4,35,80
2024-03-03 11:50:00,31,11,12,4,27,85
2024-03-03 12:00:00,27,6,6,3,22,64
2024-03-03 12:10:00,25,7,7,5,25,69
2024-03-03 12:20:00,30,12,3,6,28,79
2024-03-03 12:30:00,40,3,5,3,32,83
2024-03-03 12:40:00,34,4,4,4,29,75
2024-03-03 12:50:00,31,8,10,0,27,76
2024-03-03 13:00:00,24,5,3,8,19,59
2024-03-03 13:10:00,35,9,6,1,32,83
2024-03-03 13:20:00,26,7,9,11,33,86
2024-03-03 13:30:00,38,8,7,5,24,82
2024-03-03 13:40:00,22,9,8,4,29,72
2024-03-03 13:50:00,31,6,11,4,25,77
2024-03-03 14:00:00,26,6,11,3,21,67
2024-03-03 14:10:00,31,5,6,2,29,73
2024-03-03 14:20:00,26,9,6,3,27,71
2024-03-03 14:30:00,24,8,4,5,32,73
2024-03-03 14:40:00,39,12,9,8,25,93
2024-03-03 14:50:00,28,5,9,4,21,67
2024-03-03 15:00:00,24,14,10,8,34,90
2024-03-03 15:10:00,31,10,13,6,29,89
2024-03-03 15:20:00,44,4,8,6,31,93
2024-03-03 15:30:00,30,7,7,2,25,71
2024-03-03 15:40:00,33,8,9,5,36,91
2024-03-03 15:50:00,20,9,7,4,25,65
2024-03-03 16:00:00,32,6,4,2,26,70
2024-03-03 16:10:00,36,6,5,3,38,88
2024-03-03 16:20:00,22,13,8,5,26,74
2024-03-03 16:30:00,30,10,7,6,32,85
2024-03-03 16:40:00,19,6,5,3,28,61
2024-03-03 16:50:00,40,5,11,4,17,77
2024-03-03 17:00:00,27,10,5,7,18,67
2024-03-03 17:10:00,29,7,11,7,32,86
2024-03-03 17:20:00,18,5,5,3,26,57
2024-03-03 17:30:00,34,4,9,6,29,82
2024-03-03 17:40:00,33,12,16,9,27,97
2024-03-03 17:50:00,28,3,2,5,45,83
2024-03-03 18:00:00,24,10,5,7,28,74
2024-03-03 18:10:00,31,4,4,4,29,72
2024-03-03 18:20:00,19,7,8,10,19,63
2024-03-03 18:30:00,35,12,7,6,22,82
2024-03-03 18:40:00,27,2,13,5,26,73
2024-03-03 18:50:00,36,4,7,3,14,64
2024-03-03 19:00:00,27,8,5,3,25,68
2024-03-03 19:10:00,24,9,2,2,22,59
2024-03-03 19:20:00,22,10,11,1,17,61
2024-03-03 19:30:00,20,9,4,0,20,53
2024-03-03 19:40:00,42,15,10,0,18,85
2024-03-03 19:50:00,24,7,1,1,13,46
2024-03-03 20:00:00,45,3,2,3,13,66
2024-03-03 20:10:00,19,3,2,2,12,38
2024-03-03 20:20:00,29,2,0,0,15,46
2024-03-03 20:30:00,24,2,0,1,20,47
2024-03-03 20:40:00,18,9,1,2,18,48
2024-03-03 20:50:00,19,5,4,1,11,40
2024-03-03 21:00:00,28,3,2,0,15,48
2024-03-03 21:10:00,28,3,2,3,9,45
2024-03-03 21:20:00,28,3,3,2,7,43
2024-03-03 21:30:00,21,8,2,0,5,36
2024-03-03 21:40:00,9,4,2,0,11,26
2024-03-03 21:50:00,27,6,2,0,9,44
2024-03-03 22:00:00,16,3,0,0,11,30
2024-03-03 22:10:00,36,2,2,0,6,46
2024-03-03 22:20:00,23,3,1,0,9,36
2024-03-03 22:30:00,8,0,1,0,4,13
2024-03-03 22:40:00,16,3,0,0,10,29
2024-03-03 22:50:00,3,1,0,0,6,10
2024-03-03 23:00:00,12,1,0,0,4,17
2024-03-03 23:10:00,3,0,2,0,4,9
2024-03-03 23:20:00,7,0,0,0,2,9
2024-03-03 23:30:00,1,0,0,0,1,2
2024-03-03 23:40:00,8,0,0,1,1,10
2024-03-03 23:50:00,6,0,0,0,5,11
2024-03-04 00:00:00,2,0,0,0,4,6
2024-03-04 00:10:00,5,2,0,0,1,8
2024-03-04 00:20:00,4,0,0,0,4,8
2024-03-04 00:30:00,6,2,0,0,1,9
2024-03-04 00:40:00,1,1,0,0,3,5
2024-03-04 00:50:00,1,0,0,0,1,2
2024-03-04 01:00:00,6,0,0,0,2,8
2024-03-04 01:10:00,4,0,0,0,3,7
2024-03-04 01:20:00,2,1,0,0,2,5
2024-03-04 01:30:00,4,0,0,1,0,5
2024-03-04 01:40:00,1,0,0,0,0,1
2024-03-04 01:50:00,3,0,2,0,1,6
2024-03-04 02:00:00,1,0,0,0,0,1
2024-03-04 02:10:00,3,0,0,0,2,5
2024-03-04 02:20:00,0,0,0,0,2,2
2024-03-04 02:30:00,5,0,0,0,0,5
2024-03-04 02:40:00,2,0,0,1,0,3
2024-03-04 02:50:00,2,0,0,0,0,2
2024-03-04 03:00:00,0,0,0,2,1,3
2024-03-04 03:10:00,2,0,0,0,0,2
2024-03-04 03:20:00,0,0,0,0,1,1
2024-03-04 03:30:00,0,0,0,0,1,1
2024-03-04 03:40:00,1,0,0,0,0,1
2024-03-04 03:50:00,0,0,0,1,0,1
2024-03-04 04:00:00,3,1,0,0,1,5
2024-03-04 04:10:00,4,0,3,0,0,7
2024-03-04 04:20:00,0,0,2,1,3,6
2024-03-04 04:30:00,0,0,0,0,1,1
2024-03-04 04:40:00,3,0,2,0,1,6
2024-03-04 04:50:00,3,0,0,2,1,6
2024-03-04 05:00:00,4,0,0,0,4,8
2024-03-04 05:10:00,12,0,2,2,16,32
2024-03-04 05:20:00,4,2,0,1,5,12
2024-03-04 05:30:00,2,2,6,0,4,14
2024-03-04 05:40:00,3,0,2,8,9,22
2024-03-04 05:50:00,7,0,2,2,9,20
2024-03-04 06:00:00,7,0,1,6,14,28
2024-03-04 06:10:00,12,0,4,4,11,31
2024-03-04 06:20:00,16,0,2,0,16,34
2024-03-04 06:30:00,11,0,8,2,16,37
2024-03-04 06:40:00,17,0,13,4,25,59
2024-03-04 06:50:00,7,1,8,4,26,46
2024-03-04 07:00:00,11,3,7,10,35,66
2024-03-04 07:10:00,21,7,9,8,31,76
2024-03-04 07:20:00,33,4,14,12,49,112
2024-03-04 07:30:00,30,8,14,15,44,111
2024-03-04 07:40:00,24,8,11,19,45,107
2024-03-04 07:50:00,27,3,10,13,48,101
2024-03-04 08:00:00,27,2,13,12,37,91
2024-03-04 08:10:00,30,4,11,14,55,114
2024-03-04 08:20:00,35,6,14,6,42,103
2024-03-04 08:30:00,40,11,8,6,43,108
2024-03-04 08:40:00,31,6,18,7,33,95
2024-03-04 08:50:00,35,8,10,11,39,103
2024-03-04 09:00:00,26,5,4,4,35,74
2024-03-04 09:10:00,31,5,11,4,30,81
2024-03-04 09:20:00,35,3,9,5,38,90
2024-03-04 09:30:00,18,4,10,4,35,71
2024-03-04 09:40:00,24,4,12,3,33,76
2024-03-04 09:50:00,23,11,8,4,42,88
2024-03-04 10:00:00,17,4,9,2,39,71
2024-03-04 10:10:00,28,7,11,7,34,87
2024-03-04 10:20:00,31,3,7,4,25,70
2024-03-04 10:30:00,27,3,5,5,42,82
2024-03-04 10:40:00,31,3,6,6,34,80
2024-03-04 10:50:00,21,13,8,2,31,75
2024-03-04 11:00:00,29,5,7,7,35,83
2024-03-04 11:10:00,32,3,6,5,36,82
2024-03-04 11:20:00,28,4,10,4,46,92
2024-03-04 11:30:00,30,7,10,6,41,94
2024-03-04 11:40:00,26,7,5,2,36,76
2024-03-04 11:50:00,27,4,5,6,31,73
2024-03-04 12:00:00,32,4,7,2,40,85
2024-03-04 12:10:00,36,10,8,3,33,90
2024-03-04 12:20:00,30,9,6,2,41,88
2024-03-04 12:30:00,33,3,11,5,41,93
2024-03-04 12:40:00,30,7,8,6,34,85
2024-03-04 12:50:00,27,4,10,1,37,79
2024-03-04 13:00:00,29,8,10,5,28,80
2024-03-04 13:10:00,28,7,8,4,32,79
2024-03-04 13:20:00,36,10,12,3,25,86
2024-03-04 13:30:00,32,5,3,1,36,77
2024-03-04 13:40:00,38,9,9,4,29,89
2024-03-04 13:50:00,31,7,10,3,28,79
2024-03-04 14:00:00,37,8,7,8,39,99
2024-03-04 14:10:00,24,7,8,2,32,73
2024-03-04 14:20:00,27,8,11,1,41,88
2024-03-04 14:30:00,32,6,8,3,34,83
2024-03-04 14:40:00,31,4,11,1,26,73
2024-03-04 14:50:00,39,7,5,2,31,84
2024-03-04 15:00:00,38,9,6,4,40,97
2024-03-04 15:10:00,37,3,8,19,35,102
2024-03-04 15:20:00,35,6,9,2,36,88
2024-03-04 15:30:00,32,8,9,4,37,90
2024-03-04 15:40:00,47,8,9,9,43,116
2024-03-04 15:50:00,32,6,13,6,29,86
2024-03-04 16:00:00,32,7,10,6,42,97
2024-03-04 16:10:00,41,7,9,3,32,92
2024-03-04 16:20:00,37,9,11,10,25,92
2024-03-04 16:30:00,48,4,8,3,38,101
2024-03-04 16:40:00,43,10,10,5,35,103
2024-03-04 16:50:00,36,7,6,3,36,88
2024-03-04 17:00:00,48,11,10,5,27,101
2024-03-04 17:10:00,44,7,10,10,39,110
2024-03-04 17:20:00,41,16,4,9,34,104
2024-03-04 17:30:00,47,17,10,6,30,110
2024-03-04 17:40:00,44,11,11,1,36,103
2024-03-04 17:50:00,31,11,10,9,31,92
2024-03-04 18:00:00,26,8,7,6,28,75
2024-03-04 18:10:00,37,17,5,8,27,94
2024-03-04 18:20:00,66,22,4,3,21,116
2024-03-04 18:30:00,50,8,7,7,29,101
2024-03-04 18:40:00,48,14,8,5,37,112
2024-03-04 18:50:00,39,11,9,9,23,91
2024-03-04 19:00:00,30,10,7,10,29,86
2024-03-04 19:10:00,33,10,9,2,25,79
2024-03-04 19:20:00,40,11,12,2,29,94
2024-03-04 19:30:00,29,11,3,1,32,76
2024-03-04 19:40:00,43,13,4,3,20,83
2024-03-04 19:50:00,39,10,0,1,18,68
2024-03-04 20:00:00,29,6,5,1,18,59
2024-03-04 20:10:00,32,11,1,3,15,62
2024-03-04 20:20:00,36,9,4,1,13,63
2024-03-04 20:30:00,23,0,0,2,14,39
2024-03-04 20:40:00,24,4,1,0,17,46
2024-03-04 20:50:00,24,9,1,0,12,46
2024-03-04 21:00:00,28,8,3,0,13,52
2024-03-04 21:10:00,27,5,2,0,13,47
2024-03-04 21:20:00,26,3,2,1,19,51
2024-03-04 21:30:00,30,4,2,2,13,51
2024-03-04 21:40:00,22,0,0,1,8,31
2024-03-04 21:50:00,26,8,2,0,16,52
2024-03-04 22:00:00,18,4,0,0,12,34
2024-03-04 22:10:00,37,10,2,1,18,68
2024-03-04 22:20:00,26,5,0,2,11,44
2024-03-04 22:30:00,23,2,0,0,7,32
2024-03-04 22:40:00,28,1,1,3,3,36
2024-03-04 22:50:00,17,2,3,0,3,25
2024-03-04 23:00:00,15,5,1,0,4,25
2024-03-04 23:10:00,9,4,0,1,5,19
2024-03-04 23:20:00,8,2,0,0,3,13
2024-03-04 23:30:00,8,3,0,0,7,18
2024-03-04 23:40:00,8,1,0,0,3,12
2024-03-04 23:50:00,6,1,1,0,3,11
2024-03-05 00:00:00,6,1,0,1,3,11
2024-03-05 00:10:00,4,0,0,0,1,5
2024-03-05 00:20:00,8,0,0,0,2,10
2024-03-05 00:30:00,0,0,0,0,0,0
2024-03-05 00:40:00,3,0,0,0,0,3
2024-03-05 00:50:00,7,0,0,0,2,9
2024-03-05 01:00:00,1,0,0,0,1,2
2024-03-05 01:10:00,2,0,0,0,0,2
2024-03-05 01:20:00,0,0,0,0,2,2
2024-03-05 01:30:00,0,0,1,0,0,1
2024-03-05 01:40:00,1,0,0,0,1,2
2024-03-05 01:50:00,3,0,0,0,2,5
2024-03-05 02:00:00,2,1,0,0,2,5
2024-03-05 02:10:00,2,0,0,0,1,3
2024-03-05 02:20:00,0,0,0,0,0,0
2024-03-05 02:30:00,3,2,0,0,0,5
2024-03-05 02:40:00,3,0,0,0,1,4
2024-03-05 02:50:00,1,0,0,0,0,1
2024-03-05 03:00:00,0,0,0,0,0,0
2024-03-05 03:10:00,4,1,0,0,0,5
2024-03-05 03:20:00,1,0,0,0,0,1
2024-03-05 03:30:00,1,0,0,0,1,2
2024-03-05 03:40:00,1,0,0,1,0,2
2024-03-05 03:50:00,0,0,0,1,2,3
2024-03-05 04:00:00,3,0,0,0,0,3
2024-03-05 04:10:00,0,0,2,0,1,3
2024-03-05 04:20:00,0,0,0,1,2,3
2024-03-05 04:30:00,1,0,0,0,2,3
2024-03-05 04:40:00,1,0,0,0,1,2
2024-03-05 04:50:00,4,0,0,0,1,5
2024-03-05 05:00:00,1,0,0,2,3,6
2024-03-05 05:10:00,10,0,0,0,12,22
2024-03-05 05:20:00,8,0,0,3,5,16
2024-03-05 05:30:00,5,0,0,0,12,17
2024-03-05 05:40:00,5,0,1,8,8,22
2024-03-05 05:50:00,6,1,5,2,11,25
2024-03-05 06:00:00,4,0,1,5,7,17
2024-03-05 06:10:00,15,0,5,6,15,41
2024-03-05 06:20:00,19,1,3,0,16,39
2024-03-05 06:30:00,12,0,4,2,15,33
2024-03-05 06:40:00,21,0,5,3,26,55
2024-03-05 06:50:00,8,1,17,2,27,55
2024-03-05 07:00:00,9,2,4,6,34,55
2024-03-05 07:10:00,20,3,14,10,37,84
2024-03-05 07:20:00,32,6,10,10,42,100
2024-03-05 07:30:00,23,5,14,20,53,115
2024-03-05 07:40:00,30,5,15,20,55,125
2024-03-05 07:50:00,35,6,13,10,37,101
2024-03-05 08:00:00,25,12,10,11,44,102
2024-03-05 08:10:00,30,4,11,10,45,100
2024-03-05 08:20:00,41,7,9,8,53,118
2024-03-05 08:30:00,27,4,8,9,41,89
2024-03-05 08:40:00,22,1,7,7,42,79
2024-03-05 08:50:00,29,2,8,8,33,80
2024-03-05 09:00:00,23,3,8,7,34,75
2024-03-05 09:10:00,26,3,3,6,41,79
2024-03-05 09:20:00,25,1,9,5,50,90
2024-03-05 09:30:00,30,3,12,2,43,90
2024-03-05 09:40:00,32,5,12,6,34,89
2024-03-05 09:50:00,28,7,9,9,39,92
2024-03-05 10:00:00,23,7,8,8,30,76
2024-03-05 10:10:00,24,3,4,1,42,74
2024-03-05 10:20:00,32,2,3,3,38,78
2024-03-05 10:30:00,24,6,12,4,39,85
2024-03-05 10:40:00,19,8,11,3,31,72
2024-03-05 10:50:00,22,5,10,4,31,72
2024-03-05 11:00:00,22,1,8,5,28,64
2024-03-05 11:10:00,29,5,6,5,37,82
2024-03-05 11:20:00,29,5,13,4,31,82
2024-03-05 11:30:00,28,4,6,0,37,75
2024-03-05 11:40:00,30,5,7,0,33,75
2024-03-05 11:50:00,21,3,15,5,35,79
2024-03-05 12:00:00,39,5,7,1,25,77
2024-03-05 12:10:00,21,11,11,2,28,73
2024-03-05 12:20:00,40,9,4,4,32,89
2024-03-05 12:30:00,31,5,12,3,28,79
2024-03-05 12:40:00,29,12,14,8,33,96
2024-03-05 12:50:00,17,7,15,5,30,74
2024-03-05 13:00:00,31,12,9,2,35,89
2024-03-05 13:10:00,36,11,8,6,28,89
2024-03-05 13:20:00,27,15,9,5,23,79
2024-03-05 13:30:00,35,3,11,8,30,87
2024-03-05 13:40:00,42,4,6,3,43,98
2024-03-05 13:50:00,28,7,7,4,30,76
2024-03-05 14:00:00,40,6,11,3,30,90
2024-03-05 14:10:00,28,9,10,3,31,81
2024-03-05 14:20:00,31,3,4,2,35,75
2024-03-05 14:30:00,29,10,7,3,34,83
2024-03-05 14:40:00,42,5,8,9,44,108
2024-03-05 14:50:00,32,14,10,3,32,91
2024-03-05 15:00:00,47,10,8,4,33,102
2024-03-05 15:10:00,30,2,10,4,32,78
2024-03-05 15:20:00,44,8,7,3,41,103
2024-03-05 15:30:00,36,6,8,4,34,88
2024-03-05 15:40:00,43,11,8,0,42,104
2024-03-05 15:50:00,41,9,8,7,35,100
2024-03-05 16:00:00,42,14,12,1,23,92
2024-03-05 16:10:00,38,6,8,5,38,95
2024-03-05 16:20:00,37,10,6,7,36,96
2024-03-05 16:30:00,44,12,8,3,31,98
2024-03-05 16:40:00,38,11,5,3,36,93
2024-03-05 16:50:00,36,6,8,3,33,86
2024-03-05 17:00:00,32,9,10,5,37,93
2024-03-05 17:10:00,41,10,12,1,33,97
2024-03-05 17:20:00,36,8,4,15,52,115
2024-03-05 17:30:00,40,5,11,7,40,103
2024-03-05 17:40:00,41,6,15,7,31,100
2024-03-05 17:50:00,36,10,8,8,42,104
2024-03-05 18:00:00,41,10,13,5,26,95
2024-03-05 18:10:00,41,11,6,5,31,94
2024-03-05 18:20:00,41,18,6,10,27,102
2024-03-05 18:30:00,33,6,7,2,19,67
2024-03-05 18:40:00,43,17,9,4,30,103
2024-03-05 18:50:00,59,16,8,6,33,122
2024-03-05 19:00:00,50,17,8,4,25,104
2024-03-05 19:10:00,48,17,6,4,28,103
2024-03-05 19:20:00,53,8,5,2,20,88
2024-03-05 19:30:00,32,7,4,2,20,65
2024-03-05 19:40:00,56,10,5,3,28,102
2024-03-05 19:50:00,32,9,4,8,14,67
2024-03-05 20:00:00,29,9,1,7,22,68
2024-03-05 20:10:00,39,11,1,4,20,75
2024-03-05 20:20:00,35,10,1,3,12,61
2024-03-05 20:30:00,31,5,1,3,16,56
2024-03-05 20:40:00,32,7,2,2,20,63
2024-03-05 20:50:00,29,6,0,3,11,49
2024-03-05 21:00:00,34,10,2,0,14,60
2024-03-05 21:10:00,32,8,2,2,12,56
2024-03-05 21:20:00,26,4,1,1,12,44
2024-03-05 21:30:00,27,11,1,2,13,54
2024-03-05 21:40:00,14,3,2,4,17,40
2024-03-05 21:50:00,16,5,3,3,10,37
2024-03-05 22:00:00,23,0,1,1,9,34
2024-03-05 22:10:00,32,6,1,3,11,53
2024-03-05 22:20:00,18,3,1,1,5,28
2024-03-05 22:30:00,25,4,1,2,10,42
2024-03-05 22:40:00,22,4,0,0,7,33
2024-03-05 22:50:00,16,4,0,1,5,26
2024-03-05 23:00:00,19,4,0,1,3,27
2024-03-05 23:10:00,19,0,0,1,8,28
2024-03-05 23:20:00,11,3,0,0,4,18
2024-03-05 23:30:00,13,0,2,2,4,21
2024-03-05 23:40:00,6,5,0,0,0,11
2024-03-05 23:50:00,8,1,0,1,2,12
2024-03-06 00:00:00,1,0,0,0,3,4
2024-03-06 00:10:00,6,0,0,0,3,9
2024-03-06 00:20:00,6,2,0,0,2,10
2024-03-06 00:30:00,4,6,0,0,2,12
2024-03-06 00:40:00,5,0,0,0,2,7
2024-03-06 00:50:00,10,0,0,0,1,11
2024-03-06 01:00:00,5,0,0,0,1,6
2024-03-06 01:10:00,3,0,0,0,1,4
2024-03-06 01:20:00,1,0,2,0,2,5
2024-03-06 01:30:00,6,0,0,0,2,8
2024-03-06 01:40:00,2,0,0,0,1,3
2024-03-06 01:50:00,6,2,0,0,1,9
2024-03-06 02:00:00,2,0,0,0,4,6
2024-03-06 02:10:00,1,0,0,0,1,2
2024-03-06 02:20:00,3,0,0,0,0,3
2024-03-06 02:30:00,0,0,0,0,0,0
2024-03-06 02:40:00,4,0,0,0,0,4
2024-03-06 02:50:00,2,0,0,0,2,4
2024-03-06 03:00:00,1,1,0,0,2,4
2024-03-06 03:10:00,1,0,0,0,1,2
2024-03-06 03:20:00,7,0,0,0,0,7
2024-03-06 03:30:00,3,0,0,0,1,4
2024-03-06 03:40:00,1,0,0,1,2,4
2024-03-06 03:50:00,0,0,0,0,2,2
2024-03-06 04:00:00,3,0,1,0,0,4
2024-03-06 04:10:00,0,0,0,0,2,2
2024-03-06 04:20:00,3,0,0,2,2,7
2024-03-06 04:30:00,0,0,0,0,2,2
2024-03-06 04:40:00,0,0,2,0,1,3
2024-03-06 04:50:00,4,0,0,1,1,6
2024-03-06 05:00:00,1,0,0,0,5,6
2024-03-06 05:10:00,3,0,0,1,7,11
2024-03-06 05:20:00,12,1,1,1,4,19
2024-03-06 05:30:00,7,0,0,2,5,14
2024-03-06 05:40:00,4,1,1,9,12,27
2024-03-06 05:50:00,9,0,6,4,7,26
2024-03-06 06:00:00,10,0,0,8,14,32
2024-03-06 06:10:00,8,3,0,7,11,29
2024-03-06 06:20:00,16,0,5,4,18,43
2024-03-06 06:30:00,6,4,8,4,17,39
2024-03-06 06:40:00,21,1,9,4,20,55
2024-03-06 06:50:00,12,1,8,5,24,50
2024-03-06 07:00:00,11,6,10,5,40,72
2024-03-06 07:10:00,19,7,13,7,31,77
2024-03-06 07:20:00,25,2,9,10,41,87
2024-03-06 07:30:00,27,4,17,21,44,113
2024-03-06 07:40:00,39,4,16,9,39,107
2024-03-06 07:50:00,29,12,9,8,48,106
2024-03-06 08:00:00,31,6,15,8,41,101
2024-03-06 08:10:00,27,10,9,15,37,98
2024-03-06 08:20:00,28,6,8,13,47,102
2024-03-06 08:30:00,23,5,16,13,42,99
2024-03-06 08:40:00,32,10,13,8,31,94
2024-03-06 08:50:00,28,3,7,4,40,82
2024-03-06 09:00:00,19,4,7,7,38,75
2024-03-06 09:10:00,28,2,7,4,41,82
2024-03-06 09:20:00,28,6,8,4,33,79
2024-03-06 09:30:00,26,2,5,2,48,83
2024-03-06 09:40:00,25,2,5,4,50,86
2024-03-06 09:50:00,29,1,3,3,42,78
2024-03-06 10:00:00,21,10,11,1,41,84
2024-03-06 10:10:00,22,3,8,0,31,64
2024-03-06 10:20:00,20,6,7,2,31,66
2024-03-06 10:30:00,32,1,8,3,42,86
2024-03-06 10:40:00,24,8,4,3,40,79
2024-03-06 10:50:00,30,18,6,6,30,90
2024-03-06 11:00:00,26,8,9,2,36,81
2024-03-06 11:10:00,33,5,7,2,35,82
2024-03-06 11:20:00,25,9,2,5,38,79
2024-03-06 11:30:00,26,2,9,4,38,79
2024-03-06 11:40:00,37,7,9,1,50,104
2024-03-06 11:50:00,35,3,9,1,39,87
2024-03-06 12:00:00,35,16,4,4,44,103
2024-03-06 12:10:00,37,7,8,4,39,95
2024-03-06 12:20:00,36,13,7,6,37,99
2024-03-06 12:30:00,31,5,3,7,39,85
2024-03-06 12:40:00,35,5,6,6,34,86
2024-03-06 12:50:00,52,7,10,2,34,105
2024-03-06 13:00:00,35,7,6,2,31,81
2024-03-06 13:10:00,37,13,9,2,42,103
2024-03-06 13:20:00,22,12,10,5,36,85
2024-03-06 13:30:00,33,12,10,7,29,91
2024-03-06 13:40:00,36,5,8,2,39,90
2024-03-06 13:50:00,25,14,10,1,41,91
2024-03-06 14:00:00,29,4,12,5,27,77
2024-03-06 14:10:00,30,9,6,3,46,94
2024-03-06 14:20:00,30,12,9,3,43,97
2024-03-06 14:30:00,25,3,7,7,42,84
2024-03-06 14:40:00,39,4,5,4,50,102
2024-03-06 14:50:00,27,7,8,4,37,83
2024-03-06 15:00:00,33,3,10,3,40,89
2024-03-06 15:10:00,35,10,9,3,31,88
2024-03-06 15:20:00,35,11,9,5,38,98
2024-03-06 15:30:00,51,9,3,4,34,101
2024-03-06 15:40:00,41,11,7,1,39,99
2024-03-06 15:50:00,34,10,11,6,34,95
2024-03-06 16:00:00,40,7,8,4,37,96
2024-03-06 16:10:00,34,9,5,5,30,83
2024-03-06 16:20:00,39,11,10,4,44,108
2024-03-06 16:30:00,34,5,12,9,40,100
2024-03-06 16:40:00,25,10,10,2,39,86
2024-03-06 16:50:00,33,7,11,3,38,92
2024-03-06 17:00:00,48,10,4,4,33,99
2024-03-06 17:10:00,36,7,14,10,31,98
2024-03-06 17:20:00,32,11,10,5,40,98
2024-03-06 17:30:00,38,7,8,7,31,91
2024-03-06 17:40:00,22,5,12,5,26,70
2024-03-06 17:50:00,47,8,12,5,37,109
2024-03-06 18:00:00,38,5,6,5,35,89
2024-03-06 18:10:00,49,7,14,5,33,108
2024-03-06 18:20:00,35,7,10,4,24,80
2024-03-06 18:30:00,49,22,10,5,27,113
2024-03-06 18:40:00,43,14,7,6,30,100
2024-03-06 18:50:00,31,8,13,7,31,90
2024-03-06 19:00:00,28,14,8,2,30,82
2024-03-06 19:10:00,42,15,6,2,29,94
2024-03-06 19:20:00,43,16,0,4,25,88
2024-03-06 19:30:00,31,1,8,0,25,65
2024-03-06 19:40:00,42,21,0,1,19,83
2024-03-06 19:50:00,40,13,17,4,15,89
2024-03-06 20:00:00,49,10,1,1,21,82
2024-03-06 20:10:00,28,11,6,2,25,72
2024-03-06 20:20:00,30,4,4,2,18,58
2024-03-06 20:30:00,41,7,1,2,17,68
2024-03-06 20:40:00,36,3,0,2,12,53
2024-03-06 20:50:00,29,6,0,1,18,54
2024-03-06 21:00:00,29,3,1,0,15,48
2024-03-06 21:10:00,22,2,0,2,13,39
2024-03-06 21:20:00,21,7,1,2,11,42
2024-03-06 21:30:00,28,1,2,1,10,42
2024-03-06 21:40:00,22,6,2,3,16,49
2024-03-06 21:50:00,24,6,1,0,19,50
2024-03-06 22:00:00,35,5,1,1,11,53
2024-03-06 22:10:00,31,5,2,2,13,53
2024-03-06 22:20:00,37,6,2,0,10,55
2024-03-06 22:30:00,26,10,0,2,7,45
2024-03-06 22:40:00,21,1,4,0,7,33
2024-03-06 22:50:00,24,6,0,0,10,40
2024-03-06 23:00:00,37,6,2,1,9,55
2024-03-06 23:10:00,14,3,0,1,4,22
2024-03-06 23:20:00,20,6,1,0,8,35
2024-03-06 23:30:00,10,1,0,0,9,20
2024-03-06 23:40:00,6,4,0,0,4,14
2024-03-06 23:50:00,12,5,0,0,3,20
2024-03-07 00:00:00,3,2,0,0,3,8
2024-03-07 00:10:00,11,2,0,0,4,17
2024-03-07 00:20:00,7,2,0,0,5,14
2024-03-07 00:30:00,5,1,0,0,0,6
2024-03-07 00:40:00,3,2,4,1,6,16
2024-03-07 00:50:00,7,0,0,0,2,9
2024-03-07 01:00:00,5,0,0,0,5,10
2024-03-07 01:10:00,5,2,0,0,4,11
2024-03-07 01:20:00,7,0,0,0,4,11
2024-03-07 01:30:00,1,0,0,0,2,3
2024-03-07 01:40:00,3,0,0,0,0,3
2024-03-07 01:50:00,4,0,0,0,0,4
2024-03-07 02:00:00,5,1,0,0,2,8
2024-03-07 02:10:00,1,0,0,0,2,3
2024-03-07 02:20:00,4,0,0,0,1,5
2024-03-07 02:30:00,1,0,0,1,0,2
2024-03-07 02:40:00,7,3,0,0,2,12
2024-03-07 02:50:00,1,0,0,0,3,4
2024-03-07 03:00:00,3,0,0,0,0,3
2024-03-07 03:10:00,2,0,2,0,3,7
2024-03-07 03:20:00,3,0,0,1,0,4
2024-03-07 03:30:00,1,0,0,0,2,3
2024-03-07 03:40:00,0,0,1,0,1,2
2024-03-07 03:50:00,0,1,0,1,1,3
2024-03-07 04:00:00,1,0,0,0,2,3
2024-03-07 04:10:00,0,0,0,0,1,1
2024-03-07 04:20:00,2,0,2,1,4,9
2024-03-07 04:30:00,0,0,0,0,1,1
2024-03-07 04:40:00,2,2,0,5,2,11
2024-03-07 04:50:00,0,0,0,1,2,3
2024-03-07 05:00:00,3,0,4,0,6,13
2024-03-07 05:10:00,7,0,0,0,8,15
2024-03-07 05:20:00,10,1,0,2,3,16
2024-03-07 05:30:00,0,0,0,0,11,11
2024-03-07 05:40:00,3,1,1,1,10,16
2024-03-07 05:50:00,6,0,5,3,8,22
2024-03-07 06:00:00,12,0,1,7,10,30
2024-03-07 06:10:00,4,1,2,4,11,22
2024-03-07 06:20:00,13,5,7,0,17,42
2024-03-07 06:30:00,13,0,4,4,22,43
2024-03-07 06:40:00,18,0,4,7,21,50
2024-03-07 06:50:00,11,0,6,8,21,46
2024-03-07 07:00:00,17,5,7,9,31,69
2024-03-07 07:10:00,17,9,12,11,40,89
2024-03-07 07:20:00,28,10,8,9,33,88
2024-03-07 07:30:00,29,2,12,12,54,109
2024-03-07 07:40:00,36,9,10,5,44,104
2024-03-07 07:50:00,25,8,9,13,47,102
2024-03-07 08:00:00,30,8,8,13,46,105
2024-03-07 08:10:00,26,4,9,11,41,91
2024-03-07 08:20:00,32,3,12,11,36,94
2024-03-07 08:30:00,24,7,17,8,53,109
2024-03-07 08:40:00,31,8,16,7,43,105
2024-03-07 08:50:00,29,7,8,3,32,79
2024-03-07 09:00:00,29,6,5,5,36,81
2024-03-07 09:10:00,25,3,8,4,38,78
2024-03-07 09:20:00,27,5,4,5,34,75
2024-03-07 09:30:00,25,7,5,0,45,82
2024-03-07 09:40:00,23,5,9,1,41,79
2024-03-07 09:50:00,31,7,4,1,43,86
2024-03-07 10:00:00,34,4,5,5,44,92
2024-03-07 10:10:00,22,4,9,4,23,62
2024-03-07 10:20:00,21,8,6,6,44,85
2024-03-07 10:30:00,27,6,3,3,39,78
2024-03-07 10:40:00,38,10,9,2,31,90
2024-03-07 10:50:00,36,9,8,1,35,89
2024-03-07 11:00:00,34,7,7,5,37,90
2024-03-07 11:10:00,28,1,4,1,38,72
2024-03-07 11:20:00,32,7,10,3,34,86
2024-03-07 11:30:00,32,10,5,0,38,85
2024-03-07 11:40:00,35,2,8,3,36,84
2024-03-07 11:50:00,30,6,9,6,38,89
2024-03-07 12:00:00,33,12,9,2,42,98
2024-03-07 12:10:00,36,13,7,2,48,106
2024-03-07 12:20:00,30,9,9,12,39,99
2024-03-07 12:30:00,27,9,6,2,35,79
2024-03-07 12:40:00,29,5,9,4,29,76
2024-03-07 12:50:00,35,10,11,4,42,102
2024-03-07 13:00:00,36,4,7,4,32,83
2024-03-07 13:10:00,37,7,6,3,49,102
2024-03-07 13:20:00,35,6,10,6,33,90
2024-03-07 13:30:00,27,7,11,6,31,82
2024-03-07 13:40:00,34,13,8,1,49,105
2024-03-07 13:50:00,34,11,10,2,32,89
2024-03-07 14:00:00,27,6,9,2,35,79
2024-03-07 14:10:00,28,8,5,4,37,82
2024-03-07 14:20:00,34,9,7,2,33,85
2024-03-07 14:30:00,24,2,13,2,31,72
2024-03-07 14:40:00,32,8,18,8,43,109
2024-03-07 14:50:00,38,11,5,3,56,113
2024-03-07 15:00:00,30,6,7,5,41,89
2024-03-07 15:10:00,45,8,9,2,41,105
2024-03-07 15:20:00,43,9,10,4,38,104
2024-03-07 15:30:00,43,8,8,1,40,100
2024-03-07 15:40:00,50,6,8,7,44,115
2024-03-07 15:50:00,44,6,13,5,45,113
2024-03-07 16:00:00,53,16,5,6,40,120
2024-03-07 16:10:00,40,7,8,3,38,96
2024-03-07 16:20:00,39,9,7,8,39,102
2024-03-07 16:30:00,29,8,8,3,42,90
2024-03-07 16:40:00,38,8,9,3,47,105
2024-03-07 16:50:00,34,8,13,2,47,104
2024-03-07 17:00:00,47,10,8,4,34,103
2024-03-07 17:10:00,42,9,9,5,39,104
2024-03-07 17:20:00,31,10,12,4,37,94
2024-03-07 17:30:00,42,9,12,2,46,111
2024-03-07 17:40:00,40,8,10,8,35,101
2024-03-07 17:50:00,34,8,13,7,33,95
2024-03-07 18:00:00,41,18,14,7,31,111
2024-03-07 18:10:00,27,12,10,2,28,79
2024-03-07 18:20:00,45,10,7,6,26,94
2024-03-07 18:30:00,46,14,8,17,24,109
2024-03-07 18:40:00,32,9,10,10,29,90
2024-03-07 18:50:00,42,21,8,4,30,105
2024-03-07 19:00:00,46,17,4,8,34,109
2024-03-07 19:10:00,39,13,18,5,21,96
2024-03-07 19:20:00,53,14,15,1,31,114
2024-03-07 19:30:00,33,12,7,2,28,82
2024-03-07 19:40:00,52,9,3,3,20,87
2024-03-07 19:50:00,36,4,2,1,11,54
2024-03-07 20:00:00,46,9,3,3,11,72
2024-03-07 20:10:00,31,9,7,1,18,66
2024-03-07 20:20:00,25,2,6,1,22,56
2024-03-07 20:30:00,25,8,2,0,18,53
2024-03-07 20:40:00,29,0,2,0,12,43
2024-03-07 20:50:00,22,6,0,0,8,36
2024-03-07 21:00:00,37,7,2,1,10,57
2024-03-07 21:10:00,29,4,0,0,23,56
2024-03-07 21:20:00,30,13,1,2,9,55
2024-03-07 21:30:00,19,10,3,4,13,49
2024-03-07 21:40:00,21,2,2,5,14,44
2024-03-07 21:50:00,21,4,6,2,11,44
2024-03-07 22:00:00,28,14,0,0,9,51
2024-03-07 22:10:00,31,6,0,1,14,52
2024-03-07 22:20:00,27,3,0,0,9,39
2024-03-07 22:30:00,25,10,2,0,12,49
2024-03-07 22:40:00,16,9,1,0,6,32
2024-03-07 22:50:00,22,8,5,2,8,45
2024-03-07 23:00:00,22,4,0,0,5,31
2024-03-07 23:10:00,20,2,0,1,8,31
2024-03-07 23:20:00,20,2,0,0,8,30
2024-03-07 23:30:00,6,2,4,0,3,15
2024-03-07 23:40:00,23,2,0,1,1,27
2024-03-07 23:50:00,11,4,0,0,2,17
2024-03-08 00:00:00,5,4,2,0,4,15
2024-03-08 00:10:00,5,0,0,1,6,12
2024-03-08 00:20:00,8,4,0,0,2,14
2024-03-08 00:30:00,12,2,0,0,2,16
2024-03-08 00:40:00,9,2,0,0,3,14
2024-03-08 00:50:00,7,0,0,0,1,8
2024-03-08 01:00:00,0,0,0,0,2,2
2024-03-08 01:10:00,3,0,0,0,0,3
2024-03-08 01:20:00,0,0,0,0,2,2
2024-03-08 01:30:00,0,0,0,0,3,3
2024-03-08 01:40:00,5,0,1,0,2,8
2024-03-08 01:50:00,1,0,0,0,1,2
2024-03-08 02:00:00,4,0,0,0,1,5
2024-03-08 02:10:00,3,0,0,0,3,6
2024-03-08 02:20:00,2,0,0,0,3,5
2024-03-08 02:30:00,3,0,0,0,0,3
2024-03-08 02:40:00,0,0,0,2,1,3
2024-03-08 02:50:00,0,0,0,0,0,0
2024-03-08 03:00:00,5,0,0,0,0,5
2024-03-08 03:10:00,0,0,0,0,1,1
2024-03-08 03:20:00,4,0,0,0,1,5
2024-03-08 03:30:00,1,0,0,0,1,2
2024-03-08 03:40:00,1,0,0,0,0,1
2024-03-08 03:50:00,0,0,0,1,1,2
2024-03-08 04:00:00,4,1,0,0,1,6
2024-03-08 04:10:00,0,0,0,0,1,1
2024-03-08 04:20:00,0,0,2,0,1,3
2024-03-08 04:30:00,2,1,0,0,3,6
2024-03-08 04:40:00,1,0,0,1,3,5
2024-03-08 04:50:00,2,0,1,2,5,10
2024-03-08 05:00:00,6,0,0,0,4,10
2024-03-08 05:10:00,3,0,0,0,7,10
2024-03-08 05:20:00,12,0,0,2,7,21
2024-03-08 05:30:00,8,1,0,2,7,18
2024-03-08 05:40:00,1,0,0,3,6,10
2024-03-08 05:50:00,8,0,1,7,5,21
2024-03-08 06:00:00,1,0,0,8,8,17
2024-03-08 06:10:00,9,0,3,0,14,26
2024-03-08 06:20:00,20,0,5,1,16,42
2024-03-08 06:30:00,11,0,5,3,20,39
2024-03-08 06:40:00,8,0,3,5,22,38
2024-03-08 06:50:00,19,0,4,3,29,55
2024-03-08 07:00:00,18,4,7,6,31,66
2024-03-08 07:10:00,20,5,12,2,36,75
2024-03-08 07:20:00,30,5,10,10,41,96
2024-03-08 07:30:00,27,4,12,7,48,98
2024-03-08 07:40:00,31,7,7,15,35,95
2024-03-08 07:50:00,31,10,11,6,49,107
2024-03-08 08:00:00,23,4,13,8,40,88
2024-03-08 08:10:00,31,6,17,7,40,101
2024-03-08 08:20:00,34,12,11,6,40,103
2024-03-08 08:30:00,29,8,9,7,47,100
2024-03-08 08:40:00,32,6,10,12,44,104
2024-03-08 08:50:00,40,12,11,4,37,104
2024-03-08 09:00:00,36,4,11,3,32,86
2024-03-08 09:10:00,28,8,9,3,22,70
2024-03-08 09:20:00,32,4,10,4,38,88
2024-03-08 09:30:00,39,5,10,0,41,95
2024-03-08 09:40:00,30,5,11,6,38,90
2024-03-08 09:50:00,25,3,11,4,41,84
2024-03-08 10:00:00,29,8,3,2,41,83
2024-03-08 10:10:00,21,9,12,1,43,86
2024-03-08 10:20:00,40,13,7,6,39,105
2024-03-08 10:30:00,29,1,10,10,51,101
2024-03-08 10:40:00,23,5,8,6,38,80
2024-03-08 10:50:00,25,13,8,5,41,92
2024-03-08 11:00:00,29,4,10,4,32,79
2024-03-08 11:10:00,27,4,9,2,36,78
2024-03-08 11:20:00,32,7,7,5,42,93
2024-03-08 11:30:00,39,12,5,6,37,99
2024-03-08 11:40:00,32,5,5,3,33,78
2024-03-08 11:50:00,28,7,17,2,41,95
2024-03-08 12:00:00,30,12,14,6,39,101
2024-03-08 12:10:00,39,9,11,5,46,110
2024-03-08 12:20:00,37,10,5,2,44,98
2024-03-08 12:30:00,29,8,7,6,46,96
2024-03-08 12:40:00,33,16,9,8,37,103
2024-03-08 12:50:00,39,13,9,7,37,105
2024-03-08 13:00:00,40,8,9,2,37,96
2024-03-08 13:10:00,44,19,4,2,32,101
2024-03-08 13:20:00,48,13,7,2,41,111
2024-03-08 13:30:00,43,7,10,7,38,105
2024-03-08 13:40:00,55,9,10,4,35,113
2024-03-08 13:50:00,38,14,12,5,30,99
2024-03-08 14:00:00,38,9,8,8,41,104
2024-03-08 14:10:00,40,9,11,2,40,102
2024-03-08 14:20:00,48,7,8,2,37,102
2024-03-08 14:30:00,34,6,10,3,39,92
2024-03-08 14:40:00,33,7,14,5,40,99
2024-03-08 14:50:00,37,11,5,2,40,95
2024-03-08 15:00:00,41,8,11,5,51,116
2024-03-08 15:10:00,36,14,8,5,51,114
2024-03-08 15:20:00,41,8,15,5,37,106
2024-03-08 15:30:00,45,13,8,5,44,115
2024-03-08 15:40:00,31,6,13,4,42,96
2024-03-08 15:50:00,42,8,13,3,43,109
2024-03-08 16:00:00,40,7,6,8,50,111
2024-03-08 16:10:00,41,13,6,4,42,106
2024-03-08 16:20:00,37,13,9,2,34,95
2024-03-08 16:30:00,31,5,11,7,46,100
2024-03-08 16:40:00,47,10,3,5,41,106
2024-03-08 16:50:00,29,4,9,9,39,90
2024-03-08 17:00:00,42,2,7,7,47,105
2024-03-08 17:10:00,57,11,11,3,39,121
2024-03-08 17:20:00,38,17,9,5,38,107
2024-03-08 17:30:00,39,6,7,5,40,97
2024-03-08 17:40:00,38,7,8,9,47,109
2024-03-08 17:50:00,27,12,15,8,39,101
2024-03-08 18:00:00,39,11,9,2,31,92
2024-03-08 18:10:00,42,11,13,5,36,107
2024-03-08 18:20:00,33,10,9,10,35,97
2024-03-08 18:30:00,33,9,7,10,30,89
2024-03-08 18:40:00,39,13,9,4,44,109
2024-03-08 18:50:00,44,11,15,5,35,110
2024-03-08 19:00:00,39,13,8,3,29,92
2024-03-08 19:10:00,28,9,9,8,34,88
2024-03-08 19:20:00,51,13,8,2,33,107
2024-03-08 19:30:00,34,11,4,1,27,77
2024-03-08 19:40:00,38,12,4,2,24,80
2024-03-08 19:50:00,29,7,4,2,15,57
2024-03-08 20:00:00,31,6,5,3,21,66
2024-03-08 20:10:00,32,6,0,0,23,61
2024-03-08 20:20:00,30,5,1,4,24,64
2024-03-08 20:30:00,36,7,0,1,16,60
2024-03-08 20:40:00,37,7,7,1,22,74
2024-03-08 20:50:00,33,14,0,1,15,63
2024-03-08 21:00:00,23,8,0,0,20,51
2024-03-08 21:10:00,28,6,0,0,14,48
2024-03-08 21:20:00,34,2,3,0,10,49
2024-03-08 21:30:00,31,6,6,0,16,59
2024-03-08 21:40:00,29,3,0,1,14,47
2024-03-08 21:50:00,25,1,5,1,15,47
2024-03-08 22:00:00,29,5,4,1,10,49
2024-03-08 22:10:00,30,1,5,0,13,49
2024-03-08 22:20:00,19,2,0,1,19,41
2024-03-08 22:30:00,18,2,2,1,11,34
2024-03-08 22:40:00,33,6,2,0,13,54
2024-03-08 22:50:00,34,2,0,0,5,41
2024-03-08 23:00:00,23,3,1,3,8,38
2024-03-08 23:10:00,33,14,0,1,15,63
2024-03-08 23:20:00,24,0,4,1,10,39
2024-03-08 23:30:00,19,0,1,0,11,31
2024-03-08 23:40:00,16,4,2,1,4,27
2024-03-08 23:50:00,17,5,1,0,15,38
2024-03-09 00:00:00,23,4,1,1,8,37
2024-03-09 00:10:00,9,1,3,0,6,19
2024-03-09 00:20:00,19,4,2,0,7,32
2024-03-09 00:30:00,14,4,1,0,4,23
2024-03-09 00:40:00,16,0,3,0,5,24
2024-03-09 00:50:00,11,2,0,0,3,16
2024-03-09 01:00:00,16,0,0,0,6,22
2024-03-09 01:10:00,11,5,1,0,3,20
2024-03-09 01:20:00,12,2,0,0,7,21
2024-03-09 01:30:00,5,2,0,0,5,12
2024-03-09 01:40:00,18,0,2,0,3,23
2024-03-09 01:50:00,5,2,0,0,2,9
2024-03-09 02:00:00,4,0,0,0,2,6
2024-03-09 02:10:00,10,0,0,0,3,13
2024-03-09 02:20:00,3,0,0,0,4,7
2024-03-09 02:30:00,6,0,0,0,5,11
2024-03-09 02:40:00,5,1,0,2,2,10
2024-03-09 02:50:00,10,2,1,0,1,14
2024-03-09 03:00:00,2,1,1,0,4,8
2024-03-09 03:10:00,10,0,0,0,1,11
2024-03-09 03:20:00,5,1,0,0,4,10
2024-03-09 03:30:00,4,0,0,0,2,6
2024-03-09 03:40:00,5,0,0,0,5,10
2024-03-09 03:50:00,4,2,0,0,3,9
2024-03-09 04:00:00,5,0,2,0,0,7
2024-03-09 04:10:00,6,0,2,0,3,11
2024-03-09 04:20:00,4,2,0,0,3,9
2024-03-09 04:30:00,3,0,0,0,3,6
2024-03-09 04:40:00,8,1,0,0,2,11
2024-03-09 04:50:00,5,0,0,0,1,6
2024-03-09 05:00:00,0,1,1,0,4,6
2024-03-09 05:10:00,1,0,0,0,4,5
2024-03-09 05:20:00,5,0,2,1,2,10
2024-03-09 05:30:00,3,0,0,0,1,4
2024-03-09 05:40:00,7,0,0,0,2,9
2024-03-09 05:50:00,6,0,0,1,3,10
2024-03-09 06:00:00,3,0,0,0,4,7
2024-03-09 06:10:00,7,1,2,2,4,16
2024-03-09 06:20:00,5,2,0,0,6,13
2024-03-09 06:30:00,8,0,1,0,9,18
2024-03-09 06:40:00,5,1,2,0,5,13
2024-03-09 06:50:00,7,1,0,0,11,19
2024-03-09 07:00:00,6,3,4,1,11,25
2024-03-09 07:10:00,3,1,4,0,1,9
2024-03-09 07:20:00,6,0,1,1,7,15
2024-03-09 07:30:00,11,3,1,0,14,29
2024-03-09 07:40:00,13,4,2,1,7,27
2024-03-09 07:50:00,9,4,5,5,11,34
2024-03-09 08:00:00,17,2,5,1,22,47
2024-03-09 08:10:00,13,8,3,0,21,45
2024-03-09 08:20:00,10,4,7,1,21,43
2024-03-09 08:30:00,16,4,3,1,23,47
2024-03-09 08:40:00,15,5,12,2,23,57
2024-03-09 08:50:00,16,6,6,1,52,81
2024-03-09 09:00:00,21,7,4,3,49,84
2024-03-09 09:10:00,19,8,8,4,22,61
2024-03-09 09:20:00,21,10,8,6,36,81
2024-03-09 09:30:00,22,8,6,9,33,78
2024-03-09 09:40:00,32,5,6,11,41,95
2024-03-09 09:50:00,26,2,8,7,32,75
2024-03-09 10:00:00,17,3,9,8,33,70
2024-03-09 10:10:00,26,11,13,5,37,92
2024-03-09 10:20:00,23,6,12,1,30,72
2024-03-09 10:30:00,23,4,5,5,41,78
2024-03-09 10:40:00,18,3,15,4,26,66
2024-03-09 10:50:00,39,4,5,3,39,90
2024-03-09 11:00:00,21,10,9,1,32,73
2024-03-09 11:10:00,20,9,11,5,26,71
2024-03-09 11:20:00,31,6,15,6,36,94
2024-03-09 11:30:00,21,11,9,3,39,83
2024-03-09 11:40:00,35,7,10,7,55,114
2024-03-09 11:50:00,38,4,9,6,34,91
2024-03-09 12:00:00,30,6,11,8,32,87
2024-03-09 12:10:00,28,2,7,1,40,78
2024-03-09 12:20:00,30,12,11,4,36,93
2024-03-09 12:30:00,31,7,14,0,44,96
2024-03-09 12:40:00,41,6,8,2,42,99
2024-03-09 12:50:00,32,7,10,5,36,90
2024-03-09 13:00:00,29,4,9,1,32,75
2024-03-09 13:10:00,21,11,7,5,35,79
2024-03-09 13:20:00,31,7,9,3,25,75
2024-03-09 13:30:00,25,5,7,7,39,83
2024-03-09 13:40:00,34,7,7,5,42,95
2024-03-09 13:50:00,25,7,13,4,29,78
2024-03-09 14:00:00,19,5,8,5,25,62
2024-03-09 14:10:00,32,8,7,2,23,72
2024-03-09 14:20:00,37,6,8,2,28,81
2024-03-09 14:30:00,37,5,10,3,29,84
2024-03-09 14:40:00,44,7,7,5,34,97
2024-03-09 14:50:00,25,9,13,5,37,89
2024-03-09 15:00:00,44,16,9,7,26,102
2024-03-09 15:10:00,28,7,6,5,32,78
2024-03-09 15:20:00,29,6,7,3,29,74
2024-03-09 15:30:00,33,7,8,5,23,76
2024-03-09 15:40:00,26,8,11,5,39,89
2024-03-09 15:50:00,25,6,3,8,32,74
2024-03-09 16:00:00,21,6,10,4,32,73
2024-03-09 16:10:00,26,8,13,2,26,75
2024-03-09 16:20:00,29,6,6,4,24,69
2024-03-09 16:30:00,29,8,13,6,27,83
2024-03-09 16:40:00,23,5,6,1,31,66
2024-03-09 16:50:00,39,6,3,5,33,86
2024-03-09 17:00:00,29,10,6,3,31,79
2024-03-09 17:10:00,30,8,6,4,31,79
2024-03-09 17:20:00,20,8,15,5,34,82
2024-03-09 17:30:00,23,4,10,10,38,85
2024-03-09 17:40:00,26,6,14,6,33,85
2024-03-09 17:50:00,25,7,12,4,33,81
2024-03-09 18:00:00,30,10,9,3,31,83
2024-03-09 18:10:00,35,5,12,8,32,92
2024-03-09 18:20:00,30,7,8,2,26,73
2024-03-09 18:30:00,35,8,6,4,29,82
2024-03-09 18:40:00,34,14,9,3,40,100
2024-03-09 18:50:00,46,13,10,1,36,106
2024-03-09 19:00:00,39,7,9,2,27,84
2024-03-09 19:10:00,38,12,8,5,24,87
2024-03-09 19:20:00,35,0,7,1,18,61
2024-03-09 19:30:00,37,8,5,8,21,79
2024-03-09 19:40:00,39,5,8,3,19,74
2024-03-09 19:50:00,25,6,2,4,17,54
2024-03-09 20:00:00,37,4,6,1,17,65
2024-03-09 20:10:00,33,13,2,1,16,65
2024-03-09 20:20:00,24,9,2,2,21,58
2024-03-09 20:30:00,28,4,1,1,14,48
2024-03-09 20:40:00,20,4,2,0,22,48
2024-03-09 20:50:00,40,3,0,3,11,57
2024-03-09 21:00:00,15,6,4,1,17,43
2024-03-09 21:10:00,24,8,3,1,26,62
2024-03-09 21:20:00,33,6,0,0,16,55
2024-03-09 21:30:00,28,9,2,1,11,51
2024-03-09 21:40:00,24,5,3,0,11,43
2024-03-09 21:50:00,22,3,2,0,6,33
2024-03-09 22:00:00,21,3,0,2,14,40
2024-03-09 22:10:00,41,6,0,1,15,63
2024-03-09 22:20:00,22,2,0,3,21,48
2024-03-09 22:30:00,26,5,3,1,11,46
2024-03-09 22:40:00,29,4,0,1,15,49
2024-03-09 22:50:00,22,6,2,0,18,48
2024-03-09 23:00:00,25,7,1,0,7,40
2024-03-09 23:10:00,26,7,4,2,12,51
2024-03-09 23:20:00,23,3,5,0,9,40
2024-03-09 23:30:00,17,1,3,1,7,29
2024-03-09 23:40:00,16,5,1,1,10,33
2024-03-09 23:50:00,28,2,2,1,7,40
2024-03-10 00:00:00,13,0,4,0,7,24
2024-03-10 00:10:00,19,0,0,0,10,29
2024-03-10 00:20:00,17,8,2,0,4,31
2024-03-10 00:30:00,8,0,0,0,8,16
2024-03-10 00:40:00,19,2,0,0,4,25
2024-03-10 00:50:00,21,2,1,2,8,34
2024-03-10 01:00:00,5,3,2,2,7,19
2024-03-10 01:10:00,5,1,1,0,3,10
2024-03-10 01:20:00,11,1,0,0,3,15
2024-03-10 01:30:00,13,1,0,0,4,18
2024-03-10 01:40:00,17,1,0,2,6,26
2024-03-10 01:50:00,8,0,2,1,1,12
2024-03-10 02:00:00,7,2,0,0,1,10
2024-03-10 02:10:00,9,0,2,0,2,13
2024-03-10 02:20:00,8,0,1,0,3,12
2024-03-10 02:30:00,5,2,0,0,3,10
2024-03-10 02:40:00,18,0,0,0,4,22
2024-03-10 02:50:00,11,0,0,0,4,15
2024-03-10 03:00:00,4,0,0,0,2,6
2024-03-10 03:10:00,4,0,0,0,4,8
2024-03-10 03:20:00,4,2,0,0,3,9
2024-03-10 03:30:00,5,1,0,0,1,7
2024-03-10 03:40:00,1,1,1,0,1,4
2024-03-10 03:50:00,10,0,0,0,3,13
2024-03-10 04:00:00,0,0,0,0,1,1
2024-03-10 04:10:00,1,2,0,0,3,6
2024-03-10 04:20:00,7,0,0,0,3,10
2024-03-10 04:30:00,0,0,0,0,4,4
2024-03-10 04:40:00,7,0,0,0,2,9
2024-03-10 04:50:00,1,0,2,0,0,3
2024-03-10 05:00:00,2,4,0,0,4,10
2024-03-10 05:10:00,2,0,2,0,2,6
2024-03-10 05:20:00,6,0,0,1,2,9
2024-03-10 05:30:00,0,0,0,0,4,4
2024-03-10 05:40:00,2,1,3,1,0,7
2024-03-10 05:50:00,2,0,0,0,0,2
2024-03-10 06:00:00,1,0,0,1,2,4
2024-03-10 06:10:00,5,0,0,0,0,5
2024-03-10 06:20:00,3,4,0,0,2,9
2024-03-10 06:30:00,7,1,0,0,7,15
2024-03-10 06:40:00,6,0,0,0,3,9
2024-03-10 06:50:00,4,0,0,0,7,11
2024-03-10 07:00:00,3,2,1,0,4,10
2024-03-10 07:10:00,2,0,0,0,1,3
2024-03-10 07:20:00,6,1,1,0,6,14
2024-03-10 07:30:00,6,0,0,0,5,11
2024-03-10 07:40:00,2,1,0,0,5,8
2024-03-10 07:50:00,4,0,1,0,13,18
2024-03-10 08:00:00,4,5,4,1,6,20
2024-03-10 08:10:00,3,1,1,0,6,11
2024-03-10 08:20:00,6,0,1,3,12,22
2024-03-10 08:30:00,5,0,3,1,7,16
2024-03-10 08:40:00,4,5,9,3,13,34
2024-03-10 08:50:00,8,4,6,1,17,36
2024-03-10 09:00:00,12,1,6,3,13,35
2024-03-10 09:10:00,14,5,9,2,14,44
2024-03-10 09:20:00,20,4,5,0,13,42
2024-03-10 09:30:00,11,2,6,2,27,48
2024-03-10 09:40:00,14,6,7,1,26,54
2024-03-10 09:50:00,19,8,7,4,18,56
2024-03-10 10:00:00,8,5,2,4,14,33
2024-03-10 10:10:00,18,1,6,1,19,45
2024-03-10 10:20:00,13,2,9,2,16,42
2024-03-10 10:30:00,24,2,0,3,23,52
2024-03-10 10:40:00,26,3,6,1,29,65
2024-03-10 10:50:00,14,2,7,1,32,56
2024-03-10 11:00:00,13,3,13,0,24,53
2024-03-10 11:10:00,24,7,8,2,21,62
2024-03-10 11:20:00,24,4,6,3,22,59
2024-03-10 11:30:00,20,4,4,1,24,53
2024-03-10 11:40:00,29,8,8,7,15,67
2024-03-10 11:50:00,21,2,6,4,14,47
2024-03-10 12:00:00,23,5,7,4,22,61
2024-03-10 12:10:00,28,3,6,2,25,64
2024-03-10 12:20:00,36,2,5,2,28,73
2024-03-10 12:30:00,22,4,6,2,28,62
2024-03-10 12:40:00,25,9,11,2,22,69
2024-03-10 12:50:00,22,6,5,2,18,53
2024-03-10 13:00:00,34,6,6,3,18,67
2024-03-10 13:10:00,31,2,9,8,26,76
2024-03-10 13:20:00,28,6,4,3,31,72
2024-03-10 13:30:00,24,8,8,1,18,59
2024-03-10 13:40:00,36,1,13,1,25,76
2024-03-10 13:50:00,21,8,10,5,28,72
2024-03-10 14:00:00,27,6,10,4,23,70
2024-03-10 14:10:00,28,6,10,5,25,74
2024-03-10 14:20:00,26,4,9,3,30,72
2024-03-10 14:30:00,24,2,5,4,37,72
2024-03-10 14:40:00,26,4,4,0,23,57
2024-03-10 14:50:00,31,6,8,2,21,68
2024-03-10 15:00:00,21,2,14,6,33,76
2024-03-10 15:10:00,28,5,9,4,37,83
2024-03-10 15:20:00,29,2,7,4,26,68
2024-03-10 15:30:00,27,4,7,6,27,71
2024-03-10 15:40:00,23,6,7,2,27,65
2024-03-10 15:50:00,26,7,5,2,31,71
2024-03-10 16:00:00,27,2,4,1,27,61
2024-03-10 16:10:00,28,7,6,7,28,76
2024-03-10 16:20:00,25,7,7,3,21,63
2024-03-10 16:30:00,25,7,8,4,26,70
2024-03-10 16:40:00,23,5,5,3,25,61
2024-03-10 16:50:00,33,5,5,7,33,83
2024-03-10 17:00:00,23,4,8,1,35,71
2024-03-10 17:10:00,25,1,5,6,43,80
2024-03-10 17:20:00,24,4,9,3,29,69
2024-03-10 17:30:00,28,4,10,4,29,75
2024-03-10 17:40:00,19,7,9,1,27,63
2024-03-10 17:50:00,34,7,6,6,30,83
2024-03-10 18:00:00,18,4,6,1,27,56
2024-03-10 18:10:00,28,3,5,0,25,61
2024-03-10 18:20:00,19,9,3,4,29,64
2024-03-10 18:30:00,24,6,11,2,24,67
2024-03-10 18:40:00,39,3,9,4,27,82
2024-03-10 18:50:00,37,5,7,3,24,76
2024-03-10 19:00:00,34,10,3,0,21,68
2024-03-10 19:10:00,36,7,2,1,13,59
2024-03-10 19:20:00,29,7,4,3,23,66
2024-03-10 19:30:00,31,7,6,1,19,64
2024-03-10 19:40:00,18,3,5,3,16,45
2024-03-10 19:50:00,20,5,2,1,12,40
2024-03-10 20:00:00,29,5,0,1,18,53
2024-03-10 20:10:00,26,3,2,0,8,39
2024-03-10 20:20:00,22,3,3,0,15,43
2024-03-10 20:30:00,21,5,6,0,11,43
2024-03-10 20:40:00,24,5,0,1,11,41
2024-03-10 20:50:00,27,6,0,0,10,43
2024-03-10 21:00:00,24,6,0,0,17,47
2024-03-10 21:10:00,40,9,0,1,8,58
2024-03-10 21:20:00,29,1,0,1,11,42
2024-03-10 21:30:00,36,8,3,1,10,58
2024-03-10 21:40:00,16,2,4,2,8,32
2024-03-10 21:50:00,27,2,0,0,13,42
2024-03-10 22:00:00,20,0,0,1,9,30
2024-03-10 22:10:00,24,6,1,0,8,39
2024-03-10 22:20:00,10,2,1,1,5,19
2024-03-10 22:30:00,5,3,0,3,7,18
2024-03-10 22:40:00,9,3,0,1,5,18
2024-03-10 22:50:00,11,4,3,0,3,21
2024-03-10 23:00:00,3,2,0,0,3,8
2024-03-10 23:10:00,7,2,0,2,4,15
2024-03-10 23:20:00,4,5,0,0,2,11
2024-03-10 23:30:00,3,3,3,3,5,17
2024-03-10 23:40:00,6,2,1,1,4,14
2024-03-10 23:50:00,4,2,0,0,1,7
2024-03-11 00:00:00,4,2,0,0,1,7
2024-03-11 00:10:00,5,3,0,1,4,13
2024-03-11 00:20:00,2,1,0,1,4,8
2024-03-11 00:30:00,4,0,0,2,4,10
2024-03-11 00:40:00,2,2,0,3,4,11
2024-03-11 00:50:00,2,2,1,0,0,5
2024-03-11 01:00:00,5,2,0,1,0,8
2024-03-11 01:10:00,2,2,0,4,4,12
2024-03-11 01:20:00,2,0,0,1,2,5
2024-03-11 01:30:00,1,0,0,1,2,4
2024-03-11 01:40:00,3,2,1,0,1,7
2024-03-11 01:50:00,2,1,0,0,1,4
2024-03-11 02:00:00,1,0,0,1,3,5
2024-03-11 02:10:00,6,3,0,0,1,10
2024-03-11 02:20:00,2,1,0,0,1,4
2024-03-11 02:30:00,3,2,0,0,0,5
2024-03-11 02:40:00,0,0,0,1,1,2
2024-03-11 02:50:00,0,0,0,0,0,0
2024-03-11 03:00:00,0,0,0,0,0,0
2024-03-11 03:10:00,5,3,0,0,1,9
2024-03-11 03:20:00,0,0,0,0,0,0
2024-03-11 03:30:00,0,0,0,1,1,2
2024-03-11 03:40:00,0,0,0,1,0,1
2024-03-11 03:50:00,0,0,0,0,2,2
2024-03-11 04:00:00,2,2,0,32,2,38
2024-03-11 04:10:00,2,1,0,0,4,7
2024-03-11 04:20:00,1,2,1,24,1,29
2024-03-11 04:30:00,0,0,0,3,2,5
2024-03-11 04:40:00,2,2,0,33,2,39
2024-03-11 04:50:00,2,2,0,28,2,34
2024-03-11 05:00:00,2,2,1,13,4,22
2024-03-11 05:10:00,4,3,0,30,9,46
2024-03-11 05:20:00,3,1,0,47,4,55
2024-03-11 05:30:00,3,2,0,10,14,29
2024-03-11 05:40:00,4,3,2,3,10,22
2024-03-11 05:50:00,8,5,5,4,14,36
2024-03-11 06:00:00,3,2,3,7,9,24
2024-03-11 06:10:00,7,4,1,7,10,29
2024-03-11 06:20:00,13,9,5,12,17,56
2024-03-11 06:30:00,9,4,2,17,26,58
2024-03-11 06:40:00,10,1,2,12,22,47
2024-03-11 06:50:00,12,0,7,4,30,53
2024-03-11 07:00:00,11,1,7,6,29,54
2024-03-11 07:10:00,15,6,10,3,39,73
2024-03-11 07:20:00,26,10,9,9,55,109
2024-03-11 07:30:00,27,3,11,10,44,95
2024-03-11 07:40:00,34,7,12,8,40,101
2024-03-11 07:50:00,21,7,13,6,50,97
2024-03-11 08:00:00,27,7,11,7,48,100
2024-03-11 08:10:00,21,4,10,11,39,85
2024-03-11 08:20:00,32,9,6,2,47,96
2024-03-11 08:30:00,25,5,14,5,43,92
2024-03-11 08:40:00,39,7,8,10,41,105
2024-03-11 08:50:00,31,4,8,9,54,106
2024-03-11 09:00:00,36,4,4,1,43,88
2024-03-11 09:10:00,40,6,7,6,37,96
2024-03-11 09:20:00,31,6,12,3,34,86
2024-03-11 09:30:00,30,5,5,2,29,71
2024-03-11 09:40:00,27,10,11,5,41,94
2024-03-11 09:50:00,28,7,8,3,40,86
2024-03-11 10:00:00,34,5,11,2,33,85
2024-03-11 10:10:00,23,2,8,1,38,72
2024-03-11 10:20:00,29,4,7,4,34,78
2024-03-11 10:30:00,19,5,9,2,41,76
2024-03-11 10:40:00,25,6,7,5,35,78
2024-03-11 10:50:00,26,5,9,2,30,72
2024-03-11 11:00:00,27,3,6,4,38,78
2024-03-11 11:10:00,33,3,8,6,33,83
2024-03-11 11:20:00,24,5,6,5,41,81
2024-03-11 11:30:00,29,7,5,2,37,80
2024-03-11 11:40:00,31,6,6,8,43,94
2024-03-11 11:50:00,34,11,12,8,38,103
2024-03-11 12:00:00,22,10,8,0,31,71
2024-03-11 12:10:00,30,8,14,6,38,96
2024-03-11 12:20:00,25,11,12,1,28,77
2024-03-11 12:30:00,27,8,11,10,26,82
2024-03-11 12:40:00,32,5,15,10,30,92
2024-03-11 12:50:00,29,10,15,5,25,84
2024-03-11 13:00:00,18,7,12,2,29,68
2024-03-11 13:10:00,49,8,4,5,48,114
2024-03-11 13:20:00,27,10,7,5,32,81
2024-03-11 13:30:00,32,7,8,3,30,80
2024-03-11 13:40:00,30,10,12,5,30,87
2024-03-11 13:50:00,28,6,6,0,35,75
2024-03-11 14:00:00,27,10,8,5,34,84
2024-03-11 14:10:00,37,9,13,7,28,94
2024-03-11 14:20:00,35,12,10,0,42,99
2024-03-11 14:30:00,28,7,11,5,31,82
2024-03-11 14:40:00,31,5,12,4,40,92
2024-03-11 14:50:00,42,9,8,1,30,90
2024-03-11 15:00:00,44,8,6,0,37,95
2024-03-11 15:10:00,30,6,5,2,40,83
2024-03-11 15:20:00,44,14,11,2,37,108
2024-03-11 15:30:00,31,6,9,4,40,90
2024-03-11 15:40:00,41,6,8,5,28,88
2024-03-11 15:50:00,43,8,13,3,43,110
2024-03-11 16:00:00,51,13,10,0,25,99
2024-03-11 16:10:00,35,7,9,1,43,95
2024-03-11 16:20:00,49,4,5,1,36,95
2024-03-11 16:30:00,36,5,6,2,39,88
2024-03-11 16:40:00,35,11,9,4,39,98
2024-03-11 16:50:00,35,10,7,1,30,83
2024-03-11 17:00:00,49,13,7,8,36,113
2024-03-11 17:10:00,50,12,11,5,32,110
2024-03-11 17:20:00,41,12,4,7,40,104
2024-03-11 17:30:00,42,5,7,8,37,99
2024-03-11 17:40:00,44,10,12,7,46,119
2024-03-11 17:50:00,35,10,10,1,30,86
2024-03-11 18:00:00,41,12,8,7,37,105
2024-03-11 18:10:00,35,13,11,6,38,103
2024-03-11 18:20:00,34,11,9,3,17,74
2024-03-11 18:30:00,31,6,12,7,35,91
2024-03-11 18:40:00,52,16,9,3,26,106
2024-03-11 18:50:00,39,9,3,5,26,82
2024-03-11 19:00:00,40,13,4,4,22,83
2024-03-11 19:10:00,33,16,7,3,24,83
2024-03-11 19:20:00,47,11,6,0,34,98
2024-03-11 19:30:00,27,8,5,1,20,61
2024-03-11 19:40:00,38,7,6,1,25,77
2024-03-11 19:50:00,45,7,6,3,19,80
2024-03-11 20:00:00,35,8,2,3,23,71
2024-03-11 20:10:00,42,6,4,1,17,70
2024-03-11 20:20:00,29,4,8,0,12,53
2024-03-11 20:30:00,30,8,1,1,13,53
2024-03-11 20:40:00,32,1,0,0,16,49
2024-03-11 20:50:00,26,7,0,1,11,45
2024-03-11 21:00:00,22,9,1,1,10,43
2024-03-11 21:10:00,24,3,1,2,14,44
2024-03-11 21:20:00,40,11,3,0,21,75
2024-03-11 21:30:00,32,5,0,2,16,55
2024-03-11 21:40:00,26,8,4,1,8,47
2024-03-11 21:50:00,30,7,0,3,8,48
2024-03-11 22:00:00,24,8,0,3,10,45
2024-03-11 22:10:00,26,5,1,1,14,47
2024-03-11 22:20:00,16,3,0,4,12,35
2024-03-11 22:30:00,15,0,1,2,6,24
2024-03-11 22:40:00,18,4,1,0,7,30
2024-03-11 22:50:00,19,3,0,0,10,32
2024-03-11 23:00:00,15,3,2,0,4,24
2024-03-11 23:10:00,8,3,0,0,6,17
2024-03-11 23:20:00,12,4,0,2,0,18
2024-03-11 23:30:00,11,0,2,1,2,16
2024-03-11 23:40:00,9,2,0,0,3,14
2024-03-11 23:50:00,8,0,0,0,3,11
2024-03-12 00:00:00,1,0,0,0,2,3
2024-03-12 00:10:00,4,0,0,2,1,7
2024-03-12 00:20:00,5,0,0,0,1,6
2024-03-12 00:30:00,11,0,0,0,1,12
2024-03-12 00:40:00,5,1,0,0,1,7
2024-03-12 00:50:00,2,0,0,0,0,2
2024-03-12 01:00:00,1,0,2,0,1,4
2024-03-12 01:10:00,2,0,0,2,1,5
2024-03-12 01:20:00,1,0,0,0,1,2
2024-03-12 01:30:00,7,0,0,0,0,7
2024-03-12 01:40:00,0,0,0,0,1,1
2024-03-12 01:50:00,3,0,0,1,0,4
2024-03-12 02:00:00,3,0,0,1,2,6
2024-03-12 02:10:00,1,0,0,0,1,2
2024-03-12 02:20:00,3,0,0,0,0,3
2024-03-12 02:30:00,0,2,0,0,1,3
2024-03-12 02:40:00,0,0,0,1,1,2
2024-03-12 02:50:00,1,0,0,0,1,2
2024-03-12 03:00:00,0,0,0,0,0,0
2024-03-12 03:10:00,2,0,0,0,1,3
2024-03-12 03:20:00,3,0,0,0,1,4
2024-03-12 03:30:00,0,0,0,0,0,0
2024-03-12 03:40:00,0,0,0,0,2,2
2024-03-12 03:50:00,1,0,0,0,0,1
2024-03-12 04:00:00,1,0,0,1,1,3
2024-03-12 04:10:00,1,0,0,0,1,2
2024-03-12 04:20:00,1,0,0,0,1,2
2024-03-12 04:30:00,2,0,0,0,5,7
2024-03-12 04:40:00,1,0,0,0,1,2
2024-03-12 04:50:00,0,0,0,0,5,5
2024-03-12 05:00:00,2,0,0,0,3,5
2024-03-12 05:10:00,5,0,0,3,7,15
2024-03-12 05:20:00,3,0,0,2,7,12
2024-03-12 05:30:00,8,1,2,3,8,22
2024-03-12 05:40:00,8,0,3,3,10,24
2024-03-12 05:50:00,6,1,3,3,8,21
2024-03-12 06:00:00,7,0,2,5,10,24
2024-03-12 06:10:00,13,0,2,3,9,27
2024-03-12 06:20:00,15,0,3,3,16,37
2024-03-12 06:30:00,14,0,5,1,15,35
2024-03-12 06:40:00,15,0,11,7,20,53
2024-03-12 06:50:00,14,1,8,4,31,58
2024-03-12 07:00:00,11,1,7,6,34,59
2024-03-12 07:10:00,19,6,12,8,37,82
2024-03-12 07:20:00,23,6,16,11,50,106
2024-03-12 07:30:00,21,5,13,8,44,91
2024-03-12 07:40:00,29,9,10,17,48,113
2024-03-12 07:50:00,37,5,12,17,42,113
2024-03-12 08:00:00,34,6,20,16,48,124
2024-03-12 08:10:00,28,3,10,12,49,102
2024-03-12 08:20:00,29,3,10,14,56,112
2024-03-12 08:30:00,29,4,10,12,53,108
2024-03-12 08:40:00,40,3,11,11,51,116
2024-03-12 08:50:00,30,5,11,4,39,89
2024-03-12 09:00:00,33,2,9,4,52,100
2024-03-12 09:10:00,30,6,10,4,40,90
2024-03-12 09:20:00,19,2,9,5,36,71
2024-03-12 09:30:00,23,6,10,8,45,92
2024-03-12 09:40:00,22,3,16,5,36,82
2024-03-12 09:50:00,26,4,6,7,33,76
2024-03-12 10:00:00,24,7,7,3,39,80
2024-03-12 10:10:00,22,11,10,4,37,84
2024-03-12 10:20:00,24,3,6,4,34,71
2024-03-12 10:30:00,31,7,5,3,34,80
2024-03-12 10:40:00,29,4,7,7,32,79
2024-03-12 10:50:00,24,3,9,5,38,79
2024-03-12 11:00:00,37,7,10,6,31,91
2024-03-12 11:10:00,26,2,5,2,36,71
2024-03-12 11:20:00,24,8,8,5,28,73
2024-03-12 11:30:00,39,7,9,3,36,94
2024-03-12 11:40:00,35,13,6,5,35,94
2024-03-12 11:50:00,26,8,11,3,31,79
2024-03-12 12:00:00,24,10,16,4,30,84
2024-03-12 12:10:00,30,6,9,1,23,69
2024-03-12 12:20:00,35,2,6,4,33,80
2024-03-12 12:30:00,37,8,10,1,32,88
2024-03-12 12:40:00,32,6,7,4,35,84
2024-03-12 12:50:00,34,5,6,6,40,91
2024-03-12 13:00:00,34,6,9,9,31,89
2024-03-12 13:10:00,37,10,11,8,34,100
2024-03-12 13:20:00,33,10,7,5,44,99
2024-03-12 13:30:00,28,6,4,4,33,75
2024-03-12 13:40:00,31,6,10,3,32,82
2024-03-12 13:50:00,34,3,6,0,33,76
2024-03-12 14:00:00,29,10,5,7,37,88
2024-03-12 14:10:00,41,8,14,3,22,88
2024-03-12 14:20:00,30,10,10,8,38,96
2024-03-12 14:30:00,48,5,4,2,36,95
2024-03-12 14:40:00,37,2,8,1,33,81
2024-03-12 14:50:00,33,13,15,5,29,95
2024-03-12 15:00:00,29,7,8,4,37,85
2024-03-12 15:10:00,39,8,8,8,39,102
2024-03-12 15:20:00,48,14,7,2,37,108
2024-03-12 15:30:00,37,5,7,4,41,94
2024-03-12 15:40:00,33,8,9,3,33,86
2024-03-12 15:50:00,45,6,8,7,32,98
2024-03-12 16:00:00,39,9,8,3,38,97
2024-03-12 16:10:00,40,6,5,5,52,108
2024-03-12 16:20:00,54,11,11,7,34,117
2024-03-12 16:30:00,47,7,10,3,41,108
2024-03-12 16:40:00,38,8,9,5,38,98
2024-03-12 16:50:00,47,7,5,1,41,101
2024-03-12 17:00:00,39,10,16,3,38,106
2024-03-12 17:10:00,44,9,14,4,41,112
2024-03-12 17:20:00,47,13,12,9,46,127
2024-03-12 17:30:00,39,9,10,7,42,107
2024-03-12 17:40:00,34,4,8,7,34,87
2024-03-12 17:50:00,40,11,7,6,41,105
2024-03-12 18:00:00,39,15,13,7,35,109
2024-03-12 18:10:00,43,15,12,9,30,109
2024-03-12 18:20:00,42,16,13,12,22,105
2024-03-12 18:30:00,61,16,5,6,27,115
2024-03-12 18:40:00,47,10,9,5,28,99
2024-03-12 18:50:00,39,9,14,5,34,101
2024-03-12 19:00:00,34,8,10,3,38,93
2024-03-12 19:10:00,57,12,9,4,25,107
2024-03-12 19:20:00,39,11,4,2,27,83
2024-03-12 19:30:00,38,12,6,2,25,83
2024-03-12 19:40:00,35,4,4,3,25,71
2024-03-12 19:50:00,36,8,5,1,22,72
2024-03-12 20:00:00,25,5,2,1,22,55
2024-03-12 20:10:00,35,5,2,1,27,70
2024-03-12 20:20:00,38,8,3,1,16,66
2024-03-12 20:30:00,22,10,2,1,15,50
2024-03-12 20:40:00,23,6,0,3,7,39
2024-03-12 20:50:00,32,16,1,3,18,70
2024-03-12 21:00:00,23,10,3,5,16,57
2024-03-12 21:10:00,26,8,4,1,13,52
2024-03-12 21:20:00,17,9,0,14,9,49
2024-03-12 21:30:00,26,13,0,7,14,60
2024-03-12 21:40:00,17,10,1,3,9,40
2024-03-12 21:50:00,19,9,0,3,12,43
2024-03-12 22:00:00,23,7,0,2,17,49
2024-03-12 22:10:00,18,12,1,9,15,55
2024-03-12 22:20:00,17,8,0,3,5,33
2024-03-12 22:30:00,14,6,0,3,9,32
2024-03-12 22:40:00,21,12,0,13,8,54
2024-03-12 22:50:00,16,7,2,2,6,33
2024-03-12 23:00:00,19,9,1,3,6,38
2024-03-12 23:10:00,21,15,1,3,4,44
2024-03-12 23:20:00,18,11,0,2,4,35
2024-03-12 23:30:00,13,9,0,0,2,24
2024-03-12 23:40:00,8,6,0,1,3,18
2024-03-12 23:50:00,7,2,0,0,4,13
2024-03-13 00:00:00,8,3,0,3,4,18
2024-03-13 00:10:00,2,1,0,4,6,13
2024-03-13 00:20:00,7,5,0,0,3,15
2024-03-13 00:30:00,9,5,0,1,1,16
2024-03-13 00:40:00,8,5,0,0,0,13
2024-03-13 00:50:00,4,4,0,0,1,9
2024-03-13 01:00:00,2,2,0,1,2,7
2024-03-13 01:10:00,0,0,0,0,0,0
2024-03-13 01:20:00,3,2,0,1,3,9
2024-03-13 01:30:00,0,0,0,0,0,0
2024-03-13 01:40:00,4,2,0,0,0,6
2024-03-13 01:50:00,2,1,0,0,0,3
2024-03-13 02:00:00,2,1,0,0,1,4
2024-03-13 02:10:00,2,1,0,0,1,4
2024-03-13 02:20:00,3,3,0,1,2,9
2024-03-13 02:30:00,2,1,0,1,2,6
2024-03-13 02:40:00,2,0,0,1,0,3
2024-03-13 02:50:00,0,0,0,0,0,0
2024-03-13 03:00:00,0,0,0,1,1,2
2024-03-13 03:10:00,4,2,0,0,1,7
2024-03-13 03:20:00,1,1,0,0,2,4
2024-03-13 03:30:00,3,0,1,0,2,6
2024-03-13 03:40:00,1,0,0,1,0,2
2024-03-13 03:50:00,0,0,0,0,2,2
2024-03-13 04:00:00,4,3,0,0,0,7
2024-03-13 04:10:00,1,0,0,0,1,2
2024-03-13 04:20:00,1,0,1,1,2,5
2024-03-13 04:30:00,0,0,0,1,2,3
2024-03-13 04:40:00,1,1,1,0,0,3
2024-03-13 04:50:00,1,0,0,2,3,6
2024-03-13 05:00:00,3,1,0,1,4,9
2024-03-13 05:10:00,2,0,1,3,8,14
2024-03-13 05:20:00,7,3,0,3,4,17
2024-03-13 05:30:00,3,0,1,3,6,13
2024-03-13 05:40:00,6,3,3,3,9,24
2024-03-13 05:50:00,4,2,1,8,10,25
2024-03-13 06:00:00,6,2,3,6,13,30
2024-03-13 06:10:00,7,1,2,5,11,26
2024-03-13 06:20:00,11,4,5,3,14,37
2024-03-13 06:30:00,5,2,6,2,19,34
2024-03-13 06:40:00,13,2,6,9,24,54
2024-03-13 06:50:00,6,1,3,1,26,37
2024-03-13 07:00:00,7,4,10,8,32,61
2024-03-13 07:10:00,18,8,9,10,34,79
2024-03-13 07:20:00,33,10,14,10,43,110
2024-03-13 07:30:00,29,3,16,14,37,99
2024-03-13 07:40:00,36,5,12,19,43,115
2024-03-13 07:50:00,37,6,11,12,34,100
2024-03-13 08:00:00,29,8,11,17,50,115
2024-03-13 08:10:00,30,6,17,12,47,112
2024-03-13 08:20:00,32,10,12,10,46,110
2024-03-13 08:30:00,38,3,9,3,48,101
2024-03-13 08:40:00,32,2,16,7,42,99
2024-03-13 08:50:00,30,4,9,8,39,90
2024-03-13 09:00:00,26,4,7,4,36,77
2024-03-13 09:10:00,32,4,10,4,47,97
2024-03-13 09:20:00,25,7,5,8,34,79
2024-03-13 09:30:00,25,2,6,7,37,77
2024-03-13 09:40:00,20,10,4,4,55,93
2024-03-13 09:50:00,29,3,6,7,35,80
2024-03-13 10:00:00,31,8,7,0,36,82
2024-03-13 10:10:00,25,2,7,3,30,67
2024-03-13 10:20:00,22,5,11,3,37,78
2024-03-13 10:30:00,29,5,9,2,38,83
2024-03-13 10:40:00,29,6,6,7,39,87
2024-03-13 10:50:00,26,5,10,3,41,85
2024-03-13 11:00:00,26,4,5,2,45,82
2024-03-13 11:10:00,32,6,6,4,36,84
2024-03-13 11:20:00,26,6,15,5,35,87
2024-03-13 11:30:00,30,4,5,6,34,79
2024-03-13 11:40:00,30,12,9,9,43,103
2024-03-13 11:50:00,22,7,11,5,32,77
2024-03-13 12:00:00,32,11,11,2,37,93
2024-03-13 12:10:00,38,10,9,4,30,91
2024-03-13 12:20:00,23,8,8,4,30,73
2024-03-13 12:30:00,26,5,9,1,30,71
2024-03-13 12:40:00,28,3,7,5,36,79
2024-03-13 12:50:00,24,5,13,4,41,87
2024-03-13 13:00:00,39,5,4,4,27,79
2024-03-13 13:10:00,30,8,5,1,23,67
2024-03-13 13:20:00,18,6,6,4,30,64
2024-03-13 13:30:00,36,10,8,5,29,88
2024-03-13 13:40:00,40,9,13,6,37,105
2024-03-13 13:50:00,38,6,7,8,38,97
2024-03-13 14:00:00,33,8,12,5,40,98
2024-03-13 14:10:00,26,9,4,4,34,77
2024-03-13 14:20:00,30,4,11,2,33,80
2024-03-13 14:30:00,31,4,13,3,33,84
2024-03-13 14:40:00,27,8,6,10,38,89
2024-03-13 14:50:00,39,8,10,5,35,97
2024-03-13 15:00:00,34,8,13,8,38,101
2024-03-13 15:10:00,38,9,7,4,35,93
2024-03-13 15:20:00,37,7,12,5,31,92
2024-03-13 15:30:00,31,3,15,4,47,100
2024-03-13 15:40:00,37,12,7,1,30,87
2024-03-13 15:50:00,42,13,6,2,39,102
2024-03-13 16:00:00,40,7,7,5,40,99
2024-03-13 16:10:00,39,5,11,7,41,103
2024-03-13 16:20:00,47,10,9,8,29,103
2024-03-13 16:30:00,38,13,6,6,44,107
2024-03-13 16:40:00,37,13,6,12,46,114
2024-03-13 16:50:00,28,12,12,6,35,93
2024-03-13 17:00:00,44,10,9,7,37,107
2024-03-13 17:10:00,38,9,15,4,34,100
2024-03-13 17:20:00,41,11,13,8,34,107
2024-03-13 17:30:00,37,10,9,6,33,95
2024-03-13 17:40:00,40,10,13,8,32,103
2024-03-13 17:50:00,35,13,12,10,38,108
2024-03-13 18:00:00,25,10,13,7,28,83
2024-03-13 18:10:00,30,7,8,7,31,83
2024-03-13 18:20:00,32,12,10,5,35,94
2024-03-13 18:30:00,29,41,6,17,25,118
2024-03-13 18:40:00,33,6,5,1,31,76
2024-03-13 18:50:00,32,9,6,14,19,80
2024-03-13 19:00:00,18,8,8,4,31,69
2024-03-13 19:10:00,41,13,7,12,38,111
2024-03-13 19:20:00,39,5,14,5,23,86
2024-03-13 19:30:00,42,8,4,2,23,79
2024-03-13 19:40:00,27,9,7,0,24,67
2024-03-13 19:50:00,33,4,2,2,17,58
2024-03-13 20:00:00,29,13,2,1,20,65
2024-03-13 20:10:00,39,11,5,0,17,72
2024-03-13 20:20:00,31,7,1,3,17,59
2024-03-13 20:30:00,24,3,5,2,22,56
2024-03-13 20:40:00,34,8,5,0,14,61
2024-03-13 20:50:00,25,2,1,1,19,48
2024-03-13 21:00:00,34,2,1,0,15,52
2024-03-13 21:10:00,21,6,3,1,15,46
2024-03-13 21:20:00,54,6,1,2,10,73
2024-03-13 21:30:00,37,6,1,3,12,59
2024-03-13 21:40:00,28,3,3,4,20,58
2024-03-13 21:50:00,24,3,1,4,11,43
2024-03-13 22:00:00,34,8,1,1,11,55
2024-03-13 22:10:00,25,4,0,1,16,46
2024-03-13 22:20:00,22,4,1,5,9,41
2024-03-13 22:30:00,41,3,0,1,8,53
2024-03-13 22:40:00,22,8,0,0,6,36
2024-03-13 22:50:00,27,3,1,1,8,40
2024-03-13 23:00:00,15,5,0,0,9,29
2024-03-13 23:10:00,16,3,0,0,5,24
2024-03-13 23:20:00,20,1,0,0,5,26
2024-03-13 23:30:00,7,0,0,1,6,14
2024-03-13 23:40:00,15,2,0,0,1,18
2024-03-13 23:50:00,4,0,2,1,4,11
2024-03-14 00:00:00,13,1,0,0,3,17
2024-03-14 00:10:00,5,3,1,0,5,14
2024-03-14 00:20:00,5,0,0,0,2,7
2024-03-14 00:30:00,16,1,0,0,3,20
2024-03-14 00:40:00,5,1,0,0,1,7
2024-03-14 00:50:00,9,0,0,0,3,12
2024-03-14 01:00:00,3,0,0,0,3,6
2024-03-14 01:10:00,1,0,0,1,0,2
2024-03-14 01:20:00,7,0,0,0,2,9
2024-03-14 01:30:00,3,0,0,0,0,3
2024-03-14 01:40:00,1,0,0,0,2,3
2024-03-14 01:50:00,5,0,0,0,2,7
2024-03-14 02:00:00,5,0,0,0,4,9
2024-03-14 02:10:00,2,0,0,0,0,2
2024-03-14 02:20:00,2,0,0,0,1,3
2024-03-14 02:30:00,0,0,0,1,0,1
2024-03-14 02:40:00,2,0,0,0,0,2
2024-03-14 02:50:00,0,0,0,0,0,0
2024-03-14 03:00:00,1,0,0,0,1,2
2024-03-14 03:10:00,2,0,0,0,0,2
2024-03-14 03:20:00,1,0,0,0,0,1
2024-03-14 03:30:00,1,0,0,0,2,3
2024-03-14 03:40:00,0,0,1,1,0,2
2024-03-14 03:50:00,2,1,0,0,3,6
2024-03-14 04:00:00,1,0,0,0,0,1
2024-03-14 04:10:00,5,0,0,1,5,11
2024-03-14 04:20:00,1,0,0,0,1,2
2024-03-14 04:30:00,3,0,1,0,0,4
2024-03-14 04:40:00,1,0,1,1,1,4
2024-03-14 04:50:00,0,0,0,1,4,5
2024-03-14 05:00:00,2,0,0,0,4,6
2024-03-14 05:10:00,8,1,0,4,7,20
2024-03-14 05:20:00,4,0,1,1,3,9
2024-03-14 05:30:00,7,2,0,4,9,22
2024-03-14 05:40:00,7,0,0,6,8,21
2024-03-14 05:50:00,13,0,2,3,5,23
2024-03-14 06:00:00,10,4,3,6,13,36
2024-03-14 06:10:00,11,6,0,6,12,35
2024-03-14 06:20:00,10,9,4,3,24,50
2024-03-14 06:30:00,15,3,7,5,13,43
2024-03-14 06:40:00,17,0,5,4,20,46
2024-03-14 06:50:00,12,1,5,12,27,57
2024-03-14 07:00:00,14,1,10,8,34,67
2024-03-14 07:10:00,23,9,8,10,37,87
2024-03-14 07:20:00,32,5,10,15,41,103
2024-03-14 07:30:00,30,5,18,11,32,96
2024-03-14 07:40:00,43,9,9,17,46,124
2024-03-14 07:50:00,29,3,12,14,47,105
2024-03-14 08:00:00,27,3,10,22,48,110
2024-03-14 08:10:00,26,10,10,11,45,102
2024-03-14 08:20:00,29,6,9,10,44,98
2024-03-14 08:30:00,24,11,8,14,43,100
2024-03-14 08:40:00,26,5,8,11,46,96
2024-03-14 08:50:00,25,6,12,7,33,83
2024-03-14 09:00:00,33,8,13,8,47,109
2024-03-14 09:10:00,33,5,10,5,44,97
2024-03-14 09:20:00,22,5,7,7,38,79
2024-03-14 09:30:00,24,4,5,2,34,69
2024-03-14 09:40:00,24,6,8,4,36,78
2024-03-14 09:50:00,36,6,6,4,36,88
2024-03-14 10:00:00,40,8,10,7,35,100
2024-03-14 10:10:00,23,7,6,7,37,80
2024-03-14 10:20:00,36,4,2,4,35,81
2024-03-14 10:30:00,31,8,7,4,39,89
2024-03-14 10:40:00,20,4,10,6,32,72
2024-03-14 10:50:00,29,2,10,2,34,77
2024-03-14 11:00:00,30,5,5,3,34,77
2024-03-14 11:10:00,27,2,3,6,33,71
2024-03-14 11:20:00,27,3,10,5,29,74
2024-03-14 11:30:00,31,8,3,4,29,75
2024-03-14 11:40:00,27,8,5,7,31,78
2024-03-14 11:50:00,28,11,9,4,35,87
2024-03-14 12:00:00,38,7,11,3,32,91
2024-03-14 12:10:00,26,10,12,2,33,83
2024-03-14 12:20:00,35,6,9,7,48,105
2024-03-14 12:30:00,34,8,6,3,34,85
2024-03-14 12:40:00,39,5,6,3,40,93
2024-03-14 12:50:00,31,10,9,7,31,88
2024-03-14 13:00:00,45,13,9,3,32,102
2024-03-14 13:10:00,28,9,9,7,38,91
2024-03-14 13:20:00,37,7,4,11,46,105
2024-03-14 13:30:00,33,8,12,8,37,98
2024-03-14 13:40:00,29,6,6,3,38,82
2024-03-14 13:50:00,40,9,13,2,31,95
2024-03-14 14:00:00,18,5,10,4,37,74
2024-03-14 14:10:00,28,10,6,1,32,77
2024-03-14 14:20:00,44,6,6,2,38,96
2024-03-14 14:30:00,28,10,19,7,28,92
2024-03-14 14:40:00,35,9,12,4,39,99
2024-03-14 14:50:00,37,8,9,5,33,92
2024-03-14 15:00:00,27,9,8,6,32,82
2024-03-14 15:10:00,35,7,4,4,33,83
2024-03-14 15:20:00,34,7,13,3,34,91
2024-03-14 15:30:00,40,6,10,4,47,107
2024-03-14 15:40:00,44,9,10,0,31,94
2024-03-14 15:50:00,42,9,7,7,32,97
2024-03-14 16:00:00,52,13,7,5,36,113
2024-03-14 16:10:00,37,13,10,11,36,107
2024-03-14 16:20:00,39,13,4,7,38,101
2024-03-14 16:30:00,42,9,5,12,24,92
2024-03-14 16:40:00,32,13,5,8,35,93
2024-03-14 16:50:00,38,9,15,4,39,105
2024-03-14 17:00:00,35,8,8,6,38,95
2024-03-14 17:10:00,43,11,11,5,27,97
2024-03-14 17:20:00,39,10,9,6,46,110
2024-03-14 17:30:00,32,11,12,5,26,86
2024-03-14 17:40:00,32,14,7,7,24,84
2024-03-14 17:50:00,35,11,9,8,32,95
2024-03-14 18:00:00,38,12,10,3,32,95
2024-03-14 18:10:00,15,5,2,2,13,37
2024-03-14 18:20:00,16,3,8,1,11,39
2024-03-14 18:30:00,45,12,8,4,28,97
2024-03-14 18:40:00,40,15,9,11,21,96
2024-03-14 18:50:00,33,18,14,9,30,104
2024-03-14 19:00:00,48,12,14,8,28,110
2024-03-14 19:10:00,43,16,12,3,27,101
2024-03-14 19:20:00,35,22,4,5,28,94
2024-03-14 19:30:00,28,6,7,5,24,70
2024-03-14 19:40:00,38,15,7,3,24,87
2024-03-14 19:50:00,42,6,0,4,25,77
2024-03-14 20:00:00,23,8,3,0,21,55
2024-03-14 20:10:00,42,8,7,0,19,76
2024-03-14 20:20:00,32,14,8,3,22,79
2024-03-14 20:30:00,36,2,4,0,19,61
2024-03-14 20:40:00,28,4,2,2,15,51
2024-03-14 20:50:00,36,6,1,1,14,58
2024-03-14 21:00:00,26,10,2,3,7,48
2024-03-14 21:10:00,41,4,2,1,16,64
2024-03-14 21:20:00,35,12,1,0,11,59
2024-03-14 21:30:00,29,3,1,0,17,50
2024-03-14 21:40:00,24,6,2,1,15,48
2024-03-14 21:50:00,19,8,0,1,13,41
2024-03-14 22:00:00,24,10,1,1,14,50
2024-03-14 22:10:00,44,5,1,2,14,66
2024-03-14 22:20:00,22,3,0,1,7,33
2024-03-14 22:30:00,19,12,6,1,7,45
2024-03-14 22:40:00,12,5,1,1,3,22
2024-03-14 22:50:00,16,7,1,0,6,30
2024-03-14 23:00:00,16,7,2,0,4,29
2024-03-14 23:10:00,11,5,0,1,4,21
2024-03-14 23:20:00,14,1,1,0,5,21
2024-03-14 23:30:00,11,3,0,0,6,20
2024-03-14 23:40:00,11,0,1,0,6,18
2024-03-14 23:50:00,9,2,1,1,4,17
2024-03-15 00:00:00,12,4,0,1,0,17
2024-03-15 00:10:00,10,0,0,0,2,12
2024-03-15 00:20:00,3,0,0,0,3,6
2024-03-15 00:30:00,6,0,0,0,4,10
2024-03-15 00:40:00,7,1,0,0,4,12
2024-03-15 00:50:00,5,0,0,0,1,6
2024-03-15 01:00:00,7,0,0,0,3,10
2024-03-15 01:10:00,1,0,0,0,2,3
2024-03-15 01:20:00,0,0,0,0,2,2
2024-03-15 01:30:00,4,0,0,0,0,4
2024-03-15 01:40:00,1,0,0,1,1,3
2024-03-15 01:50:00,3,0,0,1,0,4
2024-03-15 02:00:00,6,0,0,0,1,7
2024-03-15 02:10:00,3,0,0,0,1,4
2024-03-15 02:20:00,1,0,0,0,3,4
2024-03-15 02:30:00,4,2,0,0,2,8
2024-03-15 02:40:00,1,0,0,0,2,3
2024-03-15 02:50:00,2,2,0,0,1,5
2024-03-15 03:00:00,0,0,0,0,1,1
2024-03-15 03:10:00,1,0,0,1,0,2
2024-03-15 03:20:00,3,2,0,0,3,8
2024-03-15 03:30:00,2,2,0,0,0,4
2024-03-15 03:40:00,1,0,0,0,3,4
2024-03-15 03:50:00,0,0,0,0,2,2
2024-03-15 04:00:00,3,1,1,0,0,5
2024-03-15 04:10:00,2,0,0,0,1,3
2024-03-15 04:20:00,0,0,0,0,1,1
2024-03-15 04:30:00,0,0,0,2,2,4
2024-03-15 04:40:00,1,0,0,0,2,3
2024-03-15 04:50:00,0,0,0,0,8,8
2024-03-15 05:00:00,3,0,0,0,2,5
2024-03-15 05:10:00,3,0,1,1,9,14
2024-03-15 05:20:00,4,0,0,3,7,14
2024-03-15 05:30:00,4,0,0,1,6,11
2024-03-15 05:40:00,4,0,1,4,6,15
2024-03-15 05:50:00,6,0,1,5,7,19
2024-03-15 06:00:00,9,0,3,5,9,26
2024-03-15 06:10:00,7,0,1,2,10,20
2024-03-15 06:20:00,9,0,3,2,19,33
2024-03-15 06:30:00,8,0,4,3,19,34
2024-03-15 06:40:00,14,0,6,5,23,48
2024-03-15 06:50:00,7,1,5,2,26,41
2024-03-15 07:00:00,17,3,4,5,35,64
2024-03-15 07:10:00,25,7,7,6,36,81
2024-03-15 07:20:00,22,7,7,10,42,88
2024-03-15 07:30:00,21,9,13,13,50,106
2024-03-15 07:40:00,37,4,15,11,45,112
2024-03-15 07:50:00,25,6,14,13,37,95
2024-03-15 08:00:00,25,7,14,9,21,76
2024-03-15 08:10:00,23,3,10,11,43,90
2024-03-15 08:20:00,27,8,9,13,34,91
2024-03-15 08:30:00,27,5,9,6,37,84
2024-03-15 08:40:00,30,2,12,5,41,90
2024-03-15 08:50:00,26,7,5,6,34,78
2024-03-15 09:00:00,31,4,10,2,39,86
2024-03-15 09:10:00,19,3,11,2,32,67
2024-03-15 09:20:00,38,5,8,5,45,101
2024-03-15 09:30:00,19,3,12,2,35,71
2024-03-15 09:40:00,29,10,11,5,30,85
2024-03-15 09:50:00,24,9,8,4,33,78
2024-03-15 10:00:00,28,11,10,0,40,89
2024-03-15 10:10:00,20,2,6,2,48,78
2024-03-15 10:20:00,36,6,5,1,27,75
2024-03-15 10:30:00,27,10,14,3,40,94
2024-03-15 10:40:00,37,7,11,4,29,88
2024-03-15 10:50:00,23,4,8,3,30,68
2024-03-15 11:00:00,41,5,4,5,30,85
2024-03-15 11:10:00,23,10,10,4,27,74
2024-03-15 11:20:00,23,14,10,1,31,79
2024-03-15 11:30:00,30,9,7,1,32,79
2024-03-15 11:40:00,30,11,7,1,38,87
2024-03-15 11:50:00,39,8,7,1,26,81
2024-03-15 12:00:00,25,5,12,3,33,78
2024-03-15 12:10:00,29,5,15,5,30,84
2024-03-15 12:20:00,22,16,13,3,36,90
2024-03-15 12:30:00,34,12,3,4,44,97
2024-03-15 12:40:00,33,6,10,1,31,81
2024-03-15 12:50:00,38,7,9,8,38,100
2024-03-15 13:00:00,32,13,16,3,34,98
2024-03-15 13:10:00,35,7,8,4,27,81
2024-03-15 13:20:00,47,11,12,4,35,109
2024-03-15 13:30:00,37,6,7,3,28,81
2024-03-15 13:40:00,37,3,10,6,34,90
2024-03-15 13:50:00,46,10,9,5,40,110
2024-03-15 14:00:00,34,11,8,5,32,90
2024-03-15 14:10:00,38,9,10,3,27,87
2024-03-15 14:20:00,39,3,5,3,29,79
2024-03-15 14:30:00,33,8,8,3,35,87
2024-03-15 14:40:00,39,13,12,4,30,98
2024-03-15 14:50:00,36,7,10,10,26,89
2024-03-15 15:00:00,40,10,8,3,35,96
2024-03-15 15:10:00,35,11,4,1,36,87
2024-03-15 15:20:00,38,9,9,3,33,92
2024-03-15 15:30:00,32,6,8,4,39,89
2024-03-15 15:40:00,44,10,6,7,29,96
2024-03-15 15:50:00,38,10,7,2,40,97
2024-03-15 16:00:00,28,8,11,3,32,82
2024-03-15 16:10:00,32,10,13,4,40,99
2024-03-15 16:20:00,32,11,8,7,39,97
2024-03-15 16:30:00,38,12,6,5,29,90
2024-03-15 16:40:00,37,9,5,8,36,95
2024-03-15 16:50:00,32,2,6,4,33,77
2024-03-15 17:00:00,44,15,4,3,31,97
2024-03-15 17:10:00,42,13,12,1,32,100
2024-03-15 17:20:00,28,10,7,8,30,83
2024-03-15 17:30:00,36,7,8,5,35,91
2024-03-15 17:40:00,43,9,5,6,36,99
2024-03-15 17:50:00,30,7,11,8,43,99
2024-03-15 18:00:00,43,11,20,3,26,103
2024-03-15 18:10:00,22,4,13,7,31,77
2024-03-15 18:20:00,32,6,8,4,23,73
2024-03-15 18:30:00,30,10,12,5,28,85
2024-03-15 18:40:00,45,13,11,4,26,99
2024-03-15 18:50:00,57,13,15,2,33,120
2024-03-15 19:00:00,46,10,17,6,28,107
2024-03-15 19:10:00,41,8,4,1,32,86
2024-03-15 19:20:00,26,5,7,4,24,66
2024-03-15 19:30:00,25,7,9,0,20,61
2024-03-15 19:40:00,23,7,6,3,29,68
2024-03-15 19:50:00,25,5,3,4,19,56
2024-03-15 20:00:00,20,19,4,2,17,62
2024-03-15 20:10:00,26,3,0,0,24,53
2024-03-15 20:20:00,19,6,3,0,17,45
2024-03-15 20:30:00,30,6,2,1,14,53
2024-03-15 20:40:00,23,7,4,2,13,49
2024-03-15 20:50:00,29,5,2,5,20,61
2024-03-15 21:00:00,21,6,1,5,14,47
2024-03-15 21:10:00,31,4,1,0,20,56
2024-03-15 21:20:00,43,3,2,0,15,63
2024-03-15 21:30:00,19,7,0,2,15,43
2024-03-15 21:40:00,37,5,1,2,11,56
2024-03-15 21:50:00,24,1,2,2,14,43
2024-03-15 22:00:00,41,4,0,0,19,64
2024-03-15 22:10:00,41,0,2,2,22,67
2024-03-15 22:20:00,24,1,0,1,18,44
2024-03-15 22:30:00,32,0,0,1,12,45
2024-03-15 22:40:00,29,2,1,1,13,46
2024-03-15 22:50:00,16,4,0,2,18,40
2024-03-15 23:00:00,23,5,0,0,12,40
2024-03-15 23:10:00,42,3,0,2,9,56
2024-03-15 23:20:00,32,4,1,1,11,49
2024-03-15 23:30:00,18,5,2,0,6,31
2024-03-15 23:40:00,16,5,2,1,6,30
2024-03-15 23:50:00,22,5,3,1,7,38
2024-03-16 00:00:00,17,7,1,4,11,40
2024-03-16 00:10:00,9,3,2,0,6,20
2024-03-16 00:20:00,13,3,4,1,6,27
2024-03-16 00:30:00,17,0,2,0,6,25
2024-03-16 00:40:00,12,1,0,0,3,16
2024-03-16 00:50:00,14,4,4,2,9,33
2024-03-16 01:00:00,6,1,0,0,4,11
2024-03-16 01:10:00,15,5,0,1,7,28
2024-03-16 01:20:00,13,0,1,0,2,16
2024-03-16 01:30:00,9,3,0,0,5,17
2024-03-16 01:40:00,19,0,0,2,7,28
2024-03-16 01:50:00,10,3,1,0,3,17
2024-03-16 02:00:00,10,0,0,0,6,16
2024-03-16 02:10:00,6,3,0,0,0,9
2024-03-16 02:20:00,5,2,0,0,1,8
2024-03-16 02:30:00,3,0,0,1,1,5
2024-03-16 02:40:00,5,2,2,1,3,13
2024-03-16 02:50:00,7,0,0,0,0,7
2024-03-16 03:00:00,3,0,0,0,2,5
2024-03-16 03:10:00,7,1,0,0,2,10
2024-03-16 03:20:00,6,4,4,0,1,15
2024-03-16 03:30:00,2,1,0,1,1,5
2024-03-16 03:40:00,2,2,0,2,7,13
2024-03-16 03:50:00,5,3,0,0,0,8
2024-03-16 04:00:00,2,2,0,1,1,6
2024-03-16 04:10:00,1,1,0,0,0,2
2024-03-16 04:20:00,2,2,0,2,1,7
2024-03-16 04:30:00,3,1,0,0,3,7
2024-03-16 04:40:00,0,0,0,0,4,4
2024-03-16 04:50:00,2,0,0,0,1,3
2024-03-16 05:00:00,1,1,0,2,0,4
2024-03-16 05:10:00,1,1,0,1,5,8
2024-03-16 05:20:00,1,0,0,1,4,6
2024-03-16 05:30:00,0,0,0,2,5,7
2024-03-16 05:40:00,2,0,0,3,3,8
2024-03-16 05:50:00,3,1,0,1,1,6
2024-03-16 06:00:00,2,0,0,3,2,7
2024-03-16 06:10:00,2,0,0,1,2,5
2024-03-16 06:20:00,6,2,1,1,4,14
2024-03-16 06:30:00,8,1,1,0,4,14
2024-03-16 06:40:00,2,0,1,0,6,9
2024-03-16 06:50:00,5,0,4,0,14,23
2024-03-16 07:00:00,8,2,3,0,12,25
2024-03-16 07:10:00,6,1,1,0,10,18
2024-03-16 07:20:00,6,3,1,1,11,22
2024-03-16 07:30:00,11,3,4,3,9,30
2024-03-16 07:40:00,8,1,2,3,14,28
2024-03-16 07:50:00,11,0,6,2,10,29
2024-03-16 08:00:00,10,0,5,2,17,34
2024-03-16 08:10:00,14,2,1,1,16,34
2024-03-16 08:20:00,11,2,5,3,15,36
2024-03-16 08:30:00,18,2,2,1,25,48
2024-03-16 08:40:00,11,2,11,2,24,50
2024-03-16 08:50:00,16,5,3,5,31,60
2024-03-16 09:00:00,17,7,4,2,16,46
2024-03-16 09:10:00,22,5,5,3,24,59
2024-03-16 09:20:00,17,5,6,2,24,54
2024-03-16 09:30:00,29,5,6,5,23,68
2024-03-16 09:40:00,30,3,12,6,39,90
2024-03-16 09:50:00,30,3,4,3,47,87
2024-03-16 10:00:00,24,4,6,4,34,72
2024-03-16 10:10:00,34,9,8,4,33,88
2024-03-16 10:20:00,26,3,10,4,32,75
2024-03-16 10:30:00,24,5,7,7,36,79
2024-03-16 10:40:00,25,6,10,2,27,70
2024-03-16 10:50:00,40,3,7,2,39,91
2024-03-16 11:00:00,35,6,7,5,43,96
2024-03-16 11:10:00,21,7,8,2,40,78
2024-03-16 11:20:00,28,8,9,3,32,80
2024-03-16 11:30:00,27,6,4,4,36,77
2024-03-16 11:40:00,26,5,5,8,27,71
2024-03-16 11:50:00,29,7,11,2,29,78
2024-03-16 12:00:00,29,7,7,3,42,88
2024-03-16 12:10:00,24,6,7,2,39,78
2024-03-16 12:20:00,41,3,8,6,38,96
2024-03-16 12:30:00,26,11,19,3,30,89
2024-03-16 12:40:00,25,7,6,6,48,92
2024-03-16 12:50:00,35,4,9,4,34,86
2024-03-16 13:00:00,37,11,6,8,33,95
2024-03-16 13:10:00,40,9,7,1,41,98
2024-03-16 13:20:00,29,5,6,4,28,72
2024-03-16 13:30:00,24,5,9,7,34,79
2024-03-16 13:40:00,23,5,7,17,44,96
2024-03-16 13:50:00,29,7,12,10,46,104
2024-03-16 14:00:00,26,12,10,7,43,98
2024-03-16 14:10:00,32,4,9,2,32,79
2024-03-16 14:20:00,27,2,6,2,43,80
2024-03-16 14:30:00,30,11,12,1,28,82
2024-03-16 14:40:00,28,7,10,6,38,89
2024-03-16 14:50:00,30,11,13,3,38,95
2024-03-16 15:00:00,28,10,9,3,28,78
2024-03-16 15:10:00,36,11,8,3,34,92
2024-03-16 15:20:00,27,4,6,9,28,74
2024-03-16 15:30:00,31,6,4,1,20,62
2024-03-16 15:40:00,37,9,10,4,31,91
2024-03-16 15:50:00,32,12,10,5,33,92
2024-03-16 16:00:00,34,8,5,3,23,73
2024-03-16 16:10:00,25,9,11,5,36,86
2024-03-16 16:20:00,25,6,8,3,32,74
2024-03-16 16:30:00,33,7,6,0,24,70
2024-03-16 16:40:00,29,7,6,2,23,67
2024-03-16 16:50:00,36,4,8,5,32,85
2024-03-16 17:00:00,36,3,2,3,23,67
2024-03-16 17:10:00,27,7,9,2,25,70
2024-03-16 17:20:00,35,6,10,3,31,85
2024-03-16 17:30:00,35,8,6,2,26,77
2024-03-16 17:40:00,44,7,11,5,29,96
2024-03-16 17:50:00,31,8,7,4,22,72
2024-03-16 18:00:00,28,7,8,4,25,72
2024-03-16 18:10:00,39,7,7,6,26,85
2024-03-16 18:20:00,43,14,5,5,32,99
2024-03-16 18:30:00,35,10,6,2,21,74
2024-03-16 18:40:00,30,7,13,2,34,86
2024-03-16 18:50:00,67,9,9,5,38,128
2024-03-16 19:00:00,42,12,5,1,20,80
2024-03-16 19:10:00,33,9,5,6,35,88
2024-03-16 19:20:00,40,5,6,2,28,81
2024-03-16 19:30:00,49,9,15,2,17,92
2024-03-16 19:40:00,43,10,2,0,20,75
2024-03-16 19:50:00,27,8,9,0,23,67
2024-03-16 20:00:00,28,8,9,0,18,63
2024-03-16 20:10:00,28,17,4,1,18,68
2024-03-16 20:20:00,22,11,6,0,24,63
2024-03-16 20:30:00,31,9,3,0,16,59
2024-03-16 20:40:00,31,3,4,3,17,58
2024-03-16 20:50:00,24,5,6,2,17,54
2024-03-16 21:00:00,16,4,0,0,9,29
2024-03-16 21:10:00,22,7,0,1,21,51
2024-03-16 21:20:00,25,2,2,2,17,48
2024-03-16 21:30:00,25,7,4,0,10,46
2024-03-16 21:40:00,30,3,4,1,11,49
2024-03-16 21:50:00,25,2,3,0,13,43
2024-03-16 22:00:00,21,5,6,0,17,49
2024-03-16 22:10:00,28,8,4,4,13,57
2024-03-16 22:20:00,23,2,0,0,12,37
2024-03-16 22:30:00,17,3,0,2,20,42
2024-03-16 22:40:00,19,9,2,1,17,48
2024-03-16 22:50:00,23,2,0,0,18,43
2024-03-16 23:00:00,13,9,0,1,11,34
2024-03-16 23:10:00,27,5,1,0,8,41
2024-03-16 23:20:00,18,1,1,0,10,30
2024-03-16 23:30:00,8,7,0,1,16,32
2024-03-16 23:40:00,17,3,3,1,6,30
2024-03-16 23:50:00,15,2,5,1,8,31
2024-03-17 00:00:00,22,3,1,2,3,31
2024-03-17 00:10:00,11,1,0,0,12,24
2024-03-17 00:20:00,10,3,2,1,14,30
2024-03-17 00:30:00,7,3,4,0,10,24
2024-03-17 00:40:00,15,2,2,0,7,26
2024-03-17 00:50:00,10,1,0,0,8,19
2024-03-17 01:00:00,24,4,0,0,6,34
2024-03-17 01:10:00,10,2,0,1,6,19
2024-03-17 01:20:00,15,2,0,1,6,24
2024-03-17 01:30:00,14,1,0,0,1,16
2024-03-17 01:40:00,8,5,0,0,7,20
2024-03-17 01:50:00,5,0,0,0,6,11
2024-03-17 02:00:00,10,1,5,0,7,23
2024-03-17 02:10:00,3,0,0,0,4,7
2024-03-17 02:20:00,7,4,0,0,4,15
2024-03-17 02:30:00,13,2,0,0,1,16
2024-03-17 02:40:00,1,0,0,0,1,2
2024-03-17 02:50:00,4,0,0,0,2,6
2024-03-17 03:00:00,10,0,0,0,4,14
2024-03-17 03:10:00,5,0,0,1,5,11
2024-03-17 03:20:00,6,3,0,0,6,15
2024-03-17 03:30:00,2,0,0,0,1,3
2024-03-17 03:40:00,7,0,0,0,3,10
2024-03-17 03:50:00,6,0,0,0,1,7
2024-03-17 04:00:00,7,0,0,0,2,9
2024-03-17 04:10:00,5,0,0,2,4,11
2024-03-17 04:20:00,2,0,0,0,3,5
2024-03-17 04:30:00,3,0,0,0,0,3
2024-03-17 04:40:00,5,0,0,0,4,9
2024-03-17 04:50:00,2,2,1,2,3,10
2024-03-17 05:00:00,0,0,1,0,2,3
2024-03-17 05:10:00,1,2,0,0,4,7
2024-03-17 05:20:00,1,1,0,0,5,7
2024-03-17 05:30:00,2,0,0,2,2,6
2024-03-17 05:40:00,9,0,0,0,2,11
2024-03-17 05:50:00,2,1,1,0,0,4
2024-03-17 06:00:00,0,0,1,1,2,4
2024-03-17 06:10:00,4,0,0,0,0,4
2024-03-17 06:20:00,1,0,0,0,0,1
2024-03-17 06:30:00,2,1,0,0,1,4
2024-03-17 06:40:00,4,0,0,0,3,7
2024-03-17 06:50:00,3,1,0,0,5,9
2024-03-17 07:00:00,2,0,0,1,1,4
2024-03-17 07:10:00,3,2,2,1,4,12
2024-03-17 07:20:00,2,0,2,1,3,8
2024-03-17 07:30:00,6,2,0,2,10,20
2024-03-17 07:40:00,4,0,1,0,2,7
2024-03-17 07:50:00,6,1,0,0,6,13
2024-03-17 08:00:00,7,3,1,0,4,15
2024-03-17 08:10:00,8,0,3,1,7,19
2024-03-17 08:20:00,7,4,0,0,9,20
2024-03-17 08:30:00,15,2,2,0,6,25
2024-03-17 08:40:00,8,0,5,1,11,25
2024-03-17 08:50:00,9,5,7,2,13,36
2024-03-17 09:00:00,5,5,4,3,3,20
2024-03-17 09:10:00,12,3,2,5,19,41
2024-03-17 09:20:00,21,9,4,0,16,50
2024-03-17 09:30:00,21,7,4,4,30,66
2024-03-17 09:40:00,19,5,8,5,19,56
2024-03-17 09:50:00,18,5,4,4,19,50
2024-03-17 10:00:00,17,7,4,3,21,52
2024-03-17 10:10:00,20,2,9,4,18,53
2024-03-17 10:20:00,19,3,3,0,21,46
2024-03-17 10:30:00,18,3,7,4,15,47
2024-03-17 10:40:00,13,4,7,2,33,59
2024-03-17 10:50:00,16,2,4,3,25,50
2024-03-17 11:00:00,22,3,7,3,26,61
2024-03-17 11:10:00,25,7,8,2,31,73
2024-03-17 11:20:00,23,1,11,2,30,67
2024-03-17 11:30:00,16,4,9,4,23,56
2024-03-17 11:40:00,20,4,4,4,25,57
2024-03-17 11:50:00,24,4,6,3,17,54
2024-03-17 12:00:00,22,1,6,6,30,65
2024-03-17 12:10:00,22,8,6,2,20,58
2024-03-17 12:20:00,26,10,3,1,30,70
2024-03-17 12:30:00,28,4,3,2,28,65
2024-03-17 12:40:00,29,7,6,1,29,72
2024-03-17 12:50:00,31,1,13,6,28,79
2024-03-17 13:00:00,32,7,4,2,27,72
2024-03-17 13:10:00,29,3,4,3,23,62
2024-03-17 13:20:00,38,5,7,4,32,86
2024-03-17 13:30:00,32,7,8,4,33,84
2024-03-17 13:40:00,32,4,5,4,34,79
2024-03-17 13:50:00,22,3,12,6,25,68
2024-03-17 14:00:00,24,5,9,3,22,63
2024-03-17 14:10:00,36,5,8,5,21,75
2024-03-17 14:20:00,42,7,4,6,36,95
2024-03-17 14:30:00,26,7,4,3,45,85
2024-03-17 14:40:00,25,3,11,8,28,75
2024-03-17 14:50:00,30,5,9,8,23,75
2024-03-17 15:00:00,40,7,7,4,23,81
2024-03-17 15:10:00,33,7,10,3,24,77
2024-03-17 15:20:00,27,4,5,0,26,62
2024-03-17 15:30:00,33,10,8,4,39,94
2024-03-17 15:40:00,30,6,11,3,22,72
2024-03-17 15:50:00,36,2,9,3,25,75
2024-03-17 16:00:00,21,3,6,8,22,60
2024-03-17 16:10:00,21,3,10,4,21,59
2024-03-17 16:20:00,27,6,7,8,26,74
2024-03-17 16:30:00,30,8,6,2,29,75
2024-03-17 16:40:00,25,3,4,7,33,72
2024-03-17 16:50:00,23,5,8,4,28,68
2024-03-17 17:00:00,22,6,5,2,31,66
2024-03-17 17:10:00,32,5,10,2,31,80
2024-03-17 17:20:00,25,7,10,4,29,75
2024-03-17 17:30:00,17,5,8,3,38,71
2024-03-17 17:40:00,32,3,6,6,32,79
2024-03-17 17:50:00,30,8,8,3,25,74
2024-03-17 18:00:00,27,4,8,4,35,78
2024-03-17 18:10:00,22,9,9,1,30,71
2024-03-17 18:20:00,29,7,14,7,26,83
2024-03-17 18:30:00,17,6,8,5,22,58
2024-03-17 18:40:00,30,6,9,4,19,68
2024-03-17 18:50:00,29,11,6,1,20,67
2024-03-17 19:00:00,31,10,6,0,22,69
2024-03-17 19:10:00,28,13,3,1,19,64
2024-03-17 19:20:00,24,8,6,2,14,54
2024-03-17 19:30:00,24,4,12,4,20,64
2024-03-17 19:40:00,25,4,2,0,24,55
2024-03-17 19:50:00,29,8,5,0,21,63
2024-03-17 20:00:00,35,7,1,1,22,66
2024-03-17 20:10:00,44,8,2,3,14,71
2024-03-17 20:20:00,31,5,6,2,16,60
2024-03-17 20:30:00,20,6,7,0,15,48
2024-03-17 20:40:00,23,4,2,0,17,46
2024-03-17 20:50:00,22,6,2,3,14,47
2024-03-17 21:00:00,19,2,6,0,16,43
2024-03-17 21:10:00,24,1,0,0,11,36
2024-03-17 21:20:00,24,3,4,0,10,41
2024-03-17 21:30:00,16,5,0,1,12,34
2024-03-17 21:40:00,20,1,4,0,12,37
2024-03-17 21:50:00,23,0,0,1,16,40
2024-03-17 22:00:00,21,8,4,0,7,40
2024-03-17 22:10:00,21,4,1,1,12,39
2024-03-17 22:20:00,15,2,0,1,4,22
2024-03-17 22:30:00,20,0,0,0,8,28
2024-03-17 22:40:00,18,0,0,0,4,22
2024-03-17 22:50:00,8,0,0,0,4,12
2024-03-17 23:00:00,18,1,1,3,8,31
2024-03-17 23:10:00,4,3,3,0,3,13
2024-03-17 23:20:00,13,0,0,0,2,15
2024-03-17 23:30:00,10,2,0,0,2,14
2024-03-17 23:40:00,6,0,0,0,1,7
2024-03-17 23:50:00,11,0,2,0,3,16
2024-03-18 00:00:00,1,0,0,0,4,5
2024-03-18 00:10:00,12,0,0,0,2,14
2024-03-18 00:20:00,2,0,0,0,4,6
2024-03-18 00:30:00,5,0,0,0,1,6
2024-03-18 00:40:00,6,0,0,0,1,7
2024-03-18 00:50:00,4,3,1,0,0,8
2024-03-18 01:00:00,9,2,0,0,2,13
2024-03-18 01:10:00,2,0,0,1,3,6
2024-03-18 01:20:00,3,0,0,0,2,5
2024-03-18 01:30:00,4,0,2,0,0,6
2024-03-18 01:40:00,2,0,0,0,1,3
2024-03-18 01:50:00,1,2,0,0,1,4
2024-03-18 02:00:00,2,0,0,0,5,7
2024-03-18 02:10:00,4,0,0,0,2,6
2024-03-18 02:20:00,0,0,0,0,1,1
2024-03-18 02:30:00,2,0,0,0,1,3
2024-03-18 02:40:00,0,0,0,0,0,0
2024-03-18 02:50:00,2,0,0,1,0,3
2024-03-18 03:00:00,0,0,0,0,0,0
2024-03-18 03:10:00,1,0,0,0,1,2
2024-03-18 03:20:00,4,0,0,0,0,4
2024-03-18 03:30:00,1,0,0,0,0,1
2024-03-18 03:40:00,5,2,0,0,1,8
2024-03-18 03:50:00,1,0,0,0,1,2
2024-03-18 04:00:00,2,0,0,1,2,5
2024-03-18 04:10:00,4,0,0,2,2,8
2024-03-18 04:20:00,0,0,0,0,2,2
2024-03-18 04:30:00,3,0,0,1,2,6
2024-03-18 04:40:00,2,1,0,1,3,7
2024-03-18 04:50:00,0,0,1,1,3,5
2024-03-18 05:00:00,7,0,0,3,3,13
2024-03-18 05:10:00,8,0,0,1,9,18
2024-03-18 05:20:00,7,0,1,0,6,14
2024-03-18 05:30:00,7,3,0,3,16,29
2024-03-18 05:40:00,8,3,8,3,9,31
2024-03-18 05:50:00,10,1,1,7,13,32
2024-03-18 06:00:00,10,3,3,3,12,31
2024-03-18 06:10:00,10,0,2,4,13,29
2024-03-18 06:20:00,12,2,7,1,20,42
2024-03-18 06:30:00,8,2,3,5,14,32
2024-03-18 06:40:00,16,1,2,3,20,42
2024-03-18 06:50:00,15,1,11,5,27,59
2024-03-18 07:00:00,11,2,4,8,38,63
2024-03-18 07:10:00,28,6,7,9,40,90
2024-03-18 07:20:00,22,10,13,12,41,98
2024-03-18 07:30:00,33,15,12,8,38,106
2024-03-18 07:40:00,23,8,9,17,38,95
2024-03-18 07:50:00,32,7,11,13,49,112
2024-03-18 08:00:00,31,10,9,13,47,110
2024-03-18 08:10:00,23,26,14,13,37,113
2024-03-18 08:20:00,38,8,11,15,37,109
2024-03-18 08:30:00,29,11,13,7,40,100
2024-03-18 08:40:00,39,9,11,7,31,97
2024-03-18 08:50:00,0,0,0,0,0,0
2024-03-18 09:00:00,0,0,0,0,0,0
2024-03-18 09:10:00,0,0,0,0,0,0
2024-03-18 09:20:00,0,0,0,0,0,0
2024-03-18 09:30:00,0,0,0,0,0,0
2024-03-18 09:40:00,0,0,0,0,0,0
2024-03-18 09:50:00,0,0,0,0,0,0
2024-03-18 10:00:00,0,0,0,0,0,0
2024-03-18 10:10:00,0,0,0,0,0,0
2024-03-18 10:20:00,0,0,0,0,0,0
2024-03-18 10:30:00,0,0,0,0,0,0
2024-03-18 10:40:00,0,0,0,0,0,0
2024-03-18 10:50:00,0,0,0,0,0,0
2024-03-18 11:00:00,0,0,0,0,0,0
2024-03-18 11:10:00,0,0,0,0,0,0
2024-03-18 11:20:00,0,0,0,0,0,0
2024-03-18 11:30:00,0,0,0,0,0,0
2024-03-18 11:40:00,0,0,0,0,0,0
2024-03-18 11:50:00,4,0,4,0,4,12
2024-03-18 12:00:00,22,10,11,6,22,71
2024-03-18 12:10:00,25,6,11,1,23,66
2024-03-18 12:20:00,34,6,8,5,29,82
2024-03-18 12:30:00,25,9,7,6,27,74
2024-03-18 12:40:00,26,13,8,10,32,89
2024-03-18 12:50:00,25,5,11,1,30,72
2024-03-18 13:00:00,28,9,8,6,20,71
2024-03-18 13:10:00,37,13,2,4,29,85
2024-03-18 13:20:00,25,16,11,9,32,93
2024-03-18 13:30:00,19,6,15,8,28,76
2024-03-18 13:40:00,20,15,7,4,29,75
2024-03-18 13:50:00,33,15,15,6,25,94
2024-03-18 14:00:00,22,14,9,2,30,77
2024-03-18 14:10:00,28,8,9,4,38,87
2024-03-18 14:20:00,25,7,12,8,36,88
2024-03-18 14:30:00,23,9,14,5,32,83
2024-03-18 14:40:00,24,11,10,11,30,86
2024-03-18 14:50:00,25,17,8,8,22,80
2024-03-18 15:00:00,31,15,4,11,38,99
2024-03-18 15:10:00,19,18,6,8,29,80
2024-03-18 15:20:00,37,16,9,1,17,80
2024-03-18 15:30:00,29,11,13,5,33,91
2024-03-18 15:40:00,23,14,13,4,41,95
2024-03-18 15:50:00,37,10,14,9,44,114
2024-03-18 16:00:00,28,16,10,5,36,95
2024-03-18 16:10:00,27,13,11,5,27,83
2024-03-18 16:20:00,27,15,7,8,39,96
2024-03-18 16:30:00,31,10,9,5,40,95
2024-03-18 16:40:00,30,19,7,10,33,99
2024-03-18 16:50:00,29,19,6,4,28,86
2024-03-18 17:00:00,38,19,2,8,34,101
2024-03-18 17:10:00,31,32,7,8,40,118
2024-03-18 17:20:00,29,13,13,10,33,98
2024-03-18 17:30:00,39,14,5,12,36,106
2024-03-18 17:40:00,41,9,11,7,41,109
2024-03-18 17:50:00,31,7,11,11,26,86
2024-03-18 18:00:00,34,16,6,3,28,87
2024-03-18 18:10:00,42,13,4,8,39,106
2024-03-18 18:20:00,39,12,9,7,26,93
2024-03-18 18:30:00,32,22,12,7,34,107
2024-03-18 18:40:00,33,7,12,8,29,89
2024-03-18 18:50:00,43,21,7,6,29,106
2024-03-18 19:00:00,55,16,8,3,23,105
2024-03-18 19:10:00,33,13,8,5,28,87
2024-03-18 19:20:00,53,21,4,6,27,111
2024-03-18 19:30:00,34,10,1,0,31,76
2024-03-18 19:40:00,39,10,3,5,22,79
2024-03-18 19:50:00,39,15,10,1,13,78
2024-03-18 20:00:00,24,17,13,5,16,75
2024-03-18 20:10:00,24,11,4,4,19,62
2024-03-18 20:20:00,33,5,2,4,24,68
2024-03-18 20:30:00,24,8,3,3,12,50
2024-03-18 20:40:00,25,8,4,3,19,59
2024-03-18 20:50:00,33,5,6,2,13,59
2024-03-18 21:00:00,28,8,0,0,18,54
2024-03-18 21:10:00,43,13,1,0,23,80
2024-03-18 21:20:00,17,4,1,1,17,40
2024-03-18 21:30:00,23,7,1,1,12,44
2024-03-18 21:40:00,19,8,1,4,11,43
2024-03-18 21:50:00,19,5,2,1,7,34
2024-03-18 22:00:00,17,7,0,1,9,34
2024-03-18 22:10:00,24,6,2,2,21,55
2024-03-18 22:20:00,16,7,1,0,13,37
2024-03-18 22:30:00,24,8,1,3,10,46
2024-03-18 22:40:00,12,4,0,1,13,30
2024-03-18 22:50:00,9,6,1,1,6,23
2024-03-18 23:00:00,7,4,0,1,3,15
2024-03-18 23:10:00,9,3,0,2,5,19
2024-03-18 23:20:00,8,5,1,0,3,17
2024-03-18 23:30:00,8,5,0,1,4,18
2024-03-18 23:40:00,7,2,0,2,3,14
2024-03-18 23:50:00,2,0,0,1,6,9
2024-03-19 00:00:00,7,2,1,0,4,14
2024-03-19 00:10:00,8,5,0,0,3,16
2024-03-19 00:20:00,5,2,0,1,2,10
2024-03-19 00:30:00,5,2,0,0,2,9
2024-03-19 00:40:00,5,4,1,1,2,13
2024-03-19 00:50:00,5,1,0,0,2,8
2024-03-19 01:00:00,3,2,0,0,0,5
2024-03-19 01:10:00,6,2,0,0,1,9
2024-03-19 01:20:00,5,1,0,0,1,7
2024-03-19 01:30:00,4,0,1,0,0,5
2024-03-19 01:40:00,3,2,0,0,0,5
2024-03-19 01:50:00,1,1,0,1,1,4
2024-03-19 02:00:00,0,0,0,0,1,1
2024-03-19 02:10:00,1,0,0,0,1,2
2024-03-19 02:20:00,3,0,0,0,0,3
2024-03-19 02:30:00,1,0,0,0,1,2
2024-03-19 02:40:00,2,1,0,0,1,4
2024-03-19 02:50:00,2,0,0,0,0,2
2024-03-19 03:00:00,0,0,0,0,1,1
2024-03-19 03:10:00,4,1,0,1,2,8
2024-03-19 03:20:00,2,0,0,0,1,3
2024-03-19 03:30:00,2,0,0,0,0,2
2024-03-19 03:40:00,2,0,0,2,3,7
2024-03-19 03:50:00,1,0,0,1,1,3
2024-03-19 04:00:00,4,0,0,0,0,4
2024-03-19 04:10:00,3,1,0,0,2,6
2024-03-19 04:20:00,1,0,0,0,3,4
2024-03-19 04:30:00,1,0,0,2,4,7
2024-03-19 04:40:00,0,0,0,1,3,4
2024-03-19 04:50:00,0,1,0,5,1,7
2024-03-19 05:00:00,8,0,0,1,10,19
2024-03-19 05:10:00,9,0,0,8,12,29
2024-03-19 05:20:00,7,0,0,3,5,15
2024-03-19 05:30:00,9,1,0,4,12,26
2024-03-19 05:40:00,11,0,6,5,13,35
2024-03-19 05:50:00,15,1,1,5,13,35
2024-03-19 06:00:00,3,0,2,3,9,17
2024-03-19 06:10:00,8,0,1,7,13,29
2024-03-19 06:20:00,19,0,4,4,17,44
2024-03-19 06:30:00,10,0,6,4,14,34
2024-03-19 06:40:00,18,7,11,4,20,60
2024-03-19 06:50:00,15,6,7,8,27,63
2024-03-19 07:00:00,16,3,7,8,35,69
2024-03-19 07:10:00,18,9,9,11,34,81
2024-03-19 07:20:00,22,14,14,14,32,96
2024-03-19 07:30:00,28,17,17,9,36,107
2024-03-19 07:40:00,22,6,16,13,37,94
2024-03-19 07:50:00,16,14,13,20,43,106
2024-03-19 08:00:00,29,9,14,19,25,96
2024-03-19 08:10:00,26,6,16,22,46,116
2024-03-19 08:20:00,34,15,14,12,33,108
2024-03-19 08:30:00,23,10,16,7,42,98
2024-03-19 08:40:00,33,4,9,10,42,98
2024-03-19 08:50:00,21,5,12,11,45,94
2024-03-19 09:00:00,29,13,6,10,31,89
2024-03-19 09:10:00,20,3,8,3,30,64
2024-03-19 09:20:00,19,9,6,4,30,68
2024-03-19 09:30:00,30,10,11,3,45,99
2024-03-19 09:40:00,19,10,10,6,30,75
2024-03-19 09:50:00,25,5,8,7,30,75
2024-03-19 10:00:00,25,12,8,4,38,87
2024-03-19 10:10:00,27,3,7,7,33,77
2024-03-19 10:20:00,27,4,8,2,36,77
2024-03-19 10:30:00,25,10,3,7,26,71
2024-03-19 10:40:00,33,6,8,9,30,86
2024-03-19 10:50:00,23,5,12,4,26,70
2024-03-19 11:00:00,30,8,8,2,27,75
2024-03-19 11:10:00,20,9,10,5,40,84
2024-03-19 11:20:00,21,13,9,5,27,75
2024-03-19 11:30:00,22,6,11,4,32,75
2024-03-19 11:40:00,21,12,9,2,30,74
2024-03-19 11:50:00,35,9,8,2,21,75
2024-03-19 12:00:00,23,10,9,6,32,80
2024-03-19 12:10:00,32,5,9,6,30,82
2024-03-19 12:20:00,29,4,9,6,24,72
2024-03-19 12:30:00,21,7,11,5,29,73
2024-03-19 12:40:00,23,13,17,7,29,89
2024-03-19 12:50:00,22,14,8,1,26,71
2024-03-19 13:00:00,21,9,4,5,32,71
2024-03-19 13:10:00,26,13,9,7,31,86
2024-03-19 13:20:00,23,12,8,10,32,85
2024-03-19 13:30:00,29,11,11,8,32,91
2024-03-19 13:40:00,30,11,5,5,40,91
2024-03-19 13:50:00,32,9,6,6,25,78
2024-03-19 14:00:00,26,15,6,5,21,73
2024-03-19 14:10:00,27,8,13,6,35,89
2024-03-19 14:20:00,20,6,8,1,35,70
2024-03-19 14:30:00,43,13,7,2,35,100
2024-03-19 14:40:00,21,9,9,7,36,82
2024-03-19 14:50:00,22,14,8,5,34,83
2024-03-19 15:00:00,27,14,11,3,27,82
2024-03-19 15:10:00,31,12,12,3,34,92
2024-03-19 15:20:00,39,16,12,6,29,102
2024-03-19 15:30:00,26,13,6,6,34,85
2024-03-19 15:40:00,31,13,8,6,25,83
2024-03-19 15:50:00,33,8,10,5,27,83
2024-03-19 16:00:00,42,9,9,3,23,86
2024-03-19 16:10:00,18,14,12,8,23,75
2024-03-19 16:20:00,29,10,7,8,27,81
2024-03-19 16:30:00,27,18,7,5,27,84
2024-03-19 16:40:00,18,12,10,6,28,74
2024-03-19 16:50:00,43,7,11,12,26,99
2024-03-19 17:00:00,37,16,9,9,35,106
2024-03-19 17:10:00,37,14,9,6,40,106
2024-03-19 17:20:00,34,8,7,9,42,100
2024-03-19 17:30:00,34,14,10,8,35,101
2024-03-19 17:40:00,27,13,5,13,32,90
2024-03-19 17:50:00,37,17,6,10,30,100
2024-03-19 18:00:00,37,20,12,10,32,111
2024-03-19 18:10:00,30,8,7,3,27,75
2024-03-19 18:20:00,32,18,11,7,38,106
2024-03-19 18:30:00,31,10,10,9,35,95
2024-03-19 18:40:00,26,11,10,10,30,87
2024-03-19 18:50:00,37,31,6,22,28,124
2024-03-19 19:00:00,35,14,10,6,28,93
2024-03-19 19:10:00,31,8,9,6,32,86
2024-03-19 19:20:00,34,6,13,2,30,85
2024-03-19 19:30:00,21,11,10,6,23,71
2024-03-19 19:40:00,53,15,4,5,21,98
2024-03-19 19:50:00,27,24,0,1,25,77
2024-03-19 20:00:00,32,17,4,1,22,76
2024-03-19 20:10:00,29,8,6,4,18,65
2024-03-19 20:20:00,32,18,3,2,18,73
2024-03-19 20:30:00,37,17,3,0,19,76
2024-03-19 20:40:00,23,6,2,3,17,51
2024-03-19 20:50:00,35,12,2,3,22,74
2024-03-19 21:00:00,33,3,0,4,16,56
2024-03-19 21:10:00,28,11,3,4,16,62
2024-03-19 21:20:00,27,8,0,2,10,47
2024-03-19 21:30:00,34,6,0,1,14,55
2024-03-19 21:40:00,32,10,2,3,13,60
2024-03-19 21:50:00,28,15,2,0,10,55
2024-03-19 22:00:00,38,9,6,1,14,68
2024-03-19 22:10:00,26,9,1,0,9,45
2024-03-19 22:20:00,30,3,4,3,15,55
2024-03-19 22:30:00,26,11,1,2,5,45
2024-03-19 22:40:00,15,8,2,0,5,30
2024-03-19 22:50:00,23,2,2,2,7,36
2024-03-19 23:00:00,22,3,0,0,4,29
2024-03-19 23:10:00,12,6,2,4,7,31
2024-03-19 23:20:00,11,0,0,0,6,17
2024-03-19 23:30:00,6,3,2,0,3,14
2024-03-19 23:40:00,7,0,0,0,4,11
2024-03-19 23:50:00,12,0,0,0,1,13
2024-03-20 00:00:00,10,0,0,1,8,19
2024-03-20 00:10:00,7,1,0,0,2,10
2024-03-20 00:20:00,4,0,0,0,4,8
2024-03-20 00:30:00,5,2,5,0,2,14
2024-03-20 00:40:00,9,0,0,1,5,15
2024-03-20 00:50:00,3,0,2,1,5,11
2024-03-20 01:00:00,6,4,0,0,1,11
2024-03-20 01:10:00,12,0,0,0,0,12
2024-03-20 01:20:00,5,0,0,0,4,9
2024-03-20 01:30:00,4,0,0,0,3,7
2024-03-20 01:40:00,1,0,4,0,1,6
2024-03-20 01:50:00,4,2,1,2,1,10
2024-03-20 02:00:00,0,0,0,0,2,2
2024-03-20 02:10:00,2,1,0,0,2,5
2024-03-20 02:20:00,1,0,0,0,1,2
2024-03-20 02:30:00,1,1,0,0,0,2
2024-03-20 02:40:00,0,0,0,0,0,0
2024-03-20 02:50:00,4,1,0,0,0,5
2024-03-20 03:00:00,1,0,0,0,2,3
2024-03-20 03:10:00,4,1,2,0,1,8
2024-03-20 03:20:00,10,0,0,0,1,11
2024-03-20 03:30:00,0,0,0,0,3,3
2024-03-20 03:40:00,2,2,0,0,1,5
2024-03-20 03:50:00,0,0,0,4,2,6
2024-03-20 04:00:00,4,2,0,0,0,6
2024-03-20 04:10:00,2,0,1,0,1,4
2024-03-20 04:20:00,0,0,0,0,0,0
2024-03-20 04:30:00,3,0,0,1,2,6
2024-03-20 04:40:00,0,0,0,0,4,4
2024-03-20 04:50:00,1,0,0,1,5,7
2024-03-20 05:00:00,7,3,0,1,9,20
2024-03-20 05:10:00,5,0,0,1,12,18
2024-03-20 05:20:00,14,4,3,4,2,27
2024-03-20 05:30:00,6,0,1,4,7,18
2024-03-20 05:40:00,8,0,2,4,10,24
2024-03-20 05:50:00,9,1,2,5,14,31
2024-03-20 06:00:00,6,2,3,3,17,31
2024-03-20 06:10:00,12,1,4,6,11,34
2024-03-20 06:20:00,11,1,2,0,16,30
2024-03-20 06:30:00,7,4,3,10,17,41
2024-03-20 06:40:00,18,3,1,13,26,61
2024-03-20 06:50:00,9,4,8,5,42,68
2024-03-20 07:00:00,9,2,5,6,25,47
2024-03-20 07:10:00,23,11,13,10,35,92
2024-03-20 07:20:00,35,5,9,12,42,103
2024-03-20 07:30:00,21,10,13,11,39,94
2024-03-20 07:40:00,26,9,12,21,37,105
2024-03-20 07:50:00,28,16,9,8,44,105
2024-03-20 08:00:00,35,13,12,12,45,117
2024-03-20 08:10:00,26,6,10,15,30,87
2024-03-20 08:20:00,23,19,12,10,28,92
2024-03-20 08:30:00,28,14,12,6,23,83
2024-03-20 08:40:00,26,8,14,8,36,92
2024-03-20 08:50:00,25,5,9,8,28,75
2024-03-20 09:00:00,27,11,7,7,26,78
2024-03-20 09:10:00,20,7,9,7,30,73
2024-03-20 09:20:00,26,4,8,4,33,75
2024-03-20 09:30:00,23,10,12,3,29,77
2024-03-20 09:40:00,29,44,8,7,35,123
2024-03-20 09:50:00,40,8,9,6,24,87
2024-03-20 10:00:00,21,7,5,4,39,76
2024-03-20 10:10:00,25,5,8,5,27,70
2024-03-20 10:20:00,21,9,7,5,28,70
2024-03-20 10:30:00,26,6,9,9,32,82
2024-03-20 10:40:00,22,10,5,5,40,82
2024-03-20 10:50:00,25,9,8,6,24,72
2024-03-20 11:00:00,28,7,5,3,27,70
2024-03-20 11:10:00,34,12,9,4,22,81
2024-03-20 11:20:00,31,8,9,6,31,85
2024-03-20 11:30:00,23,6,11,1,28,69
2024-03-20 11:40:00,28,14,6,5,31,84
2024-03-20 11:50:00,30,3,10,10,29,82
2024-03-20 12:00:00,27,8,7,7,33,82
2024-03-20 12:10:00,24,6,8,3,34,75
2024-03-20 12:20:00,24,9,6,5,34,78
2024-03-20 12:30:00,34,3,8,3,33,81
2024-03-20 12:40:00,10,9,10,8,37,74
2024-03-20 12:50:00,29,10,8,8,32,87
2024-03-20 13:00:00,20,7,10,8,29,74
2024-03-20 13:10:00,32,10,6,2,31,81
2024-03-20 13:20:00,26,11,10,5,33,85
2024-03-20 13:30:00,25,11,8,6,33,83
2024-03-20 13:40:00,31,11,9,8,26,85
2024-03-20 13:50:00,29,8,17,2,31,87
2024-03-20 14:00:00,32,6,16,5,26,85
2024-03-20 14:10:00,16,10,19,6,29,80
2024-03-20 14:20:00,15,12,13,10,26,76
2024-03-20 14:30:00,20,7,5,10,30,72
2024-03-20 14:40:00,22,7,8,6,24,67
2024-03-20 14:50:00,21,10,15,6,33,85
2024-03-20 15:00:00,27,20,14,9,23,93
2024-03-20 15:10:00,34,9,12,4,34,93
2024-03-20 15:20:00,31,13,12,8,34,98
2024-03-20 15:30:00,25,12,12,12,34,95
2024-03-20 15:40:00,27,20,7,11,36,101
2024-03-20 15:50:00,31,9,9,5,38,92
2024-03-20 16:00:00,49,14,15,8,33,119
2024-03-20 16:10:00,28,5,8,8,31,80
2024-03-20 16:20:00,33,13,7,17,25,95
2024-03-20 16:30:00,40,21,8,7,29,105
2024-03-20 16:40:00,27,18,9,11,27,92
2024-03-20 16:50:00,24,16,10,16,34,100
2024-03-20 17:00:00,28,10,10,9,34,91
2024-03-20 17:10:00,36,18,8,9,35,106
2024-03-20 17:20:00,31,13,7,5,26,82
2024-03-20 17:30:00,36,7,12,8,31,94
2024-03-20 17:40:00,33,13,13,8,25,92
2024-03-20 17:50:00,47,10,19,5,30,111
2024-03-20 18:00:00,33,23,12,16,32,116
2024-03-20 18:10:00,32,16,8,6,30,92
2024-03-20 18:20:00,35,17,9,4,25,90
2024-03-20 18:30:00,26,9,10,7,30,82
2024-03-20 18:40:00,19,9,3,7,27,65
2024-03-20 18:50:00,32,19,12,13,36,112
2024-03-20 19:00:00,49,13,8,2,28,100
2024-03-20 19:10:00,33,18,9,6,28,94
2024-03-20 19:20:00,41,16,5,3,31,96
2024-03-20 19:30:00,24,10,5,4,16,59
2024-03-20 19:40:00,31,12,4,4,25,76
2024-03-20 19:50:00,35,26,3,3,16,83
2024-03-20 20:00:00,30,1,11,3,18,63
2024-03-20 20:10:00,27,14,8,5,19,73
2024-03-20 20:20:00,29,8,4,1,17,59
2024-03-20 20:30:00,21,6,2,0,22,51
2024-03-20 20:40:00,28,10,5,2,14,59
2024-03-20 20:50:00,24,9,2,2,16,53
2024-03-20 21:00:00,27,0,5,2,9,43
2024-03-20 21:10:00,37,14,2,2,16,71
2024-03-20 21:20:00,34,11,2,2,14,63
2024-03-20 21:30:00,23,10,2,2,7,44
2024-03-20 21:40:00,40,5,3,4,19,71
2024-03-20 21:50:00,19,4,0,5,12,40
2024-03-20 22:00:00,29,10,0,1,11,51
2024-03-20 22:10:00,28,7,0,1,12,48
2024-03-20 22:20:00,18,6,0,1,11,36
2024-03-20 22:30:00,26,13,1,0,8,48
2024-03-20 22:40:00,22,9,1,1,6,39
2024-03-20 22:50:00,20,5,1,0,10,36
2024-03-20 23:00:00,14,7,0,0,4,25
2024-03-20 23:10:00,18,7,3,1,10,39
2024-03-20 23:20:00,23,3,0,2,9,37
2024-03-20 23:30:00,15,1,0,0,4,20
2024-03-20 23:40:00,5,0,2,0,1,8
2024-03-20 23:50:00,4,2,0,3,5,14
2024-03-21 00:00:00,8,0,0,0,0,8
2024-03-21 00:10:00,6,4,0,0,1,11
2024-03-21 00:20:00,10,0,0,1,4,15
2024-03-21 00:30:00,6,0,0,0,2,8
2024-03-21 00:40:00,9,0,0,1,1,11
2024-03-21 00:50:00,3,0,0,0,4,7
2024-03-21 01:00:00,4,0,0,0,1,5
2024-03-21 01:10:00,6,1,0,0,1,8
2024-03-21 01:20:00,2,0,0,0,3,5
2024-03-21 01:30:00,10,0,0,0,4,14
2024-03-21 01:40:00,4,0,2,0,0,6
2024-03-21 01:50:00,4,0,0,0,0,4
2024-03-21 02:00:00,1,0,0,0,4,5
2024-03-21 02:10:00,1,0,0,0,1,2
2024-03-21 02:20:00,1,2,0,0,2,5
2024-03-21 02:30:00,1,0,0,0,1,2
2024-03-21 02:40:00,2,0,0,0,2,4
2024-03-21 02:50:00,4,0,0,0,1,5
2024-03-21 03:00:00,1,0,0,0,0,1
2024-03-21 03:10:00,2,0,0,3,1,6
2024-03-21 03:20:00,6,0,0,0,3,9
2024-03-21 03:30:00,1,0,0,0,2,3
2024-03-21 03:40:00,5,0,0,2,2,9
2024-03-21 03:50:00,0,0,0,0,1,1
2024-03-21 04:00:00,3,0,0,0,2,5
2024-03-21 04:10:00,4,0,0,0,2,6
2024-03-21 04:20:00,0,0,1,1,4,6
2024-03-21 04:30:00,3,0,0,2,3,8
2024-03-21 04:40:00,2,0,0,0,5,7
2024-03-21 04:50:00,1,0,0,1,3,5
2024-03-21 05:00:00,4,0,0,3,6,13
2024-03-21 05:10:00,7,1,0,3,10,21
2024-03-21 05:20:00,9,0,3,3,6,21
2024-03-21 05:30:00,5,3,0,5,12,25
2024-03-21 05:40:00,6,0,2,7,12,27
2024-03-21 05:50:00,17,0,2,0,8,27
2024-03-21 06:00:00,7,1,1,6,11,26
2024-03-21 06:10:00,15,2,1,1,12,31
2024-03-21 06:20:00,12,0,3,9,18,42
2024-03-21 06:30:00,8,0,6,7,18,39
2024-03-21 06:40:00,17,0,6,3,21,47
2024-03-21 06:50:00,15,4,4,10,28,61
2024-03-21 07:00:00,15,4,4,9,33,65
2024-03-21 07:10:00,16,3,10,9,41,79
2024-03-21 07:20:00,23,8,6,14,30,81
2024-03-21 07:30:00,37,11,10,13,48,119
2024-03-21 07:40:00,27,3,44,13,36,123
2024-03-21 07:50:00,23,16,9,17,33,98
2024-03-21 08:00:00,33,3,12,14,32,94
2024-03-21 08:10:00,24,6,10,13,42,95
2024-03-21 08:20:00,29,7,11,7,35,89
2024-03-21 08:30:00,24,6,18,10,34,92
2024-03-21 08:40:00,22,8,12,11,34,87
2024-03-21 08:50:00,31,6,12,6,30,85
2024-03-21 09:00:00,26,8,10,10,34,88
2024-03-21 09:10:00,25,5,9,3,29,71
2024-03-21 09:20:00,23,6,8,4,52,93
2024-03-21 09:30:00,20,8,7,8,30,73
2024-03-21 09:40:00,19,3,7,4,38,71
2024-03-21 09:50:00,26,11,6,6,35,84
2024-03-21 10:00:00,26,7,5,6,38,82
2024-03-21 10:10:00,23,2,5,3,39,72
2024-03-21 10:20:00,27,3,4,3,31,68
2024-03-21 10:30:00,25,10,4,2,28,69
2024-03-21 10:40:00,27,8,10,4,31,80
2024-03-21 10:50:00,26,9,5,5,33,78
2024-03-21 11:00:00,34,6,3,4,33,80
2024-03-21 11:10:00,27,4,8,4,30,73
2024-03-21 11:20:00,36,14,6,2,37,95
2024-03-21 11:30:00,26,13,8,3,36,86
2024-03-21 11:40:00,31,11,11,3,37,93
2024-03-21 11:50:00,31,13,7,9,36,96
2024-03-21 12:00:00,22,3,7,7,30,69
2024-03-21 12:10:00,23,2,10,2,36,73
2024-03-21 12:20:00,30,7,4,3,33,77
2024-03-21 12:30:00,24,12,8,5,32,81
2024-03-21 12:40:00,27,9,7,7,42,92
2024-03-21 12:50:00,26,10,10,3,32,81
2024-03-21 13:00:00,28,2,64,5,30,129
2024-03-21 13:10:00,37,13,7,4,28,89
2024-03-21 13:20:00,27,13,7,10,34,91
2024-03-21 13:30:00,25,23,9,4,33,94
2024-03-21 13:40:00,17,12,14,6,33,82
2024-03-21 13:50:00,39,3,8,7,31,88
2024-03-21 14:00:00,20,7,10,5,27,69
2024-03-21 14:10:00,25,9,9,4,38,85
2024-03-21 14:20:00,28,12,11,2,29,82
2024-03-21 14:30:00,26,6,8,6,34,80
2024-03-21 14:40:00,26,12,15,6,35,94
2024-03-21 14:50:00,24,7,12,1,22,66
2024-03-21 15:00:00,32,16,15,3,27,93
2024-03-21 15:10:00,30,6,8,8,31,83
2024-03-21 15:20:00,25,8,9,7,30,79
2024-03-21 15:30:00,52,16,10,3,23,104
2024-03-21 15:40:00,22,11,12,12,41,98
2024-03-21 15:50:00,47,21,5,5,34,112
2024-03-21 16:00:00,24,15,9,6,40,94
2024-03-21 16:10:00,23,15,5,4,26,73
2024-03-21 16:20:00,51,15,3,4,27,100
2024-03-21 16:30:00,39,7,11,9,29,95
2024-03-21 16:40:00,29,17,2,5,31,84
2024-03-21 16:50:00,33,11,5,11,31,91
2024-03-21 17:00:00,28,21,8,4,35,96
2024-03-21 17:10:00,30,8,4,11,42,95
2024-03-21 17:20:00,40,9,7,5,35,96
2024-03-21 17:30:00,46,16,11,6,29,108
2024-03-21 17:40:00,38,20,9,9,34,110
2024-03-21 17:50:00,33,13,8,12,24,90
2024-03-21 18:00:00,41,18,8,11,36,114
2024-03-21 18:10:00,44,19,10,5,35,113
2024-03-21 18:20:00,39,25,8,6,29,107
2024-03-21 18:30:00,26,15,11,8,28,88
2024-03-21 18:40:00,30,8,7,6,29,80
2024-03-21 18:50:00,39,18,10,8,30,105
2024-03-21 19:00:00,52,14,18,3,30,117
2024-03-21 19:10:00,34,17,10,6,25,92
2024-03-21 19:20:00,38,9,6,8,30,91
2024-03-21 19:30:00,47,7,8,6,28,96
2024-03-21 19:40:00,33,12,5,5,28,83
2024-03-21 19:50:00,40,14,6,0,22,82
2024-03-21 20:00:00,30,4,8,4,22,68
2024-03-21 20:10:00,35,10,13,1,20,79
2024-03-21 20:20:00,35,8,3,5,27,78
2024-03-21 20:30:00,26,8,5,3,20,62
2024-03-21 20:40:00,29,20,2,1,12,64
2024-03-21 20:50:00,22,10,2,2,15,51
2024-03-21 21:00:00,33,8,3,1,16,61
2024-03-21 21:10:00,24,6,10,5,12,57
2024-03-21 21:20:00,19,13,1,4,19,56
2024-03-21 21:30:00,25,11,7,3,13,59
2024-03-21 21:40:00,23,11,3,1,12,50
2024-03-21 21:50:00,34,10,1,4,13,62
2024-03-21 22:00:00,23,2,3,1,15,44
2024-03-21 22:10:00,31,3,1,1,12,48
2024-03-21 22:20:00,28,4,3,1,16,52
2024-03-21 22:30:00,26,6,7,0,7,46
2024-03-21 22:40:00,30,6,2,3,10,51
2024-03-21 22:50:00,13,6,1,4,11,35
2024-03-21 23:00:00,16,5,2,0,9,32
2024-03-21 23:10:00,21,2,2,2,5,32
2024-03-21 23:20:00,16,8,0,0,8,32
2024-03-21 23:30:00,8,2,2,0,11,23
2024-03-21 23:40:00,15,3,0,0,4,22
2024-03-21 23:50:00,17,3,1,0,1,22
2024-03-22 00:00:00,7,6,1,2,5,21
2024-03-22 00:10:00,11,0,0,0,2,13
2024-03-22 00:20:00,9,0,0,2,4,15
2024-03-22 00:30:00,10,3,0,0,4,17
2024-03-22 00:40:00,4,3,0,1,6,14
2024-03-22 00:50:00,4,2,0,0,6,12
2024-03-22 01:00:00,7,0,0,0,1,8
2024-03-22 01:10:00,5,0,0,0,0,5
2024-03-22 01:20:00,2,0,0,1,5,8
2024-03-22 01:30:00,5,0,1,0,3,9
2024-03-22 01:40:00,6,0,0,0,1,7
2024-03-22 01:50:00,1,0,0,1,6,8
2024-03-22 02:00:00,5,0,0,0,2,7
2024-03-22 02:10:00,2,2,0,0,2,6
2024-03-22 02:20:00,9,1,0,0,0,10
2024-03-22 02:30:00,3,1,0,0,3,7
2024-03-22 02:40:00,1,0,0,0,3,4
2024-03-22 02:50:00,3,0,0,0,2,5
2024-03-22 03:00:00,2,0,0,0,0,2
2024-03-22 03:10:00,2,0,0,0,1,3
2024-03-22 03:20:00,2,0,0,0,1,3
2024-03-22 03:30:00,1,0,0,0,1,2
2024-03-22 03:40:00,2,0,0,0,0,2
2024-03-22 03:50:00,2,0,0,1,3,6
2024-03-22 04:00:00,4,0,0,0,0,4
2024-03-22 04:10:00,2,0,0,0,2,4
2024-03-22 04:20:00,0,0,2,0,1,3
2024-03-22 04:30:00,0,0,1,0,4,5
2024-03-22 04:40:00,1,0,0,3,1,5
2024-03-22 04:50:00,0,0,0,0,3,3
2024-03-22 05:00:00,2,0,0,0,5,7
2024-03-22 05:10:00,6,0,0,3,6,15
2024-03-22 05:20:00,5,0,0,3,4,12
2024-03-22 05:30:00,9,2,0,1,4,16
2024-03-22 05:40:00,2,1,3,4,8,18
2024-03-22 05:50:00,10,0,5,8,11,34
2024-03-22 06:00:00,6,2,0,4,10,22
2024-03-22 06:10:00,5,0,0,1,10,16
2024-03-22 06:20:00,15,1,5,3,20,44
2024-03-22 06:30:00,7,0,7,1,14,29
2024-03-22 06:40:00,12,0,4,6,20,42
2024-03-22 06:50:00,13,1,7,2,29,52
2024-03-22 07:00:00,14,3,5,10,29,61
2024-03-22 07:10:00,18,5,8,2,36,69
2024-03-22 07:20:00,32,8,12,9,51,112
2024-03-22 07:30:00,30,3,14,16,37,100
2024-03-22 07:40:00,35,4,9,12,35,95
2024-03-22 07:50:00,31,7,8,11,36,93
2024-03-22 08:00:00,38,9,17,10,36,110
2024-03-22 08:10:00,27,2,12,12,35,88
2024-03-22 08:20:00,26,10,19,9,30,94
2024-03-22 08:30:00,23,7,19,11,33,93
2024-03-22 08:40:00,30,7,20,6,42,105
2024-03-22 08:50:00,31,11,16,6,32,96
2024-03-22 09:00:00,21,7,11,6,28,73
2024-03-22 09:10:00,25,3,10,3,24,65
2024-03-22 09:20:00,36,7,11,7,41,102
2024-03-22 09:30:00,23,11,11,8,43,96
2024-03-22 09:40:00,20,6,8,8,27,69
2024-03-22 09:50:00,30,10,10,2,39,91
2024-03-22 10:00:00,26,4,10,9,33,82
2024-03-22 10:10:00,40,11,11,8,32,102
2024-03-22 10:20:00,32,4,8,1,40,85
2024-03-22 10:30:00,37,8,4,3,43,95
2024-03-22 10:40:00,23,6,13,4,30,76
2024-03-22 10:50:00,32,11,19,2,25,89
2024-03-22 11:00:00,29,8,13,2,34,86
2024-03-22 11:10:00,32,12,11,7,24,86
2024-03-22 11:20:00,32,10,8,5,36,91
2024-03-22 11:30:00,26,10,10,1,31,78
2024-03-22 11:40:00,26,8,16,1,29,80
2024-03-22 11:50:00,27,7,8,4,34,80
2024-03-22 12:00:00,29,7,12,6,38,92
2024-03-22 12:10:00,29,11,9,4,38,91
2024-03-22 12:20:00,36,9,17,5,28,95
2024-03-22 12:30:00,38,6,10,5,29,88
2024-03-22 12:40:00,38,9,12,4,38,101
2024-03-22 12:50:00,36,14,18,4,29,101
2024-03-22 13:00:00,41,4,7,5,46,103
2024-03-22 13:10:00,37,6,9,6,33,91
2024-03-22 13:20:00,41,12,7,3,27,90
2024-03-22 13:30:00,24,13,10,3,36,86
2024-03-22 13:40:00,49,10,8,2,31,100
2024-03-22 13:50:00,41,19,11,4,28,103
2024-03-22 14:00:00,39,11,16,3,31,100
2024-03-22 14:10:00,41,11,3,3,28,86
2024-03-22 14:20:00,35,9,4,3,40,91
2024-03-22 14:30:00,40,12,10,6,30,98
2024-03-22 14:40:00,40,8,5,6,37,96
2024-03-22 14:50:00,28,6,5,7,25,71
2024-03-22 15:00:00,46,9,13,6,36,110
2024-03-22 15:10:00,40,7,6,4,36,93
2024-03-22 15:20:00,48,11,9,3,34,105
2024-03-22 15:30:00,37,8,7,6,37,95
2024-03-22 15:40:00,38,6,8,9,40,101
2024-03-22 15:50:00,35,8,6,7,41,97
2024-03-22 16:00:00,53,11,14,2,34,114
2024-03-22 16:10:00,28,3,7,6,31,75
2024-03-22 16:20:00,45,15,4,7,36,107
2024-03-22 16:30:00,34,16,14,8,37,109
2024-03-22 16:40:00,38,10,17,6,35,106
2024-03-22 16:50:00,32,8,5,5,30,80
2024-03-22 17:00:00,47,11,4,6,31,99
2024-03-22 17:10:00,33,12,10,3,53,111
2024-03-22 17:20:00,48,9,7,9,35,108
2024-03-22 17:30:00,44,10,12,10,35,111
2024-03-22 17:40:00,31,8,12,12,31,94
2024-03-22 17:50:00,33,6,7,5,28,79
2024-03-22 18:00:00,40,11,11,3,37,102
2024-03-22 18:10:00,32,11,10,7,42,102
2024-03-22 18:20:00,46,4,12,3,28,93
2024-03-22 18:30:00,24,4,5,0,9,42
2024-03-22 18:40:00,13,7,6,3,9,38
2024-03-22 18:50:00,21,7,5,7,21,61
2024-03-22 19:00:00,49,22,5,13,27,116
2024-03-22 19:10:00,35,9,14,9,25,92
2024-03-22 19:20:00,55,17,6,5,32,115
2024-03-22 19:30:00,46,19,6,2,23,96
2024-03-22 19:40:00,30,3,17,0,19,69
2024-03-22 19:50:00,23,7,3,0,14,47
2024-03-22 20:00:00,27,6,10,3,26,72
2024-03-22 20:10:00,39,7,2,2,19,69
2024-03-22 20:20:00,27,5,1,5,18,56
2024-03-22 20:30:00,47,8,4,1,18,78
2024-03-22 20:40:00,38,2,16,2,13,71
2024-03-22 20:50:00,35,10,8,3,11,67
2024-03-22 21:00:00,30,1,8,5,15,59
2024-03-22 21:10:00,31,6,6,2,13,58
2024-03-22 21:20:00,22,2,1,4,19,48
2024-03-22 21:30:00,26,7,1,2,13,49
2024-03-22 21:40:00,38,5,6,2,13,64
2024-03-22 21:50:00,28,2,2,0,10,42
2024-03-22 22:00:00,27,7,0,0,12,46
2024-03-22 22:10:00,27,2,2,1,16,48
2024-03-22 22:20:00,29,5,0,1,14,49
2024-03-22 22:30:00,15,3,2,5,15,40
2024-03-22 22:40:00,24,3,2,0,12,41
2024-03-22 22:50:00,23,6,0,0,12,41
2024-03-22 23:00:00,17,10,1,0,4,32
2024-03-22 23:10:00,18,1,1,0,8,28
2024-03-22 23:20:00,15,2,0,0,12,29
2024-03-22 23:30:00,20,1,0,0,10,31
2024-03-22 23:40:00,17,0,1,0,5,23
2024-03-22 23:50:00,12,0,0,0,12,24
2024-03-23 00:00:00,17,9,0,0,3,29
2024-03-23 00:10:00,11,2,0,3,6,22
2024-03-23 00:20:00,12,1,0,0,4,17
2024-03-23 00:30:00,15,4,0,1,6,26
2024-03-23 00:40:00,9,1,2,0,1,13
2024-03-23 00:50:00,13,0,3,0,3,19
2024-03-23 01:00:00,4,2,1,0,4,11
2024-03-23 01:10:00,11,0,0,0,4,15
2024-03-23 01:20:00,6,0,0,0,3,9
2024-03-23 01:30:00,8,0,0,4,6,18
2024-03-23 01:40:00,6,0,2,0,4,12
2024-03-23 01:50:00,11,2,0,1,4,18
2024-03-23 02:00:00,4,0,0,0,6,10
2024-03-23 02:10:00,4,1,0,2,3,10
2024-03-23 02:20:00,7,0,0,0,1,8
2024-03-23 02:30:00,4,0,0,0,2,6
2024-03-23 02:40:00,8,0,0,0,1,9
2024-03-23 02:50:00,10,1,0,0,2,13
2024-03-23 03:00:00,6,0,0,0,3,9
2024-03-23 03:10:00,2,0,0,0,5,7
2024-03-23 03:20:00,4,0,1,0,1,6
2024-03-23 03:30:00,6,0,0,0,2,8
2024-03-23 03:40:00,1,1,0,0,0,2
2024-03-23 03:50:00,1,0,1,0,4,6
2024-03-23 04:00:00,4,1,0,0,0,5
2024-03-23 04:10:00,1,0,0,1,0,2
2024-03-23 04:20:00,3,0,0,0,0,3
2024-03-23 04:30:00,0,0,1,0,3,4
2024-03-23 04:40:00,7,1,0,0,0,8
2024-03-23 04:50:00,4,0,1,2,1,8
2024-03-23 05:00:00,1,0,0,0,6,7
2024-03-23 05:10:00,2,2,0,1,4,9
2024-03-23 05:20:00,5,2,1,1,4,13
2024-03-23 05:30:00,2,3,3,1,1,10
2024-03-23 05:40:00,3,0,0,0,0,3
2024-03-23 05:50:00,3,1,0,0,2,6
2024-03-23 06:00:00,5,4,0,1,1,11
2024-03-23 06:10:00,4,0,0,0,2,6
2024-03-23 06:20:00,8,1,1,2,7,19
2024-03-23 06:30:00,6,0,1,2,6,15
2024-03-23 06:40:00,6,0,1,1,7,15
2024-03-23 06:50:00,3,0,1,2,10,16
2024-03-23 07:00:00,7,0,1,1,7,16
2024-03-23 07:10:00,6,1,0,0,6,13
2024-03-23 07:20:00,9,2,4,0,9,24
2024-03-23 07:30:00,10,1,1,0,7,19
2024-03-23 07:40:00,5,0,0,2,13,20
2024-03-23 07:50:00,12,5,6,1,7,31
2024-03-23 08:00:00,7,1,3,1,18,30
2024-03-23 08:10:00,15,4,3,2,14,38
2024-03-23 08:20:00,12,3,5,0,13,33
2024-03-23 08:30:00,15,4,5,1,23,48
2024-03-23 08:40:00,19,4,12,3,25,63
2024-03-23 08:50:00,16,8,7,2,25,58
2024-03-23 09:00:00,21,4,6,2,20,53
2024-03-23 09:10:00,21,3,7,1,20,52
2024-03-23 09:20:00,16,4,6,5,30,61
2024-03-23 09:30:00,18,7,8,1,25,59
2024-03-23 09:40:00,23,5,8,6,26,68
2024-03-23 09:50:00,29,9,8,1,27,74
2024-03-23 10:00:00,15,2,8,1,36,62
2024-03-23 10:10:00,31,5,5,5,35,81
2024-03-23 10:20:00,22,1,8,1,29,61
2024-03-23 10:30:00,26,5,9,2,25,67
2024-03-23 10:40:00,24,4,7,5,26,66
2024-03-23 10:50:00,23,7,11,1,31,73
2024-03-23 11:00:00,25,6,10,2,23,66
2024-03-23 11:10:00,27,7,5,2,28,69
2024-03-23 11:20:00,32,5,8,7,33,85
2024-03-23 11:30:00,29,9,8,7,36,89
2024-03-23 11:40:00,32,8,8,1,42,91
2024-03-23 11:50:00,23,3,4,3,39,72
2024-03-23 12:00:00,33,10,14,3,36,96
2024-03-23 12:10:00,25,8,6,2,36,77
2024-03-23 12:20:00,30,7,6,4,30,77
2024-03-23 12:30:00,23,2,9,2,29,65
2024-03-23 12:40:00,41,6,3,1,33,84
2024-03-23 12:50:00,38,7,4,3,32,84
2024-03-23 13:00:00,32,9,6,2,28,77
2024-03-23 13:10:00,24,7,5,2,37,75
2024-03-23 13:20:00,28,6,9,2,19,64
2024-03-23 13:30:00,24,7,8,6,23,68
2024-03-23 13:40:00,24,8,9,8,31,80
2024-03-23 13:50:00,27,8,14,2,26,77
2024-03-23 14:00:00,36,8,3,2,38,87
2024-03-23 14:10:00,31,7,6,2,25,71
2024-03-23 14:20:00,35,8,8,3,31,85
2024-03-23 14:30:00,36,7,6,4,26,79
2024-03-23 14:40:00,35,3,6,3,27,74
2024-03-23 14:50:00,29,6,10,9,25,79
2024-03-23 15:00:00,40,7,7,4,23,81
2024-03-23 15:10:00,31,16,10,3,33,93
2024-03-23 15:20:00,28,3,6,3,34,74
2024-03-23 15:30:00,38,7,4,2,36,87
2024-03-23 15:40:00,29,3,7,2,38,79
2024-03-23 15:50:00,28,12,9,2,33,84
2024-03-23 16:00:00,29,9,6,1,29,74
2024-03-23 16:10:00,28,5,12,1,25,71
2024-03-23 16:20:00,34,6,6,2,20,68
2024-03-23 16:30:00,24,2,8,1,23,58
2024-03-23 16:40:00,29,4,5,0,29,67
2024-03-23 16:50:00,32,6,13,3,30,84
2024-03-23 17:00:00,31,6,6,4,21,68
2024-03-23 17:10:00,28,15,10,2,37,92
2024-03-23 17:20:00,24,7,9,2,34,76
2024-03-23 17:30:00,25,8,4,1,21,59
2024-03-23 17:40:00,25,6,13,4,30,78
2024-03-23 17:50:00,32,6,3,6,26,73
2024-03-23 18:00:00,29,4,7,3,37,80
2024-03-23 18:10:00,34,7,10,4,28,83
2024-03-23 18:20:00,32,7,5,6,31,81
2024-03-23 18:30:00,28,5,8,3,24,68
2024-03-23 18:40:00,26,8,5,1,34,74
2024-03-23 18:50:00,27,8,5,6,27,73
2024-03-23 19:00:00,37,6,6,5,28,82
2024-03-23 19:10:00,43,9,6,4,33,95
2024-03-23 19:20:00,34,10,6,1,20,71
2024-03-23 19:30:00,31,8,2,1,32,74
2024-03-23 19:40:00,30,5,7,0,23,65
2024-03-23 19:50:00,31,9,2,1,17,60
2024-03-23 20:00:00,38,3,4,1,25,71
2024-03-23 20:10:00,39,3,5,0,16,63
2024-03-23 20:20:00,25,6,3,3,17,54
2024-03-23 20:30:00,20,9,2,0,16,47
2024-03-23 20:40:00,25,12,0,0,18,55
2024-03-23 20:50:00,44,4,4,0,15,67
2024-03-23 21:00:00,30,0,1,2,16,49
2024-03-23 21:10:00,27,4,0,0,16,47
2024-03-23 21:20:00,25,3,0,1,14,43
2024-03-23 21:30:00,16,1,2,4,18,41
2024-03-23 21:40:00,20,2,2,1,11,36
2024-03-23 21:50:00,18,10,2,1,12,43
2024-03-23 22:00:00,28,5,1,0,8,42
2024-03-23 22:10:00,37,7,0,0,8,52
2024-03-23 22:20:00,20,1,1,0,9,31
2024-03-23 22:30:00,23,5,2,1,16,47
2024-03-23 22:40:00,19,1,1,0,10,31
2024-03-23 22:50:00,20,2,0,0,17,39
2024-03-23 23:00:00,31,6,0,0,16,53
2024-03-23 23:10:00,26,3,2,0,11,42
2024-03-23 23:20:00,19,3,0,0,7,29
2024-03-23 23:30:00,27,4,0,0,10,41
2024-03-23 23:40:00,21,7,0,0,10,38
2024-03-23 23:50:00,19,2,2,0,9,32
2024-03-24 00:00:00,20,2,2,0,8,32
2024-03-24 00:10:00,9,0,2,1,8,20
2024-03-24 00:20:00,9,1,0,1,5,16
2024-03-24 00:30:00,11,2,1,3,6,23
2024-03-24 00:40:00,12,4,1,0,3,20
2024-03-24 00:50:00,8,2,0,0,5,15
2024-03-24 01:00:00,3,2,0,1,5,11
2024-03-24 01:10:00,6,1,0,1,11,19
2024-03-24 01:20:00,4,2,1,0,4,11
2024-03-24 01:30:00,4,1,0,0,4,9
2024-03-24 01:40:00,3,0,0,0,3,6
2024-03-24 01:50:00,6,2,1,0,3,12
2024-03-24 02:00:00,11,0,0,1,2,14
2024-03-24 02:10:00,8,0,0,1,6,15
2024-03-24 02:20:00,4,0,0,0,5,9
2024-03-24 02:30:00,12,1,0,0,3,16
2024-03-24 02:40:00,5,0,0,0,3,8
2024-03-24 02:50:00,3,0,0,0,4,7
2024-03-24 03:00:00,11,0,0,0,4,15
2024-03-24 03:10:00,9,0,1,1,5,16
2024-03-24 03:20:00,5,0,0,0,3,8
2024-03-24 03:30:00,2,0,0,0,2,4
2024-03-24 03:40:00,5,0,0,0,2,7
2024-03-24 03:50:00,6,2,0,0,0,8
2024-03-24 04:00:00,3,0,0,1,4,8
2024-03-24 04:10:00,3,0,2,0,0,5
2024-03-24 04:20:00,0,0,0,0,0,0
2024-03-24 04:30:00,3,0,2,0,3,8
2024-03-24 04:40:00,2,0,0,0,0,2
2024-03-24 04:50:00,3,1,1,0,1,6
2024-03-24 05:00:00,3,1,0,0,3,7
2024-03-24 05:10:00,6,0,1,0,2,9
2024-03-24 05:20:00,8,1,0,0,2,11
2024-03-24 05:30:00,3,2,0,1,0,6
2024-03-24 05:40:00,6,1,0,0,3,10
2024-03-24 05:50:00,5,1,0,1,4,11
2024-03-24 06:00:00,3,0,0,0,2,5
2024-03-24 06:10:00,2,0,0,0,2,4
2024-03-24 06:20:00,7,0,0,0,3,10
2024-03-24 06:30:00,3,1,0,0,7,11
2024-03-24 06:40:00,4,0,0,0,6,10
2024-03-24 06:50:00,6,0,1,0,6,13
2024-03-24 07:00:00,1,2,4,1,9,17
2024-03-24 07:10:00,2,1,1,0,2,6
2024-03-24 07:20:00,5,0,0,0,5,10
2024-03-24 07:30:00,3,2,5,0,3,13
2024-03-24 07:40:00,6,1,1,0,4,12
2024-03-24 07:50:00,6,4,0,1,8,19
2024-03-24 08:00:00,9,2,0,0,3,14
2024-03-24 08:10:00,7,5,6,0,7,25
2024-03-24 08:20:00,6,0,2,0,5,13
2024-03-24 08:30:00,8,5,6,3,7,29
2024-03-24 08:40:00,10,3,5,1,9,28
2024-03-24 08:50:00,10,3,6,4,11,34
2024-03-24 09:00:00,9,7,9,0,12,37
2024-03-24 09:10:00,10,4,8,2,16,40
2024-03-24 09:20:00,15,10,11,0,10,46
2024-03-24 09:30:00,15,6,7,5,21,54
2024-03-24 09:40:00,18,7,10,2,20,57
2024-03-24 09:50:00,10,18,12,3,17,60
2024-03-24 10:00:00,20,2,10,4,18,54
2024-03-24 10:10:00,13,3,2,2,22,42
2024-03-24 10:20:00,13,7,7,1,18,46
2024-03-24 10:30:00,19,4,6,4,18,51
2024-03-24 10:40:00,17,2,2,3,22,46
2024-03-24 10:50:00,18,2,3,3,21,47
2024-03-24 11:00:00,18,2,5,3,17,45
2024-03-24 11:10:00,19,3,4,4,17,47
2024-03-24 11:20:00,16,3,7,3,25,54
2024-03-24 11:30:00,13,3,11,0,26,53
2024-03-24 11:40:00,21,2,11,3,27,64
2024-03-24 11:50:00,21,2,9,4,21,57
2024-03-24 12:00:00,34,4,15,2,29,84
2024-03-24 12:10:00,23,3,7,5,20,58
2024-03-24 12:20:00,27,0,6,1,19,53
2024-03-24 12:30:00,19,4,5,3,16,47
2024-03-24 12:40:00,18,4,4,2,22,50
2024-03-24 12:50:00,21,3,4,2,23,53
2024-03-24 13:00:00,19,4,3,3,22,51
2024-03-24 13:10:00,28,7,4,3,17,59
2024-03-24 13:20:00,26,3,6,4,16,55
2024-03-24 13:30:00,20,6,9,2,24,61
2024-03-24 13:40:00,34,3,2,2,28,69
2024-03-24 13:50:00,24,1,5,1,20,51
2024-03-24 14:00:00,25,4,3,2,20,54
2024-03-24 14:10:00,27,3,7,1,22,60
2024-03-24 14:20:00,26,6,7,1,32,72
2024-03-24 14:30:00,21,4,2,2,24,53
2024-03-24 14:40:00,27,3,5,4,23,62
2024-03-24 14:50:00,21,4,10,6,23,64
2024-03-24 15:00:00,28,5,4,1,25,63
2024-03-24 15:10:00,28,0,6,3,25,62
2024-03-24 15:20:00,35,4,6,3,26,74
2024-03-24 15:30:00,24,1,4,3,24,56
2024-03-24 15:40:00,27,7,8,3,21,66
2024-03-24 15:50:00,28,3,11,2,21,65
2024-03-24 16:00:00,30,4,5,0,22,61
2024-03-24 16:10:00,26,3,3,1,22,55
2024-03-24 16:20:00,23,6,6,2,32,69
2024-03-24 16:30:00,31,2,8,3,26,70
2024-03-24 16:40:00,21,4,7,1,18,51
2024-03-24 16:50:00,23,4,4,1,22,54
2024-03-24 17:00:00,19,1,6,3,28,57
2024-03-24 17:10:00,27,3,12,1,25,68
2024-03-24 17:20:00,25,4,5,0,25,59
2024-03-24 17:30:00,18,2,8,6,24,58
2024-03-24 17:40:00,22,2,8,2,19,53
2024-03-24 17:50:00,27,3,7,3,24,64
2024-03-24 18:00:00,19,5,11,6,27,68
2024-03-24 18:10:00,25,4,7,1,20,57
2024-03-24 18:20:00,24,7,7,3,24,65
2024-03-24 18:30:00,25,5,5,2,24,61
2024-03-24 18:40:00,21,4,6,1,21,53
2024-03-24 18:50:00,23,16,3,8,27,77
2024-03-24 19:00:00,18,5,2,4,22,51
2024-03-24 19:10:00,24,3,3,0,17,47
2024-03-24 19:20:00,20,9,2,3,20,54
2024-03-24 19:30:00,19,2,2,0,15,38
2024-03-24 19:40:00,19,7,4,2,16,48
2024-03-24 19:50:00,27,3,3,2,18,53
2024-03-24 20:00:00,20,0,0,0,23,43
2024-03-24 20:10:00,21,3,4,0,10,38
2024-03-24 20:20:00,27,7,4,3,20,61
2024-03-24 20:30:00,23,4,1,1,14,43
2024-03-24 20:40:00,27,8,4,4,7,50
2024-03-24 20:50:00,22,5,1,0,17,45
2024-03-24 21:00:00,32,2,0,1,5,40
2024-03-24 21:10:00,14,2,0,0,8,24
2024-03-24 21:20:00,21,4,0,1,13,39
2024-03-24 21:30:00,27,6,0,2,15,50
2024-03-24 21:40:00,17,3,0,4,11,35
2024-03-24 21:50:00,17,7,0,1,15,40
2024-03-24 22:00:00,26,5,2,0,10,43
2024-03-24 22:10:00,19,5,0,2,18,44
2024-03-24 22:20:00,15,0,0,0,6,21
2024-03-24 22:30:00,9,1,0,0,9,19
2024-03-24 22:40:00,14,6,5,0,6,31
2024-03-24 22:50:00,10,2,2,0,6,20
2024-03-24 23:00:00,7,5,2,0,2,16
2024-03-24 23:10:00,16,1,0,0,3,20
2024-03-24 23:20:00,10,0,0,2,2,14
2024-03-24 23:30:00,9,0,0,0,3,12
2024-03-24 23:40:00,16,2,0,1,7,26
2024-03-24 23:50:00,4,3,0,1,2,10
2024-03-25 00:00:00,2,0,0,0,0,2
2024-03-25 00:10:00,4,0,0,0,3,7
2024-03-25 00:20:00,4,0,2,0,1,7
2024-03-25 00:30:00,9,4,2,0,2,17
2024-03-25 00:40:00,4,0,0,0,2,6
2024-03-25 00:50:00,9,0,0,0,2,11
2024-03-25 01:00:00,7,2,2,0,1,12
2024-03-25 01:10:00,4,2,0,0,3,9
2024-03-25 01:20:00,2,0,0,0,1,3
2024-03-25 01:30:00,6,0,0,0,4,10
2024-03-25 01:40:00,3,0,0,0,6,9
2024-03-25 01:50:00,2,0,0,0,1,3
2024-03-25 02:00:00,1,3,0,0,4,8
2024-03-25 02:10:00,4,0,2,0,0,6
2024-03-25 02:20:00,1,0,0,0,1,2
2024-03-25 02:30:00,0,0,0,0,1,1
2024-03-25 02:40:00,1,0,0,0,0,1
2024-03-25 02:50:00,2,0,0,0,0,2
2024-03-25 03:00:00,3,0,0,0,3,6
2024-03-25 03:10:00,6,0,0,0,0,6
2024-03-25 03:20:00,3,0,0,0,1,4
2024-03-25 03:30:00,1,0,0,0,1,2
2024-03-25 03:40:00,4,2,0,0,0,6
2024-03-25 03:50:00,4,0,0,0,0,4
2024-03-25 04:00:00,4,0,0,0,0,4
2024-03-25 04:10:00,0,0,2,0,1,3
2024-03-25 04:20:00,0,0,0,1,2,3
2024-03-25 04:30:00,2,0,2,1,0,5
2024-03-25 04:40:00,4,1,0,1,2,8
2024-03-25 04:50:00,3,0,0,1,1,5
2024-03-25 05:00:00,2,0,0,0,5,7
2024-03-25 05:10:00,1,0,2,1,4,8
2024-03-25 05:20:00,3,0,4,2,8,17
2024-03-25 05:30:00,3,2,2,0,8,15
2024-03-25 05:40:00,7,1,6,4,13,31
2024-03-25 05:50:00,12,0,5,5,15,37
2024-03-25 06:00:00,10,0,0,2,13,25
2024-03-25 06:10:00,3,0,3,4,10,20
2024-03-25 06:20:00,12,8,1,2,16,39
2024-03-25 06:30:00,11,1,3,8,19,42
2024-03-25 06:40:00,10,2,2,7,20,41
2024-03-25 06:50:00,11,2,4,4,25,46
2024-03-25 07:00:00,9,1,3,7,31,51
2024-03-25 07:10:00,16,0,7,5,21,49
2024-03-25 07:20:00,17,4,4,5,28,58
2024-03-25 07:30:00,20,5,11,13,30,79
2024-03-25 07:40:00,19,2,8,19,22,70
2024-03-25 07:50:00,17,4,10,8,28,67
2024-03-25 08:00:00,23,11,7,14,30,85
2024-03-25 08:10:00,22,7,13,4,36,82
2024-03-25 08:20:00,25,5,10,5,25,70
2024-03-25 08:30:00,35,8,9,1,39,92
2024-03-25 08:40:00,21,3,8,3,32,67
2024-03-25 08:50:00,34,5,11,4,33,87
2024-03-25 09:00:00,34,10,7,9,38,98
2024-03-25 09:10:00,15,8,12,3,24,62
2024-03-25 09:20:00,32,12,15,2,37,98
2024-03-25 09:30:00,23,9,9,3,40,84
2024-03-25 09:40:00,26,9,8,5,43,91
2024-03-25 09:50:00,28,12,7,4,29,80
2024-03-25 10:00:00,26,11,11,1,34,83
2024-03-25 10:10:00,25,5,8,4,34,76
2024-03-25 10:20:00,27,9,7,5,30,78
2024-03-25 10:30:00,24,6,19,3,34,86
2024-03-25 10:40:00,25,4,11,5,31,76
2024-03-25 10:50:00,27,5,13,3,33,81
2024-03-25 11:00:00,32,8,12,6,30,88
2024-03-25 11:10:00,28,6,12,3,36,85
2024-03-25 11:20:00,34,5,10,2,34,85
2024-03-25 11:30:00,33,5,9,3,40,90
2024-03-25 11:40:00,24,9,6,2,23,64
2024-03-25 11:50:00,31,6,15,1,29,82
2024-03-25 12:00:00,40,13,5,2,32,92
2024-03-25 12:10:00,30,8,10,3,29,80
2024-03-25 12:20:00,30,8,8,2,27,75
2024-03-25 12:30:00,27,9,10,2,33,81
2024-03-25 12:40:00,32,6,6,2,28,74
2024-03-25 12:50:00,33,5,7,2,28,75
2024-03-25 13:00:00,27,2,7,5,41,82
2024-03-25 13:10:00,31,5,14,5,36,91
2024-03-25 13:20:00,31,11,10,6,24,82
2024-03-25 13:30:00,28,6,9,8,28,79
2024-03-25 13:40:00,28,10,9,7,32,86
2024-03-25 13:50:00,23,7,8,5,28,71
2024-03-25 14:00:00,22,9,17,4,37,89
2024-03-25 14:10:00,29,10,7,10,38,94
2024-03-25 14:20:00,46,12,11,5,31,105
2024-03-25 14:30:00,31,7,15,4,33,90
2024-03-25 14:40:00,32,10,18,2,26,88
2024-03-25 14:50:00,24,9,11,9,31,84
2024-03-25 15:00:00,34,11,11,11,29,96
2024-03-25 15:10:00,31,11,19,6,28,95
2024-03-25 15:20:00,39,9,15,5,30,98
2024-03-25 15:30:00,43,13,16,2,31,105
2024-03-25 15:40:00,52,11,17,6,24,110
2024-03-25 15:50:00,27,10,8,16,36,97
2024-03-25 16:00:00,48,11,13,24,36,132
2024-03-25 16:10:00,29,13,6,4,29,81
2024-03-25 16:20:00,46,10,12,8,36,112
2024-03-25 16:30:00,39,6,3,4,31,83
2024-03-25 16:40:00,33,9,9,9,28,88
2024-03-25 16:50:00,46,12,15,9,35,117
2024-03-25 17:00:00,47,16,9,5,25,102
2024-03-25 17:10:00,41,26,12,12,31,122
2024-03-25 17:20:00,30,9,11,8,27,85
2024-03-25 17:30:00,39,9,8,5,25,86
2024-03-25 17:40:00,45,11,7,9,35,107
2024-03-25 17:50:00,38,11,5,6,27,87
2024-03-25 18:00:00,41,16,10,13,41,121
2024-03-25 18:10:00,41,14,5,1,36,97
2024-03-25 18:20:00,33,15,8,2,20,78
2024-03-25 18:30:00,25,9,10,4,39,87
2024-03-25 18:40:00,39,15,11,10,28,103
2024-03-25 18:50:00,28,4,10,4,28,74
2024-03-25 19:00:00,33,7,8,13,23,84
2024-03-25 19:10:00,40,4,6,2,23,75
2024-03-25 19:20:00,34,13,9,2,21,79
2024-03-25 19:30:00,34,17,1,2,16,70
2024-03-25 19:40:00,21,8,4,1,17,51
2024-03-25 19:50:00,35,5,1,3,18,62
2024-03-25 20:00:00,28,8,13,4,24,77
2024-03-25 20:10:00,35,5,0,1,11,52
2024-03-25 20:20:00,42,15,4,3,17,81
2024-03-25 20:30:00,22,1,1,0,22,46
2024-03-25 20:40:00,34,8,5,2,12,61
2024-03-25 20:50:00,19,8,3,0,15,45
2024-03-25 21:00:00,18,3,0,2,15,38
2024-03-25 21:10:00,20,6,3,1,18,48
2024-03-25 21:20:00,26,8,2,2,6,44
2024-03-25 21:30:00,28,0,2,0,10,40
2024-03-25 21:40:00,20,3,0,0,12,35
2024-03-25 21:50:00,25,9,0,1,8,43
2024-03-25 22:00:00,22,3,7,3,7,42
2024-03-25 22:10:00,29,11,2,1,13,56
2024-03-25 22:20:00,21,0,5,2,8,36
2024-03-25 22:30:00,20,2,0,1,8,31
2024-03-25 22:40:00,17,5,3,2,10,37
2024-03-25 22:50:00,17,11,3,0,3,34
2024-03-25 23:00:00,9,1,1,2,10,23
2024-03-25 23:10:00,15,4,4,0,4,27
2024-03-25 23:20:00,18,1,0,3,3,25
2024-03-25 23:30:00,11,4,2,0,5,22
2024-03-25 23:40:00,10,2,0,0,3,15
2024-03-25 23:50:00,6,0,2,2,3,13
2024-03-26 00:00:00,8,0,2,0,0,10
2024-03-26 00:10:00,5,0,0,0,5,10
2024-03-26 00:20:00,8,4,2,0,4,18
2024-03-26 00:30:00,5,1,0,0,5,11
2024-03-26 00:40:00,5,0,2,0,5,12
2024-03-26 00:50:00,3,0,2,0,5,10
2024-03-26 01:00:00,4,0,0,1,3,8
2024-03-26 01:10:00,2,3,2,0,0,7
2024-03-26 01:20:00,4,2,0,0,2,8
2024-03-26 01:30:00,4,0,0,0,4,8
2024-03-26 01:40:00,4,0,0,2,4,10
2024-03-26 01:50:00,3,2,0,0,1,6
2024-03-26 02:00:00,0,0,0,0,2,2
2024-03-26 02:10:00,5,0,0,0,1,6
2024-03-26 02:20:00,1,2,0,0,2,5
2024-03-26 02:30:00,0,0,0,0,1,1
2024-03-26 02:40:00,0,0,0,0,0,0
2024-03-26 02:50:00,1,0,0,0,1,2
2024-03-26 03:00:00,1,1,0,0,2,4
2024-03-26 03:10:00,4,0,0,2,1,7
2024-03-26 03:20:00,6,0,0,0,1,7
2024-03-26 03:30:00,2,0,0,0,1,3
2024-03-26 03:40:00,2,0,0,0,3,5
2024-03-26 03:50:00,3,2,0,1,2,8
2024-03-26 04:00:00,3,0,2,0,1,6
2024-03-26 04:10:00,4,0,0,3,1,8
2024-03-26 04:20:00,2,1,0,0,4,7
2024-03-26 04:30:00,0,0,0,1,4,5
2024-03-26 04:40:00,0,0,0,0,1,1
2024-03-26 04:50:00,0,0,0,3,2,5
2024-03-26 05:00:00,2,0,0,0,4,6
2024-03-26 05:10:00,3,0,1,0,5,9
2024-03-26 05:20:00,5,0,2,2,10,19
2024-03-26 05:30:00,8,0,0,1,6,15
2024-03-26 05:40:00,8,0,3,5,10,26
2024-03-26 05:50:00,11,0,2,2,10,25
2024-03-26 06:00:00,5,1,5,5,10,26
2024-03-26 06:10:00,8,2,3,2,14,29
2024-03-26 06:20:00,10,2,1,3,12,28
2024-03-26 06:30:00,11,1,3,5,17,37
2024-03-26 06:40:00,14,2,4,9,24,53
2024-03-26 06:50:00,11,1,1,9,19,41
2024-03-26 07:00:00,10,5,3,10,20,48
2024-03-26 07:10:00,22,3,7,3,35,70
2024-03-26 07:20:00,18,5,5,8,32,68
2024-03-26 07:30:00,15,1,7,12,28,63
2024-03-26 07:40:00,14,3,5,11,37,70
2024-03-26 07:50:00,26,6,5,10,29,76
2024-03-26 08:00:00,17,2,11,7,34,71
2024-03-26 08:10:00,25,6,5,9,43,88
2024-03-26 08:20:00,36,8,6,9,35,94
2024-03-26 08:30:00,23,1,11,9,36,80
2024-03-26 08:40:00,21,5,10,8,32,76
2024-03-26 08:50:00,24,5,9,0,33,71
2024-03-26 09:00:00,25,6,9,13,35,88
2024-03-26 09:10:00,27,5,10,4,32,78
2024-03-26 09:20:00,22,8,7,3,38,78
2024-03-26 09:30:00,26,7,7,1,48,89
2024-03-26 09:40:00,23,15,11,3,45,97
2024-03-26 09:50:00,20,9,12,5,34,80
2024-03-26 10:00:00,29,4,7,4,29,73
2024-03-26 10:10:00,34,6,9,4,35,88
2024-03-26 10:20:00,34,2,9,2,27,74
2024-03-26 10:30:00,29,13,9,6,32,89
2024-03-26 10:40:00,33,13,8,6,39,99
2024-03-26 10:50:00,21,9,12,6,29,77
2024-03-26 11:00:00,33,6,5,7,33,84
2024-03-26 11:10:00,26,9,11,4,22,72
2024-03-26 11:20:00,25,4,6,1,30,66
2024-03-26 11:30:00,37,6,7,2,23,75
2024-03-26 11:40:00,44,5,10,5,27,91
2024-03-26 11:50:00,29,5,6,4,27,71
2024-03-26 12:00:00,30,7,11,1,24,73
2024-03-26 12:10:00,29,7,8,2,27,73
2024-03-26 12:20:00,31,2,10,6,28,77
2024-03-26 12:30:00,33,7,9,2,28,79
2024-03-26 12:40:00,43,10,9,0,34,96
2024-03-26 12:50:00,25,6,9,5,37,82
2024-03-26 13:00:00,31,15,7,3,25,81
2024-03-26 13:10:00,32,12,4,4,35,87
2024-03-26 13:20:00,33,8,8,4,31,84
2024-03-26 13:30:00,25,7,12,4,27,75
2024-03-26 13:40:00,32,10,9,4,34,89
2024-03-26 13:50:00,35,15,8,4,30,92
2024-03-26 14:00:00,22,10,10,1,26,69
2024-03-26 14:10:00,30,7,13,5,37,92
2024-03-26 14:20:00,28,5,8,5,30,76
2024-03-26 14:30:00,32,9,10,3,31,85
2024-03-26 14:40:00,38,10,17,6,28,99
2024-03-26 14:50:00,32,10,12,6,39,99
2024-03-26 15:00:00,33,15,10,2,29,89
2024-03-26 15:10:00,42,14,8,7,40,111
2024-03-26 15:20:00,37,12,8,8,26,91
2024-03-26 15:30:00,38,8,9,2,30,87
2024-03-26 15:40:00,32,8,18,4,39,101
2024-03-26 15:50:00,37,8,12,5,25,87
2024-03-26 16:00:00,39,11,11,4,36,101
2024-03-26 16:10:00,33,8,10,6,39,96
2024-03-26 16:20:00,31,8,13,4,20,76
2024-03-26 16:30:00,33,18,6,9,36,102
2024-03-26 16:40:00,47,9,11,5,33,105
2024-03-26 16:50:00,37,14,9,3,25,88
2024-03-26 17:00:00,36,10,10,7,28,91
2024-03-26 17:10:00,34,4,8,3,27,76
2024-03-26 17:20:00,34,12,9,4,33,92
2024-03-26 17:30:00,41,19,10,4,30,104
2024-03-26 17:40:00,38,14,20,7,34,113
2024-03-26 17:50:00,32,13,16,4,33,98
2024-03-26 18:00:00,39,6,9,5,26,85
2024-03-26 18:10:00,40,13,8,6,31,98
2024-03-26 18:20:00,38,11,11,6,22,88
2024-03-26 18:30:00,37,7,12,2,30,88
2024-03-26 18:40:00,42,6,7,10,24,89
2024-03-26 18:50:00,30,11,10,7,31,89
2024-03-26 19:00:00,32,18,8,8,26,92
2024-03-26 19:10:00,32,11,9,2,20,74
2024-03-26 19:20:00,35,9,5,1,30,80
2024-03-26 19:30:00,33,11,12,1,22,79
2024-03-26 19:40:00,27,2,3,1,15,48
2024-03-26 19:50:00,33,6,1,1,14,55
2024-03-26 20:00:00,31,3,0,4,25,63
2024-03-26 20:10:00,30,8,5,3,19,65
2024-03-26 20:20:00,26,11,6,1,19,63
2024-03-26 20:30:00,41,8,0,2,19,70
2024-03-26 20:40:00,29,2,2,1,10,44
2024-03-26 20:50:00,35,14,0,2,13,64
2024-03-26 21:00:00,27,2,3,5,18,55
2024-03-26 21:10:00,19,5,2,1,9,36
2024-03-26 21:20:00,28,7,1,1,9,46
2024-03-26 21:30:00,27,11,2,2,8,50
2024-03-26 21:40:00,24,5,1,3,14,47
2024-03-26 21:50:00,39,4,0,0,11,54
2024-03-26 22:00:00,27,5,2,0,7,41
2024-03-26 22:10:00,20,2,0,0,13,35
2024-03-26 22:20:00,33,4,2,0,8,47
2024-03-26 22:30:00,11,5,2,3,14,35
2024-03-26 22:40:00,20,4,2,0,4,30
2024-03-26 22:50:00,20,1,7,0,7,35
2024-03-26 23:00:00,23,4,6,2,7,42
2024-03-26 23:10:00,23,7,2,0,5,37
2024-03-26 23:20:00,5,4,0,0,8,17
2024-03-26 23:30:00,21,2,0,0,8,31
2024-03-26 23:40:00,5,5,0,0,6,16
2024-03-26 23:50:00,13,0,0,1,6,20
2024-03-27 00:00:00,9,4,0,0,4,17
2024-03-27 00:10:00,11,0,2,0,1,14
2024-03-27 00:20:00,16,0,2,0,1,19
2024-03-27 00:30:00,5,2,0,1,7,15
2024-03-27 00:40:00,9,2,0,0,2,13
2024-03-27 00:50:00,5,2,1,0,1,9
2024-03-27 01:00:00,1,1,0,0,4,6
2024-03-27 01:10:00,0,0,0,0,3,3
2024-03-27 01:20:00,3,0,0,0,1,4
2024-03-27 01:30:00,8,0,0,0,2,10
2024-03-27 01:40:00,4,0,0,0,0,4
2024-03-27 01:50:00,6,0,0,0,2,8
2024-03-27 02:00:00,3,0,0,0,0,3
2024-03-27 02:10:00,4,3,0,0,2,9
2024-03-27 02:20:00,0,0,0,0,1,1
2024-03-27 02:30:00,3,0,0,0,1,4
2024-03-27 02:40:00,0,1,0,0,1,2
2024-03-27 02:50:00,1,0,0,2,2,5
2024-03-27 03:00:00,4,0,0,0,1,5
2024-03-27 03:10:00,4,0,2,0,0,6
2024-03-27 03:20:00,6,0,0,0,3,9
2024-03-27 03:30:00,3,0,0,0,0,3
2024-03-27 03:40:00,0,0,0,1,1,2
2024-03-27 03:50:00,2,2,0,1,2,7
2024-03-27 04:00:00,1,0,3,2,2,8
2024-03-27 04:10:00,0,0,0,0,1,1
2024-03-27 04:20:00,2,0,0,0,2,4
2024-03-27 04:30:00,3,0,2,2,1,8
2024-03-27 04:40:00,0,0,0,1,0,1
2024-03-27 04:50:00,3,0,0,1,2,6
2024-03-27 05:00:00,3,2,1,2,3,11
2024-03-27 05:10:00,6,1,0,0,5,12
2024-03-27 05:20:00,2,0,2,1,6,11
2024-03-27 05:30:00,5,0,1,2,6,14
2024-03-27 05:40:00,7,0,1,6,11,25
2024-03-27 05:50:00,3,0,1,3,14,21
2024-03-27 06:00:00,4,1,3,2,14,24
2024-03-27 06:10:00,8,2,1,4,6,21
2024-03-27 06:20:00,17,3,6,4,14,44
2024-03-27 06:30:00,8,1,4,3,17,33
2024-03-27 06:40:00,14,0,2,4,17,37
2024-03-27 06:50:00,9,0,4,5,24,42
2024-03-27 07:00:00,11,3,11,2,31,58
2024-03-27 07:10:00,17,5,8,5,27,62
2024-03-27 07:20:00,18,4,5,7,28,62
2024-03-27 07:30:00,18,0,7,11,33,69
2024-03-27 07:40:00,15,5,12,11,35,78
2024-03-27 07:50:00,25,8,8,5,39,85
2024-03-27 08:00:00,13,6,7,11,35,72
2024-03-27 08:10:00,26,4,10,5,38,83
2024-03-27 08:20:00,29,1,6,8,36,80
2024-03-27 08:30:00,27,7,7,10,37,88
2024-03-27 08:40:00,27,4,7,7,33,78
2024-03-27 08:50:00,31,4,11,9,31,86
2024-03-27 09:00:00,29,5,5,2,31,72
2024-03-27 09:10:00,21,1,11,4,37,74
2024-03-27 09:20:00,31,5,4,4,41,85
2024-03-27 09:30:00,28,3,7,3,37,78
2024-03-27 09:40:00,33,3,14,4,36,90
2024-03-27 09:50:00,33,13,10,5,40,101
2024-03-27 10:00:00,31,5,9,1,34,80
2024-03-27 10:10:00,25,9,8,3,28,73
2024-03-27 10:20:00,31,6,9,4,28,78
2024-03-27 10:30:00,25,3,6,2,45,81
2024-03-27 10:40:00,21,9,10,3,31,74
2024-03-27 10:50:00,24,9,12,5,31,81
2024-03-27 11:00:00,30,8,6,1,39,84
2024-03-27 11:10:00,37,3,6,2,35,83
2024-03-27 11:20:00,33,9,11,7,30,90
2024-03-27 11:30:00,22,4,11,4,27,68
2024-03-27 11:40:00,29,14,15,1,35,94
2024-03-27 11:50:00,37,7,9,1,25,79
2024-03-27 12:00:00,28,8,8,3,37,84
2024-03-27 12:10:00,21,9,11,2,28,71
2024-03-27 12:20:00,29,9,9,2,32,81
2024-03-27 12:30:00,31,7,5,1,44,88
2024-03-27 12:40:00,32,9,11,2,39,93
2024-03-27 12:50:00,32,11,6,1,26,76
2024-03-27 13:00:00,43,10,2,5,44,104
2024-03-27 13:10:00,27,9,10,5,27,78
2024-03-27 13:20:00,42,7,8,2,30,89
2024-03-27 13:30:00,32,8,9,3,22,74
2024-03-27 13:40:00,29,13,12,5,39,98
2024-03-27 13:50:00,30,9,10,1,27,77
2024-03-27 14:00:00,34,8,6,0,29,77
2024-03-27 14:10:00,28,8,10,0,33,79
2024-03-27 14:20:00,38,2,8,2,31,81
2024-03-27 14:30:00,20,4,10,3,30,67
2024-03-27 14:40:00,35,6,5,4,27,77
2024-03-27 14:50:00,39,2,9,4,29,83
2024-03-27 15:00:00,33,14,10,8,30,95
2024-03-27 15:10:00,49,10,2,3,29,93
2024-03-27 15:20:00,33,6,8,1,31,79
2024-03-27 15:30:00,36,8,9,2,36,91
2024-03-27 15:40:00,33,2,5,6,37,83
2024-03-27 15:50:00,35,10,6,5,33,89
2024-03-27 16:00:00,33,8,13,3,36,93
2024-03-27 16:10:00,46,10,10,4,38,108
2024-03-27 16:20:00,45,7,4,2,28,86
2024-03-27 16:30:00,41,9,10,2,34,96
2024-03-27 16:40:00,42,13,9,3,37,104
2024-03-27 16:50:00,41,12,8,10,30,101
2024-03-27 17:00:00,28,8,9,6,32,83
2024-03-27 17:10:00,31,10,7,6,27,81
2024-03-27 17:20:00,34,8,9,3,28,82
2024-03-27 17:30:00,25,12,11,4,29,81
2024-03-27 17:40:00,34,11,10,5,34,94
2024-03-27 17:50:00,37,12,9,5,32,95
2024-03-27 18:00:00,26,11,9,1,30,77
2024-03-27 18:10:00,26,13,13,5,22,79
2024-03-27 18:20:00,33,10,8,3,21,75
2024-03-27 18:30:00,24,7,11,6,24,72
2024-03-27 18:40:00,25,9,7,8,23,72
2024-03-27 18:50:00,24,4,8,27,24,87
2024-03-27 19:00:00,25,15,4,0,22,66
2024-03-27 19:10:00,25,13,7,5,21,71
2024-03-27 19:20:00,31,7,7,3,19,67
2024-03-27 19:30:00,27,17,3,6,24,77
2024-03-27 19:40:00,22,6,7,3,19,57
2024-03-27 19:50:00,25,7,1,2,17,52
2024-03-27 20:00:00,24,10,5,2,17,58
2024-03-27 20:10:00,24,3,4,1,16,48
2024-03-27 20:20:00,19,4,2,1,25,51
2024-03-27 20:30:00,18,5,1,0,18,42
2024-03-27 20:40:00,22,5,1,6,14,48
2024-03-27 20:50:00,21,4,5,1,20,51
2024-03-27 21:00:00,21,4,0,3,14,42
2024-03-27 21:10:00,23,9,1,1,10,44
2024-03-27 21:20:00,21,3,4,4,12,44
2024-03-27 21:30:00,29,7,1,3,14,54
2024-03-27 21:40:00,20,9,3,4,14,50
2024-03-27 21:50:00,36,4,1,1,11,53
2024-03-27 22:00:00,25,5,1,1,11,43
2024-03-27 22:10:00,21,0,1,0,16,38
2024-03-27 22:20:00,23,7,1,0,10,41
2024-03-27 22:30:00,14,5,1,0,9,29
2024-03-27 22:40:00,26,6,3,0,8,43
2024-03-27 22:50:00,17,5,3,0,6,31
2024-03-27 23:00:00,19,6,1,0,6,32
2024-03-27 23:10:00,13,4,3,0,8,28
2024-03-27 23:20:00,13,2,1,0,5,21
2024-03-27 23:30:00,15,0,0,0,6,21
2024-03-27 23:40:00,11,3,0,0,4,18
2024-03-27 23:50:00,8,0,0,0,4,12
2024-03-28 00:00:00,11,3,1,0,5,20
2024-03-28 00:10:00,10,0,0,0,6,16
2024-03-28 00:20:00,12,1,2,0,7,22
2024-03-28 00:30:00,1,0,2,0,3,6
2024-03-28 00:40:00,6,0,0,0,3,9
2024-03-28 00:50:00,4,0,0,0,2,6
2024-03-28 01:00:00,10,2,0,0,1,13
2024-03-28 01:10:00,3,0,2,0,4,9
2024-03-28 01:20:00,2,0,2,0,2,6
2024-03-28 01:30:00,5,1,0,1,2,9
2024-03-28 01:40:00,9,0,0,0,3,12
2024-03-28 01:50:00,1,0,0,0,3,4
2024-03-28 02:00:00,2,0,0,0,2,4
2024-03-28 02:10:00,3,0,0,0,3,6
2024-03-28 02:20:00,1,0,0,0,0,1
2024-03-28 02:30:00,1,0,0,0,1,2
2024-03-28 02:40:00,1,0,0,0,1,2
2024-03-28 02:50:00,1,1,0,1,1,4
2024-03-28 03:00:00,3,0,0,0,2,5
2024-03-28 03:10:00,4,2,0,0,1,7
2024-03-28 03:20:00,6,0,0,0,1,7
2024-03-28 03:30:00,2,2,0,0,0,4
2024-03-28 03:40:00,0,0,2,0,2,4
2024-03-28 03:50:00,1,0,0,1,1,3
2024-03-28 04:00:00,4,0,0,0,1,5
2024-03-28 04:10:00,0,0,2,2,1,5
2024-03-28 04:20:00,0,0,0,0,1,1
2024-03-28 04:30:00,1,0,0,1,2,4
2024-03-28 04:40:00,0,0,0,1,2,3
2024-03-28 04:50:00,2,0,0,0,3,5
2024-03-28 05:00:00,7,2,0,2,5,16
2024-03-28 05:10:00,4,2,0,2,4,12
2024-03-28 05:20:00,2,0,0,1,6,9
2024-03-28 05:30:00,1,0,0,4,8,13
2024-03-28 05:40:00,10,0,2,3,8,23
2024-03-28 05:50:00,12,0,4,11,11,38
2024-03-28 06:00:00,6,1,1,1,8,17
2024-03-28 06:10:00,5,2,0,0,13,20
2024-03-28 06:20:00,10,1,1,6,16,34
2024-03-28 06:30:00,10,1,1,1,15,28
2024-03-28 06:40:00,12,0,1,7,16,36
2024-03-28 06:50:00,14,2,7,2,18,43
2024-03-28 07:00:00,11,4,2,4,20,41
2024-03-28 07:10:00,13,2,6,2,18,41
2024-03-28 07:20:00,14,2,3,9,33,61
2024-03-28 07:30:00,19,9,13,8,27,76
2024-03-28 07:40:00,23,4,10,9,36,82
2024-03-28 07:50:00,26,7,16,9,39,97
2024-03-28 08:00:00,20,6,12,7,46,91
2024-03-28 08:10:00,20,3,7,7,47,84
2024-03-28 08:20:00,34,7,12,4,33,90
2024-03-28 08:30:00,26,2,11,8,51,98
2024-03-28 08:40:00,27,10,8,1,37,83
2024-03-28 08:50:00,30,6,5,5,36,82
2024-03-28 09:00:00,25,7,9,5,36,82
2024-03-28 09:10:00,23,6,14,1,36,80
2024-03-28 09:20:00,34,5,8,5,36,88
2024-03-28 09:30:00,27,9,11,8,34,89
2024-03-28 09:40:00,32,5,11,4,40,92
2024-03-28 09:50:00,32,4,8,3,38,85
2024-03-28 10:00:00,22,6,5,1,34,68
2024-03-28 10:10:00,24,7,7,2,38,78
2024-03-28 10:20:00,25,13,9,3,38,88
2024-03-28 10:30:00,32,3,10,1,37,83
2024-03-28 10:40:00,29,5,10,4,38,86
2024-03-28 10:50:00,29,18,13,6,37,103
2024-03-28 11:00:00,33,10,5,3,33,84
2024-03-28 11:10:00,35,10,7,2,43,97
2024-03-28 11:20:00,34,7,7,5,26,79
2024-03-28 11:30:00,31,7,10,2,34,84
2024-03-28 11:40:00,37,11,13,3,30,94
2024-03-28 11:50:00,30,8,8,4,33,83
2024-03-28 12:00:00,27,9,41,3,35,115
2024-03-28 12:10:00,30,6,9,5,31,81
2024-03-28 12:20:00,37,7,7,7,34,92
2024-03-28 12:30:00,32,6,7,3,36,84
2024-03-28 12:40:00,32,7,5,3,26,73
2024-03-28 12:50:00,34,10,12,3,40,99
2024-03-28 13:00:00,25,7,8,5,31,76
2024-03-28 13:10:00,33,11,7,4,36,91
2024-03-28 13:20:00,34,5,9,2,29,79
2024-03-28 13:30:00,25,8,11,4,27,75
2024-03-28 13:40:00,35,3,7,0,37,82
2024-03-28 13:50:00,26,7,12,6,22,73
2024-03-28 14:00:00,26,6,10,7,38,87
2024-03-28 14:10:00,34,5,13,6,27,85
2024-03-28 14:20:00,23,10,17,3,35,88
2024-03-28 14:30:00,26,7,10,1,32,76
2024-03-28 14:40:00,38,11,11,6,35,101
2024-03-28 14:50:00,36,8,7,2,27,80
2024-03-28 15:00:00,42,8,7,1,33,91
2024-03-28 15:10:00,35,16,13,2,40,106
2024-03-28 15:20:00,44,4,10,5,29,92
2024-03-28 15:30:00,43,9,9,5,31,97
2024-03-28 15:40:00,38,12,13,5,30,98
2024-03-28 15:50:00,36,8,6,6,36,92
2024-03-28 16:00:00,42,5,9,6,35,97
2024-03-28 16:10:00,27,9,12,9,49,106
2024-03-28 16:20:00,35,8,11,2,32,88
2024-03-28 16:30:00,31,10,10,7,32,90
2024-03-28 16:40:00,40,8,6,4,52,110
2024-03-28 16:50:00,50,17,3,5,28,103
2024-03-28 17:00:00,41,9,8,4,29,91
2024-03-28 17:10:00,43,9,13,10,33,108
2024-03-28 17:20:00,47,15,17,3,36,118
2024-03-28 17:30:00,45,12,9,11,34,111
2024-03-28 17:40:00,37,15,8,2,37,99
2024-03-28 17:50:00,31,13,9,10,31,94
2024-03-28 18:00:00,37,13,12,5,41,108
2024-03-28 18:10:00,39,10,10,4,35,98
2024-03-28 18:20:00,41,12,12,3,32,100
2024-03-28 18:30:00,36,11,8,8,26,89
2024-03-28 18:40:00,37,10,13,6,32,98
2024-03-28 18:50:00,36,10,13,3,34,96
2024-03-28 19:00:00,27,15,14,2,21,79
2024-03-28 19:10:00,54,15,14,2,18,103
2024-03-28 19:20:00,43,8,18,2,29,100
2024-03-28 19:30:00,34,10,10,7,22,83
2024-03-28 19:40:00,53,15,6,1,24,99
2024-03-28 19:50:00,50,13,5,1,20,89
2024-03-28 20:00:00,36,8,5,4,22,75
2024-03-28 20:10:00,38,18,2,2,19,79
2024-03-28 20:20:00,36,11,7,0,20,74
2024-03-28 20:30:00,42,8,3,1,21,75
2024-03-28 20:40:00,40,3,3,0,15,61
2024-03-28 20:50:00,49,7,2,1,11,70
2024-03-28 21:00:00,23,5,2,5,13,48
2024-03-28 21:10:00,27,8,5,1,21,62
2024-03-28 21:20:00,23,5,4,1,21,54
2024-03-28 21:30:00,34,7,1,0,16,58
2024-03-28 21:40:00,20,4,0,3,16,43
2024-03-28 21:50:00,35,9,2,3,13,62
2024-03-28 22:00:00,23,4,3,2,11,43
2024-03-28 22:10:00,35,5,3,1,12,56
2024-03-28 22:20:00,40,10,0,0,9,59
2024-03-28 22:30:00,26,2,0,6,9,43
2024-03-28 22:40:00,19,6,1,0,10,36
2024-03-28 22:50:00,17,4,4,0,12,37
2024-03-28 23:00:00,24,5,7,0,9,45
2024-03-28 23:10:00,22,1,2,0,11,36
2024-03-28 23:20:00,23,11,4,0,11,49
2024-03-28 23:30:00,11,2,2,0,7,22
2024-03-28 23:40:00,17,5,1,2,7,32
2024-03-28 23:50:00,14,0,0,0,9,23
2024-03-29 00:00:00,23,3,1,0,5,32
2024-03-29 00:10:00,10,3,4,0,11,28
2024-03-29 00:20:00,21,7,2,1,7,38
2024-03-29 00:30:00,10,0,2,0,4,16
2024-03-29 00:40:00,5,3,2,0,6,16
2024-03-29 00:50:00,10,2,0,0,6,18
2024-03-29 01:00:00,10,4,1,0,5,20
2024-03-29 01:10:00,5,1,0,0,3,9
2024-03-29 01:20:00,4,1,0,0,5,10
2024-03-29 01:30:00,9,0,0,0,1,10
2024-03-29 01:40:00,8,2,0,0,3,13
2024-03-29 01:50:00,1,2,0,0,4,7
2024-03-29 02:00:00,4,0,3,0,3,10
2024-03-29 02:10:00,6,1,0,0,4,11
2024-03-29 02:20:00,6,0,0,0,3,9
2024-03-29 02:30:00,4,0,1,0,1,6
2024-03-29 02:40:00,5,3,0,1,5,14
2024-03-29 02:50:00,3,3,0,0,1,7
2024-03-29 03:00:00,7,0,0,0,6,13
2024-03-29 03:10:00,9,0,0,0,3,12
2024-03-29 03:20:00,5,0,0,0,4,9
2024-03-29 03:30:00,7,3,0,0,1,11
2024-03-29 03:40:00,5,0,0,0,3,8
2024-03-29 03:50:00,1,1,0,0,1,3
2024-03-29 04:00:00,7,0,0,0,1,8
2024-03-29 04:10:00,1,0,0,0,0,1
2024-03-29 04:20:00,0,1,1,0,1,3
2024-03-29 04:30:00,1,0,0,0,3,4
2024-03-29 04:40:00,3,0,0,0,0,3
2024-03-29 04:50:00,0,0,0,0,2,2
2024-03-29 05:00:00,3,1,0,1,1,6
2024-03-29 05:10:00,0,1,2,1,4,8
2024-03-29 05:20:00,6,4,0,0,3,13
2024-03-29 05:30:00,2,0,0,1,3,6
2024-03-29 05:40:00,6,3,0,0,4,13
2024-03-29 05:50:00,2,0,1,0,2,5
2024-03-29 06:00:00,1,0,0,0,2,3
2024-03-29 06:10:00,6,1,1,1,3,12
2024-03-29 06:20:00,1,0,0,0,1,2
2024-03-29 06:30:00,1,0,0,0,2,3
2024-03-29 06:40:00,0,0,0,0,2,2
2024-03-29 06:50:00,1,0,0,0,5,6
2024-03-29 07:00:00,2,0,0,0,1,3
2024-03-29 07:10:00,6,0,0,0,3,9
2024-03-29 07:20:00,5,0,1,0,4,10
2024-03-29 07:30:00,2,0,2,0,3,7
2024-03-29 07:40:00,4,0,1,0,8,13
2024-03-29 07:50:00,3,0,0,0,3,6
2024-03-29 08:00:00,5,1,1,1,5,13
2024-03-29 08:10:00,5,0,1,0,2,8
2024-03-29 08:20:00,3,2,3,0,12,20
2024-03-29 08:30:00,4,1,2,0,8,15
2024-03-29 08:40:00,11,0,0,0,12,23
2024-03-29 08:50:00,12,4,5,1,7,29
2024-03-29 09:00:00,8,0,3,0,10,21
2024-03-29 09:10:00,13,3,2,0,8,26
2024-03-29 09:20:00,14,1,2,2,13,32
2024-03-29 09:30:00,11,3,6,0,21,41
2024-03-29 09:40:00,15,4,5,2,27,53
2024-03-29 09:50:00,14,1,4,1,14,34
2024-03-29 10:00:00,11,2,8,2,18,41
2024-03-29 10:10:00,11,0,2,2,17,32
2024-03-29 10:20:00,13,4,2,2,20,41
2024-03-29 10:30:00,13,3,6,1,11,34
2024-03-29 10:40:00,13,4,8,3,15,43
2024-03-29 10:50:00,12,4,4,0,16,36
2024-03-29 11:00:00,15,4,5,3,12,39
2024-03-29 11:10:00,11,1,6,2,18,38
2024-03-29 11:20:00,16,3,7,2,19,47
2024-03-29 11:30:00,18,2,3,0,17,40
2024-03-29 11:40:00,20,7,2,1,8,38
2024-03-29 11:50:00,22,5,3,2,13,45
2024-03-29 12:00:00,24,0,7,1,21,53
2024-03-29 12:10:00,13,5,2,1,18,39
2024-03-29 12:20:00,21,5,7,1,21,55
2024-03-29 12:30:00,23,4,4,2,23,56
2024-03-29 12:40:00,23,5,10,4,28,70
2024-03-29 12:50:00,20,6,11,0,17,54
2024-03-29 13:00:00,19,3,3,4,23,52
2024-03-29 13:10:00,27,4,5,1,25,62
2024-03-29 13:20:00,20,2,6,3,19,50
2024-03-29 13:30:00,16,1,5,3,27,52
2024-03-29 13:40:00,14,2,11,0,22,49
2024-03-29 13:50:00,27,4,4,1,27,63
2024-03-29 14:00:00,16,3,7,1,27,54
2024-03-29 14:10:00,17,3,10,1,19,50
2024-03-29 14:20:00,25,0,7,1,20,53
2024-03-29 14:30:00,19,5,4,3,22,53
2024-03-29 14:40:00,21,3,8,3,26,61
2024-03-29 14:50:00,23,5,3,2,27,60
2024-03-29 15:00:00,26,3,3,1,22,55
2024-03-29 15:10:00,22,5,5,3,17,52
2024-03-29 15:20:00,21,5,8,2,23,59
2024-03-29 15:30:00,17,5,5,1,34,62
2024-03-29 15:40:00,20,2,5,6,15,48
2024-03-29 15:50:00,25,2,4,4,21,56
2024-03-29 16:00:00,24,8,4,1,26,63
2024-03-29 16:10:00,20,4,8,2,30,64
2024-03-29 16:20:00,25,5,7,0,24,61
2024-03-29 16:30:00,23,2,3,1,20,49
2024-03-29 16:40:00,13,6,13,1,25,58
2024-03-29 16:50:00,21,3,4,1,25,54
2024-03-29 17:00:00,20,4,6,3,18,51
2024-03-29 17:10:00,15,1,3,3,27,49
2024-03-29 17:20:00,25,6,10,2,24,67
2024-03-29 17:30:00,19,9,13,7,27,75
2024-03-29 17:40:00,30,5,7,1,20,63
2024-03-29 17:50:00,22,3,4,2,27,58
2024-03-29 18:00:00,24,4,3,3,22,56
2024-03-29 18:10:00,28,11,5,1,33,78
2024-03-29 18:20:00,20,8,7,2,26,63
2024-03-29 18:30:00,21,5,2,1,26,55
2024-03-29 18:40:00,25,1,7,2,21,56
2024-03-29 18:50:00,26,6,5,3,19,59
2024-03-29 19:00:00,18,17,11,10,20,76
2024-03-29 19:10:00,23,13,4,2,17,59
2024-03-29 19:20:00,19,9,4,1,22,55
2024-03-29 19:30:00,26,5,3,2,20,56
2024-03-29 19:40:00,17,6,3,0,13,39
2024-03-29 19:50:00,16,2,1,3,20,42
2024-03-29 20:00:00,14,4,1,0,11,30
2024-03-29 20:10:00,12,7,2,1,16,38
2024-03-29 20:20:00,13,2,3,1,15,34
2024-03-29 20:30:00,15,6,3,2,9,35
2024-03-29 20:40:00,16,3,10,0,18,47
2024-03-29 20:50:00,19,6,5,1,11,42
2024-03-29 21:00:00,18,8,4,0,10,40
2024-03-29 21:10:00,14,6,0,1,13,34
2024-03-29 21:20:00,13,4,2,0,8,27
2024-03-29 21:30:00,16,5,3,0,10,34
2024-03-29 21:40:00,18,3,2,4,10,37
2024-03-29 21:50:00,17,5,3,1,9,35
2024-03-29 22:00:00,9,4,2,3,7,25
2024-03-29 22:10:00,24,5,4,2,6,41
2024-03-29 22:20:00,8,2,0,1,14,25
2024-03-29 22:30:00,12,3,1,2,8,26
2024-03-29 22:40:00,12,6,0,1,6,25
2024-03-29 22:50:00,11,2,1,1,6,21
2024-03-29 23:00:00,11,4,0,0,7,22
2024-03-29 23:10:00,10,5,1,1,5,22
2024-03-29 23:20:00,14,4,0,2,11,31
2024-03-29 23:30:00,9,1,1,1,9,21
2024-03-29 23:40:00,10,2,2,0,7,21
2024-03-29 23:50:00,10,4,1,1,9,25
2024-03-30 00:00:00,7,1,0,0,4,12
2024-03-30 00:10:00,8,3,2,2,4,19
2024-03-30 00:20:00,9,3,0,0,2,14
2024-03-30 00:30:00,5,0,0,0,5,10
2024-03-30 00:40:00,7,0,0,2,5,14
2024-03-30 00:50:00,6,3,1,0,5,15
2024-03-30 01:00:00,7,3,0,0,3,13
2024-03-30 01:10:00,8,4,0,0,2,14
2024-03-30 01:20:00,2,0,0,2,4,8
2024-03-30 01:30:00,4,5,0,0,6,15
2024-03-30 01:40:00,3,1,0,0,2,6
2024-03-30 01:50:00,4,2,1,0,0,7
2024-03-30 02:00:00,6,4,0,1,1,12
2024-03-30 02:10:00,3,1,0,0,1,5
2024-03-30 02:20:00,4,1,0,0,3,8
2024-03-30 02:30:00,7,0,0,0,2,9
2024-03-30 02:40:00,0,0,0,0,2,2
2024-03-30 02:50:00,1,1,1,0,3,6
2024-03-30 03:00:00,4,0,0,0,0,4
2024-03-30 03:10:00,3,1,0,0,3,7
2024-03-30 03:20:00,2,0,0,2,6,10
2024-03-30 03:30:00,0,1,0,0,1,2
2024-03-30 03:40:00,5,0,0,0,0,5
2024-03-30 03:50:00,4,0,1,0,1,6
2024-03-30 04:00:00,5,4,0,0,0,9
2024-03-30 04:10:00,1,0,0,0,0,1
2024-03-30 04:20:00,4,3,0,0,2,9
2024-03-30 04:30:00,2,2,0,0,1,5
2024-03-30 04:40:00,2,0,0,0,2,4
2024-03-30 04:50:00,1,0,0,0,3,4
2024-03-30 05:00:00,1,1,1,1,5,9
2024-03-30 05:10:00,2,0,0,0,5,7
2024-03-30 05:20:00,0,1,0,3,3,7
2024-03-30 05:30:00,4,0,1,1,3,9
2024-03-30 05:40:00,7,2,0,2,3,14
2024-03-30 05:50:00,2,1,1,3,1,8
2024-03-30 06:00:00,2,0,2,0,2,6
2024-03-30 06:10:00,3,1,0,0,2,6
2024-03-30 06:20:00,7,0,1,2,6,16
2024-03-30 06:30:00,3,1,0,0,5,9
2024-03-30 06:40:00,6,0,3,1,9,19
2024-03-30 06:50:00,5,1,1,2,6,15
2024-03-30 07:00:00,2,0,3,0,5,10
2024-03-30 07:10:00,5,2,2,1,9,19
2024-03-30 07:20:00,6,1,1,0,8,16
2024-03-30 07:30:00,10,0,4,0,12,26
2024-03-30 07:40:00,10,1,4,0,13,28
2024-03-30 07:50:00,8,1,4,1,18,32
2024-03-30 08:00:00,13,2,5,0,20,40
2024-03-30 08:10:00,15,3,6,1,17,42
2024-03-30 08:20:00,12,2,4,2,15,35
2024-03-30 08:30:00,14,5,6,1,20,46
2024-03-30 08:40:00,23,3,7,5,21,59
2024-03-30 08:50:00,21,5,14,2,20,62
2024-03-30 09:00:00,20,7,8,2,21,58
2024-03-30 09:10:00,13,7,5,3,30,58
2024-03-30 09:20:00,19,7,5,3,33,67
2024-03-30 09:30:00,25,4,10,5,27,71
2024-03-30 09:40:00,29,13,10,1,39,92
2024-03-30 09:50:00,23,14,12,3,30,82
2024-03-30 10:00:00,32,11,4,2,35,84
2024-03-30 10:10:00,25,10,15,4,33,87
2024-03-30 10:20:00,32,8,5,6,32,83
2024-03-30 10:30:00,26,7,18,4,37,92
2024-03-30 10:40:00,31,12,8,2,31,84
2024-03-30 10:50:00,29,11,10,3,28,81
2024-03-30 11:00:00,28,14,11,1,26,80
2024-03-30 11:10:00,29,6,12,4,33,84
2024-03-30 11:20:00,23,4,8,1,25,61
2024-03-30 11:30:00,24,5,13,4,40,86
2024-03-30 11:40:00,28,4,5,6,35,78
2024-03-30 11:50:00,36,11,11,2,35,95
2024-03-30 12:00:00,42,6,10,4,36,98
2024-03-30 12:10:00,38,6,8,4,35,91
2024-03-30 12:20:00,26,8,12,7,27,80
2024-03-30 12:30:00,24,8,13,5,39,89
2024-03-30 12:40:00,23,7,11,3,41,85
2024-03-30 12:50:00,19,9,13,4,35,80
2024-03-30 13:00:00,23,7,13,9,38,90
2024-03-30 13:10:00,30,12,16,2,26,86
2024-03-30 13:20:00,30,13,9,6,39,97
2024-03-30 13:30:00,34,9,9,3,33,88
2024-03-30 13:40:00,25,7,13,3,35,83
2024-03-30 13:50:00,23,8,6,2,24,63
2024-03-30 14:00:00,26,10,9,5,19,69
2024-03-30 14:10:00,33,10,11,5,32,91
2024-03-30 14:20:00,32,9,7,7,31,86
2024-03-30 14:30:00,26,9,9,0,26,70
2024-03-30 14:40:00,27,6,10,4,30,77
2024-03-30 14:50:00,25,10,10,1,21,67
2024-03-30 15:00:00,30,6,7,1,26,70
2024-03-30 15:10:00,37,14,7,8,32,98
2024-03-30 15:20:00,32,6,8,2,28,76
2024-03-30 15:30:00,22,9,9,2,28,70
2024-03-30 15:40:00,31,9,7,4,21,72
2024-03-30 15:50:00,32,6,7,1,23,69
2024-03-30 16:00:00,19,5,8,1,28,61
2024-03-30 16:10:00,32,8,4,4,24,72
2024-03-30 16:20:00,23,13,6,2,29,73
2024-03-30 16:30:00,35,8,7,5,16,71
2024-03-30 16:40:00,27,6,8,3,28,72
2024-03-30 16:50:00,25,6,6,0,34,71
2024-03-30 17:00:00,25,16,14,1,22,78
2024-03-30 17:10:00,21,9,15,4,31,80
2024-03-30 17:20:00,28,7,10,5,24,74
2024-03-30 17:30:00,25,15,11,3,23,77
2024-03-30 17:40:00,18,5,10,6,22,61
2024-03-30 17:50:00,30,9,4,2,22,67
2024-03-30 18:00:00,31,4,12,4,28,79
2024-03-30 18:10:00,32,9,8,4,34,87
2024-03-30 18:20:00,26,8,4,1,20,59
2024-03-30 18:30:00,30,11,7,1,27,76
2024-03-30 18:40:00,21,5,9,3,24,62
2024-03-30 18:50:00,27,8,13,5,25,78
2024-03-30 19:00:00,18,6,9,1,21,55
2024-03-30 19:10:00,20,9,7,0,21,57
2024-03-30 19:20:00,27,2,9,3,27,68
2024-03-30 19:30:00,24,10,10,0,25,69
2024-03-30 19:40:00,32,4,7,1,13,57
2024-03-30 19:50:00,25,12,3,2,21,63
2024-03-30 20:00:00,19,5,4,1,17,46
2024-03-30 20:10:00,37,8,9,3,15,72
2024-03-30 20:20:00,29,11,1,1,16,58
2024-03-30 20:30:00,34,7,4,3,16,64
2024-03-30 20:40:00,20,5,5,1,12,43
2024-03-30 20:50:00,24,6,4,1,18,53
2024-03-30 21:00:00,12,2,1,1,10,26
2024-03-30 21:10:00,30,3,2,0,17,52
2024-03-30 21:20:00,16,2,2,0,9,29
2024-03-30 21:30:00,24,4,4,1,14,47
2024-03-30 21:40:00,15,2,0,1,10,28
2024-03-30 21:50:00,24,2,2,0,13,41
2024-03-30 22:00:00,17,6,0,0,13,36
2024-03-30 22:10:00,23,7,1,0,14,45
2024-03-30 22:20:00,18,10,0,0,8,36
2024-03-30 22:30:00,17,4,0,0,10,31
2024-03-30 22:40:00,23,6,3,3,6,41
2024-03-30 22:50:00,23,5,2,1,10,41
2024-03-30 23:00:00,17,2,0,1,5,25
2024-03-30 23:10:00,17,2,0,0,10,29
2024-03-30 23:20:00,24,2,2,0,9,37
2024-03-30 23:30:00,12,5,2,1,9,29
2024-03-30 23:40:00,14,2,3,0,7,26
2024-03-30 23:50:00,14,7,0,0,7,28
2024-03-31 00:00:00,11,0,0,0,3,14
2024-03-31 00:10:00,7,3,3,1,2,16
2024-03-31 00:20:00,18,4,0,0,4,26
2024-03-31 00:30:00,8,0,1,0,4,13
2024-03-31 00:40:00,2,2,0,0,2,6
2024-03-31 00:50:00,11,4,0,0,6,21
2024-03-31 01:00:00,9,0,3,0,3,15
2024-03-31 01:10:00,10,1,1,0,6,18
2024-03-31 01:20:00,9,1,0,0,4,14
2024-03-31 01:30:00,5,0,0,0,2,7
2024-03-31 01:40:00,7,0,0,0,1,8
2024-03-31 01:50:00,4,1,0,0,4,9
2024-03-31 02:00:00,0,0,0,0,0,0
2024-03-31 02:10:00,0,0,0,0,0,0
2024-03-31 02:20:00,0,0,0,0,0,0
2024-03-31 02:30:00,0,0,0,0,0,0
2024-03-31 02:40:00,0,0,0,0,0,0
2024-03-31 02:50:00,0,0,0,0,0,0
2024-03-31 03:00:00,0,0,0,0,0,0
2024-03-31 03:10:00,0,0,0,0,0,0
2024-03-31 03:20:00,0,0,0,0,0,0
2024-03-31 03:30:00,0,0,0,0,0,0
2024-03-31 03:40:00,0,0,0,0,0,0
2024-03-31 03:50:00,0,0,0,0,0,0
2024-03-31 04:00:00,5,2,0,3,5,15
2024-03-31 04:10:00,8,6,0,0,0,14
2024-03-31 04:20:00,5,3,0,4,4,16
2024-03-31 04:30:00,2,1,0,1,3,7
2024-03-31 04:40:00,2,1,0,1,4,8
2024-03-31 04:50:00,4,5,0,2,2,13
2024-03-31 05:00:00,2,0,0,0,2,4
2024-03-31 05:10:00,3,1,2,3,3,12
2024-03-31 05:20:00,3,2,0,0,4,9
2024-03-31 05:30:00,1,1,1,2,5,10
2024-03-31 05:40:00,4,1,0,4,7,16
2024-03-31 05:50:00,0,0,0,0,1,1
2024-03-31 06:00:00,2,1,0,1,1,5
2024-03-31 06:10:00,3,0,0,0,1,4
2024-03-31 06:20:00,4,0,1,2,3,10
2024-03-31 06:30:00,4,2,0,0,1,7
2024-03-31 06:40:00,4,0,0,1,3,8
2024-03-31 06:50:00,3,1,0,1,5,10
2024-03-31 07:00:00,1,3,1,0,1,6
2024-03-31 07:10:00,1,0,1,0,1,3
2024-03-31 07:20:00,1,1,3,1,2,8
2024-03-31 07:30:00,1,1,0,0,2,4
2024-03-31 07:40:00,4,4,0,0,7,15
2024-03-31 07:50:00,7,0,1,1,6,15
2024-03-31 08:00:00,4,4,4,0,2,14
2024-03-31 08:10:00,6,0,4,1,3,14
2024-03-31 08:20:00,8,3,4,1,5,21
2024-03-31 08:30:00,5,3,1,0,5,14
2024-03-31 08:40:00,3,2,2,3,8,18
2024-03-31 08:50:00,7,2,5,0,9,23
2024-03-31 09:00:00,7,4,1,1,10,23
2024-03-31 09:10:00,12,4,4,0,5,25
2024-03-31 09:20:00,8,2,2,1,15,28
2024-03-31 09:30:00,7,4,6,1,21,39
2024-03-31 09:40:00,11,9,10,4,24,58
2024-03-31 09:50:00,13,5,7,4,14,43
2024-03-31 10:00:00,15,6,7,4,20,52
2024-03-31 10:10:00,15,4,3,0,18,40
2024-03-31 10:20:00,13,0,1,2,20,36
2024-03-31 10:30:00,18,9,2,1,24,54
2024-03-31 10:40:00,19,3,7,2,18,49
2024-03-31 10:50:00,15,3,7,5,19,49
2024-03-31 11:00:00,23,10,7,3,14,57
2024-03-31 11:10:00,21,3,8,1,20,53
2024-03-31 11:20:00,23,3,8,5,13,52
2024-03-31 11:30:00,13,6,6,3,23,51
2024-03-31 11:40:00,21,7,8,5,18,59
2024-03-31 11:50:00,25,4,10,3,20,62
2024-03-31 12:00:00,19,5,8,4,30,66
2024-03-31 12:10:00,19,11,8,4,27,69
2024-03-31 12:20:00,28,8,5,8,28,77
2024-03-31 12:30:00,16,7,8,3,21,55
2024-03-31 12:40:00,27,9,10,2,27,75
2024-03-31 12:50:00,25,8,6,0,28,67
2024-03-31 13:00:00,28,8,6,3,25,70
2024-03-31 13:10:00,19,6,8,2,23,58
2024-03-31 13:20:00,26,3,2,0,22,53
2024-03-31 13:30:00,24,4,3,3,21,55
2024-03-31 13:40:00,27,12,3,1,17,60
2024-03-31 13:50:00,23,10,5,1,16,55
2024-03-31 14:00:00,21,6,4,6,16,53
2024-03-31 14:10:00,23,5,12,0,21,61
2024-03-31 14:20:00,23,7,10,7,20,67
2024-03-31 14:30:00,21,7,7,3,33,71
2024-03-31 14:40:00,31,9,6,1,20,67
2024-03-31 14:50:00,14,11,7,2,18,52
2024-03-31 15:00:00,28,8,8,4,27,75
2024-03-31 15:10:00,21,4,7,2,22,56
2024-03-31 15:20:00,27,4,7,2,21,61
2024-03-31 15:30:00,19,7,7,6,29,68
2024-03-31 15:40:00,20,6,12,5,27,70
2024-03-31 15:50:00,19,9,13,2,18,61
2024-03-31 16:00:00,24,8,9,4,21,66
2024-03-31 16:10:00,23,4,3,2,27,59
2024-03-31 16:20:00,28,8,4,5,23,68
2024-03-31 16:30:00,22,6,8,5,30,71
2024-03-31 16:40:00,20,4,6,3,31,64
2024-03-31 16:50:00,28,3,6,4,19,60
2024-03-31 17:00:00,23,2,4,4,21,54
2024-03-31 17:10:00,24,3,7,0,34,68
2024-03-31 17:20:00,22,3,7,1,25,58
2024-03-31 17:30:00,16,5,6,4,17,48
2024-03-31 17:40:00,19,4,9,3,21,56
2024-03-31 17:50:00,33,5,9,3,25,75
2024-03-31 18:00:00,27,4,7,4,31,73
2024-03-31 18:10:00,23,7,3,2,28,63
2024-03-31 18:20:00,26,2,4,0,21,53
2024-03-31 18:30:00,22,1,7,5,26,61
2024-03-31 18:40:00,21,5,9,3,35,73
2024-03-31 18:50:00,19,7,11,4,24,65
2024-03-31 19:00:00,26,5,4,4,33,72
2024-03-31 19:10:00,24,7,9,4,27,71
2024-03-31 19:20:00,26,4,6,5,27,68
2024-03-31 19:30:00,27,5,6,2,22,62
2024-03-31 19:40:00,21,6,8,3,22,60
2024-03-31 19:50:00,19,6,4,3,21,53
2024-03-31 20:00:00,16,5,3,3,12,39
2024-03-31 20:10:00,29,2,2,1,15,49
2024-03-31 20:20:00,15,4,15,0,22,56
2024-03-31 20:30:00,31,3,2,1,17,54
2024-03-31 20:40:00,19,7,4,0,17,47
2024-03-31 20:50:00,26,4,12,0,17,59
2024-03-31 21:00:00,17,4,5,1,17,44
2024-03-31 21:10:00,16,3,9,0,18,46
2024-03-31 21:20:00,28,3,6,0,10,47
2024-03-31 21:30:00,38,5,2,1,14,60
2024-03-31 21:40:00,17,3,7,3,13,43
2024-03-31 21:50:00,37,9,2,4,16,68
2024-03-31 22:00:00,21,5,6,2,8,42
2024-03-31 22:10:00,20,2,0,0,13,35
2024-03-31 22:20:00,19,2,2,1,13,37
2024-03-31 22:30:00,19,4,5,2,14,44
2024-03-31 22:40:00,16,4,5,0,12,37
2024-03-31 22:50:00,7,4,2,0,10,23
2024-03-31 23:00:00,13,3,5,2,8,31
2024-03-31 23:10:00,18,13,0,0,7,38
2024-03-31 23:20:00,11,7,4,1,5,28
2024-03-31 23:30:00,7,5,1,1,6,20
2024-03-31 23:40:00,7,6,0,5,6,24
2024-03-31 23:50:00,6,0,2,2,5,15
2024-04-01 00:00:00,11,8,1,3,15,38
2024-04-01 00:10:00,7,6,1,2,8,24
2024-04-01 00:20:00,12,4,0,0,2,18
2024-04-01 00:30:00,8,2,2,2,6,20
2024-04-01 00:40:00,10,4,0,3,4,21
2024-04-01 00:50:00,9,3,0,2,2,16
2024-04-01 01:00:00,6,3,0,6,9,24
2024-04-01 01:10:00,9,6,1,1,4,21
2024-04-01 01:20:00,4,1,1,1,5,12
2024-04-01 01:30:00,7,3,0,0,3,13
2024-04-01 01:40:00,6,3,0,1,7,17
2024-04-01 01:50:00,3,3,0,0,2,8
2024-04-01 02:00:00,8,0,0,0,3,11
2024-04-01 02:10:00,8,2,3,1,5,19
2024-04-01 02:20:00,6,0,0,0,2,8
2024-04-01 02:30:00,4,0,0,0,3,7
2024-04-01 02:40:00,4,1,0,1,4,10
2024-04-01 02:50:00,5,1,0,1,2,9
2024-04-01 03:00:00,6,6,0,1,4,17
2024-04-01 03:10:00,0,0,0,2,4,6
2024-04-01 03:20:00,6,3,0,0,1,10
2024-04-01 03:30:00,3,3,0,6,3,15
2024-04-01 03:40:00,1,1,0,54,4,60
2024-04-01 03:50:00,2,1,0,0,2,5
2024-04-01 04:00:00,2,0,0,0,0,2
2024-04-01 04:10:00,4,2,0,0,1,7
2024-04-01 04:20:00,3,3,0,1,2,9
2024-04-01 04:30:00,1,1,0,2,2,6
2024-04-01 04:40:00,1,1,0,0,0,2
2024-04-01 04:50:00,1,2,2,0,2,7
2024-04-01 05:00:00,2,1,2,0,0,5
2024-04-01 05:10:00,4,1,2,2,3,12
2024-04-01 05:20:00,1,1,0,2,5,9
2024-04-01 05:30:00,3,2,0,1,3,9
2024-04-01 05:40:00,2,0,0,2,7,11
2024-04-01 05:50:00,4,2,1,2,6,15
2024-04-01 06:00:00,0,0,1,0,2,3
2024-04-01 06:10:00,3,3,0,0,1,7
2024-04-01 06:20:00,5,2,1,1,1,10
2024-04-01 06:30:00,4,4,0,0,1,9
2024-04-01 06:40:00,4,1,0,19,7,31
2024-04-01 06:50:00,3,0,1,45,3,52
2024-04-01 07:00:00,2,0,2,2,2,8
2024-04-01 07:10:00,2,1,0,3,5,11
2024-04-01 07:20:00,4,1,0,1,2,8
2024-04-01 07:30:00,4,2,1,1,3,11
2024-04-01 07:40:00,3,3,0,0,6,12
2024-04-01 07:50:00,2,0,3,0,6,11
2024-04-01 08:00:00,4,0,0,0,4,8
2024-04-01 08:10:00,2,2,3,0,4,11
2024-04-01 08:20:00,5,1,3,0,6,15
2024-04-01 08:30:00,6,1,2,0,4,13
2024-04-01 08:40:00,4,1,1,0,5,11
2024-04-01 08:50:00,5,0,1,0,5,11
2024-04-01 09:00:00,6,1,1,1,14,23
2024-04-01 09:10:00,5,2,1,1,8,17
2024-04-01 09:20:00,5,2,4,0,8,19
2024-04-01 09:30:00,10,3,2,2,11,28
2024-04-01 09:40:00,11,1,1,0,19,32
2024-04-01 09:50:00,13,2,5,0,14,34
2024-04-01 10:00:00,9,5,6,1,13,34
2024-04-01 10:10:00,7,2,3,2,9,23
2024-04-01 10:20:00,10,4,4,2,15,35
2024-04-01 10:30:00,13,4,4,3,13,37
2024-04-01 10:40:00,16,0,5,0,15,36
2024-04-01 10:50:00,13,7,6,0,19,45
2024-04-01 11:00:00,21,7,3,2,15,48
2024-04-01 11:10:00,18,5,4,1,18,46
2024-04-01 11:20:00,18,8,2,1,18,47
2024-04-01 11:30:00,13,3,3,0,14,33
2024-04-01 11:40:00,16,1,2,0,14,33
2024-04-01 11:50:00,19,4,7,1,22,53
2024-04-01 12:00:00,23,6,6,1,24,60
2024-04-01 12:10:00,21,4,2,0,18,45
2024-04-01 12:20:00,22,5,6,3,26,62
2024-04-01 12:30:00,20,5,4,2,21,52
2024-04-01 12:40:00,17,3,7,1,20,48
2024-04-01 12:50:00,23,1,3,1,21,49
2024-04-01 13:00:00,25,5,7,2,16,55
2024-04-01 13:10:00,17,1,2,0,18,38
2024-04-01 13:20:00,19,6,7,1,17,50
2024-04-01 13:30:00,25,8,5,2,22,62
2024-04-01 13:40:00,23,4,9,2,22,60
2024-04-01 13:50:00,19,4,6,4,30,63
2024-04-01 14:00:00,26,1,2,2,33,64
2024-04-01 14:10:00,26,1,4,0,27,58
2024-04-01 14:20:00,22,7,12,0,23,64
2024-04-01 14:30:00,21,6,9,2,28,66
2024-04-01 14:40:00,22,1,4,2,14,43
2024-04-01 14:50:00,30,3,9,2,27,71
2024-04-01 15:00:00,27,6,7,2,27,69
2024-04-01 15:10:00,14,6,4,0,25,49
2024-04-01 15:20:00,30,5,6,0,28,69
2024-04-01 15:30:00,25,9,10,4,20,68
2024-04-01 15:40:00,31,8,11,2,26,78
2024-04-01 15:50:00,26,3,6,1,31,67
2024-04-01 16:00:00,22,3,4,0,27,56
2024-04-01 16:10:00,34,5,5,0,23,67
2024-04-01 16:20:00,19,3,9,3,23,57
2024-04-01 16:30:00,21,3,6,1,21,52
2024-04-01 16:40:00,26,6,9,1,25,67
2024-04-01 16:50:00,17,5,9,1,23,55
2024-04-01 17:00:00,24,7,10,5,19,65
2024-04-01 17:10:00,22,4,10,2,30,68
2024-04-01 17:20:00,20,10,9,2,16,57
2024-04-01 17:30:00,15,6,15,3,28,67
2024-04-01 17:40:00,23,6,5,4,26,64
2024-04-01 17:50:00,17,4,10,1,26,58
2024-04-01 18:00:00,24,4,7,4,28,67
2024-04-01 18:10:00,21,6,7,3,28,65
2024-04-01 18:20:00,18,4,6,0,24,52
2024-04-01 18:30:00,21,6,7,5,26,65
2024-04-01 18:40:00,20,4,9,2,22,57
2024-04-01 18:50:00,19,2,6,1,25,53
2024-04-01 19:00:00,22,2,4,0,16,44
2024-04-01 19:10:00,41,5,7,2,20,75
2024-04-01 19:20:00,22,3,5,1,15,46
2024-04-01 19:30:00,22,5,5,1,26,59
2024-04-01 19:40:00,24,3,10,4,27,68
2024-04-01 19:50:00,21,3,4,0,21,49
2024-04-01 20:00:00,20,7,8,2,18,55
2024-04-01 20:10:00,22,12,9,5,19,67
2024-04-01 20:20:00,19,3,4,4,15,45
2024-04-01 20:30:00,19,4,3,1,8,35
2024-04-01 20:40:00,19,5,1,3,19,47
2024-04-01 20:50:00,13,4,4,0,10,31
2024-04-01 21:00:00,20,6,0,0,14,40
2024-04-01 21:10:00,12,5,2,1,19,39
2024-04-01 21:20:00,10,3,0,1,12,26
2024-04-01 21:30:00,19,2,1,2,10,34
2024-04-01 21:40:00,13,3,0,0,8,24
2024-04-01 21:50:00,15,3,2,2,17,39
2024-04-01 22:00:00,24,3,1,0,11,39
2024-04-01 22:10:00,14,1,1,0,9,25
2024-04-01 22:20:00,18,0,0,2,6,26
2024-04-01 22:30:00,15,2,1,1,8,27
2024-04-01 22:40:00,12,2,1,0,8,23
2024-04-01 22:50:00,15,4,0,0,10,29
2024-04-01 23:00:00,17,0,0,0,8,25
2024-04-01 23:10:00,37,0,1,0,9,47
2024-04-01 23:20:00,15,5,1,1,11,33
2024-04-01 23:30:00,18,0,0,2,9,29
2024-04-01 23:40:00,15,2,3,1,4,25
2024-04-01 23:50:00,14,4,1,0,4,23
2024-04-02 00:00:00,19,1,0,0,8,28
2024-04-02 00:10:00,6,0,0,0,3,9
2024-04-02 00:20:00,4,0,0,0,6,10
2024-04-02 00:30:00,12,4,0,2,3,21
2024-04-02 00:40:00,16,0,0,1,3,20
2024-04-02 00:50:00,2,2,2,1,6,13
2024-04-02 01:00:00,7,0,0,0,1,8
2024-04-02 01:10:00,5,0,2,0,1,8
2024-04-02 01:20:00,7,0,0,0,3,10
2024-04-02 01:30:00,0,4,0,0,3,7
2024-04-02 01:40:00,2,2,2,0,1,7
2024-04-02 01:50:00,4,2,0,0,0,6
2024-04-02 02:00:00,1,0,0,0,3,4
2024-04-02 02:10:00,0,0,0,0,2,2
2024-04-02 02:20:00,4,2,0,0,1,7
2024-04-02 02:30:00,3,0,0,0,0,3
2024-04-02 02:40:00,3,0,2,0,2,7
2024-04-02 02:50:00,0,0,0,0,1,1
2024-04-02 03:00:00,1,0,0,0,4,5
2024-04-02 03:10:00,4,0,0,0,2,6
2024-04-02 03:20:00,6,0,0,0,1,7
2024-04-02 03:30:00,0,0,0,0,3,3
2024-04-02 03:40:00,3,0,0,0,1,4
2024-04-02 03:50:00,7,0,0,1,1,9
2024-04-02 04:00:00,2,0,0,2,0,4
2024-04-02 04:10:00,0,0,0,1,3,4
2024-04-02 04:20:00,0,0,1,0,0,1
2024-04-02 04:30:00,0,0,0,2,3,5
2024-04-02 04:40:00,3,2,2,0,2,9
2024-04-02 04:50:00,3,0,0,1,1,5
2024-04-02 05:00:00,2,2,0,2,5,11
2024-04-02 05:10:00,7,2,1,1,3,14
2024-04-02 05:20:00,6,0,0,0,7,13
2024-04-02 05:30:00,6,0,2,2,8,18
2024-04-02 05:40:00,14,0,4,1,10,29
2024-04-02 05:50:00,4,0,1,5,10,20
2024-04-02 06:00:00,11,2,3,6,5,27
2024-04-02 06:10:00,7,5,3,1,18,34
2024-04-02 06:20:00,15,1,2,3,13,34
2024-04-02 06:30:00,10,1,3,2,18,34
2024-04-02 06:40:00,25,0,9,5,14,53
2024-04-02 06:50:00,17,2,3,4,20,46
2024-04-02 07:00:00,8,5,6,7,15,41
2024-04-02 07:10:00,14,4,6,4,26,54
2024-04-02 07:20:00,14,5,5,7,28,59
2024-04-02 07:30:00,12,1,8,7,39,67
2024-04-02 07:40:00,21,9,6,7,32,75
2024-04-02 07:50:00,23,5,4,16,31,79
2024-04-02 08:00:00,19,5,8,9,39,80
2024-04-02 08:10:00,21,2,13,11,23,70
2024-04-02 08:20:00,25,2,8,8,30,73
2024-04-02 08:30:00,23,5,16,14,38,96
2024-04-02 08:40:00,23,7,8,5,31,74
2024-04-02 08:50:00,28,7,9,7,31,82
2024-04-02 09:00:00,28,5,9,6,32,80
2024-04-02 09:10:00,21,7,12,3,33,76
2024-04-02 09:20:00,29,7,5,2,42,85
2024-04-02 09:30:00,23,6,14,1,35,79
2024-04-02 09:40:00,22,6,8,3,47,86
2024-04-02 09:50:00,29,6,10,5,39,89
2024-04-02 10:00:00,27,9,7,2,30,75
2024-04-02 10:10:00,26,11,5,1,35,78
2024-04-02 10:20:00,24,5,7,3,34,73
2024-04-02 10:30:00,18,17,11,21,34,101
2024-04-02 10:40:00,34,8,6,2,39,89
2024-04-02 10:50:00,25,5,5,0,19,54
2024-04-02 11:00:00,21,4,9,3,33,70
2024-04-02 11:10:00,33,11,10,7,34,95
2024-04-02 11:20:00,25,10,11,5,36,87
2024-04-02 11:30:00,26,3,7,0,44,80
2024-04-02 11:40:00,21,4,9,2,30,66
2024-04-02 11:50:00,30,14,8,5,33,90
2024-04-02 12:00:00,30,6,7,0,31,74
2024-04-02 12:10:00,34,11,8,4,24,81
2024-04-02 12:20:00,32,9,10,2,31,84
2024-04-02 12:30:00,22,7,15,4,27,75
2024-04-02 12:40:00,28,10,7,1,31,77
2024-04-02 12:50:00,28,7,8,0,24,67
2024-04-02 13:00:00,31,6,11,4,30,82
2024-04-02 13:10:00,31,6,7,3,35,82
2024-04-02 13:20:00,19,4,6,1,38,68
2024-04-02 13:30:00,37,9,11,1,27,85
2024-04-02 13:40:00,28,7,10,3,29,77
2024-04-02 13:50:00,30,7,6,3,23,69
2024-04-02 14:00:00,26,5,6,0,35,72
2024-04-02 14:10:00,28,6,7,4,41,86
2024-04-02 14:20:00,27,7,12,3,38,87
2024-04-02 14:30:00,39,6,6,1,26,78
2024-04-02 14:40:00,45,8,5,7,22,87
2024-04-02 14:50:00,33,11,13,3,27,87
2024-04-02 15:00:00,31,10,12,1,30,84
2024-04-02 15:10:00,33,11,10,5,45,104
2024-04-02 15:20:00,39,6,11,3,30,89
2024-04-02 15:30:00,32,10,9,4,37,92
2024-04-02 15:40:00,35,9,11,3,41,99
2024-04-02 15:50:00,37,9,9,4,29,88
2024-04-02 16:00:00,37,15,7,4,27,90
2024-04-02 16:10:00,28,8,10,7,29,82
2024-04-02 16:20:00,45,9,7,3,25,89
2024-04-02 16:30:00,44,4,7,5,37,97
2024-04-02 16:40:00,36,8,6,3,30,83
2024-04-02 16:50:00,37,8,7,3,33,88
2024-04-02 17:00:00,34,8,9,5,28,84
2024-04-02 17:10:00,41,8,5,6,27,87
2024-04-02 17:20:00,39,8,9,4,27,87
2024-04-02 17:30:00,38,9,9,5,31,92
2024-04-02 17:40:00,32,5,13,3,20,73
2024-04-02 17:50:00,45,26,8,6,42,127
2024-04-02 18:00:00,41,13,10,5,20,89
2024-04-02 18:10:00,44,16,7,7,26,100
2024-04-02 18:20:00,33,33,7,3,24,100
2024-04-02 18:30:00,28,11,8,4,26,77
2024-04-02 18:40:00,26,9,8,5,28,76
2024-04-02 18:50:00,31,9,8,7,29,84
2024-04-02 19:00:00,37,10,13,5,20,85
2024-04-02 19:10:00,30,10,9,2,24,75
2024-04-02 19:20:00,28,5,9,7,30,79
2024-04-02 19:30:00,22,7,8,2,19,58
2024-04-02 19:40:00,23,6,6,2,19,56
2024-04-02 19:50:00,29,8,2,4,19,62
2024-04-02 20:00:00,21,6,8,1,20,56
2024-04-02 20:10:00,20,5,4,1,17,47
2024-04-02 20:20:00,18,10,2,2,23,55
2024-04-02 20:30:00,23,7,9,1,14,54
2024-04-02 20:40:00,21,4,5,5,15,50
2024-04-02 20:50:00,26,8,1,1,18,54
2024-04-02 21:00:00,19,8,0,4,11,42
2024-04-02 21:10:00,29,8,2,0,14,53
2024-04-02 21:20:00,22,4,6,2,13,47
2024-04-02 21:30:00,25,6,3,3,12,49
2024-04-02 21:40:00,16,4,0,1,17,38
2024-04-02 21:50:00,22,4,3,1,11,41
2024-04-02 22:00:00,20,2,0,1,14,37
2024-04-02 22:10:00,27,5,3,3,6,44
2024-04-02 22:20:00,28,4,1,0,5,38
2024-04-02 22:30:00,14,10,2,0,5,31
2024-04-02 22:40:00,10,0,2,0,6,18
2024-04-02 22:50:00,13,0,1,2,10,26
2024-04-02 23:00:00,11,5,1,0,5,22
2024-04-02 23:10:00,23,1,0,0,2,26
2024-04-02 23:20:00,17,4,0,0,4,25
2024-04-02 23:30:00,15,2,0,0,3,20
2024-04-02 23:40:00,8,0,0,0,6,14
2024-04-02 23:50:00,18,2,0,0,6,26
2024-04-03 00:00:00,10,3,2,0,1,16
2024-04-03 00:10:00,10,2,0,0,2,14
2024-04-03 00:20:00,4,0,0,1,3,8
2024-04-03 00:30:00,6,0,0,0,2,8
2024-04-03 00:40:00,4,0,0,0,4,8
2024-04-03 00:50:00,4,0,1,0,1,6
2024-04-03 01:00:00,9,0,0,1,1,11
2024-04-03 01:10:00,1,2,0,0,2,5
2024-04-03 01:20:00,0,0,0,0,2,2
2024-04-03 01:30:00,3,0,0,0,1,4
2024-04-03 01:40:00,1,1,2,0,0,4
2024-04-03 01:50:00,5,2,0,0,1,8
2024-04-03 02:00:00,2,0,0,0,1,3
2024-04-03 02:10:00,3,0,0,0,1,4
2024-04-03 02:20:00,1,0,1,0,1,3
2024-04-03 02:30:00,2,1,0,0,3,6
2024-04-03 02:40:00,4,0,0,0,2,6
2024-04-03 02:50:00,0,0,1,0,2,3
2024-04-03 03:00:00,2,2,0,0,0,4
2024-04-03 03:10:00,3,0,0,0,1,4
2024-04-03 03:20:00,3,0,0,0,3,6
2024-04-03 03:30:00,2,0,0,0,3,5
2024-04-03 03:40:00,2,0,0,1,1,4
2024-04-03 03:50:00,2,0,2,0,0,4
2024-04-03 04:00:00,1,0,0,1,3,5
2024-04-03 04:10:00,8,0,0,0,2,10
2024-04-03 04:20:00,2,0,2,1,2,7
2024-04-03 04:30:00,0,2,0,1,4,7
2024-04-03 04:40:00,1,0,2,1,2,6
2024-04-03 04:50:00,0,0,0,0,1,1
2024-04-03 05:00:00,3,0,0,2,2,7
2024-04-03 05:10:00,5,0,0,1,8,14
2024-04-03 05:20:00,13,0,3,0,2,18
2024-04-03 05:30:00,3,0,1,2,7,13
2024-04-03 05:40:00,5,0,2,5,8,20
2024-04-03 05:50:00,6,2,2,4,9,23
2024-04-03 06:00:00,5,1,1,1,5,13
2024-04-03 06:10:00,10,2,0,2,9,23
2024-04-03 06:20:00,11,4,6,2,14,37
2024-04-03 06:30:00,7,1,2,1,14,25
2024-04-03 06:40:00,17,1,2,3,15,38
2024-04-03 06:50:00,10,1,6,2,21,40
2024-04-03 07:00:00,14,3,4,3,20,44
2024-04-03 07:10:00,11,3,5,5,25,49
2024-04-03 07:20:00,13,4,8,4,32,61
2024-04-03 07:30:00,21,2,8,6,33,70
2024-04-03 07:40:00,21,3,6,6,29,65
2024-04-03 07:50:00,25,8,3,20,31,87
2024-04-03 08:00:00,20,6,6,10,40,82
2024-04-03 08:10:00,23,3,8,10,27,71
2024-04-03 08:20:00,15,3,9,8,35,70
2024-04-03 08:30:00,26,2,8,2,37,75
2024-04-03 08:40:00,33,1,9,6,41,90
2024-04-03 08:50:00,26,4,7,6,32,75
2024-04-03 09:00:00,18,6,8,6,25,63
2024-04-03 09:10:00,22,7,13,4,30,76
2024-04-03 09:20:00,29,4,7,6,29,75
2024-04-03 09:30:00,20,3,4,2,29,58
2024-04-03 09:40:00,27,10,13,2,30,82
2024-04-03 09:50:00,29,5,7,3,33,77
2024-04-03 10:00:00,28,9,4,3,30,74
2024-04-03 10:10:00,26,4,6,5,38,79
2024-04-03 10:20:00,30,7,2,2,37,78
2024-04-03 10:30:00,22,4,10,5,36,77
2024-04-03 10:40:00,23,7,9,4,37,80
2024-04-03 10:50:00,30,11,6,7,36,90
2024-04-03 11:00:00,31,7,4,3,30,75
2024-04-03 11:10:00,51,5,11,2,22,91
2024-04-03 11:20:00,26,11,8,3,43,91
2024-04-03 11:30:00,22,16,10,6,29,83
2024-04-03 11:40:00,31,4,6,1,35,77
2024-04-03 11:50:00,35,8,11,2,29,85
2024-04-03 12:00:00,32,7,10,2,27,78
2024-04-03 12:10:00,43,22,11,3,34,113
2024-04-03 12:20:00,32,4,7,5,38,86
2024-04-03 12:30:00,30,6,6,3,37,82
2024-04-03 12:40:00,33,13,8,2,30,86
2024-04-03 12:50:00,35,8,6,2,26,77
2024-04-03 13:00:00,26,4,9,0,29,68
2024-04-03 13:10:00,20,6,5,3,27,61
2024-04-03 13:20:00,36,3,3,3,35,80
2024-04-03 13:30:00,39,5,5,2,29,80
2024-04-03 13:40:00,20,7,7,1,31,66
2024-04-03 13:50:00,26,3,6,4,28,67
2024-04-03 14:00:00,34,9,7,3,33,86
2024-04-03 14:10:00,44,7,12,3,33,99
2024-04-03 14:20:00,35,13,12,2,27,89
2024-04-03 14:30:00,18,7,6,3,41,75
2024-04-03 14:40:00,30,5,11,4,30,80
2024-04-03 14:50:00,31,8,7,2,25,73
2024-04-03 15:00:00,29,6,11,2,33,81
2024-04-03 15:10:00,31,2,7,1,24,65
2024-04-03 15:20:00,36,12,7,1,33,89
2024-04-03 15:30:00,32,4,6,3,35,80
2024-04-03 15:40:00,36,6,10,4,28,84
2024-04-03 15:50:00,37,9,5,4,31,86
2024-04-03 16:00:00,35,3,10,4,31,83
2024-04-03 16:10:00,44,7,7,4,28,90
2024-04-03 16:20:00,40,5,9,3,18,75
2024-04-03 16:30:00,31,13,9,3,29,85
2024-04-03 16:40:00,39,8,10,8,33,98
2024-04-03 16:50:00,39,8,7,3,29,86
2024-04-03 17:00:00,34,7,7,5,35,88
2024-04-03 17:10:00,31,11,5,4,30,81
2024-04-03 17:20:00,33,7,8,4,36,88
2024-04-03 17:30:00,33,7,6,2,36,84
2024-04-03 17:40:00,44,14,6,6,38,108
2024-04-03 17:50:00,31,7,10,10,22,80
2024-04-03 18:00:00,34,7,11,2,30,84
2024-04-03 18:10:00,38,10,7,2,34,91
2024-04-03 18:20:00,33,14,3,7,25,82
2024-04-03 18:30:00,37,5,2,1,33,78
2024-04-03 18:40:00,31,13,11,6,21,82
2024-04-03 18:50:00,30,11,12,6,23,82
2024-04-03 19:00:00,31,5,6,5,22,69
2024-04-03 19:10:00,35,12,9,1,24,81
2024-04-03 19:20:00,31,13,14,1,20,79
2024-04-03 19:30:00,29,5,7,5,24,70
2024-04-03 19:40:00,25,8,7,3,25,68
2024-04-03 19:50:00,19,4,5,2,16,46
2024-04-03 20:00:00,20,4,2,1,17,44
2024-04-03 20:10:00,19,4,1,4,13,41
2024-04-03 20:20:00,29,5,0,7,20,61
2024-04-03 20:30:00,25,0,3,0,17,45
2024-04-03 20:40:00,33,8,1,3,19,64
2024-04-03 20:50:00,36,10,3,0,17,66
2024-04-03 21:00:00,32,9,0,1,14,56
2024-04-03 21:10:00,34,9,6,2,18,69
2024-04-03 21:20:00,18,14,2,0,16,50
2024-04-03 21:30:00,27,6,8,0,11,52
2024-04-03 21:40:00,30,6,1,0,16,53
2024-04-03 21:50:00,28,2,1,4,8,43
2024-04-03 22:00:00,9,7,3,2,12,33
2024-04-03 22:10:00,24,2,1,1,18,46
2024-04-03 22:20:00,29,2,1,1,8,41
2024-04-03 22:30:00,15,6,6,4,11,42
2024-04-03 22:40:00,14,5,1,2,5,27
2024-04-03 22:50:00,17,8,0,3,14,42
2024-04-03 23:00:00,13,8,2,0,8,31
2024-04-03 23:10:00,11,10,0,3,7,31
2024-04-03 23:20:00,13,5,2,2,6,28
2024-04-03 23:30:00,8,7,2,1,3,21
2024-04-03 23:40:00,8,6,1,0,5,20
2024-04-03 23:50:00,13,3,1,2,4,23
2024-04-04 00:00:00,7,5,0,0,2,14
2024-04-04 00:10:00,6,1,1,1,3,12
2024-04-04 00:20:00,7,2,0,1,7,17
2024-04-04 00:30:00,5,2,2,3,6,18
2024-04-04 00:40:00,6,1,1,2,2,12
2024-04-04 00:50:00,6,2,0,3,4,15
2024-04-04 01:00:00,3,1,0,1,1,6
2024-04-04 01:10:00,3,2,0,1,4,10
2024-04-04 01:20:00,4,2,0,1,2,9
2024-04-04 01:30:00,4,1,2,1,1,9
2024-04-04 01:40:00,2,0,0,0,1,3
2024-04-04 01:50:00,2,1,0,0,1,4
2024-04-04 02:00:00,4,1,0,0,1,6
2024-04-04 02:10:00,0,0,0,0,1,1
2024-04-04 02:20:00,1,0,0,0,1,2
2024-04-04 02:30:00,1,0,1,1,1,4
2024-04-04 02:40:00,3,1,0,0,1,5
2024-04-04 02:50:00,0,0,0,1,1,2
2024-04-04 03:00:00,3,1,0,0,1,5
2024-04-04 03:10:00,3,0,0,0,1,4
2024-04-04 03:20:00,5,1,1,0,0,7
2024-04-04 03:30:00,1,0,0,0,3,4
2024-04-04 03:40:00,5,0,1,2,3,11
2024-04-04 03:50:00,1,0,0,1,2,4
2024-04-04 04:00:00,1,0,0,0,0,1
2024-04-04 04:10:00,1,0,0,0,3,4
2024-04-04 04:20:00,0,0,0,0,2,2
2024-04-04 04:30:00,2,1,0,1,1,5
2024-04-04 04:40:00,1,0,0,0,2,3
2024-04-04 04:50:00,0,0,0,0,2,2
2024-04-04 05:00:00,3,0,1,2,2,8
2024-04-04 05:10:00,3,1,0,0,6,10
2024-04-04 05:20:00,7,1,0,2,5,15
2024-04-04 05:30:00,2,1,1,0,6,10
2024-04-04 05:40:00,8,2,1,5,9,25
2024-04-04 05:50:00,5,1,2,1,13,22
2024-04-04 06:00:00,8,1,0,1,7,17
2024-04-04 06:10:00,9,2,1,4,9,25
2024-04-04 06:20:00,6,4,2,1,9,22
2024-04-04 06:30:00,3,1,2,3,15,24
2024-04-04 06:40:00,16,0,2,4,19,41
2024-04-04 06:50:00,12,2,3,3,16,36
2024-04-04 07:00:00,11,2,5,5,15,38
2024-04-04 07:10:00,12,2,4,1,27,46
2024-04-04 07:20:00,16,2,11,8,25,62
2024-04-04 07:30:00,20,6,4,6,31,67
2024-04-04 07:40:00,21,3,7,5,36,72
2024-04-04 07:50:00,22,8,4,11,34,79
2024-04-04 08:00:00,28,9,6,10,29,82
2024-04-04 08:10:00,19,4,9,5,20,57
2024-04-04 08:20:00,23,3,11,6,38,81
2024-04-04 08:30:00,35,2,10,7,41,95
2024-04-04 08:40:00,27,5,8,10,31,81
2024-04-04 08:50:00,29,2,7,5,35,78
2024-04-04 09:00:00,18,4,11,6,42,81
2024-04-04 09:10:00,23,5,7,6,32,73
2024-04-04 09:20:00,24,6,6,2,35,73
2024-04-04 09:30:00,22,6,15,3,34,80
2024-04-04 09:40:00,29,6,8,3,30,76
2024-04-04 09:50:00,36,6,10,2,40,94
2024-04-04 10:00:00,31,0,9,4,34,78
2024-04-04 10:10:00,25,7,9,7,27,75
2024-04-04 10:20:00,27,4,5,0,30,66
2024-04-04 10:30:00,35,3,10,2,32,82
2024-04-04 10:40:00,20,8,14,2,32,76
2024-04-04 10:50:00,36,8,11,4,35,94
2024-04-04 11:00:00,24,6,12,3,38,83
2024-04-04 11:10:00,21,5,10,3,35,74
2024-04-04 11:20:00,29,6,7,0,31,73
2024-04-04 11:30:00,39,9,13,4,33,98
2024-04-04 11:40:00,28,10,9,6,21,74
2024-04-04 11:50:00,31,6,8,1,31,77
2024-04-04 12:00:00,40,7,10,3,36,96
2024-04-04 12:10:00,30,10,9,2,31,82
2024-04-04 12:20:00,45,3,8,3,26,85
2024-04-04 12:30:00,32,5,16,1,33,87
2024-04-04 12:40:00,36,5,4,1,31,77
2024-04-04 12:50:00,20,3,7,4,31,65
2024-04-04 13:00:00,26,5,6,3,21,61
2024-04-04 13:10:00,25,5,5,8,22,65
2024-04-04 13:20:00,24,10,6,7,22,69
2024-04-04 13:30:00,27,4,3,0,30,64
2024-04-04 13:40:00,28,9,6,0,22,65
2024-04-04 13:50:00,26,8,8,5,29,76
2024-04-04 14:00:00,29,11,8,4,28,80
2024-04-04 14:10:00,36,6,4,2,28,76
2024-04-04 14:20:00,29,9,10,2,34,84
2024-04-04 14:30:00,28,8,7,3,26,72
2024-04-04 14:40:00,30,4,10,4,27,75
2024-04-04 14:50:00,27,5,12,3,20,67
2024-04-04 15:00:00,34,4,8,7,32,85
2024-04-04 15:10:00,36,7,12,1,27,83
2024-04-04 15:20:00,33,8,4,0,24,69
2024-04-04 15:30:00,30,6,8,3,27,74
2024-04-04 15:40:00,41,11,8,4,38,102
2024-04-04 15:50:00,35,6,12,2,36,91
2024-04-04 16:00:00,45,8,9,6,32,100
2024-04-04 16:10:00,32,8,8,6,34,88
2024-04-04 16:20:00,39,9,6,4,29,87
2024-04-04 16:30:00,35,8,5,3,32,83
2024-04-04 16:40:00,29,9,11,5,21,75
2024-04-04 16:50:00,42,7,11,4,26,90
2024-04-04 17:00:00,38,9,9,5,23,84
2024-04-04 17:10:00,32,3,5,4,32,76
2024-04-04 17:20:00,31,10,11,5,31,88
2024-04-04 17:30:00,37,8,14,2,27,88
2024-04-04 17:40:00,37,7,5,11,35,95
2024-04-04 17:50:00,35,17,7,2,37,98
2024-04-04 18:00:00,49,13,7,3,31,103
2024-04-04 18:10:00,38,13,16,6,37,110
2024-04-04 18:20:00,34,11,10,6,21,82
2024-04-04 18:30:00,27,8,8,1,29,73
2024-04-04 18:40:00,42,10,3,5,35,95
2024-04-04 18:50:00,33,8,7,2,25,75
2024-04-04 19:00:00,33,9,7,4,29,82
2024-04-04 19:10:00,25,7,10,3,26,71
2024-04-04 19:20:00,34,11,8,4,22,79
2024-04-04 19:30:00,35,6,8,4,12,65
2024-04-04 19:40:00,36,4,8,2,25,75
2024-04-04 19:50:00,23,2,11,2,22,60
2024-04-04 20:00:00,28,2,7,5,18,60
2024-04-04 20:10:00,21,4,5,2,18,50
2024-04-04 20:20:00,30,4,5,4,15,58
2024-04-04 20:30:00,30,12,2,2,12,58
2024-04-04 20:40:00,32,10,1,1,17,61
2024-04-04 20:50:00,27,8,3,1,10,49
2024-04-04 21:00:00,35,4,2,4,13,58
2024-04-04 21:10:00,18,6,2,3,10,39
2024-04-04 21:20:00,13,9,0,3,14,39
2024-04-04 21:30:00,18,10,6,8,11,53
2024-04-04 21:40:00,21,8,0,3,12,44
2024-04-04 21:50:00,19,6,0,6,11,42
2024-04-04 22:00:00,13,5,2,0,11,31
2024-04-04 22:10:00,13,5,1,1,19,39
2024-04-04 22:20:00,17,9,0,0,9,35
2024-04-04 22:30:00,18,6,1,3,10,38
2024-04-04 22:40:00,18,6,1,3,9,37
2024-04-04 22:50:00,13,5,1,6,13,38
2024-04-04 23:00:00,10,3,2,1,6,22
2024-04-04 23:10:00,9,3,0,0,7,19
2024-04-04 23:20:00,12,6,1,2,5,26
2024-04-04 23:30:00,13,7,0,1,4,25
2024-04-04 23:40:00,15,4,0,0,4,23
2024-04-04 23:50:00,11,7,1,2,3,24
2024-04-05 00:00:00,6,6,1,1,4,18
2024-04-05 00:10:00,5,3,0,0,4,12
2024-04-05 00:20:00,5,2,2,2,2,13
2024-04-05 00:30:00,8,3,0,1,5,17
2024-04-05 00:40:00,8,6,0,1,1,16
2024-04-05 00:50:00,7,4,1,0,2,14
2024-04-05 01:00:00,6,1,0,1,5,13
2024-04-05 01:10:00,5,4,0,0,2,11
2024-04-05 01:20:00,4,2,0,1,3,10
2024-04-05 01:30:00,2,0,1,2,1,6
2024-04-05 01:40:00,7,1,0,0,2,10
2024-04-05 01:50:00,3,2,0,1,3,9
2024-04-05 02:00:00,0,0,0,0,0,0
