datetime,D51Z,V21Z,V22Z,V52Z,V81Z,V82Z,V113Z,V114Z,Total
2024-03-01 01:00:00,1,5,3,0,0,0,0,0,9
2024-03-01 01:10:00,2,3,2,0,3,4,0,0,14
2024-03-01 01:20:00,0,6,5,0,0,5,0,0,16
2024-03-01 01:30:00,2,5,5,0,1,2,0,0,15
2024-03-01 01:40:00,1,1,2,2,0,2,0,0,8
2024-03-01 01:50:00,0,2,2,0,0,1,0,0,5
2024-03-01 02:00:00,0,1,0,0,0,1,0,0,2
2024-03-01 02:10:00,1,5,2,0,0,2,0,0,10
2024-03-01 02:20:00,0,1,2,0,0,1,0,0,4
2024-03-01 02:30:00,0,0,0,0,0,0,0,0,0
2024-03-01 02:40:00,0,0,0,0,2,0,0,0,2
2024-03-01 02:50:00,0,0,0,0,0,2,0,0,2
2024-03-01 03:00:00,1,2,0,2,1,1,0,0,7
2024-03-01 03:10:00,0,3,1,0,0,0,0,0,4
2024-03-01 03:20:00,0,4,5,0,0,3,0,0,12
2024-03-01 03:30:00,1,3,2,2,0,2,0,0,10
2024-03-01 03:40:00,0,2,1,0,1,0,0,0,4
2024-03-01 03:50:00,1,5,4,0,0,3,0,0,13
2024-03-01 04:00:00,0,2,1,0,2,0,0,0,5
2024-03-01 04:10:00,0,1,0,0,0,4,0,0,5
2024-03-01 04:20:00,1,1,3,0,1,2,0,0,8
2024-03-01 04:30:00,1,2,1,0,0,2,0,0,6
2024-03-01 04:40:00,1,1,0,1,0,2,0,0,5
2024-03-01 04:50:00,0,1,0,0,2,0,0,0,3
2024-03-01 05:00:00,0,5,2,0,0,3,0,0,10
2024-03-01 05:10:00,1,5,5,0,1,6,0,0,18
2024-03-01 05:20:00,0,5,5,0,0,8,0,0,18
2024-03-01 05:30:00,1,6,5,0,2,4,0,0,18
2024-03-01 05:40:00,1,9,2,0,2,7,0,0,21
2024-03-01 05:50:00,0,8,3,0,1,8,0,0,20
2024-03-01 06:00:00,1,6,2,0,4,9,0,0,22
2024-03-01 06:10:00,1,13,4,0,7,13,0,0,38
2024-03-01 06:20:00,4,17,6,8,5,16,0,0,56
2024-03-01 06:30:00,3,12,10,4,5,18,0,0,52
2024-03-01 06:40:00,6,17,3,10,6,21,0,0,63
2024-03-01 06:50:00,6,19,6,3,7,30,0,0,71
2024-03-01 07:00:00,11,15,11,10,14,39,0,0,100
2024-03-01 07:10:00,15,23,6,2,16,42,0,0,104
2024-03-01 07:20:00,23,21,15,8,24,45,0,0,136
2024-03-01 07:30:00,20,30,11,13,28,43,0,0,145
2024-03-01 07:40:00,16,35,18,13,22,37,0,0,141
2024-03-01 07:50:00,14,29,13,13,20,26,0,0,115
2024-03-01 08:00:00,22,39,10,13,21,46,0,0,151
2024-03-01 08:10:00,11,39,19,9,10,34,0,0,122
2024-03-01 08:20:00,17,22,12,15,11,37,0,0,114
2024-03-01 08:30:00,13,29,10,12,8,32,0,0,104
2024-03-01 08:40:00,12,32,18,9,6,29,0,0,106
2024-03-01 08:50:00,8,39,15,4,18,38,0,0,122
2024-03-01 09:00:00,14,34,10,11,10,40,0,0,119
2024-03-01 09:10:00,10,35,12,7,5,34,0,0,103
2024-03-01 09:20:00,9,37,13,5,7,40,0,0,111
2024-03-01 09:30:00,11,27,5,8,2,41,0,0,94
2024-03-01 09:40:00,16,29,17,13,16,40,0,0,131
2024-03-01 09:50:00,19,39,17,16,14,38,0,0,143
2024-03-01 10:00:00,8,28,8,5,9,28,0,0,86
2024-03-01 10:10:00,12,41,11,11,5,39,0,0,119
2024-03-01 10:20:00,14,31,6,9,11,41,0,0,112
2024-03-01 10:30:00,9,27,7,5,16,38,0,0,102
2024-03-01 10:40:00,9,35,16,5,33,50,0,0,148
2024-03-01 10:50:00,12,30,9,11,4,43,0,0,109
2024-03-01 11:00:00,6,34,10,6,2,46,0,0,104
2024-03-01 11:10:00,10,49,17,3,5,46,0,0,130
2024-03-01 11:20:00,15,38,16,3,7,52,0,0,131
2024-03-01 11:30:00,14,32,13,11,7,44,0,0,121
2024-03-01 11:40:00,11,44,17,8,11,44,0,0,135
2024-03-01 11:50:00,14,46,15,11,15,46,0,0,147
2024-03-01 12:00:00,20,37,14,8,9,41,0,0,129
2024-03-01 12:10:00,14,38,24,10,5,42,0,0,133
2024-03-01 12:20:00,17,42,16,9,16,43,0,0,143
2024-03-01 12:30:00,21,52,24,20,14,42,0,0,173
2024-03-01 12:40:00,18,40,14,12,9,46,0,0,139
2024-03-01 12:50:00,10,42,17,4,4,43,0,0,120
2024-03-01 13:00:00,12,45,19,8,5,31,0,0,120
2024-03-01 13:10:00,7,38,24,8,8,46,0,0,131
2024-03-01 13:20:00,16,62,28,12,8,42,0,0,168
2024-03-01 13:30:00,14,55,30,6,7,33,0,0,145
2024-03-01 13:40:00,16,38,21,13,4,42,0,0,134
2024-03-01 13:50:00,12,49,23,11,10,42,0,0,147
2024-03-01 14:00:00,9,42,12,8,5,34,0,0,110
2024-03-01 14:10:00,12,53,20,11,4,40,0,0,140
2024-03-01 14:20:00,10,51,16,4,12,39,0,0,132
2024-03-01 14:30:00,9,53,26,8,5,42,0,0,143
2024-03-01 14:40:00,13,50,15,10,7,34,0,0,129
2024-03-01 14:50:00,14,44,24,12,6,34,0,0,134
2024-03-01 15:00:00,14,36,19,6,9,27,0,0,111
2024-03-01 15:10:00,11,48,17,9,9,38,0,0,132
2024-03-01 15:20:00,12,40,22,11,6,32,0,0,123
2024-03-01 15:30:00,13,44,22,9,7,40,0,0,135
2024-03-01 15:40:00,12,38,17,7,11,42,0,0,127
2024-03-01 15:50:00,16,46,24,13,9,30,0,0,138
2024-03-01 16:00:00,14,41,18,11,11,34,0,0,129
2024-03-01 16:10:00,12,45,24,8,15,32,0,0,136
2024-03-01 16:20:00,15,45,17,16,12,34,0,0,139
2024-03-01 16:30:00,18,48,25,14,9,30,0,0,144
2024-03-01 16:40:00,10,44,21,15,14,33,0,0,137
2024-03-01 16:50:00,13,58,26,5,9,31,0,0,142
2024-03-01 17:00:00,12,55,30,9,12,41,0,0,159
2024-03-01 17:10:00,14,38,20,9,10,33,0,0,124
2024-03-01 17:20:00,17,45,22,10,9,37,0,0,140
2024-03-01 17:30:00,16,45,19,7,12,29,0,0,128
2024-03-01 17:40:00,13,40,18,10,14,31,0,0,126
2024-03-01 17:50:00,18,51,25,10,13,49,0,0,166
2024-03-01 18:00:00,8,48,20,9,10,34,0,0,129
2024-03-01 18:10:00,10,44,14,11,12,39,0,0,130
2024-03-01 18:20:00,14,40,28,7,9,35,0,0,133
2024-03-01 18:30:00,9,52,26,10,5,43,0,0,145
2024-03-01 18:40:00,16,52,18,12,9,40,0,0,147
2024-03-01 18:50:00,11,58,33,6,1,30,0,0,139
2024-03-01 19:00:00,11,45,27,9,6,30,0,0,128
2024-03-01 19:10:00,11,42,18,8,9,38,0,0,126
2024-03-01 19:20:00,6,37,24,7,3,27,0,0,104
2024-03-01 19:30:00,11,40,31,8,6,25,0,0,121
2024-03-01 19:40:00,9,48,21,8,6,32,0,0,124
2024-03-01 19:50:00,5,32,24,5,5,23,0,0,94
2024-03-01 20:00:00,8,42,17,11,7,14,0,0,99
2024-03-01 20:10:00,6,37,14,0,3,25,0,0,85
2024-03-01 20:20:00,4,40,13,4,2,24,0,0,87
2024-03-01 20:30:00,5,22,11,3,3,12,0,0,56
2024-03-01 20:40:00,7,23,13,7,2,16,0,0,68
2024-03-01 20:50:00,6,29,18,3,2,15,0,0,73
2024-03-01 21:00:00,3,37,21,2,1,13,0,0,77
2024-03-01 21:10:00,4,30,17,2,1,10,0,0,64
2024-03-01 21:20:00,4,29,13,0,2,16,0,0,64
2024-03-01 21:30:00,4,22,10,0,0,12,0,0,48
2024-03-01 21:40:00,6,39,20,2,0,12,0,0,79
2024-03-01 21:50:00,5,39,24,3,0,12,0,0,83
2024-03-01 22:00:00,3,26,8,0,1,13,0,0,51
2024-03-01 22:10:00,2,29,17,1,2,14,0,0,65
2024-03-01 22:20:00,3,30,12,3,1,16,0,0,65
2024-03-01 22:30:00,5,37,20,1,0,8,0,0,71
2024-03-01 22:40:00,2,29,13,1,2,14,0,0,61
2024-03-01 22:50:00,6,22,19,4,5,6,0,0,62
2024-03-01 23:00:00,4,13,10,1,1,10,0,0,39
2024-03-01 23:10:00,2,19,13,0,2,11,0,0,47
2024-03-01 23:20:00,1,20,13,0,0,6,0,0,40
2024-03-01 23:30:00,4,19,11,0,1,1,0,0,36
2024-03-01 23:40:00,4,15,5,0,1,9,0,0,34
2024-03-01 23:50:00,4,25,16,0,1,11,0,0,57
2024-03-02 00:00:00,3,15,8,1,2,6,0,0,35
2024-03-02 00:10:00,2,14,10,0,0,6,0,0,32
2024-03-02 00:20:00,2,13,3,0,2,9,0,0,29
2024-03-02 00:30:00,1,16,10,2,0,7,0,0,36
2024-03-02 00:40:00,2,13,12,0,1,10,0,0,38
2024-03-02 00:50:00,0,9,5,0,0,4,0,0,18
2024-03-02 01:00:00,0,11,3,0,0,4,0,0,18
2024-03-02 01:10:00,0,7,5,0,0,3,0,0,15
2024-03-02 01:20:00,2,6,7,1,1,7,0,0,24
2024-03-02 01:30:00,1,4,2,0,0,5,0,0,12
2024-03-02 01:40:00,0,6,6,0,0,4,0,0,16
2024-03-02 01:50:00,0,9,5,0,1,2,0,0,17
2024-03-02 02:00:00,0,11,8,0,0,6,0,0,25
2024-03-02 02:10:00,0,4,2,0,0,3,0,0,9
2024-03-02 02:20:00,1,5,7,0,2,3,0,0,18
2024-03-02 02:30:00,0,10,10,0,1,1,0,0,22
2024-03-02 02:40:00,0,8,2,0,2,2,0,0,14
2024-03-02 02:50:00,2,6,5,0,2,4,0,0,19
2024-03-02 03:00:00,2,3,1,1,0,3,0,0,10
2024-03-02 03:10:00,0,5,0,0,0,5,0,0,10
2024-03-02 03:20:00,1,3,1,0,1,3,0,0,9
2024-03-02 03:30:00,0,4,3,0,0,0,0,0,7
2024-03-02 03:40:00,0,10,6,0,0,2,0,0,18
2024-03-02 03:50:00,1,4,6,0,0,0,0,0,11
2024-03-02 04:00:00,0,2,3,0,2,0,0,0,7
2024-03-02 04:10:00,0,4,0,0,0,3,0,0,7
2024-03-02 04:20:00,0,4,3,0,0,2,0,0,9
2024-03-02 04:30:00,0,3,3,0,1,2,0,0,9
2024-03-02 04:40:00,0,1,0,0,0,0,0,0,1
2024-03-02 04:50:00,1,2,2,2,1,4,0,0,12
2024-03-02 05:00:00,0,2,1,0,0,4,0,0,7
2024-03-02 05:10:00,2,0,1,3,0,2,0,0,8
2024-03-02 05:20:00,0,3,1,0,0,3,0,0,7
2024-03-02 05:30:00,0,2,0,0,0,3,0,0,5
2024-03-02 05:40:00,0,5,4,0,1,2,0,0,12
2024-03-02 05:50:00,0,5,1,0,0,1,0,0,7
2024-03-02 06:00:00,0,4,3,0,0,2,0,0,9
2024-03-02 06:10:00,0,2,1,0,0,2,0,0,5
2024-03-02 06:20:00,2,2,1,3,1,4,0,0,13
2024-03-02 06:30:00,1,4,0,0,1,9,0,0,15
2024-03-02 06:40:00,1,8,2,1,1,7,0,0,20
2024-03-02 06:50:00,2,7,6,2,0,7,0,0,24
2024-03-02 07:00:00,2,4,0,2,0,11,0,0,19
2024-03-02 07:10:00,2,6,1,0,1,7,0,0,17
2024-03-02 07:20:00,1,5,0,0,0,10,0,0,16
2024-03-02 07:30:00,1,8,6,1,2,13,0,0,31
2024-03-02 07:40:00,0,12,4,0,0,6,0,0,22
2024-03-02 07:50:00,7,7,9,5,0,19,0,0,47
2024-03-02 08:00:00,6,14,5,6,1,17,0,0,49
2024-03-02 08:10:00,9,14,4,7,4,19,0,0,57
2024-03-02 08:20:00,8,12,6,5,0,23,0,0,54
2024-03-02 08:30:00,9,20,7,4,17,23,0,0,80
2024-03-02 08:40:00,7,30,5,8,12,15,0,0,77
2024-03-02 08:50:00,7,30,4,5,5,37,0,0,88
2024-03-02 09:00:00,12,21,10,9,6,29,0,0,87
2024-03-02 09:10:00,11,28,6,6,5,21,0,0,77
2024-03-02 09:20:00,3,22,3,3,8,33,0,0,72
2024-03-02 09:30:00,9,31,4,5,13,34,0,0,96
2024-03-02 09:40:00,11,34,12,10,8,45,0,0,120
2024-03-02 09:50:00,16,34,11,15,11,30,0,0,117
2024-03-02 10:00:00,14,33,15,12,8,38,0,0,120
2024-03-02 10:10:00,12,42,12,10,17,30,0,0,123
2024-03-02 10:20:00,14,42,13,10,8,26,0,0,113
2024-03-02 10:30:00,13,36,9,9,4,33,0,0,104
2024-03-02 10:40:00,12,34,14,8,7,42,0,0,117
2024-03-02 10:50:00,9,35,17,6,9,33,0,0,109
2024-03-02 11:00:00,18,39,16,12,7,32,0,0,124
2024-03-02 11:10:00,16,32,10,12,5,31,0,0,106
2024-03-02 11:20:00,17,32,9,17,5,25,0,0,105
2024-03-02 11:30:00,8,32,13,9,2,49,0,0,113
2024-03-02 11:40:00,10,33,17,8,9,27,0,0,104
2024-03-02 11:50:00,8,42,7,7,5,35,0,0,104
2024-03-02 12:00:00,10,36,8,9,2,32,0,0,97
2024-03-02 12:10:00,11,38,13,7,8,47,0,0,124
2024-03-02 12:20:00,8,35,12,6,13,38,0,0,112
2024-03-02 12:30:00,14,46,15,10,7,40,0,0,132
2024-03-02 12:40:00,12,34,11,7,12,34,0,0,110
2024-03-02 12:50:00,19,58,16,11,6,60,0,0,170
2024-03-02 13:00:00,12,59,15,8,8,60,0,0,162
2024-03-02 13:10:00,11,42,22,7,10,51,0,0,143
2024-03-02 13:20:00,15,39,14,10,12,34,0,0,124
2024-03-02 13:30:00,10,43,18,8,8,13,0,0,100
2024-03-02 13:40:00,13,40,32,8,12,9,0,0,114
2024-03-02 13:50:00,13,40,69,9,14,6,0,0,151
2024-03-02 14:00:00,15,43,19,13,18,6,0,0,114
2024-03-02 14:10:00,9,40,19,10,6,10,0,0,94
2024-03-02 14:20:00,11,38,22,5,13,25,0,0,114
2024-03-02 14:30:00,9,48,32,8,12,42,0,0,151
2024-03-02 14:40:00,7,45,40,7,11,36,0,0,146
2024-03-02 14:50:00,6,38,23,4,5,32,0,0,108
2024-03-02 15:00:00,11,43,26,12,14,44,0,0,150
2024-03-02 15:10:00,14,46,42,10,27,27,0,0,166
2024-03-02 15:20:00,10,44,34,5,32,37,0,0,162
2024-03-02 15:30:00,13,48,32,5,46,29,0,0,173
2024-03-02 15:40:00,9,44,17,2,35,37,0,0,144
2024-03-02 15:50:00,12,42,22,6,10,25,0,0,117
2024-03-02 16:00:00,8,41,25,5,16,29,0,0,124
2024-03-02 16:10:00,10,38,22,5,6,37,0,0,118
2024-03-02 16:20:00,19,35,12,12,8,28,0,0,114
2024-03-02 16:30:00,11,40,20,6,9,24,0,0,110
2024-03-02 16:40:00,12,25,10,8,6,26,0,0,87
2024-03-02 16:50:00,10,26,7,8,4,32,0,0,87
2024-03-02 17:00:00,8,43,11,6,14,32,0,0,114
2024-03-02 17:10:00,15,38,16,11,9,38,0,0,127
2024-03-02 17:20:00,14,42,18,7,6,31,0,0,118
2024-03-02 17:30:00,8,41,17,5,6,33,0,0,110
2024-03-02 17:40:00,10,57,23,8,5,35,0,0,138
2024-03-02 17:50:00,10,56,31,7,9,24,0,0,137
2024-03-02 18:00:00,6,49,30,4,7,30,0,0,126
2024-03-02 18:10:00,12,34,20,7,4,40,0,0,117
2024-03-02 18:20:00,12,45,16,11,8,30,0,0,122
2024-03-02 18:30:00,6,49,7,9,7,36,0,0,114
2024-03-02 18:40:00,11,53,29,14,3,30,0,0,140
2024-03-02 18:50:00,13,58,33,19,5,31,0,0,159
2024-03-02 19:00:00,10,47,25,3,6,37,0,0,128
2024-03-02 19:10:00,10,47,22,7,0,27,0,0,113
2024-03-02 19:20:00,10,47,29,5,5,25,0,0,121
2024-03-02 19:30:00,10,36,24,19,8,32,0,0,129
2024-03-02 19:40:00,9,35,19,7,1,16,0,0,87
2024-03-02 19:50:00,3,28,19,2,2,22,0,0,76
2024-03-02 20:00:00,5,30,19,5,1,22,0,0,82
2024-03-02 20:10:00,8,33,25,6,0,24,0,0,96
2024-03-02 20:20:00,10,31,12,13,6,18,0,0,90
2024-03-02 20:30:00,13,41,24,13,2,21,0,0,114
2024-03-02 20:40:00,5,40,23,5,1,21,0,0,95
2024-03-02 20:50:00,5,28,14,0,2,20,0,0,69
2024-03-02 21:00:00,4,34,20,2,0,14,0,0,74
2024-03-02 21:10:00,2,30,19,2,0,13,0,0,66
2024-03-02 21:20:00,4,29,19,4,1,13,0,0,70
2024-03-02 21:30:00,6,23,14,2,2,9,0,0,56
2024-03-02 21:40:00,2,25,8,2,1,15,0,0,53
2024-03-02 21:50:00,2,16,4,0,2,11,0,0,35
2024-03-02 22:00:00,4,20,12,1,3,15,0,0,55
2024-03-02 22:10:00,4,24,11,3,1,10,0,0,53
2024-03-02 22:20:00,5,24,11,4,3,19,0,0,66
2024-03-02 22:30:00,5,31,20,0,4,9,0,0,69
2024-03-02 22:40:00,4,21,13,2,0,7,0,0,47
2024-03-02 22:50:00,7,16,6,5,5,12,0,0,51
2024-03-02 23:00:00,2,28,17,2,0,7,0,0,56
2024-03-02 23:10:00,3,23,8,5,0,10,0,0,49
2024-03-02 23:20:00,5,24,10,1,0,13,0,0,53
2024-03-02 23:30:00,1,12,10,0,0,9,0,0,32
2024-03-02 23:40:00,1,14,7,0,2,6,0,0,30
2024-03-02 23:50:00,3,10,6,0,0,8,0,0,27
2024-03-03 00:00:00,7,27,13,3,0,8,0,0,58
2024-03-03 00:10:00,1,8,7,1,3,11,0,0,31
2024-03-03 00:20:00,2,16,9,2,1,7,0,0,37
2024-03-03 00:30:00,3,16,12,1,0,1,0,0,33
2024-03-03 00:40:00,1,14,9,0,1,7,0,0,32
2024-03-03 00:50:00,2,18,13,0,1,15,0,0,49
2024-03-03 01:00:00,1,11,7,1,0,1,0,0,21
2024-03-03 01:10:00,1,9,6,0,1,6,0,0,23
2024-03-03 01:20:00,0,19,12,0,1,5,0,0,37
2024-03-03 01:30:00,1,9,1,1,0,6,0,0,18
2024-03-03 01:40:00,2,7,2,0,1,8,0,0,20
2024-03-03 01:50:00,2,10,6,2,0,4,0,0,24
2024-03-03 02:00:00,1,10,6,1,1,5,0,0,24
2024-03-03 02:10:00,0,10,9,0,1,4,0,0,24
2024-03-03 02:20:00,0,5,3,0,0,8,0,0,16
2024-03-03 02:30:00,0,3,1,0,0,3,0,0,7
2024-03-03 02:40:00,0,2,1,0,0,2,0,0,5
2024-03-03 02:50:00,0,9,5,0,0,3,0,0,17
2024-03-03 03:00:00,0,7,5,0,0,2,0,0,14
2024-03-03 03:10:00,0,4,5,0,0,4,0,0,13
2024-03-03 03:20:00,1,9,10,0,0,1,0,0,21
2024-03-03 03:30:00,0,8,3,0,0,5,0,0,16
2024-03-03 03:40:00,1,1,1,0,1,3,0,0,7
2024-03-03 03:50:00,0,4,2,0,1,3,0,0,10
2024-03-03 04:00:00,0,8,5,0,0,2,0,0,15
2024-03-03 04:10:00,0,6,3,0,0,0,0,0,9
2024-03-03 04:20:00,0,3,2,0,0,1,0,0,6
2024-03-03 04:30:00,0,1,1,0,0,1,0,0,3
2024-03-03 04:40:00,1,3,2,2,1,3,0,0,12
2024-03-03 04:50:00,0,1,0,0,0,1,0,0,2
2024-03-03 05:00:00,0,4,2,0,0,0,0,0,6
2024-03-03 05:10:00,1,3,2,1,0,4,0,0,11
2024-03-03 05:20:00,0,0,0,0,0,4,0,0,4
2024-03-03 05:30:00,0,3,2,0,0,2,0,0,7
2024-03-03 05:40:00,0,6,3,0,2,2,0,0,13
2024-03-03 05:50:00,1,3,2,0,0,1,0,0,7
2024-03-03 06:00:00,0,3,6,0,1,2,0,0,12
2024-03-03 06:10:00,0,0,0,0,0,4,0,0,4
2024-03-03 06:20:00,0,3,0,0,0,1,0,0,4
2024-03-03 06:30:00,1,1,0,0,2,6,0,0,10
2024-03-03 06:40:00,0,9,4,0,0,1,0,0,14
2024-03-03 06:50:00,1,3,0,1,0,5,0,0,10
2024-03-03 07:00:00,0,4,2,0,0,2,0,0,8
2024-03-03 07:10:00,2,2,0,1,2,6,0,0,13
2024-03-03 07:20:00,0,4,2,0,0,3,0,0,9
2024-03-03 07:30:00,2,4,0,2,2,3,0,0,13
2024-03-03 07:40:00,1,4,1,1,1,4,0,0,12
2024-03-03 07:50:00,2,6,1,3,0,4,0,0,16
2024-03-03 08:00:00,1,4,1,2,0,2,0,0,10
2024-03-03 08:10:00,6,10,5,1,2,7,0,0,31
2024-03-03 08:20:00,4,13,6,3,1,13,0,0,40
2024-03-03 08:30:00,3,14,4,1,4,7,0,0,33
2024-03-03 08:40:00,10,11,2,5,7,17,0,0,52
2024-03-03 08:50:00,10,6,3,6,22,15,0,0,62
2024-03-03 09:00:00,8,9,4,6,1,18,0,0,46
2024-03-03 09:10:00,10,16,3,6,2,25,0,0,62
2024-03-03 09:20:00,13,20,6,7,8,20,0,0,74
2024-03-03 09:30:00,9,22,9,6,6,28,0,0,80
2024-03-03 09:40:00,10,24,6,9,3,29,0,0,81
2024-03-03 09:50:00,13,16,5,11,10,21,0,0,76
2024-03-03 10:00:00,11,22,5,7,8,19,0,0,72
2024-03-03 10:10:00,9,27,15,4,8,30,0,0,93
2024-03-03 10:20:00,6,17,4,5,8,21,0,0,61
2024-03-03 10:30:00,9,20,5,16,6,25,0,0,81
2024-03-03 10:40:00,9,31,18,6,7,20,0,0,91
2024-03-03 10:50:00,8,23,5,8,2,25,0,0,71
2024-03-03 11:00:00,16,30,10,9,8,27,0,0,100
2024-03-03 11:10:00,14,31,16,8,6,16,0,0,91
2024-03-03 11:20:00,14,21,7,10,5,46,0,0,103
2024-03-03 11:30:00,6,29,6,4,3,30,0,0,78
2024-03-03 11:40:00,11,31,12,8,11,23,0,0,96
2024-03-03 11:50:00,10,26,15,10,3,21,0,0,85
2024-03-03 12:00:00,15,36,14,6,1,26,0,0,98
2024-03-03 12:10:00,11,27,7,7,10,26,0,0,88
2024-03-03 12:20:00,10,31,10,5,9,30,0,0,95
2024-03-03 12:30:00,10,37,13,4,3,31,0,0,98
2024-03-03 12:40:00,10,30,4,9,8,31,0,0,92
2024-03-03 12:50:00,8,49,8,6,4,25,0,0,100
2024-03-03 13:00:00,10,26,11,10,9,14,0,0,80
2024-03-03 13:10:00,11,48,22,15,3,33,0,0,132
2024-03-03 13:20:00,8,33,14,7,7,27,0,0,96
2024-03-03 13:30:00,13,52,21,14,7,27,0,0,134
2024-03-03 13:40:00,11,34,10,11,5,21,0,0,92
2024-03-03 13:50:00,9,36,23,8,9,29,0,0,114
2024-03-03 14:00:00,12,39,20,10,9,28,0,0,118
2024-03-03 14:10:00,9,37,16,7,5,28,0,0,102
2024-03-03 14:20:00,12,42,29,9,6,30,0,0,128
2024-03-03 14:30:00,12,33,13,9,20,42,0,0,129
2024-03-03 14:40:00,10,47,39,10,10,29,0,0,145
2024-03-03 14:50:00,12,47,41,5,39,30,0,0,174
2024-03-03 15:00:00,10,33,13,11,22,22,0,0,111
2024-03-03 15:10:00,13,33,26,10,4,28,0,0,114
2024-03-03 15:20:00,14,38,29,9,12,36,0,0,138
2024-03-03 15:30:00,8,37,22,11,7,22,0,0,107
2024-03-03 15:40:00,9,39,17,8,18,25,0,0,116
2024-03-03 15:50:00,5,37,30,2,5,35,0,0,114
2024-03-03 16:00:00,11,35,22,12,24,35,0,0,139
2024-03-03 16:10:00,10,36,17,10,39,34,0,0,146
2024-03-03 16:20:00,13,35,25,9,12,44,0,0,138
2024-03-03 16:30:00,9,33,20,15,25,27,0,0,129
2024-03-03 16:40:00,11,20,11,7,13,33,0,0,95
2024-03-03 16:50:00,9,47,17,5,8,17,0,0,103
2024-03-03 17:00:00,17,27,13,11,8,22,0,0,98
2024-03-03 17:10:00,16,34,6,11,17,26,0,0,110
2024-03-03 17:20:00,16,30,16,12,8,28,0,0,110
2024-03-03 17:30:00,9,31,22,7,9,29,0,0,107
2024-03-03 17:40:00,12,38,11,7,15,24,0,0,107
2024-03-03 17:50:00,12,34,10,8,14,36,0,0,114
2024-03-03 18:00:00,10,18,9,1,16,35,0,0,89
2024-03-03 18:10:00,18,40,16,13,7,30,0,0,124
2024-03-03 18:20:00,11,27,12,9,11,29,0,0,99
2024-03-03 18:30:00,11,27,12,10,9,32,0,0,101
2024-03-03 18:40:00,8,35,18,13,0,37,0,0,111
2024-03-03 18:50:00,5,37,13,5,1,25,0,0,86
2024-03-03 19:00:00,9,28,10,8,8,22,0,0,85
2024-03-03 19:10:00,6,27,8,7,2,26,0,0,76
2024-03-03 19:20:00,8,18,9,4,7,19,0,0,65
2024-03-03 19:30:00,6,26,6,5,2,20,0,0,65
2024-03-03 19:40:00,6,41,13,8,1,14,0,0,83
2024-03-03 19:50:00,4,25,11,1,6,18,0,0,65
2024-03-03 20:00:00,9,44,18,5,5,17,0,0,98
2024-03-03 20:10:00,10,24,23,5,4,11,0,0,77
2024-03-03 20:20:00,7,24,11,3,0,15,0,0,60
2024-03-03 20:30:00,6,20,13,6,3,21,0,0,69
2024-03-03 20:40:00,5,16,6,3,3,16,0,0,49
2024-03-03 20:50:00,4,22,18,2,2,13,0,0,61
2024-03-03 21:00:00,6,25,19,3,0,14,0,0,67
2024-03-03 21:10:00,5,24,15,1,2,13,0,0,60
2024-03-03 21:20:00,4,34,7,3,3,6,0,0,57
2024-03-03 21:30:00,2,15,3,0,1,5,0,0,26
2024-03-03 21:40:00,2,11,5,1,1,7,0,0,27
2024-03-03 21:50:00,6,18,9,3,1,10,0,0,47
2024-03-03 22:00:00,1,11,5,0,0,10,0,0,27
2024-03-03 22:10:00,4,31,20,3,0,7,0,0,65
2024-03-03 22:20:00,3,22,16,0,0,6,0,0,47
2024-03-03 22:30:00,2,9,2,2,0,4,0,0,19
2024-03-03 22:40:00,2,10,6,0,0,8,0,0,26
2024-03-03 22:50:00,5,2,2,6,1,6,0,0,22
2024-03-03 23:00:00,2,12,4,1,0,4,0,0,23
2024-03-03 23:10:00,1,5,1,0,0,4,0,0,11
2024-03-03 23:20:00,1,7,3,0,0,2,0,0,13
2024-03-03 23:30:00,0,1,3,0,0,1,0,0,5
2024-03-03 23:40:00,1,7,5,2,1,1,0,0,17
2024-03-03 23:50:00,2,4,2,0,3,5,0,0,16
2024-03-04 00:00:00,0,2,3,0,0,3,0,0,8
2024-03-04 00:10:00,0,6,5,0,0,1,0,0,12
2024-03-04 00:20:00,0,5,3,0,0,3,0,0,11
2024-03-04 00:30:00,0,2,2,0,0,1,0,0,5
2024-03-04 00:40:00,0,0,0,0,0,3,0,0,3
2024-03-04 00:50:00,0,1,1,0,0,1,0,0,3
2024-03-04 01:00:00,0,4,3,0,0,3,0,0,10
2024-03-04 01:10:00,1,2,1,2,0,2,0,0,8
2024-03-04 01:20:00,0,2,3,0,0,2,0,0,7
2024-03-04 01:30:00,3,2,3,5,2,2,0,0,17
2024-03-04 01:40:00,0,1,0,0,0,0,0,0,1
2024-03-04 01:50:00,0,4,1,0,0,1,0,0,6
2024-03-04 02:00:00,0,1,1,0,1,0,0,0,3
2024-03-04 02:10:00,0,1,0,0,0,1,0,0,2
2024-03-04 02:20:00,0,1,0,0,0,2,0,0,3
2024-03-04 02:30:00,0,3,2,0,0,0,0,0,5
2024-03-04 02:40:00,0,2,1,0,2,0,0,0,5
2024-03-04 02:50:00,0,1,1,0,0,1,0,0,3
2024-03-04 03:00:00,0,1,1,0,0,0,0,0,2
2024-03-04 03:10:00,0,1,0,0,0,0,0,0,1
2024-03-04 03:20:00,0,2,1,0,0,0,0,0,3
2024-03-04 03:30:00,0,0,0,0,0,1,0,0,1
2024-03-04 03:40:00,0,1,0,0,0,0,0,0,1
2024-03-04 03:50:00,0,0,0,0,1,0,0,0,1
2024-03-04 04:00:00,1,4,1,2,0,1,0,0,9
2024-03-04 04:10:00,1,2,3,0,0,0,0,0,6
2024-03-04 04:20:00,0,0,0,0,1,2,0,0,3
2024-03-04 04:30:00,0,0,0,0,0,1,0,0,1
2024-03-04 04:40:00,0,1,2,0,0,1,0,0,4
2024-03-04 04:50:00,1,3,2,0,0,2,0,0,8
2024-03-04 05:00:00,0,3,2,0,0,3,0,0,8
2024-03-04 05:10:00,1,11,6,1,1,13,0,0,33
2024-03-04 05:20:00,0,1,1,0,0,5,0,0,7
2024-03-04 05:30:00,0,5,1,0,3,6,0,0,15
2024-03-04 05:40:00,2,2,1,4,9,8,0,0,26
2024-03-04 05:50:00,1,11,3,2,4,9,0,0,30
2024-03-04 06:00:00,2,7,6,0,11,13,0,0,39
2024-03-04 06:10:00,2,10,1,5,1,12,0,0,31
2024-03-04 06:20:00,3,19,3,4,4,15,0,0,48
2024-03-04 06:30:00,5,16,6,5,5,18,0,0,55
2024-03-04 06:40:00,5,18,5,5,9,20,0,0,62
2024-03-04 06:50:00,10,15,6,5,12,28,0,0,76
2024-03-04 07:00:00,8,13,10,6,15,40,0,0,92
2024-03-04 07:10:00,15,32,28,9,20,43,0,0,147
2024-03-04 07:20:00,18,37,14,37,23,39,0,0,168
2024-03-04 07:30:00,15,45,24,9,18,41,0,0,152
2024-03-04 07:40:00,14,27,12,13,35,52,0,0,153
2024-03-04 07:50:00,21,34,29,16,10,39,0,0,149
2024-03-04 08:00:00,11,30,14,7,21,37,0,0,120
2024-03-04 08:10:00,16,44,18,14,20,39,0,0,151
2024-03-04 08:20:00,18,36,12,15,10,37,0,0,128
2024-03-04 08:30:00,18,45,22,14,9,54,0,0,162
2024-03-04 08:40:00,11,36,19,7,7,40,0,0,120
2024-03-04 08:50:00,16,40,8,10,5,41,0,0,120
2024-03-04 09:00:00,10,29,13,7,7,34,0,0,100
2024-03-04 09:10:00,8,34,8,7,6,32,0,0,95
2024-03-04 09:20:00,8,33,6,7,10,37,0,0,101
2024-03-04 09:30:00,7,30,14,5,4,38,0,0,98
2024-03-04 09:40:00,9,47,11,7,9,42,0,0,125
2024-03-04 09:50:00,12,30,12,11,6,43,0,0,114
2024-03-04 10:00:00,5,16,9,5,4,42,0,0,81
2024-03-04 10:10:00,7,38,18,6,6,38,0,0,113
2024-03-04 10:20:00,10,30,13,7,8,35,0,0,103
2024-03-04 10:30:00,2,37,11,2,4,36,0,0,92
2024-03-04 10:40:00,9,49,15,7,6,30,0,0,116
2024-03-04 10:50:00,8,37,12,17,9,28,0,0,111
2024-03-04 11:00:00,6,38,14,6,3,46,0,0,113
2024-03-04 11:10:00,12,34,18,10,12,43,0,0,129
2024-03-04 11:20:00,11,36,12,6,6,35,0,0,106
2024-03-04 11:30:00,8,44,13,7,6,49,0,0,127
2024-03-04 11:40:00,9,34,12,10,13,32,0,0,110
2024-03-04 11:50:00,12,33,14,33,9,30,0,0,131
2024-03-04 12:00:00,10,47,23,9,6,42,0,0,137
2024-03-04 12:10:00,12,44,16,10,11,34,0,0,127
2024-03-04 12:20:00,8,37,19,6,10,40,0,0,120
2024-03-04 12:30:00,15,43,23,8,7,45,0,0,141
2024-03-04 12:40:00,8,41,21,7,10,36,0,0,123
2024-03-04 12:50:00,15,37,21,10,11,28,0,0,122
2024-03-04 13:00:00,13,34,14,12,8,55,0,0,136
2024-03-04 13:10:00,14,45,28,9,15,25,0,0,136
2024-03-04 13:20:00,8,44,24,6,13,38,0,0,133
2024-03-04 13:30:00,9,38,18,28,4,32,0,0,129
2024-03-04 13:40:00,12,37,7,10,10,38,0,0,114
2024-03-04 13:50:00,15,49,22,10,8,27,0,0,131
2024-03-04 14:00:00,13,40,15,18,6,68,0,0,160
2024-03-04 14:10:00,15,30,17,6,10,27,0,0,105
2024-03-04 14:20:00,15,31,16,12,9,38,0,0,121
2024-03-04 14:30:00,11,30,15,7,11,35,0,0,109
2024-03-04 14:40:00,17,39,16,15,5,38,0,0,130
2024-03-04 14:50:00,16,46,22,10,10,36,0,0,140
2024-03-04 15:00:00,20,39,13,10,11,37,0,0,130
2024-03-04 15:10:00,15,31,15,12,12,46,0,0,131
2024-03-04 15:20:00,10,54,20,9,5,34,0,0,132
2024-03-04 15:30:00,8,35,10,8,9,30,0,0,100
2024-03-04 15:40:00,12,43,18,7,19,39,0,0,138
2024-03-04 15:50:00,6,45,19,5,8,35,0,0,118
2024-03-04 16:00:00,15,40,12,12,9,38,0,0,126
2024-03-04 16:10:00,9,47,14,8,8,32,0,0,118
2024-03-04 16:20:00,11,41,20,8,8,36,0,0,124
2024-03-04 16:30:00,12,48,17,10,9,41,0,0,137
2024-03-04 16:40:00,13,49,17,7,10,35,0,0,131
2024-03-04 16:50:00,11,43,19,6,10,36,0,0,125
2024-03-04 17:00:00,14,60,30,11,9,28,0,0,152
2024-03-04 17:10:00,11,47,16,8,15,32,0,0,129
2024-03-04 17:20:00,11,52,20,12,8,33,0,0,136
2024-03-04 17:30:00,14,47,22,9,7,36,0,0,135
2024-03-04 17:40:00,14,47,15,12,11,35,0,0,134
2024-03-04 17:50:00,13,33,14,7,14,24,0,0,105
2024-03-04 18:00:00,9,28,15,6,22,24,0,0,104
2024-03-04 18:10:00,15,37,33,5,13,31,0,0,134
2024-03-04 18:20:00,16,55,42,4,12,24,0,0,153
2024-03-04 18:30:00,10,50,27,12,11,34,0,0,144
2024-03-04 18:40:00,11,38,20,6,8,48,0,0,131
2024-03-04 18:50:00,12,55,38,12,9,27,0,0,153
2024-03-04 19:00:00,12,28,13,4,8,30,0,0,95
2024-03-04 19:10:00,9,32,11,8,8,31,0,0,99
2024-03-04 19:20:00,11,43,21,8,9,36,0,0,128
2024-03-04 19:30:00,7,30,12,7,2,30,0,0,88
2024-03-04 19:40:00,12,33,18,7,7,26,0,0,103
2024-03-04 19:50:00,8,43,22,5,0,13,0,0,91
2024-03-04 20:00:00,8,22,11,2,4,19,0,0,66
2024-03-04 20:10:00,8,32,26,0,2,14,0,0,82
2024-03-04 20:20:00,4,28,20,1,2,13,0,0,68
2024-03-04 20:30:00,4,32,20,5,3,23,0,0,87
2024-03-04 20:40:00,8,25,17,2,4,23,0,0,79
2024-03-04 20:50:00,2,21,10,0,0,17,0,0,50
2024-03-04 21:00:00,4,24,19,3,3,16,0,0,69
2024-03-04 21:10:00,7,26,12,6,4,12,0,0,67
2024-03-04 21:20:00,6,19,12,3,2,21,0,0,63
2024-03-04 21:30:00,5,32,15,1,5,11,0,0,69
2024-03-04 21:40:00,4,21,11,2,4,10,0,0,52
2024-03-04 21:50:00,4,23,13,0,0,15,0,0,55
2024-03-04 22:00:00,3,16,10,4,0,12,0,0,45
2024-03-04 22:10:00,6,21,13,7,3,12,0,0,62
2024-03-04 22:20:00,2,24,11,1,1,15,0,0,54
2024-03-04 22:30:00,2,27,17,3,1,5,0,0,55
2024-03-04 22:40:00,2,27,15,0,1,3,0,0,48
2024-03-04 22:50:00,0,15,10,0,0,5,0,0,30
2024-03-04 23:00:00,3,20,11,0,3,5,0,0,42
2024-03-04 23:10:00,3,10,6,2,0,8,0,0,29
2024-03-04 23:20:00,1,7,8,2,0,2,0,0,20
2024-03-04 23:30:00,0,6,2,0,0,6,0,0,14
2024-03-04 23:40:00,1,9,5,0,0,3,0,0,18
2024-03-04 23:50:00,0,6,5,0,0,3,0,0,14
2024-03-05 00:00:00,1,5,6,0,1,3,0,0,16
2024-03-05 00:10:00,1,5,3,2,0,1,0,0,12
2024-03-05 00:20:00,0,7,3,0,0,2,0,0,12
2024-03-05 00:30:00,0,1,0,0,0,0,0,0,1
2024-03-05 00:40:00,0,2,3,0,0,0,0,0,5
2024-03-05 00:50:00,1,6,4,0,0,2,0,0,13
2024-03-05 01:00:00,1,3,2,2,0,1,0,0,9
2024-03-05 01:10:00,1,3,3,0,0,0,0,0,7
2024-03-05 01:20:00,1,0,0,1,0,4,0,0,6
2024-03-05 01:30:00,1,2,0,1,0,0,0,0,4
2024-03-05 01:40:00,1,1,2,0,0,1,0,0,5
2024-03-05 01:50:00,0,5,4,0,1,2,0,0,12
2024-03-05 02:00:00,0,1,0,0,0,1,0,0,2
2024-03-05 02:10:00,0,2,0,0,0,1,0,0,3
2024-03-05 02:20:00,0,1,0,0,0,0,0,0,1
2024-03-05 02:30:00,0,2,1,0,0,0,0,0,3
2024-03-05 02:40:00,0,3,1,0,1,1,0,0,6
2024-03-05 02:50:00,0,0,0,0,0,0,0,0,0
2024-03-05 03:00:00,0,2,1,0,0,0,0,0,3
2024-03-05 03:10:00,0,5,2,0,0,0,0,0,7
2024-03-05 03:20:00,0,3,0,0,1,0,0,0,4
2024-03-05 03:30:00,0,3,2,0,0,1,0,0,6
2024-03-05 03:40:00,0,1,1,0,1,0,0,0,3
2024-03-05 03:50:00,0,0,1,0,1,2,0,0,4
2024-03-05 04:00:00,1,4,2,1,0,0,0,0,8
2024-03-05 04:10:00,0,2,4,0,0,2,0,0,8
2024-03-05 04:20:00,1,2,1,2,1,1,0,0,8
2024-03-05 04:30:00,0,1,1,0,0,1,0,0,3
2024-03-05 04:40:00,0,1,0,0,3,1,0,0,5
2024-03-05 04:50:00,0,3,-1,0,1,1,0,0,4
2024-03-05 05:00:00,2,1,1,2,3,5,0,0,14
2024-03-05 05:10:00,1,3,3,1,3,9,0,0,20
2024-03-05 05:20:00,1,9,11,1,1,2,0,0,25
2024-03-05 05:30:00,0,4,2,0,4,11,0,0,21
2024-03-05 05:40:00,2,5,2,0,8,10,0,0,27
2024-03-05 05:50:00,3,8,4,3,7,10,0,0,35
2024-03-05 06:00:00,2,5,6,2,6,8,0,0,29
2024-03-05 06:10:00,3,11,6,4,8,14,0,0,46
2024-03-05 06:20:00,2,19,4,3,2,18,0,0,48
2024-03-05 06:30:00,1,20,6,0,7,17,0,0,51
2024-03-05 06:40:00,5,24,5,6,7,24,0,0,71
2024-03-05 06:50:00,4,16,8,2,4,26,0,0,60
2024-03-05 07:00:00,7,10,7,8,14,38,0,0,84
2024-03-05 07:10:00,13,23,8,7,18,38,0,0,107
2024-03-05 07:20:00,16,25,14,10,23,44,0,0,132
2024-03-05 07:30:00,21,25,8,17,26,59,0,0,156
2024-03-05 07:40:00,19,46,12,14,31,43,0,0,165
2024-03-05 07:50:00,16,39,19,10,19,47,0,0,150
2024-03-05 08:00:00,20,23,21,16,22,38,0,0,140
2024-03-05 08:10:00,19,28,17,16,23,46,0,0,149
2024-03-05 08:20:00,13,39,22,14,15,49,0,0,152
2024-03-05 08:30:00,13,32,21,12,18,43,0,0,139
2024-03-05 08:40:00,20,32,22,17,11,39,0,0,141
2024-03-05 08:50:00,17,33,14,14,10,37,0,0,125
2024-03-05 09:00:00,11,21,7,9,11,39,0,0,98
2024-03-05 09:10:00,12,32,9,12,6,48,0,0,119
2024-03-05 09:20:00,17,33,15,10,7,36,0,0,118
2024-03-05 09:30:00,16,37,13,10,6,40,0,0,122
2024-03-05 09:40:00,14,33,18,10,19,27,0,0,121
2024-03-05 09:50:00,9,38,14,9,7,47,0,0,124
2024-03-05 10:00:00,15,33,11,9,17,32,0,0,117
2024-03-05 10:10:00,10,34,17,8,8,38,0,0,115
2024-03-05 10:20:00,15,36,11,11,11,50,0,0,134
2024-03-05 10:30:00,12,32,20,9,13,39,0,0,125
2024-03-05 10:40:00,9,32,18,12,8,34,0,0,113
2024-03-05 10:50:00,5,33,20,4,7,32,0,0,101
2024-03-05 11:00:00,8,35,12,7,7,26,0,0,95
2024-03-05 11:10:00,9,40,16,11,8,31,0,0,115
2024-03-05 11:20:00,8,46,14,5,6,31,0,0,110
2024-03-05 11:30:00,9,37,11,8,6,37,0,0,108
2024-03-05 11:40:00,8,42,12,6,7,38,0,0,113
2024-03-05 11:50:00,9,32,10,7,12,37,0,0,107
2024-03-05 12:00:00,4,47,15,4,5,36,0,0,111
2024-03-05 12:10:00,9,32,17,7,9,35,0,0,109
2024-03-05 12:20:00,9,44,13,5,10,33,0,0,114
2024-03-05 12:30:00,7,37,17,3,11,33,0,0,108
2024-03-05 12:40:00,6,28,9,4,12,39,0,0,98
2024-03-05 12:50:00,11,39,10,10,9,35,0,0,114
2024-03-05 13:00:00,10,45,22,8,8,30,0,0,123
2024-03-05 13:10:00,9,46,14,8,5,34,0,0,116
2024-03-05 13:20:00,10,39,19,6,8,31,0,0,113
2024-03-05 13:30:00,17,36,18,8,10,38,0,0,127
2024-03-05 13:40:00,9,36,14,9,8,38,0,0,114
2024-03-05 13:50:00,18,40,12,17,8,24,0,0,119
2024-03-05 14:00:00,6,41,14,5,2,26,0,0,94
2024-03-05 14:10:00,9,45,15,5,10,29,0,0,113
2024-03-05 14:20:00,13,37,22,6,12,47,0,0,137
2024-03-05 14:30:00,13,28,12,11,6,37,0,0,107
2024-03-05 14:40:00,12,48,13,34,11,36,0,0,154
2024-03-05 14:50:00,15,35,19,10,6,30,0,0,115
2024-03-05 15:00:00,13,48,17,7,11,42,0,0,138
2024-03-05 15:10:00,14,41,16,9,5,43,0,0,128
2024-03-05 15:20:00,13,42,14,8,8,35,0,0,120
2024-03-05 15:30:00,13,45,21,12,8,43,0,0,142
2024-03-05 15:40:00,11,43,19,8,5,33,0,0,119
2024-03-05 15:50:00,17,47,22,10,12,39,0,0,147
2024-03-05 16:00:00,14,43,19,11,5,32,0,0,124
2024-03-05 16:10:00,15,43,17,11,16,35,0,0,137
2024-03-05 16:20:00,10,60,23,5,6,40,0,0,144
2024-03-05 16:30:00,11,49,25,8,7,28,0,0,128
2024-03-05 16:40:00,9,42,16,8,7,39,0,0,121
2024-03-05 16:50:00,13,47,20,7,8,48,0,0,143
2024-03-05 17:00:00,12,57,24,10,6,37,0,0,146
2024-03-05 17:10:00,14,59,22,9,7,39,0,0,150
2024-03-05 17:20:00,13,35,18,11,11,42,0,0,130
2024-03-05 17:30:00,10,51,26,7,10,46,0,0,150
2024-03-05 17:40:00,18,38,13,15,11,35,0,0,130
2024-03-05 17:50:00,15,52,33,12,12,39,0,0,163
2024-03-05 18:00:00,16,48,23,13,15,35,0,0,150
2024-03-05 18:10:00,17,57,26,5,6,30,0,0,141
2024-03-05 18:20:00,11,51,27,5,7,31,0,0,132
2024-03-05 18:30:00,12,44,20,12,3,30,0,0,121
2024-03-05 18:40:00,15,49,32,9,10,43,0,0,158
2024-03-05 18:50:00,14,52,23,6,7,32,0,0,134
2024-03-05 19:00:00,14,42,38,7,10,33,0,0,144
2024-03-05 19:10:00,9,51,32,2,3,35,0,0,132
2024-03-05 19:20:00,14,45,39,12,5,18,0,0,133
2024-03-05 19:30:00,7,31,18,5,2,18,0,0,81
2024-03-05 19:40:00,12,47,29,6,2,29,0,0,125
2024-03-05 19:50:00,11,34,28,7,8,19,0,0,107
2024-03-05 20:00:00,6,35,18,5,3,24,0,0,91
2024-03-05 20:10:00,8,33,27,4,8,17,0,0,97
2024-03-05 20:20:00,5,34,14,1,3,16,0,0,73
2024-03-05 20:30:00,8,35,21,5,4,12,0,0,85
2024-03-05 20:40:00,7,31,16,7,1,21,0,0,83
2024-03-05 20:50:00,7,26,10,5,3,9,0,0,60
2024-03-05 21:00:00,7,32,18,1,2,14,0,0,74
2024-03-05 21:10:00,4,27,17,2,0,17,0,0,67
2024-03-05 21:20:00,1,21,14,0,4,11,0,0,51
2024-03-05 21:30:00,2,26,19,0,2,16,0,0,65
2024-03-05 21:40:00,3,15,11,1,1,16,0,0,47
2024-03-05 21:50:00,2,22,11,0,2,11,0,0,48
2024-03-05 22:00:00,3,19,6,3,1,9,0,0,41
2024-03-05 22:10:00,2,27,17,0,3,10,0,0,59
2024-03-05 22:20:00,4,19,11,0,1,5,0,0,40
2024-03-05 22:30:00,4,29,14,2,0,15,0,0,64
2024-03-05 22:40:00,1,26,16,0,0,11,0,0,54
2024-03-05 22:50:00,3,14,7,3,2,3,0,0,32
2024-03-05 23:00:00,4,19,12,1,3,5,0,0,44
2024-03-05 23:10:00,2,20,9,0,0,11,0,0,42
2024-03-05 23:20:00,2,13,8,0,0,6,0,0,29
2024-03-05 23:30:00,1,12,5,2,1,3,0,0,24
2024-03-05 23:40:00,1,4,4,0,0,0,0,0,9
2024-03-05 23:50:00,3,10,10,0,0,1,0,0,24
2024-03-06 00:00:00,0,1,1,0,0,3,0,0,5
2024-03-06 00:10:00,0,5,1,0,0,3,0,0,9
2024-03-06 00:20:00,0,5,7,0,0,1,0,0,13
2024-03-06 00:30:00,0,4,2,0,3,1,0,0,10
2024-03-06 00:40:00,0,2,2,0,0,2,0,0,6
2024-03-06 00:50:00,0,6,1,0,0,1,0,0,8
2024-03-06 01:00:00,0,4,3,0,0,1,0,0,8
2024-03-06 01:10:00,1,3,3,1,0,1,0,0,9
2024-03-06 01:20:00,0,1,0,0,0,2,0,0,3
2024-03-06 01:30:00,0,5,3,0,0,2,0,0,10
2024-03-06 01:40:00,2,2,0,2,1,1,0,0,8
2024-03-06 01:50:00,0,3,4,0,0,2,0,0,9
2024-03-06 02:00:00,0,3,3,0,0,2,0,0,8
2024-03-06 02:10:00,0,1,1,0,0,1,0,0,3
2024-03-06 02:20:00,1,3,2,2,0,0,0,0,8
2024-03-06 02:30:00,0,0,0,0,0,0,0,0,0
2024-03-06 02:40:00,0,4,2,0,0,0,0,0,6
2024-03-06 02:50:00,0,2,0,0,0,2,0,0,4
2024-03-06 03:00:00,0,1,1,0,0,2,0,0,4
2024-03-06 03:10:00,0,1,0,0,0,1,0,0,2
2024-03-06 03:20:00,0,6,5,0,0,0,0,0,11
2024-03-06 03:30:00,0,2,0,0,0,1,0,0,3
2024-03-06 03:40:00,1,2,2,0,2,2,0,0,9
2024-03-06 03:50:00,0,0,0,0,0,2,0,0,2
2024-03-06 04:00:00,0,5,5,0,0,0,0,0,10
2024-03-06 04:10:00,0,2,0,0,0,2,0,0,4
2024-03-06 04:20:00,0,2,2,0,0,2,0,0,6
2024-03-06 04:30:00,0,1,1,0,1,2,0,0,5
2024-03-06 04:40:00,1,0,0,2,0,1,0,0,4
2024-03-06 04:50:00,0,2,4,0,0,1,0,0,7
2024-03-06 05:00:00,1,1,0,0,1,4,0,0,7
2024-03-06 05:10:00,1,3,4,2,2,5,0,0,17
2024-03-06 05:20:00,2,9,2,1,0,3,0,0,17
2024-03-06 05:30:00,0,6,4,0,5,6,0,0,21
2024-03-06 05:40:00,1,4,2,0,6,12,0,0,25
2024-03-06 05:50:00,5,11,4,7,8,9,0,0,44
2024-03-06 06:00:00,5,8,5,6,10,16,0,0,50
2024-03-06 06:10:00,2,7,4,1,6,14,0,0,34
2024-03-06 06:20:00,3,16,9,4,4,21,0,0,57
2024-03-06 06:30:00,1,11,5,0,1,17,0,0,35
2024-03-06 06:40:00,5,20,6,4,3,17,0,0,55
2024-03-06 06:50:00,3,15,3,2,5,33,0,0,61
2024-03-06 07:00:00,13,10,7,8,14,41,0,0,93
2024-03-06 07:10:00,16,21,12,8,23,43,0,0,123
2024-03-06 07:20:00,13,28,9,11,28,47,0,0,136
2024-03-06 07:30:00,19,34,20,16,37,43,0,0,169
2024-03-06 07:40:00,17,32,10,11,23,37,0,0,130
2024-03-06 07:50:00,13,38,11,10,13,47,0,0,132
2024-03-06 08:00:00,23,33,11,20,15,33,0,0,135
2024-03-06 08:10:00,24,37,14,12,22,42,0,0,151
2024-03-06 08:20:00,16,32,14,8,11,43,0,0,124
2024-03-06 08:30:00,12,27,13,12,12,48,0,0,124
2024-03-06 08:40:00,12,36,8,13,15,34,0,0,118
2024-03-06 08:50:00,14,38,12,11,3,44,0,0,122
2024-03-06 09:00:00,10,21,15,12,16,36,0,0,110
2024-03-06 09:10:00,14,31,10,9,9,36,0,0,109
2024-03-06 09:20:00,7,33,16,6,3,33,0,0,98
2024-03-06 09:30:00,13,25,7,11,7,46,0,0,109
2024-03-06 09:40:00,11,33,17,8,8,49,0,0,126
2024-03-06 09:50:00,11,34,18,14,7,38,0,0,122
2024-03-06 10:00:00,11,29,10,9,8,32,0,0,99
2024-03-06 10:10:00,16,29,6,49,5,35,0,0,140
2024-03-06 10:20:00,9,25,16,4,12,36,0,0,102
2024-03-06 10:30:00,8,35,9,5,11,40,0,0,108
2024-03-06 10:40:00,11,39,16,11,8,25,0,0,110
2024-03-06 10:50:00,8,38,12,6,4,33,0,0,101
2024-03-06 11:00:00,8,27,5,6,6,34,0,0,86
2024-03-06 11:10:00,10,40,14,7,3,34,0,0,108
2024-03-06 11:20:00,9,37,15,6,16,42,0,0,125
2024-03-06 11:30:00,15,29,11,11,8,34,0,0,108
2024-03-06 11:40:00,11,40,15,10,3,39,0,0,118
2024-03-06 11:50:00,12,45,15,8,5,38,0,0,123
2024-03-06 12:00:00,7,42,17,6,6,46,0,0,124
2024-03-06 12:10:00,10,34,42,8,14,40,0,0,148
2024-03-06 12:20:00,10,49,24,5,6,37,0,0,131
2024-03-06 12:30:00,14,44,9,6,12,35,0,0,120
2024-03-06 12:40:00,11,40,12,11,13,27,0,0,114
2024-03-06 12:50:00,5,43,15,5,4,35,0,0,107
2024-03-06 13:00:00,12,46,21,11,2,39,0,0,131
2024-03-06 13:10:00,8,34,14,10,9,32,0,0,107
2024-03-06 13:20:00,10,34,17,7,8,45,0,0,121
2024-03-06 13:30:00,9,43,17,6,7,28,0,0,110
2024-03-06 13:40:00,13,42,14,11,7,41,0,0,128
2024-03-06 13:50:00,16,40,14,11,4,40,0,0,125
2024-03-06 14:00:00,12,41,14,8,4,22,0,0,101
2024-03-06 14:10:00,9,38,23,4,5,41,0,0,120
2024-03-06 14:20:00,14,36,23,12,5,33,0,0,123
2024-03-06 14:30:00,18,31,19,10,8,33,0,0,119
2024-03-06 14:40:00,9,37,15,5,7,40,0,0,113
2024-03-06 14:50:00,11,34,21,9,8,39,0,0,122
2024-03-06 15:00:00,11,34,18,7,13,38,0,0,121
2024-03-06 15:10:00,7,42,17,7,9,30,0,0,112
2024-03-06 15:20:00,7,43,17,6,10,43,0,0,126
2024-03-06 15:30:00,8,61,21,6,14,28,0,0,138
2024-03-06 15:40:00,11,43,23,4,9,37,0,0,127
2024-03-06 15:50:00,11,41,13,7,13,34,0,0,119
2024-03-06 16:00:00,13,52,28,10,7,37,0,0,147
2024-03-06 16:10:00,15,41,25,9,9,29,0,0,128
2024-03-06 16:20:00,8,49,26,7,11,52,0,0,153
2024-03-06 16:30:00,11,43,20,7,12,35,0,0,128
2024-03-06 16:40:00,16,41,22,11,8,35,0,0,133
2024-03-06 16:50:00,7,52,23,6,8,35,0,0,131
2024-03-06 17:00:00,16,49,30,11,6,28,0,0,140
2024-03-06 17:10:00,19,67,30,8,15,49,0,0,188
2024-03-06 17:20:00,15,50,28,8,11,47,0,0,159
2024-03-06 17:30:00,11,46,21,8,8,31,0,0,125
2024-03-06 17:40:00,11,37,18,5,11,37,0,0,119
2024-03-06 17:50:00,13,50,13,10,13,33,0,0,132
2024-03-06 18:00:00,14,43,27,8,13,34,0,0,139
2024-03-06 18:10:00,16,59,23,11,14,41,0,0,164
2024-03-06 18:20:00,14,32,25,8,10,31,0,0,120
2024-03-06 18:30:00,16,61,31,10,13,34,0,0,165
2024-03-06 18:40:00,11,32,24,13,11,32,0,0,123
2024-03-06 18:50:00,13,53,28,12,6,29,0,0,141
2024-03-06 19:00:00,16,28,12,17,7,33,0,0,113
2024-03-06 19:10:00,10,42,28,5,8,36,0,0,129
2024-03-06 19:20:00,8,42,19,6,5,31,0,0,111
2024-03-06 19:30:00,11,32,23,14,3,23,0,0,106
2024-03-06 19:40:00,13,36,26,14,5,26,0,0,120
2024-03-06 19:50:00,7,38,27,2,3,16,0,0,93
2024-03-06 20:00:00,3,43,19,2,3,24,0,0,94
2024-03-06 20:10:00,6,24,18,5,4,22,0,0,79
2024-03-06 20:20:00,7,37,16,6,1,16,0,0,83
2024-03-06 20:30:00,6,32,19,4,4,19,0,0,84
2024-03-06 20:40:00,5,36,11,3,3,12,0,0,70
2024-03-06 20:50:00,4,27,8,4,2,14,0,0,59
2024-03-06 21:00:00,3,31,15,3,0,15,0,0,67
2024-03-06 21:10:00,6,16,5,0,6,8,0,0,41
2024-03-06 21:20:00,4,26,21,4,4,17,0,0,76
2024-03-06 21:30:00,2,25,14,0,1,12,0,0,54
2024-03-06 21:40:00,2,24,18,0,2,19,0,0,65
2024-03-06 21:50:00,3,18,8,0,2,23,0,0,54
2024-03-06 22:00:00,6,32,13,3,3,14,0,0,71
2024-03-06 22:10:00,4,29,18,1,1,15,0,0,68
2024-03-06 22:20:00,5,33,14,2,4,8,0,0,66
2024-03-06 22:30:00,1,25,12,0,0,10,0,0,48
2024-03-06 22:40:00,4,20,9,2,3,6,0,0,44
2024-03-06 22:50:00,2,25,7,3,1,8,0,0,46
2024-03-06 23:00:00,2,22,13,0,1,8,0,0,46
2024-03-06 23:10:00,1,13,4,0,1,5,0,0,24
2024-03-06 23:20:00,1,15,8,0,3,6,0,0,33
2024-03-06 23:30:00,0,9,7,0,0,8,0,0,24
2024-03-06 23:40:00,0,4,2,0,0,2,0,0,8
2024-03-06 23:50:00,2,12,1,0,1,4,0,0,20
2024-03-07 00:00:00,0,2,2,0,0,1,0,0,5
2024-03-07 00:10:00,2,8,7,2,0,5,0,0,24
2024-03-07 00:20:00,1,8,4,1,0,5,0,0,19
2024-03-07 00:30:00,0,5,2,0,0,0,0,0,7
2024-03-07 00:40:00,1,10,5,1,0,8,0,0,25
2024-03-07 00:50:00,0,4,3,0,0,3,0,0,10
2024-03-07 01:00:00,0,2,0,0,0,2,0,0,4
2024-03-07 01:10:00,1,3,2,1,0,2,0,0,9
2024-03-07 01:20:00,0,5,6,0,0,4,0,0,15
2024-03-07 01:30:00,0,1,2,0,0,1,0,0,4
2024-03-07 01:40:00,1,1,1,0,0,1,0,0,4
2024-03-07 01:50:00,1,3,2,2,0,0,0,0,8
2024-03-07 02:00:00,0,4,6,0,0,2,0,0,12
2024-03-07 02:10:00,1,1,2,2,0,1,0,0,7
2024-03-07 02:20:00,0,3,2,0,0,1,0,0,6
2024-03-07 02:30:00,0,5,0,0,0,1,0,0,6
2024-03-07 02:40:00,0,3,3,0,1,1,0,0,8
2024-03-07 02:50:00,0,3,3,0,1,3,0,0,10
2024-03-07 03:00:00,0,2,1,0,0,0,0,0,3
2024-03-07 03:10:00,0,1,0,0,0,2,0,0,3
2024-03-07 03:20:00,0,7,7,0,1,0,0,0,15
2024-03-07 03:30:00,0,2,3,0,0,2,0,0,7
2024-03-07 03:40:00,0,0,0,0,0,1,0,0,1
2024-03-07 03:50:00,0,0,0,0,1,2,0,0,3
2024-03-07 04:00:00,0,3,1,0,0,1,0,0,5
2024-03-07 04:10:00,0,0,0,0,0,1,0,0,1
2024-03-07 04:20:00,0,3,1,0,1,2,0,0,7
2024-03-07 04:30:00,0,1,2,0,0,2,0,0,5
2024-03-07 04:40:00,0,0,1,0,0,0,0,0,1
2024-03-07 04:50:00,0,0,0,0,0,1,0,0,1
2024-03-07 05:00:00,1,3,4,2,1,6,0,0,17
2024-03-07 05:10:00,1,5,4,1,2,8,0,0,21
2024-03-07 05:20:00,0,8,3,0,3,1,0,0,15
2024-03-07 05:30:00,2,1,2,1,4,6,0,0,16
2024-03-07 05:40:00,2,4,2,3,5,10,0,0,26
2024-03-07 05:50:00,3,6,5,4,5,6,0,0,29
2024-03-07 06:00:00,1,11,9,2,7,13,0,0,43
2024-03-07 06:10:00,2,5,2,2,6,12,0,0,29
2024-03-07 06:20:00,3,14,5,3,3,17,0,0,45
2024-03-07 06:30:00,2,11,4,3,2,20,0,0,42
2024-03-07 06:40:00,4,14,5,3,8,21,0,0,55
2024-03-07 06:50:00,4,14,7,3,10,25,0,0,63
2024-03-07 07:00:00,12,20,9,7,14,34,0,0,96
2024-03-07 07:10:00,12,29,13,10,23,48,0,0,135
2024-03-07 07:20:00,14,24,5,15,24,39,0,0,121
2024-03-07 07:30:00,18,34,19,14,22,55,0,0,162
2024-03-07 07:40:00,13,42,19,10,21,44,0,0,149
2024-03-07 07:50:00,16,29,6,15,26,42,0,0,134
2024-03-07 08:00:00,15,33,11,19,27,35,0,0,140
2024-03-07 08:10:00,16,29,8,14,17,51,0,0,135
2024-03-07 08:20:00,16,34,15,11,21,39,0,0,136
2024-03-07 08:30:00,15,29,15,13,12,49,0,0,133
2024-03-07 08:40:00,13,34,23,9,23,51,0,0,153
2024-03-07 08:50:00,11,32,17,5,13,34,0,0,112
2024-03-07 09:00:00,12,41,11,11,10,37,0,0,122
2024-03-07 09:10:00,8,33,12,7,9,37,0,0,106
2024-03-07 09:20:00,14,28,16,12,11,34,0,0,115
2024-03-07 09:30:00,9,27,17,8,3,47,0,0,111
2024-03-07 09:40:00,18,29,12,17,5,38,0,0,119
2024-03-07 09:50:00,13,38,17,8,9,53,0,0,138
2024-03-07 10:00:00,12,43,14,8,9,35,0,0,121
2024-03-07 10:10:00,12,31,14,7,12,36,0,0,112
2024-03-07 10:20:00,15,31,7,7,9,36,0,0,105
2024-03-07 10:30:00,15,27,10,11,10,40,0,0,113
2024-03-07 10:40:00,10,48,18,9,10,49,0,0,144
2024-03-07 10:50:00,16,42,11,11,6,40,0,0,126
2024-03-07 11:00:00,8,46,21,3,16,49,0,0,143
2024-03-07 11:10:00,10,38,11,9,6,36,0,0,110
2024-03-07 11:20:00,12,43,13,10,10,49,0,0,137
2024-03-07 11:30:00,10,33,15,16,14,33,0,0,121
2024-03-07 11:40:00,15,55,23,8,8,44,0,0,153
2024-03-07 11:50:00,11,41,20,10,5,41,0,0,128
2024-03-07 12:00:00,9,46,20,6,7,33,0,0,121
2024-03-07 12:10:00,14,42,13,11,7,43,0,0,130
2024-03-07 12:20:00,11,35,13,10,12,34,0,0,115
2024-03-07 12:30:00,9,41,12,7,8,35,0,0,112
2024-03-07 12:40:00,12,43,30,4,10,37,0,0,136
2024-03-07 12:50:00,14,40,21,11,9,44,0,0,139
2024-03-07 13:00:00,10,43,16,10,11,45,0,0,135
2024-03-07 13:10:00,9,41,20,8,4,38,0,0,120
2024-03-07 13:20:00,16,56,22,12,7,37,0,0,150
2024-03-07 13:30:00,13,35,22,7,11,33,0,0,121
2024-03-07 13:40:00,13,47,14,14,9,32,0,0,129
2024-03-07 13:50:00,7,34,23,6,7,36,0,0,113
2024-03-07 14:00:00,7,37,27,6,9,39,0,0,125
2024-03-07 14:10:00,6,38,61,5,4,43,0,0,157
2024-03-07 14:20:00,7,35,16,6,9,41,0,0,114
2024-03-07 14:30:00,12,35,12,10,9,28,0,0,106
2024-03-07 14:40:00,16,43,16,12,20,39,0,0,146
2024-03-07 14:50:00,14,59,22,12,8,48,0,0,163
2024-03-07 15:00:00,14,41,16,6,9,40,0,0,126
2024-03-07 15:10:00,11,62,21,10,10,39,0,0,153
2024-03-07 15:20:00,12,47,13,8,8,44,0,0,132
2024-03-07 15:30:00,13,50,24,10,5,39,0,0,141
2024-03-07 15:40:00,11,42,13,7,9,50,0,0,132
2024-03-07 15:50:00,12,40,23,11,12,42,0,0,140
2024-03-07 16:00:00,14,53,29,13,9,43,0,0,161
2024-03-07 16:10:00,13,40,18,10,12,37,0,0,130
2024-03-07 16:20:00,20,40,23,12,13,39,0,0,147
2024-03-07 16:30:00,9,46,18,12,10,52,0,0,147
2024-03-07 16:40:00,11,47,22,8,11,46,0,0,145
2024-03-07 16:50:00,11,45,25,8,10,40,0,0,139
2024-03-07 17:00:00,14,54,15,10,14,37,0,0,144
2024-03-07 17:10:00,8,48,21,7,9,52,0,0,145
2024-03-07 17:20:00,17,34,14,11,17,35,0,0,128
2024-03-07 17:30:00,12,43,14,9,8,47,0,0,133
2024-03-07 17:40:00,9,60,27,7,12,36,0,0,151
2024-03-07 17:50:00,12,43,20,11,14,36,0,0,136
2024-03-07 18:00:00,14,39,26,16,7,39,0,0,141
2024-03-07 18:10:00,14,34,19,10,12,31,0,0,120
2024-03-07 18:20:00,10,46,35,7,16,36,0,0,150
2024-03-07 18:30:00,11,63,27,8,13,34,0,0,156
2024-03-07 18:40:00,15,44,24,13,10,36,0,0,142
2024-03-07 18:50:00,15,38,31,14,8,37,0,0,143
2024-03-07 19:00:00,12,42,23,6,7,37,0,0,127
2024-03-07 19:10:00,15,52,40,7,8,24,0,0,146
2024-03-07 19:20:00,9,54,24,8,2,33,0,0,130
2024-03-07 19:30:00,15,37,13,8,9,30,0,0,112
2024-03-07 19:40:00,10,38,17,9,3,21,0,0,98
2024-03-07 19:50:00,8,44,20,7,2,18,0,0,99
2024-03-07 20:00:00,12,50,29,5,3,11,0,0,110
2024-03-07 20:10:00,8,47,26,2,10,19,0,0,112
2024-03-07 20:20:00,7,32,20,5,1,21,0,0,86
2024-03-07 20:30:00,4,26,14,0,0,17,0,0,61
2024-03-07 20:40:00,4,29,23,2,0,17,0,0,75
2024-03-07 20:50:00,6,23,11,2,3,11,0,0,56
2024-03-07 21:00:00,8,31,14,6,2,11,0,0,72
2024-03-07 21:10:00,6,19,15,2,1,15,0,0,58
2024-03-07 21:20:00,5,30,14,4,4,10,0,0,67
2024-03-07 21:30:00,7,19,7,5,5,14,0,0,57
2024-03-07 21:40:00,5,21,8,3,1,13,0,0,51
2024-03-07 21:50:00,1,25,11,0,6,11,0,0,54
2024-03-07 22:00:00,3,36,15,0,0,9,0,0,63
2024-03-07 22:10:00,4,22,10,0,2,15,0,0,53
2024-03-07 22:20:00,6,23,15,4,4,9,0,0,61
2024-03-07 22:30:00,4,17,12,1,0,11,0,0,45
2024-03-07 22:40:00,1,12,11,0,2,7,0,0,33
2024-03-07 22:50:00,6,22,13,0,2,10,0,0,53
2024-03-07 23:00:00,2,19,10,2,1,4,0,0,38
2024-03-07 23:10:00,6,22,9,2,0,10,0,0,49
2024-03-07 23:20:00,4,14,7,2,1,7,0,0,35
2024-03-07 23:30:00,1,7,2,0,1,3,0,0,14
2024-03-07 23:40:00,1,16,8,0,0,3,0,0,28
2024-03-07 23:50:00,3,15,9,0,0,2,0,0,29
2024-03-08 00:00:00,1,7,5,0,0,4,0,0,17
2024-03-08 00:10:00,0,4,2,0,1,4,0,0,11
2024-03-08 00:20:00,0,6,3,0,0,2,0,0,11
2024-03-08 00:30:00,0,7,2,0,0,3,0,0,12
2024-03-08 00:40:00,1,7,5,0,0,3,0,0,16
2024-03-08 00:50:00,0,3,0,0,0,0,0,0,3
2024-03-08 01:00:00,0,0,0,0,0,2,0,0,2
2024-03-08 01:10:00,0,5,2,0,0,0,0,0,7
2024-03-08 01:20:00,1,0,0,0,0,3,0,0,4
2024-03-08 01:30:00,1,2,0,2,0,3,0,0,8
2024-03-08 01:40:00,0,5,3,0,0,1,0,0,9
2024-03-08 01:50:00,1,1,1,0,1,0,0,0,4
2024-03-08 02:00:00,0,1,1,0,0,2,0,0,4
2024-03-08 02:10:00,0,5,3,0,0,3,0,0,11
2024-03-08 02:20:00,0,2,2,0,0,3,0,0,7
2024-03-08 02:30:00,0,3,2,0,0,0,0,0,5
2024-03-08 02:40:00,0,0,0,0,2,1,0,0,3
2024-03-08 02:50:00,1,0,0,1,0,0,0,0,2
2024-03-08 03:00:00,1,1,2,0,0,1,0,0,5
2024-03-08 03:10:00,0,1,0,0,0,0,0,0,1
2024-03-08 03:20:00,0,5,6,0,0,1,0,0,12
2024-03-08 03:30:00,0,1,0,0,0,1,0,0,2
2024-03-08 03:40:00,0,2,0,0,0,0,0,0,2
2024-03-08 03:50:00,0,1,3,0,1,1,0,0,6
2024-03-08 04:00:00,0,6,4,0,0,1,0,0,11
2024-03-08 04:10:00,0,0,0,0,0,1,0,0,1
2024-03-08 04:20:00,0,0,0,0,0,1,0,0,1
2024-03-08 04:30:00,0,2,1,0,1,2,0,0,6
2024-03-08 04:40:00,2,2,0,3,2,1,0,0,10
2024-03-08 04:50:00,1,3,2,0,2,6,0,0,14
2024-03-08 05:00:00,1,5,4,1,0,3,0,0,14
2024-03-08 05:10:00,3,3,4,3,2,7,0,0,22
2024-03-08 05:20:00,0,9,5,0,0,6,0,0,20
2024-03-08 05:30:00,0,7,3,0,1,7,0,0,18
2024-03-08 05:40:00,2,1,0,1,5,6,0,0,15
2024-03-08 05:50:00,1,6,4,0,6,5,0,0,22
2024-03-08 06:00:00,2,3,3,2,4,11,0,0,25
2024-03-08 06:10:00,3,8,2,3,1,14,0,0,31
2024-03-08 06:20:00,3,15,6,5,4,12,0,0,45
2024-03-08 06:30:00,2,12,8,4,6,21,0,0,53
2024-03-08 06:40:00,3,14,2,1,4,26,0,0,50
2024-03-08 06:50:00,4,15,6,1,6,32,0,0,64
2024-03-08 07:00:00,10,18,8,6,10,37,0,0,89
2024-03-08 07:10:00,20,21,3,8,15,47,0,0,114
2024-03-08 07:20:00,16,32,12,12,25,37,0,0,134
2024-03-08 07:30:00,16,35,13,11,11,40,0,0,126
2024-03-08 07:40:00,16,39,16,14,25,36,0,0,146
2024-03-08 07:50:00,22,41,12,22,13,36,0,0,146
2024-03-08 08:00:00,13,30,11,16,21,40,0,0,131
2024-03-08 08:10:00,11,38,10,13,12,35,0,0,119
2024-03-08 08:20:00,15,29,9,14,7,45,0,0,119
2024-03-08 08:30:00,17,41,13,10,14,33,0,0,128
2024-03-08 08:40:00,15,32,15,13,29,44,0,0,148
2024-03-08 08:50:00,14,38,18,11,11,28,0,0,120
2024-03-08 09:00:00,12,40,17,9,12,38,0,0,128
2024-03-08 09:10:00,15,46,6,7,11,34,0,0,119
2024-03-08 09:20:00,9,29,16,9,10,45,0,0,118
2024-03-08 09:30:00,18,36,13,17,3,49,0,0,136
2024-03-08 09:40:00,7,40,13,8,15,44,0,0,127
2024-03-08 09:50:00,11,37,19,7,10,35,0,0,119
2024-03-08 10:00:00,10,45,14,9,9,46,0,0,133
2024-03-08 10:10:00,9,28,9,0,7,47,0,0,100
2024-03-08 10:20:00,8,39,13,0,4,45,0,0,109
2024-03-08 10:30:00,12,44,13,1,9,40,0,0,119
2024-03-08 10:40:00,11,25,10,4,5,38,0,0,93
2024-03-08 10:50:00,6,32,10,8,8,47,0,0,111
2024-03-08 11:00:00,13,43,15,14,2,38,0,0,125
2024-03-08 11:10:00,8,44,14,8,3,39,0,0,116
2024-03-08 11:20:00,4,36,14,5,11,48,0,0,118
2024-03-08 11:30:00,7,52,20,4,6,40,0,0,129
2024-03-08 11:40:00,13,38,11,10,10,29,0,0,111
2024-03-08 11:50:00,10,51,26,7,9,38,0,0,141
2024-03-08 12:00:00,12,42,18,7,0,50,0,0,129
2024-03-08 12:10:00,13,49,15,10,11,41,0,0,139
2024-03-08 12:20:00,18,46,29,13,8,36,0,0,150
2024-03-08 12:30:00,11,38,16,22,12,41,0,0,140
2024-03-08 12:40:00,13,44,15,12,12,44,0,0,140
2024-03-08 12:50:00,12,48,22,9,3,40,0,0,134
2024-03-08 13:00:00,11,34,17,8,10,41,0,0,121
2024-03-08 13:10:00,14,51,28,13,8,34,0,0,148
2024-03-08 13:20:00,15,48,14,8,9,43,0,0,137
2024-03-08 13:30:00,16,52,31,7,7,28,0,0,141
2024-03-08 13:40:00,17,70,31,15,9,36,0,0,178
2024-03-08 13:50:00,22,46,41,19,10,34,0,0,172
2024-03-08 14:00:00,11,36,18,8,9,32,0,0,114
2024-03-08 14:10:00,14,45,25,12,4,36,0,0,136
2024-03-08 14:20:00,8,37,24,9,5,35,0,0,118
2024-03-08 14:30:00,10,48,30,6,22,33,0,0,149
2024-03-08 14:40:00,11,47,43,10,25,40,0,0,176
2024-03-08 14:50:00,14,59,51,12,16,32,0,0,184
2024-03-08 15:00:00,14,53,23,24,30,60,0,0,204
2024-03-08 15:10:00,10,54,48,9,30,62,0,0,213
2024-03-08 15:20:00,12,37,34,11,23,28,0,0,145
2024-03-08 15:30:00,12,53,30,9,30,43,0,0,177
2024-03-08 15:40:00,11,34,29,13,53,44,0,0,184
2024-03-08 15:50:00,10,62,50,10,37,37,0,0,206
2024-03-08 16:00:00,9,47,36,7,6,59,0,0,164
2024-03-08 16:10:00,10,43,39,9,12,40,0,0,153
2024-03-08 16:20:00,16,51,53,13,11,32,0,0,176
2024-03-08 16:30:00,12,35,22,10,19,32,0,0,130
2024-03-08 16:40:00,11,51,35,11,13,35,0,0,156
2024-03-08 16:50:00,9,43,18,5,18,38,0,0,131
2024-03-08 17:00:00,7,42,19,9,6,52,0,0,135
2024-03-08 17:10:00,11,47,22,9,7,50,0,0,146
2024-03-08 17:20:00,16,55,22,13,12,51,0,0,169
2024-03-08 17:30:00,15,40,21,11,11,43,0,0,141
2024-03-08 17:40:00,11,49,17,10,10,45,0,0,142
2024-03-08 17:50:00,15,28,15,12,15,34,0,0,119
2024-03-08 18:00:00,9,48,20,6,5,39,0,0,127
2024-03-08 18:10:00,16,41,23,7,19,32,0,0,138
2024-03-08 18:20:00,15,36,11,11,14,28,0,0,115
2024-03-08 18:30:00,13,46,30,10,27,38,0,0,164
2024-03-08 18:40:00,12,41,20,7,10,46,0,0,136
2024-03-08 18:50:00,6,53,42,4,4,38,0,0,147
2024-03-08 19:00:00,9,38,19,8,6,36,0,0,116
2024-03-08 19:10:00,4,45,28,1,6,38,0,0,122
2024-03-08 19:20:00,8,47,14,5,10,22,0,0,106
2024-03-08 19:30:00,10,29,20,10,4,31,0,0,104
2024-03-08 19:40:00,9,36,23,6,8,30,0,0,112
2024-03-08 19:50:00,10,31,15,2,11,18,0,0,87
2024-03-08 20:00:00,11,34,12,10,7,23,0,0,97
2024-03-08 20:10:00,9,38,16,0,6,27,0,0,96
2024-03-08 20:20:00,6,29,20,0,2,32,0,0,89
2024-03-08 20:30:00,5,48,19,3,0,17,0,0,92
2024-03-08 20:40:00,4,35,15,2,2,17,0,0,75
2024-03-08 20:50:00,3,34,18,5,4,13,0,0,77
2024-03-08 21:00:00,7,22,14,8,1,16,0,0,68
2024-03-08 21:10:00,8,30,8,5,0,13,0,0,64
2024-03-08 21:20:00,4,33,10,1,3,10,0,0,61
2024-03-08 21:30:00,5,29,18,4,2,17,0,0,75
2024-03-08 21:40:00,7,27,22,0,0,17,0,0,73
2024-03-08 21:50:00,2,22,15,2,0,11,0,0,52
2024-03-08 22:00:00,3,29,18,1,3,11,0,0,65
2024-03-08 22:10:00,2,30,15,2,1,16,0,0,66
2024-03-08 22:20:00,2,23,13,3,1,18,0,0,60
2024-03-08 22:30:00,3,19,9,2,3,12,0,0,48
2024-03-08 22:40:00,1,32,18,0,0,12,0,0,63
2024-03-08 22:50:00,5,30,15,0,3,8,0,0,61
2024-03-08 23:00:00,2,14,6,0,1,7,0,0,30
2024-03-08 23:10:00,4,42,21,3,1,16,0,0,87
2024-03-08 23:20:00,3,20,11,1,0,13,0,0,48
2024-03-08 23:30:00,5,21,11,0,2,12,0,0,51
2024-03-08 23:40:00,2,18,5,2,2,4,0,0,33
2024-03-08 23:50:00,7,13,7,3,1,15,0,0,46
2024-03-09 00:00:00,2,25,18,1,2,7,0,0,55
2024-03-09 00:10:00,5,13,5,7,3,7,0,0,40
2024-03-09 00:20:00,2,22,9,2,1,7,0,0,43
2024-03-09 00:30:00,1,13,10,0,0,4,0,0,28
2024-03-09 00:40:00,1,13,7,0,2,7,0,0,30
2024-03-09 00:50:00,0,11,6,0,0,6,0,0,23
2024-03-09 01:00:00,2,11,9,0,1,3,0,0,26
2024-03-09 01:10:00,2,10,6,0,1,5,0,0,24
2024-03-09 01:20:00,0,9,3,0,0,5,0,0,17
2024-03-09 01:30:00,0,6,1,0,1,3,0,0,11
2024-03-09 01:40:00,1,15,10,0,0,3,0,0,29
2024-03-09 01:50:00,0,5,3,0,0,3,0,0,11
2024-03-09 02:00:00,0,3,0,0,0,2,0,0,5
2024-03-09 02:10:00,2,10,5,1,0,2,0,0,20
2024-03-09 02:20:00,1,3,1,3,0,5,0,0,13
2024-03-09 02:30:00,0,5,2,0,0,5,0,0,12
2024-03-09 02:40:00,0,4,3,0,3,2,0,0,12
2024-03-09 02:50:00,0,9,7,0,0,1,0,0,17
2024-03-09 03:00:00,1,2,2,1,0,4,0,0,10
2024-03-09 03:10:00,0,7,4,0,0,1,0,0,12
2024-03-09 03:20:00,0,5,5,0,0,3,0,0,13
2024-03-09 03:30:00,0,4,1,0,0,3,0,0,8
2024-03-09 03:40:00,0,5,3,0,1,4,0,0,13
2024-03-09 03:50:00,0,5,3,0,0,3,0,0,11
2024-03-09 04:00:00,0,6,2,0,0,0,0,0,8
2024-03-09 04:10:00,2,5,5,1,0,3,0,0,16
2024-03-09 04:20:00,0,4,4,0,0,3,0,0,11
2024-03-09 04:30:00,0,3,4,0,0,3,0,0,10
2024-03-09 04:40:00,2,6,4,3,0,1,0,0,16
2024-03-09 04:50:00,1,5,4,2,0,1,0,0,13
2024-03-09 05:00:00,0,0,0,0,0,3,0,0,3
2024-03-09 05:10:00,1,1,1,2,0,3,0,0,8
2024-03-09 05:20:00,0,4,8,0,0,3,0,0,15
2024-03-09 05:30:00,1,2,2,0,0,2,0,0,7
2024-03-09 05:40:00,0,7,1,0,0,4,0,0,12
2024-03-09 05:50:00,0,5,3,0,1,1,0,0,10
2024-03-09 06:00:00,0,2,1,0,0,4,0,0,7
2024-03-09 06:10:00,0,5,5,0,0,3,0,0,13
2024-03-09 06:20:00,1,8,2,1,0,5,0,0,17
2024-03-09 06:30:00,2,6,2,1,0,6,0,0,17
2024-03-09 06:40:00,4,5,2,7,1,5,0,0,24
2024-03-09 06:50:00,1,6,1,2,0,9,0,0,19
2024-03-09 07:00:00,2,9,7,1,0,9,0,0,28
2024-03-09 07:10:00,2,6,4,2,1,3,0,0,18
2024-03-09 07:20:00,1,6,3,0,2,6,0,0,18
2024-03-09 07:30:00,3,4,1,2,1,14,0,0,25
2024-03-09 07:40:00,2,16,5,2,4,7,0,0,36
2024-03-09 07:50:00,6,10,4,4,2,15,0,0,41
2024-03-09 08:00:00,10,17,3,5,2,18,0,0,55
2024-03-09 08:10:00,7,16,7,4,1,17,0,0,52
2024-03-09 08:20:00,6,18,6,3,6,16,0,0,55
2024-03-09 08:30:00,9,12,5,7,2,29,0,0,64
2024-03-09 08:40:00,13,21,7,7,6,20,0,0,74
2024-03-09 08:50:00,6,27,10,4,1,36,0,0,84
2024-03-09 09:00:00,8,24,1,8,13,38,0,0,92
2024-03-09 09:10:00,5,27,10,4,3,34,0,0,83
2024-03-09 09:20:00,14,30,14,8,2,35,0,0,103
2024-03-09 09:30:00,11,29,8,7,6,33,0,0,94
2024-03-09 09:40:00,12,36,5,12,4,32,0,0,101
2024-03-09 09:50:00,16,38,10,14,13,40,0,0,131
2024-03-09 10:00:00,11,20,7,8,11,36,0,0,93
2024-03-09 10:10:00,15,31,14,15,8,34,0,0,117
2024-03-09 10:20:00,11,22,10,9,9,28,0,0,89
2024-03-09 10:30:00,10,36,13,7,4,46,0,0,116
2024-03-09 10:40:00,15,40,17,12,8,31,0,0,123
2024-03-09 10:50:00,17,34,14,10,9,29,0,0,113
2024-03-09 11:00:00,16,32,19,11,5,26,0,0,109
2024-03-09 11:10:00,15,34,10,13,13,27,0,0,112
2024-03-09 11:20:00,8,42,9,9,7,28,0,0,103
2024-03-09 11:30:00,12,32,9,11,5,37,0,0,106
2024-03-09 11:40:00,8,35,8,11,8,50,0,0,120
2024-03-09 11:50:00,9,36,7,5,9,38,0,0,104
2024-03-09 12:00:00,13,37,15,29,10,29,0,0,133
2024-03-09 12:10:00,8,42,12,4,9,35,0,0,110
2024-03-09 12:20:00,7,38,8,5,11,41,0,0,110
2024-03-09 12:30:00,6,47,15,5,4,56,0,0,133
2024-03-09 12:40:00,8,39,11,5,8,40,0,0,111
2024-03-09 12:50:00,8,38,8,4,6,37,0,0,101
2024-03-09 13:00:00,14,53,27,10,14,37,0,0,155
2024-03-09 13:10:00,9,32,8,8,6,37,0,0,100
2024-03-09 13:20:00,12,43,9,8,8,38,0,0,118
2024-03-09 13:30:00,9,34,12,3,9,41,0,0,108
2024-03-09 13:40:00,8,37,15,1,11,43,0,0,115
2024-03-09 13:50:00,13,41,15,8,11,35,0,0,123
2024-03-09 14:00:00,14,44,27,16,12,24,0,0,137
2024-03-09 14:10:00,7,43,22,12,7,20,0,0,111
2024-03-09 14:20:00,7,41,14,2,10,24,0,0,98
2024-03-09 14:30:00,12,49,20,10,8,21,0,0,120
2024-03-09 14:40:00,10,63,35,5,7,26,0,0,146
2024-03-09 14:50:00,8,36,28,4,10,44,0,0,130
2024-03-09 15:00:00,15,55,23,3,14,41,0,0,151
2024-03-09 15:10:00,20,30,13,15,5,29,0,0,112
2024-03-09 15:20:00,13,44,14,13,7,34,0,0,125
2024-03-09 15:30:00,10,38,18,6,8,21,0,0,101
2024-03-09 15:40:00,10,37,12,6,3,41,0,0,109
2024-03-09 15:50:00,15,36,24,12,15,32,0,0,134
2024-03-09 16:00:00,11,31,8,6,12,27,0,0,95
2024-03-09 16:10:00,11,33,19,7,6,55,0,0,131
2024-03-09 16:20:00,5,33,15,3,4,30,0,0,90
2024-03-09 16:30:00,11,44,18,7,7,26,0,0,113
2024-03-09 16:40:00,7,40,8,8,3,22,0,0,88
2024-03-09 16:50:00,8,36,8,5,9,25,0,0,91
2024-03-09 17:00:00,10,41,23,7,9,25,0,0,115
2024-03-09 17:10:00,8,42,15,15,6,29,0,0,115
2024-03-09 17:20:00,6,37,12,6,6,41,0,0,108
2024-03-09 17:30:00,17,34,8,13,7,35,0,0,114
2024-03-09 17:40:00,14,35,20,8,16,29,0,0,122
2024-03-09 17:50:00,10,32,8,5,13,34,0,0,102
2024-03-09 18:00:00,7,33,16,6,10,32,0,0,104
2024-03-09 18:10:00,16,42,20,13,6,34,0,0,131
2024-03-09 18:20:00,7,39,25,6,5,21,0,0,103
2024-03-09 18:30:00,10,33,11,12,6,28,0,0,100
2024-03-09 18:40:00,14,36,9,17,3,31,0,0,110
2024-03-09 18:50:00,6,40,20,4,2,31,0,0,103
2024-03-09 19:00:00,5,46,16,7,1,25,0,0,100
2024-03-09 19:10:00,8,36,19,8,3,26,0,0,100
2024-03-09 19:20:00,6,45,20,4,3,19,0,0,97
2024-03-09 19:30:00,7,28,18,7,3,20,0,0,83
2024-03-09 19:40:00,4,38,22,6,4,19,0,0,93
2024-03-09 19:50:00,5,25,9,3,6,24,0,0,72
2024-03-09 20:00:00,5,34,14,5,1,21,0,0,80
2024-03-09 20:10:00,7,30,15,5,2,14,0,0,73
2024-03-09 20:20:00,6,23,19,4,7,26,0,0,85
2024-03-09 20:30:00,2,40,29,2,2,14,0,0,89
2024-03-09 20:40:00,1,24,19,0,0,19,0,0,63
2024-03-09 20:50:00,5,30,22,1,6,12,0,0,76
2024-03-09 21:00:00,2,18,9,3,4,23,0,0,59
2024-03-09 21:10:00,7,20,8,11,2,21,0,0,69
2024-03-09 21:20:00,2,26,19,2,1,16,0,0,66
2024-03-09 21:30:00,7,24,8,5,1,10,0,0,55
2024-03-09 21:40:00,2,20,13,0,0,11,0,0,46
2024-03-09 21:50:00,3,20,11,2,0,4,0,0,40
2024-03-09 22:00:00,6,26,9,1,7,14,0,0,63
2024-03-09 22:10:00,4,34,16,3,3,19,0,0,79
2024-03-09 22:20:00,2,18,11,2,4,17,0,0,54
2024-03-09 22:30:00,2,26,16,0,1,11,0,0,56
2024-03-09 22:40:00,2,21,11,0,2,17,0,0,53
2024-03-09 22:50:00,2,21,12,0,1,22,0,0,58
2024-03-09 23:00:00,4,20,12,3,3,9,0,0,51
2024-03-09 23:10:00,6,31,19,4,1,11,0,0,72
2024-03-09 23:20:00,3,22,8,1,1,9,0,0,44
2024-03-09 23:30:00,1,21,10,2,2,9,0,0,45
2024-03-09 23:40:00,0,11,8,0,2,7,0,0,28
2024-03-09 23:50:00,4,17,14,2,0,7,0,0,44
2024-03-10 00:00:00,1,13,10,0,0,7,0,0,31
2024-03-10 00:10:00,1,16,13,0,0,11,0,0,41
2024-03-10 00:20:00,2,25,15,2,1,5,0,0,50
2024-03-10 00:30:00,1,8,8,1,4,6,0,0,28
2024-03-10 00:40:00,1,16,9,0,0,5,0,0,31
2024-03-10 00:50:00,3,21,12,0,2,8,0,0,46
2024-03-10 01:00:00,1,3,2,0,0,4,0,0,10
2024-03-10 01:10:00,0,4,5,0,0,4,0,0,13
2024-03-10 01:20:00,1,11,8,1,0,3,0,0,24
2024-03-10 01:30:00,1,10,10,0,0,4,0,0,25
2024-03-10 01:40:00,2,10,12,0,0,7,0,0,31
2024-03-10 01:50:00,0,7,7,0,0,2,0,0,16
2024-03-10 02:00:00,0,8,9,0,0,1,0,0,18
2024-03-10 02:10:00,2,8,8,1,0,3,0,0,22
2024-03-10 02:20:00,0,11,6,0,0,5,0,0,22
2024-03-10 02:30:00,1,6,3,0,0,2,0,0,12
2024-03-10 02:40:00,0,12,5,0,0,4,0,0,21
2024-03-10 02:50:00,0,10,7,0,0,5,0,0,22
2024-03-10 03:00:00,1,4,0,1,0,1,0,0,7
2024-03-10 03:10:00,1,3,2,0,1,4,0,0,11
2024-03-10 03:20:00,0,3,3,0,0,4,0,0,10
2024-03-10 03:30:00,1,9,2,0,1,1,0,0,14
2024-03-10 03:40:00,0,1,2,0,0,1,0,0,4
2024-03-10 03:50:00,1,5,3,0,1,7,0,0,17
2024-03-10 04:00:00,2,2,0,3,0,1,0,0,8
2024-03-10 04:10:00,0,1,1,0,0,2,0,0,4
2024-03-10 04:20:00,1,7,9,0,0,5,0,0,22
2024-03-10 04:30:00,1,1,1,0,1,4,0,0,8
2024-03-10 04:40:00,0,8,5,0,0,0,0,0,13
2024-03-10 04:50:00,0,2,2,0,0,0,0,0,4
2024-03-10 05:00:00,1,3,2,2,0,4,0,0,12
2024-03-10 05:10:00,1,2,0,3,0,2,0,0,8
2024-03-10 05:20:00,1,4,4,2,2,1,0,0,14
2024-03-10 05:30:00,0,4,1,0,0,4,0,0,9
2024-03-10 05:40:00,0,1,2,0,2,0,0,0,5
2024-03-10 05:50:00,0,2,1,0,0,0,0,0,3
2024-03-10 06:00:00,0,1,1,0,2,2,0,0,6
2024-03-10 06:10:00,1,5,4,0,0,0,0,0,10
2024-03-10 06:20:00,0,3,3,0,0,2,0,0,8
2024-03-10 06:30:00,0,4,0,0,0,7,0,0,11
2024-03-10 06:40:00,1,5,2,0,0,4,0,0,12
2024-03-10 06:50:00,1,3,4,1,0,6,0,0,15
2024-03-10 07:00:00,0,5,2,0,5,2,0,0,14
2024-03-10 07:10:00,1,3,3,1,1,1,0,0,10
2024-03-10 07:20:00,2,6,3,2,0,4,0,0,17
2024-03-10 07:30:00,4,5,1,3,1,6,0,0,20
2024-03-10 07:40:00,6,3,0,3,3,8,0,0,23
2024-03-10 07:50:00,3,4,0,1,1,13,0,0,22
2024-03-10 08:00:00,2,7,2,1,0,6,0,0,18
2024-03-10 08:10:00,5,6,4,4,1,6,0,0,26
2024-03-10 08:20:00,6,7,7,5,3,12,0,0,40
2024-03-10 08:30:00,7,7,2,3,4,6,0,0,29
2024-03-10 08:40:00,5,9,0,5,2,10,0,0,31
2024-03-10 08:50:00,6,7,2,4,6,16,0,0,41
2024-03-10 09:00:00,11,11,6,9,4,13,0,0,54
2024-03-10 09:10:00,8,17,5,7,3,6,0,0,46
2024-03-10 09:20:00,8,20,6,6,2,15,0,0,57
2024-03-10 09:30:00,5,17,4,1,9,27,0,0,63
2024-03-10 09:40:00,13,21,9,9,4,25,0,0,81
2024-03-10 09:50:00,8,25,8,7,3,17,0,0,68
2024-03-10 10:00:00,6,13,6,5,8,22,0,0,60
2024-03-10 10:10:00,9,18,9,7,3,12,0,0,58
2024-03-10 10:20:00,11,20,10,8,8,20,0,0,77
2024-03-10 10:30:00,11,30,11,6,7,15,0,0,80
2024-03-10 10:40:00,9,26,9,5,7,38,0,0,94
2024-03-10 10:50:00,10,25,7,10,7,18,0,0,77
2024-03-10 11:00:00,6,17,11,5,7,20,0,0,66
2024-03-10 11:10:00,11,24,8,4,10,23,0,0,80
2024-03-10 11:20:00,8,23,11,7,7,19,0,0,75
2024-03-10 11:30:00,12,23,4,12,6,21,0,0,78
2024-03-10 11:40:00,13,32,15,11,6,15,0,0,92
2024-03-10 11:50:00,11,36,16,6,7,19,0,0,95
2024-03-10 12:00:00,5,23,11,7,3,22,0,0,71
2024-03-10 12:10:00,8,38,18,4,6,18,0,0,92
2024-03-10 12:20:00,7,38,11,5,3,25,0,0,89
2024-03-10 12:30:00,10,29,14,7,2,28,0,0,90
2024-03-10 12:40:00,10,28,11,7,6,21,0,0,83
2024-03-10 12:50:00,7,27,10,3,5,18,0,0,70
2024-03-10 13:00:00,12,30,13,9,3,15,0,0,82
2024-03-10 13:10:00,7,44,14,4,9,30,0,0,108
2024-03-10 13:20:00,12,26,23,8,6,38,0,0,113
2024-03-10 13:30:00,13,30,9,10,3,16,0,0,81
2024-03-10 13:40:00,6,44,18,5,4,41,0,0,118
2024-03-10 13:50:00,13,23,10,8,8,35,0,0,97
2024-03-10 14:00:00,13,31,11,7,8,23,0,0,93
2024-03-10 14:10:00,12,35,11,10,4,26,0,0,98
2024-03-10 14:20:00,13,33,14,11,2,32,0,0,105
2024-03-10 14:30:00,5,28,7,2,5,42,0,0,89
2024-03-10 14:40:00,13,31,21,8,3,20,0,0,96
2024-03-10 14:50:00,7,33,14,7,7,29,0,0,97
2024-03-10 15:00:00,12,27,4,6,5,35,0,0,89
2024-03-10 15:10:00,17,34,4,10,16,29,0,0,110
2024-03-10 15:20:00,12,26,12,7,7,16,0,0,80
2024-03-10 15:30:00,13,36,14,9,9,67,0,0,148
2024-03-10 15:40:00,12,32,15,5,8,29,0,0,101
2024-03-10 15:50:00,9,29,13,5,2,27,0,0,85
2024-03-10 16:00:00,7,34,14,4,4,26,0,0,89
2024-03-10 16:10:00,11,27,13,8,14,28,0,0,101
2024-03-10 16:20:00,5,24,9,3,4,19,0,0,64
2024-03-10 16:30:00,9,37,15,5,6,28,0,0,100
2024-03-10 16:40:00,10,21,7,9,5,27,0,0,79
2024-03-10 16:50:00,20,39,25,4,6,40,0,0,134
2024-03-10 17:00:00,10,19,8,11,12,28,0,0,88
2024-03-10 17:10:00,11,27,9,9,5,40,0,0,101
2024-03-10 17:20:00,8,34,14,7,5,30,0,0,98
2024-03-10 17:30:00,12,29,12,6,22,30,0,0,111
2024-03-10 17:40:00,11,27,3,7,10,28,0,0,86
2024-03-10 17:50:00,11,39,25,6,6,28,0,0,115
2024-03-10 18:00:00,8,23,8,5,4,27,0,0,75
2024-03-10 18:10:00,12,28,7,11,11,22,0,0,91
2024-03-10 18:20:00,11,21,7,16,3,27,0,0,85
2024-03-10 18:30:00,9,32,10,6,6,26,0,0,89
2024-03-10 18:40:00,7,33,14,5,4,25,0,0,88
2024-03-10 18:50:00,14,36,23,10,7,27,0,0,117
2024-03-10 19:00:00,13,33,20,8,3,21,0,0,98
2024-03-10 19:10:00,7,31,24,0,5,16,0,0,83
2024-03-10 19:20:00,12,28,17,7,14,22,0,0,100
2024-03-10 19:30:00,8,26,9,9,1,13,0,0,66
2024-03-10 19:40:00,6,29,11,1,3,21,0,0,71
2024-03-10 19:50:00,6,21,9,3,3,17,0,0,59
2024-03-10 20:00:00,8,32,14,11,4,11,0,0,80
2024-03-10 20:10:00,5,34,15,6,0,7,0,0,67
2024-03-10 20:20:00,9,19,12,4,1,20,0,0,65
2024-03-10 20:30:00,5,19,9,3,4,9,0,0,49
2024-03-10 20:40:00,2,25,13,0,3,11,0,0,54
2024-03-10 20:50:00,5,24,6,1,2,11,0,0,49
2024-03-10 21:00:00,6,22,9,5,0,15,0,0,57
2024-03-10 21:10:00,6,42,16,3,3,8,0,0,78
2024-03-10 21:20:00,4,28,13,4,1,13,0,0,63
2024-03-10 21:30:00,4,42,30,0,2,11,0,0,89
2024-03-10 21:40:00,3,15,14,2,1,8,0,0,43
2024-03-10 21:50:00,3,32,13,3,0,14,0,0,65
2024-03-10 22:00:00,1,17,2,0,0,9,0,0,29
2024-03-10 22:10:00,3,16,13,0,1,7,0,0,40
2024-03-10 22:20:00,2,9,6,0,3,5,0,0,25
2024-03-10 22:30:00,2,3,2,1,1,9,0,0,18
2024-03-10 22:40:00,1,4,4,1,0,5,0,0,15
2024-03-10 22:50:00,3,8,6,1,2,5,0,0,25
2024-03-10 23:00:00,0,6,2,0,2,6,0,0,16
2024-03-10 23:10:00,1,6,4,0,7,8,0,0,26
2024-03-10 23:20:00,1,3,1,0,0,3,0,0,8
2024-03-10 23:30:00,1,6,3,0,2,4,0,0,16
2024-03-10 23:40:00,2,6,6,0,4,4,0,0,22
2024-03-10 23:50:00,2,3,4,1,2,1,0,0,13
2024-03-11 00:00:00,0,4,3,0,1,1,0,0,9
2024-03-11 00:10:00,0,4,5,0,8,4,0,0,21
2024-03-11 00:20:00,0,4,4,0,6,4,0,0,18
2024-03-11 00:30:00,0,3,3,0,6,4,0,0,16
2024-03-11 00:40:00,0,2,2,0,5,4,0,0,13
2024-03-11 00:50:00,0,1,1,0,0,0,0,0,2
2024-03-11 01:00:00,0,5,4,0,0,0,0,0,9
2024-03-11 01:10:00,1,2,2,1,6,4,0,0,16
2024-03-11 01:20:00,1,1,1,0,2,3,0,0,8
2024-03-11 01:30:00,1,1,0,1,2,2,0,0,7
2024-03-11 01:40:00,0,4,3,0,1,1,0,0,9
2024-03-11 01:50:00,0,1,1,0,0,1,0,0,3
2024-03-11 02:00:00,0,2,2,0,3,3,0,0,10
2024-03-11 02:10:00,0,6,6,0,4,1,0,0,17
2024-03-11 02:20:00,0,2,1,0,3,1,0,0,7
2024-03-11 02:30:00,0,2,2,0,2,3,0,0,9
2024-03-11 02:40:00,0,0,0,0,1,1,0,0,2
2024-03-11 02:50:00,0,0,0,0,0,0,0,0,0
2024-03-11 03:00:00,0,0,0,0,0,0,0,0,0
2024-03-11 03:10:00,0,3,3,0,0,0,0,0,6
2024-03-11 03:20:00,0,2,2,0,0,0,0,0,4
2024-03-11 03:30:00,0,1,1,0,0,1,0,0,3
2024-03-11 03:40:00,0,0,0,0,0,0,0,0,0
2024-03-11 03:50:00,0,0,0,0,1,0,0,0,1
2024-03-11 04:00:00,0,2,2,0,5,2,0,0,11
2024-03-11 04:10:00,0,0,1,0,0,3,0,0,4
2024-03-11 04:20:00,1,1,2,0,1,1,0,0,6
2024-03-11 04:30:00,2,0,0,1,5,2,0,0,10
2024-03-11 04:40:00,0,1,1,0,5,2,0,0,9
2024-03-11 04:50:00,1,2,2,0,3,2,0,0,10
2024-03-11 05:00:00,2,3,2,0,0,9,0,0,16
2024-03-11 05:10:00,1,4,4,1,5,6,0,0,21
2024-03-11 05:20:00,1,5,3,1,2,5,0,0,17
2024-03-11 05:30:00,1,2,3,1,17,18,0,0,42
2024-03-11 05:40:00,4,5,6,1,16,15,0,0,47
2024-03-11 05:50:00,1,8,4,0,13,14,0,0,40
2024-03-11 06:00:00,4,7,7,3,6,13,0,0,40
2024-03-11 06:10:00,0,6,7,0,3,9,0,0,25
2024-03-11 06:20:00,6,12,10,6,9,18,0,0,61
2024-03-11 06:30:00,1,13,10,1,10,20,0,0,55
2024-03-11 06:40:00,3,9,6,4,23,28,0,0,73
2024-03-11 06:50:00,7,14,16,7,11,39,0,0,94
2024-03-11 07:00:00,6,13,12,5,4,32,0,0,72
2024-03-11 07:10:00,21,20,14,17,19,44,0,0,135
2024-03-11 07:20:00,19,26,14,10,28,52,0,0,149
2024-03-11 07:30:00,16,44,16,8,17,55,0,0,156
2024-03-11 07:40:00,22,37,20,13,24,46,0,0,162
2024-03-11 07:50:00,21,29,15,14,13,43,0,0,135
2024-03-11 08:00:00,16,36,17,13,25,47,0,0,154
2024-03-11 08:10:00,20,31,23,23,16,40,0,0,153
2024-03-11 08:20:00,14,33,13,11,12,48,0,0,131
2024-03-11 08:30:00,16,31,12,13,13,49,0,0,134
2024-03-11 08:40:00,15,38,20,10,11,38,0,0,132
2024-03-11 08:50:00,17,32,15,13,10,53,0,0,140
2024-03-11 09:00:00,11,37,19,8,6,48,0,0,129
2024-03-11 09:10:00,13,47,19,9,9,44,0,0,141
2024-03-11 09:20:00,11,36,23,9,6,50,0,0,135
2024-03-11 09:30:00,13,34,18,9,2,36,0,0,112
2024-03-11 09:40:00,20,32,9,14,14,42,0,0,131
2024-03-11 09:50:00,7,29,10,6,8,38,0,0,98
2024-03-11 10:00:00,7,33,7,6,5,39,0,0,97
2024-03-11 10:10:00,7,40,10,6,1,35,0,0,99
2024-03-11 10:20:00,11,31,12,10,4,26,0,0,94
2024-03-11 10:30:00,15,26,7,10,7,30,0,0,95
2024-03-11 10:40:00,14,39,11,11,3,37,0,0,115
2024-03-11 10:50:00,4,32,6,1,3,35,0,0,81
2024-03-11 11:00:00,11,31,14,5,7,35,0,0,103
2024-03-11 11:10:00,9,42,15,7,3,35,0,0,111
2024-03-11 11:20:00,11,35,36,12,86,58,0,0,238
2024-03-11 11:30:00,10,30,8,6,3,29,0,0,86
2024-03-11 11:40:00,15,37,5,8,7,40,0,0,112
2024-03-11 11:50:00,16,40,20,5,8,37,0,0,126
2024-03-11 12:00:00,13,35,10,8,8,28,0,0,102
2024-03-11 12:10:00,12,39,17,8,17,32,0,0,125
2024-03-11 12:20:00,10,38,16,6,6,33,0,0,109
2024-03-11 12:30:00,10,50,15,12,8,32,0,0,127
2024-03-11 12:40:00,17,41,15,13,16,34,0,0,136
2024-03-11 12:50:00,12,49,19,5,9,38,0,0,132
2024-03-11 13:00:00,13,28,17,9,7,28,0,0,102
2024-03-11 13:10:00,13,51,25,9,7,40,0,0,145
2024-03-11 13:20:00,12,26,23,11,13,39,0,0,124
2024-03-11 13:30:00,9,47,21,2,11,37,0,0,127
2024-03-11 13:40:00,12,42,7,10,9,39,0,0,119
2024-03-11 13:50:00,16,40,12,11,3,28,0,0,110
2024-03-11 14:00:00,17,34,11,11,6,29,0,0,108
2024-03-11 14:10:00,9,42,9,6,6,44,0,0,116
2024-03-11 14:20:00,12,38,13,11,5,40,0,0,119
2024-03-11 14:30:00,12,45,21,10,5,26,0,0,119
2024-03-11 14:40:00,12,41,22,8,6,32,0,0,121
2024-03-11 14:50:00,14,52,23,9,10,40,0,0,148
2024-03-11 15:00:00,7,49,16,7,9,37,0,0,125
2024-03-11 15:10:00,9,38,32,2,7,31,0,0,119
2024-03-11 15:20:00,16,43,20,10,4,29,0,0,122
2024-03-11 15:30:00,16,36,24,16,8,32,0,0,132
2024-03-11 15:40:00,6,49,24,7,5,23,0,0,114
2024-03-11 15:50:00,11,47,38,5,3,47,0,0,151
2024-03-11 16:00:00,15,57,29,9,7,28,0,0,145
2024-03-11 16:10:00,12,46,29,9,13,34,0,0,143
2024-03-11 16:20:00,7,53,19,10,1,39,0,0,129
2024-03-11 16:30:00,10,51,24,10,8,35,0,0,138
2024-03-11 16:40:00,10,47,21,8,8,34,0,0,128
2024-03-11 16:50:00,13,59,31,7,12,26,0,0,148
2024-03-11 17:00:00,12,50,50,8,7,29,0,0,156
2024-03-11 17:10:00,18,64,32,8,12,33,0,0,167
2024-03-11 17:20:00,13,41,14,3,12,39,0,0,122
2024-03-11 17:30:00,15,53,27,13,17,45,0,0,170
2024-03-11 17:40:00,12,39,10,12,10,32,0,0,115
2024-03-11 17:50:00,17,39,36,7,18,40,0,0,157
2024-03-11 18:00:00,10,46,20,6,10,31,0,0,123
2024-03-11 18:10:00,8,42,31,4,8,44,0,0,137
2024-03-11 18:20:00,18,37,20,9,7,22,0,0,113
2024-03-11 18:30:00,15,41,27,7,15,39,0,0,144
2024-03-11 18:40:00,8,55,20,3,9,26,0,0,121
2024-03-11 18:50:00,13,38,24,15,9,24,0,0,123
2024-03-11 19:00:00,9,37,14,4,12,27,0,0,103
2024-03-11 19:10:00,10,42,29,14,4,33,0,0,132
2024-03-11 19:20:00,5,50,26,2,3,29,0,0,115
2024-03-11 19:30:00,7,30,16,6,10,22,0,0,91
2024-03-11 19:40:00,9,39,33,2,4,31,0,0,118
2024-03-11 19:50:00,9,40,25,3,9,17,0,0,103
2024-03-11 20:00:00,5,36,16,3,2,23,0,0,85
2024-03-11 20:10:00,7,42,15,2,2,19,0,0,87
2024-03-11 20:20:00,2,28,23,0,0,11,0,0,64
2024-03-11 20:30:00,8,27,19,6,3,17,0,0,80
2024-03-11 20:40:00,8,25,15,8,4,17,0,0,77
2024-03-11 20:50:00,5,22,11,5,1,11,0,0,55
2024-03-11 21:00:00,6,22,16,5,2,10,0,0,61
2024-03-11 21:10:00,6,28,12,2,5,15,0,0,68
2024-03-11 21:20:00,6,36,20,4,2,16,0,0,84
2024-03-11 21:30:00,5,29,18,3,2,11,0,0,68
2024-03-11 21:40:00,4,20,10,2,1,6,0,0,43
2024-03-11 21:50:00,2,31,11,0,1,10,0,0,55
2024-03-11 22:00:00,3,27,25,0,2,12,0,0,69
2024-03-11 22:10:00,6,19,11,5,1,10,0,0,52
2024-03-11 22:20:00,6,20,9,8,1,15,0,0,59
2024-03-11 22:30:00,1,21,10,2,1,15,0,0,50
2024-03-11 22:40:00,2,16,6,3,1,9,0,0,37
2024-03-11 22:50:00,3,21,14,0,1,8,0,0,47
2024-03-11 23:00:00,3,11,16,2,3,3,0,0,38
2024-03-11 23:10:00,1,6,5,0,0,6,0,0,18
2024-03-11 23:20:00,0,9,5,0,2,0,0,0,16
2024-03-11 23:30:00,0,9,0,0,0,5,0,0,14
2024-03-11 23:40:00,2,8,3,0,1,4,0,0,18
2024-03-11 23:50:00,1,7,3,2,0,1,0,0,14
2024-03-12 00:00:00,0,1,1,0,1,2,0,0,5
2024-03-12 00:10:00,0,5,3,0,0,1,0,0,9
2024-03-12 00:20:00,0,3,2,0,1,1,0,0,7
2024-03-12 00:30:00,1,7,4,0,0,1,0,0,13
2024-03-12 00:40:00,0,5,1,0,0,1,0,0,7
2024-03-12 00:50:00,1,3,4,1,0,0,0,0,9
2024-03-12 01:00:00,0,1,0,0,0,1,0,0,2
2024-03-12 01:10:00,0,2,1,0,0,2,0,0,5
2024-03-12 01:20:00,0,1,1,0,2,1,0,0,5
2024-03-12 01:30:00,2,3,3,2,3,1,0,0,14
2024-03-12 01:40:00,1,2,2,0,0,1,0,0,6
2024-03-12 01:50:00,1,3,2,2,1,0,0,0,9
2024-03-12 02:00:00,0,4,4,0,0,2,0,0,10
2024-03-12 02:10:00,0,1,0,0,0,1,0,0,2
2024-03-12 02:20:00,0,3,0,0,0,0,0,0,3
2024-03-12 02:30:00,0,0,0,0,0,1,0,0,1
2024-03-12 02:40:00,0,0,0,0,2,1,0,0,3
2024-03-12 02:50:00,0,1,1,0,0,1,0,0,3
2024-03-12 03:00:00,0,0,0,0,0,0,0,0,0
2024-03-12 03:10:00,1,2,1,2,0,1,0,0,7
2024-03-12 03:20:00,0,5,2,0,0,0,0,0,7
2024-03-12 03:30:00,0,0,0,0,0,0,0,0,0
2024-03-12 03:40:00,0,0,0,0,0,2,0,0,2
2024-03-12 03:50:00,0,2,1,0,0,0,0,0,3
2024-03-12 04:00:00,0,4,4,0,2,1,0,0,11
2024-03-12 04:10:00,0,1,0,0,0,1,0,0,2
2024-03-12 04:20:00,0,2,1,0,0,2,0,0,5
2024-03-12 04:30:00,0,1,1,0,0,2,0,0,4
2024-03-12 04:40:00,0,1,1,0,0,1,0,0,3
2024-03-12 04:50:00,2,0,0,0,1,6,0,0,9
2024-03-12 05:00:00,0,2,1,0,2,5,0,0,10
2024-03-12 05:10:00,0,2,0,0,6,4,0,0,12
2024-03-12 05:20:00,0,4,2,0,0,8,0,0,14
2024-03-12 05:30:00,0,6,5,0,2,10,0,0,23
2024-03-12 05:40:00,2,10,9,2,7,11,0,0,41
2024-03-12 05:50:00,5,3,4,8,5,6,0,0,31
2024-03-12 06:00:00,1,10,8,0,8,12,0,0,39
2024-03-12 06:10:00,2,8,4,0,4,11,0,0,29
2024-03-12 06:20:00,1,18,7,3,3,19,0,0,51
2024-03-12 06:30:00,4,19,11,3,2,14,0,0,53
2024-03-12 06:40:00,2,16,7,1,7,20,0,0,53
2024-03-12 06:50:00,6,14,3,4,13,31,0,0,71
2024-03-12 07:00:00,9,13,7,6,11,38,0,0,84
2024-03-12 07:10:00,21,25,13,14,18,29,0,0,120
2024-03-12 07:20:00,10,20,6,10,14,46,0,0,106
2024-03-12 07:30:00,18,31,17,14,21,41,0,0,142
2024-03-12 07:40:00,17,32,13,11,17,41,0,0,131
2024-03-12 07:50:00,24,23,12,13,23,38,0,0,133
2024-03-12 08:00:00,16,40,28,8,22,55,0,0,169
2024-03-12 08:10:00,18,40,21,11,24,54,0,0,168
2024-03-12 08:20:00,18,30,12,13,17,55,0,0,145
2024-03-12 08:30:00,22,30,14,18,16,46,0,0,146
2024-03-12 08:40:00,13,32,17,9,16,45,0,0,132
2024-03-12 08:50:00,9,38,16,11,5,40,0,0,119
2024-03-12 09:00:00,19,33,18,10,11,47,0,0,138
2024-03-12 09:10:00,13,33,19,5,6,46,0,0,122
2024-03-12 09:20:00,16,28,11,25,9,42,0,0,131
2024-03-12 09:30:00,15,20,17,14,6,41,0,0,113
2024-03-12 09:40:00,9,43,18,6,4,36,0,0,116
2024-03-12 09:50:00,11,41,12,7,12,49,0,0,132
2024-03-12 10:00:00,8,30,10,5,14,41,0,0,108
2024-03-12 10:10:00,9,35,18,8,7,44,0,0,121
2024-03-12 10:20:00,12,33,6,9,4,31,0,0,95
2024-03-12 10:30:00,11,35,20,11,6,37,0,0,120
2024-03-12 10:40:00,7,41,15,8,9,37,0,0,117
2024-03-12 10:50:00,13,35,22,15,4,30,0,0,119
2024-03-12 11:00:00,8,36,13,15,5,23,0,0,100
2024-03-12 11:10:00,13,35,20,8,8,33,0,0,117
2024-03-12 11:20:00,6,29,10,4,2,32,0,0,83
2024-03-12 11:30:00,9,45,25,9,6,40,0,0,134
2024-03-12 11:40:00,16,40,20,10,15,35,0,0,136
2024-03-12 11:50:00,12,29,16,8,4,29,0,0,98
2024-03-12 12:00:00,15,43,15,8,9,37,0,0,127
2024-03-12 12:10:00,15,28,15,7,7,27,0,0,99
2024-03-12 12:20:00,13,38,10,8,20,32,0,0,121
2024-03-12 12:30:00,12,36,12,9,3,46,0,0,118
2024-03-12 12:40:00,13,30,15,8,12,42,0,0,120
2024-03-12 12:50:00,14,43,9,11,12,43,0,0,132
2024-03-12 13:00:00,12,48,30,10,10,39,0,0,149
2024-03-12 13:10:00,15,47,26,11,3,48,0,0,150
2024-03-12 13:20:00,16,40,17,15,9,35,0,0,132
2024-03-12 13:30:00,13,30,13,7,13,52,0,0,128
2024-03-12 13:40:00,8,39,19,8,3,34,0,0,111
2024-03-12 13:50:00,14,55,17,8,4,30,0,0,128
2024-03-12 14:00:00,19,36,15,14,14,30,0,0,128
2024-03-12 14:10:00,15,63,18,9,15,26,0,0,146
2024-03-12 14:20:00,14,38,25,6,10,40,0,0,133
2024-03-12 14:30:00,17,42,18,6,10,35,0,0,128
2024-03-12 14:40:00,13,47,22,6,5,42,0,0,135
2024-03-12 14:50:00,17,49,23,10,7,32,0,0,138
2024-03-12 15:00:00,14,41,16,11,7,36,0,0,125
2024-03-12 15:10:00,9,41,19,6,8,56,0,0,139
2024-03-12 15:20:00,10,50,27,4,3,41,0,0,135
2024-03-12 15:30:00,11,46,25,9,4,39,0,0,134
2024-03-12 15:40:00,12,38,23,8,12,34,0,0,127
2024-03-12 15:50:00,17,45,21,11,16,36,0,0,146
2024-03-12 16:00:00,14,40,23,9,10,39,0,0,135
2024-03-12 16:10:00,17,52,23,9,13,44,0,0,158
2024-03-12 16:20:00,12,50,31,10,5,28,0,0,136
2024-03-12 16:30:00,15,53,22,6,9,44,0,0,149
2024-03-12 16:40:00,18,42,12,11,5,50,0,0,138
2024-03-12 16:50:00,21,57,26,10,12,42,0,0,168
2024-03-12 17:00:00,18,53,29,9,10,44,0,0,163
2024-03-12 17:10:00,16,49,23,8,17,44,0,0,157
2024-03-12 17:20:00,21,49,31,10,10,43,0,0,164
2024-03-12 17:30:00,13,43,20,8,12,44,0,0,140
2024-03-12 17:40:00,16,45,16,10,17,35,0,0,139
2024-03-12 17:50:00,14,50,17,8,12,40,0,0,141
2024-03-12 18:00:00,22,40,20,18,14,32,0,0,146
2024-03-12 18:10:00,16,51,22,5,12,28,0,0,134
2024-03-12 18:20:00,16,49,32,13,16,26,0,0,152
2024-03-12 18:30:00,21,59,33,16,16,34,0,0,179
2024-03-12 18:40:00,14,39,25,12,9,28,0,0,127
2024-03-12 18:50:00,15,62,38,4,5,39,0,0,163
2024-03-12 19:00:00,13,39,39,12,5,35,0,0,143
2024-03-12 19:10:00,13,54,47,13,8,33,0,0,168
2024-03-12 19:20:00,12,28,30,12,6,29,0,0,117
2024-03-12 19:30:00,7,41,19,10,0,21,0,0,98
2024-03-12 19:40:00,9,28,16,3,1,27,0,0,84
2024-03-12 19:50:00,7,34,26,5,4,17,0,0,93
2024-03-12 20:00:00,10,33,20,9,2,19,0,0,93
2024-03-12 20:10:00,9,35,16,2,6,27,0,0,95
2024-03-12 20:20:00,3,32,15,3,0,25,0,0,78
2024-03-12 20:30:00,8,19,19,3,2,11,0,0,62
2024-03-12 20:40:00,8,23,22,3,10,16,0,0,82
2024-03-12 20:50:00,10,24,31,11,2,15,0,0,93
2024-03-12 21:00:00,6,22,21,3,13,21,0,0,86
2024-03-12 21:10:00,5,23,24,1,13,19,0,0,85
2024-03-12 21:20:00,6,16,16,2,15,12,0,0,67
2024-03-12 21:30:00,3,24,25,0,14,15,0,0,81
2024-03-12 21:40:00,6,23,17,2,12,11,0,0,71
2024-03-12 21:50:00,9,16,20,4,9,16,0,0,74
2024-03-12 22:00:00,5,17,16,2,9,19,0,0,68
2024-03-12 22:10:00,4,15,13,3,10,18,0,0,63
2024-03-12 22:20:00,0,15,12,0,5,6,0,0,38
2024-03-12 22:30:00,9,10,10,4,8,9,0,0,50
2024-03-12 22:40:00,3,18,19,1,12,9,0,0,62
2024-03-12 22:50:00,3,15,22,2,5,7,0,0,54
2024-03-12 23:00:00,4,20,22,1,5,5,0,0,57
2024-03-12 23:10:00,3,25,24,1,5,5,0,0,63
2024-03-12 23:20:00,3,16,20,0,3,3,0,0,45
2024-03-12 23:30:00,2,13,10,0,0,2,0,0,27
2024-03-12 23:40:00,2,8,7,0,4,3,0,0,24
2024-03-12 23:50:00,2,7,6,1,4,3,0,0,23
2024-03-13 00:00:00,1,8,6,1,6,4,0,0,26
2024-03-13 00:10:00,0,2,2,0,5,4,0,0,13
2024-03-13 00:20:00,0,6,5,0,2,3,0,0,16
2024-03-13 00:30:00,1,11,14,0,1,1,0,0,28
2024-03-13 00:40:00,1,8,6,0,0,0,0,0,15
2024-03-13 00:50:00,0,4,4,0,2,1,0,0,11
2024-03-13 01:00:00,0,2,2,0,4,2,0,0,10
2024-03-13 01:10:00,1,0,0,1,2,2,0,0,6
2024-03-13 01:20:00,2,3,3,2,2,2,0,0,14
2024-03-13 01:30:00,2,0,0,0,3,1,0,0,6
2024-03-13 01:40:00,0,3,3,0,0,0,0,0,6
2024-03-13 01:50:00,0,3,5,0,0,0,0,0,8
2024-03-13 02:00:00,0,1,1,0,4,2,0,0,8
2024-03-13 02:10:00,0,2,1,0,0,0,0,0,3
2024-03-13 02:20:00,0,2,2,0,1,2,0,0,7
2024-03-13 02:30:00,0,3,1,0,1,1,0,0,6
2024-03-13 02:40:00,0,2,1,0,1,0,0,0,4
2024-03-13 02:50:00,0,0,0,0,0,0,0,0,0
2024-03-13 03:00:00,0,0,0,0,1,1,0,0,2
2024-03-13 03:10:00,0,3,2,0,0,1,0,0,6
2024-03-13 03:20:00,0,1,1,0,1,3,0,0,6
2024-03-13 03:30:00,0,4,4,0,0,1,0,0,9
2024-03-13 03:40:00,0,1,1,0,1,0,0,0,3
2024-03-13 03:50:00,0,0,0,0,2,2,0,0,4
2024-03-13 04:00:00,0,5,4,0,0,0,0,0,9
2024-03-13 04:10:00,0,2,2,0,0,1,0,0,5
2024-03-13 04:20:00,1,1,1,1,0,1,0,0,5
2024-03-13 04:30:00,1,0,0,1,1,2,0,0,5
2024-03-13 04:40:00,0,1,1,0,0,1,0,0,3
2024-03-13 04:50:00,1,1,1,1,2,2,0,0,8
2024-03-13 05:00:00,1,3,1,0,6,6,0,0,17
2024-03-13 05:10:00,2,1,1,2,5,10,0,0,21
2024-03-13 05:20:00,1,5,5,1,2,4,0,0,18
2024-03-13 05:30:00,0,5,3,0,5,5,0,0,18
2024-03-13 05:40:00,0,8,6,0,6,8,0,0,28
2024-03-13 05:50:00,4,6,7,5,8,12,0,0,42
2024-03-13 06:00:00,2,11,9,2,10,11,0,0,45
2024-03-13 06:10:00,4,7,6,4,8,10,0,0,39
2024-03-13 06:20:00,2,15,10,4,8,16,0,0,55
2024-03-13 06:30:00,3,11,3,3,4,23,0,0,47
2024-03-13 06:40:00,3,17,10,2,15,22,0,0,69
2024-03-13 06:50:00,7,8,7,11,11,37,0,0,81
2024-03-13 07:00:00,14,7,8,13,13,47,0,0,102
2024-03-13 07:10:00,15,21,8,9,19,39,0,0,111
2024-03-13 07:20:00,10,40,13,10,23,51,0,0,147
2024-03-13 07:30:00,16,45,21,15,23,45,0,0,165
2024-03-13 07:40:00,21,34,21,11,19,37,0,0,143
2024-03-13 07:50:00,18,35,13,12,14,39,0,0,131
2024-03-13 08:00:00,16,33,25,12,27,43,0,0,156
2024-03-13 08:10:00,17,37,19,13,13,51,0,0,150
2024-03-13 08:20:00,19,32,20,13,15,38,0,0,137
2024-03-13 08:30:00,23,39,17,14,7,45,0,0,145
2024-03-13 08:40:00,16,33,15,8,13,42,0,0,127
2024-03-13 08:50:00,16,34,11,15,15,35,0,0,126
2024-03-13 09:00:00,13,26,14,10,10,41,0,0,114
2024-03-13 09:10:00,15,34,20,11,5,38,0,0,123
2024-03-13 09:20:00,16,22,20,12,14,32,0,0,116
2024-03-13 09:30:00,13,27,10,13,8,35,0,0,106
2024-03-13 09:40:00,15,27,10,13,8,45,0,0,118
2024-03-13 09:50:00,17,35,16,9,5,38,0,0,120
2024-03-13 10:00:00,12,27,6,8,8,33,0,0,94
2024-03-13 10:10:00,11,38,16,6,1,31,0,0,103
2024-03-13 10:20:00,6,35,20,7,4,37,0,0,109
2024-03-13 10:30:00,9,27,7,6,6,37,0,0,92
2024-03-13 10:40:00,13,45,9,6,8,41,0,0,122
2024-03-13 10:50:00,13,37,13,6,7,32,0,0,108
2024-03-13 11:00:00,9,29,13,5,3,54,0,0,113
2024-03-13 11:10:00,13,30,10,6,30,36,0,0,125
2024-03-13 11:20:00,11,32,20,10,4,32,0,0,109
2024-03-13 11:30:00,12,37,12,5,5,31,0,0,102
2024-03-13 11:40:00,11,31,10,16,11,37,0,0,116
2024-03-13 11:50:00,14,30,8,9,12,37,0,0,110
2024-03-13 12:00:00,11,41,11,9,8,37,0,0,117
2024-03-13 12:10:00,8,54,17,5,6,34,0,0,124
2024-03-13 12:20:00,7,34,14,8,8,41,0,0,112
2024-03-13 12:30:00,12,34,13,6,4,33,0,0,102
2024-03-13 12:40:00,10,38,19,5,23,32,0,0,127
2024-03-13 12:50:00,11,39,20,6,11,44,0,0,131
2024-03-13 13:00:00,12,43,10,6,7,28,0,0,106
2024-03-13 13:10:00,7,33,15,6,4,24,0,0,89
2024-03-13 13:20:00,12,35,18,40,6,35,0,0,146
2024-03-13 13:30:00,12,45,10,4,13,34,0,0,118
2024-03-13 13:40:00,18,47,13,10,13,41,0,0,142
2024-03-13 13:50:00,14,39,14,13,8,40,0,0,128
2024-03-13 14:00:00,12,50,21,11,7,39,0,0,140
2024-03-13 14:10:00,19,33,16,7,6,42,0,0,123
2024-03-13 14:20:00,11,42,15,10,6,30,0,0,114
2024-03-13 14:30:00,13,33,11,8,9,33,0,0,107
2024-03-13 14:40:00,13,43,17,7,9,28,0,0,117
2024-03-13 14:50:00,19,35,19,17,9,65,0,0,164
2024-03-13 15:00:00,10,46,17,9,8,29,0,0,119
2024-03-13 15:10:00,8,46,16,8,10,50,0,0,138
2024-03-13 15:20:00,12,46,18,3,7,43,0,0,129
2024-03-13 15:30:00,9,33,17,10,9,39,0,0,117
2024-03-13 15:40:00,10,52,25,6,3,35,0,0,131
2024-03-13 15:50:00,14,42,30,10,5,35,0,0,136
2024-03-13 16:00:00,15,36,17,15,12,32,0,0,127
2024-03-13 16:10:00,14,54,21,11,5,51,0,0,156
2024-03-13 16:20:00,15,51,25,23,10,36,0,0,160
2024-03-13 16:30:00,10,42,24,12,7,45,0,0,140
2024-03-13 16:40:00,11,51,24,4,10,43,0,0,143
2024-03-13 16:50:00,13,44,18,10,9,30,0,0,124
2024-03-13 17:00:00,15,47,24,10,12,40,0,0,148
2024-03-13 17:10:00,17,40,27,10,5,27,0,0,126
2024-03-13 17:20:00,15,50,25,7,15,50,0,0,162
2024-03-13 17:30:00,12,49,17,6,8,35,0,0,127
2024-03-13 17:40:00,14,54,30,5,11,39,0,0,153
2024-03-13 17:50:00,17,29,15,9,12,36,0,0,118
2024-03-13 18:00:00,19,31,18,11,12,37,0,0,128
2024-03-13 18:10:00,17,45,27,6,16,31,0,0,142
2024-03-13 18:20:00,17,39,31,12,16,37,0,0,152
2024-03-13 18:30:00,11,32,36,5,23,29,0,0,136
2024-03-13 18:40:00,10,27,24,7,12,42,0,0,122
2024-03-13 18:50:00,14,30,20,7,12,25,0,0,108
2024-03-13 19:00:00,13,24,23,6,5,33,0,0,104
2024-03-13 19:10:00,17,36,35,11,13,39,0,0,151
2024-03-13 19:20:00,12,26,25,4,9,24,0,0,100
2024-03-13 19:30:00,7,32,38,11,6,26,0,0,120
2024-03-13 19:40:00,9,26,18,5,5,26,0,0,89
2024-03-13 19:50:00,9,33,27,8,0,14,0,0,91
2024-03-13 20:00:00,7,27,20,3,3,25,0,0,85
2024-03-13 20:10:00,5,28,19,1,5,18,0,0,76
2024-03-13 20:20:00,2,28,24,2,7,15,0,0,78
2024-03-13 20:30:00,5,25,15,4,1,20,0,0,70
2024-03-13 20:40:00,8,25,21,3,5,12,0,0,74
2024-03-13 20:50:00,3,24,15,1,6,16,0,0,65
2024-03-13 21:00:00,7,27,14,1,4,13,0,0,66
2024-03-13 21:10:00,4,23,8,1,10,16,0,0,62
2024-03-13 21:20:00,6,52,24,1,3,12,0,0,98
2024-03-13 21:30:00,7,41,11,1,5,12,0,0,77
2024-03-13 21:40:00,3,28,8,1,4,23,0,0,67
2024-03-13 21:50:00,1,27,8,0,4,13,0,0,53
2024-03-13 22:00:00,7,30,15,1,11,11,0,0,75
2024-03-13 22:10:00,3,29,15,0,7,20,0,0,74
2024-03-13 22:20:00,6,21,8,2,3,12,0,0,52
2024-03-13 22:30:00,8,33,21,3,1,9,0,0,75
2024-03-13 22:40:00,1,26,14,0,2,6,0,0,49
2024-03-13 22:50:00,9,27,17,2,2,6,0,0,63
2024-03-13 23:00:00,1,19,8,0,0,9,0,0,37
2024-03-13 23:10:00,3,9,3,0,2,6,0,0,23
2024-03-13 23:20:00,2,28,20,0,1,6,0,0,57
2024-03-13 23:30:00,2,10,7,0,1,4,0,0,24
2024-03-13 23:40:00,1,9,2,1,1,3,0,0,17
2024-03-13 23:50:00,2,5,8,0,4,3,0,0,22
2024-03-14 00:00:00,0,13,8,0,1,5,0,0,27
2024-03-14 00:10:00,2,4,7,1,1,5,0,0,20
2024-03-14 00:20:00,0,5,2,0,0,2,0,0,9
2024-03-14 00:30:00,1,11,8,0,0,3,0,0,23
2024-03-14 00:40:00,0,4,0,0,0,0,0,0,4
2024-03-14 00:50:00,0,6,6,0,2,2,0,0,16
2024-03-14 01:00:00,1,4,2,1,0,4,0,0,12
2024-03-14 01:10:00,0,1,0,0,1,0,0,0,2
2024-03-14 01:20:00,1,5,2,0,3,2,0,0,13
2024-03-14 01:30:00,1,2,2,1,1,1,0,0,8
2024-03-14 01:40:00,0,1,1,0,0,1,0,0,3
2024-03-14 01:50:00,0,2,2,0,1,2,0,0,7
2024-03-14 02:00:00,0,4,1,0,0,4,0,0,9
2024-03-14 02:10:00,1,2,1,0,2,1,0,0,7
2024-03-14 02:20:00,0,2,0,0,0,0,0,0,2
2024-03-14 02:30:00,0,0,0,0,4,0,0,0,4
2024-03-14 02:40:00,0,2,0,0,0,0,0,0,2
2024-03-14 02:50:00,0,0,0,0,0,0,0,0,0
2024-03-14 03:00:00,0,2,0,0,0,1,0,0,3
2024-03-14 03:10:00,0,3,2,0,2,0,0,0,7
2024-03-14 03:20:00,0,1,0,0,0,0,0,0,1
2024-03-14 03:30:00,0,2,2,0,0,2,0,0,6
2024-03-14 03:40:00,0,0,0,0,1,0,0,0,1
2024-03-14 03:50:00,0,4,3,0,0,3,0,0,10
2024-03-14 04:00:00,0,2,1,0,0,0,0,0,3
2024-03-14 04:10:00,0,5,4,0,4,5,0,0,18
2024-03-14 04:20:00,0,2,1,0,0,1,0,0,4
2024-03-14 04:30:00,0,1,0,0,0,0,0,0,1
2024-03-14 04:40:00,0,1,1,0,2,1,0,0,5
2024-03-14 04:50:00,1,0,1,1,1,5,0,0,9
2024-03-14 05:00:00,1,2,0,0,1,5,0,0,9
2024-03-14 05:10:00,2,7,2,2,5,5,0,0,23
2024-03-14 05:20:00,0,4,4,0,2,3,0,0,13
2024-03-14 05:30:00,0,5,4,0,5,8,0,0,22
2024-03-14 05:40:00,2,7,1,3,7,10,0,0,30
2024-03-14 05:50:00,2,14,7,3,4,3,0,0,33
2024-03-14 06:00:00,5,9,5,2,11,13,0,0,45
2024-03-14 06:10:00,2,8,3,2,6,15,0,0,36
2024-03-14 06:20:00,2,17,6,4,5,19,0,0,53
2024-03-14 06:30:00,2,15,5,2,6,18,0,0,48
2024-03-14 06:40:00,3,21,13,2,3,21,0,0,63
2024-03-14 06:50:00,6,12,7,9,12,30,0,0,76
2024-03-14 07:00:00,8,14,9,8,8,29,0,0,76
2024-03-14 07:10:00,13,26,17,12,22,41,0,0,131
2024-03-14 07:20:00,19,28,20,11,24,27,0,0,129
2024-03-14 07:30:00,22,39,22,16,22,37,0,0,158
2024-03-14 07:40:00,21,50,12,17,26,37,0,0,163
2024-03-14 07:50:00,21,36,16,18,33,52,0,0,176
2024-03-14 08:00:00,15,32,9,10,21,52,0,0,139
2024-03-14 08:10:00,29,34,9,28,20,43,0,0,163
2024-03-14 08:20:00,9,29,10,8,9,45,0,0,110
2024-03-14 08:30:00,19,34,7,14,25,38,0,0,137
2024-03-14 08:40:00,23,37,13,16,13,56,0,0,158
2024-03-14 08:50:00,8,34,14,7,19,40,0,0,122
2024-03-14 09:00:00,6,31,26,6,4,53,0,0,126
2024-03-14 09:10:00,12,45,21,9,10,32,0,0,129
2024-03-14 09:20:00,14,18,5,9,10,32,0,0,88
2024-03-14 09:30:00,9,33,11,13,6,37,0,0,109
2024-03-14 09:40:00,11,35,15,9,10,31,0,0,111
2024-03-14 09:50:00,11,36,16,7,6,33,0,0,109
2024-03-14 10:00:00,9,43,13,5,7,39,0,0,116
2024-03-14 10:10:00,11,37,20,10,10,34,0,0,122
2024-03-14 10:20:00,17,39,8,12,13,36,0,0,125
2024-03-14 10:30:00,11,25,22,7,6,38,0,0,109
2024-03-14 10:40:00,12,37,13,10,8,35,0,0,115
2024-03-14 10:50:00,10,39,22,14,8,33,0,0,126
2024-03-14 11:00:00,9,37,5,7,9,39,0,0,106
2024-03-14 11:10:00,10,38,12,10,6,28,0,0,104
2024-03-14 11:20:00,9,42,14,12,4,24,0,0,105
2024-03-14 11:30:00,6,46,17,4,4,33,0,0,110
2024-03-14 11:40:00,11,38,15,5,7,33,0,0,109
2024-03-14 11:50:00,18,49,15,11,8,31,0,0,132
2024-03-14 12:00:00,13,39,15,12,12,36,0,0,127
2024-03-14 12:10:00,12,38,16,8,7,26,0,0,107
2024-03-14 12:20:00,10,34,10,5,7,47,0,0,113
2024-03-14 12:30:00,15,35,13,13,16,33,0,0,125
2024-03-14 12:40:00,13,41,17,7,7,33,0,0,118
2024-03-14 12:50:00,14,38,17,8,12,52,0,0,141
2024-03-14 13:00:00,16,49,25,8,10,30,0,0,138
2024-03-14 13:10:00,15,45,14,11,4,39,0,0,128
2024-03-14 13:20:00,10,42,27,11,13,45,0,0,148
2024-03-14 13:30:00,10,47,22,11,8,37,0,0,135
2024-03-14 13:40:00,15,33,14,11,10,34,0,0,117
2024-03-14 13:50:00,15,56,31,12,7,41,0,0,162
2024-03-14 14:00:00,12,41,22,14,10,74,0,0,173
2024-03-14 14:10:00,18,42,19,63,6,30,0,0,178
2024-03-14 14:20:00,12,44,18,7,3,33,0,0,117
2024-03-14 14:30:00,12,32,20,8,4,43,0,0,119
2024-03-14 14:40:00,9,44,25,9,5,39,0,0,131
2024-03-14 14:50:00,15,40,25,7,12,26,0,0,125
2024-03-14 15:00:00,11,36,19,7,9,36,0,0,118
2024-03-14 15:10:00,9,47,15,14,8,35,0,0,128
2024-03-14 15:20:00,16,46,23,15,7,35,0,0,142
2024-03-14 15:30:00,15,51,30,10,9,38,0,0,153
2024-03-14 15:40:00,14,46,26,9,10,38,0,0,143
2024-03-14 15:50:00,11,51,23,7,17,27,0,0,136
2024-03-14 16:00:00,15,49,22,11,14,25,0,0,136
2024-03-14 16:10:00,10,67,44,8,20,43,0,0,192
2024-03-14 16:20:00,14,35,24,13,14,40,0,0,140
2024-03-14 16:30:00,11,38,17,7,17,42,0,0,132
2024-03-14 16:40:00,10,59,23,3,12,36,0,0,143
2024-03-14 16:50:00,15,60,40,9,14,43,0,0,181
2024-03-14 17:00:00,12,47,34,13,5,38,0,0,149
2024-03-14 17:10:00,17,56,30,10,13,44,0,0,170
2024-03-14 17:20:00,14,44,25,8,13,36,0,0,140
2024-03-14 17:30:00,12,50,20,9,16,34,0,0,141
2024-03-14 17:40:00,14,39,20,10,12,36,0,0,131
2024-03-14 17:50:00,13,48,31,6,20,35,0,0,153
2024-03-14 18:00:00,13,39,14,9,20,37,0,0,132
2024-03-14 18:10:00,19,35,23,15,7,34,0,0,133
2024-03-14 18:20:00,14,40,23,6,3,41,0,0,127
2024-03-14 18:30:00,14,53,21,10,6,34,0,0,138
2024-03-14 18:40:00,13,45,21,12,15,29,0,0,135
2024-03-14 18:50:00,16,40,23,10,5,35,0,0,129
2024-03-14 19:00:00,18,41,29,11,7,44,0,0,150
2024-03-14 19:10:00,16,43,26,16,6,26,0,0,133
2024-03-14 19:20:00,11,33,27,8,7,28,0,0,114
2024-03-14 19:30:00,11,41,19,11,11,29,0,0,122
2024-03-14 19:40:00,7,39,24,9,5,26,0,0,110
2024-03-14 19:50:00,11,40,30,6,7,26,0,0,120
2024-03-14 20:00:00,12,23,24,6,10,23,0,0,98
2024-03-14 20:10:00,4,27,15,2,8,24,0,0,80
2024-03-14 20:20:00,9,33,26,6,5,21,0,0,100
2024-03-14 20:30:00,5,40,19,4,2,21,0,0,91
2024-03-14 20:40:00,6,29,20,0,3,14,0,0,72
2024-03-14 20:50:00,7,38,15,1,4,17,0,0,82
2024-03-14 21:00:00,4,21,14,2,1,10,0,0,52
2024-03-14 21:10:00,1,33,22,1,1,19,0,0,77
2024-03-14 21:20:00,3,27,19,0,4,12,0,0,65
2024-03-14 21:30:00,4,35,14,2,2,14,0,0,71
2024-03-14 21:40:00,9,23,12,13,0,14,0,0,71
2024-03-14 21:50:00,3,21,15,4,4,9,0,0,56
2024-03-14 22:00:00,8,17,16,0,5,16,0,0,62
2024-03-14 22:10:00,7,30,12,2,7,12,0,0,70
2024-03-14 22:20:00,7,34,21,6,3,6,0,0,77
2024-03-14 22:30:00,4,14,7,2,1,8,0,0,36
2024-03-14 22:40:00,5,14,15,0,0,5,0,0,39
2024-03-14 22:50:00,5,14,10,4,1,5,0,0,39
2024-03-14 23:00:00,1,12,5,0,2,8,0,0,28
2024-03-14 23:10:00,3,15,6,0,0,4,0,0,28
2024-03-14 23:20:00,1,15,12,1,0,4,0,0,33
2024-03-14 23:30:00,1,13,6,2,0,5,0,0,27
2024-03-14 23:40:00,2,7,6,2,0,6,0,0,23
2024-03-14 23:50:00,0,7,3,0,1,3,0,0,14
2024-03-15 00:00:00,0,11,8,0,0,0,0,0,19
2024-03-15 00:10:00,1,10,6,0,0,1,0,0,18
2024-03-15 00:20:00,0,2,3,0,0,3,0,0,8
2024-03-15 00:30:00,1,9,3,0,0,4,0,0,17
2024-03-15 00:40:00,0,4,4,0,0,4,0,0,12
2024-03-15 00:50:00,3,6,3,0,1,3,0,0,16
2024-03-15 01:00:00,2,8,6,1,1,3,0,0,21
2024-03-15 01:10:00,0,1,1,0,0,0,0,0,2
2024-03-15 01:20:00,2,0,0,2,0,2,0,0,6
2024-03-15 01:30:00,0,3,3,0,0,0,0,0,6
2024-03-15 01:40:00,0,1,0,0,0,1,0,0,2
2024-03-15 01:50:00,0,1,0,0,0,0,0,0,1
2024-03-15 02:00:00,0,6,6,0,0,1,0,0,13
2024-03-15 02:10:00,0,3,4,0,0,1,0,0,8
2024-03-15 02:20:00,0,1,2,0,0,3,0,0,6
2024-03-15 02:30:00,0,3,3,0,0,2,0,0,8
2024-03-15 02:40:00,0,2,0,0,0,2,0,0,4
2024-03-15 02:50:00,0,4,1,0,0,1,0,0,6
2024-03-15 03:00:00,0,0,0,0,0,1,0,0,1
2024-03-15 03:10:00,0,2,1,0,0,0,0,0,3
2024-03-15 03:20:00,0,2,0,0,0,3,0,0,5
2024-03-15 03:30:00,0,5,4,0,0,0,0,0,9
2024-03-15 03:40:00,0,1,1,0,0,2,0,0,4
2024-03-15 03:50:00,0,2,3,0,1,2,0,0,8
2024-03-15 04:00:00,0,4,2,0,0,0,0,0,6
2024-03-15 04:10:00,0,3,1,0,0,1,0,0,5
2024-03-15 04:20:00,1,0,0,0,2,2,0,0,5
2024-03-15 04:30:00,3,0,0,4,1,2,0,0,10
2024-03-15 04:40:00,1,1,1,2,2,3,0,0,10
2024-03-15 04:50:00,0,0,0,0,0,5,0,0,5
2024-03-15 05:00:00,1,3,1,2,1,2,0,0,10
2024-03-15 05:10:00,2,2,3,3,5,7,0,0,22
2024-03-15 05:20:00,0,3,2,0,2,3,0,0,10
2024-03-15 05:30:00,0,8,2,0,1,9,0,0,20
2024-03-15 05:40:00,4,3,4,2,5,12,0,0,30
2024-03-15 05:50:00,0,6,3,0,6,4,0,0,19
2024-03-15 06:00:00,1,7,7,0,2,8,0,0,25
2024-03-15 06:10:00,3,7,2,7,3,14,0,0,36
2024-03-15 06:20:00,1,7,3,2,4,20,0,0,37
2024-03-15 06:30:00,3,11,2,4,7,19,0,0,46
2024-03-15 06:40:00,4,15,7,2,3,20,0,0,51
2024-03-15 06:50:00,5,11,6,5,6,34,0,0,67
2024-03-15 07:00:00,9,20,9,8,8,36,0,0,90
2024-03-15 07:10:00,15,30,9,8,18,38,0,0,118
2024-03-15 07:20:00,19,28,12,15,28,43,0,0,145
2024-03-15 07:30:00,14,26,13,14,16,47,0,0,130
2024-03-15 07:40:00,21,40,19,7,21,35,0,0,143
2024-03-15 07:50:00,12,33,15,11,33,38,0,0,142
2024-03-15 08:00:00,11,30,15,11,13,30,0,0,110
2024-03-15 08:10:00,16,27,16,14,20,40,0,0,133
2024-03-15 08:20:00,12,38,19,9,14,38,0,0,130
2024-03-15 08:30:00,17,32,9,15,8,37,0,0,118
2024-03-15 08:40:00,13,34,20,9,10,41,0,0,127
2024-03-15 08:50:00,13,35,16,10,11,34,0,0,119
2024-03-15 09:00:00,8,34,14,5,8,28,0,0,97
2024-03-15 09:10:00,11,23,7,9,6,27,0,0,83
2024-03-15 09:20:00,15,24,18,17,16,37,0,0,127
2024-03-15 09:30:00,14,39,15,11,10,48,0,0,137
2024-03-15 09:40:00,15,43,21,14,10,35,0,0,138
2024-03-15 09:50:00,14,39,15,15,15,37,0,0,135
2024-03-15 10:00:00,11,41,8,8,5,38,0,0,111
2024-03-15 10:10:00,10,29,10,7,3,37,0,0,96
2024-03-15 10:20:00,10,37,16,10,5,34,0,0,112
2024-03-15 10:30:00,12,43,19,6,3,35,0,0,118
2024-03-15 10:40:00,11,35,18,7,4,34,0,0,109
2024-03-15 10:50:00,13,31,18,5,8,33,0,0,108
2024-03-15 11:00:00,10,43,19,7,6,35,0,0,120
2024-03-15 11:10:00,8,34,15,4,4,34,0,0,99
2024-03-15 11:20:00,10,45,29,7,6,36,0,0,133
2024-03-15 11:30:00,9,36,16,7,4,40,0,0,112
2024-03-15 11:40:00,14,37,30,12,12,37,0,0,142
2024-03-15 11:50:00,11,48,8,8,5,36,0,0,116
2024-03-15 12:00:00,15,40,23,12,8,35,0,0,133
2024-03-15 12:10:00,17,36,14,8,12,56,0,0,143
2024-03-15 12:20:00,11,36,20,10,4,42,0,0,123
2024-03-15 12:30:00,14,41,24,10,4,49,0,0,142
2024-03-15 12:40:00,9,41,12,5,9,43,0,0,119
2024-03-15 12:50:00,17,36,15,14,6,26,0,0,114
2024-03-15 13:00:00,14,35,20,13,18,39,0,0,139
2024-03-15 13:10:00,17,33,14,12,9,37,0,0,122
2024-03-15 13:20:00,9,47,25,6,4,34,0,0,125
2024-03-15 13:30:00,12,43,13,8,9,36,0,0,121
2024-03-15 13:40:00,11,41,7,7,10,34,0,0,110
2024-03-15 13:50:00,18,43,16,11,12,33,0,0,133
2024-03-15 14:00:00,16,35,19,14,4,45,0,0,133
2024-03-15 14:10:00,11,46,15,5,11,35,0,0,123
2024-03-15 14:20:00,14,53,23,9,7,25,0,0,131
2024-03-15 14:30:00,10,45,12,7,9,42,0,0,125
2024-03-15 14:40:00,15,35,16,10,9,29,0,0,114
2024-03-15 14:50:00,9,46,27,5,12,37,0,0,136
2024-03-15 15:00:00,12,48,22,8,4,40,0,0,134
2024-03-15 15:10:00,10,35,14,7,7,34,0,0,107
2024-03-15 15:20:00,13,45,13,10,16,39,0,0,136
2024-03-15 15:30:00,15,36,16,9,7,31,0,0,114
2024-03-15 15:40:00,15,52,27,8,11,41,0,0,154
2024-03-15 15:50:00,12,48,22,5,4,38,0,0,129
2024-03-15 16:00:00,17,40,20,11,8,31,0,0,127
2024-03-15 16:10:00,19,44,19,14,5,41,0,0,142
2024-03-15 16:20:00,10,27,14,5,9,37,0,0,102
2024-03-15 16:30:00,10,43,25,9,7,31,0,0,125
2024-03-15 16:40:00,18,41,22,12,9,37,0,0,139
2024-03-15 16:50:00,11,29,12,10,6,28,0,0,96
2024-03-15 17:00:00,12,57,31,12,7,25,0,0,144
2024-03-15 17:10:00,16,49,20,10,12,29,0,0,136
2024-03-15 17:20:00,15,38,23,6,19,34,0,0,135
2024-03-15 17:30:00,17,47,27,9,12,33,0,0,145
2024-03-15 17:40:00,17,40,22,12,7,44,0,0,142
2024-03-15 17:50:00,14,36,17,7,13,43,0,0,130
2024-03-15 18:00:00,13,57,31,7,6,33,0,0,147
2024-03-15 18:10:00,14,40,23,10,9,35,0,0,131
2024-03-15 18:20:00,7,39,25,3,8,20,0,0,102
2024-03-15 18:30:00,8,43,23,4,3,33,0,0,114
2024-03-15 18:40:00,15,47,15,13,10,36,0,0,136
2024-03-15 18:50:00,12,58,25,13,8,34,0,0,150
2024-03-15 19:00:00,8,40,30,4,11,36,0,0,129
2024-03-15 19:10:00,9,61,22,8,7,32,0,0,139
2024-03-15 19:20:00,7,28,22,9,2,23,0,0,91
2024-03-15 19:30:00,13,27,30,9,6,22,0,0,107
2024-03-15 19:40:00,10,21,16,7,14,32,0,0,100
2024-03-15 19:50:00,10,30,24,4,8,22,0,0,98
2024-03-15 20:00:00,8,25,22,5,0,18,0,0,78
2024-03-15 20:10:00,9,35,20,6,5,27,0,0,102
2024-03-15 20:20:00,3,24,14,3,1,18,0,0,63
2024-03-15 20:30:00,3,47,24,0,0,17,0,0,91
2024-03-15 20:40:00,5,21,11,6,1,10,0,0,54
2024-03-15 20:50:00,5,30,13,5,7,23,0,0,83
2024-03-15 21:00:00,6,24,11,1,7,12,0,0,61
2024-03-15 21:10:00,4,26,9,4,1,23,0,0,67
2024-03-15 21:20:00,4,45,25,2,0,15,0,0,91
2024-03-15 21:30:00,6,19,9,2,3,17,0,0,56
2024-03-15 21:40:00,0,29,14,0,0,10,0,0,53
2024-03-15 21:50:00,4,26,11,0,3,20,0,0,64
2024-03-15 22:00:00,1,38,16,0,0,15,0,0,70
2024-03-15 22:10:00,0,32,18,0,1,21,0,0,72
2024-03-15 22:20:00,4,27,18,5,1,18,0,0,73
2024-03-15 22:30:00,4,23,11,5,2,13,0,0,58
2024-03-15 22:40:00,6,25,15,2,5,16,0,0,69
2024-03-15 22:50:00,5,16,17,1,2,16,0,0,57
2024-03-15 23:00:00,5,19,10,0,1,14,0,0,49
2024-03-15 23:10:00,1,33,13,0,1,9,0,0,57
2024-03-15 23:20:00,2,30,19,0,2,8,0,0,61
2024-03-15 23:30:00,2,21,13,1,3,9,0,0,49
2024-03-15 23:40:00,0,16,9,0,1,6,0,0,32
2024-03-15 23:50:00,2,18,7,3,3,6,0,0,39
2024-03-16 00:00:00,3,18,7,0,3,10,0,0,41
2024-03-16 00:10:00,4,11,10,0,2,6,0,0,33
2024-03-16 00:20:00,4,7,5,0,2,8,0,0,26
2024-03-16 00:30:00,4,17,14,7,0,6,0,0,48
2024-03-16 00:40:00,3,9,7,1,0,4,0,0,24
2024-03-16 00:50:00,1,11,6,0,2,6,0,0,26
2024-03-16 01:00:00,0,3,1,0,1,5,0,0,10
2024-03-16 01:10:00,3,11,11,2,0,5,0,0,32
2024-03-16 01:20:00,1,12,4,0,2,6,0,0,25
2024-03-16 01:30:00,1,7,7,0,1,3,0,0,19
2024-03-16 01:40:00,1,12,12,0,0,8,0,0,33
2024-03-16 01:50:00,1,16,12,2,0,3,0,0,34
2024-03-16 02:00:00,0,7,8,0,0,5,0,0,20
2024-03-16 02:10:00,0,6,3,0,0,0,0,0,9
2024-03-16 02:20:00,0,5,3,0,0,1,0,0,9
2024-03-16 02:30:00,0,3,3,0,0,2,0,0,8
2024-03-16 02:40:00,1,3,3,1,5,4,0,0,17
2024-03-16 02:50:00,0,8,5,0,0,0,0,0,13
2024-03-16 03:00:00,0,3,1,0,0,2,0,0,6
2024-03-16 03:10:00,0,6,5,0,0,2,0,0,13
2024-03-16 03:20:00,0,6,5,0,0,1,0,0,12
2024-03-16 03:30:00,0,2,2,0,1,1,0,0,6
2024-03-16 03:40:00,1,1,1,0,4,5,0,0,12
2024-03-16 03:50:00,0,6,5,0,0,0,0,0,11
2024-03-16 04:00:00,1,3,3,1,0,2,0,0,10
2024-03-16 04:10:00,0,1,1,0,0,0,0,0,2
2024-03-16 04:20:00,0,3,3,0,2,1,0,0,9
2024-03-16 04:30:00,0,2,1,0,2,3,0,0,8
2024-03-16 04:40:00,1,0,0,1,1,5,0,0,8
2024-03-16 04:50:00,0,2,1,0,2,1,0,0,6
2024-03-16 05:00:00,0,3,1,0,0,0,0,0,4
2024-03-16 05:10:00,1,0,0,1,3,4,0,0,9
2024-03-16 05:20:00,1,2,2,0,6,6,0,0,17
2024-03-16 05:30:00,0,0,0,0,5,4,0,0,9
2024-03-16 05:40:00,1,2,3,1,2,2,0,0,11
2024-03-16 05:50:00,1,2,1,1,1,0,0,0,6
2024-03-16 06:00:00,0,3,3,0,2,1,0,0,9
2024-03-16 06:10:00,0,2,1,0,2,2,0,0,7
2024-03-16 06:20:00,1,6,5,1,1,6,0,0,20
2024-03-16 06:30:00,1,7,4,2,0,3,0,0,17
2024-03-16 06:40:00,1,3,3,12,0,6,0,0,25
2024-03-16 06:50:00,5,5,4,4,1,13,0,0,32
2024-03-16 07:00:00,1,6,1,1,1,9,0,0,19
2024-03-16 07:10:00,3,3,2,2,1,8,0,0,19
2024-03-16 07:20:00,2,11,3,1,1,9,0,0,27
2024-03-16 07:30:00,3,15,7,4,2,10,0,0,41
2024-03-16 07:40:00,6,8,6,5,7,8,0,0,40
2024-03-16 07:50:00,5,12,8,2,2,11,0,0,40
2024-03-16 08:00:00,4,13,5,5,1,12,0,0,40
2024-03-16 08:10:00,5,16,4,4,2,17,0,0,48
2024-03-16 08:20:00,5,16,3,3,4,20,0,0,51
2024-03-16 08:30:00,12,24,2,6,2,22,0,0,68
2024-03-16 08:40:00,7,17,14,9,8,23,0,0,78
2024-03-16 08:50:00,10,19,8,7,4,31,0,0,79
2024-03-16 09:00:00,9,16,4,9,7,21,0,0,66
2024-03-16 09:10:00,7,26,4,5,3,27,0,0,72
2024-03-16 09:20:00,15,27,9,11,7,17,0,0,86
2024-03-16 09:30:00,7,37,8,7,6,31,0,0,96
2024-03-16 09:40:00,10,38,16,9,8,41,0,0,122
2024-03-16 09:50:00,11,35,11,8,12,40,0,0,117
2024-03-16 10:00:00,6,40,25,2,3,38,0,0,114
2024-03-16 10:10:00,9,33,16,7,7,33,0,0,105
2024-03-16 10:20:00,14,51,12,12,13,35,0,0,137
2024-03-16 10:30:00,20,36,16,17,8,31,0,0,128
2024-03-16 10:40:00,9,41,14,8,8,36,0,0,116
2024-03-16 10:50:00,9,46,21,9,10,46,0,0,141
2024-03-16 11:00:00,15,54,20,10,10,40,0,0,149
2024-03-16 11:10:00,14,31,10,11,5,34,0,0,105
2024-03-16 11:20:00,10,42,19,6,6,27,0,0,110
2024-03-16 11:30:00,11,41,13,10,5,32,0,0,112
2024-03-16 11:40:00,15,36,11,9,5,29,0,0,105
2024-03-16 11:50:00,15,35,9,10,11,42,0,0,122
2024-03-16 12:00:00,13,38,14,11,6,35,0,0,117
2024-03-16 12:10:00,12,47,19,11,7,42,0,0,138
2024-03-16 12:20:00,22,38,15,13,5,32,0,0,125
2024-03-16 12:30:00,20,35,17,10,11,37,0,0,130
2024-03-16 12:40:00,10,37,14,7,6,38,0,0,112
2024-03-16 12:50:00,13,43,16,5,6,35,0,0,118
2024-03-16 13:00:00,13,42,22,11,7,31,0,0,126
2024-03-16 13:10:00,12,49,14,3,57,36,0,0,171
2024-03-16 13:20:00,7,37,13,3,6,30,0,0,96
2024-03-16 13:30:00,11,41,17,10,19,31,0,0,129
2024-03-16 13:40:00,9,32,12,10,6,42,0,0,111
2024-03-16 13:50:00,25,46,26,14,21,44,0,0,176
2024-03-16 14:00:00,20,31,16,8,12,48,0,0,135
2024-03-16 14:10:00,10,42,8,4,10,36,0,0,110
2024-03-16 14:20:00,8,40,14,5,7,33,0,0,107
2024-03-16 14:30:00,15,35,12,9,12,39,0,0,122
2024-03-16 14:40:00,8,41,23,6,5,43,0,0,126
2024-03-16 14:50:00,10,37,12,6,10,44,0,0,119
2024-03-16 15:00:00,15,43,18,5,9,26,0,0,116
2024-03-16 15:10:00,12,46,14,5,11,40,0,0,128
2024-03-16 15:20:00,13,45,21,8,10,23,0,0,120
2024-03-16 15:30:00,9,34,20,5,2,19,0,0,89
2024-03-16 15:40:00,11,39,19,9,8,26,0,0,112
2024-03-16 15:50:00,10,41,16,7,4,39,0,0,117
2024-03-16 16:00:00,9,39,15,6,4,21,0,0,94
2024-03-16 16:10:00,10,31,11,7,5,40,0,0,104
2024-03-16 16:20:00,7,29,16,8,2,27,0,0,89
2024-03-16 16:30:00,7,37,7,7,1,21,0,0,80
2024-03-16 16:40:00,13,31,21,6,3,21,0,0,95
2024-03-16 16:50:00,11,44,18,9,15,25,0,0,122
2024-03-16 17:00:00,14,44,15,13,3,30,0,0,119
2024-03-16 17:10:00,13,36,14,8,6,31,0,0,108
2024-03-16 17:20:00,9,31,13,6,3,31,0,0,93
2024-03-16 17:30:00,5,40,12,4,1,24,0,0,86
2024-03-16 17:40:00,14,42,23,8,6,30,0,0,123
2024-03-16 17:50:00,12,53,25,7,7,20,0,0,124
2024-03-16 18:00:00,14,52,33,6,10,21,0,0,136
2024-03-16 18:10:00,10,57,27,33,7,27,0,0,161
2024-03-16 18:20:00,6,62,34,5,5,25,0,0,137
2024-03-16 18:30:00,11,44,16,9,7,26,0,0,113
2024-03-16 18:40:00,9,41,21,13,8,38,0,0,130
2024-03-16 18:50:00,10,57,17,11,4,33,0,0,132
2024-03-16 19:00:00,5,53,25,7,7,26,0,0,123
2024-03-16 19:10:00,11,44,15,17,10,28,0,0,125
2024-03-16 19:20:00,9,36,32,5,6,33,0,0,121
2024-03-16 19:30:00,11,43,17,4,6,17,0,0,98
2024-03-16 19:40:00,10,39,22,9,2,25,0,0,107
2024-03-16 19:50:00,2,27,17,3,3,23,0,0,75
2024-03-16 20:00:00,8,37,13,5,1,18,0,0,82
2024-03-16 20:10:00,5,37,15,7,5,17,0,0,86
2024-03-16 20:20:00,7,23,11,8,1,19,0,0,69
2024-03-16 20:30:00,8,36,19,9,1,13,0,0,86
2024-03-16 20:40:00,7,34,16,3,3,20,0,0,83
2024-03-16 20:50:00,3,21,6,0,1,18,0,0,49
2024-03-16 21:00:00,3,24,11,2,3,11,0,0,54
2024-03-16 21:10:00,4,25,16,3,2,22,0,0,72
2024-03-16 21:20:00,5,26,14,3,2,16,0,0,66
2024-03-16 21:30:00,5,24,10,4,4,16,0,0,63
2024-03-16 21:40:00,3,28,15,2,1,12,0,0,61
2024-03-16 21:50:00,3,23,16,1,2,10,0,0,55
2024-03-16 22:00:00,7,26,19,7,2,16,0,0,77
2024-03-16 22:10:00,10,27,10,12,0,16,0,0,75
2024-03-16 22:20:00,3,32,15,0,2,9,0,0,61
2024-03-16 22:30:00,5,20,14,2,6,22,0,0,69
2024-03-16 22:40:00,3,22,11,2,0,16,0,0,54
2024-03-16 22:50:00,6,18,17,4,1,19,0,0,65
2024-03-16 23:00:00,2,11,6,2,0,13,0,0,34
2024-03-16 23:10:00,3,20,7,3,0,7,0,0,40
2024-03-16 23:20:00,3,25,18,2,0,7,0,0,55
2024-03-16 23:30:00,1,9,4,1,0,13,0,0,28
2024-03-16 23:40:00,1,15,11,2,0,6,0,0,35
2024-03-16 23:50:00,2,14,8,0,0,7,0,0,31
2024-03-17 00:00:00,2,19,15,0,1,5,0,0,42
2024-03-17 00:10:00,2,12,6,0,0,12,0,0,32
2024-03-17 00:20:00,2,15,9,0,0,13,0,0,39
2024-03-17 00:30:00,2,7,7,1,0,13,0,0,30
2024-03-17 00:40:00,3,15,8,0,1,5,0,0,32
2024-03-17 00:50:00,1,9,4,1,4,7,0,0,26
2024-03-17 01:00:00,4,16,12,0,1,6,0,0,39
2024-03-17 01:10:00,2,9,2,2,1,4,0,0,20
2024-03-17 01:20:00,2,15,7,0,0,4,0,0,28
2024-03-17 01:30:00,3,14,6,4,0,1,0,0,28
2024-03-17 01:40:00,1,3,7,0,0,7,0,0,18
2024-03-17 01:50:00,0,4,3,0,0,6,0,0,13
2024-03-17 02:00:00,1,8,6,0,1,6,0,0,22
2024-03-17 02:10:00,0,5,2,0,0,6,0,0,13
2024-03-17 02:20:00,1,8,7,0,0,4,0,0,20
2024-03-17 02:30:00,0,9,7,0,0,1,0,0,17
2024-03-17 02:40:00,0,4,1,0,0,1,0,0,6
2024-03-17 02:50:00,1,4,4,2,0,2,0,0,13
2024-03-17 03:00:00,1,11,11,0,0,4,0,0,27
2024-03-17 03:10:00,0,6,6,0,0,5,0,0,17
2024-03-17 03:20:00,0,4,1,0,0,5,0,0,10
2024-03-17 03:30:00,0,2,3,0,0,1,0,0,6
2024-03-17 03:40:00,1,6,5,1,1,3,0,0,17
2024-03-17 03:50:00,0,5,3,0,0,1,0,0,9
2024-03-17 04:00:00,2,6,7,1,1,1,0,0,18
2024-03-17 04:10:00,1,4,5,0,0,4,0,0,14
2024-03-17 04:20:00,1,2,2,2,0,2,0,0,9
2024-03-17 04:30:00,0,5,3,0,0,0,0,0,8
2024-03-17 04:40:00,1,4,0,1,0,3,0,0,9
2024-03-17 04:50:00,0,1,1,0,1,4,0,0,7
2024-03-17 05:00:00,0,0,0,0,0,1,0,0,1
2024-03-17 05:10:00,2,1,0,3,0,2,0,0,8
2024-03-17 05:20:00,0,2,1,0,0,4,0,0,7
2024-03-17 05:30:00,0,2,0,0,2,2,0,0,6
2024-03-17 05:40:00,0,6,7,0,0,2,0,0,15
2024-03-17 05:50:00,0,3,3,0,0,0,0,0,6
2024-03-17 06:00:00,0,0,0,0,0,3,0,0,3
2024-03-17 06:10:00,0,1,1,0,0,0,0,0,2
2024-03-17 06:20:00,0,3,1,0,1,0,0,0,5
2024-03-17 06:30:00,0,2,1,0,0,3,0,0,6
2024-03-17 06:40:00,2,3,2,2,0,0,0,0,9
2024-03-17 06:50:00,3,3,5,2,1,5,0,0,19
2024-03-17 07:00:00,0,3,0,0,0,1,0,0,4
2024-03-17 07:10:00,3,4,2,4,1,4,0,0,18
2024-03-17 07:20:00,1,2,1,1,1,5,0,0,11
2024-03-17 07:30:00,2,5,3,1,2,7,0,0,20
2024-03-17 07:40:00,1,5,2,1,0,3,0,0,12
2024-03-17 07:50:00,4,5,2,2,1,2,0,0,16
2024-03-17 08:00:00,5,12,2,7,0,7,0,0,33
2024-03-17 08:10:00,3,8,2,1,5,6,0,0,25
2024-03-17 08:20:00,5,7,4,3,2,9,0,0,30
2024-03-17 08:30:00,5,14,3,2,1,7,0,0,32
2024-03-17 08:40:00,6,9,0,7,5,9,0,0,36
2024-03-17 08:50:00,5,13,6,4,5,14,0,0,47
2024-03-17 09:00:00,8,13,6,4,45,15,0,0,91
2024-03-17 09:10:00,16,14,7,4,13,16,0,0,70
2024-03-17 09:20:00,14,23,4,2,11,23,0,0,77
2024-03-17 09:30:00,20,25,13,15,2,27,0,0,102
2024-03-17 09:40:00,10,21,12,5,9,25,0,0,82
2024-03-17 09:50:00,5,21,8,3,5,16,0,0,58
2024-03-17 10:00:00,7,24,14,5,4,19,0,0,73
2024-03-17 10:10:00,8,25,6,7,5,17,0,0,68
2024-03-17 10:20:00,3,24,10,3,8,17,0,0,65
2024-03-17 10:30:00,9,19,7,11,7,16,0,0,69
2024-03-17 10:40:00,10,19,5,11,8,25,0,0,78
2024-03-17 10:50:00,4,21,8,3,14,20,0,0,70
2024-03-17 11:00:00,10,20,11,10,2,19,0,0,72
2024-03-17 11:10:00,13,26,15,12,3,18,0,0,87
2024-03-17 11:20:00,5,28,8,3,2,32,0,0,78
2024-03-17 11:30:00,9,33,17,3,9,19,0,0,90
2024-03-17 11:40:00,11,23,11,11,6,23,0,0,85
2024-03-17 11:50:00,7,26,13,4,12,22,0,0,84
2024-03-17 12:00:00,10,36,11,8,12,28,0,0,105
2024-03-17 12:10:00,3,26,8,1,1,25,0,0,64
2024-03-17 12:20:00,6,35,12,4,3,29,0,0,89
2024-03-17 12:30:00,14,27,7,8,8,33,0,0,97
2024-03-17 12:40:00,14,38,14,11,9,21,0,0,107
2024-03-17 12:50:00,8,41,14,10,11,35,0,0,119
2024-03-17 13:00:00,7,40,16,5,8,26,0,0,102
2024-03-17 13:10:00,7,33,13,7,5,23,0,0,88
2024-03-17 13:20:00,11,40,20,9,5,32,0,0,117
2024-03-17 13:30:00,6,38,11,4,5,30,0,0,94
2024-03-17 13:40:00,6,37,15,4,9,23,0,0,94
2024-03-17 13:50:00,13,29,14,8,7,25,0,0,96
2024-03-17 14:00:00,8,30,20,6,8,27,0,0,99
2024-03-17 14:10:00,10,38,19,7,7,23,0,0,104
2024-03-17 14:20:00,12,38,21,8,12,27,0,0,118
2024-03-17 14:30:00,11,30,18,11,7,35,0,0,112
2024-03-17 14:40:00,15,28,20,11,8,30,0,0,112
2024-03-17 14:50:00,10,43,18,10,9,25,0,0,115
2024-03-17 15:00:00,10,50,23,7,9,24,0,0,123
2024-03-17 15:10:00,8,35,13,5,2,27,0,0,90
2024-03-17 15:20:00,10,27,9,6,9,29,0,0,90
2024-03-17 15:30:00,10,42,10,5,5,36,0,0,108
2024-03-17 15:40:00,14,35,16,14,9,23,0,0,111
2024-03-17 15:50:00,9,41,17,5,5,29,0,0,106
2024-03-17 16:00:00,6,30,16,0,11,25,0,0,88
2024-03-17 16:10:00,9,19,9,5,11,23,0,0,76
2024-03-17 16:20:00,16,27,19,7,13,25,0,0,107
2024-03-17 16:30:00,7,35,15,3,5,29,0,0,94
2024-03-17 16:40:00,9,23,11,9,13,33,0,0,98
2024-03-17 16:50:00,10,34,14,9,5,25,0,0,97
2024-03-17 17:00:00,9,24,15,7,4,37,0,0,96
2024-03-17 17:10:00,12,31,8,6,6,33,0,0,96
2024-03-17 17:20:00,11,30,13,10,5,29,0,0,98
2024-03-17 17:30:00,11,27,8,5,7,33,0,0,91
2024-03-17 17:40:00,16,35,9,10,8,28,0,0,106
2024-03-17 17:50:00,14,34,15,8,5,28,0,0,104
2024-03-17 18:00:00,12,20,12,9,6,34,0,0,93
2024-03-17 18:10:00,14,25,12,3,6,36,0,0,96
2024-03-17 18:20:00,14,31,12,5,7,28,0,0,97
2024-03-17 18:30:00,6,31,9,4,8,23,0,0,81
2024-03-17 18:40:00,8,33,21,7,10,21,0,0,100
2024-03-17 18:50:00,10,25,6,8,4,25,0,0,78
2024-03-17 19:00:00,10,43,17,6,9,30,0,0,115
2024-03-17 19:10:00,7,33,18,7,2,18,0,0,85
2024-03-17 19:20:00,5,17,7,4,4,16,0,0,53
2024-03-17 19:30:00,14,20,9,9,12,26,0,0,90
2024-03-17 19:40:00,8,20,13,3,2,23,0,0,69
2024-03-17 19:50:00,7,30,15,4,3,19,0,0,78
2024-03-17 20:00:00,8,32,9,6,2,26,0,0,83
2024-03-17 20:10:00,5,36,14,2,4,20,0,0,81
2024-03-17 20:20:00,6,30,16,6,3,17,0,0,78
2024-03-17 20:30:00,4,21,5,7,1,14,0,0,52
2024-03-17 20:40:00,7,25,21,4,4,15,0,0,76
2024-03-17 20:50:00,4,24,16,1,2,13,0,0,60
2024-03-17 21:00:00,5,19,13,4,0,17,0,0,58
2024-03-17 21:10:00,1,18,14,0,1,11,0,0,45
2024-03-17 21:20:00,4,25,10,3,2,8,0,0,52
2024-03-17 21:30:00,6,19,7,0,4,18,0,0,54
2024-03-17 21:40:00,3,25,9,6,1,9,0,0,53
2024-03-17 21:50:00,4,23,11,1,2,18,0,0,59
2024-03-17 22:00:00,1,27,15,1,1,8,0,0,53
2024-03-17 22:10:00,2,19,12,1,1,11,0,0,46
2024-03-17 22:20:00,0,15,13,0,0,6,0,0,34
2024-03-17 22:30:00,3,19,11,0,1,7,0,0,41
2024-03-17 22:40:00,4,20,12,2,0,1,0,0,39
2024-03-17 22:50:00,1,8,7,1,0,3,0,0,20
2024-03-17 23:00:00,0,22,12,0,1,8,0,0,43
2024-03-17 23:10:00,1,1,3,0,0,4,0,0,9
2024-03-17 23:20:00,2,14,11,2,1,3,0,0,33
2024-03-17 23:30:00,0,10,7,0,0,1,0,0,18
2024-03-17 23:40:00,0,7,7,0,0,1,0,0,15
2024-03-17 23:50:00,1,8,5,0,0,3,0,0,17
2024-03-18 00:00:00,0,2,1,0,0,4,0,0,7
2024-03-18 00:10:00,0,14,6,0,0,2,0,0,22
2024-03-18 00:20:00,0,2,1,0,0,4,0,0,7
2024-03-18 00:30:00,0,4,1,0,0,1,0,0,6
2024-03-18 00:40:00,0,5,4,0,0,1,0,0,10
2024-03-18 00:50:00,0,2,4,0,0,1,0,0,7
2024-03-18 01:00:00,0,8,9,0,0,0,0,0,17
2024-03-18 01:10:00,2,2,2,2,1,3,0,0,12
2024-03-18 01:20:00,2,4,3,2,1,3,0,0,15
2024-03-18 01:30:00,0,3,2,0,0,0,0,0,5
2024-03-18 01:40:00,0,2,1,0,0,1,0,0,4
2024-03-18 01:50:00,0,3,4,0,0,1,0,0,8
2024-03-18 02:00:00,0,2,1,0,0,5,0,0,8
2024-03-18 02:10:00,0,4,0,0,0,1,0,0,5
2024-03-18 02:20:00,0,0,0,0,0,1,0,0,1
2024-03-18 02:30:00,0,2,0,0,0,1,0,0,3
2024-03-18 02:40:00,0,0,0,0,0,0,0,0,0
2024-03-18 02:50:00,1,1,1,1,0,0,0,0,4
2024-03-18 03:00:00,0,0,0,0,0,0,0,0,0
2024-03-18 03:10:00,0,0,0,0,0,1,0,0,1
2024-03-18 03:20:00,0,5,5,0,0,0,0,0,10
2024-03-18 03:30:00,0,1,1,0,0,0,0,0,2
2024-03-18 03:40:00,0,5,3,0,0,1,0,0,9
2024-03-18 03:50:00,0,1,0,0,1,2,0,0,4
2024-03-18 04:00:00,1,3,2,2,2,2,0,0,12
2024-03-18 04:10:00,0,2,2,0,1,1,0,0,6
2024-03-18 04:20:00,1,0,0,1,1,2,0,0,5
2024-03-18 04:30:00,1,2,2,0,0,1,0,0,6
2024-03-18 04:40:00,0,3,0,0,1,3,0,0,7
2024-03-18 04:50:00,1,0,0,3,3,3,0,0,10
2024-03-18 05:00:00,0,6,3,0,3,4,0,0,16
2024-03-18 05:10:00,3,10,6,2,4,8,0,0,33
2024-03-18 05:20:00,1,6,9,2,2,5,0,0,25
2024-03-18 05:30:00,2,7,7,0,5,16,0,0,37
2024-03-18 05:40:00,3,12,4,5,11,9,0,0,44
2024-03-18 05:50:00,4,17,8,1,10,15,0,0,55
2024-03-18 06:00:00,3,11,5,2,6,12,0,0,39
2024-03-18 06:10:00,0,11,8,0,5,15,0,0,39
2024-03-18 06:20:00,6,17,7,5,10,21,0,0,66
2024-03-18 06:30:00,1,10,6,0,8,18,0,0,43
2024-03-18 06:40:00,6,17,12,11,10,22,0,0,78
2024-03-18 06:50:00,3,20,12,3,9,33,0,0,80
2024-03-18 07:00:00,9,16,15,7,16,34,0,0,97
2024-03-18 07:10:00,17,27,10,10,18,31,0,0,113
2024-03-18 07:20:00,12,26,38,9,34,38,0,0,157
2024-03-18 07:30:00,21,41,26,13,21,48,0,0,170
2024-03-18 07:40:00,16,28,26,16,25,34,0,0,145
2024-03-18 07:50:00,17,32,32,22,14,47,0,0,164
2024-03-18 08:00:00,18,34,23,13,19,38,0,0,145
2024-03-18 08:10:00,20,22,26,17,26,42,0,0,153
2024-03-18 08:20:00,15,36,31,11,20,45,0,0,158
2024-03-18 08:30:00,13,36,40,10,8,47,0,0,154
2024-03-18 08:40:00,21,37,44,11,15,55,0,0,183
2024-03-18 08:50:00,16,27,21,12,29,32,0,0,137
2024-03-18 09:00:00,19,24,19,10,10,28,0,0,110
2024-03-18 09:10:00,15,41,22,10,15,26,0,0,129
2024-03-18 09:20:00,9,29,16,8,9,44,0,0,115
2024-03-18 09:30:00,10,35,20,9,6,16,0,0,96
2024-03-18 09:40:00,12,29,22,7,8,40,0,0,118
2024-03-18 09:50:00,9,35,26,6,8,37,0,0,121
2024-03-18 10:00:00,10,33,18,8,5,36,0,0,110
2024-03-18 10:10:00,8,36,23,7,13,37,0,0,124
2024-03-18 10:20:00,9,29,8,6,8,35,0,0,95
2024-03-18 10:30:00,9,22,23,6,4,38,0,0,102
2024-03-18 10:40:00,15,34,21,11,5,35,0,0,121
2024-03-18 10:50:00,7,42,21,5,7,38,0,0,120
2024-03-18 11:00:00,8,32,22,6,5,35,0,0,108
2024-03-18 11:10:00,17,23,13,16,10,35,0,0,114
2024-03-18 11:20:00,16,35,16,9,1,37,0,0,114
2024-03-18 11:30:00,7,39,31,4,8,38,0,0,127
2024-03-18 11:40:00,13,29,27,10,7,37,0,0,123
2024-03-18 11:50:00,12,36,24,7,11,42,0,0,132
2024-03-18 12:00:00,11,32,9,14,12,26,0,0,104
2024-03-18 12:10:00,11,44,30,3,6,39,0,0,133
2024-03-18 12:20:00,13,48,23,5,10,30,0,0,129
2024-03-18 12:30:00,18,28,24,12,12,34,0,0,128
2024-03-18 12:40:00,14,35,11,7,11,39,0,0,117
2024-03-18 12:50:00,10,29,14,11,7,36,0,0,107
2024-03-18 13:00:00,16,29,11,12,21,19,0,0,108
2024-03-18 13:10:00,9,41,18,6,7,36,0,0,117
2024-03-18 13:20:00,15,22,24,11,9,30,0,0,111
2024-03-18 13:30:00,14,42,17,10,10,32,0,0,125
2024-03-18 13:40:00,14,24,24,15,7,27,0,0,111
2024-03-18 13:50:00,23,25,25,19,13,20,0,0,125
2024-03-18 14:00:00,13,36,29,12,10,30,0,0,130
2024-03-18 14:10:00,16,29,20,13,9,31,0,0,118
2024-03-18 14:20:00,11,41,23,8,12,33,0,0,128
2024-03-18 14:30:00,11,34,24,10,14,43,0,0,136
2024-03-18 14:40:00,8,38,29,5,5,31,0,0,116
2024-03-18 14:50:00,12,46,30,9,17,27,0,0,141
2024-03-18 15:00:00,10,36,45,6,15,33,0,0,145
2024-03-18 15:10:00,10,31,26,8,17,23,0,0,115
2024-03-18 15:20:00,10,30,25,10,9,27,0,0,111
2024-03-18 15:30:00,10,53,38,7,11,31,0,0,150
2024-03-18 15:40:00,10,31,36,10,17,39,0,0,143
2024-03-18 15:50:00,10,27,24,6,17,31,0,0,115
2024-03-18 16:00:00,12,49,35,7,13,25,0,0,141
2024-03-18 16:10:00,11,32,27,8,10,21,0,0,109
2024-03-18 16:20:00,15,27,32,11,11,39,0,0,135
2024-03-18 16:30:00,12,21,36,7,8,39,0,0,123
2024-03-18 16:40:00,8,23,16,13,12,31,0,0,103
2024-03-18 16:50:00,12,48,32,3,10,31,0,0,136
2024-03-18 17:00:00,9,36,30,1,12,43,0,0,131
2024-03-18 17:10:00,11,43,34,6,14,42,0,0,150
2024-03-18 17:20:00,11,36,29,3,19,34,0,0,132
2024-03-18 17:30:00,13,38,25,13,23,44,0,0,156
2024-03-18 17:40:00,14,42,27,11,7,31,0,0,132
2024-03-18 17:50:00,15,35,33,11,23,35,0,0,152
2024-03-18 18:00:00,11,37,23,5,11,32,0,0,119
2024-03-18 18:10:00,18,39,32,12,19,40,0,0,160
2024-03-18 18:20:00,9,26,23,5,19,30,0,0,112
2024-03-18 18:30:00,9,46,23,6,11,31,0,0,126
2024-03-18 18:40:00,13,35,35,15,10,26,0,0,134
2024-03-18 18:50:00,12,52,23,6,18,24,0,0,135
2024-03-18 19:00:00,6,44,24,5,10,26,0,0,115
2024-03-18 19:10:00,11,31,21,14,10,33,0,0,120
2024-03-18 19:20:00,6,35,27,7,6,28,0,0,109
2024-03-18 19:30:00,9,38,34,10,4,25,0,0,120
2024-03-18 19:40:00,10,48,19,6,4,25,0,0,112
2024-03-18 19:50:00,7,40,22,3,6,22,0,0,100
2024-03-18 20:00:00,5,33,28,3,4,18,0,0,91
2024-03-18 20:10:00,3,22,13,6,0,18,0,0,62
2024-03-18 20:20:00,3,30,15,1,3,28,0,0,80
2024-03-18 20:30:00,5,33,28,0,2,11,0,0,79
2024-03-18 20:40:00,6,22,16,7,5,17,0,0,73
2024-03-18 20:50:00,6,30,14,3,2,19,0,0,74
2024-03-18 21:00:00,7,27,27,6,2,13,0,0,82
2024-03-18 21:10:00,6,29,18,5,3,18,0,0,79
2024-03-18 21:20:00,1,24,9,3,1,18,0,0,56
2024-03-18 21:30:00,4,23,11,0,3,15,0,0,56
2024-03-18 21:40:00,7,20,17,2,8,16,0,0,70
2024-03-18 21:50:00,3,15,13,3,3,12,0,0,49
2024-03-18 22:00:00,4,20,14,1,4,9,0,0,52
2024-03-18 22:10:00,5,21,19,5,1,18,0,0,69
2024-03-18 22:20:00,5,16,13,1,1,12,0,0,48
2024-03-18 22:30:00,1,23,15,0,4,11,0,0,54
2024-03-18 22:40:00,1,17,13,1,1,9,0,0,42
2024-03-18 22:50:00,1,10,13,1,2,5,0,0,32
2024-03-18 23:00:00,3,10,6,0,3,4,0,0,26
2024-03-18 23:10:00,2,7,6,2,1,4,0,0,22
2024-03-18 23:20:00,1,12,12,0,1,3,0,0,29
2024-03-18 23:30:00,1,7,7,0,2,4,0,0,21
2024-03-18 23:40:00,2,7,7,0,1,4,0,0,21
2024-03-18 23:50:00,0,3,2,0,3,6,0,0,14
2024-03-19 00:00:00,0,6,4,0,2,4,0,0,16
2024-03-19 00:10:00,1,7,7,1,0,3,0,0,19
2024-03-19 00:20:00,0,6,6,0,2,2,0,0,16
2024-03-19 00:30:00,1,6,4,0,0,1,0,0,12
2024-03-19 00:40:00,1,6,5,0,1,3,0,0,16
2024-03-19 00:50:00,3,7,4,2,1,2,0,0,19
2024-03-19 01:00:00,0,2,3,0,0,0,0,0,5
2024-03-19 01:10:00,2,3,3,1,1,2,0,0,12
2024-03-19 01:20:00,1,4,4,1,1,1,0,0,12
2024-03-19 01:30:00,0,2,1,0,0,0,0,0,3
2024-03-19 01:40:00,0,6,5,0,0,0,0,0,11
2024-03-19 01:50:00,0,0,0,0,1,1,0,0,2
2024-03-19 02:00:00,0,1,1,0,0,1,0,0,3
2024-03-19 02:10:00,1,1,0,0,1,1,0,0,4
2024-03-19 02:20:00,0,3,2,0,0,0,0,0,5
2024-03-19 02:30:00,0,2,2,0,0,1,0,0,5
2024-03-19 02:40:00,0,2,2,0,0,1,0,0,5
2024-03-19 02:50:00,0,2,1,0,0,0,0,0,3
2024-03-19 03:00:00,0,0,0,0,2,1,0,0,3
2024-03-19 03:10:00,0,4,3,0,1,2,0,0,10
2024-03-19 03:20:00,0,1,1,0,0,1,0,0,3
2024-03-19 03:30:00,0,3,2,0,0,1,0,0,6
2024-03-19 03:40:00,0,1,1,0,2,2,0,0,6
2024-03-19 03:50:00,1,3,3,1,1,1,0,0,10
2024-03-19 04:00:00,0,6,2,0,0,0,0,0,8
2024-03-19 04:10:00,0,2,2,0,0,2,0,0,6
2024-03-19 04:20:00,0,1,1,0,0,2,0,0,4
2024-03-19 04:30:00,1,1,1,0,1,4,0,0,8
2024-03-19 04:40:00,0,0,2,0,1,3,0,0,6
2024-03-19 04:50:00,0,0,0,0,4,2,0,0,6
2024-03-19 05:00:00,0,5,3,0,3,10,0,0,21
2024-03-19 05:10:00,2,5,7,1,7,7,0,0,29
2024-03-19 05:20:00,0,10,7,0,4,7,0,0,28
2024-03-19 05:30:00,0,8,1,0,9,11,0,0,29
2024-03-19 05:40:00,1,16,7,0,15,13,0,0,52
2024-03-19 05:50:00,3,15,11,2,5,12,0,0,48
2024-03-19 06:00:00,1,3,4,0,5,10,0,0,23
2024-03-19 06:10:00,3,6,3,4,10,13,0,0,39
2024-03-19 06:20:00,2,21,10,1,11,15,0,0,60
2024-03-19 06:30:00,2,13,8,2,10,11,0,0,46
2024-03-19 06:40:00,5,25,13,4,5,30,0,0,82
2024-03-19 06:50:00,6,19,9,6,16,32,0,0,88
2024-03-19 07:00:00,6,14,9,7,15,40,0,0,91
2024-03-19 07:10:00,17,29,24,7,29,31,0,0,137
2024-03-19 07:20:00,18,28,26,15,27,48,0,0,162
2024-03-19 07:30:00,18,27,18,14,21,36,0,0,134
2024-03-19 07:40:00,19,29,20,10,20,48,0,0,146
2024-03-19 07:50:00,21,34,22,36,24,27,0,0,164
2024-03-19 08:00:00,19,26,24,12,27,38,0,0,146
2024-03-19 08:10:00,20,30,21,16,14,36,0,0,137
2024-03-19 08:20:00,20,37,16,19,30,46,0,0,168
2024-03-19 08:30:00,17,30,15,13,21,42,0,0,138
2024-03-19 08:40:00,11,35,26,10,20,30,0,0,132
2024-03-19 08:50:00,13,25,23,10,15,29,0,0,115
2024-03-19 09:00:00,12,29,20,6,10,35,0,0,112
2024-03-19 09:10:00,16,25,28,12,8,31,0,0,120
2024-03-19 09:20:00,13,24,18,11,12,56,0,0,134
2024-03-19 09:30:00,12,25,21,10,15,41,0,0,124
2024-03-19 09:40:00,11,25,10,7,8,25,0,0,86
2024-03-19 09:50:00,8,38,19,3,14,38,0,0,120
2024-03-19 10:00:00,9,34,26,8,5,33,0,0,115
2024-03-19 10:10:00,9,30,11,8,7,36,0,0,101
2024-03-19 10:20:00,11,37,28,8,13,44,0,0,141
2024-03-19 10:30:00,9,28,23,8,13,30,0,0,111
2024-03-19 10:40:00,11,31,12,8,6,34,0,0,102
2024-03-19 10:50:00,9,38,23,6,6,33,0,0,115
2024-03-19 11:00:00,15,35,32,8,7,31,0,0,128
2024-03-19 11:10:00,10,29,16,7,5,31,0,0,98
2024-03-19 11:20:00,9,37,15,6,8,34,0,0,109
2024-03-19 11:30:00,11,29,19,12,8,46,0,0,125
2024-03-19 11:40:00,12,28,18,11,7,25,0,0,101
2024-03-19 11:50:00,7,44,16,7,5,33,0,0,112
2024-03-19 12:00:00,17,29,10,12,8,31,0,0,107
2024-03-19 12:10:00,15,31,8,8,9,39,0,0,110
2024-03-19 12:20:00,13,34,23,6,11,33,0,0,120
2024-03-19 12:30:00,6,37,20,4,9,29,0,0,105
2024-03-19 12:40:00,15,31,25,10,10,34,0,0,125
2024-03-19 12:50:00,9,46,16,8,6,30,0,0,115
2024-03-19 13:00:00,13,42,18,6,8,30,0,0,117
2024-03-19 13:10:00,7,39,30,4,14,30,0,0,124
2024-03-19 13:20:00,18,19,23,25,14,35,0,0,134
2024-03-19 13:30:00,4,27,29,3,12,39,0,0,114
2024-03-19 13:40:00,17,50,18,19,10,44,0,0,158
2024-03-19 13:50:00,19,44,20,8,11,38,0,0,140
2024-03-19 14:00:00,10,38,18,4,11,30,0,0,111
2024-03-19 14:10:00,12,38,30,11,11,37,0,0,139
2024-03-19 14:20:00,10,32,14,12,10,28,0,0,106
2024-03-19 14:30:00,15,31,28,13,7,22,0,0,116
2024-03-19 14:40:00,8,48,17,6,10,32,0,0,121
2024-03-19 14:50:00,15,37,30,10,16,25,0,0,133
2024-03-19 15:00:00,15,47,24,11,12,32,0,0,141
2024-03-19 15:10:00,11,34,20,6,5,32,0,0,108
2024-03-19 15:20:00,17,39,30,8,11,27,0,0,132
2024-03-19 15:30:00,23,42,36,12,8,31,0,0,152
2024-03-19 15:40:00,15,32,28,8,16,40,0,0,139
2024-03-19 15:50:00,14,35,29,15,4,24,0,0,121
2024-03-19 16:00:00,11,23,31,14,14,28,0,0,121
2024-03-19 16:10:00,18,35,30,10,14,34,0,0,141
2024-03-19 16:20:00,10,40,34,8,20,37,0,0,149
2024-03-19 16:30:00,13,23,25,10,9,40,0,0,120
2024-03-19 16:40:00,4,41,29,6,14,32,0,0,126
2024-03-19 16:50:00,10,49,54,9,20,35,0,0,177
2024-03-19 17:00:00,10,31,27,8,18,44,0,0,138
2024-03-19 17:10:00,15,43,33,11,16,36,0,0,154
2024-03-19 17:20:00,16,30,28,10,17,38,0,0,139
2024-03-19 17:30:00,12,35,40,11,12,38,0,0,148
2024-03-19 17:40:00,16,33,31,15,12,38,0,0,145
2024-03-19 17:50:00,14,30,36,13,17,31,0,0,141
2024-03-19 18:00:00,17,48,24,9,37,32,0,0,167
2024-03-19 18:10:00,12,49,25,9,15,46,0,0,156
2024-03-19 18:20:00,11,35,25,10,13,31,0,0,125
2024-03-19 18:30:00,12,39,16,5,14,34,0,0,120
2024-03-19 18:40:00,14,28,26,24,16,33,0,0,141
2024-03-19 18:50:00,12,43,38,9,15,30,0,0,147
2024-03-19 19:00:00,13,43,28,8,12,37,0,0,141
2024-03-19 19:10:00,16,31,29,15,11,25,0,0,127
2024-03-19 19:20:00,8,28,21,9,4,27,0,0,97
2024-03-19 19:30:00,10,33,19,13,8,25,0,0,108
2024-03-19 19:40:00,15,32,27,8,10,26,0,0,118
2024-03-19 19:50:00,13,35,35,8,8,25,0,0,124
2024-03-19 20:00:00,7,32,21,8,3,24,0,0,95
2024-03-19 20:10:00,3,31,22,0,3,20,0,0,79
2024-03-19 20:20:00,5,31,21,5,2,18,0,0,82
2024-03-19 20:30:00,5,28,23,3,2,22,0,0,83
2024-03-19 20:40:00,7,34,27,2,3,20,0,0,93
2024-03-19 20:50:00,7,25,16,2,4,24,0,0,78
2024-03-19 21:00:00,4,24,11,4,3,12,0,0,58
2024-03-19 21:10:00,4,35,10,2,2,15,0,0,68
2024-03-19 21:20:00,5,42,19,6,0,10,0,0,82
2024-03-19 21:30:00,4,31,18,2,1,21,0,0,77
2024-03-19 21:40:00,5,26,10,2,4,19,0,0,66
2024-03-19 21:50:00,2,25,12,1,7,11,0,0,58
2024-03-19 22:00:00,5,25,23,0,3,15,0,0,71
2024-03-19 22:10:00,5,23,20,1,4,13,0,0,66
2024-03-19 22:20:00,3,28,10,0,4,14,0,0,59
2024-03-19 22:30:00,4,21,10,0,5,8,0,0,48
2024-03-19 22:40:00,1,18,13,0,0,3,0,0,35
2024-03-19 22:50:00,2,27,9,0,3,8,0,0,49
2024-03-19 23:00:00,1,15,12,1,0,6,0,0,35
2024-03-19 23:10:00,1,6,6,2,2,10,0,0,27
2024-03-19 23:20:00,1,11,10,1,0,5,0,0,28
2024-03-19 23:30:00,1,12,5,2,1,3,0,0,24
2024-03-19 23:40:00,1,10,8,0,0,4,0,0,23
2024-03-19 23:50:00,4,13,8,2,2,2,0,0,31
2024-03-20 00:00:00,1,5,3,1,0,6,0,0,16
2024-03-20 00:10:00,2,7,2,2,0,0,0,0,13
2024-03-20 00:20:00,0,4,6,0,1,4,0,0,15
2024-03-20 00:30:00,0,4,4,0,0,2,0,0,10
2024-03-20 00:40:00,0,8,3,0,1,3,0,0,15
2024-03-20 00:50:00,0,3,4,0,1,5,0,0,13
2024-03-20 01:00:00,1,6,4,1,0,0,0,0,12
2024-03-20 01:10:00,1,6,4,1,0,2,0,0,14
2024-03-20 01:20:00,2,3,2,5,3,3,0,0,18
2024-03-20 01:30:00,0,1,1,0,0,4,0,0,6
2024-03-20 01:40:00,0,2,0,0,1,1,0,0,4
2024-03-20 01:50:00,1,4,3,2,1,1,0,0,12
2024-03-20 02:00:00,0,0,0,0,0,2,0,0,2
2024-03-20 02:10:00,2,2,2,2,0,1,0,0,9
2024-03-20 02:20:00,1,2,1,0,0,1,0,0,5
2024-03-20 02:30:00,0,0,0,0,0,0,0,0,0
2024-03-20 02:40:00,0,0,0,0,0,0,0,0,0
2024-03-20 02:50:00,0,4,2,0,1,0,0,0,7
2024-03-20 03:00:00,1,1,0,0,0,2,0,0,4
2024-03-20 03:10:00,0,3,4,0,1,1,0,0,9
2024-03-20 03:20:00,0,8,5,0,0,0,0,0,13
2024-03-20 03:30:00,0,1,2,0,0,2,0,0,5
2024-03-20 03:40:00,1,1,1,0,0,1,0,0,4
2024-03-20 03:50:00,0,0,0,0,3,2,0,0,5
2024-03-20 04:00:00,0,3,4,0,0,0,0,0,7
2024-03-20 04:10:00,0,3,2,0,0,1,0,0,6
2024-03-20 04:20:00,0,0,0,0,2,2,0,0,4
2024-03-20 04:30:00,1,4,1,0,1,1,0,0,8
2024-03-20 04:40:00,0,2,2,0,1,5,0,0,10
2024-03-20 04:50:00,0,1,3,0,4,7,0,0,15
2024-03-20 05:00:00,0,4,2,0,3,8,0,0,17
2024-03-20 05:10:00,2,7,3,1,4,12,0,0,29
2024-03-20 05:20:00,1,15,7,1,1,2,0,0,27
2024-03-20 05:30:00,1,4,0,1,5,8,0,0,19
2024-03-20 05:40:00,1,8,3,0,19,13,0,0,44
2024-03-20 05:50:00,5,11,5,5,11,10,0,0,47
2024-03-20 06:00:00,3,11,5,4,3,16,0,0,42
2024-03-20 06:10:00,2,13,3,3,11,10,0,0,42
2024-03-20 06:20:00,2,15,7,3,4,18,0,0,49
2024-03-20 06:30:00,4,12,8,2,7,13,0,0,46
2024-03-20 06:40:00,6,22,9,4,16,25,0,0,82
2024-03-20 06:50:00,6,14,10,5,12,29,0,0,76
2024-03-20 07:00:00,12,15,3,7,10,38,0,0,85
2024-03-20 07:10:00,11,25,20,11,22,38,0,0,127
2024-03-20 07:20:00,13,39,21,7,34,39,0,0,153
2024-03-20 07:30:00,14,33,15,12,16,42,0,0,132
2024-03-20 07:40:00,21,32,17,11,24,43,0,0,148
2024-03-20 07:50:00,20,29,18,10,14,37,0,0,128
2024-03-20 08:00:00,25,29,29,14,27,40,0,0,164
2024-03-20 08:10:00,16,32,17,11,23,32,0,0,131
2024-03-20 08:20:00,13,23,27,9,20,44,0,0,136
2024-03-20 08:30:00,14,33,35,10,19,38,0,0,149
2024-03-20 08:40:00,11,32,44,10,12,38,0,0,147
2024-03-20 08:50:00,20,33,23,12,15,30,0,0,133
2024-03-20 09:00:00,14,30,22,11,8,39,0,0,124
2024-03-20 09:10:00,10,24,20,9,13,36,0,0,112
2024-03-20 09:20:00,15,27,17,13,11,42,0,0,125
2024-03-20 09:30:00,12,33,33,11,6,33,0,0,128
2024-03-20 09:40:00,11,41,30,12,16,30,0,0,140
2024-03-20 09:50:00,14,39,19,11,13,39,0,0,135
2024-03-20 10:00:00,8,26,15,6,20,39,0,0,114
2024-03-20 10:10:00,10,31,18,7,12,35,0,0,113
2024-03-20 10:20:00,8,28,14,9,10,35,0,0,104
2024-03-20 10:30:00,11,30,12,9,9,35,0,0,106
2024-03-20 10:40:00,13,25,18,10,12,36,0,0,114
2024-03-20 10:50:00,14,43,15,11,12,36,0,0,131
2024-03-20 11:00:00,14,39,20,8,4,27,0,0,112
2024-03-20 11:10:00,13,37,24,11,14,27,0,0,126
2024-03-20 11:20:00,8,36,39,8,11,28,0,0,130
2024-03-20 11:30:00,9,36,18,9,4,34,0,0,110
2024-03-20 11:40:00,16,45,18,15,9,28,0,0,131
2024-03-20 11:50:00,10,36,16,8,17,34,0,0,121
2024-03-20 12:00:00,7,37,12,12,16,39,0,0,123
2024-03-20 12:10:00,12,42,17,6,6,40,0,0,123
2024-03-20 12:20:00,11,33,28,9,13,34,0,0,128
2024-03-20 12:30:00,12,37,13,6,15,34,0,0,117
2024-03-20 12:40:00,12,19,9,9,12,34,0,0,95
2024-03-20 12:50:00,15,38,20,9,9,31,0,0,122
2024-03-20 13:00:00,16,25,17,12,12,33,0,0,115
2024-03-20 13:10:00,7,41,23,3,12,36,0,0,122
2024-03-20 13:20:00,13,30,13,8,15,34,0,0,113
2024-03-20 13:30:00,14,37,20,8,15,31,0,0,125
2024-03-20 13:40:00,18,30,38,15,11,29,0,0,141
2024-03-20 13:50:00,8,29,16,7,6,32,0,0,98
2024-03-20 14:00:00,11,60,34,10,10,29,0,0,154
2024-03-20 14:10:00,15,30,23,12,14,42,0,0,136
2024-03-20 14:20:00,18,24,26,8,18,25,0,0,119
2024-03-20 14:30:00,11,41,23,11,15,37,0,0,138
2024-03-20 14:40:00,18,36,33,15,9,26,0,0,137
2024-03-20 14:50:00,18,29,15,25,19,39,0,0,145
2024-03-20 15:00:00,7,28,23,4,11,28,0,0,101
2024-03-20 15:10:00,16,47,32,12,8,28,0,0,143
2024-03-20 15:20:00,16,26,23,11,15,33,0,0,124
2024-03-20 15:30:00,8,41,22,2,16,41,0,0,130
2024-03-20 15:40:00,18,37,28,14,19,30,0,0,146
2024-03-20 15:50:00,10,36,31,4,18,38,0,0,137
2024-03-20 16:00:00,13,45,39,9,18,26,0,0,150
2024-03-20 16:10:00,11,37,26,10,33,22,0,0,139
2024-03-20 16:20:00,11,31,37,10,11,28,0,0,128
2024-03-20 16:30:00,10,34,35,7,24,44,0,0,154
2024-03-20 16:40:00,15,37,34,11,20,28,0,0,145
2024-03-20 16:50:00,11,31,23,9,18,31,0,0,123
2024-03-20 17:00:00,14,23,29,7,21,39,0,0,133
2024-03-20 17:10:00,10,51,35,9,17,39,0,0,161
2024-03-20 17:20:00,22,33,31,11,16,35,0,0,148
2024-03-20 17:30:00,13,52,38,7,9,35,0,0,154
2024-03-20 17:40:00,17,37,39,11,15,42,0,0,161
2024-03-20 17:50:00,19,46,29,10,14,26,0,0,144
2024-03-20 18:00:00,9,41,23,6,15,30,0,0,124
2024-03-20 18:10:00,14,36,21,10,13,35,0,0,129
2024-03-20 18:20:00,14,39,33,5,9,38,0,0,138
2024-03-20 18:30:00,11,40,25,9,11,33,0,0,129
2024-03-20 18:40:00,16,21,23,14,16,35,0,0,125
2024-03-20 18:50:00,13,33,37,15,22,37,0,0,157
2024-03-20 19:00:00,10,43,21,13,8,43,0,0,138
2024-03-20 19:10:00,8,38,19,4,7,32,0,0,108
2024-03-20 19:20:00,9,47,21,6,13,30,0,0,126
2024-03-20 19:30:00,6,34,27,3,12,16,0,0,98
2024-03-20 19:40:00,9,37,11,11,8,26,0,0,102
2024-03-20 19:50:00,6,45,29,6,6,17,0,0,109
2024-03-20 20:00:00,10,35,21,6,6,20,0,0,98
2024-03-20 20:10:00,12,45,22,13,9,17,0,0,118
2024-03-20 20:20:00,7,40,14,7,3,20,0,0,91
2024-03-20 20:30:00,4,29,12,1,3,29,0,0,78
2024-03-20 20:40:00,6,42,23,4,2,17,0,0,94
2024-03-20 20:50:00,3,21,11,0,2,13,0,0,50
2024-03-20 21:00:00,5,24,24,5,2,9,0,0,69
2024-03-20 21:10:00,3,27,17,2,3,15,0,0,67
2024-03-20 21:20:00,6,31,19,0,3,16,0,0,75
2024-03-20 21:30:00,3,29,12,2,2,9,0,0,57
2024-03-20 21:40:00,8,34,24,8,5,19,0,0,98
2024-03-20 21:50:00,2,23,14,1,4,14,0,0,58
2024-03-20 22:00:00,6,35,24,2,1,13,0,0,81
2024-03-20 22:10:00,5,27,15,4,3,14,0,0,68
2024-03-20 22:20:00,4,19,7,4,2,14,0,0,50
2024-03-20 22:30:00,4,21,15,2,0,6,0,0,48
2024-03-20 22:40:00,1,29,13,0,1,9,0,0,53
2024-03-20 22:50:00,4,16,11,0,3,11,0,0,45
2024-03-20 23:00:00,0,15,9,0,0,5,0,0,29
2024-03-20 23:10:00,3,12,10,1,2,8,0,0,36
2024-03-20 23:20:00,1,24,10,0,1,11,0,0,47
2024-03-20 23:30:00,1,15,9,0,2,5,0,0,32
2024-03-20 23:40:00,0,5,1,0,0,1,0,0,7
2024-03-20 23:50:00,2,6,6,1,9,4,0,0,28
2024-03-21 00:00:00,0,7,5,0,0,0,0,0,12
2024-03-21 00:10:00,2,9,5,1,0,2,0,0,19
2024-03-21 00:20:00,2,7,6,0,2,5,0,0,22
2024-03-21 00:30:00,0,6,3,0,0,1,0,0,10
2024-03-21 00:40:00,1,8,9,0,1,1,0,0,20
2024-03-21 00:50:00,0,3,3,0,0,2,0,0,8
2024-03-21 01:00:00,0,6,5,0,0,2,0,0,13
2024-03-21 01:10:00,1,8,2,1,0,1,0,0,13
2024-03-21 01:20:00,1,1,3,1,3,5,0,0,14
2024-03-21 01:30:00,2,7,5,4,0,3,0,0,21
2024-03-21 01:40:00,0,4,0,0,0,0,0,0,4
2024-03-21 01:50:00,0,3,4,0,0,0,0,0,7
2024-03-21 02:00:00,0,1,0,0,0,4,0,0,5
2024-03-21 02:10:00,0,0,0,0,0,1,0,0,1
2024-03-21 02:20:00,0,4,4,0,0,2,0,0,10
2024-03-21 02:30:00,0,1,0,0,0,2,0,0,3
2024-03-21 02:40:00,0,5,0,0,0,1,0,0,6
2024-03-21 02:50:00,0,4,2,0,0,1,0,0,7
2024-03-21 03:00:00,0,1,0,0,0,0,0,0,1
2024-03-21 03:10:00,0,3,4,0,3,2,0,0,12
2024-03-21 03:20:00,0,6,5,0,0,2,0,0,13
2024-03-21 03:30:00,0,0,0,0,0,1,0,0,1
2024-03-21 03:40:00,0,6,3,0,1,2,0,0,12
2024-03-21 03:50:00,0,1,0,0,0,2,0,0,3
2024-03-21 04:00:00,0,2,0,0,1,1,0,0,4
2024-03-21 04:10:00,0,5,2,0,1,3,0,0,11
2024-03-21 04:20:00,0,2,0,0,1,5,0,0,8
2024-03-21 04:30:00,0,3,3,0,0,3,0,0,9
2024-03-21 04:40:00,0,1,0,0,0,5,0,0,6
2024-03-21 04:50:00,1,2,1,3,1,3,0,0,11
2024-03-21 05:00:00,1,4,4,0,2,7,0,0,18
2024-03-21 05:10:00,2,3,3,3,1,8,0,0,20
2024-03-21 05:20:00,2,10,3,2,3,7,0,0,27
2024-03-21 05:30:00,2,6,2,1,1,14,0,0,26
2024-03-21 05:40:00,1,5,4,1,8,7,0,0,26
2024-03-21 05:50:00,0,14,6,0,4,9,0,0,33
2024-03-21 06:00:00,1,7,5,1,6,14,0,0,34
2024-03-21 06:10:00,3,10,2,2,6,12,0,0,35
2024-03-21 06:20:00,1,16,5,1,13,20,0,0,56
2024-03-21 06:30:00,2,11,7,1,7,17,0,0,45
2024-03-21 06:40:00,3,23,14,3,7,25,0,0,75
2024-03-21 06:50:00,6,17,10,4,10,35,0,0,82
2024-03-21 07:00:00,10,17,16,8,18,23,0,0,92
2024-03-21 07:10:00,13,24,13,7,20,34,0,0,111
2024-03-21 07:20:00,21,28,16,10,35,38,0,0,148
2024-03-21 07:30:00,22,29,22,16,22,43,0,0,154
2024-03-21 07:40:00,19,34,16,11,33,29,0,0,142
2024-03-21 07:50:00,17,32,11,10,27,38,0,0,135
2024-03-21 08:00:00,18,38,34,16,26,31,0,0,163
2024-03-21 08:10:00,16,26,14,28,26,38,0,0,148
2024-03-21 08:20:00,11,38,25,9,19,32,0,0,134
2024-03-21 08:30:00,11,30,18,7,20,31,0,0,117
2024-03-21 08:40:00,12,30,16,11,11,34,0,0,114
2024-03-21 08:50:00,14,39,19,10,15,39,0,0,136
2024-03-21 09:00:00,12,35,16,9,9,35,0,0,116
2024-03-21 09:10:00,13,23,7,10,10,27,0,0,90
2024-03-21 09:20:00,12,22,29,8,8,45,0,0,124
2024-03-21 09:30:00,14,28,18,10,11,32,0,0,113
2024-03-21 09:40:00,15,35,13,10,14,47,0,0,134
2024-03-21 09:50:00,12,30,24,7,10,27,0,0,110
2024-03-21 10:00:00,15,41,26,11,7,36,0,0,136
2024-03-21 10:10:00,16,35,14,9,7,31,0,0,112
2024-03-21 10:20:00,12,35,21,21,12,33,0,0,134
2024-03-21 10:30:00,9,34,17,11,7,27,0,0,105
2024-03-21 10:40:00,17,35,14,11,10,36,0,0,123
2024-03-21 10:50:00,8,40,17,8,9,33,0,0,115
2024-03-21 11:00:00,9,44,21,16,10,35,0,0,135
2024-03-21 11:10:00,10,33,15,6,6,31,0,0,101
2024-03-21 11:20:00,10,33,21,6,6,36,0,0,112
2024-03-21 11:30:00,13,43,24,9,14,35,0,0,138
2024-03-21 11:40:00,8,41,32,8,7,33,0,0,129
2024-03-21 11:50:00,11,32,22,9,9,25,0,0,108
2024-03-21 12:00:00,14,30,14,8,10,26,0,0,102
2024-03-21 12:10:00,10,32,21,2,13,34,0,0,112
2024-03-21 12:20:00,14,45,25,11,13,39,0,0,147
2024-03-21 12:30:00,13,36,20,10,18,55,0,0,152
2024-03-21 12:40:00,11,31,21,11,12,28,0,0,114
2024-03-21 12:50:00,10,43,13,6,9,36,0,0,117
2024-03-21 13:00:00,11,33,24,7,9,42,0,0,126
2024-03-21 13:10:00,2,34,24,1,8,33,0,0,102
2024-03-21 13:20:00,11,36,54,9,23,33,0,0,166
2024-03-21 13:30:00,12,37,29,6,12,38,0,0,134
2024-03-21 13:40:00,14,30,18,7,9,34,0,0,112
2024-03-21 13:50:00,16,30,33,9,13,30,0,0,131
2024-03-21 14:00:00,6,40,30,4,15,37,0,0,132
2024-03-21 14:10:00,8,36,29,5,11,31,0,0,120
2024-03-21 14:20:00,16,34,26,19,12,30,0,0,137
2024-03-21 14:30:00,14,35,32,19,16,36,0,0,152
2024-03-21 14:40:00,15,57,49,11,17,28,0,0,177
2024-03-21 14:50:00,16,27,20,15,16,31,0,0,125
2024-03-21 15:00:00,13,38,31,8,15,36,0,0,141
2024-03-21 15:10:00,14,40,23,12,14,35,0,0,138
2024-03-21 15:20:00,16,40,29,9,15,32,0,0,141
2024-03-21 15:30:00,7,41,33,6,21,38,0,0,146
2024-03-21 15:40:00,13,46,32,12,14,46,0,0,163
2024-03-21 15:50:00,12,40,44,10,17,35,0,0,158
2024-03-21 16:00:00,11,37,28,9,8,41,0,0,134
2024-03-21 16:10:00,16,46,31,6,10,56,0,0,165
2024-03-21 16:20:00,8,51,38,6,9,21,0,0,133
2024-03-21 16:30:00,14,36,28,9,22,32,0,0,141
2024-03-21 16:40:00,9,42,38,3,11,25,0,0,128
2024-03-21 16:50:00,12,43,37,7,18,40,0,0,157
2024-03-21 17:00:00,13,33,19,17,14,36,0,0,132
2024-03-21 17:10:00,18,39,29,12,12,37,0,0,147
2024-03-21 17:20:00,16,49,33,5,15,39,0,0,157
2024-03-21 17:30:00,14,44,33,7,7,38,0,0,143
2024-03-21 17:40:00,12,48,36,5,18,30,0,0,149
2024-03-21 17:50:00,16,35,23,8,18,28,0,0,128
2024-03-21 18:00:00,13,40,23,9,12,27,0,0,124
2024-03-21 18:10:00,16,38,26,9,11,36,0,0,136
2024-03-21 18:20:00,14,43,36,6,15,29,0,0,143
2024-03-21 18:30:00,14,25,23,22,21,35,0,0,140
2024-03-21 18:40:00,13,42,20,6,13,29,0,0,123
2024-03-21 18:50:00,13,52,50,10,12,26,0,0,163
2024-03-21 19:00:00,12,45,29,13,8,28,0,0,135
2024-03-21 19:10:00,15,47,34,11,10,34,0,0,151
2024-03-21 19:20:00,7,40,32,6,6,31,0,0,122
2024-03-21 19:30:00,7,57,28,5,2,28,0,0,127
2024-03-21 19:40:00,5,33,26,4,7,27,0,0,102
2024-03-21 19:50:00,6,37,29,4,9,20,0,0,105
2024-03-21 20:00:00,5,45,25,7,1,22,0,0,105
2024-03-21 20:10:00,6,39,18,6,8,23,0,0,100
2024-03-21 20:20:00,5,37,17,8,4,27,0,0,98
2024-03-21 20:30:00,8,26,9,6,5,17,0,0,71
2024-03-21 20:40:00,3,29,18,0,3,15,0,0,68
2024-03-21 20:50:00,6,25,14,7,8,16,0,0,76
2024-03-21 21:00:00,4,37,18,5,5,24,0,0,93
2024-03-21 21:10:00,1,27,10,0,5,11,0,0,54
2024-03-21 21:20:00,1,26,12,0,2,20,0,0,61
2024-03-21 21:30:00,4,21,13,2,4,15,0,0,59
2024-03-21 21:40:00,4,25,21,7,2,16,0,0,75
2024-03-21 21:50:00,2,31,13,4,2,15,0,0,67
2024-03-21 22:00:00,2,21,8,2,2,19,0,0,54
2024-03-21 22:10:00,1,32,16,0,4,17,0,0,70
2024-03-21 22:20:00,0,31,22,0,1,18,0,0,72
2024-03-21 22:30:00,5,25,14,6,2,7,0,0,59
2024-03-21 22:40:00,4,35,26,0,4,12,0,0,81
2024-03-21 22:50:00,4,12,2,5,2,13,0,0,38
2024-03-21 23:00:00,3,19,14,0,5,11,0,0,52
2024-03-21 23:10:00,1,17,6,0,1,4,0,0,29
2024-03-21 23:20:00,3,22,17,3,3,10,0,0,58
2024-03-21 23:30:00,1,9,7,1,0,10,0,0,28
2024-03-21 23:40:00,0,14,4,0,0,5,0,0,23
2024-03-21 23:50:00,2,17,10,0,3,2,0,0,34
2024-03-22 00:00:00,4,10,3,0,1,4,0,0,22
2024-03-22 00:10:00,1,9,1,1,0,1,0,0,13
2024-03-22 00:20:00,2,12,2,0,2,4,0,0,22
2024-03-22 00:30:00,0,11,4,0,1,5,0,0,21
2024-03-22 00:40:00,1,6,5,0,2,3,0,0,17
2024-03-22 00:50:00,0,3,1,0,1,4,0,0,9
2024-03-22 01:00:00,1,7,2,1,0,1,0,0,12
2024-03-22 01:10:00,1,5,2,0,1,1,0,0,10
2024-03-22 01:20:00,1,1,0,2,1,4,0,0,9
2024-03-22 01:30:00,1,4,1,3,0,2,0,0,11
2024-03-22 01:40:00,0,9,5,0,0,1,0,0,15
2024-03-22 01:50:00,0,1,1,0,0,6,0,0,8
2024-03-22 02:00:00,0,4,0,0,0,1,0,0,5
2024-03-22 02:10:00,1,3,2,2,0,1,0,0,9
2024-03-22 02:20:00,0,7,7,0,0,0,0,0,14
2024-03-22 02:30:00,0,6,4,0,0,4,0,0,14
2024-03-22 02:40:00,1,1,1,0,0,2,0,0,5
2024-03-22 02:50:00,0,2,2,0,0,1,0,0,5
2024-03-22 03:00:00,0,1,1,0,1,0,0,0,3
2024-03-22 03:10:00,0,5,1,0,0,1,0,0,7
2024-03-22 03:20:00,0,2,1,0,0,1,0,0,4
2024-03-22 03:30:00,0,4,6,0,0,1,0,0,11
2024-03-22 03:40:00,0,2,2,0,0,0,0,0,4
2024-03-22 03:50:00,0,3,2,0,1,2,0,0,8
2024-03-22 04:00:00,0,3,0,0,0,0,0,0,3
2024-03-22 04:10:00,0,2,1,0,0,2,0,0,5
2024-03-22 04:20:00,0,0,0,0,0,1,0,0,1
2024-03-22 04:30:00,0,0,0,0,1,4,0,0,5
2024-03-22 04:40:00,2,2,3,2,5,1,0,0,15
2024-03-22 04:50:00,0,0,0,0,1,2,0,0,3
2024-03-22 05:00:00,1,5,2,0,1,6,0,0,15
2024-03-22 05:10:00,0,6,6,0,2,6,0,0,20
2024-03-22 05:20:00,0,5,0,0,3,5,0,0,13
2024-03-22 05:30:00,1,7,3,2,3,3,0,0,19
2024-03-22 05:40:00,0,2,1,0,11,8,0,0,22
2024-03-22 05:50:00,3,10,4,6,1,11,0,0,35
2024-03-22 06:00:00,4,7,4,3,7,14,0,0,39
2024-03-22 06:10:00,2,5,1,4,0,9,0,0,21
2024-03-22 06:20:00,2,14,8,2,3,20,0,0,49
2024-03-22 06:30:00,3,8,4,0,2,13,0,0,30
2024-03-22 06:40:00,5,16,6,4,8,19,0,0,58
2024-03-22 06:50:00,5,14,11,4,3,31,0,0,68
2024-03-22 07:00:00,12,18,9,7,14,34,0,0,94
2024-03-22 07:10:00,15,21,4,11,17,37,0,0,105
2024-03-22 07:20:00,15,30,12,53,20,41,0,0,171
2024-03-22 07:30:00,14,40,19,9,24,41,0,0,147
2024-03-22 07:40:00,10,34,17,9,24,43,0,0,137
2024-03-22 07:50:00,18,38,14,12,18,41,0,0,141
2024-03-22 08:00:00,10,41,13,6,13,40,0,0,123
2024-03-22 08:10:00,12,31,14,10,13,31,0,0,111
2024-03-22 08:20:00,7,31,10,6,8,39,0,0,101
2024-03-22 08:30:00,14,23,9,19,12,39,0,0,116
2024-03-22 08:40:00,10,35,16,11,8,52,0,0,132
2024-03-22 08:50:00,14,35,10,14,7,36,0,0,116
2024-03-22 09:00:00,9,29,8,9,6,23,0,0,84
2024-03-22 09:10:00,13,32,8,9,6,28,0,0,96
2024-03-22 09:20:00,16,37,15,13,12,39,0,0,132
2024-03-22 09:30:00,17,32,9,8,16,48,0,0,130
2024-03-22 09:40:00,14,29,13,8,8,20,0,0,92
2024-03-22 09:50:00,19,45,10,25,13,39,0,0,151
2024-03-22 10:00:00,25,41,11,19,8,35,0,0,139
2024-03-22 10:10:00,12,43,23,7,9,40,0,0,134
2024-03-22 10:20:00,11,33,13,9,7,42,0,0,115
2024-03-22 10:30:00,19,46,8,10,7,41,0,0,131
2024-03-22 10:40:00,11,36,9,40,6,38,0,0,140
2024-03-22 10:50:00,12,39,17,8,6,29,0,0,111
2024-03-22 11:00:00,16,43,15,10,4,41,0,0,129
2024-03-22 11:10:00,17,47,17,12,14,24,0,0,131
2024-03-22 11:20:00,15,42,19,12,12,35,0,0,135
2024-03-22 11:30:00,10,44,16,7,5,31,0,0,113
2024-03-22 11:40:00,11,40,24,11,11,39,2,2,140
2024-03-22 11:50:00,9,44,21,9,7,30,2,1,123
2024-03-22 12:00:00,14,36,12,11,11,40,1,0,125
2024-03-22 12:10:00,14,42,22,7,10,37,0,0,132
2024-03-22 12:20:00,11,38,13,6,8,31,0,0,107
2024-03-22 12:30:00,11,33,22,8,9,38,2,1,124
2024-03-22 12:40:00,16,39,10,10,13,25,1,2,116
2024-03-22 12:50:00,18,50,19,12,12,31,0,1,143
2024-03-22 13:00:00,19,40,16,14,6,41,0,0,136
2024-03-22 13:10:00,9,40,19,9,8,37,0,1,123
2024-03-22 13:20:00,11,60,26,9,3,43,0,0,152
2024-03-22 13:30:00,8,42,20,4,10,32,0,1,117
2024-03-22 13:40:00,18,42,30,9,10,37,1,1,148
2024-03-22 13:50:00,15,52,21,10,4,23,0,1,126
2024-03-22 14:00:00,10,44,18,10,10,32,0,0,124
2024-03-22 14:10:00,15,52,23,10,11,26,1,0,138
2024-03-22 14:20:00,17,48,28,10,38,41,2,0,184
2024-03-22 14:30:00,13,41,24,10,16,40,0,2,146
2024-03-22 14:40:00,8,56,22,5,4,31,0,2,128
2024-03-22 14:50:00,13,48,27,12,9,31,2,2,144
2024-03-22 15:00:00,9,49,17,6,13,33,1,1,129
2024-03-22 15:10:00,5,53,26,2,5,51,0,3,145
2024-03-22 15:20:00,10,61,30,9,9,32,0,0,151
2024-03-22 15:30:00,15,45,19,16,10,37,30,1,173
2024-03-22 15:40:00,13,43,31,16,8,40,1,2,154
2024-03-22 15:50:00,9,40,18,5,8,34,1,0,115
2024-03-22 16:00:00,12,46,23,11,7,30,0,0,129
2024-03-22 16:10:00,8,35,18,5,8,40,0,0,114
2024-03-22 16:20:00,8,41,16,3,11,35,0,1,115
2024-03-22 16:30:00,14,46,16,8,18,33,1,2,138
2024-03-22 16:40:00,10,52,24,10,4,30,0,0,130
2024-03-22 16:50:00,11,43,24,5,14,34,0,0,131
2024-03-22 17:00:00,8,46,15,3,8,43,0,3,126
2024-03-22 17:10:00,11,43,18,11,8,40,1,0,132
2024-03-22 17:20:00,13,41,16,12,11,28,0,0,121
2024-03-22 17:30:00,11,46,21,10,13,45,1,0,147
2024-03-22 17:40:00,11,40,25,8,13,43,0,0,140
2024-03-22 17:50:00,13,39,25,3,10,39,0,0,129
2024-03-22 18:00:00,14,38,19,1,6,34,0,1,113
2024-03-22 18:10:00,17,36,20,12,19,33,0,1,138
2024-03-22 18:20:00,16,43,23,11,9,20,0,0,122
2024-03-22 18:30:00,7,32,15,6,1,13,0,0,74
2024-03-22 18:40:00,2,18,8,2,4,9,0,0,43
2024-03-22 18:50:00,5,23,23,0,6,16,0,0,73
2024-03-22 19:00:00,9,57,26,5,8,36,1,1,143
2024-03-22 19:10:00,9,29,20,12,7,27,0,0,104
2024-03-22 19:20:00,21,42,40,8,15,39,0,1,166
2024-03-22 19:30:00,10,49,21,8,5,21,1,1,116
2024-03-22 19:40:00,8,28,12,6,6,27,0,0,87
2024-03-22 19:50:00,9,31,13,7,7,14,2,2,85
2024-03-22 20:00:00,6,28,15,11,4,19,0,0,83
2024-03-22 20:10:00,4,25,24,1,2,25,0,0,81
2024-03-22 20:20:00,8,37,14,5,6,24,1,0,95
2024-03-22 20:30:00,4,34,24,4,4,17,0,3,90
2024-03-22 20:40:00,8,34,22,7,5,13,0,0,89
2024-03-22 20:50:00,8,34,22,9,0,11,2,1,87
2024-03-22 21:00:00,6,39,17,2,2,17,0,0,83
2024-03-22 21:10:00,9,35,16,3,1,16,0,0,80
2024-03-22 21:20:00,6,25,17,2,4,23,0,0,77
2024-03-22 21:30:00,4,23,12,2,8,16,1,3,69
2024-03-22 21:40:00,9,34,19,6,1,15,0,0,84
2024-03-22 21:50:00,6,25,11,3,0,11,0,0,56
2024-03-22 22:00:00,4,22,12,2,3,13,0,0,56
2024-03-22 22:10:00,8,35,14,6,1,16,1,0,81
2024-03-22 22:20:00,4,37,25,0,3,22,0,0,91
2024-03-22 22:30:00,2,17,12,0,0,21,0,0,52
2024-03-22 22:40:00,7,18,14,1,1,11,0,0,52
2024-03-22 22:50:00,3,25,11,2,1,12,0,0,54
2024-03-22 23:00:00,6,17,14,2,2,4,0,0,45
2024-03-22 23:10:00,5,22,6,1,5,9,0,0,48
2024-03-22 23:20:00,6,15,14,5,1,13,0,0,54
2024-03-22 23:30:00,1,23,11,0,0,10,0,0,45
2024-03-22 23:40:00,5,15,10,2,0,4,0,0,36
2024-03-22 23:50:00,2,7,6,0,0,9,1,0,25
2024-03-23 00:00:00,2,12,2,0,1,5,0,0,22
2024-03-23 00:10:00,2,13,10,0,3,7,0,0,35
2024-03-23 00:20:00,1,5,8,0,0,3,0,0,17
2024-03-23 00:30:00,2,16,13,0,0,6,0,0,37
2024-03-23 00:40:00,1,10,6,0,1,1,0,0,19
2024-03-23 00:50:00,1,9,6,0,0,2,0,0,18
2024-03-23 01:00:00,1,5,3,0,0,8,0,0,17
2024-03-23 01:10:00,1,8,9,2,0,3,0,0,23
2024-03-23 01:20:00,0,3,7,0,1,3,0,0,14
2024-03-23 01:30:00,1,8,2,0,3,6,0,0,20
2024-03-23 01:40:00,1,6,5,1,0,2,0,0,15
2024-03-23 01:50:00,0,11,7,0,0,4,0,0,22
2024-03-23 02:00:00,0,4,5,0,0,6,0,0,15
2024-03-23 02:10:00,1,5,2,3,0,3,0,0,14
2024-03-23 02:20:00,1,5,1,4,0,1,0,0,12
2024-03-23 02:30:00,0,3,2,0,0,2,0,0,7
2024-03-23 02:40:00,0,4,1,0,2,1,0,0,8
2024-03-23 02:50:00,1,8,4,0,0,2,0,0,15
2024-03-23 03:00:00,3,7,3,3,0,2,0,0,18
2024-03-23 03:10:00,1,3,3,3,0,3,0,0,13
2024-03-23 03:20:00,0,4,3,0,0,1,0,0,8
2024-03-23 03:30:00,0,5,0,0,0,1,0,0,6
2024-03-23 03:40:00,0,7,4,0,0,0,2,0,13
2024-03-23 03:50:00,0,1,0,0,1,3,0,0,5
2024-03-23 04:00:00,0,5,2,0,0,0,0,0,7
2024-03-23 04:10:00,0,2,2,0,2,0,0,0,6
2024-03-23 04:20:00,1,3,2,1,0,0,0,0,7
2024-03-23 04:30:00,1,0,0,1,0,3,0,0,5
2024-03-23 04:40:00,0,5,2,0,0,0,0,0,7
2024-03-23 04:50:00,0,3,2,0,0,3,0,0,8
2024-03-23 05:00:00,0,2,2,0,0,5,0,0,9
2024-03-23 05:10:00,1,0,0,1,2,4,0,0,8
2024-03-23 05:20:00,0,8,5,0,0,4,0,0,17
2024-03-23 05:30:00,0,2,3,0,1,1,0,0,7
2024-03-23 05:40:00,2,2,1,3,1,1,0,0,10
2024-03-23 05:50:00,2,3,1,0,1,4,0,0,11
2024-03-23 06:00:00,1,6,6,0,0,1,0,0,14
2024-03-23 06:10:00,3,4,3,2,3,2,0,0,17
2024-03-23 06:20:00,2,7,6,1,9,6,0,0,31
2024-03-23 06:30:00,1,8,5,2,6,4,0,0,26
2024-03-23 06:40:00,0,4,4,0,6,6,0,1,21
2024-03-23 06:50:00,4,6,6,6,3,10,0,0,35
2024-03-23 07:00:00,2,8,3,0,7,5,0,0,25
2024-03-23 07:10:00,0,5,3,0,0,6,0,0,14
2024-03-23 07:20:00,5,10,6,4,2,9,0,0,36
2024-03-23 07:30:00,0,8,4,0,2,6,0,0,20
2024-03-23 07:40:00,3,7,8,3,2,12,1,0,36
2024-03-23 07:50:00,3,11,7,2,2,8,1,0,34
2024-03-23 08:00:00,3,9,4,5,1,13,3,1,39
2024-03-23 08:10:00,4,16,11,5,2,13,2,1,54
2024-03-23 08:20:00,6,19,4,4,4,16,0,1,54
2024-03-23 08:30:00,13,15,9,12,4,21,0,1,75
2024-03-23 08:40:00,10,26,19,7,8,23,0,0,93
2024-03-23 08:50:00,8,20,3,6,4,21,0,3,65
2024-03-23 09:00:00,10,22,9,7,5,18,0,0,71
2024-03-23 09:10:00,7,26,10,4,4,24,1,1,77
2024-03-23 09:20:00,8,29,11,4,4,27,0,0,83
2024-03-23 09:30:00,16,24,5,12,9,28,0,0,94
2024-03-23 09:40:00,13,31,10,10,6,24,0,0,94
2024-03-23 09:50:00,8,35,8,6,10,56,0,0,123
2024-03-23 10:00:00,14,24,7,11,9,27,1,0,93
2024-03-23 10:10:00,12,37,17,7,30,42,1,0,146
2024-03-23 10:20:00,14,25,9,12,6,27,3,1,97
2024-03-23 10:30:00,15,31,15,8,5,28,2,0,104
2024-03-23 10:40:00,11,27,15,9,10,31,3,1,107
2024-03-23 10:50:00,18,38,14,13,2,26,2,4,117
2024-03-23 11:00:00,11,44,12,12,10,21,0,2,112
2024-03-23 11:10:00,11,33,8,10,16,32,0,0,110
2024-03-23 11:20:00,10,31,13,8,16,31,0,2,111
2024-03-23 11:30:00,12,28,14,10,28,34,0,0,126
2024-03-23 11:40:00,11,31,7,7,7,38,3,1,105
2024-03-23 11:50:00,8,32,14,6,3,41,0,1,105
2024-03-23 12:00:00,11,34,8,7,5,40,2,0,107
2024-03-23 12:10:00,12,37,48,9,10,38,1,2,157
2024-03-23 12:20:00,9,47,16,3,7,31,3,1,117
2024-03-23 12:30:00,9,40,8,8,2,31,2,1,101
2024-03-23 12:40:00,17,40,16,14,8,27,2,0,124
2024-03-23 12:50:00,15,52,16,11,3,35,0,0,132
2024-03-23 13:00:00,9,32,20,9,6,35,0,0,111
2024-03-23 13:10:00,19,38,17,10,11,34,5,0,134
2024-03-23 13:20:00,10,40,15,8,8,19,0,0,100
2024-03-23 13:30:00,8,44,14,4,7,27,0,0,104
2024-03-23 13:40:00,12,43,10,7,8,35,0,0,115
2024-03-23 13:50:00,5,32,6,3,2,35,0,0,83
2024-03-23 14:00:00,14,44,10,5,6,38,1,0,118
2024-03-23 14:10:00,10,42,15,6,19,27,0,0,119
2024-03-23 14:20:00,7,52,27,5,10,26,2,0,129
2024-03-23 14:30:00,11,35,15,7,7,29,0,1,105
2024-03-23 14:40:00,11,42,12,6,4,22,1,1,99
2024-03-23 14:50:00,11,46,11,4,7,26,4,0,109
2024-03-23 15:00:00,8,40,18,2,4,23,1,0,96
2024-03-23 15:10:00,7,38,23,4,3,28,1,0,104
2024-03-23 15:20:00,12,29,12,7,6,34,1,5,106
2024-03-23 15:30:00,12,49,18,9,2,22,2,0,114
2024-03-23 15:40:00,10,36,12,5,5,31,0,0,99
2024-03-23 15:50:00,6,33,50,6,5,29,1,4,134
2024-03-23 16:00:00,12,39,15,7,5,25,0,0,103
2024-03-23 16:10:00,8,29,21,6,9,31,3,1,108
2024-03-23 16:20:00,4,43,20,3,6,31,1,2,110
2024-03-23 16:30:00,10,35,14,7,3,21,0,1,91
2024-03-23 16:40:00,7,35,13,3,3,28,1,0,90
2024-03-23 16:50:00,8,37,12,10,2,29,0,0,98
2024-03-23 17:00:00,7,27,20,6,5,23,0,0,88
2024-03-23 17:10:00,8,41,42,5,4,32,1,0,133
2024-03-23 17:20:00,7,40,23,6,9,32,0,0,117
2024-03-23 17:30:00,5,26,10,2,1,30,0,0,74
2024-03-23 17:40:00,4,38,19,4,7,28,2,1,103
2024-03-23 17:50:00,12,36,15,9,5,22,1,1,101
2024-03-23 18:00:00,12,36,16,9,6,32,2,1,114
2024-03-23 18:10:00,9,44,15,7,8,33,0,0,116
2024-03-23 18:20:00,10,33,15,10,5,35,0,0,108
2024-03-23 18:30:00,9,33,18,8,4,30,0,1,103
2024-03-23 18:40:00,21,31,10,11,4,37,0,0,114
2024-03-23 18:50:00,9,29,14,9,6,29,1,0,97
2024-03-23 19:00:00,9,38,11,12,2,32,0,0,104
2024-03-23 19:10:00,10,36,15,10,3,33,0,4,111
2024-03-23 19:20:00,8,32,16,10,1,16,0,0,83
2024-03-23 19:30:00,3,34,13,3,0,24,0,2,79
2024-03-23 19:40:00,7,32,19,9,5,18,0,0,90
2024-03-23 19:50:00,6,37,22,4,7,22,0,0,98
2024-03-23 20:00:00,4,38,24,6,1,29,0,1,103
2024-03-23 20:10:00,4,18,13,4,5,17,0,0,61
2024-03-23 20:20:00,3,25,10,3,3,25,0,0,69
2024-03-23 20:30:00,8,24,7,8,4,13,0,0,64
2024-03-23 20:40:00,4,34,15,6,0,16,0,0,75
2024-03-23 20:50:00,5,30,18,4,0,15,0,0,72
2024-03-23 21:00:00,2,34,21,2,0,18,0,0,77
2024-03-23 21:10:00,6,23,13,3,2,15,2,0,64
2024-03-23 21:20:00,3,25,16,2,0,15,0,0,61
2024-03-23 21:30:00,1,22,17,0,4,17,0,0,61
2024-03-23 21:40:00,1,18,14,0,4,12,0,0,49
2024-03-23 21:50:00,5,28,18,2,3,14,0,0,70
2024-03-23 22:00:00,4,22,8,3,0,8,0,0,45
2024-03-23 22:10:00,4,31,12,5,0,8,0,0,60
2024-03-23 22:20:00,2,19,9,0,1,9,0,0,40
2024-03-23 22:30:00,2,20,7,2,0,19,0,0,50
2024-03-23 22:40:00,7,17,13,0,4,14,0,0,55
2024-03-23 22:50:00,3,18,11,0,1,12,2,0,47
2024-03-23 23:00:00,3,25,16,2,0,17,2,0,65
2024-03-23 23:10:00,4,29,8,6,2,10,0,0,59
2024-03-23 23:20:00,3,20,15,4,3,5,0,0,50
2024-03-23 23:30:00,2,26,16,2,0,9,0,0,55
2024-03-23 23:40:00,3,19,8,8,0,7,0,0,45
2024-03-23 23:50:00,5,14,11,0,0,10,0,0,40
2024-03-24 00:00:00,2,20,18,2,1,10,0,0,53
2024-03-24 00:10:00,1,7,6,0,2,10,0,0,26
2024-03-24 00:20:00,3,10,8,3,1,5,0,0,30
2024-03-24 00:30:00,2,15,14,0,2,7,0,0,40
2024-03-24 00:40:00,2,11,9,0,1,3,0,0,26
2024-03-24 00:50:00,2,11,10,2,1,5,0,0,31
2024-03-24 01:00:00,2,4,3,0,1,7,0,0,17
2024-03-24 01:10:00,0,5,5,0,0,8,0,0,18
2024-03-24 01:20:00,1,5,2,0,4,6,0,0,18
2024-03-24 01:30:00,1,6,4,1,1,4,0,0,17
2024-03-24 01:40:00,0,3,3,0,0,3,0,0,9
2024-03-24 01:50:00,2,7,5,0,0,4,0,0,18
2024-03-24 02:00:00,1,11,9,0,3,4,3,1,32
2024-03-24 02:10:00,1,9,5,1,0,4,0,0,20
2024-03-24 02:20:00,3,4,1,3,0,6,0,0,17
2024-03-24 02:30:00,1,7,7,0,0,4,0,0,19
2024-03-24 02:40:00,1,7,4,0,1,4,0,0,17
2024-03-24 02:50:00,1,4,4,1,0,5,0,0,15
2024-03-24 03:00:00,1,10,9,0,0,4,0,0,24
2024-03-24 03:10:00,1,6,6,1,1,5,0,0,20
2024-03-24 03:20:00,0,6,5,0,0,3,0,0,14
2024-03-24 03:30:00,0,2,0,0,0,2,0,0,4
2024-03-24 03:40:00,0,6,4,0,0,2,0,0,12
2024-03-24 03:50:00,0,7,2,0,0,1,0,0,10
2024-03-24 04:00:00,0,3,2,0,2,3,0,0,10
2024-03-24 04:10:00,0,3,1,0,0,0,0,0,4
2024-03-24 04:20:00,0,0,0,0,0,0,0,0,0
2024-03-24 04:30:00,3,2,2,2,0,5,0,0,14
2024-03-24 04:40:00,0,1,0,0,0,0,0,0,1
2024-03-24 04:50:00,0,2,2,0,0,1,0,0,5
2024-03-24 05:00:00,0,2,1,0,0,4,0,0,7
2024-03-24 05:10:00,2,5,3,2,0,1,0,0,13
2024-03-24 05:20:00,0,6,4,0,1,3,0,0,14
2024-03-24 05:30:00,0,3,2,0,1,0,0,0,6
2024-03-24 05:40:00,0,5,2,0,4,2,0,0,13
2024-03-24 05:50:00,1,3,2,0,1,4,0,0,11
2024-03-24 06:00:00,1,4,1,2,0,2,0,0,10
2024-03-24 06:10:00,2,2,0,2,0,1,0,0,7
2024-03-24 06:20:00,0,6,7,0,0,4,0,0,17
2024-03-24 06:30:00,1,3,0,0,0,6,0,0,10
2024-03-24 06:40:00,0,5,1,0,0,5,0,0,11
2024-03-24 06:50:00,0,6,3,0,2,5,0,0,16
2024-03-24 07:00:00,1,3,0,1,0,7,0,0,12
2024-03-24 07:10:00,2,1,1,0,1,2,0,0,7
2024-03-24 07:20:00,2,5,1,2,0,3,0,0,13
2024-03-24 07:30:00,1,4,0,1,0,4,0,0,10
2024-03-24 07:40:00,2,5,2,0,2,3,0,0,14
2024-03-24 07:50:00,2,5,5,2,0,7,0,0,21
2024-03-24 08:00:00,3,12,6,2,1,1,0,0,25
2024-03-24 08:10:00,3,10,2,2,4,5,1,0,27
2024-03-24 08:20:00,6,6,0,5,1,6,1,0,25
2024-03-24 08:30:00,4,8,2,0,3,9,1,0,27
2024-03-24 08:40:00,7,11,1,5,4,12,0,0,40
2024-03-24 08:50:00,4,11,4,3,1,9,0,0,32
2024-03-24 09:00:00,5,10,4,4,0,14,0,0,37
2024-03-24 09:10:00,2,9,2,0,2,14,0,0,29
2024-03-24 09:20:00,6,18,7,4,3,11,0,0,49
2024-03-24 09:30:00,9,16,7,2,6,18,1,0,59
2024-03-24 09:40:00,12,22,4,7,8,27,0,0,80
2024-03-24 09:50:00,13,11,4,9,12,20,1,0,70
2024-03-24 10:00:00,6,22,8,5,2,12,4,1,60
2024-03-24 10:10:00,6,15,11,4,3,21,0,0,60
2024-03-24 10:20:00,6,14,8,6,0,17,0,0,51
2024-03-24 10:30:00,12,20,10,7,0,20,1,1,71
2024-03-24 10:40:00,13,18,2,10,7,15,0,0,65
2024-03-24 10:50:00,5,20,2,3,6,24,0,0,60
2024-03-24 11:00:00,11,16,4,5,8,23,1,1,69
2024-03-24 11:10:00,9,26,5,6,3,17,0,1,67
2024-03-24 11:20:00,10,21,5,6,5,25,0,0,72
2024-03-24 11:30:00,12,17,3,6,9,27,0,0,74
2024-03-24 11:40:00,7,28,9,4,6,28,0,2,84
2024-03-24 11:50:00,5,28,4,5,6,17,1,1,67
2024-03-24 12:00:00,8,34,14,5,1,25,0,0,87
2024-03-24 12:10:00,12,35,18,37,4,30,0,0,136
2024-03-24 12:20:00,3,31,45,5,1,19,0,0,104
2024-03-24 12:30:00,7,30,11,3,2,22,0,0,75
2024-03-24 12:40:00,8,27,21,4,4,21,0,0,85
2024-03-24 12:50:00,6,22,9,3,4,27,0,2,73
2024-03-24 13:00:00,7,21,7,3,4,20,0,1,63
2024-03-24 13:10:00,6,24,15,5,3,12,1,1,67
2024-03-24 13:20:00,8,24,23,7,5,19,0,0,86
2024-03-24 13:30:00,11,32,5,10,3,26,0,0,87
2024-03-24 13:40:00,9,28,17,6,1,30,0,0,91
2024-03-24 13:50:00,1,26,1,1,5,24,0,0,58
2024-03-24 14:00:00,4,23,9,4,3,19,3,1,66
2024-03-24 14:10:00,9,31,22,7,3,31,0,0,103
2024-03-24 14:20:00,7,30,9,5,2,24,1,1,79
2024-03-24 14:30:00,11,23,8,4,6,20,0,1,73
2024-03-24 14:40:00,4,42,24,2,7,23,1,2,105
2024-03-24 14:50:00,8,31,65,8,27,51,0,4,194
2024-03-24 15:00:00,5,28,12,5,10,26,2,0,88
2024-03-24 15:10:00,6,28,28,4,25,27,0,0,118
2024-03-24 15:20:00,10,36,26,7,6,21,1,0,107
2024-03-24 15:30:00,7,24,12,4,7,25,0,0,79
2024-03-24 15:40:00,13,28,15,7,3,25,0,0,91
2024-03-24 15:50:00,6,30,12,2,25,25,0,0,100
2024-03-24 16:00:00,9,30,19,5,7,24,0,1,95
2024-03-24 16:10:00,10,26,16,8,4,23,0,0,87
2024-03-24 16:20:00,4,24,9,3,3,25,1,0,69
2024-03-24 16:30:00,12,23,8,11,8,28,2,1,93
2024-03-24 16:40:00,8,24,16,6,6,26,0,0,86
2024-03-24 16:50:00,7,25,8,5,1,26,0,0,72
2024-03-24 17:00:00,8,24,6,4,3,28,0,0,73
2024-03-24 17:10:00,9,27,13,4,4,24,0,2,83
2024-03-24 17:20:00,8,32,10,6,3,26,0,0,85
2024-03-24 17:30:00,8,25,12,3,3,20,0,0,71
2024-03-24 17:40:00,3,23,6,4,7,29,1,0,73
2024-03-24 17:50:00,5,31,15,4,3,34,0,0,92
2024-03-24 18:00:00,7,27,8,3,8,25,0,0,78
2024-03-24 18:10:00,9,29,7,7,2,22,1,0,77
2024-03-24 18:20:00,9,26,7,5,4,28,1,0,80
2024-03-24 18:30:00,8,19,11,4,5,28,0,0,75
2024-03-24 18:40:00,8,23,13,6,11,23,0,0,84
2024-03-24 18:50:00,7,25,26,15,40,26,1,0,140
2024-03-24 19:00:00,7,22,21,4,5,14,1,1,75
2024-03-24 19:10:00,2,19,18,1,3,27,0,0,70
2024-03-24 19:20:00,8,17,17,3,10,19,0,0,74
2024-03-24 19:30:00,4,14,8,1,5,18,0,0,50
2024-03-24 19:40:00,6,17,9,6,7,17,4,3,69
2024-03-24 19:50:00,5,16,5,2,6,20,1,0,55
2024-03-24 20:00:00,7,18,14,7,1,15,0,0,62
2024-03-24 20:10:00,5,17,15,3,4,10,2,1,57
2024-03-24 20:20:00,4,21,17,2,4,22,0,0,70
2024-03-24 20:30:00,2,20,10,2,3,13,0,0,50
2024-03-24 20:40:00,1,19,18,0,2,8,0,0,48
2024-03-24 20:50:00,5,22,8,7,3,14,2,6,67
2024-03-24 21:00:00,5,25,13,0,2,4,3,2,54
2024-03-24 21:10:00,6,21,9,2,3,10,0,0,51
2024-03-24 21:20:00,1,20,6,1,3,15,0,0,46
2024-03-24 21:30:00,1,32,17,1,4,16,0,0,71
2024-03-24 21:40:00,8,17,5,6,3,14,0,0,53
2024-03-24 21:50:00,4,14,4,4,0,11,0,0,37
2024-03-24 22:00:00,6,25,20,1,2,13,0,0,67
2024-03-24 22:10:00,0,17,8,0,0,13,0,0,38
2024-03-24 22:20:00,2,10,2,0,2,10,0,0,26
2024-03-24 22:30:00,4,14,16,0,0,9,0,0,43
2024-03-24 22:40:00,2,8,2,0,0,8,0,0,20
2024-03-24 22:50:00,1,11,10,1,0,4,0,0,27
2024-03-24 23:00:00,1,9,7,0,0,3,0,0,20
2024-03-24 23:10:00,2,14,9,0,1,4,0,0,30
2024-03-24 23:20:00,1,7,5,0,2,3,0,0,18
2024-03-24 23:30:00,1,8,8,0,2,6,0,0,25
2024-03-24 23:40:00,0,11,10,0,0,5,0,0,26
2024-03-24 23:50:00,1,5,2,1,0,1,0,0,10
2024-03-25 00:00:00,0,3,2,0,0,0,0,0,5
2024-03-25 00:10:00,0,4,4,0,0,3,0,0,11
2024-03-25 00:20:00,1,4,3,0,0,1,0,0,9
2024-03-25 00:30:00,0,6,2,0,0,1,0,0,9
2024-03-25 00:40:00,0,4,7,0,0,2,0,0,13
2024-03-25 00:50:00,0,7,3,0,0,2,0,0,12
2024-03-25 01:00:00,1,11,6,1,0,1,0,0,20
2024-03-25 01:10:00,1,0,0,0,1,3,0,0,5
2024-03-25 01:20:00,1,2,2,0,1,2,0,0,8
2024-03-25 01:30:00,1,5,5,1,0,3,0,0,15
2024-03-25 01:40:00,1,4,2,0,2,5,0,0,14
2024-03-25 01:50:00,0,2,1,0,0,1,0,0,4
2024-03-25 02:00:00,0,2,0,0,0,2,0,0,4
2024-03-25 02:10:00,0,4,3,0,0,0,0,0,7
2024-03-25 02:20:00,0,1,0,0,0,1,0,0,2
2024-03-25 02:30:00,1,0,0,2,0,2,0,0,5
2024-03-25 02:40:00,0,2,0,0,0,0,0,0,2
2024-03-25 02:50:00,0,3,2,0,0,0,0,0,5
2024-03-25 03:00:00,0,2,4,0,0,3,0,0,9
2024-03-25 03:10:00,0,5,3,0,1,0,0,0,9
2024-03-25 03:20:00,1,5,2,0,0,0,4,0,12
2024-03-25 03:30:00,0,1,1,0,0,1,0,0,3
2024-03-25 03:40:00,0,5,3,0,0,0,0,0,8
2024-03-25 03:50:00,0,4,2,0,0,0,0,0,6
2024-03-25 04:00:00,2,2,0,3,2,0,0,0,9
2024-03-25 04:10:00,0,1,0,0,0,1,0,0,2
2024-03-25 04:20:00,0,0,0,0,3,1,0,0,4
2024-03-25 04:30:00,0,1,1,0,1,0,0,0,3
2024-03-25 04:40:00,1,1,1,3,1,1,1,2,11
2024-03-25 04:50:00,0,2,1,0,0,2,0,0,5
2024-03-25 05:00:00,1,4,3,0,1,6,0,0,15
2024-03-25 05:10:00,0,2,2,0,2,5,0,0,11
2024-03-25 05:20:00,0,8,3,0,1,4,0,0,16
2024-03-25 05:30:00,0,2,1,0,1,8,0,0,12
2024-03-25 05:40:00,4,6,5,2,5,13,0,0,35
2024-03-25 05:50:00,3,13,5,1,7,12,0,0,41
2024-03-25 06:00:00,1,6,1,1,2,13,0,0,24
2024-03-25 06:10:00,1,4,1,1,6,10,0,0,23
2024-03-25 06:20:00,2,12,7,2,3,11,1,0,38
2024-03-25 06:30:00,1,12,4,1,9,20,0,0,47
2024-03-25 06:40:00,2,11,2,2,6,18,2,0,43
2024-03-25 06:50:00,4,10,1,3,4,24,0,0,46
2024-03-25 07:00:00,7,11,7,4,27,32,0,0,88
2024-03-25 07:10:00,4,12,4,2,9,26,0,0,57
2024-03-25 07:20:00,9,21,3,6,16,37,0,0,92
2024-03-25 07:30:00,9,18,13,7,13,28,0,0,88
2024-03-25 07:40:00,11,26,10,10,12,26,0,0,95
2024-03-25 07:50:00,14,16,4,8,14,29,2,1,88
2024-03-25 08:00:00,9,30,19,7,9,34,2,2,112
2024-03-25 08:10:00,14,23,31,13,11,30,1,0,123
2024-03-25 08:20:00,21,23,13,20,16,36,1,3,133
2024-03-25 08:30:00,14,30,41,6,12,37,0,0,140
2024-03-25 08:40:00,9,30,23,11,20,47,0,0,140
2024-03-25 08:50:00,16,40,17,15,9,46,1,0,144
2024-03-25 09:00:00,13,35,15,9,7,28,0,0,107
2024-03-25 09:10:00,20,26,7,12,6,35,0,0,106
2024-03-25 09:20:00,10,35,8,13,2,32,0,0,100
2024-03-25 09:30:00,14,29,14,6,10,38,2,0,113
2024-03-25 09:40:00,11,39,8,12,10,42,1,0,123
2024-03-25 09:50:00,13,30,7,8,12,30,4,0,104
2024-03-25 10:00:00,11,35,10,8,5,34,0,0,103
2024-03-25 10:10:00,12,22,14,14,5,32,0,0,99
2024-03-25 10:20:00,8,35,14,6,7,31,3,1,105
2024-03-25 10:30:00,12,25,10,8,7,27,0,0,89
2024-03-25 10:40:00,10,41,17,7,7,40,3,0,125
2024-03-25 10:50:00,10,32,8,10,4,33,0,0,97
2024-03-25 11:00:00,10,43,12,8,11,34,0,0,118
2024-03-25 11:10:00,6,40,14,7,2,33,2,0,104
2024-03-25 11:20:00,11,40,10,11,4,30,3,1,110
2024-03-25 11:30:00,15,46,20,12,11,47,0,0,151
2024-03-25 11:40:00,11,34,9,12,9,47,0,0,122
2024-03-25 11:50:00,12,42,19,7,7,39,1,0,127
2024-03-25 12:00:00,15,52,10,4,4,36,0,0,121
2024-03-25 12:10:00,13,43,13,17,10,44,2,0,142
2024-03-25 12:20:00,10,35,14,10,5,26,5,3,108
2024-03-25 12:30:00,10,39,21,5,8,42,1,1,127
2024-03-25 12:40:00,13,36,16,10,11,25,0,0,111
2024-03-25 12:50:00,12,39,10,13,5,33,1,2,115
2024-03-25 13:00:00,10,35,16,8,3,31,2,1,106
2024-03-25 13:10:00,8,39,14,7,2,26,1,3,100
2024-03-25 13:20:00,6,43,16,5,4,45,0,0,119
2024-03-25 13:30:00,9,39,23,6,5,22,0,1,105
2024-03-25 13:40:00,11,22,14,8,13,31,0,0,99
2024-03-25 13:50:00,12,39,22,10,10,29,0,1,123
2024-03-25 14:00:00,10,41,20,6,8,37,0,0,122
2024-03-25 14:10:00,20,30,29,15,26,37,0,0,157
2024-03-25 14:20:00,9,38,36,7,14,35,4,1,144
2024-03-25 14:30:00,12,38,30,11,22,31,3,0,147
2024-03-25 14:40:00,8,46,35,9,8,28,0,0,134
2024-03-25 14:50:00,13,52,28,27,18,39,0,0,177
2024-03-25 15:00:00,9,39,33,7,13,36,0,0,137
2024-03-25 15:10:00,13,43,36,6,42,31,2,2,175
2024-03-25 15:20:00,15,40,27,13,13,42,0,0,150
2024-03-25 15:30:00,11,47,36,10,19,39,0,1,163
2024-03-25 15:40:00,15,48,26,14,7,40,3,1,154
2024-03-25 15:50:00,17,33,31,9,9,38,2,2,141
2024-03-25 16:00:00,13,41,28,12,13,31,1,3,142
2024-03-25 16:10:00,16,37,35,11,45,35,2,2,183
2024-03-25 16:20:00,13,58,50,13,41,27,0,0,202
2024-03-25 16:30:00,12,51,38,12,16,30,0,1,160
2024-03-25 16:40:00,12,51,61,4,50,37,0,0,215
2024-03-25 16:50:00,14,55,68,8,23,36,1,0,205
2024-03-25 17:00:00,11,61,43,6,24,29,0,0,174
2024-03-25 17:10:00,14,48,65,8,20,38,0,0,193
2024-03-25 17:20:00,13,41,32,8,11,32,0,0,137
2024-03-25 17:30:00,10,46,27,8,11,28,3,0,133
2024-03-25 17:40:00,14,49,26,19,14,38,0,0,160
2024-03-25 17:50:00,13,53,27,11,13,27,5,0,149
2024-03-25 18:00:00,20,33,18,15,17,42,0,3,148
2024-03-25 18:10:00,16,47,17,15,12,26,0,1,134
2024-03-25 18:20:00,10,43,32,8,8,19,1,0,121
2024-03-25 18:30:00,10,41,25,7,8,39,0,0,130
2024-03-25 18:40:00,9,35,10,5,12,37,2,0,110
2024-03-25 18:50:00,11,44,27,9,11,28,0,0,130
2024-03-25 19:00:00,10,37,26,6,12,32,0,0,123
2024-03-25 19:10:00,12,35,8,7,6,23,0,0,91
2024-03-25 19:20:00,10,32,11,3,6,27,0,0,89
2024-03-25 19:30:00,5,41,23,4,4,11,0,0,88
2024-03-25 19:40:00,7,45,18,5,5,21,1,2,104
2024-03-25 19:50:00,10,30,14,5,8,19,0,0,86
2024-03-25 20:00:00,8,28,13,5,2,27,1,4,88
2024-03-25 20:10:00,11,36,13,5,4,16,0,0,85
2024-03-25 20:20:00,9,32,8,2,6,23,1,1,82
2024-03-25 20:30:00,3,27,9,4,0,23,0,0,66
2024-03-25 20:40:00,7,33,15,5,2,15,0,0,77
2024-03-25 20:50:00,3,14,13,0,2,15,3,3,53
2024-03-25 21:00:00,6,18,11,7,4,16,0,2,64
2024-03-25 21:10:00,1,16,8,0,1,17,0,0,43
2024-03-25 21:20:00,5,19,9,2,3,8,2,0,48
2024-03-25 21:30:00,4,33,13,1,1,7,0,0,59
2024-03-25 21:40:00,2,16,14,4,0,10,0,0,46
2024-03-25 21:50:00,4,25,7,2,2,6,1,1,48
2024-03-25 22:00:00,2,21,13,0,0,9,0,0,45
2024-03-25 22:10:00,8,24,12,2,1,12,0,0,59
2024-03-25 22:20:00,1,21,4,0,2,9,0,0,37
2024-03-25 22:30:00,3,27,8,2,1,8,0,0,49
2024-03-25 22:40:00,2,13,13,2,1,12,1,3,47
2024-03-25 22:50:00,1,17,7,2,1,2,0,31,61
2024-03-25 23:00:00,2,9,0,1,3,13,0,0,28
2024-03-25 23:10:00,0,16,13,0,0,3,0,0,32
2024-03-25 23:20:00,2,11,12,2,1,5,0,0,33
2024-03-25 23:30:00,1,11,1,0,1,5,0,0,19
2024-03-25 23:40:00,2,10,9,0,1,4,0,0,26
2024-03-25 23:50:00,1,5,3,0,0,5,0,0,14
2024-03-26 00:00:00,0,5,1,0,0,0,0,0,6
2024-03-26 00:10:00,0,7,4,0,0,4,0,0,15
2024-03-26 00:20:00,1,7,5,0,0,4,0,0,17
2024-03-26 00:30:00,0,5,3,0,0,5,0,0,13
2024-03-26 00:40:00,1,5,7,0,0,1,0,0,14
2024-03-26 00:50:00,1,3,1,0,0,8,0,0,13
2024-03-26 01:00:00,1,3,1,1,0,3,0,0,9
2024-03-26 01:10:00,0,2,1,0,0,0,0,0,3
2024-03-26 01:20:00,0,5,3,0,0,3,0,0,11
2024-03-26 01:30:00,0,3,6,0,0,2,0,0,11
2024-03-26 01:40:00,0,4,7,0,0,3,0,0,14
2024-03-26 01:50:00,0,2,2,0,0,1,0,0,5
2024-03-26 02:00:00,0,0,1,0,0,2,0,0,3
2024-03-26 02:10:00,0,2,2,0,0,1,0,0,5
2024-03-26 02:20:00,0,4,2,0,0,2,0,0,8
2024-03-26 02:30:00,0,2,3,0,0,1,0,0,6
2024-03-26 02:40:00,0,0,0,0,0,0,0,0,0
2024-03-26 02:50:00,0,1,2,0,0,1,0,0,4
2024-03-26 03:00:00,0,3,1,0,0,2,0,0,6
2024-03-26 03:10:00,0,5,0,0,2,1,0,0,8
2024-03-26 03:20:00,0,4,1,0,0,0,3,0,8
2024-03-26 03:30:00,0,2,1,0,0,1,0,0,4
2024-03-26 03:40:00,0,2,3,0,0,2,0,0,7
2024-03-26 03:50:00,1,3,1,1,5,1,0,0,12
2024-03-26 04:00:00,0,2,1,0,2,1,0,0,6
2024-03-26 04:10:00,1,3,0,0,2,2,0,0,8
2024-03-26 04:20:00,1,4,1,1,0,2,0,0,9
2024-03-26 04:30:00,1,0,0,2,2,3,0,0,8
2024-03-26 04:40:00,1,1,0,0,0,2,0,0,4
2024-03-26 04:50:00,1,0,1,3,1,3,0,0,9
2024-03-26 05:00:00,0,4,2,0,0,4,0,0,10
2024-03-26 05:10:00,0,3,3,0,4,4,0,0,14
2024-03-26 05:20:00,2,4,2,3,2,9,0,0,22
2024-03-26 05:30:00,2,6,1,1,3,6,0,0,19
2024-03-26 05:40:00,1,7,4,0,8,7,0,0,27
2024-03-26 05:50:00,1,12,10,2,4,11,0,0,40
2024-03-26 06:00:00,2,5,1,2,5,8,0,0,23
2024-03-26 06:10:00,1,5,4,1,4,13,0,0,28
2024-03-26 06:20:00,2,13,3,2,4,9,0,0,33
2024-03-26 06:30:00,2,12,4,1,5,15,9,1,49
2024-03-26 06:40:00,6,17,7,6,6,21,0,0,63
2024-03-26 06:50:00,3,14,6,1,7,19,1,0,51
2024-03-26 07:00:00,9,11,8,5,12,27,0,0,72
2024-03-26 07:10:00,4,18,5,2,10,25,0,0,64
2024-03-26 07:20:00,5,20,6,5,10,23,4,2,75
2024-03-26 07:30:00,6,16,10,6,11,34,3,0,86
2024-03-26 07:40:00,7,17,7,7,19,38,0,0,95
2024-03-26 07:50:00,16,22,16,9,13,31,1,1,109
2024-03-26 08:00:00,9,23,9,11,8,30,1,2,93
2024-03-26 08:10:00,14,34,20,8,11,46,1,0,134
2024-03-26 08:20:00,7,32,16,8,13,35,0,0,111
2024-03-26 08:30:00,15,34,13,7,14,34,0,0,117
2024-03-26 08:40:00,15,30,15,7,10,35,0,0,112
2024-03-26 08:50:00,11,27,11,13,7,37,0,0,106
2024-03-26 09:00:00,14,26,13,13,12,44,0,1,123
2024-03-26 09:10:00,14,32,11,11,11,31,0,0,110
2024-03-26 09:20:00,14,24,5,13,6,28,1,0,91
2024-03-26 09:30:00,12,35,13,12,6,35,0,0,113
2024-03-26 09:40:00,10,23,12,10,13,33,2,1,104
2024-03-26 09:50:00,11,22,11,9,6,25,0,0,84
2024-03-26 10:00:00,13,32,12,11,4,27,3,0,102
2024-03-26 10:10:00,10,32,17,6,9,31,1,0,106
2024-03-26 10:20:00,14,37,13,10,11,27,1,1,114
2024-03-26 10:30:00,11,35,13,9,7,32,1,2,110
2024-03-26 10:40:00,14,42,14,9,7,40,1,0,127
2024-03-26 10:50:00,11,30,8,5,8,37,1,1,101
2024-03-26 11:00:00,12,39,12,7,6,33,0,0,109
2024-03-26 11:10:00,10,37,20,5,3,32,1,0,108
2024-03-26 11:20:00,14,47,12,8,5,18,3,0,107
2024-03-26 11:30:00,12,39,16,9,2,30,1,0,109
2024-03-26 11:40:00,13,37,18,9,3,38,0,0,118
2024-03-26 11:50:00,12,27,10,10,7,29,0,0,95
2024-03-26 12:00:00,12,31,15,9,7,32,1,1,108
2024-03-26 12:10:00,15,36,17,7,19,28,0,0,122
2024-03-26 12:20:00,15,32,13,11,5,28,0,0,104
2024-03-26 12:30:00,15,30,14,6,9,26,1,2,103
2024-03-26 12:40:00,7,50,19,4,10,34,0,0,124
2024-03-26 12:50:00,13,40,11,11,11,46,1,0,133
2024-03-26 13:00:00,5,37,18,4,6,29,0,1,100
2024-03-26 13:10:00,10,44,12,8,6,29,1,0,110
2024-03-26 13:20:00,11,41,8,8,3,24,0,0,95
2024-03-26 13:30:00,9,36,20,9,6,25,0,2,107
2024-03-26 13:40:00,8,37,16,5,4,28,0,1,99
2024-03-26 13:50:00,7,38,21,6,7,35,0,2,116
2024-03-26 14:00:00,13,29,20,5,5,27,3,0,102
2024-03-26 14:10:00,15,43,21,10,9,46,2,2,148
2024-03-26 14:20:00,12,39,27,10,9,30,1,0,128
2024-03-26 14:30:00,9,43,20,8,11,33,1,1,126
2024-03-26 14:40:00,8,57,23,5,5,34,0,1,133
2024-03-26 14:50:00,16,55,14,15,9,32,0,1,142
2024-03-26 15:00:00,17,28,18,13,10,37,0,1,124
2024-03-26 15:10:00,11,54,22,10,14,39,0,2,152
2024-03-26 15:20:00,11,37,15,4,10,51,1,0,129
2024-03-26 15:30:00,12,42,25,10,10,34,2,3,138
2024-03-26 15:40:00,13,42,15,12,11,44,0,1,138
2024-03-26 15:50:00,12,43,22,8,23,25,0,0,133
2024-03-26 16:00:00,9,41,13,45,13,30,1,2,154
2024-03-26 16:10:00,16,39,15,14,7,39,1,0,131
2024-03-26 16:20:00,14,38,11,14,13,35,1,1,127
2024-03-26 16:30:00,14,42,32,13,13,32,0,0,146
2024-03-26 16:40:00,13,52,31,8,8,30,2,1,145
2024-03-26 16:50:00,15,44,26,8,9,26,0,0,128
2024-03-26 17:00:00,12,48,19,9,14,27,0,4,133
2024-03-26 17:10:00,9,45,26,7,10,29,0,0,126
2024-03-26 17:20:00,16,47,24,12,10,32,2,1,144
2024-03-26 17:30:00,11,54,28,5,7,33,0,0,138
2024-03-26 17:40:00,9,56,15,5,11,39,0,0,135
2024-03-26 17:50:00,14,36,18,11,18,38,3,1,139
2024-03-26 18:00:00,19,38,22,11,12,43,1,0,146
2024-03-26 18:10:00,12,36,13,12,9,31,3,2,118
2024-03-26 18:20:00,12,38,23,8,7,20,0,1,109
2024-03-26 18:30:00,11,45,25,6,10,26,1,0,124
2024-03-26 18:40:00,15,49,21,8,12,32,2,6,145
2024-03-26 18:50:00,12,39,19,8,15,28,0,3,124
2024-03-26 19:00:00,13,35,22,12,5,24,5,2,118
2024-03-26 19:10:00,10,42,16,9,4,26,0,0,107
2024-03-26 19:20:00,9,32,16,13,4,22,0,0,96
2024-03-26 19:30:00,9,32,12,15,6,25,0,0,99
2024-03-26 19:40:00,6,28,19,2,4,22,0,0,81
2024-03-26 19:50:00,10,31,14,7,3,14,1,0,80
2024-03-26 20:00:00,10,36,19,7,10,28,5,3,118
2024-03-26 20:10:00,11,40,20,6,3,23,0,0,103
2024-03-26 20:20:00,6,27,20,2,2,18,0,0,75
2024-03-26 20:30:00,6,34,14,6,5,18,0,0,83
2024-03-26 20:40:00,8,31,13,3,2,8,0,0,65
2024-03-26 20:50:00,4,27,22,4,3,16,0,0,76
2024-03-26 21:00:00,2,24,9,2,1,13,0,0,51
2024-03-26 21:10:00,9,23,11,9,2,6,0,0,60
2024-03-26 21:20:00,3,24,16,2,1,10,0,0,56
2024-03-26 21:30:00,2,23,15,0,1,6,0,0,47
2024-03-26 21:40:00,2,30,12,4,0,12,0,0,60
2024-03-26 21:50:00,5,31,17,2,3,12,2,0,72
2024-03-26 22:00:00,4,24,14,0,1,6,0,0,49
2024-03-26 22:10:00,4,21,12,4,0,12,0,0,53
2024-03-26 22:20:00,0,32,9,0,0,7,1,1,50
2024-03-26 22:30:00,0,11,5,0,2,12,0,0,30
2024-03-26 22:40:00,3,14,12,1,0,4,0,0,34
2024-03-26 22:50:00,5,20,8,7,0,8,0,0,48
2024-03-26 23:00:00,4,21,9,0,3,9,0,0,46
2024-03-26 23:10:00,0,28,13,0,0,5,2,0,48
2024-03-26 23:20:00,3,4,1,2,1,10,0,0,21
2024-03-26 23:30:00,2,18,12,0,0,11,0,0,43
2024-03-26 23:40:00,0,8,5,0,1,6,0,0,20
2024-03-26 23:50:00,1,11,7,0,0,7,0,0,26
2024-03-27 00:00:00,2,9,2,2,0,4,1,0,20
2024-03-27 00:10:00,2,7,6,0,1,2,0,0,18
2024-03-27 00:20:00,2,14,9,2,0,0,0,0,27
2024-03-27 00:30:00,0,2,2,0,1,7,0,0,12
2024-03-27 00:40:00,1,10,6,0,0,1,0,0,18
2024-03-27 00:50:00,1,2,0,0,0,2,0,0,5
2024-03-27 01:00:00,1,1,1,0,0,1,0,0,4
2024-03-27 01:10:00,1,0,0,1,0,3,0,0,5
2024-03-27 01:20:00,0,2,1,0,0,1,0,0,4
2024-03-27 01:30:00,0,4,2,0,0,2,0,0,8
2024-03-27 01:40:00,0,2,0,0,0,0,0,0,2
2024-03-27 01:50:00,0,5,2,0,0,2,0,0,9
2024-03-27 02:00:00,0,2,1,0,0,1,0,0,4
2024-03-27 02:10:00,0,4,1,0,0,1,0,0,6
2024-03-27 02:20:00,0,1,1,0,0,1,0,0,3
2024-03-27 02:30:00,0,4,0,0,0,1,0,0,5
2024-03-27 02:40:00,0,0,2,0,1,2,0,0,5
2024-03-27 02:50:00,0,2,0,0,0,1,0,0,3
2024-03-27 03:00:00,1,3,1,1,0,2,0,0,8
2024-03-27 03:10:00,1,4,1,3,0,0,0,0,9
2024-03-27 03:20:00,0,5,4,0,0,1,4,1,15
2024-03-27 03:30:00,0,3,3,0,0,0,0,0,6
2024-03-27 03:40:00,0,0,0,0,1,1,0,0,2
2024-03-27 03:50:00,0,3,2,0,1,2,0,0,8
2024-03-27 04:00:00,0,2,0,0,1,2,0,0,5
2024-03-27 04:10:00,0,3,1,0,0,1,0,0,5
2024-03-27 04:20:00,1,1,2,0,0,2,0,0,6
2024-03-27 04:30:00,1,1,2,0,1,1,0,0,6
2024-03-27 04:40:00,0,0,1,0,2,1,0,0,4
2024-03-27 04:50:00,1,2,2,0,2,2,0,0,9
2024-03-27 05:00:00,1,4,0,2,0,3,0,0,10
2024-03-27 05:10:00,0,4,3,0,0,5,0,0,12
2024-03-27 05:20:00,1,3,2,2,1,5,0,0,14
2024-03-27 05:30:00,1,5,2,1,4,7,0,0,20
2024-03-27 05:40:00,3,5,2,4,8,10,0,0,32
2024-03-27 05:50:00,4,4,0,2,6,12,0,0,28
2024-03-27 06:00:00,4,5,1,2,6,14,0,0,32
2024-03-27 06:10:00,1,8,4,1,3,7,0,0,24
2024-03-27 06:20:00,1,9,4,1,4,15,0,0,34
2024-03-27 06:30:00,1,14,3,0,3,18,1,1,41
2024-03-27 06:40:00,3,15,2,4,8,16,0,0,48
2024-03-27 06:50:00,6,9,7,5,9,23,1,1,61
2024-03-27 07:00:00,4,17,11,2,2,27,0,0,63
2024-03-27 07:10:00,3,10,4,2,5,17,0,0,41
2024-03-27 07:20:00,3,19,6,2,10,28,0,0,68
2024-03-27 07:30:00,9,24,17,9,13,23,0,1,96
2024-03-27 07:40:00,13,18,13,10,25,36,1,0,116
2024-03-27 07:50:00,14,31,13,8,11,38,0,0,115
2024-03-27 08:00:00,9,15,11,14,13,38,1,1,102
2024-03-27 08:10:00,18,31,13,8,10,30,0,0,110
2024-03-27 08:20:00,12,25,9,13,23,41,0,1,124
2024-03-27 08:30:00,10,29,13,8,6,43,0,0,109
2024-03-27 08:40:00,10,36,15,10,8,35,0,0,114
2024-03-27 08:50:00,10,33,13,10,17,32,1,3,119
2024-03-27 09:00:00,16,25,9,16,11,31,0,0,108
2024-03-27 09:10:00,16,31,10,18,10,33,2,3,123
2024-03-27 09:20:00,10,29,7,10,7,30,1,0,94
2024-03-27 09:30:00,9,32,13,7,9,34,0,3,107
2024-03-27 09:40:00,16,40,8,11,5,37,0,0,117
2024-03-27 09:50:00,13,49,16,9,6,46,0,0,139
2024-03-27 10:00:00,18,37,18,15,2,28,0,0,118
2024-03-27 10:10:00,12,38,19,14,2,29,0,0,114
2024-03-27 10:20:00,14,33,12,9,5,26,0,2,101
2024-03-27 10:30:00,12,34,7,9,5,39,0,0,106
2024-03-27 10:40:00,5,33,15,4,9,30,0,0,96
2024-03-27 10:50:00,9,38,21,5,8,27,1,1,110
2024-03-27 11:00:00,10,37,10,10,5,40,0,0,112
2024-03-27 11:10:00,7,42,15,7,1,34,0,0,106
2024-03-27 11:20:00,9,34,16,9,12,26,2,1,109
2024-03-27 11:30:00,10,44,21,6,12,40,0,0,133
2024-03-27 11:40:00,8,46,12,7,7,45,1,3,129
2024-03-27 11:50:00,11,44,26,12,2,25,1,0,121
2024-03-27 12:00:00,13,37,18,13,10,39,0,0,130
2024-03-27 12:10:00,8,38,24,5,8,28,2,0,113
2024-03-27 12:20:00,9,44,27,5,8,33,2,0,128
2024-03-27 12:30:00,11,35,12,6,8,44,1,0,117
2024-03-27 12:40:00,11,38,14,8,9,27,0,0,107
2024-03-27 12:50:00,15,37,15,7,9,34,0,0,117
2024-03-27 13:00:00,16,43,15,53,5,33,5,1,171
2024-03-27 13:10:00,11,37,11,10,11,28,0,0,108
2024-03-27 13:20:00,13,47,15,8,6,29,3,0,121
2024-03-27 13:30:00,7,40,22,2,10,27,0,0,108
2024-03-27 13:40:00,4,41,9,6,7,41,0,1,109
2024-03-27 13:50:00,11,39,24,3,8,31,1,0,117
2024-03-27 14:00:00,14,43,20,10,5,31,0,0,123
2024-03-27 14:10:00,10,34,13,8,2,37,1,0,105
2024-03-27 14:20:00,14,49,29,4,4,30,0,0,130
2024-03-27 14:30:00,12,34,18,7,11,34,0,0,116
2024-03-27 14:40:00,6,41,21,4,3,28,1,0,104
2024-03-27 14:50:00,11,47,20,3,5,36,0,2,124
2024-03-27 15:00:00,14,37,9,44,6,21,1,3,135
2024-03-27 15:10:00,11,48,13,7,5,31,3,0,118
2024-03-27 15:20:00,9,42,26,9,3,34,0,0,123
2024-03-27 15:30:00,8,44,21,12,7,26,1,1,120
2024-03-27 15:40:00,7,45,26,7,7,41,1,0,134
2024-03-27 15:50:00,7,46,25,4,15,39,1,0,137
2024-03-27 16:00:00,13,35,11,14,2,30,2,3,110
2024-03-27 16:10:00,13,42,15,6,9,34,0,0,119
2024-03-27 16:20:00,9,48,18,2,13,32,0,0,122
2024-03-27 16:30:00,16,51,27,10,8,28,1,0,141
2024-03-27 16:40:00,17,47,24,11,11,38,1,0,149
2024-03-27 16:50:00,14,44,24,6,12,35,0,2,137
2024-03-27 17:00:00,7,42,19,7,4,29,3,3,114
2024-03-27 17:10:00,10,44,13,6,8,29,0,0,110
2024-03-27 17:20:00,9,38,26,10,10,36,0,0,129
2024-03-27 17:30:00,13,35,29,6,5,37,0,1,126
2024-03-27 17:40:00,13,34,32,11,12,34,0,0,136
2024-03-27 17:50:00,15,30,25,9,10,41,2,0,132
2024-03-27 18:00:00,11,41,23,4,6,29,0,1,115
2024-03-27 18:10:00,10,37,29,9,5,31,0,0,121
2024-03-27 18:20:00,7,30,17,3,18,25,1,2,103
2024-03-27 18:30:00,11,28,20,7,19,31,0,0,116
2024-03-27 18:40:00,8,30,32,8,15,21,1,1,116
2024-03-27 18:50:00,14,29,31,10,33,32,0,0,149
2024-03-27 19:00:00,8,25,21,9,5,27,0,1,96
2024-03-27 19:10:00,8,30,28,2,9,26,5,3,111
2024-03-27 19:20:00,10,30,26,6,12,19,0,0,103
2024-03-27 19:30:00,9,22,23,6,14,25,0,0,99
2024-03-27 19:40:00,7,25,24,6,11,21,0,0,94
2024-03-27 19:50:00,4,23,23,3,13,22,0,0,88
2024-03-27 20:00:00,7,25,20,2,17,18,0,0,89
2024-03-27 20:10:00,6,22,13,3,4,13,0,0,61
2024-03-27 20:20:00,6,19,18,4,11,27,1,3,89
2024-03-27 20:30:00,3,19,14,4,9,19,0,0,68
2024-03-27 20:40:00,7,18,18,4,6,18,0,0,71
2024-03-27 20:50:00,4,26,16,1,5,21,0,0,73
2024-03-27 21:00:00,4,26,21,4,3,13,0,1,72
2024-03-27 21:10:00,4,20,18,1,5,19,0,0,67
2024-03-27 21:20:00,4,16,14,4,4,15,0,0,57
2024-03-27 21:30:00,4,17,14,2,4,12,0,0,53
2024-03-27 21:40:00,2,15,14,0,8,16,0,0,55
2024-03-27 21:50:00,2,21,23,0,8,14,0,0,68
2024-03-27 22:00:00,2,27,19,0,5,11,0,0,64
2024-03-27 22:10:00,4,20,9,3,4,17,0,0,57
2024-03-27 22:20:00,1,17,7,0,2,10,0,0,37
2024-03-27 22:30:00,0,14,11,0,5,13,0,0,43
2024-03-27 22:40:00,6,27,11,1,5,7,0,0,57
2024-03-27 22:50:00,2,14,8,1,1,6,0,0,32
2024-03-27 23:00:00,2,28,21,0,0,7,0,0,58
2024-03-27 23:10:00,3,8,5,3,1,7,0,0,27
2024-03-27 23:20:00,1,12,8,0,1,6,0,0,28
2024-03-27 23:30:00,3,15,7,2,1,7,0,0,35
2024-03-27 23:40:00,1,9,5,2,0,4,0,0,21
2024-03-27 23:50:00,0,7,4,0,0,4,0,0,15
2024-03-28 00:00:00,2,7,6,0,0,5,0,0,20
2024-03-28 00:10:00,1,6,2,0,1,5,0,0,15
2024-03-28 00:20:00,0,14,7,0,1,5,0,0,27
2024-03-28 00:30:00,0,1,3,0,0,3,0,0,7
2024-03-28 00:40:00,0,10,7,0,0,4,0,0,21
2024-03-28 00:50:00,1,3,1,1,0,1,0,0,7
2024-03-28 01:00:00,0,7,1,0,0,2,0,0,10
2024-03-28 01:10:00,1,3,1,2,2,3,0,0,12
2024-03-28 01:20:00,0,2,0,0,0,2,0,0,4
2024-03-28 01:30:00,0,3,3,0,3,1,0,0,10
2024-03-28 01:40:00,0,9,6,0,0,3,0,0,18
2024-03-28 01:50:00,0,3,3,0,0,3,0,0,9
2024-03-28 02:00:00,0,0,0,0,1,2,0,0,3
2024-03-28 02:10:00,0,2,2,0,0,3,0,0,7
2024-03-28 02:20:00,0,2,5,0,0,0,0,0,7
2024-03-28 02:30:00,0,2,0,0,0,1,0,0,3
2024-03-28 02:40:00,0,2,1,0,0,0,0,0,3
2024-03-28 02:50:00,1,0,0,1,1,3,0,0,6
2024-03-28 03:00:00,1,2,0,3,0,1,0,0,7
2024-03-28 03:10:00,0,3,0,0,0,1,0,0,4
2024-03-28 03:20:00,0,9,8,0,0,1,0,0,18
2024-03-28 03:30:00,0,2,1,0,0,0,4,0,7
2024-03-28 03:40:00,0,0,0,0,1,2,0,0,3
2024-03-28 03:50:00,0,1,1,0,0,3,0,0,5
2024-03-28 04:00:00,0,3,3,0,3,1,0,0,10
2024-03-28 04:10:00,0,0,0,0,0,1,0,0,1
2024-03-28 04:20:00,0,1,2,0,0,1,0,0,4
2024-03-28 04:30:00,1,1,0,1,1,1,0,0,5
2024-03-28 04:40:00,0,0,1,0,2,3,0,0,6
2024-03-28 04:50:00,1,5,2,0,1,1,0,0,10
2024-03-28 05:00:00,0,5,6,0,1,6,0,0,18
2024-03-28 05:10:00,0,2,2,0,1,3,0,0,8
2024-03-28 05:20:00,1,2,1,2,1,2,0,0,9
2024-03-28 05:30:00,1,2,3,2,8,9,0,0,25
2024-03-28 05:40:00,1,7,2,0,4,5,0,0,19
2024-03-28 05:50:00,2,15,8,1,5,11,0,0,42
2024-03-28 06:00:00,2,6,4,1,4,7,0,0,24
2024-03-28 06:10:00,2,6,0,2,2,14,0,0,26
2024-03-28 06:20:00,3,10,2,2,5,14,0,0,36
2024-03-28 06:30:00,1,12,4,0,3,10,0,1,31
2024-03-28 06:40:00,4,12,3,3,6,16,9,0,53
2024-03-28 06:50:00,6,14,2,6,1,12,6,0,47
2024-03-28 07:00:00,8,7,1,9,7,18,0,0,50
2024-03-28 07:10:00,4,19,9,5,4,13,1,0,55
2024-03-28 07:20:00,6,16,9,6,14,23,0,0,74
2024-03-28 07:30:00,12,26,11,9,9,23,2,0,92
2024-03-28 07:40:00,8,29,11,6,21,42,0,0,117
2024-03-28 07:50:00,14,29,10,15,13,27,0,1,109
2024-03-28 08:00:00,16,19,8,12,19,44,1,0,119
2024-03-28 08:10:00,18,32,17,10,8,45,0,0,130
2024-03-28 08:20:00,16,36,7,13,6,35,0,2,115
2024-03-28 08:30:00,13,30,19,10,12,50,2,0,136
2024-03-28 08:40:00,15,31,10,12,8,39,0,2,117
2024-03-28 08:50:00,15,37,17,11,10,42,0,1,133
2024-03-28 09:00:00,13,23,12,14,5,35,0,0,102
2024-03-28 09:10:00,13,31,11,12,3,35,2,0,107
2024-03-28 09:20:00,14,32,14,11,5,40,2,0,118
2024-03-28 09:30:00,15,28,14,10,6,26,0,0,99
2024-03-28 09:40:00,13,31,13,9,5,35,0,0,106
2024-03-28 09:50:00,17,41,16,8,11,33,1,2,129
2024-03-28 10:00:00,17,34,20,10,6,34,1,2,124
2024-03-28 10:10:00,13,24,14,10,7,40,2,0,110
2024-03-28 10:20:00,14,33,14,10,5,36,2,0,114
2024-03-28 10:30:00,14,38,15,11,4,37,0,1,120
2024-03-28 10:40:00,12,47,14,9,5,30,1,0,118
2024-03-28 10:50:00,9,34,17,8,16,38,3,3,128
2024-03-28 11:00:00,16,37,19,12,8,31,2,2,127
2024-03-28 11:10:00,12,38,12,11,8,58,1,0,140
2024-03-28 11:20:00,9,48,23,6,4,29,0,0,119
2024-03-28 11:30:00,17,35,23,12,10,48,2,4,151
2024-03-28 11:40:00,11,37,21,7,12,33,0,0,121
2024-03-28 11:50:00,18,38,15,8,10,31,0,1,121
2024-03-28 12:00:00,17,41,19,9,11,38,2,0,137
2024-03-28 12:10:00,13,33,11,11,8,35,0,0,111
2024-03-28 12:20:00,18,48,21,10,13,39,1,0,150
2024-03-28 12:30:00,14,40,20,6,8,36,0,2,126
2024-03-28 12:40:00,9,45,12,6,5,27,1,1,106
2024-03-28 12:50:00,13,37,8,14,4,35,1,0,112
2024-03-28 13:00:00,16,43,38,11,5,25,3,0,141
2024-03-28 13:10:00,11,48,22,7,8,40,0,2,138
2024-03-28 13:20:00,11,70,61,5,5,26,1,1,180
2024-03-28 13:30:00,10,32,16,13,8,30,0,0,109
2024-03-28 13:40:00,10,43,74,8,4,25,0,0,164
2024-03-28 13:50:00,8,41,31,8,10,39,0,0,137
2024-03-28 14:00:00,14,33,19,9,15,40,1,6,137
2024-03-28 14:10:00,18,51,50,14,12,42,2,2,191
2024-03-28 14:20:00,10,41,36,11,8,40,0,1,147
2024-03-28 14:30:00,11,38,25,9,3,33,0,3,122
2024-03-28 14:40:00,18,36,24,8,8,28,3,2,127
2024-03-28 14:50:00,7,40,13,6,3,28,2,2,101
2024-03-28 15:00:00,15,57,20,12,7,25,0,1,137
2024-03-28 15:10:00,12,53,34,7,53,47,0,0,206
2024-03-28 15:20:00,12,50,28,4,75,40,0,1,210
2024-03-28 15:30:00,14,44,24,8,5,28,2,0,125
2024-03-28 15:40:00,14,42,67,9,12,34,0,0,178
2024-03-28 15:50:00,10,49,29,11,4,30,0,0,133
2024-03-28 16:00:00,10,40,76,9,37,38,42,1,253
2024-03-28 16:10:00,14,45,29,19,79,40,1,0,227
2024-03-28 16:20:00,10,48,30,6,19,37,0,1,151
2024-03-28 16:30:00,9,48,35,7,11,32,0,0,142
2024-03-28 16:40:00,11,44,20,8,8,43,1,0,135
2024-03-28 16:50:00,11,54,45,7,11,34,0,0,162
2024-03-28 17:00:00,11,46,25,7,9,31,2,0,131
2024-03-28 17:10:00,10,63,42,3,14,29,0,1,162
2024-03-28 17:20:00,13,50,30,6,4,35,3,1,142
2024-03-28 17:30:00,13,49,29,9,10,29,1,1,141
2024-03-28 17:40:00,4,55,23,4,3,37,3,0,129
2024-03-28 17:50:00,20,48,19,8,13,26,3,0,137
2024-03-28 18:00:00,11,37,22,11,6,31,0,0,118
2024-03-28 18:10:00,13,43,23,5,6,40,0,1,131
2024-03-28 18:20:00,12,48,13,5,9,33,0,0,120
2024-03-28 18:30:00,12,43,21,7,6,36,0,0,125
2024-03-28 18:40:00,11,47,19,5,15,39,2,0,138
2024-03-28 18:50:00,9,54,12,13,3,33,1,0,125
2024-03-28 19:00:00,9,34,20,7,7,25,0,0,102
2024-03-28 19:10:00,8,58,26,5,4,20,0,1,122
2024-03-28 19:20:00,9,46,25,15,1,26,0,0,122
2024-03-28 19:30:00,6,43,23,4,3,21,0,0,100
2024-03-28 19:40:00,5,51,28,7,2,25,1,0,119
2024-03-28 19:50:00,6,49,32,4,6,15,0,0,112
2024-03-28 20:00:00,9,34,26,2,9,24,0,0,104
2024-03-28 20:10:00,4,37,30,0,2,19,3,0,95
2024-03-28 20:20:00,6,42,24,5,2,18,0,2,99
2024-03-28 20:30:00,4,30,23,2,1,24,0,0,84
2024-03-28 20:40:00,2,27,19,2,1,15,1,0,67
2024-03-28 20:50:00,4,43,15,4,2,16,3,1,88
2024-03-28 21:00:00,6,30,13,3,2,17,0,0,71
2024-03-28 21:10:00,7,28,11,6,3,21,0,0,76
2024-03-28 21:20:00,6,14,11,4,1,19,0,1,56
2024-03-28 21:30:00,4,25,20,2,3,13,0,0,67
2024-03-28 21:40:00,3,22,19,0,5,17,0,0,66
2024-03-28 21:50:00,2,29,13,1,3,19,0,0,67
2024-03-28 22:00:00,5,27,8,2,4,13,0,0,59
2024-03-28 22:10:00,2,30,13,3,3,13,0,0,64
2024-03-28 22:20:00,6,30,16,1,3,10,0,0,66
2024-03-28 22:30:00,5,21,24,1,0,13,0,0,64
2024-03-28 22:40:00,2,32,17,4,0,10,0,0,65
2024-03-28 22:50:00,2,14,6,3,0,14,0,0,39
2024-03-28 23:00:00,1,23,14,0,0,5,0,0,43
2024-03-28 23:10:00,4,19,12,1,1,12,0,0,49
2024-03-28 23:20:00,5,21,16,3,0,11,0,0,56
2024-03-28 23:30:00,1,10,10,0,2,6,0,0,29
2024-03-28 23:40:00,0,11,4,0,0,7,0,0,22
2024-03-28 23:50:00,2,13,7,0,0,7,0,0,29
2024-03-29 00:00:00,1,19,11,0,0,4,0,0,35
2024-03-29 00:10:00,0,14,12,0,0,8,0,0,34
2024-03-29 00:20:00,3,12,11,3,1,8,0,0,38
2024-03-29 00:30:00,2,11,13,1,0,4,0,0,31
2024-03-29 00:40:00,1,8,3,1,0,8,0,0,21
2024-03-29 00:50:00,1,12,5,0,0,5,0,0,23
2024-03-29 01:00:00,0,12,7,0,0,4,0,0,23
2024-03-29 01:10:00,0,9,6,0,0,5,0,0,20
2024-03-29 01:20:00,2,3,2,1,0,3,0,0,11
2024-03-29 01:30:00,0,5,4,0,0,1,0,0,10
2024-03-29 01:40:00,1,6,7,0,0,2,0,0,16
2024-03-29 01:50:00,0,2,0,0,0,4,0,0,6
2024-03-29 02:00:00,0,3,5,0,0,2,0,0,10
2024-03-29 02:10:00,0,7,7,0,0,4,0,0,18
2024-03-29 02:20:00,0,4,3,0,0,3,0,0,10
2024-03-29 02:30:00,0,3,3,0,0,1,0,0,7
2024-03-29 02:40:00,0,5,3,0,0,5,0,0,13
2024-03-29 02:50:00,1,2,2,1,2,2,0,0,10
2024-03-29 03:00:00,0,7,2,0,0,7,0,0,16
2024-03-29 03:10:00,0,6,1,0,1,3,0,0,11
2024-03-29 03:20:00,0,4,3,0,0,4,0,0,11
2024-03-29 03:30:00,0,5,3,0,0,1,0,0,9
2024-03-29 03:40:00,0,6,4,0,0,3,0,0,13
2024-03-29 03:50:00,0,1,1,0,0,1,0,0,3
2024-03-29 04:00:00,0,6,3,0,0,1,0,0,10
2024-03-29 04:10:00,0,1,1,0,0,0,0,0,2
2024-03-29 04:20:00,0,0,0,0,0,1,0,0,1
2024-03-29 04:30:00,0,0,0,0,1,2,0,0,3
2024-03-29 04:40:00,0,2,2,0,0,1,0,0,5
2024-03-29 04:50:00,0,0,0,0,0,1,0,0,1
2024-03-29 05:00:00,1,4,2,1,1,0,0,0,9
2024-03-29 05:10:00,0,1,1,0,2,4,0,0,8
2024-03-29 05:20:00,1,6,3,0,1,3,0,0,14
2024-03-29 05:30:00,0,2,2,0,0,3,0,0,7
2024-03-29 05:40:00,1,6,5,0,1,3,0,0,16
2024-03-29 05:50:00,0,2,2,0,0,2,0,0,6
2024-03-29 06:00:00,1,1,1,0,2,2,2,2,11
2024-03-29 06:10:00,0,5,2,0,2,2,0,0,11
2024-03-29 06:20:00,2,1,1,3,2,5,0,0,14
2024-03-29 06:30:00,0,1,0,0,1,2,0,0,4
2024-03-29 06:40:00,3,0,0,2,0,3,0,0,8
2024-03-29 06:50:00,0,1,2,0,1,6,0,0,10
2024-03-29 07:00:00,0,2,0,0,0,0,0,0,2
2024-03-29 07:10:00,1,6,4,1,0,3,0,0,15
2024-03-29 07:20:00,1,8,3,1,2,4,0,0,19
2024-03-29 07:30:00,6,2,2,5,1,6,0,0,22
2024-03-29 07:40:00,1,4,2,0,1,9,0,0,17
2024-03-29 07:50:00,2,3,3,1,1,4,0,0,14
2024-03-29 08:00:00,1,6,2,0,0,6,0,0,15
2024-03-29 08:10:00,3,4,2,2,0,1,0,0,12
2024-03-29 08:20:00,4,5,2,1,4,11,0,0,27
2024-03-29 08:30:00,3,4,2,3,0,8,0,0,20
2024-03-29 08:40:00,3,8,6,3,2,11,1,1,35
2024-03-29 08:50:00,3,13,4,2,2,6,1,0,31
2024-03-29 09:00:00,3,10,5,1,1,10,0,0,30
2024-03-29 09:10:00,7,13,3,4,2,14,0,0,43
2024-03-29 09:20:00,6,15,8,5,3,9,2,0,48
2024-03-29 09:30:00,10,14,6,9,6,34,1,0,80
2024-03-29 09:40:00,11,13,8,10,1,21,2,1,67
2024-03-29 09:50:00,6,17,10,2,5,22,2,1,65
2024-03-29 10:00:00,4,16,9,3,2,17,0,0,51
2024-03-29 10:10:00,7,12,4,4,1,16,1,0,45
2024-03-29 10:20:00,8,15,3,6,3,15,0,1,51
2024-03-29 10:30:00,9,13,4,4,2,12,0,0,44
2024-03-29 10:40:00,9,12,8,9,0,17,0,0,55
2024-03-29 10:50:00,5,11,5,4,1,14,1,1,42
2024-03-29 11:00:00,6,20,9,3,2,12,0,0,52
2024-03-29 11:10:00,6,13,3,3,5,17,0,0,47
2024-03-29 11:20:00,9,17,12,3,3,23,1,0,68
2024-03-29 11:30:00,5,18,6,3,5,15,0,0,52
2024-03-29 11:40:00,6,16,9,3,3,8,0,0,45
2024-03-29 11:50:00,2,24,9,1,1,15,1,0,53
2024-03-29 12:00:00,5,26,6,3,1,25,0,0,66
2024-03-29 12:10:00,11,25,7,4,2,15,0,0,64
2024-03-29 12:20:00,6,19,9,4,1,21,4,0,64
2024-03-29 12:30:00,4,27,7,5,26,20,2,1,92
2024-03-29 12:40:00,8,19,10,6,2,29,1,0,75
2024-03-29 12:50:00,6,31,8,3,0,17,0,0,65
2024-03-29 13:00:00,6,22,13,5,2,19,0,0,67
2024-03-29 13:10:00,7,27,4,6,6,17,2,1,70
2024-03-29 13:20:00,6,21,10,5,3,18,0,0,63
2024-03-29 13:30:00,2,24,3,1,4,24,1,1,60
2024-03-29 13:40:00,3,15,3,2,1,23,1,1,49
2024-03-29 13:50:00,8,29,7,3,4,21,2,1,75
2024-03-29 14:00:00,4,24,8,3,1,35,0,0,75
2024-03-29 14:10:00,7,24,7,3,3,19,2,0,65
2024-03-29 14:20:00,10,28,9,6,1,18,0,0,72
2024-03-29 14:30:00,3,22,7,2,3,24,0,0,61
2024-03-29 14:40:00,5,26,8,5,4,26,1,0,75
2024-03-29 14:50:00,7,29,8,7,2,29,6,0,88
2024-03-29 15:00:00,7,31,13,6,4,25,0,0,86
2024-03-29 15:10:00,4,22,8,1,1,21,0,0,57
2024-03-29 15:20:00,7,20,16,4,3,24,0,0,74
2024-03-29 15:30:00,6,15,8,3,7,35,0,0,74
2024-03-29 15:40:00,5,19,6,4,1,14,1,0,50
2024-03-29 15:50:00,5,28,17,4,2,29,0,0,85
2024-03-29 16:00:00,6,22,9,4,6,28,0,0,75
2024-03-29 16:10:00,8,20,5,6,2,22,0,0,63
2024-03-29 16:20:00,6,25,8,3,5,17,0,0,64
2024-03-29 16:30:00,4,22,11,4,4,22,0,0,67
2024-03-29 16:40:00,5,18,4,4,1,28,0,0,60
2024-03-29 16:50:00,5,27,10,3,1,18,0,0,64
2024-03-29 17:00:00,13,20,7,9,3,17,5,4,78
2024-03-29 17:10:00,9,12,9,5,2,27,14,8,86
2024-03-29 17:20:00,3,25,10,1,2,23,8,2,74
2024-03-29 17:30:00,5,24,5,3,3,32,0,3,75
2024-03-29 17:40:00,7,21,7,6,3,21,1,1,67
2024-03-29 17:50:00,7,22,21,4,4,25,0,0,83
2024-03-29 18:00:00,4,42,19,2,7,23,1,1,99
2024-03-29 18:10:00,1,34,4,1,2,28,0,0,70
2024-03-29 18:20:00,8,25,11,5,3,22,8,0,82
2024-03-29 18:30:00,4,19,6,1,3,24,1,0,58
2024-03-29 18:40:00,6,20,13,5,3,21,3,1,72
2024-03-29 18:50:00,9,25,16,6,11,26,0,0,93
2024-03-29 19:00:00,8,16,11,4,21,14,0,0,74
2024-03-29 19:10:00,4,24,24,3,5,20,0,0,80
2024-03-29 19:20:00,3,17,19,3,3,21,0,0,66
2024-03-29 19:30:00,4,24,22,4,7,17,12,1,91
2024-03-29 19:40:00,3,20,16,1,3,14,0,0,57
2024-03-29 19:50:00,4,16,15,4,9,18,0,0,66
2024-03-29 20:00:00,3,15,16,3,7,14,0,0,58
2024-03-29 20:10:00,2,13,12,0,4,15,0,0,46
2024-03-29 20:20:00,5,16,9,3,7,21,3,1,65
2024-03-29 20:30:00,8,17,17,6,6,11,0,0,65
2024-03-29 20:40:00,7,19,14,7,4,11,0,0,62
2024-03-29 20:50:00,6,18,20,6,1,8,0,0,59
2024-03-29 21:00:00,6,16,17,1,1,11,0,0,52
2024-03-29 21:10:00,3,13,14,4,1,16,0,0,51
2024-03-29 21:20:00,1,17,18,0,3,14,2,1,56
2024-03-29 21:30:00,3,16,20,4,2,8,1,1,55
2024-03-29 21:40:00,3,19,18,1,4,11,2,1,59
2024-03-29 21:50:00,7,20,9,4,6,13,1,0,60
2024-03-29 22:00:00,1,13,15,1,3,6,0,0,39
2024-03-29 22:10:00,5,23,20,6,1,3,0,0,58
2024-03-29 22:20:00,1,9,6,1,0,14,0,0,31
2024-03-29 22:30:00,2,14,11,2,0,6,0,0,35
2024-03-29 22:40:00,2,9,8,3,2,6,0,0,30
2024-03-29 22:50:00,1,12,10,0,2,8,0,0,33
2024-03-29 23:00:00,3,15,14,0,3,9,0,0,44
2024-03-29 23:10:00,0,9,7,0,5,6,0,0,27
2024-03-29 23:20:00,1,15,13,0,6,8,0,0,43
2024-03-29 23:30:00,1,7,7,1,6,13,0,0,35
2024-03-29 23:40:00,0,13,11,0,3,9,0,0,36
2024-03-29 23:50:00,1,9,8,2,6,9,0,0,35
2024-03-30 00:00:00,1,6,7,0,2,4,0,0,20
2024-03-30 00:10:00,2,8,7,1,3,5,0,1,27
2024-03-30 00:20:00,2,9,9,1,0,2,0,0,23
2024-03-30 00:30:00,0,3,1,0,2,5,0,0,11
2024-03-30 00:40:00,1,8,5,1,2,5,0,0,22
2024-03-30 00:50:00,1,5,5,2,2,6,0,0,21
2024-03-30 01:00:00,1,7,8,0,2,3,0,0,21
2024-03-30 01:10:00,0,8,7,0,1,2,0,0,18
2024-03-30 01:20:00,0,2,2,0,2,5,0,0,11
2024-03-30 01:30:00,3,4,2,1,3,6,0,0,19
2024-03-30 01:40:00,0,2,1,0,0,1,0,0,4
2024-03-30 01:50:00,0,3,2,0,2,0,0,0,7
2024-03-30 02:00:00,1,9,9,0,1,1,0,0,21
2024-03-30 02:10:00,0,4,2,0,0,0,0,0,6
2024-03-30 02:20:00,0,4,3,0,2,3,0,0,12
2024-03-30 02:30:00,0,7,7,0,1,2,0,0,17
2024-03-30 02:40:00,0,0,1,0,0,1,0,0,2
2024-03-30 02:50:00,0,1,1,0,1,3,0,0,6
2024-03-30 03:00:00,0,3,3,0,0,0,0,0,6
2024-03-30 03:10:00,3,3,4,3,3,5,0,0,21
2024-03-30 03:20:00,1,2,3,0,2,4,0,0,12
2024-03-30 03:30:00,0,0,0,0,0,1,0,0,1
2024-03-30 03:40:00,1,8,6,0,0,0,2,0,17
2024-03-30 03:50:00,0,4,3,0,1,1,0,0,9
2024-03-30 04:00:00,0,7,3,0,0,0,0,0,10
2024-03-30 04:10:00,0,1,1,0,0,0,0,0,2
2024-03-30 04:20:00,0,3,4,0,0,2,0,0,9
2024-03-30 04:30:00,0,3,3,0,1,1,0,0,8
2024-03-30 04:40:00,1,1,2,1,1,1,0,0,7
2024-03-30 04:50:00,0,1,1,0,1,3,0,0,6
2024-03-30 05:00:00,0,1,1,0,2,3,0,0,7
2024-03-30 05:10:00,1,2,2,1,3,4,0,0,13
2024-03-30 05:20:00,1,0,0,0,2,2,0,0,5
2024-03-30 05:30:00,0,4,3,0,2,1,0,1,11
2024-03-30 05:40:00,2,5,3,0,5,3,0,0,18
2024-03-30 05:50:00,0,3,1,0,0,1,0,0,5
2024-03-30 06:00:00,2,2,2,1,0,1,0,0,8
2024-03-30 06:10:00,3,3,2,3,1,2,0,0,14
2024-03-30 06:20:00,4,7,4,2,2,6,0,0,25
2024-03-30 06:30:00,0,3,1,0,0,5,0,0,9
2024-03-30 06:40:00,2,6,1,2,0,8,0,0,19
2024-03-30 06:50:00,4,6,3,4,2,9,1,0,29
2024-03-30 07:00:00,3,3,2,2,1,2,0,0,13
2024-03-30 07:10:00,3,6,2,2,2,5,0,0,20
2024-03-30 07:20:00,2,6,2,1,0,8,3,1,23
2024-03-30 07:30:00,4,14,3,4,0,12,1,0,38
2024-03-30 07:40:00,4,9,2,4,8,10,2,0,39
2024-03-30 07:50:00,8,6,3,10,0,27,3,0,57
2024-03-30 08:00:00,3,18,5,3,3,18,1,0,51
2024-03-30 08:10:00,5,18,10,2,2,17,2,3,59
2024-03-30 08:20:00,12,14,1,14,1,17,0,1,60
2024-03-30 08:30:00,10,22,9,5,2,20,1,2,71
2024-03-30 08:40:00,5,23,9,5,7,22,2,0,73
2024-03-30 08:50:00,16,21,6,9,57,21,0,0,130
2024-03-30 09:00:00,11,23,11,7,6,20,0,1,79
2024-03-30 09:10:00,7,22,6,4,5,28,0,0,72
2024-03-30 09:20:00,9,20,6,6,4,32,1,1,79
2024-03-30 09:30:00,10,29,12,5,10,30,0,0,96
2024-03-30 09:40:00,19,33,12,18,6,40,2,2,132
2024-03-30 09:50:00,23,29,10,9,12,39,2,1,125
2024-03-30 10:00:00,18,28,7,16,8,37,1,0,115
2024-03-30 10:10:00,10,30,5,4,8,38,0,0,95
2024-03-30 10:20:00,13,35,15,12,3,30,1,0,109
2024-03-30 10:30:00,12,35,19,11,8,34,0,0,119
2024-03-30 10:40:00,13,27,12,11,10,37,1,1,112
2024-03-30 10:50:00,14,41,24,7,10,32,1,0,129
2024-03-30 11:00:00,17,36,12,11,6,30,0,0,112
2024-03-30 11:10:00,9,32,9,7,6,30,1,0,94
2024-03-30 11:20:00,8,30,17,5,6,25,2,0,93
2024-03-30 11:30:00,9,30,9,10,9,31,0,3,101
2024-03-30 11:40:00,13,42,20,10,8,32,1,0,126
2024-03-30 11:50:00,15,45,14,9,11,36,1,1,132
2024-03-30 12:00:00,5,43,16,5,15,41,2,2,129
2024-03-30 12:10:00,8,47,26,10,8,31,0,0,130
2024-03-30 12:20:00,15,42,13,11,12,32,1,3,129
2024-03-30 12:30:00,16,31,14,13,7,31,1,1,114
2024-03-30 12:40:00,15,44,20,13,15,38,0,0,145
2024-03-30 12:50:00,13,43,21,9,17,33,0,0,136
2024-03-30 13:00:00,11,27,15,4,11,34,0,0,102
2024-03-30 13:10:00,16,30,12,12,14,32,0,0,116
2024-03-30 13:20:00,14,35,16,12,4,35,1,1,118
2024-03-30 13:30:00,11,41,14,11,8,31,1,0,117
2024-03-30 13:40:00,13,38,14,11,15,38,0,2,131
2024-03-30 13:50:00,9,34,15,6,5,28,1,2,100
2024-03-30 14:00:00,8,36,15,8,6,20,0,0,93
2024-03-30 14:10:00,13,35,11,9,5,37,0,0,110
2024-03-30 14:20:00,13,50,15,10,12,24,2,0,126
2024-03-30 14:30:00,15,42,14,7,3,27,0,0,108
2024-03-30 14:40:00,10,34,24,10,6,30,0,0,114
2024-03-30 14:50:00,5,33,12,7,0,18,0,0,75
2024-03-30 15:00:00,9,43,19,7,3,24,2,3,110
2024-03-30 15:10:00,8,41,12,7,5,33,0,1,107
2024-03-30 15:20:00,7,45,22,2,6,26,0,0,108
2024-03-30 15:30:00,12,36,17,8,3,26,0,0,102
2024-03-30 15:40:00,8,41,20,3,9,28,0,0,109
2024-03-30 15:50:00,10,34,13,7,4,17,1,0,86
2024-03-30 16:00:00,4,28,14,6,6,28,1,0,87
2024-03-30 16:10:00,10,34,19,7,2,22,0,0,94
2024-03-30 16:20:00,5,35,13,4,7,24,0,0,88
2024-03-30 16:30:00,10,38,20,7,5,26,0,2,108
2024-03-30 16:40:00,8,38,9,5,5,21,3,2,91
2024-03-30 16:50:00,8,27,9,6,2,24,2,1,79
2024-03-30 17:00:00,12,28,6,11,3,19,0,0,79
2024-03-30 17:10:00,9,26,5,5,10,33,0,1,89
2024-03-30 17:20:00,9,30,9,9,8,31,0,0,96
2024-03-30 17:30:00,7,34,15,4,7,22,0,0,89
2024-03-30 17:40:00,4,27,9,3,4,28,1,0,76
2024-03-30 17:50:00,5,33,17,5,2,27,0,1,90
2024-03-30 18:00:00,10,46,25,6,7,27,0,0,121
2024-03-30 18:10:00,16,39,21,39,4,33,1,0,153
2024-03-30 18:20:00,8,35,18,7,4,21,0,0,93
2024-03-30 18:30:00,9,27,12,9,2,23,1,1,84
2024-03-30 18:40:00,12,29,13,8,8,25,0,1,96
2024-03-30 18:50:00,7,31,19,5,7,25,0,0,94
2024-03-30 19:00:00,6,29,12,3,1,27,1,1,80
2024-03-30 19:10:00,3,19,6,6,3,24,0,0,61
2024-03-30 19:20:00,5,26,7,4,6,23,0,0,71
2024-03-30 19:30:00,10,24,17,11,4,20,2,1,89
2024-03-30 19:40:00,7,29,17,1,3,21,0,0,78
2024-03-30 19:50:00,3,27,18,3,2,19,0,0,72
2024-03-30 20:00:00,7,17,16,8,4,15,0,0,67
2024-03-30 20:10:00,5,29,11,6,6,13,2,0,72
2024-03-30 20:20:00,1,35,11,0,2,19,2,1,71
2024-03-30 20:30:00,4,32,11,3,5,17,0,0,72
2024-03-30 20:40:00,7,19,15,5,5,17,1,0,69
2024-03-30 20:50:00,6,25,12,6,1,18,1,1,70
2024-03-30 21:00:00,0,17,9,0,0,13,1,1,41
2024-03-30 21:10:00,1,26,13,0,3,16,3,1,63
2024-03-30 21:20:00,3,23,13,2,2,10,0,0,53
2024-03-30 21:30:00,2,25,14,2,0,16,0,0,59
2024-03-30 21:40:00,0,11,4,0,0,12,1,0,28
2024-03-30 21:50:00,3,26,17,1,1,17,0,0,65
2024-03-30 22:00:00,3,21,13,2,1,14,0,0,54
2024-03-30 22:10:00,5,20,13,4,4,12,2,0,60
2024-03-30 22:20:00,5,16,8,3,4,7,0,0,43
2024-03-30 22:30:00,2,9,2,0,2,12,0,0,27
2024-03-30 22:40:00,2,23,17,0,0,9,1,1,53
2024-03-30 22:50:00,0,26,18,0,0,8,0,0,52
2024-03-30 23:00:00,2,14,15,0,2,8,0,0,41
2024-03-30 23:10:00,2,23,10,6,0,10,0,0,51
2024-03-30 23:20:00,3,21,14,1,2,9,0,0,50
2024-03-30 23:30:00,1,11,6,1,1,8,0,0,28
2024-03-30 23:40:00,0,11,11,0,1,9,0,0,32
2024-03-30 23:50:00,0,12,11,0,4,5,0,0,32
2024-03-31 00:00:00,1,9,2,1,1,6,0,0,20
2024-03-31 00:10:00,0,9,6,0,0,3,0,0,18
2024-03-31 00:20:00,0,15,13,0,0,4,0,0,32
2024-03-31 00:30:00,0,9,3,0,0,4,0,0,16
2024-03-31 00:40:00,1,2,2,2,0,2,0,0,9
2024-03-31 00:50:00,2,15,9,1,0,5,0,0,32
2024-03-31 01:00:00,0,6,4,0,1,5,0,0,16
2024-03-31 01:10:00,0,8,5,0,0,8,0,0,21
2024-03-31 01:20:00,0,8,7,0,0,2,0,0,17
2024-03-31 01:30:00,0,9,7,0,0,3,0,0,19
2024-03-31 01:40:00,0,8,7,0,0,0,0,0,15
2024-03-31 01:50:00,1,4,4,1,1,4,0,0,15
2024-03-31 02:00:00,0,0,0,0,0,0,0,0,0
2024-03-31 02:10:00,0,0,0,0,0,0,0,0,0
2024-03-31 02:20:00,0,0,0,0,0,0,0,0,0
2024-03-31 02:30:00,0,0,0,0,0,0,0,0,0
2024-03-31 02:40:00,0,0,0,0,0,0,0,0,0
2024-03-31 02:50:00,0,0,0,0,0,0,0,0,0
2024-03-31 03:00:00,0,5,5,0,0,1,0,0,11
2024-03-31 03:10:00,0,6,6,0,6,7,0,0,25
2024-03-31 03:20:00,0,6,7,0,1,3,0,0,17
2024-03-31 03:30:00,0,7,6,0,3,5,0,0,21
2024-03-31 03:40:00,1,2,2,0,1,1,0,0,7
2024-03-31 03:50:00,0,3,3,0,2,4,0,0,12
2024-03-31 04:00:00,0,4,4,0,3,4,0,0,15
2024-03-31 04:10:00,0,8,8,0,0,1,0,0,17
2024-03-31 04:20:00,0,4,4,0,2,3,0,0,13
2024-03-31 04:30:00,0,2,2,0,5,3,0,0,12
2024-03-31 04:40:00,1,2,3,1,1,3,0,0,11
2024-03-31 04:50:00,0,4,4,0,1,2,0,0,11
2024-03-31 05:00:00,0,2,2,0,1,1,0,0,6
2024-03-31 05:10:00,0,3,3,0,2,1,0,0,9
2024-03-31 05:20:00,1,4,3,2,2,2,1,0,15
2024-03-31 05:30:00,0,2,2,0,6,6,0,0,16
2024-03-31 05:40:00,0,5,5,0,5,4,0,0,19
2024-03-31 05:50:00,0,0,0,0,2,1,0,0,3
2024-03-31 06:00:00,1,3,3,1,0,0,0,0,8
2024-03-31 06:10:00,0,3,3,0,0,1,0,0,7
2024-03-31 06:20:00,0,2,1,0,4,2,0,0,9
2024-03-31 06:30:00,0,4,3,0,1,1,0,0,9
2024-03-31 06:40:00,1,4,4,1,1,3,0,0,14
2024-03-31 06:50:00,1,3,3,0,4,6,0,0,17
2024-03-31 07:00:00,0,2,2,0,1,1,0,0,6
2024-03-31 07:10:00,2,2,1,1,1,0,0,0,7
2024-03-31 07:20:00,1,0,0,1,3,3,0,0,8
2024-03-31 07:30:00,2,3,2,1,2,2,0,0,12
2024-03-31 07:40:00,0,3,3,0,0,6,0,0,12
2024-03-31 07:50:00,0,7,2,0,1,6,0,0,16
2024-03-31 08:00:00,0,5,2,0,0,2,0,0,9
2024-03-31 08:10:00,4,4,3,2,0,6,0,0,19
2024-03-31 08:20:00,1,11,3,0,1,9,0,0,25
2024-03-31 08:30:00,5,5,2,3,1,5,0,0,21
2024-03-31 08:40:00,4,5,3,5,1,9,0,0,27
2024-03-31 08:50:00,2,5,0,2,2,10,1,0,22
2024-03-31 09:00:00,2,8,0,3,2,10,1,0,26
2024-03-31 09:10:00,4,13,5,5,4,8,1,1,41
2024-03-31 09:20:00,3,13,9,5,2,16,0,2,50
2024-03-31 09:30:00,2,9,2,8,3,17,0,0,41
2024-03-31 09:40:00,5,12,5,5,6,31,1,0,65
2024-03-31 09:50:00,6,19,8,5,0,14,0,0,52
2024-03-31 10:00:00,10,16,8,9,5,21,0,0,69
2024-03-31 10:10:00,7,20,4,2,0,16,0,0,49
2024-03-31 10:20:00,6,16,10,4,15,19,0,0,70
2024-03-31 10:30:00,6,16,6,6,0,17,0,0,51
2024-03-31 10:40:00,6,22,3,4,6,25,0,0,66
2024-03-31 10:50:00,12,18,4,9,3,14,0,0,60
2024-03-31 11:00:00,9,21,2,8,5,10,0,0,55
2024-03-31 11:10:00,7,24,8,3,10,13,0,0,65
2024-03-31 11:20:00,11,32,13,3,7,21,0,0,87
2024-03-31 11:30:00,10,27,15,7,7,22,0,0,88
2024-03-31 11:40:00,13,23,11,20,5,13,0,0,85
2024-03-31 11:50:00,10,25,14,32,2,38,4,0,125
2024-03-31 12:00:00,10,23,6,5,2,27,1,0,74
2024-03-31 12:10:00,8,22,8,8,5,28,0,0,79
2024-03-31 12:20:00,14,35,15,10,17,33,0,0,124
2024-03-31 12:30:00,7,24,12,3,7,23,1,0,77
2024-03-31 12:40:00,9,36,9,7,5,28,4,0,98
2024-03-31 12:50:00,5,31,16,2,4,28,0,0,86
2024-03-31 13:00:00,8,29,12,4,5,26,3,0,87
2024-03-31 13:10:00,3,27,10,2,3,23,1,0,69
2024-03-31 13:20:00,10,36,11,7,3,17,1,1,86
2024-03-31 13:30:00,10,26,14,6,1,20,0,0,77
2024-03-31 13:40:00,6,29,3,3,5,18,1,0,65
2024-03-31 13:50:00,4,25,7,4,7,17,0,0,64
2024-03-31 14:00:00,11,26,13,4,5,18,3,0,80
2024-03-31 14:10:00,11,29,6,9,2,25,2,0,84
2024-03-31 14:20:00,8,24,5,6,8,20,0,0,71
2024-03-31 14:30:00,12,23,7,8,9,28,0,0,87
2024-03-31 14:40:00,7,27,10,4,3,12,2,1,66
2024-03-31 14:50:00,9,27,7,3,5,20,0,0,71
2024-03-31 15:00:00,15,24,12,10,5,23,1,0,90
2024-03-31 15:10:00,13,14,12,7,6,27,1,0,80
2024-03-31 15:20:00,8,35,13,5,6,21,0,0,88
2024-03-31 15:30:00,11,20,10,11,12,47,0,0,111
2024-03-31 15:40:00,5,27,10,2,7,24,0,0,75
2024-03-31 15:50:00,11,23,9,7,5,24,0,0,79
2024-03-31 16:00:00,10,29,9,4,6,22,0,0,80
2024-03-31 16:10:00,9,24,9,6,4,21,0,0,73
2024-03-31 16:20:00,3,23,9,1,7,30,5,0,78
2024-03-31 16:30:00,13,25,11,11,10,30,2,0,102
2024-03-31 16:40:00,8,21,5,9,2,24,0,0,69
2024-03-31 16:50:00,8,26,11,7,5,16,1,2,76
2024-03-31 17:00:00,5,29,9,4,6,19,1,1,74
2024-03-31 17:10:00,11,24,13,9,4,22,0,2,85
2024-03-31 17:20:00,3,23,14,2,6,29,0,4,81
2024-03-31 17:30:00,8,24,15,2,12,23,0,6,90
2024-03-31 17:40:00,11,23,25,10,10,27,0,2,108
2024-03-31 17:50:00,10,35,15,5,4,25,0,0,94
2024-03-31 18:00:00,8,27,5,4,4,41,0,0,89
2024-03-31 18:10:00,5,19,8,3,7,19,1,1,63
2024-03-31 18:20:00,8,34,24,6,3,26,0,1,102
2024-03-31 18:30:00,9,22,9,4,8,27,1,3,83
2024-03-31 18:40:00,12,27,7,11,7,25,3,2,94
2024-03-31 18:50:00,6,24,15,3,3,24,0,0,75
2024-03-31 19:00:00,4,28,8,1,4,33,0,0,78
2024-03-31 19:10:00,9,19,8,7,4,23,1,0,71
2024-03-31 19:20:00,6,33,19,3,10,28,1,0,100
2024-03-31 19:30:00,7,28,14,6,4,21,0,0,80
2024-03-31 19:40:00,6,27,11,3,7,24,1,0,79
2024-03-31 19:50:00,5,22,12,3,4,21,0,0,67
2024-03-31 20:00:00,6,13,11,8,3,12,2,0,55
2024-03-31 20:10:00,3,29,7,2,4,14,3,1,63
2024-03-31 20:20:00,8,14,8,14,3,25,0,0,72
2024-03-31 20:30:00,9,25,13,7,5,16,2,1,78
2024-03-31 20:40:00,9,22,7,9,5,20,0,0,72
2024-03-31 20:50:00,8,27,14,7,4,18,0,0,78
2024-03-31 21:00:00,1,17,13,3,0,16,1,1,52
2024-03-31 21:10:00,2,15,8,4,3,14,0,0,46
2024-03-31 21:20:00,3,22,8,2,2,9,0,1,47
2024-03-31 21:30:00,3,30,12,4,5,10,0,0,64
2024-03-31 21:40:00,3,20,12,1,4,14,0,0,54
2024-03-31 21:50:00,0,25,17,0,2,17,0,0,61
2024-03-31 22:00:00,2,22,7,0,2,10,0,0,43
2024-03-31 22:10:00,3,17,11,3,1,10,0,0,45
2024-03-31 22:20:00,3,18,16,1,3,11,0,0,52
2024-03-31 22:30:00,2,22,11,0,1,11,0,0,47
2024-03-31 22:40:00,3,18,12,3,3,11,0,0,50
2024-03-31 22:50:00,1,5,4,0,1,10,0,0,21
2024-03-31 23:00:00,4,13,13,3,3,6,0,0,42
2024-03-31 23:10:00,1,17,16,2,3,6,0,0,45
2024-03-31 23:20:00,2,14,14,0,1,6,0,0,37
2024-03-31 23:30:00,3,10,11,1,4,7,0,0,36
2024-03-31 23:40:00,2,8,3,0,4,8,0,0,25
2024-03-31 23:50:00,0,8,4,0,2,4,0,0,18
2024-04-01 00:00:00,1,9,8,1,7,10,1,1,38
2024-04-01 00:10:00,2,5,5,2,4,5,0,0,23
2024-04-01 00:20:00,2,11,9,0,4,3,0,0,29
2024-04-01 00:30:00,1,5,5,0,10,6,0,0,27
2024-04-01 00:40:00,2,9,8,1,5,4,0,0,29
2024-04-01 00:50:00,0,6,11,0,2,4,0,0,23
2024-04-01 01:00:00,2,6,5,0,5,8,0,0,26
2024-04-01 01:10:00,1,8,9,0,4,4,0,0,26
2024-04-01 01:20:00,0,4,6,0,3,4,0,0,17
2024-04-01 01:30:00,0,11,7,0,2,3,2,0,25
2024-04-01 01:40:00,1,5,4,1,2,5,0,0,18
2024-04-01 01:50:00,0,3,3,0,2,3,0,0,11
2024-04-01 02:00:00,0,6,4,0,3,2,0,0,15
2024-04-01 02:10:00,0,9,10,0,2,4,0,0,25
2024-04-01 02:20:00,0,6,4,0,2,2,0,0,14
2024-04-01 02:30:00,0,7,8,0,2,3,0,0,20
2024-04-01 02:40:00,0,3,3,0,2,4,0,0,12
2024-04-01 02:50:00,1,4,3,0,1,4,0,0,13
2024-04-01 03:00:00,0,6,6,0,3,5,0,0,20
2024-04-01 03:10:00,0,1,1,0,3,3,0,0,8
2024-04-01 03:20:00,0,6,3,0,2,1,0,0,12
2024-04-01 03:30:00,0,3,3,0,6,4,0,0,16
2024-04-01 03:40:00,0,0,0,0,6,4,0,0,10
2024-04-01 03:50:00,0,1,1,0,3,1,0,0,6
2024-04-01 04:00:00,2,4,3,0,1,2,0,0,12
2024-04-01 04:10:00,0,4,3,0,2,1,0,0,10
2024-04-01 04:20:00,0,3,3,0,2,2,0,0,10
2024-04-01 04:30:00,0,1,1,0,4,2,0,0,8
2024-04-01 04:40:00,0,1,1,0,0,0,0,0,2
2024-04-01 04:50:00,0,1,1,0,0,2,0,0,4
2024-04-01 05:00:00,0,2,1,0,0,0,0,0,3
2024-04-01 05:10:00,0,4,3,0,2,2,0,0,11
2024-04-01 05:20:00,0,3,2,0,3,5,0,0,13
2024-04-01 05:30:00,0,3,3,0,3,4,0,0,13
2024-04-01 05:40:00,2,2,2,2,3,7,0,0,18
2024-04-01 05:50:00,0,3,3,0,5,5,0,0,16
2024-04-01 06:00:00,0,0,0,0,0,1,0,0,1
2024-04-01 06:10:00,0,3,5,0,1,1,0,0,10
2024-04-01 06:20:00,1,3,2,1,0,0,0,0,7
2024-04-01 06:30:00,0,5,5,0,0,1,0,0,11
2024-04-01 06:40:00,0,5,5,0,40,7,0,0,57
2024-04-01 06:50:00,1,3,2,1,8,4,0,0,19
2024-04-01 07:00:00,0,2,1,0,4,4,0,0,11
2024-04-01 07:10:00,0,2,0,0,5,3,0,0,10
2024-04-01 07:20:00,1,3,2,1,4,2,0,0,13
2024-04-01 07:30:00,1,5,7,1,2,2,0,0,18
2024-04-01 07:40:00,1,2,2,1,3,5,0,0,14
2024-04-01 07:50:00,1,3,4,1,5,6,0,0,20
2024-04-01 08:00:00,0,4,1,0,0,5,1,0,11
2024-04-01 08:10:00,1,1,1,0,1,5,0,0,9
2024-04-01 08:20:00,0,5,4,0,4,6,0,0,19
2024-04-01 08:30:00,3,8,5,2,3,4,0,0,25
2024-04-01 08:40:00,3,6,3,3,0,6,0,0,21
2024-04-01 08:50:00,2,6,1,1,1,7,0,0,18
2024-04-01 09:00:00,3,5,5,3,1,10,0,0,27
2024-04-01 09:10:00,0,7,2,0,0,8,0,0,17
2024-04-01 09:20:00,2,8,4,0,2,9,0,0,25
2024-04-01 09:30:00,4,10,5,3,1,13,1,0,37
2024-04-01 09:40:00,2,14,4,2,1,10,2,1,36
2024-04-01 09:50:00,4,12,7,3,2,17,0,0,45
2024-04-01 10:00:00,4,14,5,2,5,11,2,0,43
2024-04-01 10:10:00,6,13,4,4,3,9,2,0,41
2024-04-01 10:20:00,7,14,3,5,3,14,0,0,46
2024-04-01 10:30:00,1,10,5,1,1,12,0,0,30
2024-04-01 10:40:00,2,22,6,2,3,12,3,0,50
2024-04-01 10:50:00,7,14,3,7,0,14,3,1,49
2024-04-01 11:00:00,9,19,7,6,3,13,0,0,57
2024-04-01 11:10:00,8,24,7,8,0,13,0,0,60
2024-04-01 11:20:00,10,16,6,7,2,18,0,0,59
2024-04-01 11:30:00,6,17,9,5,1,12,0,0,50
2024-04-01 11:40:00,9,9,5,5,2,13,3,0,46
2024-04-01 11:50:00,3,23,8,3,1,22,2,0,62
2024-04-01 12:00:00,5,27,11,4,3,20,1,1,72
2024-04-01 12:10:00,5,18,3,5,5,22,1,0,59
2024-04-01 12:20:00,10,20,12,8,4,24,0,0,78
2024-04-01 12:30:00,8,20,10,4,7,27,1,1,78
2024-04-01 12:40:00,7,21,4,6,5,23,0,0,66
2024-04-01 12:50:00,9,23,6,7,5,19,0,0,69
2024-04-01 13:00:00,7,30,7,1,6,20,1,1,73
2024-04-01 13:10:00,9,18,5,7,1,12,1,0,53
2024-04-01 13:20:00,5,20,10,4,2,29,0,0,70
2024-04-01 13:30:00,4,27,6,3,2,20,0,0,62
2024-04-01 13:40:00,4,23,13,4,2,22,3,0,71
2024-04-01 13:50:00,6,30,18,5,2,29,0,0,90
2024-04-01 14:00:00,8,22,9,6,3,27,0,0,75
2024-04-01 14:10:00,6,31,17,3,2,27,1,1,88
2024-04-01 14:20:00,7,28,18,4,0,22,0,0,79
2024-04-01 14:30:00,8,28,9,5,7,26,0,0,83
2024-04-01 14:40:00,7,21,10,7,3,15,0,0,63
2024-04-01 14:50:00,7,31,15,2,7,30,0,0,92
2024-04-01 15:00:00,10,34,16,5,7,25,0,0,97
2024-04-01 15:10:00,7,21,7,7,4,26,0,0,72
2024-04-01 15:20:00,8,28,10,5,2,23,1,0,77
2024-04-01 15:30:00,7,30,9,4,5,24,0,0,79
2024-04-01 15:40:00,13,29,7,11,3,35,0,0,98
2024-04-01 15:50:00,11,28,11,3,1,42,1,1,98
2024-04-01 16:00:00,12,26,10,6,8,24,0,0,86
2024-04-01 16:10:00,11,38,11,9,5,24,0,0,98
2024-04-01 16:20:00,7,29,14,3,4,21,0,0,78
2024-04-01 16:30:00,5,24,8,2,4,20,0,0,63
2024-04-01 16:40:00,6,30,11,3,2,23,3,1,79
2024-04-01 16:50:00,10,27,4,7,3,22,0,0,73
2024-04-01 17:00:00,8,26,5,6,5,22,1,0,73
2024-04-01 17:10:00,7,27,10,4,4,23,1,0,76
2024-04-01 17:20:00,9,28,8,8,4,19,2,0,78
2024-04-01 17:30:00,15,22,11,13,7,31,1,0,100
2024-04-01 17:40:00,7,27,14,6,4,21,0,0,79
2024-04-01 17:50:00,13,24,10,16,13,44,1,0,121
2024-04-01 18:00:00,11,32,17,5,5,31,6,0,107
2024-04-01 18:10:00,12,26,7,12,2,21,2,0,82
2024-04-01 18:20:00,13,23,5,8,6,14,0,0,69
2024-04-01 18:30:00,13,22,7,5,4,23,0,0,74
2024-04-01 18:40:00,10,25,12,5,4,20,2,1,79
2024-04-01 18:50:00,6,23,7,3,4,30,0,0,73
2024-04-01 19:00:00,9,24,10,9,3,14,0,0,69
2024-04-01 19:10:00,10,34,10,5,6,22,0,0,87
2024-04-01 19:20:00,10,31,16,1,30,19,4,0,111
2024-04-01 19:30:00,4,22,10,2,3,28,0,0,69
2024-04-01 19:40:00,7,26,6,3,4,25,1,1,73
2024-04-01 19:50:00,6,18,8,5,5,20,0,0,62
2024-04-01 20:00:00,6,17,9,6,15,19,1,0,73
2024-04-01 20:10:00,7,21,18,4,7,16,0,0,73
2024-04-01 20:20:00,11,15,12,3,7,18,0,0,66
2024-04-01 20:30:00,7,19,16,5,1,10,0,0,58
2024-04-01 20:40:00,7,20,17,4,2,16,0,0,66
2024-04-01 20:50:00,6,15,11,3,4,11,2,2,54
2024-04-01 21:00:00,6,20,11,3,0,16,1,1,58
2024-04-01 21:10:00,6,17,13,2,5,17,0,0,60
2024-04-01 21:20:00,1,8,7,0,4,11,1,1,33
2024-04-01 21:30:00,3,23,12,2,3,7,0,0,50
2024-04-01 21:40:00,3,13,8,3,0,5,0,0,32
2024-04-01 21:50:00,3,11,11,1,6,19,0,0,51
2024-04-01 22:00:00,4,18,9,4,4,14,2,0,55
2024-04-01 22:10:00,1,14,5,0,2,10,0,0,32
2024-04-01 22:20:00,2,16,6,0,2,7,0,0,33
2024-04-01 22:30:00,3,16,7,2,1,8,0,0,37
2024-04-01 22:40:00,1,11,2,2,0,7,0,0,23
2024-04-01 22:50:00,0,11,2,0,3,10,0,0,26
2024-04-01 23:00:00,2,15,8,3,1,9,0,0,38
2024-04-01 23:10:00,2,30,13,2,0,8,0,0,55
2024-04-01 23:20:00,1,14,4,1,3,10,0,0,33
2024-04-01 23:30:00,1,14,9,1,1,8,0,0,34
2024-04-01 23:40:00,1,18,5,0,1,6,0,0,31
2024-04-01 23:50:00,1,15,11,2,1,3,0,0,33
2024-04-02 00:00:00,2,16,4,3,0,5,0,0,30
2024-04-02 00:10:00,0,3,1,0,0,3,0,0,7
2024-04-02 00:20:00,1,5,1,2,1,6,0,0,16
2024-04-02 00:30:00,1,12,7,0,2,1,0,0,23
2024-04-02 00:40:00,0,13,8,0,1,3,0,0,25
2024-04-02 00:50:00,0,2,0,0,0,6,0,0,8
2024-04-02 01:00:00,0,6,3,0,0,0,0,0,9
2024-04-02 01:10:00,1,7,4,2,0,1,0,0,15
2024-04-02 01:20:00,1,7,6,0,0,3,0,0,17
2024-04-02 01:30:00,0,0,0,0,0,3,0,0,3
2024-04-02 01:40:00,0,2,1,0,0,0,0,0,3
2024-04-02 01:50:00,0,3,2,0,0,0,0,0,5
2024-04-02 02:00:00,0,2,1,0,0,3,0,0,6
2024-04-02 02:10:00,0,0,0,0,0,1,0,0,1
2024-04-02 02:20:00,0,4,2,0,0,1,0,0,7
2024-04-02 02:30:00,0,4,2,0,0,0,0,0,6
2024-04-02 02:40:00,0,3,4,0,0,2,0,0,9
2024-04-02 02:50:00,0,0,0,0,0,1,0,0,1
2024-04-02 03:00:00,0,1,0,0,1,4,0,0,6
2024-04-02 03:10:00,0,3,1,0,0,1,0,0,5
2024-04-02 03:20:00,0,7,1,0,0,1,1,0,10
2024-04-02 03:30:00,0,0,0,0,0,3,0,0,3
2024-04-02 03:40:00,0,2,2,0,0,1,0,0,5
2024-04-02 03:50:00,0,5,2,0,2,1,0,0,10
2024-04-02 04:00:00,0,2,0,0,2,0,0,0,4
2024-04-02 04:10:00,0,0,1,0,1,2,0,0,4
2024-04-02 04:20:00,1,0,0,0,3,0,0,0,4
2024-04-02 04:30:00,1,0,2,0,0,2,0,0,5
2024-04-02 04:40:00,0,3,3,0,0,2,0,0,8
2024-04-02 04:50:00,1,2,1,0,2,4,0,0,10
2024-04-02 05:00:00,0,7,3,0,2,3,0,0,15
2024-04-02 05:10:00,1,11,5,2,1,4,0,0,24
2024-04-02 05:20:00,0,6,4,0,0,6,0,0,16
2024-04-02 05:30:00,1,6,2,0,3,11,0,0,23
2024-04-02 05:40:00,2,15,7,3,3,10,0,0,40
2024-04-02 05:50:00,3,8,3,5,9,8,0,0,36
2024-04-02 06:00:00,0,9,1,0,3,6,0,0,19
2024-04-02 06:10:00,1,8,5,1,3,14,0,0,32
2024-04-02 06:20:00,3,9,4,5,0,12,0,0,33
2024-04-02 06:30:00,2,10,6,4,4,18,0,0,44
2024-04-02 06:40:00,0,20,8,0,7,16,1,1,53
2024-04-02 06:50:00,3,19,3,1,4,18,1,0,49
2024-04-02 07:00:00,4,10,1,6,7,11,4,2,45
2024-04-02 07:10:00,5,12,7,5,4,24,0,0,57
2024-04-02 07:20:00,6,11,18,4,11,30,1,0,81
2024-04-02 07:30:00,8,17,12,8,15,31,0,0,91
2024-04-02 07:40:00,6,29,15,3,5,33,3,1,95
2024-04-02 07:50:00,5,18,8,6,11,31,1,1,81
2024-04-02 08:00:00,13,21,7,11,10,30,1,1,94
2024-04-02 08:10:00,11,23,5,11,10,23,0,0,83
2024-04-02 08:20:00,10,27,10,11,14,35,0,1,108
2024-04-02 08:30:00,10,31,11,7,7,32,4,1,103
2024-04-02 08:40:00,14,16,11,11,15,32,1,0,100
2024-04-02 08:50:00,14,30,11,13,7,32,2,0,109
2024-04-02 09:00:00,10,34,15,10,7,35,0,0,111
2024-04-02 09:10:00,6,36,14,5,7,31,0,1,100
2024-04-02 09:20:00,13,26,7,20,2,27,0,2,97
2024-04-02 09:30:00,9,30,12,8,3,28,1,4,95
2024-04-02 09:40:00,17,26,10,9,7,39,0,2,110
2024-04-02 09:50:00,10,36,15,4,7,38,0,0,110
2024-04-02 10:00:00,10,35,10,8,2,36,0,0,101
2024-04-02 10:10:00,13,33,12,9,3,36,0,0,106
2024-04-02 10:20:00,14,29,10,9,6,30,1,0,99
2024-04-02 10:30:00,17,33,5,14,11,35,2,1,118
2024-04-02 10:40:00,11,34,14,11,2,30,2,1,105
2024-04-02 10:50:00,18,46,10,15,1,22,1,0,113
2024-04-02 11:00:00,7,32,13,5,2,36,0,0,95
2024-04-02 11:10:00,14,42,11,9,13,27,0,2,118
2024-04-02 11:20:00,10,37,16,8,8,29,0,0,108
2024-04-02 11:30:00,9,40,17,7,15,44,1,0,133
2024-04-02 11:40:00,8,32,12,7,4,29,0,0,92
2024-04-02 11:50:00,9,36,29,10,7,29,0,0,120
2024-04-02 12:00:00,10,37,17,9,1,28,1,1,104
2024-04-02 12:10:00,5,43,17,4,5,26,2,0,102
2024-04-02 12:20:00,8,37,7,6,6,31,0,0,95
2024-04-02 12:30:00,7,28,12,9,6,34,1,1,98
2024-04-02 12:40:00,9,38,14,6,8,27,2,0,104
2024-04-02 12:50:00,14,37,17,12,7,27,0,0,114
2024-04-02 13:00:00,10,46,15,5,10,36,0,1,123
2024-04-02 13:10:00,13,39,9,7,6,29,2,2,107
2024-04-02 13:20:00,11,22,6,8,5,32,1,1,86
2024-04-02 13:30:00,9,43,14,2,7,25,1,0,101
2024-04-02 13:40:00,11,38,12,9,4,20,0,0,94
2024-04-02 13:50:00,3,34,10,2,2,28,2,0,81
2024-04-02 14:00:00,5,37,10,3,7,28,0,0,90
2024-04-02 14:10:00,9,34,16,8,5,38,1,1,112
2024-04-02 14:20:00,7,36,9,5,5,38,3,0,103
2024-04-02 14:30:00,12,61,24,11,2,21,0,0,131
2024-04-02 14:40:00,12,52,66,13,9,23,1,2,178
2024-04-02 14:50:00,13,31,23,8,5,35,0,8,123
2024-04-02 15:00:00,8,39,23,6,5,36,0,0,117
2024-04-02 15:10:00,13,37,12,6,8,38,1,1,116
2024-04-02 15:20:00,7,47,89,9,2,35,4,1,194
2024-04-02 15:30:00,6,42,13,7,4,48,0,3,123
2024-04-02 15:40:00,13,34,43,8,12,38,2,2,152
2024-04-02 15:50:00,12,45,15,10,6,27,2,0,117
2024-04-02 16:00:00,8,41,22,4,8,44,0,1,128
2024-04-02 16:10:00,9,45,9,7,8,31,0,1,110
2024-04-02 16:20:00,9,46,22,5,10,38,0,2,132
2024-04-02 16:30:00,12,50,24,5,10,35,0,0,136
2024-04-02 16:40:00,10,43,22,8,3,29,0,0,115
2024-04-02 16:50:00,8,34,25,7,7,26,1,0,108
2024-04-02 17:00:00,18,38,21,10,8,30,0,0,125
2024-04-02 17:10:00,11,51,23,7,14,23,1,0,130
2024-04-02 17:20:00,7,46,41,8,8,26,1,1,138
2024-04-02 17:30:00,10,42,39,5,13,44,2,0,155
2024-04-02 17:40:00,9,42,43,9,15,28,1,0,147
2024-04-02 17:50:00,13,68,66,6,27,35,0,0,215
2024-04-02 18:00:00,16,43,44,3,35,26,2,3,172
2024-04-02 18:10:00,21,55,59,8,23,28,0,0,194
2024-04-02 18:20:00,9,40,51,6,10,17,0,1,134
2024-04-02 18:30:00,13,39,24,8,6,21,0,2,113
2024-04-02 18:40:00,11,35,18,9,32,42,1,1,149
2024-04-02 18:50:00,10,40,10,6,10,35,1,0,112
2024-04-02 19:00:00,4,36,14,2,8,23,1,1,89
2024-04-02 19:10:00,12,41,13,6,7,24,0,0,103
2024-04-02 19:20:00,11,28,19,5,12,30,1,0,106
2024-04-02 19:30:00,5,33,16,3,0,21,0,0,78
2024-04-02 19:40:00,3,31,13,2,6,23,0,1,79
2024-04-02 19:50:00,11,37,23,4,8,20,1,0,104
2024-04-02 20:00:00,3,24,15,4,1,19,1,0,67
2024-04-02 20:10:00,7,21,11,7,5,17,0,0,68
2024-04-02 20:20:00,4,29,6,2,2,23,1,0,67
2024-04-02 20:30:00,6,18,9,4,3,17,1,0,58
2024-04-02 20:40:00,7,19,12,4,4,19,0,0,65
2024-04-02 20:50:00,8,24,17,6,3,18,1,0,77
2024-04-02 21:00:00,3,18,13,2,2,8,0,0,46
2024-04-02 21:10:00,5,25,10,1,0,13,0,0,54
2024-04-02 21:20:00,4,33,21,1,2,14,0,0,75
2024-04-02 21:30:00,1,27,15,0,2,12,0,0,57
2024-04-02 21:40:00,5,15,6,2,1,17,0,0,46
2024-04-02 21:50:00,3,21,11,2,0,13,0,0,50
2024-04-02 22:00:00,9,23,12,1,4,14,0,0,63
2024-04-02 22:10:00,0,24,12,0,1,7,0,0,44
2024-04-02 22:20:00,2,25,8,0,2,4,0,0,41
2024-04-02 22:30:00,4,13,11,0,1,7,1,2,39
2024-04-02 22:40:00,4,13,5,2,0,5,0,0,29
2024-04-02 22:50:00,2,12,9,2,3,11,0,0,39
2024-04-02 23:00:00,5,11,9,0,2,7,0,0,34
2024-04-02 23:10:00,1,20,5,0,1,4,0,0,31
2024-04-02 23:20:00,2,10,8,4,1,6,0,0,31
2024-04-02 23:30:00,2,16,12,2,0,4,0,0,36
2024-04-02 23:40:00,1,7,3,0,1,3,0,0,15
2024-04-02 23:50:00,5,18,14,4,2,6,0,0,49
2024-04-03 00:00:00,0,9,5,0,0,2,0,0,16
2024-04-03 00:10:00,0,9,3,0,0,1,0,0,13
2024-04-03 00:20:00,1,2,1,0,0,4,0,0,8
2024-04-03 00:30:00,0,6,2,0,0,2,0,0,10
2024-04-03 00:40:00,0,4,2,0,0,4,0,0,10
2024-04-03 00:50:00,0,6,6,0,0,1,0,0,13
2024-04-03 01:00:00,0,9,6,0,1,2,0,0,18
2024-04-03 01:10:00,1,1,1,1,0,2,0,0,6
2024-04-03 01:20:00,0,0,0,0,1,1,0,0,2
2024-04-03 01:30:00,0,3,2,0,0,1,0,0,6
2024-04-03 01:40:00,0,1,0,0,0,0,0,0,1
2024-04-03 01:50:00,0,5,5,0,0,1,0,0,11
2024-04-03 02:00:00,0,1,1,0,1,1,0,0,4
2024-04-03 02:10:00,1,5,3,0,0,1,0,0,10
2024-04-03 02:20:00,0,1,0,0,0,2,0,0,3
2024-04-03 02:30:00,1,2,0,1,0,1,0,0,5
2024-04-03 02:40:00,0,2,3,0,0,3,0,0,8
2024-04-03 02:50:00,0,0,0,0,0,0,0,0,0
2024-04-03 03:00:00,0,1,0,0,0,0,0,0,1
2024-04-03 03:10:00,0,4,2,0,0,1,0,0,7
2024-04-03 03:20:00,0,7,4,0,0,2,4,0,17
2024-04-03 03:30:00,0,2,0,0,0,4,0,0,6
2024-04-03 03:40:00,0,1,1,0,2,2,2,0,8
2024-04-03 03:50:00,0,4,3,0,0,0,0,0,7
2024-04-03 04:00:00,0,2,0,0,1,2,0,0,5
2024-04-03 04:10:00,0,11,6,0,0,2,0,0,19
2024-04-03 04:20:00,0,3,2,0,1,2,0,0,8
2024-04-03 04:30:00,1,0,0,0,0,4,0,0,5
2024-04-03 04:40:00,0,3,2,1,1,2,0,0,9
2024-04-03 04:50:00,2,0,0,1,1,2,0,0,6
2024-04-03 05:00:00,0,1,0,0,1,3,0,0,5
2024-04-03 05:10:00,0,4,2,0,4,5,0,0,15
2024-04-03 05:20:00,0,11,8,0,0,3,0,0,22
2024-04-03 05:30:00,2,5,1,0,6,7,0,0,21
2024-04-03 05:40:00,1,6,2,4,5,8,0,0,26
2024-04-03 05:50:00,3,7,6,1,13,12,0,0,42
2024-04-03 06:00:00,0,5,3,0,2,4,1,1,16
2024-04-03 06:10:00,2,8,7,3,6,9,0,0,35
2024-04-03 06:20:00,1,12,6,1,2,20,0,0,42
2024-04-03 06:30:00,1,11,3,0,3,13,0,0,31
2024-04-03 06:40:00,1,19,6,0,3,17,0,0,46
2024-04-03 06:50:00,7,11,2,8,3,20,0,0,51
2024-04-03 07:00:00,5,10,6,5,7,50,1,0,84
2024-04-03 07:10:00,6,12,4,3,4,24,0,0,53
2024-04-03 07:20:00,3,20,9,2,3,36,1,0,74
2024-04-03 07:30:00,10,19,8,8,9,27,0,0,81
2024-04-03 07:40:00,3,24,13,2,13,34,0,0,89
2024-04-03 07:50:00,20,29,19,14,11,24,0,0,117
2024-04-03 08:00:00,16,20,13,17,8,33,0,0,107
2024-04-03 08:10:00,18,23,7,14,11,22,0,0,95
2024-04-03 08:20:00,11,23,17,10,5,32,0,0,98
2024-04-03 08:30:00,12,30,14,9,3,30,2,0,100
2024-04-03 08:40:00,8,38,24,9,9,41,2,1,132
2024-04-03 08:50:00,12,30,12,7,10,37,1,0,109
2024-04-03 09:00:00,8,22,14,6,6,35,2,2,95
2024-04-03 09:10:00,6,26,7,3,2,32,1,0,77
2024-04-03 09:20:00,10,30,12,6,7,30,2,0,97
2024-04-03 09:30:00,9,19,6,19,4,27,0,0,84
2024-04-03 09:40:00,13,46,14,9,6,30,1,1,120
2024-04-03 09:50:00,8,30,13,51,7,36,0,0,145
2024-04-03 10:00:00,12,41,22,7,5,31,0,0,118
2024-04-03 10:10:00,14,30,23,7,8,30,1,0,113
2024-04-03 10:20:00,14,28,10,13,4,38,2,0,109
2024-04-03 10:30:00,10,27,8,6,6,37,1,0,95
2024-04-03 10:40:00,6,30,11,3,5,29,1,0,85
2024-04-03 10:50:00,14,38,10,10,6,43,1,0,122
2024-04-03 11:00:00,8,34,15,5,2,33,3,1,101
2024-04-03 11:10:00,7,38,19,6,2,16,3,1,92
2024-04-03 11:20:00,11,41,13,11,7,49,1,0,133
2024-04-03 11:30:00,10,30,10,8,21,31,0,0,110
2024-04-03 11:40:00,12,35,18,8,9,47,1,0,130
2024-04-03 11:50:00,14,39,15,16,4,27,2,2,119
2024-04-03 12:00:00,16,37,28,31,4,20,1,0,137
2024-04-03 12:10:00,9,53,18,8,9,37,0,0,134
2024-04-03 12:20:00,11,32,20,5,9,39,1,0,117
2024-04-03 12:30:00,9,39,23,9,6,29,1,0,116
2024-04-03 12:40:00,10,43,15,4,9,26,0,0,107
2024-04-03 12:50:00,10,49,26,5,4,37,4,0,135
2024-04-03 13:00:00,11,30,11,13,4,28,1,1,99
2024-04-03 13:10:00,6,37,6,6,7,27,3,0,92
2024-04-03 13:20:00,10,37,12,6,4,30,0,2,101
2024-04-03 13:30:00,6,39,15,5,5,30,3,1,104
2024-04-03 13:40:00,11,32,7,5,11,37,0,0,103
2024-04-03 13:50:00,10,34,18,5,2,26,1,0,96
2024-04-03 14:00:00,12,38,14,5,7,33,0,0,109
2024-04-03 14:10:00,8,39,10,4,2,41,0,0,104
2024-04-03 14:20:00,9,48,15,7,8,31,0,0,118
2024-04-03 14:30:00,11,32,18,4,3,41,2,1,112
2024-04-03 14:40:00,14,45,16,12,6,33,1,0,127
2024-04-03 14:50:00,12,38,24,15,5,26,0,0,120
2024-04-03 15:00:00,7,35,12,6,3,38,0,0,101
2024-04-03 15:10:00,12,47,15,6,8,31,0,0,119
2024-04-03 15:20:00,10,32,16,8,11,31,0,0,108
2024-04-03 15:30:00,12,33,20,11,2,23,2,0,103
2024-04-03 15:40:00,10,37,19,5,7,34,0,0,112
2024-04-03 15:50:00,11,42,12,10,6,36,0,0,117
2024-04-03 16:00:00,8,41,15,5,8,28,2,2,109
2024-04-03 16:10:00,16,45,21,12,3,23,0,0,120
2024-04-03 16:20:00,8,34,14,4,5,38,2,0,105
2024-04-03 16:30:00,8,44,17,3,5,23,1,1,102
2024-04-03 16:40:00,6,44,12,1,12,41,0,0,116
2024-04-03 16:50:00,11,50,13,7,8,30,1,0,120
2024-04-03 17:00:00,11,39,10,7,11,35,0,0,113
2024-04-03 17:10:00,16,43,14,9,9,33,0,0,124
2024-04-03 17:20:00,9,33,15,9,6,36,1,1,110
2024-04-03 17:30:00,11,46,20,5,4,29,1,0,116
2024-04-03 17:40:00,16,39,13,14,4,30,0,0,116
2024-04-03 17:50:00,12,41,26,8,10,22,1,0,120
2024-04-03 18:00:00,12,43,22,5,7,30,0,0,119
2024-04-03 18:10:00,12,42,21,4,11,37,1,0,128
2024-04-03 18:20:00,14,27,9,6,9,24,0,7,96
2024-04-03 18:30:00,12,46,13,8,4,30,0,5,118
2024-04-03 18:40:00,7,45,23,4,7,28,0,1,115
2024-04-03 18:50:00,9,44,21,5,10,29,0,0,118
2024-04-03 19:00:00,12,44,15,5,8,23,0,1,108
2024-04-03 19:10:00,11,35,12,5,4,21,0,0,88
2024-04-03 19:20:00,6,26,13,3,4,16,2,0,70
2024-04-03 19:30:00,6,39,7,2,2,29,0,0,85
2024-04-03 19:40:00,4,27,9,2,5,31,2,1,81
2024-04-03 19:50:00,6,23,8,4,2,20,0,0,63
2024-04-03 20:00:00,7,26,11,5,4,18,0,0,71
2024-04-03 20:10:00,7,25,20,6,9,15,1,3,86
2024-04-03 20:20:00,6,22,15,4,4,24,0,0,75
2024-04-03 20:30:00,3,34,16,2,2,19,0,0,76
2024-04-03 20:40:00,11,29,15,8,8,15,0,0,86
2024-04-03 20:50:00,4,32,14,1,3,17,0,0,71
2024-04-03 21:00:00,4,28,21,4,2,15,0,0,74
2024-04-03 21:10:00,4,27,10,0,4,15,0,0,60
2024-04-03 21:20:00,5,16,8,1,8,15,0,0,53
2024-04-03 21:30:00,6,27,11,5,1,14,2,0,66
2024-04-03 21:40:00,6,30,22,2,2,17,0,0,79
2024-04-03 21:50:00,0,29,8,0,0,11,3,1,52
2024-04-03 22:00:00,5,9,6,2,2,16,0,0,40
2024-04-03 22:10:00,1,18,11,0,0,16,0,0,46
2024-04-03 22:20:00,6,23,11,2,1,12,0,0,55
2024-04-03 22:30:00,1,17,15,0,2,9,0,0,44
2024-04-03 22:40:00,0,16,15,0,3,6,0,0,40
2024-04-03 22:50:00,4,16,16,1,11,14,0,0,62
2024-04-03 23:00:00,0,10,10,0,4,8,0,0,32
2024-04-03 23:10:00,0,9,10,0,2,6,0,0,27
2024-04-03 23:20:00,1,12,10,0,7,5,0,0,35
2024-04-03 23:30:00,0,10,10,0,1,3,0,0,24
2024-04-03 23:40:00,0,8,7,0,2,5,0,0,22
2024-04-03 23:50:00,2,13,9,0,4,4,0,0,32
2024-04-04 00:00:00,2,5,3,1,0,2,0,0,13
2024-04-04 00:10:00,0,5,5,0,3,3,0,0,16
2024-04-04 00:20:00,0,5,5,0,5,8,0,0,23
2024-04-04 00:30:00,1,6,3,0,6,7,0,0,23
2024-04-04 00:40:00,1,6,6,0,3,3,0,0,19
2024-04-04 00:50:00,0,3,3,0,4,5,0,0,15
2024-04-04 01:00:00,1,4,3,1,1,1,0,1,12
2024-04-04 01:10:00,0,3,3,0,3,4,0,0,13
2024-04-04 01:20:00,0,3,4,0,2,3,0,0,12
2024-04-04 01:30:00,0,2,0,0,0,1,0,0,3
2024-04-04 01:40:00,0,2,2,0,0,0,0,0,4
2024-04-04 01:50:00,2,2,2,0,1,1,0,0,8
2024-04-04 02:00:00,0,2,1,0,1,1,0,0,5
2024-04-04 02:10:00,0,0,0,0,0,0,0,0,0
2024-04-04 02:20:00,0,1,1,0,0,1,0,0,3
2024-04-04 02:30:00,0,1,1,0,0,1,0,0,3
2024-04-04 02:40:00,0,3,3,0,2,1,0,0,9
2024-04-04 02:50:00,0,0,0,0,1,1,0,0,2
2024-04-04 03:00:00,1,2,1,1,0,2,0,0,7
2024-04-04 03:10:00,1,2,2,3,1,1,0,0,10
2024-04-04 03:20:00,0,6,6,0,0,0,2,1,15
2024-04-04 03:30:00,0,2,2,0,3,3,0,0,10
2024-04-04 03:40:00,0,4,3,0,1,4,0,0,12
2024-04-04 03:50:00,0,1,1,0,1,0,0,0,3
2024-04-04 04:00:00,0,1,2,0,0,0,0,0,3
2024-04-04 04:10:00,1,2,2,1,2,3,0,0,11
2024-04-04 04:20:00,0,1,1,0,0,2,0,0,4
2024-04-04 04:30:00,1,2,2,0,1,1,0,0,7
2024-04-04 04:40:00,0,1,1,0,1,2,0,0,5
2024-04-04 04:50:00,2,0,0,3,1,2,0,0,8
2024-04-04 05:00:00,0,3,2,0,3,2,0,0,10
2024-04-04 05:10:00,1,2,2,1,3,7,0,0,16
2024-04-04 05:20:00,1,10,6,0,4,5,0,0,26
2024-04-04 05:30:00,1,3,2,1,1,5,1,1,15
2024-04-04 05:40:00,2,8,8,1,8,8,0,0,35
2024-04-04 05:50:00,1,8,10,1,6,9,0,0,35
2024-04-04 06:00:00,0,7,6,0,6,6,0,0,25
2024-04-04 06:10:00,1,6,4,1,8,8,0,0,28
2024-04-04 06:20:00,2,11,7,4,4,9,0,0,37
2024-04-04 06:30:00,5,6,4,5,7,17,0,0,44
2024-04-04 06:40:00,3,19,11,4,7,18,2,1,65
2024-04-04 06:50:00,2,17,12,2,4,17,1,0,55
2024-04-04 07:00:00,6,9,4,3,12,10,1,0,45
2024-04-04 07:10:00,6,13,7,6,6,25,1,1,65
2024-04-04 07:20:00,9,16,15,8,8,26,0,0,82
2024-04-04 07:30:00,9,20,7,5,11,34,1,0,87
2024-04-04 07:40:00,12,26,10,7,8,35,0,1,99
2024-04-04 07:50:00,10,23,12,9,11,27,0,0,92
2024-04-04 08:00:00,12,23,13,9,13,27,1,0,98
2024-04-04 08:10:00,16,29,12,9,11,28,0,0,105
2024-04-04 08:20:00,19,24,11,22,7,30,1,0,114
2024-04-04 08:30:00,16,24,10,12,9,28,0,0,99
2024-04-04 08:40:00,15,28,14,12,17,33,5,1,125
2024-04-04 08:50:00,9,41,25,6,8,43,0,0,132
2024-04-04 09:00:00,9,19,14,12,6,38,0,0,98
2024-04-04 09:10:00,7,30,15,9,8,29,0,0,98
2024-04-04 09:20:00,10,19,8,10,6,25,0,0,78
2024-04-04 09:30:00,8,30,12,9,5,34,0,0,98
2024-04-04 09:40:00,15,32,19,9,5,30,0,0,110
2024-04-04 09:50:00,15,41,18,12,14,33,1,0,134
2024-04-04 10:00:00,16,39,13,6,8,35,0,0,117
2024-04-04 10:10:00,14,28,15,14,11,37,0,0,119
2024-04-04 10:20:00,8,32,14,6,1,35,1,1,98
2024-04-04 10:30:00,15,26,11,10,3,36,2,0,103
2024-04-04 10:40:00,14,36,11,13,6,29,0,0,109
2024-04-04 10:50:00,8,26,14,5,6,33,0,0,92
2024-04-04 11:00:00,7,46,15,5,3,32,0,0,108
2024-04-04 11:10:00,5,30,16,5,6,33,0,0,95
2024-04-04 11:20:00,10,34,14,6,6,37,1,0,108
2024-04-04 11:30:00,19,47,22,8,9,41,0,0,146
2024-04-04 11:40:00,15,27,16,8,4,29,3,1,103
2024-04-04 11:50:00,9,34,10,7,7,35,2,0,104
2024-04-04 12:00:00,20,43,24,12,9,35,0,0,143
2024-04-04 12:10:00,13,34,14,13,5,34,19,0,132
2024-04-04 12:20:00,15,44,19,8,11,25,0,0,122
2024-04-04 12:30:00,17,41,15,8,6,37,1,0,125
2024-04-04 12:40:00,10,38,15,6,4,32,0,0,105
2024-04-04 12:50:00,9,25,11,6,6,25,0,0,82
2024-04-04 13:00:00,9,30,9,8,6,28,0,0,90
2024-04-04 13:10:00,11,29,8,10,5,27,1,0,91
2024-04-04 13:20:00,10,26,16,6,2,21,2,0,83
2024-04-04 13:30:00,5,33,8,2,8,33,0,0,89
2024-04-04 13:40:00,7,27,22,6,5,30,1,0,98
2024-04-04 13:50:00,10,33,17,9,7,35,1,0,112
2024-04-04 14:00:00,10,28,20,6,4,33,0,0,101
2024-04-04 14:10:00,5,45,18,3,5,29,0,0,105
2024-04-04 14:20:00,13,29,9,12,5,38,3,1,110
2024-04-04 14:30:00,13,32,16,7,9,37,0,0,114
2024-04-04 14:40:00,10,34,12,9,5,39,1,0,110
2024-04-04 14:50:00,10,32,12,6,7,29,4,1,101
2024-04-04 15:00:00,10,39,15,74,4,32,1,0,175
2024-04-04 15:10:00,8,41,12,3,6,43,0,0,113
2024-04-04 15:20:00,13,29,13,9,5,30,0,2,101
2024-04-04 15:30:00,12,29,11,11,5,47,0,0,115
2024-04-04 15:40:00,17,40,22,12,10,37,0,0,138
2024-04-04 15:50:00,10,50,20,8,2,31,1,0,122
2024-04-04 16:00:00,8,50,14,3,8,36,0,1,120
2024-04-04 16:10:00,13,45,21,8,6,32,0,0,125
2024-04-04 16:20:00,13,35,19,7,7,30,1,1,113
2024-04-04 16:30:00,8,47,30,3,16,31,0,0,135
2024-04-04 16:40:00,6,42,28,3,28,30,0,0,137
2024-04-04 16:50:00,15,47,35,5,69,29,0,0,200
2024-04-04 17:00:00,8,41,25,6,46,24,0,0,150
2024-04-04 17:10:00,11,43,20,3,10,36,2,0,125
2024-04-04 17:20:00,13,35,10,11,7,29,0,0,105
2024-04-04 17:30:00,13,47,33,8,7,36,2,1,147
2024-04-04 17:40:00,10,40,54,8,88,42,5,1,248
2024-04-04 17:50:00,5,39,17,4,20,29,3,6,123
2024-04-04 18:00:00,12,47,21,5,7,43,3,2,140
2024-04-04 18:10:00,14,38,16,6,8,35,0,2,119
2024-04-04 18:20:00,9,36,19,5,12,22,2,1,106
2024-04-04 18:30:00,12,47,30,6,6,27,1,0,129
2024-04-04 18:40:00,12,41,13,6,11,36,0,0,119
2024-04-04 18:50:00,7,46,10,4,6,21,2,0,96
2024-04-04 19:00:00,8,38,13,6,0,26,2,0,93
2024-04-04 19:10:00,8,40,15,7,8,28,0,0,106
2024-04-04 19:20:00,7,38,22,3,5,27,0,0,102
2024-04-04 19:30:00,7,38,14,4,3,18,2,1,87
2024-04-04 19:40:00,5,37,22,4,1,27,0,0,96
2024-04-04 19:50:00,7,29,8,5,5,24,0,0,78
2024-04-04 20:00:00,2,27,12,0,4,23,0,0,68
2024-04-04 20:10:00,4,24,14,3,5,12,0,0,62
2024-04-04 20:20:00,7,25,13,5,3,12,0,0,65
2024-04-04 20:30:00,6,28,8,7,1,8,1,0,59
2024-04-04 20:40:00,5,27,13,4,4,18,1,1,73
2024-04-04 20:50:00,6,24,19,8,2,9,0,0,68
2024-04-04 21:00:00,3,25,18,2,4,12,0,0,64
2024-04-04 21:10:00,5,18,18,3,2,14,0,0,60
2024-04-04 21:20:00,3,15,18,1,1,14,0,0,52
2024-04-04 21:30:00,4,18,17,0,8,17,0,0,64
2024-04-04 21:40:00,6,20,19,2,5,14,1,0,67
2024-04-04 21:50:00,1,19,14,1,6,13,0,0,54
2024-04-04 22:00:00,6,14,14,1,7,10,1,0,53
2024-04-04 22:10:00,6,18,14,2,6,17,0,0,63
2024-04-04 22:20:00,2,11,10,0,2,9,0,0,34
2024-04-04 22:30:00,1,18,17,0,11,15,0,0,62
2024-04-04 22:40:00,3,16,19,2,5,10,0,0,55
2024-04-04 22:50:00,5,14,12,2,10,10,0,0,53
2024-04-04 23:00:00,1,9,6,0,3,8,0,0,27
2024-04-04 23:10:00,1,7,6,0,7,11,0,0,32
2024-04-04 23:20:00,4,16,16,1,4,6,0,0,47
2024-04-04 23:30:00,2,11,9,1,1,7,0,0,31
2024-04-04 23:40:00,2,15,9,2,1,3,0,0,32
2024-04-04 23:50:00,0,15,10,0,1,1,0,0,27
2024-04-05 00:00:00,3,7,6,3,4,6,0,0,29
2024-04-05 00:10:00,0,5,6,0,2,3,0,0,16
2024-04-05 00:20:00,0,6,7,0,3,2,0,0,18
2024-04-05 00:30:00,0,7,5,0,5,5,0,0,22
2024-04-05 00:40:00,0,9,7,0,0,2,0,0,18
2024-04-05 00:50:00,1,9,8,0,2,4,0,0,24
2024-04-05 01:00:00,2,4,3,0,5,6,0,0,20
2024-04-05 01:10:00,1,6,5,1,1,2,0,0,16
2024-04-05 01:20:00,0,4,4,0,2,3,0,0,13
2024-04-05 01:30:00,0,2,0,0,2,1,0,0,5
2024-04-05 01:40:00,1,4,3,0,2,4,0,0,14
2024-04-05 01:50:00,1,5,5,0,3,2,0,0,16
2024-04-05 02:00:00,0,1,1,0,0,0,0,0,2
