datetime,D23Z,V24Z,D81Z,D82Z,D83Z,V84Z,Total
2024-03-01 01:00:00,3,2,14,2,2,2,25
2024-03-01 01:10:00,4,4,13,4,2,3,30
2024-03-01 01:20:00,0,0,17,1,1,1,20
2024-03-01 01:30:00,1,1,18,2,3,2,27
2024-03-01 01:40:00,2,1,9,3,4,6,25
2024-03-01 01:50:00,2,2,5,3,3,2,17
2024-03-01 02:00:00,1,1,7,3,3,3,18
2024-03-01 02:10:00,2,2,6,2,1,1,14
2024-03-01 02:20:00,1,1,1,1,2,1,7
2024-03-01 02:30:00,1,0,4,3,3,3,14
2024-03-01 02:40:00,2,2,4,1,0,1,10
2024-03-01 02:50:00,2,1,2,2,2,3,12
2024-03-01 03:00:00,1,1,3,2,2,2,11
2024-03-01 03:10:00,0,0,1,0,1,0,2
2024-03-01 03:20:00,2,2,5,2,1,2,14
2024-03-01 03:30:00,0,0,7,0,0,0,7
2024-03-01 03:40:00,4,4,2,1,1,1,13
2024-03-01 03:50:00,1,1,2,0,1,0,5
2024-03-01 04:00:00,0,0,0,1,1,1,3
2024-03-01 04:10:00,1,0,0,2,2,2,7
2024-03-01 04:20:00,3,4,0,4,3,2,16
2024-03-01 04:30:00,6,5,1,6,6,7,31
2024-03-01 04:40:00,3,2,0,4,4,4,17
2024-03-01 04:50:00,5,4,3,4,4,4,24
2024-03-01 05:00:00,7,3,1,9,9,6,35
2024-03-01 05:10:00,8,5,7,6,6,7,39
2024-03-01 05:20:00,7,6,5,5,5,7,35
2024-03-01 05:30:00,10,7,11,15,15,13,71
2024-03-01 05:40:00,11,11,10,20,20,14,86
2024-03-01 05:50:00,13,9,21,25,24,18,110
2024-03-01 06:00:00,10,5,9,16,16,17,73
2024-03-01 06:10:00,20,12,27,29,32,16,136
2024-03-01 06:20:00,18,11,30,25,23,24,131
2024-03-01 06:30:00,14,10,6,21,17,17,85
2024-03-01 06:40:00,21,17,11,26,26,21,122
2024-03-01 06:50:00,26,16,11,33,33,27,146
2024-03-01 07:00:00,15,12,9,32,32,19,119
2024-03-01 07:10:00,23,17,12,46,46,21,165
2024-03-01 07:20:00,36,17,33,47,45,29,207
2024-03-01 07:30:00,54,19,27,52,53,25,230
2024-03-01 07:40:00,38,22,110,58,66,26,320
2024-03-01 07:50:00,41,26,142,67,60,29,365
2024-03-01 08:00:00,47,17,83,43,42,22,254
2024-03-01 08:10:00,35,23,77,49,49,27,260
2024-03-01 08:20:00,26,20,43,47,45,29,210
2024-03-01 08:30:00,35,16,30,38,39,26,184
2024-03-01 08:40:00,58,25,35,57,56,30,261
2024-03-01 08:50:00,33,18,26,55,51,28,211
2024-03-01 09:00:00,36,25,16,42,41,32,192
2024-03-01 09:10:00,27,20,21,38,37,25,168
2024-03-01 09:20:00,28,15,13,41,39,30,166
2024-03-01 09:30:00,35,19,33,51,48,24,210
2024-03-01 09:40:00,39,24,46,55,56,27,247
2024-03-01 09:50:00,37,21,26,41,35,23,183
2024-03-01 10:00:00,39,29,44,45,42,23,222
2024-03-01 10:10:00,45,23,39,35,32,20,194
2024-03-01 10:20:00,36,20,40,46,30,28,200
2024-03-01 10:30:00,39,17,37,36,38,30,197
2024-03-01 10:40:00,44,23,34,42,44,35,222
2024-03-01 10:50:00,41,28,24,39,38,29,199
2024-03-01 11:00:00,36,21,20,41,38,31,187
2024-03-01 11:10:00,40,24,28,45,52,26,215
2024-03-01 11:20:00,34,23,18,34,30,24,163
2024-03-01 11:30:00,46,22,28,46,46,29,217
2024-03-01 11:40:00,48,27,25,42,38,30,210
2024-03-01 11:50:00,47,26,34,45,44,29,225
2024-03-01 12:00:00,38,30,23,34,34,24,183
2024-03-01 12:10:00,53,30,28,51,49,30,241
2024-03-01 12:20:00,27,17,30,49,53,39,215
2024-03-01 12:30:00,55,24,29,43,41,22,214
2024-03-01 12:40:00,50,28,25,42,40,28,213
2024-03-01 12:50:00,49,19,26,36,34,27,191
2024-03-01 13:00:00,56,33,31,46,41,32,239
2024-03-01 13:10:00,33,14,16,21,14,12,110
2024-03-01 13:20:00,60,26,19,44,41,22,212
2024-03-01 13:30:00,53,30,20,49,49,29,230
2024-03-01 13:40:00,36,24,7,27,24,17,135
2024-03-01 13:50:00,41,26,29,45,43,28,212
2024-03-01 14:00:00,48,25,28,35,35,21,192
2024-03-01 14:10:00,45,28,12,28,30,24,167
2024-03-01 14:20:00,45,20,42,49,44,27,227
2024-03-01 14:30:00,67,31,43,45,50,23,259
2024-03-01 14:40:00,45,24,41,55,50,33,248
2024-03-01 14:50:00,60,35,39,51,49,34,268
2024-03-01 15:00:00,73,23,48,51,50,30,275
2024-03-01 15:10:00,60,33,50,59,56,36,294
2024-03-01 15:20:00,45,31,30,55,53,29,243
2024-03-01 15:30:00,59,21,26,61,59,33,259
2024-03-01 15:40:00,57,27,27,54,55,34,254
2024-03-01 15:50:00,52,18,20,31,24,18,163
2024-03-01 16:00:00,41,19,26,46,48,27,207
2024-03-01 16:10:00,60,31,38,40,38,33,240
2024-03-01 16:20:00,56,21,24,37,37,29,204
2024-03-01 16:30:00,56,23,39,43,45,30,236
2024-03-01 16:40:00,57,31,26,38,35,25,212
2024-03-01 16:50:00,48,20,26,43,43,31,211
2024-03-01 17:00:00,48,23,46,46,47,33,243
2024-03-01 17:10:00,42,24,34,54,53,35,242
2024-03-01 17:20:00,44,19,22,37,36,25,183
2024-03-01 17:30:00,50,31,16,33,34,26,190
2024-03-01 17:40:00,50,30,24,45,47,28,224
2024-03-01 17:50:00,49,30,20,43,43,33,218
2024-03-01 18:00:00,52,29,18,41,38,30,208
2024-03-01 18:10:00,32,25,21,36,35,24,173
2024-03-01 18:20:00,54,25,25,52,52,25,233
2024-03-01 18:30:00,32,27,21,35,35,21,171
2024-03-01 18:40:00,56,25,21,41,41,29,213
2024-03-01 18:50:00,36,25,26,36,36,24,183
2024-03-01 19:00:00,55,35,59,43,40,24,256
2024-03-01 19:10:00,50,26,20,32,35,21,184
2024-03-01 19:20:00,38,21,25,43,38,31,196
2024-03-01 19:30:00,35,26,24,35,32,26,178
2024-03-01 19:40:00,38,18,11,28,28,21,144
2024-03-01 19:50:00,31,17,19,45,49,29,190
2024-03-01 20:00:00,33,22,8,19,22,22,126
2024-03-01 20:10:00,26,17,9,33,31,26,142
2024-03-01 20:20:00,30,19,4,22,24,18,117
2024-03-01 20:30:00,32,20,7,27,28,31,145
2024-03-01 20:40:00,25,21,45,19,20,18,148
2024-03-01 20:50:00,17,14,22,19,22,17,111
2024-03-01 21:00:00,27,17,22,19,17,13,115
2024-03-01 21:10:00,24,18,80,28,27,20,197
2024-03-01 21:20:00,23,13,31,24,24,21,136
2024-03-01 21:30:00,15,15,51,19,22,17,139
2024-03-01 21:40:00,22,21,18,23,22,15,121
2024-03-01 21:50:00,19,13,33,28,27,22,142
2024-03-01 22:00:00,21,14,7,23,24,19,108
2024-03-01 22:10:00,23,18,8,15,14,11,89
2024-03-01 22:20:00,23,16,3,16,16,11,85
2024-03-01 22:30:00,12,11,4,19,20,15,81
2024-03-01 22:40:00,24,14,37,12,13,11,111
2024-03-01 22:50:00,20,14,24,16,12,10,96
2024-03-01 23:00:00,15,13,10,13,11,11,73
2024-03-01 23:10:00,13,13,18,16,15,14,89
2024-03-01 23:20:00,13,11,15,14,13,12,78
2024-03-01 23:30:00,11,12,16,14,14,15,82
2024-03-01 23:40:00,16,12,13,9,7,6,63
2024-03-01 23:50:00,9,10,280,7,6,9,321
2024-03-02 00:00:00,9,11,63,7,7,8,105
2024-03-02 00:10:00,10,7,19,12,10,12,70
2024-03-02 00:20:00,14,15,357,5,6,3,400
2024-03-02 00:30:00,11,9,458,10,8,10,506
2024-03-02 00:40:00,9,9,51,11,11,11,102
2024-03-02 00:50:00,8,6,57,8,7,7,93
2024-03-02 01:00:00,5,5,192,11,11,11,235
2024-03-02 01:10:00,5,5,99,7,5,7,128
2024-03-02 01:20:00,6,5,256,6,6,7,286
2024-03-02 01:30:00,9,9,133,7,7,7,172
2024-03-02 01:40:00,8,6,13,5,2,3,37
2024-03-02 01:50:00,3,3,27,8,8,7,56
2024-03-02 02:00:00,4,4,27,7,6,6,54
2024-03-02 02:10:00,2,2,32,2,3,2,43
2024-03-02 02:20:00,7,6,26,3,2,1,45
2024-03-02 02:30:00,6,5,44,4,3,3,65
2024-03-02 02:40:00,5,4,6,2,3,2,22
2024-03-02 02:50:00,5,4,15,4,4,3,35
2024-03-02 03:00:00,2,2,7,1,1,2,15
2024-03-02 03:10:00,3,3,74,2,2,2,86
2024-03-02 03:20:00,5,3,14,3,3,2,30
2024-03-02 03:30:00,5,3,20,2,2,2,34
2024-03-02 03:40:00,4,4,2,7,5,4,26
2024-03-02 03:50:00,2,2,49,1,1,1,56
2024-03-02 04:00:00,5,2,0,4,3,6,20
2024-03-02 04:10:00,0,0,0,1,1,1,3
2024-03-02 04:20:00,1,1,0,3,3,2,10
2024-03-02 04:30:00,2,2,0,2,2,2,10
2024-03-02 04:40:00,4,4,0,4,3,5,20
2024-03-02 04:50:00,1,3,0,5,4,3,16
2024-03-02 05:00:00,6,6,5,4,4,2,27
2024-03-02 05:10:00,4,4,12,4,3,4,31
2024-03-02 05:20:00,6,5,180,2,2,2,197
2024-03-02 05:30:00,10,8,61,5,5,3,92
2024-03-02 05:40:00,8,6,25,5,6,4,54
2024-03-02 05:50:00,3,1,7,8,7,7,33
2024-03-02 06:00:00,3,3,13,4,4,4,31
2024-03-02 06:10:00,6,5,90,10,10,12,133
2024-03-02 06:20:00,5,4,31,5,5,7,57
2024-03-02 06:30:00,7,3,4,4,4,6,28
2024-03-02 06:40:00,6,5,2,8,8,8,37
2024-03-02 06:50:00,10,8,3,11,12,10,54
2024-03-02 07:00:00,11,12,104,14,11,8,160
2024-03-02 07:10:00,3,2,27,5,5,5,47
2024-03-02 07:20:00,10,8,62,15,14,13,122
2024-03-02 07:30:00,7,7,21,12,10,10,67
2024-03-02 07:40:00,2,2,11,3,2,5,25
2024-03-02 07:50:00,20,15,24,18,18,12,107
2024-03-02 08:00:00,15,13,88,16,19,13,164
2024-03-02 08:10:00,7,7,10,24,22,16,86
2024-03-02 08:20:00,20,15,7,21,23,18,104
2024-03-02 08:30:00,20,13,8,26,25,17,109
2024-03-02 08:40:00,18,13,7,30,30,23,121
2024-03-02 08:50:00,24,16,8,25,23,20,116
2024-03-02 09:00:00,23,18,11,34,31,20,137
2024-03-02 09:10:00,26,19,33,25,27,18,148
2024-03-02 09:20:00,19,20,39,27,26,19,150
2024-03-02 09:30:00,31,26,25,29,29,21,161
2024-03-02 09:40:00,30,23,47,40,40,26,206
2024-03-02 09:50:00,34,25,36,31,31,25,182
2024-03-02 10:00:00,32,24,21,30,28,25,160
2024-03-02 10:10:00,44,29,47,59,57,31,267
2024-03-02 10:20:00,32,30,28,33,32,26,181
2024-03-02 10:30:00,29,30,16,37,34,23,169
2024-03-02 10:40:00,34,23,11,38,40,21,167
2024-03-02 10:50:00,42,28,19,39,38,25,191
2024-03-02 11:00:00,28,28,12,35,32,25,160
2024-03-02 11:10:00,31,23,29,67,52,33,235
2024-03-02 11:20:00,27,20,13,28,30,21,139
2024-03-02 11:30:00,39,23,23,38,37,30,190
2024-03-02 11:40:00,47,31,38,51,48,30,245
2024-03-02 11:50:00,56,33,19,31,32,25,196
2024-03-02 12:00:00,38,22,15,38,38,22,173
2024-03-02 12:10:00,41,26,28,35,36,33,199
2024-03-02 12:20:00,37,25,24,44,44,28,202
2024-03-02 12:30:00,44,23,22,39,38,34,200
2024-03-02 12:40:00,56,29,26,44,46,35,236
2024-03-02 12:50:00,48,28,17,34,30,23,180
2024-03-02 13:00:00,48,25,26,46,44,33,222
2024-03-02 13:10:00,42,38,11,39,36,27,193
2024-03-02 13:20:00,53,30,23,48,47,28,229
2024-03-02 13:30:00,34,39,33,49,47,28,230
2024-03-02 13:40:00,49,33,36,53,45,30,246
2024-03-02 13:50:00,47,35,186,38,28,26,360
2024-03-02 14:00:00,47,39,1033,36,36,28,1219
2024-03-02 14:10:00,49,41,1003,38,36,25,1192
2024-03-02 14:20:00,43,32,690,45,44,30,884
2024-03-02 14:30:00,45,33,53,35,33,29,228
2024-03-02 14:40:00,46,30,429,51,49,29,634
2024-03-02 14:50:00,34,22,17,45,41,34,193
2024-03-02 15:00:00,34,24,22,44,42,26,192
2024-03-02 15:10:00,37,25,13,23,23,26,147
2024-03-02 15:20:00,38,26,14,36,38,23,175
2024-03-02 15:30:00,31,25,10,30,27,25,148
2024-03-02 15:40:00,27,23,88,32,31,28,229
2024-03-02 15:50:00,36,29,147,29,29,23,293
2024-03-02 16:00:00,49,30,72,32,31,21,235
2024-03-02 16:10:00,33,26,63,33,33,25,213
2024-03-02 16:20:00,24,18,50,46,46,27,211
2024-03-02 16:30:00,35,26,51,33,32,24,201
2024-03-02 16:40:00,26,24,56,40,42,31,219
2024-03-02 16:50:00,29,23,38,26,26,19,161
2024-03-02 17:00:00,30,21,21,40,40,28,180
2024-03-02 17:10:00,40,22,20,45,44,33,204
2024-03-02 17:20:00,32,17,14,43,42,29,177
2024-03-02 17:30:00,35,19,18,34,35,26,167
2024-03-02 17:40:00,43,26,53,55,54,28,259
2024-03-02 17:50:00,38,26,74,58,57,29,282
2024-03-02 18:00:00,30,22,37,46,49,29,213
2024-03-02 18:10:00,27,26,34,48,49,32,216
2024-03-02 18:20:00,40,25,36,33,32,24,190
2024-03-02 18:30:00,30,19,36,50,52,31,218
2024-03-02 18:40:00,29,20,35,36,38,18,176
2024-03-02 18:50:00,36,18,17,46,44,37,198
2024-03-02 19:00:00,37,20,18,34,31,21,161
2024-03-02 19:10:00,35,27,10,21,21,17,131
2024-03-02 19:20:00,36,24,16,39,39,32,186
2024-03-02 19:30:00,26,23,5,22,23,17,116
2024-03-02 19:40:00,27,23,8,22,25,25,130
2024-03-02 19:50:00,32,22,7,23,26,20,130
2024-03-02 20:00:00,32,24,10,26,27,16,135
2024-03-02 20:10:00,44,28,6,18,17,17,130
2024-03-02 20:20:00,28,18,11,21,22,20,120
2024-03-02 20:30:00,22,18,19,25,24,16,124
2024-03-02 20:40:00,17,13,14,23,23,27,117
2024-03-02 20:50:00,25,14,11,22,22,18,112
2024-03-02 21:00:00,26,19,9,23,23,18,118
2024-03-02 21:10:00,22,17,9,24,23,10,105
2024-03-02 21:20:00,22,20,14,24,30,25,135
2024-03-02 21:30:00,15,11,5,18,15,11,75
2024-03-02 21:40:00,19,16,5,15,14,15,84
2024-03-02 21:50:00,25,15,1,14,13,14,82
2024-03-02 22:00:00,22,16,7,19,19,19,102
2024-03-02 22:10:00,17,13,4,23,21,18,96
2024-03-02 22:20:00,21,15,10,22,20,21,109
2024-03-02 22:30:00,13,11,3,17,18,12,74
2024-03-02 22:40:00,18,13,3,10,11,9,64
2024-03-02 22:50:00,21,19,3,9,8,10,70
2024-03-02 23:00:00,16,14,6,23,22,17,98
2024-03-02 23:10:00,15,10,2,11,12,11,61
2024-03-02 23:20:00,8,8,8,9,10,8,51
2024-03-02 23:30:00,14,11,2,8,8,7,50
2024-03-02 23:40:00,7,7,2,16,14,13,59
2024-03-02 23:50:00,20,16,3,8,6,6,59
2024-03-03 00:00:00,12,9,6,11,10,13,61
2024-03-03 00:10:00,16,10,6,9,7,5,53
2024-03-03 00:20:00,9,10,5,5,4,4,37
2024-03-03 00:30:00,8,6,2,6,5,6,33
2024-03-03 00:40:00,15,12,6,8,7,4,52
2024-03-03 00:50:00,6,6,1,6,5,4,28
2024-03-03 01:00:00,11,12,6,12,8,9,58
2024-03-03 01:10:00,7,7,3,7,6,6,36
2024-03-03 01:20:00,5,5,3,9,7,8,37
2024-03-03 01:30:00,10,9,3,7,6,6,41
2024-03-03 01:40:00,4,3,8,9,8,9,41
2024-03-03 01:50:00,4,4,3,3,3,4,21
2024-03-03 02:00:00,4,4,4,8,7,5,32
2024-03-03 02:10:00,4,4,13,7,5,5,38
2024-03-03 02:20:00,6,4,1,6,5,5,27
2024-03-03 02:30:00,8,7,15,8,8,5,51
2024-03-03 02:40:00,5,5,4,3,3,3,23
2024-03-03 02:50:00,3,3,6,0,0,0,12
2024-03-03 03:00:00,6,8,13,9,6,6,48
2024-03-03 03:10:00,6,4,10,3,2,2,27
2024-03-03 03:20:00,5,5,12,10,9,10,51
2024-03-03 03:30:00,0,0,1,3,3,3,10
2024-03-03 03:40:00,6,6,1,2,4,2,21
2024-03-03 03:50:00,5,3,5,2,1,3,19
2024-03-03 04:00:00,3,3,0,3,2,2,13
2024-03-03 04:10:00,0,0,0,4,5,4,13
2024-03-03 04:20:00,4,3,0,2,2,1,12
2024-03-03 04:30:00,1,1,0,1,1,1,5
2024-03-03 04:40:00,4,5,0,6,5,5,25
2024-03-03 04:50:00,7,5,0,6,4,4,26
2024-03-03 05:00:00,1,1,2,5,4,6,19
2024-03-03 05:10:00,6,5,2,2,2,4,21
2024-03-03 05:20:00,6,6,5,6,5,4,32
2024-03-03 05:30:00,11,7,5,4,5,5,37
2024-03-03 05:40:00,4,3,2,5,4,4,22
2024-03-03 05:50:00,3,1,0,4,4,3,15
2024-03-03 06:00:00,5,4,1,1,1,2,14
2024-03-03 06:10:00,3,3,6,7,5,6,30
2024-03-03 06:20:00,3,2,1,3,3,3,15
2024-03-03 06:30:00,3,2,0,4,3,7,19
2024-03-03 06:40:00,5,7,3,4,4,4,27
2024-03-03 06:50:00,2,2,0,3,3,4,14
2024-03-03 07:00:00,2,2,0,0,0,0,4
2024-03-03 07:10:00,5,5,1,7,6,6,30
2024-03-03 07:20:00,4,7,0,2,2,2,17
2024-03-03 07:30:00,7,4,6,7,7,7,38
2024-03-03 07:40:00,6,7,4,5,4,5,31
2024-03-03 07:50:00,7,5,7,9,10,10,48
2024-03-03 08:00:00,6,8,4,9,8,7,42
2024-03-03 08:10:00,8,8,7,11,11,8,53
2024-03-03 08:20:00,5,6,5,4,5,3,28
2024-03-03 08:30:00,12,11,4,13,12,15,67
2024-03-03 08:40:00,11,14,4,10,9,11,59
2024-03-03 08:50:00,7,8,4,13,11,12,55
2024-03-03 09:00:00,14,11,9,15,14,15,78
2024-03-03 09:10:00,20,22,13,12,10,13,90
2024-03-03 09:20:00,22,16,8,16,14,17,93
2024-03-03 09:30:00,21,21,13,28,25,21,129
2024-03-03 09:40:00,22,17,18,26,26,17,126
2024-03-03 09:50:00,22,25,15,21,21,20,124
2024-03-03 10:00:00,21,19,24,29,25,18,136
2024-03-03 10:10:00,21,17,24,28,25,21,136
2024-03-03 10:20:00,21,17,14,20,20,17,109
2024-03-03 10:30:00,14,17,7,18,16,13,85
2024-03-03 10:40:00,19,17,3,27,27,21,114
2024-03-03 10:50:00,26,19,10,20,17,17,109
2024-03-03 11:00:00,20,15,14,30,31,27,137
2024-03-03 11:10:00,27,21,6,20,19,13,106
2024-03-03 11:20:00,26,20,7,20,18,17,108
2024-03-03 11:30:00,30,22,7,29,25,21,134
2024-03-03 11:40:00,35,25,8,34,30,31,163
2024-03-03 11:50:00,34,24,12,32,29,22,153
2024-03-03 12:00:00,31,27,13,17,18,19,125
2024-03-03 12:10:00,23,16,15,23,23,22,122
2024-03-03 12:20:00,30,21,15,25,25,21,137
2024-03-03 12:30:00,41,27,16,26,26,16,152
2024-03-03 12:40:00,45,31,31,23,24,17,171
2024-03-03 12:50:00,34,28,30,30,28,32,182
2024-03-03 13:00:00,28,21,14,34,33,22,152
2024-03-03 13:10:00,34,31,10,27,29,19,150
2024-03-03 13:20:00,29,23,7,22,20,22,123
2024-03-03 13:30:00,34,24,14,23,21,26,142
2024-03-03 13:40:00,27,32,10,34,30,23,156
2024-03-03 13:50:00,26,22,11,26,29,26,140
2024-03-03 14:00:00,38,20,74,42,38,28,240
2024-03-03 14:10:00,30,27,567,41,39,27,731
2024-03-03 14:20:00,37,23,899,42,44,25,1070
2024-03-03 14:30:00,38,26,123,36,33,27,283
2024-03-03 14:40:00,38,25,65,32,34,27,221
2024-03-03 14:50:00,37,29,90,39,39,28,262
2024-03-03 15:00:00,25,19,99,30,31,23,227
2024-03-03 15:10:00,27,27,383,30,27,22,516
2024-03-03 15:20:00,26,23,128,31,31,25,264
2024-03-03 15:30:00,30,22,9,33,31,23,148
2024-03-03 15:40:00,23,19,16,33,34,25,150
2024-03-03 15:50:00,24,15,13,46,43,27,168
2024-03-03 16:00:00,23,21,33,33,32,32,174
2024-03-03 16:10:00,28,28,175,37,33,25,326
2024-03-03 16:20:00,28,23,134,25,28,18,256
2024-03-03 16:30:00,28,24,82,29,29,24,216
2024-03-03 16:40:00,31,24,273,36,34,23,421
2024-03-03 16:50:00,27,21,212,25,26,22,333
2024-03-03 17:00:00,40,25,153,34,33,28,313
2024-03-03 17:10:00,34,28,114,40,40,26,282
2024-03-03 17:20:00,32,23,260,37,37,30,419
2024-03-03 17:30:00,30,23,9,41,41,36,180
2024-03-03 17:40:00,41,24,21,38,38,28,190
2024-03-03 17:50:00,30,16,17,30,30,25,148
2024-03-03 18:00:00,34,22,11,31,30,23,151
2024-03-03 18:10:00,19,16,7,44,42,21,149
2024-03-03 18:20:00,33,22,8,31,33,21,148
2024-03-03 18:30:00,34,20,20,35,29,26,164
2024-03-03 18:40:00,30,27,16,31,30,25,159
2024-03-03 18:50:00,35,23,20,35,34,33,180
2024-03-03 19:00:00,30,22,16,28,31,25,152
2024-03-03 19:10:00,23,23,10,29,30,26,141
2024-03-03 19:20:00,23,20,13,29,26,26,137
2024-03-03 19:30:00,40,23,17,21,21,23,145
2024-03-03 19:40:00,24,15,11,22,20,19,111
2024-03-03 19:50:00,24,18,8,25,25,14,114
2024-03-03 20:00:00,17,12,4,16,17,15,81
2024-03-03 20:10:00,19,15,5,14,15,13,81
2024-03-03 20:20:00,18,16,3,18,19,17,91
2024-03-03 20:30:00,23,18,10,21,21,19,112
2024-03-03 20:40:00,15,11,6,21,20,16,89
2024-03-03 20:50:00,16,16,4,24,25,16,101
2024-03-03 21:00:00,13,9,6,22,20,18,88
2024-03-03 21:10:00,10,9,8,21,19,19,86
2024-03-03 21:20:00,16,15,4,12,12,12,71
2024-03-03 21:30:00,19,14,3,13,13,14,76
2024-03-03 21:40:00,13,12,4,17,17,11,74
2024-03-03 21:50:00,13,11,6,17,18,17,82
2024-03-03 22:00:00,17,13,3,16,17,17,83
2024-03-03 22:10:00,12,8,4,11,12,9,56
2024-03-03 22:20:00,15,13,1,8,6,6,49
2024-03-03 22:30:00,13,9,0,3,3,1,29
2024-03-03 22:40:00,10,11,0,8,7,10,46
2024-03-03 22:50:00,12,12,2,2,2,2,32
2024-03-03 23:00:00,9,8,1,9,11,12,50
2024-03-03 23:10:00,9,8,2,5,5,3,32
2024-03-03 23:20:00,5,4,4,6,4,4,27
2024-03-03 23:30:00,12,10,8,6,2,7,45
2024-03-03 23:40:00,4,5,0,6,5,5,25
2024-03-03 23:50:00,12,10,4,9,6,5,46
2024-03-04 00:00:00,8,9,0,3,3,3,26
2024-03-04 00:10:00,8,8,0,2,2,1,21
2024-03-04 00:20:00,3,4,2,7,8,6,30
2024-03-04 00:30:00,1,1,5,1,0,0,8
2024-03-04 00:40:00,4,4,3,4,5,6,26
2024-03-04 00:50:00,3,3,5,0,0,0,11
2024-03-04 01:00:00,1,1,11,2,1,2,18
2024-03-04 01:10:00,0,0,11,1,1,1,14
2024-03-04 01:20:00,2,2,8,5,5,2,24
2024-03-04 01:30:00,2,1,10,1,1,1,16
2024-03-04 01:40:00,1,0,13,1,1,2,18
2024-03-04 01:50:00,2,2,4,0,0,0,8
2024-03-04 02:00:00,1,2,16,1,1,1,22
2024-03-04 02:10:00,1,1,3,1,1,1,8
2024-03-04 02:20:00,3,3,10,1,3,1,21
2024-03-04 02:30:00,1,1,4,0,0,0,6
2024-03-04 02:40:00,4,4,24,5,4,5,46
2024-03-04 02:50:00,0,0,22,0,1,0,23
2024-03-04 03:00:00,2,2,24,1,0,1,30
2024-03-04 03:10:00,3,1,31,3,3,2,43
2024-03-04 03:20:00,3,3,15,2,1,1,25
2024-03-04 03:30:00,1,0,28,1,1,1,32
2024-03-04 03:40:00,1,1,112,2,2,2,120
2024-03-04 03:50:00,2,2,9,2,2,1,18
2024-03-04 04:00:00,1,0,0,2,2,2,7
2024-03-04 04:10:00,4,2,1,5,3,6,21
2024-03-04 04:20:00,5,3,0,7,5,4,24
2024-03-04 04:30:00,4,5,0,8,7,6,30
2024-03-04 04:40:00,4,1,1,3,3,2,14
2024-03-04 04:50:00,5,2,2,11,11,11,42
2024-03-04 05:00:00,3,2,4,9,8,8,34
2024-03-04 05:10:00,6,3,4,10,9,6,38
2024-03-04 05:20:00,12,8,6,10,11,11,58
2024-03-04 05:30:00,10,8,10,19,15,16,78
2024-03-04 05:40:00,15,11,21,18,16,9,90
2024-03-04 05:50:00,10,7,17,19,18,16,87
2024-03-04 06:00:00,12,9,13,20,20,18,92
2024-03-04 06:10:00,17,14,7,11,14,12,75
2024-03-04 06:20:00,20,15,8,25,22,19,109
2024-03-04 06:30:00,16,12,15,32,31,21,127
2024-03-04 06:40:00,23,15,7,25,27,13,110
2024-03-04 06:50:00,25,18,18,46,44,26,177
2024-03-04 07:00:00,27,16,15,38,39,20,155
2024-03-04 07:10:00,33,27,18,34,42,25,179
2024-03-04 07:20:00,45,22,21,39,35,25,187
2024-03-04 07:30:00,38,22,24,61,65,30,240
2024-03-04 07:40:00,48,14,25,58,52,27,224
2024-03-04 07:50:00,56,18,36,63,62,26,261
2024-03-04 08:00:00,38,19,59,64,68,26,274
2024-03-04 08:10:00,35,24,51,45,42,18,215
2024-03-04 08:20:00,41,24,41,41,38,30,215
2024-03-04 08:30:00,36,16,51,60,61,33,257
2024-03-04 08:40:00,54,25,37,48,52,29,245
2024-03-04 08:50:00,45,24,51,40,35,25,220
2024-03-04 09:00:00,38,23,46,42,40,27,216
2024-03-04 09:10:00,38,24,20,37,36,23,178
2024-03-04 09:20:00,33,21,17,50,49,26,196
2024-03-04 09:30:00,25,17,26,45,41,28,182
2024-03-04 09:40:00,37,26,30,73,56,48,270
2024-03-04 09:50:00,31,22,26,59,46,48,232
2024-03-04 10:00:00,41,28,11,24,25,21,150
2024-03-04 10:10:00,34,23,23,39,36,24,179
2024-03-04 10:20:00,31,21,31,39,37,23,182
2024-03-04 10:30:00,22,17,25,32,32,18,146
2024-03-04 10:40:00,25,19,26,36,35,24,165
2024-03-04 10:50:00,33,22,27,37,38,19,176
2024-03-04 11:00:00,35,21,19,30,27,23,155
2024-03-04 11:10:00,49,23,32,43,44,26,217
2024-03-04 11:20:00,40,11,24,37,32,22,166
2024-03-04 11:30:00,40,27,22,40,37,22,188
2024-03-04 11:40:00,39,20,14,34,35,24,166
2024-03-04 11:50:00,36,25,20,36,35,16,168
2024-03-04 12:00:00,27,21,19,40,40,27,174
2024-03-04 12:10:00,38,23,10,30,28,23,152
2024-03-04 12:20:00,45,27,50,52,53,30,257
2024-03-04 12:30:00,40,25,33,42,39,29,208
2024-03-04 12:40:00,37,20,21,40,40,30,188
2024-03-04 12:50:00,39,24,20,38,38,23,182
2024-03-04 13:00:00,35,24,20,40,40,27,186
2024-03-04 13:10:00,45,28,36,39,41,28,217
2024-03-04 13:20:00,42,22,33,42,36,25,200
2024-03-04 13:30:00,50,25,24,39,38,21,197
2024-03-04 13:40:00,48,22,32,47,53,32,234
2024-03-04 13:50:00,43,22,13,32,29,21,160
2024-03-04 14:00:00,33,22,15,35,33,23,161
2024-03-04 14:10:00,56,23,30,55,54,26,244
2024-03-04 14:20:00,44,34,20,36,33,23,190
2024-03-04 14:30:00,51,24,54,33,34,20,216
2024-03-04 14:40:00,51,30,32,46,44,26,229
2024-03-04 14:50:00,52,28,31,46,44,26,227
2024-03-04 15:00:00,52,21,38,49,49,21,230
2024-03-04 15:10:00,65,29,33,65,64,29,285
2024-03-04 15:20:00,55,23,40,47,44,29,238
2024-03-04 15:30:00,47,24,30,44,47,24,216
2024-03-04 15:40:00,65,34,48,50,55,29,281
2024-03-04 15:50:00,69,30,36,62,53,24,274
2024-03-04 16:00:00,59,16,26,53,56,29,239
2024-03-04 16:10:00,57,25,31,52,51,24,240
2024-03-04 16:20:00,49,25,28,47,46,37,232
2024-03-04 16:30:00,63,32,30,55,58,38,276
2024-03-04 16:40:00,66,31,33,49,46,32,257
2024-03-04 16:50:00,58,23,47,53,51,38,270
2024-03-04 17:00:00,56,32,51,59,60,38,296
2024-03-04 17:10:00,47,23,26,33,31,26,186
2024-03-04 17:20:00,41,23,44,55,51,38,252
2024-03-04 17:30:00,55,26,45,45,47,31,249
2024-03-04 17:40:00,53,26,19,37,37,27,199
2024-03-04 17:50:00,48,30,42,40,37,25,222
2024-03-04 18:00:00,49,26,20,50,53,32,230
2024-03-04 18:10:00,40,22,16,33,32,23,166
2024-03-04 18:20:00,44,23,27,56,56,28,234
2024-03-04 18:30:00,55,37,20,38,35,30,215
2024-03-04 18:40:00,42,31,20,28,28,26,175
2024-03-04 18:50:00,35,20,13,35,32,25,160
2024-03-04 19:00:00,39,23,9,37,35,26,169
2024-03-04 19:10:00,42,27,10,24,22,17,142
2024-03-04 19:20:00,44,24,20,36,33,27,184
2024-03-04 19:30:00,30,19,13,36,36,30,164
2024-03-04 19:40:00,27,19,4,19,20,17,106
2024-03-04 19:50:00,36,19,12,28,25,23,143
2024-03-04 20:00:00,35,22,11,26,26,20,140
2024-03-04 20:10:00,24,16,5,24,20,25,114
2024-03-04 20:20:00,17,13,7,35,38,21,131
2024-03-04 20:30:00,19,14,4,17,16,16,86
2024-03-04 20:40:00,17,12,4,23,22,20,98
2024-03-04 20:50:00,22,15,13,12,15,13,90
2024-03-04 21:00:00,12,11,8,16,13,12,72
2024-03-04 21:10:00,20,11,14,21,19,20,105
2024-03-04 21:20:00,15,14,6,16,17,14,82
2024-03-04 21:30:00,12,12,2,8,6,5,45
2024-03-04 21:40:00,22,20,8,14,13,12,89
2024-03-04 21:50:00,15,11,5,12,12,12,67
2024-03-04 22:00:00,21,22,3,9,9,7,71
2024-03-04 22:10:00,15,12,2,7,5,6,47
2024-03-04 22:20:00,18,12,2,17,15,14,78
2024-03-04 22:30:00,14,7,0,11,12,13,57
2024-03-04 22:40:00,15,12,4,8,8,6,53
2024-03-04 22:50:00,12,9,2,6,5,6,40
2024-03-04 23:00:00,11,10,8,9,8,10,56
2024-03-04 23:10:00,13,14,2,7,7,3,46
2024-03-04 23:20:00,10,8,4,6,6,9,43
2024-03-04 23:30:00,8,7,5,6,6,5,37
2024-03-04 23:40:00,4,3,2,9,9,8,35
2024-03-04 23:50:00,4,4,1,4,4,5,22
2024-03-05 00:00:00,3,2,4,2,3,3,17
2024-03-05 00:10:00,7,4,2,6,6,3,28
2024-03-05 00:20:00,7,7,2,5,1,1,23
2024-03-05 00:30:00,2,2,13,2,2,2,23
2024-03-05 00:40:00,3,5,16,2,2,2,30
2024-03-05 00:50:00,3,3,13,6,6,6,37
2024-03-05 01:00:00,5,5,4,3,1,1,19
2024-03-05 01:10:00,1,1,12,2,2,1,19
2024-03-05 01:20:00,2,2,17,1,0,0,22
2024-03-05 01:30:00,2,2,6,0,0,0,10
2024-03-05 01:40:00,0,0,14,1,1,1,17
2024-03-05 01:50:00,4,3,25,4,3,2,41
2024-03-05 02:00:00,0,0,3,0,0,0,3
2024-03-05 02:10:00,3,3,41,2,1,1,51
2024-03-05 02:20:00,2,2,31,2,2,2,41
2024-03-05 02:30:00,0,0,48,1,1,1,51
2024-03-05 02:40:00,2,3,7,4,3,3,22
2024-03-05 02:50:00,1,1,13,2,1,2,20
2024-03-05 03:00:00,2,2,85,1,1,1,92
2024-03-05 03:10:00,2,2,79,0,1,0,84
2024-03-05 03:20:00,2,2,44,1,1,1,51
2024-03-05 03:30:00,1,0,7,0,0,0,8
2024-03-05 03:40:00,1,1,48,2,2,3,57
2024-03-05 03:50:00,1,1,243,4,3,3,255
2024-03-05 04:00:00,0,0,0,0,0,0,0
2024-03-05 04:10:00,3,2,1,5,4,6,21
2024-03-05 04:20:00,2,4,0,2,2,2,12
2024-03-05 04:30:00,4,2,2,7,7,8,30
2024-03-05 04:40:00,1,1,0,5,7,8,22
2024-03-05 04:50:00,5,1,5,6,4,5,26
2024-03-05 05:00:00,6,3,9,7,7,6,38
2024-03-05 05:10:00,4,3,22,8,8,7,52
2024-03-05 05:20:00,2,6,30,10,10,11,69
2024-03-05 05:30:00,7,7,21,18,17,12,82
2024-03-05 05:40:00,9,8,6,18,18,13,72
2024-03-05 05:50:00,9,8,5,23,22,15,82
2024-03-05 06:00:00,8,9,1,12,13,10,53
2024-03-05 06:10:00,17,15,7,22,21,20,102
2024-03-05 06:20:00,21,15,12,36,32,17,133
2024-03-05 06:30:00,15,11,10,33,34,24,127
2024-03-05 06:40:00,24,21,7,23,22,21,118
2024-03-05 06:50:00,31,21,14,44,43,25,178
2024-03-05 07:00:00,20,17,7,37,36,24,141
2024-03-05 07:10:00,35,23,22,44,43,30,197
2024-03-05 07:20:00,42,25,21,51,51,31,221
2024-03-05 07:30:00,43,27,34,66,66,29,265
2024-03-05 07:40:00,38,22,40,63,66,29,258
2024-03-05 07:50:00,44,16,28,78,74,38,278
2024-03-05 08:00:00,44,20,91,66,66,28,315
2024-03-05 08:10:00,44,22,37,59,63,21,246
2024-03-05 08:20:00,33,17,48,64,59,43,264
2024-03-05 08:30:00,33,21,43,60,64,44,265
2024-03-05 08:40:00,48,25,68,56,52,36,285
2024-03-05 08:50:00,23,15,49,61,57,31,236
2024-03-05 09:00:00,43,23,61,41,49,14,231
2024-03-05 09:10:00,38,17,28,48,42,20,193
2024-03-05 09:20:00,28,17,22,45,43,28,183
2024-03-05 09:30:00,35,26,28,48,50,24,211
2024-03-05 09:40:00,36,24,14,34,35,27,170
2024-03-05 09:50:00,31,23,30,51,44,27,206
2024-03-05 10:00:00,36,26,28,33,33,19,175
2024-03-05 10:10:00,36,23,29,41,43,25,197
2024-03-05 10:20:00,38,24,26,45,44,30,207
2024-03-05 10:30:00,34,20,28,48,47,26,203
2024-03-05 10:40:00,42,23,24,35,34,27,185
2024-03-05 10:50:00,49,36,24,39,38,24,210
2024-03-05 11:00:00,47,29,23,38,36,27,200
2024-03-05 11:10:00,38,25,49,42,42,23,219
2024-03-05 11:20:00,39,23,22,40,39,32,195
2024-03-05 11:30:00,38,19,21,40,39,26,183
2024-03-05 11:40:00,40,24,18,45,42,25,194
2024-03-05 11:50:00,43,27,21,47,44,29,211
2024-03-05 12:00:00,43,25,22,33,33,29,185
2024-03-05 12:10:00,46,29,46,41,40,33,235
2024-03-05 12:20:00,39,24,44,42,41,23,213
2024-03-05 12:30:00,41,28,46,37,37,24,213
2024-03-05 12:40:00,49,19,37,42,40,29,216
2024-03-05 12:50:00,40,28,32,58,48,35,241
2024-03-05 13:00:00,54,35,29,43,42,30,233
2024-03-05 13:10:00,38,23,42,59,51,34,247
2024-03-05 13:20:00,40,24,48,50,47,28,237
2024-03-05 13:30:00,35,24,29,40,43,26,197
2024-03-05 13:40:00,40,26,16,42,41,28,193
2024-03-05 13:50:00,52,21,19,38,38,25,193
2024-03-05 14:00:00,46,29,19,37,36,19,186
2024-03-05 14:10:00,36,21,46,48,44,27,222
2024-03-05 14:20:00,40,29,54,37,38,28,226
2024-03-05 14:30:00,52,26,55,48,46,23,250
2024-03-05 14:40:00,53,22,37,50,46,33,241
2024-03-05 14:50:00,62,28,40,43,38,27,238
2024-03-05 15:00:00,49,26,34,59,59,26,253
2024-03-05 15:10:00,67,28,36,51,47,30,259
2024-03-05 15:20:00,70,32,41,44,41,38,266
2024-03-05 15:30:00,62,32,47,46,44,29,260
2024-03-05 15:40:00,56,34,25,48,43,27,233
2024-03-05 15:50:00,57,27,18,45,44,30,221
2024-03-05 16:00:00,65,21,28,49,47,31,241
2024-03-05 16:10:00,64,29,27,45,45,25,235
2024-03-05 16:20:00,54,23,52,43,41,32,245
2024-03-05 16:30:00,58,21,55,54,53,36,277
2024-03-05 16:40:00,62,35,34,34,37,24,226
2024-03-05 16:50:00,50,22,34,50,45,24,225
2024-03-05 17:00:00,54,27,20,39,38,25,203
2024-03-05 17:10:00,57,28,30,42,44,25,226
2024-03-05 17:20:00,66,34,32,40,39,29,240
2024-03-05 17:30:00,49,21,58,62,61,28,279
2024-03-05 17:40:00,55,32,36,54,50,29,256
2024-03-05 17:50:00,54,20,23,49,44,32,222
2024-03-05 18:00:00,55,25,23,46,47,26,222
2024-03-05 18:10:00,63,27,15,38,40,32,215
2024-03-05 18:20:00,47,22,33,46,43,20,211
2024-03-05 18:30:00,50,36,21,37,37,33,214
2024-03-05 18:40:00,67,33,25,44,40,29,238
2024-03-05 18:50:00,38,20,21,44,39,28,190
2024-03-05 19:00:00,36,28,16,40,37,24,181
2024-03-05 19:10:00,37,27,13,29,31,22,159
2024-03-05 19:20:00,38,28,14,31,30,31,172
2024-03-05 19:30:00,34,16,16,21,24,16,127
2024-03-05 19:40:00,27,19,10,21,21,16,114
2024-03-05 19:50:00,37,21,6,17,16,20,117
2024-03-05 20:00:00,20,17,8,24,21,14,104
2024-03-05 20:10:00,37,24,7,19,17,19,123
2024-03-05 20:20:00,25,22,7,15,16,16,101
2024-03-05 20:30:00,27,18,19,22,22,18,126
2024-03-05 20:40:00,29,20,14,19,19,17,118
2024-03-05 20:50:00,21,19,9,16,15,10,90
2024-03-05 21:00:00,24,16,10,18,16,18,102
2024-03-05 21:10:00,23,14,16,17,17,14,101
2024-03-05 21:20:00,29,17,8,14,15,11,94
2024-03-05 21:30:00,19,14,10,17,18,15,93
2024-03-05 21:40:00,15,17,11,18,18,18,97
2024-03-05 21:50:00,14,11,7,13,14,14,73
2024-03-05 22:00:00,20,15,1,12,13,11,72
2024-03-05 22:10:00,19,13,2,14,12,11,71
2024-03-05 22:20:00,26,16,4,15,14,14,89
2024-03-05 22:30:00,14,9,2,9,8,11,53
2024-03-05 22:40:00,12,9,33,7,7,6,74
2024-03-05 22:50:00,8,8,20,9,10,10,65
2024-03-05 23:00:00,7,6,15,9,10,8,55
2024-03-05 23:10:00,12,11,22,8,4,4,61
2024-03-05 23:20:00,9,8,4,6,6,6,39
2024-03-05 23:30:00,12,12,23,4,3,4,58
2024-03-05 23:40:00,10,8,12,4,4,5,43
2024-03-05 23:50:00,1,1,111,3,2,3,121
2024-03-06 00:00:00,5,4,127,9,9,10,164
2024-03-06 00:10:00,3,3,154,6,6,6,178
2024-03-06 00:20:00,3,3,19,4,3,2,34
2024-03-06 00:30:00,1,0,71,4,4,4,84
2024-03-06 00:40:00,1,0,121,2,1,2,127
2024-03-06 00:50:00,3,3,11,3,5,4,29
2024-03-06 01:00:00,5,4,5,3,2,2,21
2024-03-06 01:10:00,3,3,16,4,3,4,33
2024-03-06 01:20:00,3,3,25,1,1,1,34
2024-03-06 01:30:00,3,2,25,4,2,2,38
2024-03-06 01:40:00,1,1,14,2,2,4,24
2024-03-06 01:50:00,3,3,3,4,3,4,20
2024-03-06 02:00:00,2,2,10,4,3,5,26
2024-03-06 02:10:00,4,4,10,1,1,0,20
2024-03-06 02:20:00,2,1,17,2,2,2,26
2024-03-06 02:30:00,1,2,11,2,1,1,18
2024-03-06 02:40:00,2,2,8,3,1,1,17
2024-03-06 02:50:00,4,2,20,1,1,1,29
2024-03-06 03:00:00,3,1,21,2,2,2,31
2024-03-06 03:10:00,2,2,3,5,5,4,21
2024-03-06 03:20:00,1,1,28,3,2,3,38
2024-03-06 03:30:00,1,0,15,2,2,2,22
2024-03-06 03:40:00,0,0,22,0,0,0,22
2024-03-06 03:50:00,0,0,9,1,1,1,12
2024-03-06 04:00:00,0,0,0,0,0,0,0
2024-03-06 04:10:00,3,0,0,6,6,9,24
2024-03-06 04:20:00,2,1,0,1,2,2,8
2024-03-06 04:30:00,2,4,0,6,5,6,23
2024-03-06 04:40:00,2,2,0,5,4,6,19
2024-03-06 04:50:00,1,0,2,5,5,6,19
2024-03-06 05:00:00,3,3,4,7,7,8,32
2024-03-06 05:10:00,3,2,6,9,8,8,36
2024-03-06 05:20:00,5,5,6,7,7,8,38
2024-03-06 05:30:00,10,8,11,14,14,13,70
2024-03-06 05:40:00,11,10,11,20,20,16,88
2024-03-06 05:50:00,9,6,9,12,10,13,59
2024-03-06 06:00:00,12,13,6,15,15,15,76
2024-03-06 06:10:00,23,15,24,32,29,20,143
2024-03-06 06:20:00,21,17,32,33,33,28,164
2024-03-06 06:30:00,16,12,20,23,22,17,110
2024-03-06 06:40:00,21,14,11,29,28,29,132
2024-03-06 06:50:00,18,14,20,50,50,20,172
2024-03-06 07:00:00,22,18,15,38,36,25,154
2024-03-06 07:10:00,34,18,14,35,36,25,162
2024-03-06 07:20:00,32,18,20,38,39,25,172
2024-03-06 07:30:00,29,19,23,69,72,29,241
2024-03-06 07:40:00,52,23,34,91,64,27,291
2024-03-06 07:50:00,48,25,93,65,65,27,323
2024-03-06 08:00:00,29,18,65,68,69,35,284
2024-03-06 08:10:00,48,18,49,60,62,20,257
2024-03-06 08:20:00,32,20,56,51,51,28,238
2024-03-06 08:30:00,33,22,59,52,55,28,249
2024-03-06 08:40:00,26,19,71,55,53,26,250
2024-03-06 08:50:00,37,18,30,49,48,34,216
2024-03-06 09:00:00,30,20,21,39,40,27,177
2024-03-06 09:10:00,37,24,21,42,39,26,189
2024-03-06 09:20:00,33,26,16,37,37,24,173
2024-03-06 09:30:00,38,21,16,38,38,34,185
2024-03-06 09:40:00,37,27,27,44,43,27,205
2024-03-06 09:50:00,44,27,64,34,32,23,224
2024-03-06 10:00:00,36,30,39,45,41,25,216
2024-03-06 10:10:00,41,25,38,46,43,26,219
2024-03-06 10:20:00,50,34,38,43,55,24,244
2024-03-06 10:30:00,38,24,21,30,51,29,193
2024-03-06 10:40:00,38,23,19,44,38,25,187
2024-03-06 10:50:00,36,22,26,38,37,29,188
2024-03-06 11:00:00,34,23,22,34,34,24,171
2024-03-06 11:10:00,32,22,20,32,32,25,163
2024-03-06 11:20:00,32,23,23,38,39,26,181
2024-03-06 11:30:00,39,15,12,32,32,20,150
2024-03-06 11:40:00,37,25,20,39,39,22,182
2024-03-06 11:50:00,41,24,26,39,37,21,188
2024-03-06 12:00:00,37,29,20,38,37,24,185
2024-03-06 12:10:00,35,25,30,43,43,27,203
2024-03-06 12:20:00,40,28,40,55,54,30,247
2024-03-06 12:30:00,49,24,42,48,46,25,234
2024-03-06 12:40:00,35,26,97,53,41,33,285
2024-03-06 12:50:00,53,33,34,40,36,30,226
2024-03-06 13:00:00,36,25,31,42,39,32,205
2024-03-06 13:10:00,50,27,27,38,34,24,200
2024-03-06 13:20:00,40,25,33,40,38,30,206
2024-03-06 13:30:00,40,23,23,37,33,29,185
2024-03-06 13:40:00,40,21,29,47,46,26,209
2024-03-06 13:50:00,43,23,28,48,52,24,218
2024-03-06 14:00:00,39,22,18,36,35,23,173
2024-03-06 14:10:00,39,24,26,46,39,24,198
2024-03-06 14:20:00,32,22,23,44,41,31,193
2024-03-06 14:30:00,36,25,28,42,43,21,195
2024-03-06 14:40:00,54,27,23,32,35,31,202
2024-03-06 14:50:00,51,29,31,53,50,29,243
2024-03-06 15:00:00,66,30,32,46,47,38,259
2024-03-06 15:10:00,61,33,27,37,36,27,221
2024-03-06 15:20:00,59,33,36,45,40,26,239
2024-03-06 15:30:00,64,26,34,55,54,30,263
2024-03-06 15:40:00,54,33,23,34,36,23,203
2024-03-06 15:50:00,57,27,24,49,50,32,239
2024-03-06 16:00:00,60,28,18,27,27,21,181
2024-03-06 16:10:00,53,22,20,52,50,32,229
2024-03-06 16:20:00,49,29,33,55,57,39,262
2024-03-06 16:30:00,58,31,32,42,41,29,233
2024-03-06 16:40:00,65,30,29,39,35,25,223
2024-03-06 16:50:00,56,24,33,43,45,30,231
2024-03-06 17:00:00,50,22,41,53,46,29,241
2024-03-06 17:10:00,44,26,32,47,46,28,223
2024-03-06 17:20:00,53,29,28,42,38,34,224
2024-03-06 17:30:00,57,27,27,44,43,31,229
2024-03-06 17:40:00,54,22,15,37,35,28,191
2024-03-06 17:50:00,50,25,23,47,50,29,224
2024-03-06 18:00:00,69,31,32,45,45,41,263
2024-03-06 18:10:00,56,28,19,38,42,27,210
2024-03-06 18:20:00,44,23,17,49,46,26,205
2024-03-06 18:30:00,44,25,19,32,33,29,182
2024-03-06 18:40:00,48,30,21,32,33,26,190
2024-03-06 18:50:00,48,21,26,34,35,24,188
2024-03-06 19:00:00,34,23,16,29,30,22,154
2024-03-06 19:10:00,42,22,20,35,35,34,188
2024-03-06 19:20:00,34,25,21,38,38,33,189
2024-03-06 19:30:00,29,25,10,32,31,24,151
2024-03-06 19:40:00,41,26,23,34,30,26,180
2024-03-06 19:50:00,34,20,19,27,26,22,148
2024-03-06 20:00:00,28,21,12,21,25,21,128
2024-03-06 20:10:00,28,17,13,27,29,15,129
2024-03-06 20:20:00,20,13,6,22,22,11,94
2024-03-06 20:30:00,33,23,12,24,24,24,140
2024-03-06 20:40:00,19,16,4,21,18,21,99
2024-03-06 20:50:00,20,15,9,21,21,14,100
2024-03-06 21:00:00,27,24,19,21,22,16,129
2024-03-06 21:10:00,20,16,7,14,14,14,85
2024-03-06 21:20:00,18,11,10,10,11,12,72
2024-03-06 21:30:00,17,12,8,10,11,11,69
2024-03-06 21:40:00,27,23,8,19,20,18,115
2024-03-06 21:50:00,20,15,10,18,17,18,98
2024-03-06 22:00:00,15,17,7,14,11,17,81
2024-03-06 22:10:00,24,21,3,9,12,7,76
2024-03-06 22:20:00,13,10,1,9,7,10,50
2024-03-06 22:30:00,14,10,3,11,12,10,60
2024-03-06 22:40:00,14,12,3,11,12,13,65
2024-03-06 22:50:00,12,11,6,15,12,11,67
2024-03-06 23:00:00,12,7,4,11,12,8,54
2024-03-06 23:10:00,12,10,7,7,7,5,48
2024-03-06 23:20:00,11,11,4,9,11,10,56
2024-03-06 23:30:00,8,5,3,11,9,9,45
2024-03-06 23:40:00,7,4,4,1,1,1,18
2024-03-06 23:50:00,3,5,4,7,8,7,34
2024-03-07 00:00:00,6,6,1,2,1,3,19
2024-03-07 00:10:00,6,6,4,8,8,5,37
2024-03-07 00:20:00,3,3,8,2,3,2,21
2024-03-07 00:30:00,6,5,1,3,2,3,20
2024-03-07 00:40:00,4,4,8,6,6,8,36
2024-03-07 00:50:00,1,1,1,1,1,1,6
2024-03-07 01:00:00,1,1,3,3,3,3,14
2024-03-07 01:10:00,3,2,5,4,3,2,19
2024-03-07 01:20:00,3,3,7,3,2,3,21
2024-03-07 01:30:00,0,0,6,3,3,3,15
2024-03-07 01:40:00,5,4,3,3,2,2,19
2024-03-07 01:50:00,2,2,6,4,2,2,18
2024-03-07 02:00:00,0,0,3,0,0,0,3
2024-03-07 02:10:00,3,3,2,1,0,0,9
2024-03-07 02:20:00,1,1,3,1,1,1,8
2024-03-07 02:30:00,4,4,3,2,2,2,17
2024-03-07 02:40:00,3,2,14,4,3,4,30
2024-03-07 02:50:00,1,1,10,2,2,2,18
2024-03-07 03:00:00,1,1,4,1,1,1,9
2024-03-07 03:10:00,0,0,4,2,2,3,11
2024-03-07 03:20:00,4,2,1,1,1,1,10
2024-03-07 03:30:00,0,0,0,0,1,0,1
2024-03-07 03:40:00,5,1,2,3,3,4,18
2024-03-07 03:50:00,1,0,1,3,4,3,12
2024-03-07 04:00:00,2,2,0,3,3,3,13
2024-03-07 04:10:00,3,2,2,3,3,3,16
2024-03-07 04:20:00,3,4,1,4,2,2,16
2024-03-07 04:30:00,3,2,0,4,4,4,17
2024-03-07 04:40:00,4,2,0,3,5,3,17
2024-03-07 04:50:00,8,4,7,10,9,12,50
2024-03-07 05:00:00,3,1,6,5,5,7,27
2024-03-07 05:10:00,6,4,13,15,14,11,63
2024-03-07 05:20:00,3,3,7,9,9,10,41
2024-03-07 05:30:00,6,4,7,11,11,11,50
2024-03-07 05:40:00,9,6,11,18,18,16,78
2024-03-07 05:50:00,12,8,6,19,20,14,79
2024-03-07 06:00:00,14,11,7,16,16,14,78
2024-03-07 06:10:00,15,11,20,27,27,16,116
2024-03-07 06:20:00,18,14,23,32,31,24,142
2024-03-07 06:30:00,21,19,16,36,36,21,149
2024-03-07 06:40:00,25,17,14,28,29,20,133
2024-03-07 06:50:00,28,16,16,39,37,17,153
2024-03-07 07:00:00,18,17,13,29,29,25,131
2024-03-07 07:10:00,23,16,9,36,37,25,146
2024-03-07 07:20:00,40,23,27,58,60,28,236
2024-03-07 07:30:00,49,26,21,68,67,30,261
2024-03-07 07:40:00,39,21,31,75,75,30,271
2024-03-07 07:50:00,43,17,50,72,71,33,286
2024-03-07 08:00:00,40,18,73,53,54,24,262
2024-03-07 08:10:00,34,21,71,57,56,22,261
2024-03-07 08:20:00,36,24,35,46,48,25,214
2024-03-07 08:30:00,45,25,38,60,58,33,259
2024-03-07 08:40:00,29,18,37,43,42,25,194
2024-03-07 08:50:00,35,23,49,46,46,31,230
2024-03-07 09:00:00,38,27,63,35,37,21,221
2024-03-07 09:10:00,33,22,24,38,37,21,175
2024-03-07 09:20:00,43,30,25,46,48,26,218
2024-03-07 09:30:00,25,20,21,44,44,22,176
2024-03-07 09:40:00,34,20,17,42,44,24,181
2024-03-07 09:50:00,36,21,30,54,50,33,224
2024-03-07 10:00:00,35,18,20,37,32,26,168
2024-03-07 10:10:00,29,20,33,33,32,22,169
2024-03-07 10:20:00,33,25,114,45,46,26,289
2024-03-07 10:30:00,32,24,74,42,42,27,241
2024-03-07 10:40:00,29,21,43,44,42,32,211
2024-03-07 10:50:00,36,23,30,37,38,27,191
2024-03-07 11:00:00,43,21,35,45,41,29,214
2024-03-07 11:10:00,25,18,40,37,38,23,181
2024-03-07 11:20:00,36,23,15,36,34,24,168
2024-03-07 11:30:00,41,24,21,38,35,28,187
2024-03-07 11:40:00,33,21,24,44,45,28,195
2024-03-07 11:50:00,44,32,20,39,35,24,194
2024-03-07 12:00:00,44,32,29,32,34,25,196
2024-03-07 12:10:00,36,25,78,32,29,27,227
2024-03-07 12:20:00,31,25,35,45,44,35,215
2024-03-07 12:30:00,51,24,28,33,30,34,200
2024-03-07 12:40:00,42,27,37,37,41,26,210
2024-03-07 12:50:00,33,24,44,50,49,36,236
2024-03-07 13:00:00,46,26,58,48,47,32,257
2024-03-07 13:10:00,36,22,39,39,36,27,199
2024-03-07 13:20:00,54,25,40,54,53,24,250
2024-03-07 13:30:00,39,27,22,45,44,26,203
2024-03-07 13:40:00,52,28,27,47,44,36,234
2024-03-07 13:50:00,53,26,25,40,41,24,209
2024-03-07 14:00:00,34,28,30,41,46,25,204
2024-03-07 14:10:00,47,24,65,48,44,31,259
2024-03-07 14:20:00,54,28,34,41,41,30,228
2024-03-07 14:30:00,51,28,37,51,44,20,231
2024-03-07 14:40:00,48,27,31,45,48,31,230
2024-03-07 14:50:00,52,36,21,34,30,25,198
2024-03-07 15:00:00,62,28,60,45,49,29,273
2024-03-07 15:10:00,63,33,28,47,41,30,242
2024-03-07 15:20:00,63,21,43,50,49,31,257
2024-03-07 15:30:00,47,36,25,49,51,24,232
2024-03-07 15:40:00,69,13,33,46,46,26,233
2024-03-07 15:50:00,54,0,29,38,34,27,182
2024-03-07 16:00:00,72,15,31,55,52,32,257
2024-03-07 16:10:00,67,16,36,41,42,26,228
2024-03-07 16:20:00,59,19,33,43,42,31,227
2024-03-07 16:30:00,49,26,38,50,50,28,241
2024-03-07 16:40:00,67,34,71,32,37,27,268
2024-03-07 16:50:00,50,31,24,38,36,29,208
2024-03-07 17:00:00,61,24,32,43,42,33,235
2024-03-07 17:10:00,51,24,28,49,49,38,239
2024-03-07 17:20:00,56,28,28,38,32,26,208
2024-03-07 17:30:00,60,36,23,43,43,30,235
2024-03-07 17:40:00,55,35,21,52,51,33,247
2024-03-07 17:50:00,57,23,21,52,46,38,237
2024-03-07 18:00:00,60,29,28,46,45,31,239
2024-03-07 18:10:00,50,32,21,44,45,31,223
2024-03-07 18:20:00,46,22,37,42,39,24,210
2024-03-07 18:30:00,41,25,52,50,52,42,262
2024-03-07 18:40:00,50,33,26,33,30,22,194
2024-03-07 18:50:00,43,26,27,48,51,36,231
2024-03-07 19:00:00,54,32,28,32,35,24,205
2024-03-07 19:10:00,33,21,20,29,26,23,152
2024-03-07 19:20:00,30,29,20,31,26,22,158
2024-03-07 19:30:00,33,28,17,30,26,24,158
2024-03-07 19:40:00,29,21,7,26,29,22,134
2024-03-07 19:50:00,30,18,11,28,26,25,138
2024-03-07 20:00:00,27,23,9,23,20,17,119
2024-03-07 20:10:00,25,23,8,19,18,13,106
2024-03-07 20:20:00,32,20,12,27,29,18,138
2024-03-07 20:30:00,23,12,24,17,16,18,110
2024-03-07 20:40:00,28,24,31,25,24,23,155
2024-03-07 20:50:00,27,18,7,12,15,15,94
2024-03-07 21:00:00,26,21,26,19,19,11,122
2024-03-07 21:10:00,23,18,19,21,21,13,115
2024-03-07 21:20:00,22,11,17,15,17,18,100
2024-03-07 21:30:00,17,14,18,10,8,10,77
2024-03-07 21:40:00,16,13,17,22,23,13,104
2024-03-07 21:50:00,18,14,11,12,18,12,85
2024-03-07 22:00:00,18,19,6,20,26,21,110
2024-03-07 22:10:00,27,20,3,13,13,10,86
2024-03-07 22:20:00,16,14,4,12,12,8,66
2024-03-07 22:30:00,10,9,1,9,10,11,50
2024-03-07 22:40:00,12,10,10,17,18,18,85
2024-03-07 22:50:00,12,8,6,11,13,9,59
2024-03-07 23:00:00,7,6,13,18,15,20,79
2024-03-07 23:10:00,12,12,21,9,9,9,72
2024-03-07 23:20:00,11,12,27,13,12,11,86
2024-03-07 23:30:00,8,10,25,8,7,9,67
2024-03-07 23:40:00,3,3,53,4,4,5,72
2024-03-07 23:50:00,8,9,10,7,5,5,44
2024-03-08 00:00:00,5,3,13,6,8,7,42
2024-03-08 00:10:00,4,4,22,5,5,6,46
2024-03-08 00:20:00,7,6,160,9,9,5,196
2024-03-08 00:30:00,7,6,112,9,9,6,149
2024-03-08 00:40:00,3,3,50,5,6,5,72
2024-03-08 00:50:00,1,1,35,3,3,3,46
2024-03-08 01:00:00,1,1,22,0,0,0,24
2024-03-08 01:10:00,3,3,14,6,8,6,40
2024-03-08 01:20:00,5,5,2,4,5,4,25
2024-03-08 01:30:00,2,2,4,3,3,3,17
2024-03-08 01:40:00,1,1,7,4,2,4,19
2024-03-08 01:50:00,2,1,5,0,1,0,9
2024-03-08 02:00:00,4,3,5,7,6,8,33
2024-03-08 02:10:00,4,4,15,2,1,1,27
2024-03-08 02:20:00,1,1,3,0,0,0,5
2024-03-08 02:30:00,1,1,7,0,1,0,10
2024-03-08 02:40:00,1,1,4,3,1,1,11
2024-03-08 02:50:00,2,2,0,0,0,0,4
2024-03-08 03:00:00,2,2,6,0,0,0,10
2024-03-08 03:10:00,1,1,1,3,2,2,10
2024-03-08 03:20:00,0,0,3,0,0,0,3
2024-03-08 03:30:00,1,1,2,1,0,0,5
2024-03-08 03:40:00,2,1,3,1,1,1,9
2024-03-08 03:50:00,1,1,4,1,1,1,9
2024-03-08 04:00:00,0,0,0,1,1,1,3
2024-03-08 04:10:00,4,2,1,3,3,4,17
2024-03-08 04:20:00,3,3,1,3,4,3,17
2024-03-08 04:30:00,4,4,1,6,6,6,27
2024-03-08 04:40:00,1,0,3,2,2,3,11
2024-03-08 04:50:00,3,2,1,11,11,12,40
2024-03-08 05:00:00,3,2,1,5,7,6,24
2024-03-08 05:10:00,5,5,4,13,12,9,48
2024-03-08 05:20:00,3,3,8,9,9,10,42
2024-03-08 05:30:00,8,6,9,14,15,14,66
2024-03-08 05:40:00,9,8,17,19,18,18,89
2024-03-08 05:50:00,12,10,10,17,18,12,79
2024-03-08 06:00:00,7,9,5,22,22,13,78
2024-03-08 06:10:00,18,16,16,19,20,18,107
2024-03-08 06:20:00,19,10,11,24,24,20,108
2024-03-08 06:30:00,17,17,14,29,30,26,133
2024-03-08 06:40:00,18,15,8,25,24,16,106
2024-03-08 06:50:00,18,10,9,34,33,22,126
2024-03-08 07:00:00,24,21,16,45,46,31,183
2024-03-08 07:10:00,31,12,11,33,33,24,144
2024-03-08 07:20:00,29,15,25,46,42,34,191
2024-03-08 07:30:00,39,21,15,51,52,26,204
2024-03-08 07:40:00,52,25,39,67,65,21,269
2024-03-08 07:50:00,41,16,39,77,65,29,267
2024-03-08 08:00:00,37,8,61,50,49,21,226
2024-03-08 08:10:00,34,16,46,49,52,26,223
2024-03-08 08:20:00,40,20,42,40,38,19,199
2024-03-08 08:30:00,41,23,53,59,57,31,264
2024-03-08 08:40:00,35,22,34,49,50,30,220
2024-03-08 08:50:00,28,26,38,39,40,26,197
2024-03-08 09:00:00,37,26,53,49,46,29,240
2024-03-08 09:10:00,34,27,12,32,29,21,155
2024-03-08 09:20:00,35,28,21,41,39,21,185
2024-03-08 09:30:00,35,31,22,36,33,27,184
2024-03-08 09:40:00,33,19,23,49,49,31,204
2024-03-08 09:50:00,41,27,33,45,42,32,220
2024-03-08 10:00:00,29,19,33,41,43,26,191
2024-03-08 10:10:00,44,30,53,35,32,24,218
2024-03-08 10:20:00,33,31,54,46,47,32,243
2024-03-08 10:30:00,43,24,49,41,39,26,222
2024-03-08 10:40:00,54,25,59,44,44,23,249
2024-03-08 10:50:00,39,30,49,42,43,24,227
2024-03-08 11:00:00,36,21,28,45,45,29,204
2024-03-08 11:10:00,41,24,12,34,34,25,170
2024-03-08 11:20:00,47,28,26,48,48,31,228
2024-03-08 11:30:00,38,27,18,34,33,26,176
2024-03-08 11:40:00,50,26,29,45,43,29,222
2024-03-08 11:50:00,58,34,54,49,49,27,271
2024-03-08 12:00:00,29,20,63,45,45,31,233
2024-03-08 12:10:00,46,24,39,44,43,30,226
2024-03-08 12:20:00,58,39,63,57,57,27,301
2024-03-08 12:30:00,38,20,50,53,51,24,236
2024-03-08 12:40:00,41,24,38,54,56,35,248
2024-03-08 12:50:00,52,30,23,43,41,43,232
2024-03-08 13:00:00,47,25,17,50,54,33,226
2024-03-08 13:10:00,44,33,27,46,43,22,215
2024-03-08 13:20:00,52,22,12,31,31,33,181
2024-03-08 13:30:00,52,34,12,35,31,24,188
2024-03-08 13:40:00,46,27,18,38,36,27,192
2024-03-08 13:50:00,49,25,28,42,40,22,206
2024-03-08 14:00:00,42,25,19,43,43,38,210
2024-03-08 14:10:00,47,39,31,45,41,26,229
2024-03-08 14:20:00,54,37,43,42,37,26,239
2024-03-08 14:30:00,44,28,30,38,39,27,206
2024-03-08 14:40:00,48,27,50,47,49,27,248
2024-03-08 14:50:00,42,24,40,56,49,24,235
2024-03-08 15:00:00,55,29,31,50,46,30,241
2024-03-08 15:10:00,58,37,38,47,51,31,262
2024-03-08 15:20:00,48,31,24,56,53,38,250
2024-03-08 15:30:00,50,27,23,50,52,24,226
2024-03-08 15:40:00,48,26,23,41,42,33,213
2024-03-08 15:50:00,52,38,25,49,46,33,243
2024-03-08 16:00:00,42,29,19,29,27,21,167
2024-03-08 16:10:00,45,37,24,34,36,24,200
2024-03-08 16:20:00,46,38,27,45,42,31,229
2024-03-08 16:30:00,52,28,14,37,37,27,195
2024-03-08 16:40:00,46,33,31,50,50,29,239
2024-03-08 16:50:00,53,35,36,41,42,31,238
2024-03-08 17:00:00,57,40,28,49,47,31,252
2024-03-08 17:10:00,56,32,33,58,53,27,259
2024-03-08 17:20:00,59,35,23,38,36,27,218
2024-03-08 17:30:00,45,32,18,42,45,28,210
2024-03-08 17:40:00,40,24,22,40,34,29,189
2024-03-08 17:50:00,39,30,22,36,33,34,194
2024-03-08 18:00:00,39,25,16,53,52,36,221
2024-03-08 18:10:00,46,27,27,42,39,30,211
2024-03-08 18:20:00,46,28,32,51,46,37,240
2024-03-08 18:30:00,51,27,20,40,42,26,206
2024-03-08 18:40:00,55,34,18,33,36,27,203
2024-03-08 18:50:00,44,25,31,44,45,30,219
2024-03-08 19:00:00,44,26,22,33,38,26,189
2024-03-08 19:10:00,41,30,15,24,22,24,156
2024-03-08 19:20:00,40,34,8,32,31,18,163
2024-03-08 19:30:00,37,29,9,25,24,18,142
2024-03-08 19:40:00,38,20,12,30,28,29,157
2024-03-08 19:50:00,39,27,11,40,38,27,182
2024-03-08 20:00:00,58,18,17,30,31,27,181
2024-03-08 20:10:00,33,26,9,14,16,12,110
2024-03-08 20:20:00,26,21,15,21,22,12,117
2024-03-08 20:30:00,29,19,11,23,22,16,120
2024-03-08 20:40:00,22,13,12,34,33,27,141
2024-03-08 20:50:00,21,17,20,30,30,15,133
2024-03-08 21:00:00,32,17,13,23,20,21,126
2024-03-08 21:10:00,18,10,13,25,26,19,111
2024-03-08 21:20:00,17,14,12,23,24,21,111
2024-03-08 21:30:00,21,15,10,18,20,13,97
2024-03-08 21:40:00,34,25,18,22,22,18,139
2024-03-08 21:50:00,26,19,7,21,20,16,109
2024-03-08 22:00:00,30,15,11,21,23,22,122
2024-03-08 22:10:00,21,14,4,18,15,14,86
2024-03-08 22:20:00,21,14,17,30,29,26,137
2024-03-08 22:30:00,21,17,19,16,13,11,97
2024-03-08 22:40:00,23,17,14,22,22,22,120
2024-03-08 22:50:00,15,14,11,11,10,12,73
2024-03-08 23:00:00,13,12,21,22,22,19,109
2024-03-08 23:10:00,17,12,6,12,10,8,65
2024-03-08 23:20:00,12,12,19,11,10,9,73
2024-03-08 23:30:00,16,13,32,17,16,11,105
2024-03-08 23:40:00,7,6,25,8,9,11,66
2024-03-08 23:50:00,16,14,25,6,7,7,75
2024-03-09 00:00:00,15,10,14,16,12,9,76
2024-03-09 00:10:00,16,16,29,16,18,13,108
2024-03-09 00:20:00,10,8,54,16,14,15,117
2024-03-09 00:30:00,18,16,44,9,8,8,103
2024-03-09 00:40:00,13,10,74,17,14,11,139
2024-03-09 00:50:00,13,12,60,7,6,4,102
2024-03-09 01:00:00,8,6,6,10,9,8,47
2024-03-09 01:10:00,7,9,14,6,7,4,47
2024-03-09 01:20:00,3,3,5,5,5,4,25
2024-03-09 01:30:00,2,3,13,4,3,5,30
2024-03-09 01:40:00,4,5,1,4,3,3,20
2024-03-09 01:50:00,8,7,1,8,7,6,37
2024-03-09 02:00:00,6,6,8,8,9,10,47
2024-03-09 02:10:00,0,0,18,2,3,3,26
2024-03-09 02:20:00,5,4,3,4,3,3,22
2024-03-09 02:30:00,3,3,9,2,1,1,19
2024-03-09 02:40:00,6,6,4,2,2,2,22
2024-03-09 02:50:00,0,0,6,4,4,3,17
2024-03-09 03:00:00,4,2,17,0,0,0,23
2024-03-09 03:10:00,5,5,2,1,2,1,16
2024-03-09 03:20:00,2,2,10,2,2,1,19
2024-03-09 03:30:00,3,4,1,5,4,8,25
2024-03-09 03:40:00,2,4,1,2,0,0,9
2024-03-09 03:50:00,5,4,2,9,8,5,33
2024-03-09 04:00:00,3,3,0,3,3,4,16
2024-03-09 04:10:00,5,5,0,4,6,3,23
2024-03-09 04:20:00,4,2,0,3,3,3,15
2024-03-09 04:30:00,5,5,0,3,2,1,16
2024-03-09 04:40:00,5,4,1,4,3,3,20
2024-03-09 04:50:00,2,2,0,4,3,6,17
2024-03-09 05:00:00,3,1,8,7,7,7,33
2024-03-09 05:10:00,6,5,3,2,2,2,20
2024-03-09 05:20:00,5,5,8,3,3,4,28
2024-03-09 05:30:00,7,8,6,5,4,6,36
2024-03-09 05:40:00,8,8,1,3,5,4,29
2024-03-09 05:50:00,4,5,13,3,2,3,30
2024-03-09 06:00:00,6,6,14,8,7,4,45
2024-03-09 06:10:00,8,7,10,6,6,5,42
2024-03-09 06:20:00,3,3,13,8,7,5,39
2024-03-09 06:30:00,12,8,13,7,7,6,53
2024-03-09 06:40:00,7,7,4,13,13,11,55
2024-03-09 06:50:00,10,8,3,14,14,9,58
2024-03-09 07:00:00,9,8,3,6,6,5,37
2024-03-09 07:10:00,5,4,2,7,7,6,31
2024-03-09 07:20:00,3,3,10,9,10,7,42
2024-03-09 07:30:00,10,6,9,11,12,11,59
2024-03-09 07:40:00,12,8,22,14,10,10,76
2024-03-09 07:50:00,7,6,18,12,12,11,66
2024-03-09 08:00:00,15,9,22,15,14,14,89
2024-03-09 08:10:00,12,11,48,21,23,16,131
2024-03-09 08:20:00,17,12,37,18,19,15,118
2024-03-09 08:30:00,15,13,75,15,17,10,145
2024-03-09 08:40:00,19,16,13,17,15,14,94
2024-03-09 08:50:00,20,15,8,24,24,21,112
2024-03-09 09:00:00,27,18,10,31,28,22,136
2024-03-09 09:10:00,20,17,13,24,25,13,112
2024-03-09 09:20:00,27,20,15,28,28,21,139
2024-03-09 09:30:00,27,21,18,39,39,29,173
2024-03-09 09:40:00,25,21,19,34,31,24,154
2024-03-09 09:50:00,34,34,34,35,35,22,194
2024-03-09 10:00:00,36,28,39,43,39,29,214
2024-03-09 10:10:00,26,21,22,25,24,21,139
2024-03-09 10:20:00,31,26,26,36,33,28,180
2024-03-09 10:30:00,38,27,23,42,42,33,205
2024-03-09 10:40:00,28,25,24,42,40,27,186
2024-03-09 10:50:00,33,27,13,24,28,25,150
2024-03-09 11:00:00,51,38,17,41,40,29,216
2024-03-09 11:10:00,48,28,18,41,39,28,202
2024-03-09 11:20:00,38,24,18,46,50,31,207
2024-03-09 11:30:00,42,29,20,36,32,27,186
2024-03-09 11:40:00,51,30,23,36,38,29,207
2024-03-09 11:50:00,42,30,18,39,39,32,200
2024-03-09 12:00:00,26,23,20,39,41,34,183
2024-03-09 12:10:00,33,26,33,34,33,27,186
2024-03-09 12:20:00,45,26,22,44,44,29,210
2024-03-09 12:30:00,48,26,29,28,28,27,186
2024-03-09 12:40:00,47,31,37,34,33,31,213
2024-03-09 12:50:00,47,20,30,36,38,30,201
2024-03-09 13:00:00,44,20,36,54,48,34,236
2024-03-09 13:10:00,56,33,33,40,41,31,234
2024-03-09 13:20:00,46,30,23,42,40,30,211
2024-03-09 13:30:00,40,29,32,39,40,27,207
2024-03-09 13:40:00,33,26,19,37,34,34,183
2024-03-09 13:50:00,38,32,23,42,42,22,199
2024-03-09 14:00:00,40,33,19,50,49,25,216
2024-03-09 14:10:00,38,19,29,42,39,28,195
2024-03-09 14:20:00,32,23,55,60,58,34,262
2024-03-09 14:30:00,39,28,29,44,39,26,205
2024-03-09 14:40:00,41,28,23,47,47,28,214
2024-03-09 14:50:00,45,33,30,40,40,24,212
2024-03-09 15:00:00,33,27,29,40,39,30,198
2024-03-09 15:10:00,53,28,24,31,33,22,191
2024-03-09 15:20:00,34,26,16,41,41,23,181
2024-03-09 15:30:00,32,22,15,48,44,30,191
2024-03-09 15:40:00,36,28,20,42,41,29,196
2024-03-09 15:50:00,31,23,15,42,38,28,177
2024-03-09 16:00:00,33,22,31,39,40,30,195
2024-03-09 16:10:00,31,21,35,49,48,24,208
2024-03-09 16:20:00,36,27,21,25,26,20,155
2024-03-09 16:30:00,25,22,17,32,32,27,155
2024-03-09 16:40:00,30,19,20,34,34,29,166
2024-03-09 16:50:00,35,29,17,28,26,24,159
2024-03-09 17:00:00,38,27,15,31,31,24,166
2024-03-09 17:10:00,27,19,19,47,46,32,190
2024-03-09 17:20:00,40,26,39,47,45,29,226
2024-03-09 17:30:00,39,23,22,44,45,26,199
2024-03-09 17:40:00,32,24,16,34,36,23,165
2024-03-09 17:50:00,40,24,23,52,59,32,230
2024-03-09 18:00:00,36,22,22,32,32,31,175
2024-03-09 18:10:00,42,24,31,27,30,23,177
2024-03-09 18:20:00,32,20,16,37,36,19,160
2024-03-09 18:30:00,39,18,21,39,38,30,185
2024-03-09 18:40:00,35,28,12,19,20,18,132
2024-03-09 18:50:00,28,17,15,33,33,27,153
2024-03-09 19:00:00,45,28,24,28,31,26,182
2024-03-09 19:10:00,36,30,26,43,39,23,197
2024-03-09 19:20:00,26,18,9,20,21,14,108
2024-03-09 19:30:00,32,22,8,26,20,14,122
2024-03-09 19:40:00,37,25,6,19,18,15,120
2024-03-09 19:50:00,30,26,11,28,26,29,150
2024-03-09 20:00:00,34,21,6,11,10,7,89
2024-03-09 20:10:00,25,19,5,21,20,23,113
2024-03-09 20:20:00,25,21,1,17,16,16,96
2024-03-09 20:30:00,26,20,6,22,23,21,118
2024-03-09 20:40:00,17,13,11,21,22,19,103
2024-03-09 20:50:00,20,11,8,26,23,26,114
2024-03-09 21:00:00,26,16,10,21,20,19,112
2024-03-09 21:10:00,17,13,7,17,16,18,88
2024-03-09 21:20:00,21,15,4,14,15,9,78
2024-03-09 21:30:00,13,12,6,15,13,12,71
2024-03-09 21:40:00,14,14,6,12,14,11,71
2024-03-09 21:50:00,21,13,12,16,15,17,94
2024-03-09 22:00:00,27,15,6,19,19,16,102
2024-03-09 22:10:00,16,13,2,18,14,10,73
2024-03-09 22:20:00,15,13,4,18,18,13,81
2024-03-09 22:30:00,19,13,2,13,17,12,76
2024-03-09 22:40:00,21,12,8,13,15,12,81
2024-03-09 22:50:00,23,15,3,13,14,10,78
2024-03-09 23:00:00,16,15,4,14,13,16,78
2024-03-09 23:10:00,19,12,10,18,18,17,94
2024-03-09 23:20:00,15,9,5,11,10,9,59
2024-03-09 23:30:00,13,11,10,10,11,9,64
2024-03-09 23:40:00,16,17,5,5,4,6,53
2024-03-09 23:50:00,12,8,5,8,7,8,48
2024-03-10 00:00:00,12,9,5,13,12,10,61
2024-03-10 00:10:00,9,7,4,7,7,5,39
2024-03-10 00:20:00,7,7,4,11,8,8,45
2024-03-10 00:30:00,8,7,1,5,5,6,32
2024-03-10 00:40:00,10,8,8,11,11,9,57
2024-03-10 00:50:00,7,7,8,11,9,8,50
2024-03-10 01:00:00,14,11,3,14,13,12,67
2024-03-10 01:10:00,4,5,5,5,4,4,27
2024-03-10 01:20:00,4,4,2,6,6,5,27
2024-03-10 01:30:00,9,9,2,6,3,3,32
2024-03-10 01:40:00,6,4,3,7,7,6,33
2024-03-10 01:50:00,8,6,13,5,6,7,45
2024-03-10 02:00:00,5,5,8,5,3,6,32
2024-03-10 02:10:00,4,4,11,6,6,7,38
2024-03-10 02:20:00,5,4,13,2,2,3,29
2024-03-10 02:30:00,5,4,11,6,6,4,36
2024-03-10 02:40:00,8,8,10,7,4,5,42
2024-03-10 02:50:00,2,3,23,5,3,2,38
2024-03-10 03:00:00,5,5,14,6,5,5,40
2024-03-10 03:10:00,1,1,8,4,4,4,22
2024-03-10 03:20:00,4,4,36,6,6,10,66
2024-03-10 03:30:00,4,4,11,5,4,5,33
2024-03-10 03:40:00,1,2,9,1,1,1,15
2024-03-10 03:50:00,3,3,9,3,4,6,28
2024-03-10 04:00:00,4,2,0,4,5,3,18
2024-03-10 04:10:00,4,5,0,1,1,1,12
2024-03-10 04:20:00,0,0,1,1,1,1,4
2024-03-10 04:30:00,4,4,0,3,4,2,17
2024-03-10 04:40:00,2,1,0,3,3,3,12
2024-03-10 04:50:00,3,3,0,3,1,1,11
2024-03-10 05:00:00,2,0,8,7,7,6,30
2024-03-10 05:10:00,1,1,6,2,2,2,14
2024-03-10 05:20:00,4,6,0,1,1,1,13
2024-03-10 05:30:00,9,5,7,7,7,9,44
2024-03-10 05:40:00,5,6,0,0,0,0,11
2024-03-10 05:50:00,7,5,4,5,5,7,33
2024-03-10 06:00:00,5,4,0,6,4,5,24
2024-03-10 06:10:00,7,5,4,4,4,5,29
2024-03-10 06:20:00,5,5,6,8,8,10,42
2024-03-10 06:30:00,8,6,5,8,9,7,43
2024-03-10 06:40:00,4,4,0,3,2,3,16
2024-03-10 06:50:00,3,3,0,4,4,4,18
2024-03-10 07:00:00,4,5,2,6,6,7,30
2024-03-10 07:10:00,4,4,2,9,9,7,35
2024-03-10 07:20:00,3,3,1,4,4,4,19
2024-03-10 07:30:00,5,5,1,6,6,5,28
2024-03-10 07:40:00,2,2,3,5,5,4,21
2024-03-10 07:50:00,3,4,1,5,4,4,21
2024-03-10 08:00:00,6,6,7,10,8,8,45
2024-03-10 08:10:00,6,6,3,4,3,5,27
2024-03-10 08:20:00,2,2,0,8,7,7,26
2024-03-10 08:30:00,5,5,3,5,5,5,28
2024-03-10 08:40:00,16,14,1,12,13,10,66
2024-03-10 08:50:00,9,9,8,11,11,13,61
2024-03-10 09:00:00,22,18,4,9,9,9,71
2024-03-10 09:10:00,18,17,6,25,21,15,102
2024-03-10 09:20:00,12,11,3,14,15,15,70
2024-03-10 09:30:00,14,11,2,17,17,11,72
2024-03-10 09:40:00,20,20,16,28,27,18,129
2024-03-10 09:50:00,23,24,15,20,24,19,125
2024-03-10 10:00:00,25,23,13,18,13,13,105
2024-03-10 10:10:00,19,16,14,25,24,20,118
2024-03-10 10:20:00,13,13,8,23,21,18,96
2024-03-10 10:30:00,24,22,10,19,19,14,108
2024-03-10 10:40:00,17,16,12,20,20,18,103
2024-03-10 10:50:00,29,22,11,32,33,23,150
2024-03-10 11:00:00,28,26,12,30,30,20,146
2024-03-10 11:10:00,30,20,8,19,17,15,109
2024-03-10 11:20:00,29,26,12,26,25,20,138
2024-03-10 11:30:00,30,17,16,27,26,24,140
2024-03-10 11:40:00,27,21,13,27,26,18,132
2024-03-10 11:50:00,27,20,6,14,14,14,95
2024-03-10 12:00:00,26,14,12,29,29,18,128
2024-03-10 12:10:00,34,27,18,30,29,23,161
2024-03-10 12:20:00,36,20,10,24,20,21,131
2024-03-10 12:30:00,38,20,13,29,25,21,146
2024-03-10 12:40:00,30,24,15,25,29,19,142
2024-03-10 12:50:00,43,23,25,35,32,22,180
2024-03-10 13:00:00,30,20,22,29,28,20,149
2024-03-10 13:10:00,30,24,28,34,33,35,184
2024-03-10 13:20:00,27,18,12,21,23,18,119
2024-03-10 13:30:00,39,31,12,30,29,24,165
2024-03-10 13:40:00,21,18,14,31,30,25,139
2024-03-10 13:50:00,34,21,11,33,34,19,152
2024-03-10 14:00:00,31,24,12,32,31,24,154
2024-03-10 14:10:00,28,18,31,37,36,24,174
2024-03-10 14:20:00,34,27,13,25,25,22,146
2024-03-10 14:30:00,24,20,33,32,32,27,168
2024-03-10 14:40:00,22,16,25,35,34,23,155
2024-03-10 14:50:00,35,24,25,35,35,23,177
2024-03-10 15:00:00,39,29,26,33,35,19,181
2024-03-10 15:10:00,35,28,39,42,41,30,215
2024-03-10 15:20:00,36,19,20,28,26,17,146
2024-03-10 15:30:00,32,26,24,35,34,23,174
2024-03-10 15:40:00,28,20,7,32,34,27,148
2024-03-10 15:50:00,32,26,17,32,31,32,170
2024-03-10 16:00:00,17,14,7,30,29,23,120
2024-03-10 16:10:00,30,19,9,27,25,25,135
2024-03-10 16:20:00,25,18,18,30,31,24,146
2024-03-10 16:30:00,25,22,17,26,22,16,128
2024-03-10 16:40:00,16,15,23,24,27,13,118
2024-03-10 16:50:00,33,33,17,28,26,19,156
2024-03-10 17:00:00,41,27,27,38,36,23,192
2024-03-10 17:10:00,32,27,26,26,25,19,155
2024-03-10 17:20:00,20,16,18,32,37,26,149
2024-03-10 17:30:00,29,19,14,30,24,19,135
2024-03-10 17:40:00,33,23,26,41,41,29,193
2024-03-10 17:50:00,35,20,12,29,34,21,151
2024-03-10 18:00:00,39,28,16,38,31,25,177
2024-03-10 18:10:00,28,20,14,41,38,20,161
2024-03-10 18:20:00,30,21,7,28,28,20,134
2024-03-10 18:30:00,30,19,18,28,28,24,147
2024-03-10 18:40:00,20,17,17,36,35,26,151
2024-03-10 18:50:00,21,22,23,24,25,21,136
2024-03-10 19:00:00,32,15,15,28,31,32,153
2024-03-10 19:10:00,31,24,19,27,24,22,147
2024-03-10 19:20:00,19,18,24,25,24,19,129
2024-03-10 19:30:00,26,20,9,24,22,14,115
2024-03-10 19:40:00,27,18,20,29,29,15,138
2024-03-10 19:50:00,25,20,12,22,24,22,125
2024-03-10 20:00:00,22,19,11,22,22,23,119
2024-03-10 20:10:00,23,15,11,26,26,18,119
2024-03-10 20:20:00,14,11,6,13,13,13,70
2024-03-10 20:30:00,24,14,4,17,17,13,89
2024-03-10 20:40:00,23,16,8,19,18,13,97
2024-03-10 20:50:00,18,17,2,11,11,10,69
2024-03-10 21:00:00,22,13,5,12,12,12,76
2024-03-10 21:10:00,19,18,6,17,17,12,89
2024-03-10 21:20:00,19,13,4,16,16,22,90
2024-03-10 21:30:00,18,14,3,11,12,8,66
2024-03-10 21:40:00,12,10,5,19,18,18,82
2024-03-10 21:50:00,18,16,2,10,9,8,63
2024-03-10 22:00:00,13,11,4,14,12,15,69
2024-03-10 22:10:00,10,8,2,11,9,9,49
2024-03-10 22:20:00,11,7,6,10,10,7,51
2024-03-10 22:30:00,13,10,1,5,4,3,36
2024-03-10 22:40:00,13,9,3,11,12,10,58
2024-03-10 22:50:00,5,5,1,9,7,6,33
2024-03-10 23:00:00,8,9,1,8,7,10,43
2024-03-10 23:10:00,7,7,1,5,5,5,30
2024-03-10 23:20:00,14,13,0,7,7,5,46
2024-03-10 23:30:00,5,5,0,7,6,8,31
2024-03-10 23:40:00,7,5,1,2,2,4,21
2024-03-10 23:50:00,4,5,0,2,2,2,15
2024-03-11 00:00:00,5,3,3,4,4,5,24
2024-03-11 00:10:00,6,6,0,6,5,4,27
2024-03-11 00:20:00,8,9,1,6,5,5,34
2024-03-11 00:30:00,2,2,1,2,2,2,11
2024-03-11 00:40:00,5,4,3,2,2,2,18
2024-03-11 00:50:00,2,2,4,2,2,2,14
2024-03-11 01:00:00,1,1,3,6,4,4,19
2024-03-11 01:10:00,2,2,5,2,2,2,15
2024-03-11 01:20:00,1,1,1,5,4,6,18
2024-03-11 01:30:00,2,2,2,1,1,1,9
2024-03-11 01:40:00,2,2,9,2,2,2,19
2024-03-11 01:50:00,0,0,10,1,1,1,13
2024-03-11 02:00:00,3,3,12,1,1,1,21
2024-03-11 02:10:00,1,1,28,0,0,0,30
2024-03-11 02:20:00,1,1,26,0,0,0,28
2024-03-11 02:30:00,0,0,17,0,0,0,17
2024-03-11 02:40:00,0,0,17,2,2,2,23
2024-03-11 02:50:00,3,3,1,4,3,3,17
2024-03-11 03:00:00,1,1,14,0,0,0,16
2024-03-11 03:10:00,1,1,5,2,2,2,13
2024-03-11 03:20:00,4,2,2,2,2,2,14
2024-03-11 03:30:00,1,1,13,1,2,1,19
2024-03-11 03:40:00,0,0,4,1,1,1,7
2024-03-11 03:50:00,1,1,10,3,1,4,20
2024-03-11 04:00:00,1,1,1,1,1,3,8
2024-03-11 04:10:00,2,0,1,3,3,4,13
2024-03-11 04:20:00,4,7,0,4,2,3,20
2024-03-11 04:30:00,2,4,0,4,4,4,18
2024-03-11 04:40:00,4,4,1,6,6,5,26
2024-03-11 04:50:00,3,6,2,8,8,10,37
2024-03-11 05:00:00,3,5,6,7,7,8,36
2024-03-11 05:10:00,1,1,4,9,9,8,32
2024-03-11 05:20:00,11,20,23,11,12,12,89
2024-03-11 05:30:00,14,17,11,12,12,6,72
2024-03-11 05:40:00,13,20,8,23,25,19,108
2024-03-11 05:50:00,10,8,11,20,19,14,82
2024-03-11 06:00:00,12,10,5,16,14,13,70
2024-03-11 06:10:00,14,11,25,23,22,22,117
2024-03-11 06:20:00,18,9,10,27,25,15,104
2024-03-11 06:30:00,16,8,15,28,26,19,112
2024-03-11 06:40:00,22,12,11,27,26,18,116
2024-03-11 06:50:00,20,14,9,49,48,18,158
2024-03-11 07:00:00,19,12,12,34,35,24,136
2024-03-11 07:10:00,32,23,17,41,38,28,179
2024-03-11 07:20:00,35,17,16,53,47,24,192
2024-03-11 07:30:00,44,23,17,58,60,24,226
2024-03-11 07:40:00,50,20,28,66,67,30,261
2024-03-11 07:50:00,39,19,27,61,58,19,223
2024-03-11 08:00:00,38,16,40,62,61,34,251
2024-03-11 08:10:00,40,25,43,66,65,29,268
2024-03-11 08:20:00,39,20,75,51,50,28,263
2024-03-11 08:30:00,39,18,48,46,49,27,227
2024-03-11 08:40:00,39,30,41,44,41,26,221
2024-03-11 08:50:00,32,20,37,55,54,34,232
2024-03-11 09:00:00,39,26,39,39,39,27,209
2024-03-11 09:10:00,32,26,39,50,49,28,224
2024-03-11 09:20:00,28,19,24,44,42,22,179
2024-03-11 09:30:00,33,18,16,39,40,33,179
2024-03-11 09:40:00,40,30,11,33,35,19,168
2024-03-11 09:50:00,30,21,10,51,46,23,181
2024-03-11 10:00:00,27,21,14,30,30,21,143
2024-03-11 10:10:00,25,20,25,37,36,22,165
2024-03-11 10:20:00,43,29,34,39,36,25,206
2024-03-11 10:30:00,38,22,19,29,29,20,157
2024-03-11 10:40:00,42,23,15,45,44,26,195
2024-03-11 10:50:00,53,27,27,44,45,25,221
2024-03-11 11:00:00,44,26,34,51,44,38,237
2024-03-11 11:10:00,30,20,28,39,37,28,182
2024-03-11 11:20:00,27,23,27,38,35,31,181
2024-03-11 11:30:00,36,20,19,37,36,23,171
2024-03-11 11:40:00,37,23,19,40,42,25,186
2024-03-11 11:50:00,30,19,14,33,30,22,148
2024-03-11 12:00:00,28,21,19,38,39,29,174
2024-03-11 12:10:00,48,32,24,41,37,20,202
2024-03-11 12:20:00,37,21,22,49,48,32,209
2024-03-11 12:30:00,41,24,28,50,44,26,213
2024-03-11 12:40:00,32,15,18,40,37,23,165
2024-03-11 12:50:00,42,25,16,33,32,22,170
2024-03-11 13:00:00,42,29,24,35,35,28,193
2024-03-11 13:10:00,33,22,16,37,37,27,172
2024-03-11 13:20:00,44,28,48,48,44,26,238
2024-03-11 13:30:00,36,29,28,43,45,30,211
2024-03-11 13:40:00,36,28,18,34,32,32,180
2024-03-11 13:50:00,37,26,27,39,38,30,197
2024-03-11 14:00:00,43,26,12,29,28,28,166
2024-03-11 14:10:00,53,29,25,34,32,22,195
2024-03-11 14:20:00,39,27,17,36,36,21,176
2024-03-11 14:30:00,45,26,28,48,47,24,218
2024-03-11 14:40:00,40,26,34,47,44,20,211
2024-03-11 14:50:00,61,30,44,41,39,23,238
2024-03-11 15:00:00,62,21,55,52,51,28,269
2024-03-11 15:10:00,65,31,34,47,46,30,253
2024-03-11 15:20:00,65,34,28,45,46,28,246
2024-03-11 15:30:00,54,26,30,51,53,32,246
2024-03-11 15:40:00,44,29,25,41,40,27,206
2024-03-11 15:50:00,45,27,21,48,50,28,219
2024-03-11 16:00:00,51,34,26,48,47,30,236
2024-03-11 16:10:00,63,37,31,55,52,32,270
2024-03-11 16:20:00,50,31,21,49,46,26,223
2024-03-11 16:30:00,58,35,16,40,40,28,217
2024-03-11 16:40:00,64,30,17,37,35,21,204
2024-03-11 16:50:00,44,30,28,44,43,24,213
2024-03-11 17:00:00,49,27,34,44,48,34,236
2024-03-11 17:10:00,62,24,19,47,37,22,211
2024-03-11 17:20:00,52,28,38,50,52,31,251
2024-03-11 17:30:00,40,23,25,39,36,19,182
2024-03-11 17:40:00,52,30,23,36,38,31,210
2024-03-11 17:50:00,42,18,45,43,42,33,223
2024-03-11 18:00:00,55,32,30,51,49,34,251
2024-03-11 18:10:00,33,23,26,38,40,34,194
2024-03-11 18:20:00,38,20,15,43,39,23,178
2024-03-11 18:30:00,45,26,15,28,27,16,157
2024-03-11 18:40:00,39,21,11,32,32,23,158
2024-03-11 18:50:00,36,27,14,30,29,20,156
2024-03-11 19:00:00,33,26,15,28,28,25,155
2024-03-11 19:10:00,35,24,9,28,26,15,137
2024-03-11 19:20:00,46,35,11,37,35,23,187
2024-03-11 19:30:00,38,20,18,35,35,16,162
2024-03-11 19:40:00,20,16,10,24,24,22,116
2024-03-11 19:50:00,31,25,13,21,18,12,120
2024-03-11 20:00:00,29,24,10,15,13,13,104
2024-03-11 20:10:00,36,28,10,7,10,6,97
2024-03-11 20:20:00,23,14,5,10,8,11,71
2024-03-11 20:30:00,24,18,4,9,10,9,74
2024-03-11 20:40:00,20,15,3,5,7,4,54
2024-03-11 20:50:00,20,14,5,6,6,3,54
2024-03-11 21:00:00,14,13,2,2,3,1,35
2024-03-11 21:10:00,13,10,2,3,6,6,40
2024-03-11 21:20:00,31,20,4,5,3,11,74
2024-03-11 21:30:00,13,11,5,21,15,10,75
2024-03-11 21:40:00,29,19,7,15,11,10,91
2024-03-11 21:50:00,18,12,4,12,13,13,72
2024-03-11 22:00:00,12,12,8,14,15,13,74
2024-03-11 22:10:00,16,11,5,13,11,11,67
2024-03-11 22:20:00,13,12,9,11,8,8,61
2024-03-11 22:30:00,18,10,7,7,7,6,55
2024-03-11 22:40:00,12,11,2,7,7,5,44
2024-03-11 22:50:00,9,10,6,15,13,16,69
2024-03-11 23:00:00,5,4,4,5,4,5,27
2024-03-11 23:10:00,8,8,0,5,4,3,28
2024-03-11 23:20:00,6,7,2,5,5,8,33
2024-03-11 23:30:00,10,8,2,8,6,6,40
2024-03-11 23:40:00,6,4,0,5,3,3,21
2024-03-11 23:50:00,3,2,4,6,6,9,30
2024-03-12 00:00:00,7,7,0,2,1,1,18
2024-03-12 00:10:00,6,5,5,11,8,7,42
2024-03-12 00:20:00,5,4,4,9,7,7,36
2024-03-12 00:30:00,1,1,6,5,5,5,23
2024-03-12 00:40:00,6,5,4,1,1,1,18
2024-03-12 00:50:00,5,7,2,8,8,9,39
2024-03-12 01:00:00,4,4,2,2,1,1,14
2024-03-12 01:10:00,4,3,20,4,6,5,42
2024-03-12 01:20:00,1,1,8,4,2,2,18
2024-03-12 01:30:00,1,1,7,1,1,1,12
2024-03-12 01:40:00,1,1,7,2,2,2,15
2024-03-12 01:50:00,2,0,18,2,2,2,26
2024-03-12 02:00:00,2,2,23,1,1,1,30
2024-03-12 02:10:00,0,0,58,2,2,3,65
2024-03-12 02:20:00,2,2,51,2,2,2,61
2024-03-12 02:30:00,3,2,18,2,2,2,29
2024-03-12 02:40:00,2,3,2,2,2,2,13
2024-03-12 02:50:00,2,1,7,3,2,3,18
2024-03-12 03:00:00,4,3,19,2,2,1,31
2024-03-12 03:10:00,1,1,11,1,1,1,16
2024-03-12 03:20:00,2,2,15,2,1,2,24
2024-03-12 03:30:00,2,2,32,4,3,2,45
2024-03-12 03:40:00,1,1,27,0,0,0,29
2024-03-12 03:50:00,0,0,11,1,1,1,14
2024-03-12 04:00:00,1,1,0,1,1,2,6
2024-03-12 04:10:00,2,0,1,2,2,3,10
2024-03-12 04:20:00,2,3,0,2,2,4,13
2024-03-12 04:30:00,2,3,0,7,6,10,28
2024-03-12 04:40:00,4,3,0,7,5,4,23
2024-03-12 04:50:00,6,1,5,9,8,7,36
2024-03-12 05:00:00,2,1,43,3,3,3,55
2024-03-12 05:10:00,2,2,14,8,8,8,42
2024-03-12 05:20:00,6,4,7,8,7,9,41
2024-03-12 05:30:00,12,6,15,15,15,13,76
2024-03-12 05:40:00,10,7,12,24,22,16,91
2024-03-12 05:50:00,10,10,11,18,17,10,76
2024-03-12 06:00:00,13,9,13,21,18,21,95
2024-03-12 06:10:00,15,9,8,19,20,17,88
2024-03-12 06:20:00,21,17,13,27,27,24,129
2024-03-12 06:30:00,14,12,14,36,35,27,138
2024-03-12 06:40:00,18,15,11,33,29,19,125
2024-03-12 06:50:00,29,13,13,35,35,22,147
2024-03-12 07:00:00,37,19,22,37,38,27,180
2024-03-12 07:10:00,31,14,14,38,38,1,136
2024-03-12 07:20:00,36,22,41,43,39,23,204
2024-03-12 07:30:00,46,23,60,57,59,35,280
2024-03-12 07:40:00,49,22,140,65,66,25,367
2024-03-12 07:50:00,53,18,69,68,66,21,295
2024-03-12 08:00:00,42,15,79,65,62,32,295
2024-03-12 08:10:00,31,22,53,76,75,30,287
2024-03-12 08:20:00,42,25,27,59,59,26,238
2024-03-12 08:30:00,39,21,27,63,64,32,246
2024-03-12 08:40:00,47,24,17,35,34,20,177
2024-03-12 08:50:00,53,25,17,56,53,26,230
2024-03-12 09:00:00,44,23,24,46,50,27,214
2024-03-12 09:10:00,31,21,22,68,65,36,243
2024-03-12 09:20:00,36,20,14,37,35,20,162
2024-03-12 09:30:00,14,10,4,20,24,21,93
2024-03-12 09:40:00,31,17,53,37,37,23,198
2024-03-12 09:50:00,29,8,30,28,25,12,132
2024-03-12 10:00:00,34,16,32,26,25,22,155
2024-03-12 10:10:00,35,17,30,33,32,20,167
2024-03-12 10:20:00,31,19,21,34,35,25,165
2024-03-12 10:30:00,34,20,33,34,35,23,179
2024-03-12 10:40:00,31,26,34,39,33,24,187
2024-03-12 10:50:00,38,22,32,39,37,23,191
2024-03-12 11:00:00,36,23,23,51,52,27,212
2024-03-12 11:10:00,39,23,20,50,42,22,196
2024-03-12 11:20:00,45,17,16,35,34,24,171
2024-03-12 11:30:00,43,21,14,41,37,28,184
2024-03-12 11:40:00,42,30,19,39,36,23,189
2024-03-12 11:50:00,39,20,20,34,31,24,168
2024-03-12 12:00:00,32,24,25,38,41,20,180
2024-03-12 12:10:00,34,26,34,46,43,32,215
2024-03-12 12:20:00,34,22,29,35,35,24,179
2024-03-12 12:30:00,38,23,43,37,36,16,193
2024-03-12 12:40:00,37,20,17,42,40,28,184
2024-03-12 12:50:00,39,27,24,42,45,30,207
2024-03-12 13:00:00,49,27,30,46,43,28,223
2024-03-12 13:10:00,44,24,27,32,32,23,182
2024-03-12 13:20:00,42,29,18,31,32,25,177
2024-03-12 13:30:00,39,22,12,30,31,23,157
2024-03-12 13:40:00,50,26,18,43,39,28,204
2024-03-12 13:50:00,37,24,20,35,36,21,173
2024-03-12 14:00:00,42,26,24,52,49,29,222
2024-03-12 14:10:00,44,28,31,35,35,19,192
2024-03-12 14:20:00,35,23,30,41,40,32,201
2024-03-12 14:30:00,62,29,32,40,36,16,215
2024-03-12 14:40:00,52,23,24,39,38,29,205
2024-03-12 14:50:00,47,25,34,56,54,29,245
2024-03-12 15:00:00,42,23,23,43,45,32,208
2024-03-12 15:10:00,65,35,31,41,37,25,234
2024-03-12 15:20:00,52,29,40,59,59,35,274
2024-03-12 15:30:00,67,29,33,48,47,30,254
2024-03-12 15:40:00,63,25,33,45,48,23,237
2024-03-12 15:50:00,45,27,15,40,37,28,192
2024-03-12 16:00:00,50,28,21,44,41,27,211
2024-03-12 16:10:00,58,8,27,44,45,27,209
2024-03-12 16:20:00,72,0,47,45,41,32,237
2024-03-12 16:30:00,49,23,30,40,44,30,216
2024-03-12 16:40:00,70,36,23,33,32,28,222
2024-03-12 16:50:00,62,15,50,52,51,29,259
2024-03-12 17:00:00,52,28,67,42,46,35,270
2024-03-12 17:10:00,48,32,26,44,41,33,224
2024-03-12 17:20:00,55,25,41,53,52,35,261
2024-03-12 17:30:00,59,33,30,34,30,28,214
2024-03-12 17:40:00,56,33,29,32,35,21,206
2024-03-12 17:50:00,51,26,29,45,43,31,225
2024-03-12 18:00:00,65,22,25,57,55,32,256
2024-03-12 18:10:00,69,27,16,37,35,20,204
2024-03-12 18:20:00,47,24,13,35,31,18,168
2024-03-12 18:30:00,41,23,10,32,39,31,176
2024-03-12 18:40:00,52,29,28,51,51,26,237
2024-03-12 18:50:00,23,21,13,36,36,29,158
2024-03-12 19:00:00,40,23,14,35,34,30,176
2024-03-12 19:10:00,40,21,10,26,22,16,135
2024-03-12 19:20:00,33,30,26,44,46,28,207
2024-03-12 19:30:00,27,18,31,25,29,19,149
2024-03-12 19:40:00,39,25,11,20,19,16,130
2024-03-12 19:50:00,33,22,6,28,29,19,137
2024-03-12 20:00:00,28,22,9,23,26,17,125
2024-03-12 20:10:00,21,16,11,23,23,27,121
2024-03-12 20:20:00,22,17,4,17,17,15,92
2024-03-12 20:30:00,23,13,8,20,19,15,98
2024-03-12 20:40:00,23,18,7,20,19,19,106
2024-03-12 20:50:00,18,9,14,23,21,16,101
2024-03-12 21:00:00,21,14,11,23,17,17,103
2024-03-12 21:10:00,18,14,3,16,16,15,82
2024-03-12 21:20:00,19,17,11,21,20,15,103
2024-03-12 21:30:00,25,17,9,18,17,15,101
2024-03-12 21:40:00,30,23,17,28,25,15,138
2024-03-12 21:50:00,15,17,6,12,15,14,79
2024-03-12 22:00:00,17,16,7,16,16,11,83
2024-03-12 22:10:00,24,19,3,16,15,20,97
2024-03-12 22:20:00,18,17,3,14,13,14,79
2024-03-12 22:30:00,16,16,4,14,11,17,78
2024-03-12 22:40:00,15,13,1,14,12,15,70
2024-03-12 22:50:00,10,8,0,6,6,8,38
2024-03-12 23:00:00,12,10,2,8,7,7,46
2024-03-12 23:10:00,6,7,2,7,8,4,34
2024-03-12 23:20:00,2,2,0,3,4,3,14
2024-03-12 23:30:00,7,7,2,5,4,5,30
2024-03-12 23:40:00,2,2,5,5,5,5,24
2024-03-12 23:50:00,9,7,3,5,4,5,33
2024-03-13 00:00:00,6,6,5,6,4,3,30
2024-03-13 00:10:00,2,3,16,4,3,3,31
2024-03-13 00:20:00,4,5,1,7,5,5,27
2024-03-13 00:30:00,0,0,11,4,3,3,21
2024-03-13 00:40:00,3,3,5,0,0,0,11
2024-03-13 00:50:00,2,1,8,4,3,3,21
2024-03-13 01:00:00,4,3,9,6,4,3,29
2024-03-13 01:10:00,3,3,14,4,3,3,30
2024-03-13 01:20:00,3,5,22,1,2,1,34
2024-03-13 01:30:00,1,1,36,3,3,3,47
2024-03-13 01:40:00,2,1,6,2,3,3,17
2024-03-13 01:50:00,0,0,14,2,1,1,18
2024-03-13 02:00:00,1,1,41,1,1,1,46
2024-03-13 02:10:00,1,2,23,2,1,1,30
2024-03-13 02:20:00,1,1,95,2,1,1,101
2024-03-13 02:30:00,1,1,109,2,1,2,116
2024-03-13 02:40:00,1,1,41,1,1,1,46
2024-03-13 02:50:00,0,0,47,3,2,3,55
2024-03-13 03:00:00,0,0,29,0,0,0,29
2024-03-13 03:10:00,2,2,20,1,2,1,28
2024-03-13 03:20:00,1,1,20,2,2,2,28
2024-03-13 03:30:00,0,0,24,1,1,1,27
2024-03-13 03:40:00,3,3,7,2,2,2,19
2024-03-13 03:50:00,2,1,5,1,1,1,11
2024-03-13 04:00:00,1,1,0,2,2,2,8
2024-03-13 04:10:00,3,1,0,2,2,2,10
2024-03-13 04:20:00,4,4,0,5,3,3,19
2024-03-13 04:30:00,6,6,1,4,3,3,23
2024-03-13 04:40:00,3,2,1,4,5,6,21
2024-03-13 04:50:00,9,3,6,6,5,8,37
2024-03-13 05:00:00,4,4,5,4,4,4,25
2024-03-13 05:10:00,3,1,3,7,6,7,27
2024-03-13 05:20:00,5,6,2,7,7,5,32
2024-03-13 05:30:00,7,5,3,11,11,9,46
2024-03-13 05:40:00,10,9,11,26,25,12,93
2024-03-13 05:50:00,12,9,7,19,20,14,81
2024-03-13 06:00:00,11,8,3,15,14,13,64
2024-03-13 06:10:00,21,14,5,22,22,15,99
2024-03-13 06:20:00,19,12,11,37,35,16,130
2024-03-13 06:30:00,23,15,11,25,25,15,114
2024-03-13 06:40:00,19,13,11,36,35,21,135
2024-03-13 06:50:00,24,10,13,49,47,23,166
2024-03-13 07:00:00,26,17,19,39,40,22,163
2024-03-13 07:10:00,31,18,25,25,24,22,145
2024-03-13 07:20:00,41,25,43,48,47,20,224
2024-03-13 07:30:00,31,16,40,54,54,30,225
2024-03-13 07:40:00,31,27,37,62,62,32,251
2024-03-13 07:50:00,46,22,38,60,56,23,245
2024-03-13 08:00:00,39,23,40,67,67,33,269
2024-03-13 08:10:00,31,18,33,55,63,22,222
2024-03-13 08:20:00,23,16,22,50,43,22,176
2024-03-13 08:30:00,41,29,31,73,72,29,275
2024-03-13 08:40:00,43,20,26,67,67,23,246
2024-03-13 08:50:00,35,21,26,63,58,33,236
2024-03-13 09:00:00,43,22,22,50,50,25,212
2024-03-13 09:10:00,36,20,20,37,40,25,178
2024-03-13 09:20:00,48,30,31,45,43,31,228
2024-03-13 09:30:00,39,22,22,34,34,24,175
2024-03-13 09:40:00,29,22,19,37,38,20,165
2024-03-13 09:50:00,35,28,28,53,49,27,220
2024-03-13 10:00:00,31,21,28,41,41,28,190
2024-03-13 10:10:00,33,18,22,34,34,25,166
2024-03-13 10:20:00,43,27,37,47,45,28,227
2024-03-13 10:30:00,31,21,35,45,43,34,209
2024-03-13 10:40:00,27,20,28,35,34,20,164
2024-03-13 10:50:00,35,21,14,36,33,21,160
2024-03-13 11:00:00,39,24,15,35,37,25,175
2024-03-13 11:10:00,43,24,20,39,38,29,193
2024-03-13 11:20:00,33,25,13,32,30,20,153
2024-03-13 11:30:00,38,23,26,46,48,29,210
2024-03-13 11:40:00,46,28,24,38,37,19,192
2024-03-13 11:50:00,36,21,32,39,39,22,189
2024-03-13 12:00:00,47,26,24,41,40,24,202
2024-03-13 12:10:00,31,18,32,46,41,29,197
2024-03-13 12:20:00,43,22,44,42,46,34,231
2024-03-13 12:30:00,40,21,38,45,44,23,211
2024-03-13 12:40:00,47,26,35,46,42,19,215
2024-03-13 12:50:00,43,21,30,37,39,20,190
2024-03-13 13:00:00,36,21,25,35,37,26,180
2024-03-13 13:10:00,57,24,18,47,44,26,216
2024-03-13 13:20:00,46,26,23,36,33,23,187
2024-03-13 13:30:00,49,27,13,36,33,23,181
2024-03-13 13:40:00,33,20,11,33,36,23,156
2024-03-13 13:50:00,39,29,28,40,45,27,208
2024-03-13 14:00:00,50,24,32,48,50,22,226
2024-03-13 14:10:00,43,25,39,38,37,33,215
2024-03-13 14:20:00,39,29,33,44,46,21,212
2024-03-13 14:30:00,48,27,20,35,30,20,180
2024-03-13 14:40:00,34,21,26,44,45,22,192
2024-03-13 14:50:00,54,33,28,48,51,28,242
2024-03-13 15:00:00,57,30,33,40,39,27,226
2024-03-13 15:10:00,50,31,30,43,41,27,222
2024-03-13 15:20:00,61,25,31,49,46,29,241
2024-03-13 15:30:00,47,29,17,39,43,31,206
2024-03-13 15:40:00,60,29,24,45,42,24,224
2024-03-13 15:50:00,49,27,17,47,44,33,217
2024-03-13 16:00:00,59,24,34,43,40,30,230
2024-03-13 16:10:00,67,28,32,50,48,28,253
2024-03-13 16:20:00,60,34,29,54,54,33,264
2024-03-13 16:30:00,61,30,35,47,47,29,249
2024-03-13 16:40:00,64,33,48,46,45,19,255
2024-03-13 16:50:00,60,28,46,50,47,32,263
2024-03-13 17:00:00,57,25,42,38,41,27,230
2024-03-13 17:10:00,55,28,51,34,31,20,219
2024-03-13 17:20:00,61,34,27,31,31,26,210
2024-03-13 17:30:00,52,33,29,37,37,28,216
2024-03-13 17:40:00,51,29,17,40,43,33,213
2024-03-13 17:50:00,46,36,23,50,51,35,241
2024-03-13 18:00:00,62,37,15,34,37,23,208
2024-03-13 18:10:00,57,20,20,36,39,34,206
2024-03-13 18:20:00,47,28,22,42,42,23,204
2024-03-13 18:30:00,41,28,37,41,41,29,217
2024-03-13 18:40:00,54,28,29,33,37,34,215
2024-03-13 18:50:00,53,32,15,36,28,26,190
2024-03-13 19:00:00,30,17,16,25,24,26,138
2024-03-13 19:10:00,40,22,35,36,35,21,189
2024-03-13 19:20:00,34,19,26,23,21,19,142
2024-03-13 19:30:00,31,19,23,32,32,31,168
2024-03-13 19:40:00,37,17,7,24,23,24,132
2024-03-13 19:50:00,44,25,20,34,35,21,179
2024-03-13 20:00:00,18,14,9,19,19,10,89
2024-03-13 20:10:00,24,17,5,23,24,20,113
2024-03-13 20:20:00,18,13,8,22,21,24,106
2024-03-13 20:30:00,26,13,13,19,18,16,105
2024-03-13 20:40:00,34,22,6,19,19,17,117
2024-03-13 20:50:00,12,9,6,10,11,14,62
2024-03-13 21:00:00,20,15,14,26,25,18,118
2024-03-13 21:10:00,34,16,14,24,23,25,136
2024-03-13 21:20:00,31,20,13,17,19,14,114
2024-03-13 21:30:00,18,13,12,30,24,24,121
2024-03-13 21:40:00,14,11,12,19,20,10,86
2024-03-13 21:50:00,25,19,7,14,19,13,97
2024-03-13 22:00:00,17,16,6,17,16,21,93
2024-03-13 22:10:00,23,21,6,16,14,17,97
2024-03-13 22:20:00,19,16,5,15,14,17,86
2024-03-13 22:30:00,12,9,8,19,19,16,83
2024-03-13 22:40:00,8,8,6,11,10,11,54
2024-03-13 22:50:00,13,13,14,10,10,11,71
2024-03-13 23:00:00,11,8,3,15,14,16,67
2024-03-13 23:10:00,10,7,0,9,7,9,42
2024-03-13 23:20:00,11,12,4,9,7,9,52
2024-03-13 23:30:00,7,6,7,6,6,7,39
2024-03-13 23:40:00,3,3,1,5,5,5,22
2024-03-13 23:50:00,8,8,1,3,2,2,24
2024-03-14 00:00:00,6,4,3,10,13,9,45
2024-03-14 00:10:00,5,4,0,3,3,2,17
2024-03-14 00:20:00,4,3,0,4,5,5,21
2024-03-14 00:30:00,2,2,3,2,2,4,15
2024-03-14 00:40:00,4,4,5,11,11,12,47
2024-03-14 00:50:00,2,6,0,0,0,0,8
2024-03-14 01:00:00,2,2,0,2,1,1,8
2024-03-14 01:10:00,1,1,0,2,1,1,6
2024-03-14 01:20:00,2,1,2,2,2,3,12
2024-03-14 01:30:00,0,0,0,2,2,3,7
2024-03-14 01:40:00,1,1,0,2,2,2,8
2024-03-14 01:50:00,0,0,0,2,2,2,6
2024-03-14 02:00:00,3,4,0,2,0,0,9
2024-03-14 02:10:00,1,1,0,0,0,0,2
2024-03-14 02:20:00,3,3,2,0,0,0,8
2024-03-14 02:30:00,1,1,1,1,1,0,5
2024-03-14 02:40:00,2,2,1,1,1,1,8
2024-03-14 02:50:00,2,2,3,3,2,3,15
2024-03-14 03:00:00,2,2,0,0,0,0,4
2024-03-14 03:10:00,2,1,1,2,2,2,10
2024-03-14 03:20:00,1,1,1,1,0,0,4
2024-03-14 03:30:00,0,0,0,0,0,0,0
2024-03-14 03:40:00,1,1,1,1,0,2,6
2024-03-14 03:50:00,0,0,3,1,1,1,6
2024-03-14 04:00:00,0,0,0,1,1,1,3
2024-03-14 04:10:00,4,4,1,2,2,4,17
2024-03-14 04:20:00,3,3,1,3,3,4,17
2024-03-14 04:30:00,2,3,0,4,3,3,15
2024-03-14 04:40:00,1,0,1,2,2,2,8
2024-03-14 04:50:00,7,4,3,5,6,4,29
2024-03-14 05:00:00,0,0,0,3,3,3,9
2024-03-14 05:10:00,5,1,3,5,4,4,22
2024-03-14 05:20:00,4,5,4,8,8,8,37
2024-03-14 05:30:00,7,6,5,19,17,20,74
2024-03-14 05:40:00,10,9,10,15,15,10,69
2024-03-14 05:50:00,7,5,11,23,23,17,86
2024-03-14 06:00:00,8,5,7,17,16,15,68
2024-03-14 06:10:00,15,11,15,26,22,14,103
2024-03-14 06:20:00,21,13,17,27,28,21,127
2024-03-14 06:30:00,14,11,22,34,36,26,143
2024-03-14 06:40:00,24,15,9,33,31,21,133
2024-03-14 06:50:00,24,21,12,39,37,23,156
2024-03-14 07:00:00,30,24,9,21,22,20,126
2024-03-14 07:10:00,21,14,18,39,37,18,147
2024-03-14 07:20:00,30,21,12,38,35,22,158
2024-03-14 07:30:00,54,30,37,68,69,31,289
2024-03-14 07:40:00,48,26,31,55,58,28,246
2024-03-14 07:50:00,42,23,46,70,66,25,272
2024-03-14 08:00:00,39,23,58,66,68,25,279
2024-03-14 08:10:00,37,18,40,55,56,24,230
2024-03-14 08:20:00,40,19,40,51,51,26,227
2024-03-14 08:30:00,35,20,20,47,48,23,193
2024-03-14 08:40:00,33,22,24,39,37,29,184
2024-03-14 08:50:00,33,21,33,50,51,24,212
2024-03-14 09:00:00,44,20,33,55,55,22,229
2024-03-14 09:10:00,35,27,19,42,41,26,190
2024-03-14 09:20:00,36,26,14,34,33,28,171
2024-03-14 09:30:00,46,34,27,38,42,26,213
2024-03-14 09:40:00,37,23,19,45,41,22,187
2024-03-14 09:50:00,36,31,37,45,44,26,219
2024-03-14 10:00:00,42,31,24,50,48,30,225
2024-03-14 10:10:00,38,23,36,30,27,19,173
2024-03-14 10:20:00,36,27,39,37,39,26,204
2024-03-14 10:30:00,34,26,22,32,29,21,164
2024-03-14 10:40:00,45,23,28,39,38,24,197
2024-03-14 10:50:00,33,23,37,34,33,21,181
2024-03-14 11:00:00,47,25,23,31,30,23,179
2024-03-14 11:10:00,35,18,14,47,43,27,184
2024-03-14 11:20:00,44,25,15,38,38,27,187
2024-03-14 11:30:00,51,24,16,32,30,26,179
2024-03-14 11:40:00,44,20,15,42,42,28,191
2024-03-14 11:50:00,37,28,34,32,31,26,188
2024-03-14 12:00:00,39,17,56,41,42,30,225
2024-03-14 12:10:00,33,26,40,35,27,23,184
2024-03-14 12:20:00,35,25,55,38,18,30,201
2024-03-14 12:30:00,38,25,37,37,36,21,194
2024-03-14 12:40:00,37,26,85,36,37,24,245
2024-03-14 12:50:00,38,27,99,37,36,27,264
2024-03-14 13:00:00,40,31,44,42,39,25,221
2024-03-14 13:10:00,44,29,12,35,34,21,175
2024-03-14 13:20:00,32,26,16,37,40,29,180
2024-03-14 13:30:00,48,30,14,36,35,28,191
2024-03-14 13:40:00,38,22,276,43,37,20,436
2024-03-14 13:50:00,31,18,2039,48,49,25,2210
2024-03-14 14:00:00,39,27,329,33,31,25,484
2024-03-14 14:10:00,29,21,92,44,42,27,255
2024-03-14 14:20:00,33,22,95,31,30,19,230
2024-03-14 14:30:00,49,26,248,42,43,27,435
2024-03-14 14:40:00,58,28,95,32,32,28,273
2024-03-14 14:50:00,51,33,203,42,43,24,396
2024-03-14 15:00:00,53,29,470,49,53,25,679
2024-03-14 15:10:00,53,25,378,44,39,24,563
2024-03-14 15:20:00,68,35,20,35,33,25,216
2024-03-14 15:30:00,53,30,32,45,46,28,234
2024-03-14 15:40:00,58,34,30,53,52,37,264
2024-03-14 15:50:00,60,27,160,41,39,28,355
2024-03-14 16:00:00,53,31,574,43,44,26,771
2024-03-14 16:10:00,49,31,613,29,27,18,767
2024-03-14 16:20:00,46,38,360,48,41,33,566
2024-03-14 16:30:00,58,30,746,30,28,22,914
2024-03-14 16:40:00,48,37,393,49,50,32,609
2024-03-14 16:50:00,41,35,75,46,45,32,274
2024-03-14 17:00:00,63,39,658,34,39,27,860
2024-03-14 17:10:00,37,28,221,47,46,37,416
2024-03-14 17:20:00,65,37,61,51,50,23,287
2024-03-14 17:30:00,56,32,26,44,46,32,236
2024-03-14 17:40:00,52,36,31,51,51,32,253
2024-03-14 17:50:00,52,31,25,43,42,24,217
2024-03-14 18:00:00,38,26,25,45,48,32,214
2024-03-14 18:10:00,51,31,18,42,39,27,208
2024-03-14 18:20:00,56,23,28,45,39,28,219
2024-03-14 18:30:00,42,24,20,36,41,28,191
2024-03-14 18:40:00,39,20,29,37,36,20,181
2024-03-14 18:50:00,43,25,121,55,53,36,333
2024-03-14 19:00:00,42,24,47,23,22,22,180
2024-03-14 19:10:00,36,29,53,28,27,19,192
2024-03-14 19:20:00,26,22,57,23,20,20,168
2024-03-14 19:30:00,37,22,21,32,33,23,168
2024-03-14 19:40:00,49,32,19,26,26,29,181
2024-03-14 19:50:00,32,25,32,27,25,29,170
2024-03-14 20:00:00,30,23,20,28,26,18,145
2024-03-14 20:10:00,23,18,2,16,14,14,87
2024-03-14 20:20:00,31,22,10,20,22,17,122
2024-03-14 20:30:00,25,24,7,33,29,23,141
2024-03-14 20:40:00,20,10,10,21,19,19,99
2024-03-14 20:50:00,25,21,7,10,11,12,86
2024-03-14 21:00:00,22,20,16,16,17,15,106
2024-03-14 21:10:00,29,18,7,22,18,19,113
2024-03-14 21:20:00,22,15,10,19,20,16,102
2024-03-14 21:30:00,35,14,6,12,10,11,88
2024-03-14 21:40:00,21,20,6,13,14,16,90
2024-03-14 21:50:00,18,17,13,22,16,17,103
2024-03-14 22:00:00,18,14,10,17,15,12,86
2024-03-14 22:10:00,24,17,6,14,13,14,88
2024-03-14 22:20:00,13,10,5,16,18,15,77
2024-03-14 22:30:00,13,11,6,15,14,14,73
2024-03-14 22:40:00,13,12,4,8,9,6,52
2024-03-14 22:50:00,13,10,1,8,8,8,48
2024-03-14 23:00:00,9,8,2,8,7,9,43
2024-03-14 23:10:00,18,15,4,12,12,9,70
2024-03-14 23:20:00,9,9,2,12,10,9,51
2024-03-14 23:30:00,8,5,2,8,7,3,33
2024-03-14 23:40:00,6,7,2,13,10,9,47
2024-03-14 23:50:00,6,4,2,9,8,9,38
2024-03-15 00:00:00,6,3,1,5,5,9,29
2024-03-15 00:10:00,8,9,0,6,5,4,32
2024-03-15 00:20:00,7,6,1,2,6,2,24
2024-03-15 00:30:00,3,3,5,7,7,5,30
2024-03-15 00:40:00,4,4,2,5,5,5,25
2024-03-15 00:50:00,2,2,3,2,2,2,13
2024-03-15 01:00:00,2,1,0,4,3,2,12
2024-03-15 01:10:00,3,3,1,2,2,3,14
2024-03-15 01:20:00,2,2,0,3,2,2,11
2024-03-15 01:30:00,2,1,0,1,1,1,6
2024-03-15 01:40:00,3,3,3,4,4,4,21
2024-03-15 01:50:00,2,2,0,3,2,2,11
2024-03-15 02:00:00,2,2,0,2,2,2,10
2024-03-15 02:10:00,2,2,1,2,2,3,12
2024-03-15 02:20:00,2,2,0,0,0,0,4
2024-03-15 02:30:00,2,3,2,4,4,3,18
2024-03-15 02:40:00,5,5,1,3,3,3,20
2024-03-15 02:50:00,2,2,1,0,1,0,6
2024-03-15 03:00:00,0,0,0,2,1,2,5
2024-03-15 03:10:00,2,2,2,5,4,5,20
2024-03-15 03:20:00,3,3,1,1,1,2,11
2024-03-15 03:30:00,0,0,0,0,0,0,0
2024-03-15 03:40:00,1,2,0,1,0,0,4
2024-03-15 03:50:00,3,3,1,5,3,4,19
2024-03-15 04:00:00,0,0,0,3,3,4,10
2024-03-15 04:10:00,4,4,1,3,3,4,19
2024-03-15 04:20:00,2,2,0,2,1,1,8
2024-03-15 04:30:00,5,4,0,4,4,4,21
2024-03-15 04:40:00,3,3,1,4,2,2,15
2024-03-15 04:50:00,1,0,2,3,3,3,12
2024-03-15 05:00:00,3,4,0,4,4,3,18
2024-03-15 05:10:00,3,1,3,7,7,7,28
2024-03-15 05:20:00,0,0,1,8,8,8,25
2024-03-15 05:30:00,6,5,5,19,19,12,66
2024-03-15 05:40:00,12,9,10,18,13,9,71
2024-03-15 05:50:00,14,8,26,26,26,20,120
2024-03-15 06:00:00,12,11,7,18,18,15,81
2024-03-15 06:10:00,15,12,10,18,17,19,91
2024-03-15 06:20:00,18,11,4,24,23,15,95
2024-03-15 06:30:00,14,14,19,27,27,17,118
2024-03-15 06:40:00,26,22,12,32,34,19,145
2024-03-15 06:50:00,21,15,15,35,33,15,134
2024-03-15 07:00:00,19,13,14,38,37,26,147
2024-03-15 07:10:00,36,23,12,34,30,24,159
2024-03-15 07:20:00,36,22,18,32,33,19,160
2024-03-15 07:30:00,40,21,18,44,47,24,194
2024-03-15 07:40:00,31,22,23,49,40,30,195
2024-03-15 07:50:00,48,16,26,52,53,35,230
2024-03-15 08:00:00,38,7,47,57,61,26,236
2024-03-15 08:10:00,45,13,41,44,47,22,212
2024-03-15 08:20:00,40,30,28,51,45,23,217
2024-03-15 08:30:00,30,19,31,39,37,26,182
2024-03-15 08:40:00,43,22,26,44,38,30,203
2024-03-15 08:50:00,40,22,34,49,48,32,225
2024-03-15 09:00:00,41,28,27,47,45,25,213
2024-03-15 09:10:00,28,18,15,30,32,19,142
2024-03-15 09:20:00,35,23,9,36,38,30,171
2024-03-15 09:30:00,30,21,12,41,40,23,167
2024-03-15 09:40:00,39,24,20,43,44,20,190
2024-03-15 09:50:00,43,28,28,42,42,23,206
2024-03-15 10:00:00,28,20,46,54,46,22,216
2024-03-15 10:10:00,31,24,30,42,39,26,192
2024-03-15 10:20:00,30,20,22,40,43,28,183
2024-03-15 10:30:00,32,22,19,30,30,24,157
2024-03-15 10:40:00,40,24,28,41,38,30,201
2024-03-15 10:50:00,47,21,23,30,33,22,176
2024-03-15 11:00:00,49,19,29,50,49,27,223
2024-03-15 11:10:00,36,23,24,44,39,25,191
2024-03-15 11:20:00,31,17,14,41,38,29,170
2024-03-15 11:30:00,47,23,22,43,41,29,205
2024-03-15 11:40:00,34,25,13,38,35,20,165
2024-03-15 11:50:00,37,24,18,36,37,30,182
2024-03-15 12:00:00,35,27,16,37,39,20,174
2024-03-15 12:10:00,36,26,40,62,58,30,252
2024-03-15 12:20:00,44,20,28,51,50,30,223
2024-03-15 12:30:00,52,19,33,52,49,18,223
2024-03-15 12:40:00,50,25,26,47,54,30,232
2024-03-15 12:50:00,45,27,25,51,48,30,226
2024-03-15 13:00:00,48,23,26,45,43,19,204
2024-03-15 13:10:00,56,25,23,42,38,25,209
2024-03-15 13:20:00,44,30,63,50,48,24,259
2024-03-15 13:30:00,40,26,29,46,46,27,214
2024-03-15 13:40:00,46,28,24,39,43,29,209
2024-03-15 13:50:00,44,24,13,46,43,32,202
2024-03-15 14:00:00,43,24,15,43,40,25,190
2024-03-15 14:10:00,39,26,17,38,40,30,190
2024-03-15 14:20:00,42,35,34,42,41,20,214
2024-03-15 14:30:00,47,19,32,51,50,23,222
2024-03-15 14:40:00,51,26,30,43,40,29,219
2024-03-15 14:50:00,44,23,30,35,32,22,186
2024-03-15 15:00:00,44,28,23,43,44,36,218
2024-03-15 15:10:00,54,28,30,50,53,28,243
2024-03-15 15:20:00,50,32,33,56,52,27,250
2024-03-15 15:30:00,48,24,27,56,55,31,241
2024-03-15 15:40:00,72,39,25,38,38,20,232
2024-03-15 15:50:00,58,26,25,44,44,32,229
2024-03-15 16:00:00,36,19,20,33,32,24,164
2024-03-15 16:10:00,52,24,15,50,47,35,223
2024-03-15 16:20:00,48,21,35,44,42,28,218
2024-03-15 16:30:00,55,29,30,42,41,31,228
2024-03-15 16:40:00,47,28,38,45,42,26,226
2024-03-15 16:50:00,61,21,47,49,49,32,259
2024-03-15 17:00:00,45,26,35,38,40,26,210
2024-03-15 17:10:00,49,31,47,52,48,28,255
2024-03-15 17:20:00,48,27,47,46,41,33,242
2024-03-15 17:30:00,43,26,38,35,40,25,207
2024-03-15 17:40:00,50,27,19,49,43,34,222
2024-03-15 17:50:00,55,27,22,52,53,32,241
2024-03-15 18:00:00,56,36,18,43,39,27,219
2024-03-15 18:10:00,44,24,18,52,51,39,228
2024-03-15 18:20:00,40,28,27,52,52,36,235
2024-03-15 18:30:00,49,22,32,40,43,28,214
2024-03-15 18:40:00,36,20,38,37,35,21,187
2024-03-15 18:50:00,46,32,37,36,38,24,213
2024-03-15 19:00:00,36,21,25,34,34,26,176
2024-03-15 19:10:00,37,22,29,32,31,28,179
2024-03-15 19:20:00,42,27,27,40,39,28,203
2024-03-15 19:30:00,32,16,22,29,32,22,153
2024-03-15 19:40:00,35,17,17,31,31,22,153
2024-03-15 19:50:00,29,14,16,29,26,23,137
2024-03-15 20:00:00,36,22,7,27,26,19,137
2024-03-15 20:10:00,27,22,4,21,21,19,114
2024-03-15 20:20:00,25,15,5,26,25,23,119
2024-03-15 20:30:00,29,20,10,28,23,16,126
2024-03-15 20:40:00,28,15,26,34,33,17,153
2024-03-15 20:50:00,16,15,13,26,26,16,112
2024-03-15 21:00:00,29,19,10,25,21,16,120
2024-03-15 21:10:00,27,20,18,15,15,12,107
2024-03-15 21:20:00,30,16,8,16,15,9,94
2024-03-15 21:30:00,21,18,9,14,15,13,90
2024-03-15 21:40:00,27,17,9,22,20,19,114
2024-03-15 21:50:00,15,11,6,17,16,13,78
2024-03-15 22:00:00,24,14,9,26,28,18,119
2024-03-15 22:10:00,20,13,2,18,17,14,84
2024-03-15 22:20:00,27,23,4,15,14,11,94
2024-03-15 22:30:00,19,15,4,26,20,19,103
2024-03-15 22:40:00,28,20,5,16,15,15,99
2024-03-15 22:50:00,24,16,4,21,14,15,94
2024-03-15 23:00:00,17,14,4,15,14,17,81
2024-03-15 23:10:00,17,13,4,17,22,12,85
2024-03-15 23:20:00,11,8,6,19,18,16,78
2024-03-15 23:30:00,12,11,5,14,11,11,64
2024-03-15 23:40:00,15,14,3,12,11,12,67
2024-03-15 23:50:00,6,5,6,12,12,12,53
2024-03-16 00:00:00,8,8,3,6,8,8,41
2024-03-16 00:10:00,14,12,5,11,9,10,61
2024-03-16 00:20:00,14,13,5,15,14,9,70
2024-03-16 00:30:00,11,8,4,11,12,12,58
2024-03-16 00:40:00,9,9,11,8,8,10,55
2024-03-16 00:50:00,6,3,1,3,3,3,19
2024-03-16 01:00:00,15,13,0,5,4,4,41
2024-03-16 01:10:00,6,4,4,6,7,7,34
2024-03-16 01:20:00,4,3,3,9,9,9,37
2024-03-16 01:30:00,4,3,5,7,5,6,30
2024-03-16 01:40:00,2,2,4,4,5,8,25
2024-03-16 01:50:00,8,7,0,3,1,1,20
2024-03-16 02:00:00,1,1,2,3,3,3,13
2024-03-16 02:10:00,6,5,2,5,4,4,26
2024-03-16 02:20:00,5,5,5,4,4,7,30
2024-03-16 02:30:00,3,3,2,3,3,3,17
2024-03-16 02:40:00,4,4,0,4,4,4,20
2024-03-16 02:50:00,4,3,3,4,3,4,21
2024-03-16 03:00:00,2,1,0,3,1,2,9
2024-03-16 03:10:00,6,5,2,5,0,0,18
2024-03-16 03:20:00,1,1,0,2,2,2,8
2024-03-16 03:30:00,2,2,2,1,1,1,9
2024-03-16 03:40:00,6,4,0,1,1,1,13
2024-03-16 03:50:00,1,4,2,4,3,1,15
2024-03-16 04:00:00,4,1,0,4,4,4,17
2024-03-16 04:10:00,7,9,0,1,1,0,18
2024-03-16 04:20:00,2,1,0,2,2,2,9
2024-03-16 04:30:00,4,4,0,2,1,1,12
2024-03-16 04:40:00,1,1,0,1,2,1,6
2024-03-16 04:50:00,3,3,0,3,2,3,14
2024-03-16 05:00:00,2,0,6,6,6,5,25
2024-03-16 05:10:00,6,5,4,5,3,3,26
2024-03-16 05:20:00,7,8,1,3,3,2,24
2024-03-16 05:30:00,6,5,2,1,1,1,16
2024-03-16 05:40:00,7,5,2,6,5,5,30
2024-03-16 05:50:00,2,2,0,3,2,3,12
2024-03-16 06:00:00,4,3,1,5,6,3,22
2024-03-16 06:10:00,8,4,8,9,9,8,46
2024-03-16 06:20:00,10,5,6,13,13,10,57
2024-03-16 06:30:00,8,7,3,7,7,7,39
2024-03-16 06:40:00,7,7,5,11,10,10,50
2024-03-16 06:50:00,8,7,2,9,7,6,39
2024-03-16 07:00:00,6,6,6,11,10,9,48
2024-03-16 07:10:00,0,2,0,5,6,6,19
2024-03-16 07:20:00,5,5,7,13,13,10,53
2024-03-16 07:30:00,9,8,9,11,9,9,55
2024-03-16 07:40:00,4,4,8,23,22,15,76
2024-03-16 07:50:00,14,11,9,14,14,13,75
2024-03-16 08:00:00,13,7,6,13,14,9,62
2024-03-16 08:10:00,12,9,9,18,16,12,76
2024-03-16 08:20:00,13,10,8,18,16,13,78
2024-03-16 08:30:00,11,10,7,16,16,11,71
2024-03-16 08:40:00,14,12,3,16,19,15,79
2024-03-16 08:50:00,21,18,9,22,22,17,109
2024-03-16 09:00:00,17,12,13,28,25,26,121
2024-03-16 09:10:00,20,17,9,26,26,19,117
2024-03-16 09:20:00,14,13,6,25,29,23,110
2024-03-16 09:30:00,33,30,12,36,32,24,167
2024-03-16 09:40:00,28,17,19,41,41,35,181
2024-03-16 09:50:00,39,23,15,33,31,22,163
2024-03-16 10:00:00,24,17,18,38,37,20,154
2024-03-16 10:10:00,31,23,18,31,27,27,157
2024-03-16 10:20:00,34,25,27,39,37,26,188
2024-03-16 10:30:00,25,22,13,30,32,23,145
2024-03-16 10:40:00,32,20,14,36,30,26,158
2024-03-16 10:50:00,38,22,17,30,30,27,164
2024-03-16 11:00:00,41,30,10,35,34,23,173
2024-03-16 11:10:00,32,21,16,38,34,25,166
2024-03-16 11:20:00,34,21,10,45,46,24,180
2024-03-16 11:30:00,30,23,22,44,42,25,186
2024-03-16 11:40:00,38,28,20,38,39,33,196
2024-03-16 11:50:00,44,25,32,43,41,30,215
2024-03-16 12:00:00,29,22,30,39,40,27,187
2024-03-16 12:10:00,48,22,24,34,35,25,188
2024-03-16 12:20:00,45,30,23,43,42,31,214
2024-03-16 12:30:00,44,24,23,47,43,24,205
2024-03-16 12:40:00,50,25,26,47,46,26,220
2024-03-16 12:50:00,49,33,18,36,32,26,194
2024-03-16 13:00:00,44,26,14,48,48,30,210
2024-03-16 13:10:00,49,28,16,35,36,28,192
2024-03-16 13:20:00,56,27,19,44,46,22,214
2024-03-16 13:30:00,73,32,23,37,36,22,223
2024-03-16 13:40:00,45,27,31,35,36,30,204
2024-03-16 13:50:00,45,30,17,35,32,24,183
2024-03-16 14:00:00,38,31,27,47,45,32,220
2024-03-16 14:10:00,47,31,24,31,34,22,189
2024-03-16 14:20:00,47,31,30,51,52,39,250
2024-03-16 14:30:00,42,25,20,34,32,21,174
2024-03-16 14:40:00,49,29,26,42,44,23,213
2024-03-16 14:50:00,36,27,12,30,32,21,158
2024-03-16 15:00:00,36,26,17,38,40,27,184
2024-03-16 15:10:00,34,21,7,32,32,23,149
2024-03-16 15:20:00,42,31,13,34,32,21,173
2024-03-16 15:30:00,34,24,11,36,39,27,171
2024-03-16 15:40:00,42,32,21,37,35,21,188
2024-03-16 15:50:00,33,22,15,39,33,25,167
2024-03-16 16:00:00,30,20,13,20,18,18,119
2024-03-16 16:10:00,40,24,17,29,30,20,160
2024-03-16 16:20:00,34,28,18,34,37,22,173
2024-03-16 16:30:00,30,21,16,20,17,18,122
2024-03-16 16:40:00,23,19,25,32,33,27,159
2024-03-16 16:50:00,34,24,34,34,32,26,184
2024-03-16 17:00:00,31,23,25,35,33,24,171
2024-03-16 17:10:00,40,22,17,30,28,24,161
2024-03-16 17:20:00,41,20,18,38,39,27,183
2024-03-16 17:30:00,33,17,18,35,38,28,169
2024-03-16 17:40:00,34,24,37,48,45,36,224
2024-03-16 17:50:00,37,20,30,36,39,34,196
2024-03-16 18:00:00,40,22,47,52,45,30,236
2024-03-16 18:10:00,29,19,33,52,56,35,224
2024-03-16 18:20:00,40,21,27,42,41,31,202
2024-03-16 18:30:00,26,17,34,44,47,29,197
2024-03-16 18:40:00,31,20,23,32,30,23,159
2024-03-16 18:50:00,39,25,33,58,60,35,250
2024-03-16 19:00:00,37,24,10,17,17,15,120
2024-03-16 19:10:00,28,18,16,26,29,28,145
2024-03-16 19:20:00,33,24,24,35,34,22,172
2024-03-16 19:30:00,30,17,12,21,23,21,124
2024-03-16 19:40:00,36,20,6,27,29,26,144
2024-03-16 19:50:00,29,14,16,31,29,24,143
2024-03-16 20:00:00,39,24,17,36,31,25,172
2024-03-16 20:10:00,30,20,7,20,20,20,117
2024-03-16 20:20:00,18,15,17,23,26,20,119
2024-03-16 20:30:00,21,18,15,22,21,25,122
2024-03-16 20:40:00,23,20,8,21,21,14,107
2024-03-16 20:50:00,19,16,12,21,20,20,108
2024-03-16 21:00:00,10,8,7,10,12,7,54
2024-03-16 21:10:00,14,12,6,21,21,19,93
2024-03-16 21:20:00,26,20,14,26,23,17,126
2024-03-16 21:30:00,22,16,4,12,17,13,84
2024-03-16 21:40:00,25,17,8,24,26,22,122
2024-03-16 21:50:00,24,15,4,15,16,15,89
2024-03-16 22:00:00,12,11,5,16,15,15,74
2024-03-16 22:10:00,19,13,3,14,12,12,73
2024-03-16 22:20:00,24,13,4,17,20,15,93
2024-03-16 22:30:00,23,15,9,21,19,16,103
2024-03-16 22:40:00,15,11,4,11,10,11,62
2024-03-16 22:50:00,12,9,10,22,19,20,92
2024-03-16 23:00:00,11,8,4,11,10,11,55
2024-03-16 23:10:00,16,15,9,15,16,15,86
2024-03-16 23:20:00,15,10,3,9,9,11,57
2024-03-16 23:30:00,14,12,3,10,8,9,56
2024-03-16 23:40:00,9,6,2,7,8,5,37
2024-03-16 23:50:00,12,11,4,12,11,12,62
2024-03-17 00:00:00,15,9,3,15,16,13,71
2024-03-17 00:10:00,15,12,3,12,8,6,56
2024-03-17 00:20:00,12,9,1,3,3,3,31
2024-03-17 00:30:00,7,5,0,7,8,5,32
2024-03-17 00:40:00,13,8,10,13,12,10,66
2024-03-17 00:50:00,8,9,8,11,14,8,58
2024-03-17 01:00:00,10,10,5,13,10,10,58
2024-03-17 01:10:00,9,9,7,9,8,12,54
2024-03-17 01:20:00,7,6,5,2,4,3,27
2024-03-17 01:30:00,5,4,9,9,9,9,45
2024-03-17 01:40:00,4,4,21,6,6,6,47
2024-03-17 01:50:00,7,7,12,11,10,8,55
2024-03-17 02:00:00,5,8,23,7,5,5,53
2024-03-17 02:10:00,3,3,21,6,6,7,46
2024-03-17 02:20:00,4,3,33,5,4,4,53
2024-03-17 02:30:00,1,1,7,6,5,6,26
2024-03-17 02:40:00,6,6,35,5,4,5,61
2024-03-17 02:50:00,3,3,21,6,7,8,48
2024-03-17 03:00:00,3,3,9,8,6,5,34
2024-03-17 03:10:00,4,4,6,4,3,4,25
2024-03-17 03:20:00,1,1,5,2,2,2,13
2024-03-17 03:30:00,3,3,7,0,0,0,13
2024-03-17 03:40:00,3,3,5,3,3,2,19
2024-03-17 03:50:00,2,2,21,5,2,3,35
2024-03-17 04:00:00,4,2,0,6,6,7,25
2024-03-17 04:10:00,2,2,1,1,1,1,8
2024-03-17 04:20:00,3,4,0,4,4,5,20
2024-03-17 04:30:00,5,4,0,2,1,2,14
2024-03-17 04:40:00,2,2,0,2,2,3,11
2024-03-17 04:50:00,1,1,2,1,1,2,8
2024-03-17 05:00:00,3,2,2,4,3,4,18
2024-03-17 05:10:00,7,7,3,4,2,2,25
2024-03-17 05:20:00,2,2,20,1,2,1,28
2024-03-17 05:30:00,9,7,13,5,5,7,46
2024-03-17 05:40:00,5,5,4,4,4,4,26
2024-03-17 05:50:00,2,2,4,1,1,1,11
2024-03-17 06:00:00,4,5,4,5,2,3,23
2024-03-17 06:10:00,2,2,8,4,3,4,23
2024-03-17 06:20:00,3,3,6,5,4,4,25
2024-03-17 06:30:00,3,3,7,4,4,4,25
2024-03-17 06:40:00,1,1,0,3,3,3,11
2024-03-17 06:50:00,1,1,0,1,1,1,5
2024-03-17 07:00:00,6,5,0,2,2,2,17
2024-03-17 07:10:00,5,3,1,7,6,5,27
2024-03-17 07:20:00,7,7,0,4,3,3,24
2024-03-17 07:30:00,6,6,0,4,4,4,24
2024-03-17 07:40:00,3,3,3,11,11,7,38
2024-03-17 07:50:00,6,9,7,15,13,11,61
2024-03-17 08:00:00,7,6,5,9,9,10,46
2024-03-17 08:10:00,8,9,4,8,8,8,45
2024-03-17 08:20:00,8,11,4,9,9,7,48
2024-03-17 08:30:00,6,5,10,11,12,8,52
2024-03-17 08:40:00,11,10,6,8,7,9,51
2024-03-17 08:50:00,15,14,10,13,13,12,77
2024-03-17 09:00:00,15,14,5,9,7,8,58
2024-03-17 09:10:00,8,8,9,16,16,10,67
2024-03-17 09:20:00,10,11,5,16,17,9,68
2024-03-17 09:30:00,16,13,3,16,14,13,75
2024-03-17 09:40:00,19,15,4,14,14,13,79
2024-03-17 09:50:00,19,21,9,17,19,10,95
2024-03-17 10:00:00,19,19,11,18,18,16,101
2024-03-17 10:10:00,16,13,13,17,16,15,90
2024-03-17 10:20:00,19,17,12,19,20,18,105
2024-03-17 10:30:00,23,17,7,14,11,12,84
2024-03-17 10:40:00,28,19,12,25,24,19,127
2024-03-17 10:50:00,22,19,9,17,16,14,97
2024-03-17 11:00:00,19,18,37,23,23,20,140
2024-03-17 11:10:00,28,21,7,21,19,19,115
2024-03-17 11:20:00,33,21,6,28,28,19,135
2024-03-17 11:30:00,15,14,10,27,29,22,117
2024-03-17 11:40:00,30,21,9,22,19,15,116
2024-03-17 11:50:00,35,24,9,31,32,21,152
2024-03-17 12:00:00,28,22,4,20,22,19,115
2024-03-17 12:10:00,25,19,10,31,35,21,141
2024-03-17 12:20:00,28,22,5,22,19,19,115
2024-03-17 12:30:00,38,23,9,27,29,23,149
2024-03-17 12:40:00,32,22,11,30,26,21,142
2024-03-17 12:50:00,25,19,14,34,30,21,143
2024-03-17 13:00:00,42,28,23,34,34,28,189
2024-03-17 13:10:00,35,24,20,29,28,23,159
2024-03-17 13:20:00,23,23,14,28,28,25,141
2024-03-17 13:30:00,42,22,46,30,29,23,192
2024-03-17 13:40:00,37,24,25,34,32,25,177
2024-03-17 13:50:00,1721,21,36,26,25,20,1849
2024-03-17 14:00:00,1949,14,26,21,22,17,2049
2024-03-17 14:10:00,2199,24,81,49,48,24,2425
2024-03-17 14:20:00,1461,23,27,37,36,27,1611
2024-03-17 14:30:00,966,34,9,32,33,27,1101
2024-03-17 14:40:00,483,28,12,36,32,21,612
2024-03-17 14:50:00,106,27,11,32,28,25,229
2024-03-17 15:00:00,47,28,10,34,31,22,172
2024-03-17 15:10:00,46,26,11,22,20,15,140
2024-03-17 15:20:00,267,18,31,29,27,22,394
2024-03-17 15:30:00,90,26,31,28,31,25,231
2024-03-17 15:40:00,138,21,50,37,34,29,309
2024-03-17 15:50:00,144,19,19,37,26,23,268
2024-03-17 16:00:00,101,12,21,29,32,23,218
2024-03-17 16:10:00,284,18,8,16,20,14,360
2024-03-17 16:20:00,144,27,25,34,27,26,283
2024-03-17 16:30:00,83,22,20,28,28,18,199
2024-03-17 16:40:00,72,20,10,31,32,28,193
2024-03-17 16:50:00,42,19,19,43,42,27,192
2024-03-17 17:00:00,45,18,10,40,37,27,177
2024-03-17 17:10:00,36,25,18,29,28,22,158
2024-03-17 17:20:00,38,21,19,28,25,21,152
2024-03-17 17:30:00,40,26,53,24,29,17,189
2024-03-17 17:40:00,43,21,23,46,41,35,209
2024-03-17 17:50:00,46,26,38,39,41,31,221
2024-03-17 18:00:00,30,25,30,29,26,26,166
2024-03-17 18:10:00,38,24,31,36,34,22,185
2024-03-17 18:20:00,26,17,23,25,25,16,132
2024-03-17 18:30:00,24,17,17,20,21,17,116
2024-03-17 18:40:00,36,24,2,18,15,12,107
2024-03-17 18:50:00,32,23,8,27,25,21,136
2024-03-17 19:00:00,26,15,9,24,24,18,116
2024-03-17 19:10:00,22,19,12,20,24,20,117
2024-03-17 19:20:00,24,19,3,28,27,28,129
2024-03-17 19:30:00,19,16,19,23,25,19,121
2024-03-17 19:40:00,23,16,12,26,26,19,122
2024-03-17 19:50:00,26,20,13,29,28,19,135
2024-03-17 20:00:00,17,16,10,27,26,23,119
2024-03-17 20:10:00,17,15,12,20,22,22,108
2024-03-17 20:20:00,20,15,6,20,19,15,95
2024-03-17 20:30:00,18,14,11,14,14,11,82
2024-03-17 20:40:00,17,12,16,20,21,19,105
2024-03-17 20:50:00,21,18,7,15,15,16,92
2024-03-17 21:00:00,30,23,14,25,22,22,136
2024-03-17 21:10:00,23,17,1,17,15,14,87
2024-03-17 21:20:00,18,14,1,19,19,18,89
2024-03-17 21:30:00,23,19,2,10,10,13,77
2024-03-17 21:40:00,17,15,2,13,14,13,74
2024-03-17 21:50:00,14,15,7,14,15,12,77
2024-03-17 22:00:00,13,11,6,12,13,9,64
2024-03-17 22:10:00,3,1,4,16,12,18,54
2024-03-17 22:20:00,9,11,4,8,8,9,49
2024-03-17 22:30:00,11,8,4,6,6,5,40
2024-03-17 22:40:00,10,11,0,4,5,7,37
2024-03-17 22:50:00,12,10,4,7,7,7,47
2024-03-17 23:00:00,8,10,2,5,7,5,37
2024-03-17 23:10:00,7,6,1,8,8,7,37
2024-03-17 23:20:00,5,4,1,7,6,3,26
2024-03-17 23:30:00,5,3,0,6,5,4,23
2024-03-17 23:40:00,4,5,3,10,11,5,38
2024-03-17 23:50:00,5,4,0,2,2,1,14
2024-03-18 00:00:00,4,4,1,2,1,1,13
2024-03-18 00:10:00,3,2,1,2,2,2,12
2024-03-18 00:20:00,4,4,1,4,3,2,18
2024-03-18 00:30:00,1,0,0,3,4,3,11
2024-03-18 00:40:00,3,1,1,7,7,6,25
2024-03-18 00:50:00,2,2,2,2,2,2,12
2024-03-18 01:00:00,2,2,1,1,1,1,8
2024-03-18 01:10:00,1,1,2,2,2,2,10
2024-03-18 01:20:00,1,1,2,4,4,3,15
2024-03-18 01:30:00,3,3,0,1,1,1,9
2024-03-18 01:40:00,2,0,7,3,3,3,18
2024-03-18 01:50:00,2,2,5,3,1,1,14
2024-03-18 02:00:00,1,0,6,2,2,2,13
2024-03-18 02:10:00,2,3,2,1,1,0,9
2024-03-18 02:20:00,0,0,1,3,3,3,10
2024-03-18 02:30:00,4,5,1,2,0,0,12
2024-03-18 02:40:00,2,1,4,2,2,2,13
2024-03-18 02:50:00,0,0,3,2,2,1,8
2024-03-18 03:00:00,2,2,2,1,1,0,8
2024-03-18 03:10:00,2,2,2,3,1,1,11
2024-03-18 03:20:00,1,1,8,1,1,1,13
2024-03-18 03:30:00,0,0,5,0,0,0,5
2024-03-18 03:40:00,1,1,11,0,0,0,13
2024-03-18 03:50:00,4,2,3,2,2,3,16
2024-03-18 04:00:00,2,1,0,2,2,2,9
2024-03-18 04:10:00,1,0,0,7,7,6,21
2024-03-18 04:20:00,3,3,0,2,1,1,10
2024-03-18 04:30:00,2,2,2,5,5,5,21
2024-03-18 04:40:00,2,1,1,4,4,5,17
2024-03-18 04:50:00,3,1,4,5,5,7,25
2024-03-18 05:00:00,3,1,4,7,6,7,28
2024-03-18 05:10:00,7,8,5,12,12,11,55
2024-03-18 05:20:00,6,4,3,13,12,15,53
2024-03-18 05:30:00,8,6,6,13,12,12,57
2024-03-18 05:40:00,13,8,15,26,28,26,116
2024-03-18 05:50:00,13,9,20,18,15,14,89
2024-03-18 06:00:00,14,10,15,16,15,12,82
2024-03-18 06:10:00,21,14,12,23,23,14,107
2024-03-18 06:20:00,13,16,6,21,21,21,98
2024-03-18 06:30:00,14,10,13,31,31,19,118
2024-03-18 06:40:00,22,19,10,36,33,22,142
2024-03-18 06:50:00,26,16,9,32,30,17,130
2024-03-18 07:00:00,32,17,18,37,39,25,168
2024-03-18 07:10:00,32,19,16,31,32,17,147
2024-03-18 07:20:00,30,18,22,37,40,23,170
2024-03-18 07:30:00,47,24,34,51,52,29,237
2024-03-18 07:40:00,65,17,28,52,51,26,239
2024-03-18 07:50:00,43,19,46,69,64,28,269
2024-03-18 08:00:00,39,23,44,57,61,21,245
2024-03-18 08:10:00,31,15,45,56,51,29,227
2024-03-18 08:20:00,39,2,28,49,47,26,191
2024-03-18 08:30:00,39,0,23,50,44,26,182
2024-03-18 08:40:00,39,24,36,62,59,30,250
2024-03-18 08:50:00,40,29,33,57,60,39,258
2024-03-18 09:00:00,40,28,23,51,52,34,228
2024-03-18 09:10:00,37,18,19,57,52,29,212
2024-03-18 09:20:00,37,18,20,54,53,28,210
2024-03-18 09:30:00,31,19,22,38,39,21,170
2024-03-18 09:40:00,30,25,22,49,51,29,206
2024-03-18 09:50:00,36,21,53,47,46,22,225
2024-03-18 10:00:00,23,6,22,53,52,31,187
2024-03-18 10:10:00,35,20,35,48,54,27,219
2024-03-18 10:20:00,25,20,24,41,41,25,176
2024-03-18 10:30:00,37,14,30,50,45,29,205
2024-03-18 10:40:00,43,27,16,37,36,23,182
2024-03-18 10:50:00,29,22,24,39,40,31,185
2024-03-18 11:00:00,37,19,34,46,42,27,205
2024-03-18 11:10:00,34,24,23,41,45,24,191
2024-03-18 11:20:00,40,24,32,41,38,27,202
2024-03-18 11:30:00,37,20,20,47,48,28,200
2024-03-18 11:40:00,38,23,20,32,32,20,165
2024-03-18 11:50:00,29,20,15,42,41,24,171
2024-03-18 12:00:00,45,24,13,49,49,30,210
2024-03-18 12:10:00,45,18,37,48,48,28,224
2024-03-18 12:20:00,46,22,36,50,54,27,235
2024-03-18 12:30:00,37,22,38,42,35,34,208
2024-03-18 12:40:00,54,23,32,33,35,26,203
2024-03-18 12:50:00,40,23,20,38,37,24,182
2024-03-18 13:00:00,50,29,31,48,41,30,229
2024-03-18 13:10:00,40,22,23,36,36,22,179
2024-03-18 13:20:00,39,37,24,34,35,28,197
2024-03-18 13:30:00,36,28,35,45,42,23,209
2024-03-18 13:40:00,33,20,25,45,47,27,197
2024-03-18 13:50:00,36,28,16,35,32,28,175
2024-03-18 14:00:00,33,24,17,34,31,25,164
2024-03-18 14:10:00,37,21,17,27,24,23,149
2024-03-18 14:20:00,34,23,22,48,51,31,209
2024-03-18 14:30:00,42,27,42,49,44,24,228
2024-03-18 14:40:00,39,24,23,35,38,26,185
2024-03-18 14:50:00,56,37,33,44,44,29,243
2024-03-18 15:00:00,50,27,47,42,46,29,241
2024-03-18 15:10:00,54,32,41,55,54,28,264
2024-03-18 15:20:00,50,27,38,52,46,27,240
2024-03-18 15:30:00,52,23,66,61,63,27,292
2024-03-18 15:40:00,56,23,45,44,41,27,236
2024-03-18 15:50:00,60,25,52,55,53,28,273
2024-03-18 16:00:00,63,26,29,47,46,26,237
2024-03-18 16:10:00,51,31,23,36,41,27,209
2024-03-18 16:20:00,56,37,27,57,50,34,261
2024-03-18 16:30:00,52,29,30,45,46,34,236
2024-03-18 16:40:00,55,29,40,47,43,31,245
2024-03-18 16:50:00,56,22,63,66,61,30,298
2024-03-18 17:00:00,43,27,45,45,44,31,235
2024-03-18 17:10:00,47,22,32,44,42,33,220
2024-03-18 17:20:00,64,35,40,48,49,32,268
2024-03-18 17:30:00,38,24,31,50,50,25,218
2024-03-18 17:40:00,41,24,53,42,41,27,228
2024-03-18 17:50:00,45,31,32,49,46,30,233
2024-03-18 18:00:00,54,30,16,48,49,35,232
2024-03-18 18:10:00,52,28,19,40,41,32,212
2024-03-18 18:20:00,37,27,22,32,33,21,172
2024-03-18 18:30:00,45,22,19,35,35,26,182
2024-03-18 18:40:00,32,21,29,33,31,23,169
2024-03-18 18:50:00,43,23,25,30,28,22,171
2024-03-18 19:00:00,34,20,17,28,28,23,150
2024-03-18 19:10:00,32,12,29,34,30,27,164
2024-03-18 19:20:00,50,33,34,31,31,24,203
2024-03-18 19:30:00,32,23,13,28,27,25,148
2024-03-18 19:40:00,30,23,19,23,23,24,142
2024-03-18 19:50:00,24,18,10,18,16,20,106
2024-03-18 20:00:00,42,27,22,25,22,15,153
2024-03-18 20:10:00,21,15,8,22,24,18,108
2024-03-18 20:20:00,23,13,7,13,14,12,82
2024-03-18 20:30:00,18,17,4,20,18,15,92
2024-03-18 20:40:00,18,21,5,17,17,18,96
2024-03-18 20:50:00,24,16,5,17,17,16,95
2024-03-18 21:00:00,24,16,8,18,17,14,97
2024-03-18 21:10:00,23,15,7,18,17,13,93
2024-03-18 21:20:00,18,12,5,11,11,10,67
2024-03-18 21:30:00,22,17,5,14,13,11,82
2024-03-18 21:40:00,17,16,10,15,14,12,84
2024-03-18 21:50:00,14,13,1,6,6,9,49
2024-03-18 22:00:00,11,13,9,5,6,7,51
2024-03-18 22:10:00,15,13,4,6,5,4,47
2024-03-18 22:20:00,19,17,6,17,17,15,91
2024-03-18 22:30:00,10,10,5,13,15,14,67
2024-03-18 22:40:00,10,9,1,11,9,11,51
2024-03-18 22:50:00,9,8,3,6,4,5,35
2024-03-18 23:00:00,7,8,1,10,10,6,42
2024-03-18 23:10:00,14,8,1,12,11,8,54
2024-03-18 23:20:00,6,3,2,7,7,7,32
2024-03-18 23:30:00,2,2,2,9,8,11,34
2024-03-18 23:40:00,6,5,1,1,2,1,16
2024-03-18 23:50:00,2,1,1,4,4,5,17
2024-03-19 00:00:00,7,6,2,4,3,4,26
2024-03-19 00:10:00,6,5,3,5,6,4,29
2024-03-19 00:20:00,4,3,1,7,9,8,32
2024-03-19 00:30:00,3,3,0,4,4,3,17
2024-03-19 00:40:00,1,1,1,2,2,4,11
2024-03-19 00:50:00,1,1,1,2,2,3,10
2024-03-19 01:00:00,1,1,0,0,0,0,2
2024-03-19 01:10:00,1,1,0,2,2,3,9
2024-03-19 01:20:00,4,5,0,3,0,0,12
2024-03-19 01:30:00,3,3,0,4,4,6,20
2024-03-19 01:40:00,0,0,0,2,2,2,6
2024-03-19 01:50:00,1,1,1,4,3,2,12
2024-03-19 02:00:00,1,1,1,1,1,3,8
2024-03-19 02:10:00,0,0,0,1,1,1,3
2024-03-19 02:20:00,3,4,1,2,2,1,13
2024-03-19 02:30:00,1,1,0,0,0,0,2
2024-03-19 02:40:00,2,2,6,1,1,2,14
2024-03-19 02:50:00,2,0,2,4,4,5,17
2024-03-19 03:00:00,2,2,2,2,1,2,11
2024-03-19 03:10:00,2,3,5,2,2,3,17
2024-03-19 03:20:00,0,0,0,0,0,0,0
2024-03-19 03:30:00,1,1,2,2,3,2,11
2024-03-19 03:40:00,5,5,3,3,4,3,23
2024-03-19 03:50:00,1,1,1,4,4,3,14
2024-03-19 04:00:00,2,2,0,0,0,0,4
2024-03-19 04:10:00,4,2,0,3,3,6,18
2024-03-19 04:20:00,1,3,0,1,1,1,7
2024-03-19 04:30:00,3,4,1,3,3,3,17
2024-03-19 04:40:00,2,1,3,8,7,10,31
2024-03-19 04:50:00,2,2,3,5,4,5,21
2024-03-19 05:00:00,1,0,5,8,8,7,29
2024-03-19 05:10:00,4,2,9,11,11,7,44
2024-03-19 05:20:00,7,7,3,5,5,6,33
2024-03-19 05:30:00,7,4,7,14,14,15,61
2024-03-19 05:40:00,14,14,16,18,21,20,103
2024-03-19 05:50:00,11,9,16,30,26,23,115
2024-03-19 06:00:00,18,19,9,18,16,11,91
2024-03-19 06:10:00,12,8,24,30,30,16,120
2024-03-19 06:20:00,22,17,12,30,29,24,134
2024-03-19 06:30:00,21,14,17,38,35,28,153
2024-03-19 06:40:00,17,15,15,33,31,17,128
2024-03-19 06:50:00,28,20,16,36,36,21,157
2024-03-19 07:00:00,31,19,20,39,38,25,172
2024-03-19 07:10:00,33,16,18,42,43,27,179
2024-03-19 07:20:00,43,27,34,58,57,39,258
2024-03-19 07:30:00,34,23,44,58,58,35,252
2024-03-19 07:40:00,41,24,31,63,64,29,252
2024-03-19 07:50:00,43,21,55,71,66,23,279
2024-03-19 08:00:00,35,20,52,64,65,25,261
2024-03-19 08:10:00,25,17,42,68,64,25,241
2024-03-19 08:20:00,33,24,45,56,56,37,251
2024-03-19 08:30:00,42,19,36,57,58,34,246
2024-03-19 08:40:00,40,24,23,62,58,36,243
2024-03-19 08:50:00,37,25,23,54,54,31,224
2024-03-19 09:00:00,26,19,25,59,61,34,224
2024-03-19 09:10:00,31,19,31,45,47,29,202
2024-03-19 09:20:00,32,19,22,50,49,31,203
2024-03-19 09:30:00,34,20,30,37,38,23,182
2024-03-19 09:40:00,35,24,24,41,36,21,181
2024-03-19 09:50:00,41,26,33,38,38,34,210
2024-03-19 10:00:00,31,25,23,36,39,23,177
2024-03-19 10:10:00,54,21,28,45,41,25,214
2024-03-19 10:20:00,41,33,20,44,38,27,203
2024-03-19 10:30:00,28,15,13,37,39,19,151
2024-03-19 10:40:00,49,24,13,59,57,30,232
2024-03-19 10:50:00,45,21,15,40,40,21,182
2024-03-19 11:00:00,32,16,20,53,49,29,199
2024-03-19 11:10:00,28,22,24,44,45,30,193
2024-03-19 11:20:00,34,27,37,50,49,30,227
2024-03-19 11:30:00,37,22,25,26,26,14,150
2024-03-19 11:40:00,43,25,22,37,33,24,184
2024-03-19 11:50:00,37,27,39,48,50,28,229
2024-03-19 12:00:00,31,24,29,39,42,27,192
2024-03-19 12:10:00,30,20,28,45,42,25,190
2024-03-19 12:20:00,41,28,33,41,38,29,210
2024-03-19 12:30:00,32,22,28,39,40,22,183
2024-03-19 12:40:00,42,24,61,45,45,24,241
2024-03-19 12:50:00,34,28,21,42,40,26,191
2024-03-19 13:00:00,48,27,19,49,46,27,216
2024-03-19 13:10:00,47,23,22,34,33,27,186
2024-03-19 13:20:00,42,37,37,42,43,31,232
2024-03-19 13:30:00,49,28,22,25,24,21,169
2024-03-19 13:40:00,48,34,75,43,41,32,273
2024-03-19 13:50:00,35,20,122,40,41,26,284
2024-03-19 14:00:00,42,20,170,50,49,33,364
2024-03-19 14:10:00,35,25,90,33,36,28,247
2024-03-19 14:20:00,45,29,230,39,35,27,405
2024-03-19 14:30:00,45,27,30,48,48,22,220
2024-03-19 14:40:00,53,23,26,51,49,27,229
2024-03-19 14:50:00,56,29,39,56,52,29,261
2024-03-19 15:00:00,48,23,20,47,48,31,217
2024-03-19 15:10:00,57,31,36,32,37,26,219
2024-03-19 15:20:00,55,34,70,58,55,39,311
2024-03-19 15:30:00,66,28,41,37,33,24,229
2024-03-19 15:40:00,46,28,112,39,41,29,295
2024-03-19 15:50:00,50,21,315,54,49,32,521
2024-03-19 16:00:00,67,16,264,42,44,29,462
2024-03-19 16:10:00,48,26,62,58,51,27,272
2024-03-19 16:20:00,61,35,91,58,54,29,328
2024-03-19 16:30:00,59,32,63,37,40,33,264
2024-03-19 16:40:00,76,22,78,47,49,27,299
2024-03-19 16:50:00,60,17,43,64,58,20,262
2024-03-19 17:00:00,48,27,28,49,51,30,233
2024-03-19 17:10:00,40,26,12,44,43,30,195
2024-03-19 17:20:00,52,23,30,52,51,18,226
2024-03-19 17:30:00,56,27,54,39,41,25,242
2024-03-19 17:40:00,49,32,103,43,38,31,296
2024-03-19 17:50:00,59,30,87,52,53,29,310
2024-03-19 18:00:00,62,33,56,58,57,33,299
2024-03-19 18:10:00,54,34,39,43,43,25,238
2024-03-19 18:20:00,53,29,33,39,34,20,208
2024-03-19 18:30:00,47,22,23,36,37,33,198
2024-03-19 18:40:00,45,33,25,36,38,20,197
2024-03-19 18:50:00,43,30,13,40,38,21,185
2024-03-19 19:00:00,46,25,11,24,24,20,150
2024-03-19 19:10:00,44,18,21,31,32,23,169
2024-03-19 19:20:00,38,26,8,33,31,22,158
2024-03-19 19:30:00,43,27,16,26,25,21,158
2024-03-19 19:40:00,36,22,20,30,30,27,165
2024-03-19 19:50:00,35,24,32,35,30,26,182
2024-03-19 20:00:00,26,14,13,25,26,20,124
2024-03-19 20:10:00,26,15,18,32,34,16,141
2024-03-19 20:20:00,28,19,26,22,25,26,146
2024-03-19 20:30:00,21,15,30,30,27,28,151
2024-03-19 20:40:00,22,17,10,15,14,12,90
2024-03-19 20:50:00,16,11,8,25,28,16,104
2024-03-19 21:00:00,13,11,5,23,22,15,89
2024-03-19 21:10:00,15,10,5,19,20,16,85
2024-03-19 21:20:00,23,14,7,25,22,14,105
2024-03-19 21:30:00,21,20,2,16,17,14,90
2024-03-19 21:40:00,20,17,5,17,15,15,89
2024-03-19 21:50:00,15,14,8,11,12,9,69
2024-03-19 22:00:00,17,11,7,16,14,9,74
2024-03-19 22:10:00,24,15,10,10,10,12,81
2024-03-19 22:20:00,10,8,7,10,10,9,54
2024-03-19 22:30:00,11,9,1,13,12,12,58
2024-03-19 22:40:00,12,9,5,7,7,7,47
2024-03-19 22:50:00,12,11,3,9,9,7,51
2024-03-19 23:00:00,11,9,5,3,4,4,36
2024-03-19 23:10:00,14,11,6,17,16,13,77
2024-03-19 23:20:00,9,7,0,7,9,9,41
2024-03-19 23:30:00,8,7,3,6,7,7,38
2024-03-19 23:40:00,9,7,8,7,7,4,42
2024-03-19 23:50:00,5,4,2,7,6,3,27
2024-03-20 00:00:00,4,4,1,4,3,3,19
2024-03-20 00:10:00,5,5,2,2,2,2,18
2024-03-20 00:20:00,3,2,2,2,3,4,16
2024-03-20 00:30:00,4,4,1,2,2,2,15
2024-03-20 00:40:00,4,3,0,4,4,6,21
2024-03-20 00:50:00,2,1,0,3,4,3,13
2024-03-20 01:00:00,3,3,2,7,6,6,27
2024-03-20 01:10:00,1,1,7,3,3,3,18
2024-03-20 01:20:00,3,3,4,6,3,3,22
2024-03-20 01:30:00,4,5,0,4,2,2,17
2024-03-20 01:40:00,3,2,6,4,4,4,23
2024-03-20 01:50:00,2,1,25,4,4,4,40
2024-03-20 02:00:00,0,0,4,2,2,4,12
2024-03-20 02:10:00,0,0,1,3,3,2,9
2024-03-20 02:20:00,2,2,7,2,0,0,13
2024-03-20 02:30:00,1,1,15,1,1,0,19
2024-03-20 02:40:00,0,0,6,1,1,1,9
2024-03-20 02:50:00,1,1,15,1,1,1,20
2024-03-20 03:00:00,2,1,39,2,1,3,48
2024-03-20 03:10:00,3,3,9,3,3,3,24
2024-03-20 03:20:00,2,2,21,4,2,2,33
2024-03-20 03:30:00,1,0,40,1,2,2,46
2024-03-20 03:40:00,0,0,14,2,2,2,20
2024-03-20 03:50:00,0,0,33,2,0,0,35
2024-03-20 04:00:00,1,1,0,1,1,1,5
2024-03-20 04:10:00,2,2,1,2,1,2,10
2024-03-20 04:20:00,3,5,0,3,2,2,15
2024-03-20 04:30:00,2,2,0,3,3,3,13
2024-03-20 04:40:00,2,0,0,4,4,5,15
2024-03-20 04:50:00,2,1,8,9,10,7,37
2024-03-20 05:00:00,2,0,10,5,5,6,28
2024-03-20 05:10:00,3,3,6,14,13,8,47
2024-03-20 05:20:00,12,6,3,9,8,6,44
2024-03-20 05:30:00,9,8,5,11,11,13,57
2024-03-20 05:40:00,8,6,12,19,19,14,78
2024-03-20 05:50:00,13,8,16,24,24,15,100
2024-03-20 06:00:00,15,12,12,20,18,16,93
2024-03-20 06:10:00,20,12,23,24,23,17,119
2024-03-20 06:20:00,22,13,17,38,38,20,148
2024-03-20 06:30:00,19,11,7,25,26,16,104
2024-03-20 06:40:00,18,13,11,29,28,15,114
2024-03-20 06:50:00,24,19,13,34,32,19,141
2024-03-20 07:00:00,33,18,14,38,36,21,160
2024-03-20 07:10:00,33,21,33,43,46,22,198
2024-03-20 07:20:00,43,27,41,49,47,32,239
2024-03-20 07:30:00,31,19,52,59,57,39,257
2024-03-20 07:40:00,46,24,59,54,53,25,261
2024-03-20 07:50:00,38,18,65,74,74,32,301
2024-03-20 08:00:00,41,16,79,75,73,31,315
2024-03-20 08:10:00,43,20,135,61,64,25,348
2024-03-20 08:20:00,40,25,31,71,63,33,263
2024-03-20 08:30:00,36,24,21,47,48,32,208
2024-03-20 08:40:00,40,24,33,65,59,26,247
2024-03-20 08:50:00,49,34,44,61,62,36,286
2024-03-20 09:00:00,50,32,23,44,42,35,226
2024-03-20 09:10:00,29,22,16,39,38,27,171
2024-03-20 09:20:00,30,15,23,44,47,21,180
2024-03-20 09:30:00,39,25,30,41,39,26,200
2024-03-20 09:40:00,36,33,32,44,47,25,217
2024-03-20 09:50:00,44,29,43,57,53,23,249
2024-03-20 10:00:00,40,32,32,43,40,21,208
2024-03-20 10:10:00,30,30,39,36,35,27,197
2024-03-20 10:20:00,33,24,23,36,35,23,174
2024-03-20 10:30:00,40,25,35,38,36,18,192
2024-03-20 10:40:00,29,28,43,33,33,22,188
2024-03-20 10:50:00,41,32,39,40,41,23,216
2024-03-20 11:00:00,45,31,18,42,39,29,204
2024-03-20 11:10:00,48,33,21,41,36,25,204
2024-03-20 11:20:00,43,23,17,39,34,25,181
2024-03-20 11:30:00,37,20,91,45,45,27,265
2024-03-20 11:40:00,36,25,102,37,32,30,262
2024-03-20 11:50:00,27,19,67,43,41,32,229
2024-03-20 12:00:00,46,24,502,38,35,28,673
2024-03-20 12:10:00,42,27,416,31,30,28,574
2024-03-20 12:20:00,28,21,336,38,42,27,492
2024-03-20 12:30:00,32,31,166,52,51,25,357
2024-03-20 12:40:00,30,20,468,41,49,8,616
2024-03-20 12:50:00,45,31,2255,43,40,13,2427
2024-03-20 13:00:00,42,21,243,52,49,0,407
2024-03-20 13:10:00,42,34,19,57,39,30,221
2024-03-20 13:20:00,37,20,18,43,72,32,222
2024-03-20 13:30:00,25,15,15,47,47,25,174
2024-03-20 13:40:00,41,26,33,51,50,29,230
2024-03-20 13:50:00,38,29,1418,49,48,34,1616
2024-03-20 14:00:00,36,27,2305,42,42,23,2475
2024-03-20 14:10:00,46,28,888,47,50,29,1088
2024-03-20 14:20:00,43,24,380,44,45,28,564
2024-03-20 14:30:00,46,25,1882,58,54,25,2090
2024-03-20 14:40:00,55,30,736,49,49,32,951
2024-03-20 14:50:00,41,22,365,52,47,28,555
2024-03-20 15:00:00,58,25,848,38,36,27,1032
2024-03-20 15:10:00,54,25,765,44,43,32,963
2024-03-20 15:20:00,79,28,38,54,51,31,281
2024-03-20 15:30:00,58,30,22,57,57,30,254
2024-03-20 15:40:00,46,30,23,52,51,35,237
2024-03-20 15:50:00,65,35,24,46,45,32,247
2024-03-20 16:00:00,52,29,546,62,61,30,780
2024-03-20 16:10:00,71,40,137,57,54,35,394
2024-03-20 16:20:00,52,32,199,55,52,34,424
2024-03-20 16:30:00,52,33,732,47,47,32,943
2024-03-20 16:40:00,53,32,1018,48,44,27,1222
2024-03-20 16:50:00,50,38,1108,51,48,37,1332
2024-03-20 17:00:00,56,32,450,51,48,25,662
2024-03-20 17:10:00,51,39,1371,45,49,28,1583
2024-03-20 17:20:00,52,26,292,56,54,36,516
2024-03-20 17:30:00,54,37,30,51,54,34,260
2024-03-20 17:40:00,59,26,21,36,34,21,197
2024-03-20 17:50:00,50,33,27,51,53,34,248
2024-03-20 18:00:00,52,36,28,65,60,32,273
2024-03-20 18:10:00,52,34,19,48,46,26,225
2024-03-20 18:20:00,52,26,19,41,41,27,206
2024-03-20 18:30:00,50,26,16,39,37,22,190
2024-03-20 18:40:00,53,27,17,33,33,17,180
2024-03-20 18:50:00,45,24,25,32,35,22,183
2024-03-20 19:00:00,31,20,11,29,37,26,154
2024-03-20 19:10:00,33,24,90,37,39,28,251
2024-03-20 19:20:00,31,22,391,21,24,19,508
2024-03-20 19:30:00,38,18,84,33,34,28,235
2024-03-20 19:40:00,29,22,302,28,26,29,436
2024-03-20 19:50:00,48,18,43,36,34,25,204
2024-03-20 20:00:00,39,24,52,24,25,21,185
2024-03-20 20:10:00,26,14,57,22,20,21,160
2024-03-20 20:20:00,25,22,7,21,21,16,112
2024-03-20 20:30:00,23,18,10,18,19,18,106
2024-03-20 20:40:00,30,22,9,22,22,19,124
2024-03-20 20:50:00,17,14,1,11,12,9,64
2024-03-20 21:00:00,18,18,2,15,16,18,87
2024-03-20 21:10:00,27,20,9,23,22,20,121
2024-03-20 21:20:00,20,16,8,17,17,18,96
2024-03-20 21:30:00,22,14,6,16,16,15,89
2024-03-20 21:40:00,30,19,17,20,20,19,125
2024-03-20 21:50:00,18,11,12,11,11,9,72
2024-03-20 22:00:00,14,20,10,13,15,15,87
2024-03-20 22:10:00,14,11,14,17,15,16,87
2024-03-20 22:20:00,20,19,12,11,11,13,86
2024-03-20 22:30:00,12,8,18,11,10,9,68
2024-03-20 22:40:00,11,6,15,14,12,12,70
2024-03-20 22:50:00,6,5,3,13,9,13,49
2024-03-20 23:00:00,8,8,6,11,11,13,57
2024-03-20 23:10:00,17,10,5,7,5,6,50
2024-03-20 23:20:00,4,5,2,7,6,5,29
2024-03-20 23:30:00,9,9,5,10,6,8,47
2024-03-20 23:40:00,5,4,5,8,8,11,41
2024-03-20 23:50:00,4,3,1,3,1,4,16
2024-03-21 00:00:00,3,6,1,3,3,2,18
2024-03-21 00:10:00,5,3,0,6,5,4,23
2024-03-21 00:20:00,5,5,2,8,5,4,29
2024-03-21 00:30:00,5,5,2,4,3,3,22
2024-03-21 00:40:00,2,2,2,3,3,3,15
2024-03-21 00:50:00,3,3,1,3,2,3,15
2024-03-21 01:00:00,7,8,1,2,2,2,22
2024-03-21 01:10:00,3,4,2,3,3,4,19
2024-03-21 01:20:00,4,3,1,5,3,3,19
2024-03-21 01:30:00,1,1,0,0,0,0,2
2024-03-21 01:40:00,5,4,0,2,1,1,13
2024-03-21 01:50:00,1,1,1,3,3,3,12
2024-03-21 02:00:00,1,1,2,2,1,2,9
2024-03-21 02:10:00,2,2,1,3,4,3,15
2024-03-21 02:20:00,2,1,0,3,2,2,10
2024-03-21 02:30:00,3,5,0,2,0,0,10
2024-03-21 02:40:00,2,1,1,3,2,2,11
2024-03-21 02:50:00,0,0,2,2,1,6,11
2024-03-21 03:00:00,0,0,2,0,0,0,2
2024-03-21 03:10:00,5,4,2,3,3,3,20
2024-03-21 03:20:00,2,2,4,1,0,0,9
2024-03-21 03:30:00,0,0,1,0,0,0,1
2024-03-21 03:40:00,0,0,5,1,1,1,8
2024-03-21 03:50:00,1,1,10,2,1,1,16
2024-03-21 04:00:00,1,1,1,2,1,1,7
2024-03-21 04:10:00,3,3,1,3,4,2,16
2024-03-21 04:20:00,3,3,0,3,2,1,12
2024-03-21 04:30:00,5,7,0,4,4,4,24
2024-03-21 04:40:00,4,0,1,7,7,6,25
2024-03-21 04:50:00,3,0,5,10,10,8,36
2024-03-21 05:00:00,2,1,0,6,7,9,25
2024-03-21 05:10:00,6,4,7,12,9,10,48
2024-03-21 05:20:00,6,7,2,10,10,8,43
2024-03-21 05:30:00,6,6,2,14,13,11,52
2024-03-21 05:40:00,8,6,8,19,19,11,71
2024-03-21 05:50:00,16,9,16,25,24,19,109
2024-03-21 06:00:00,7,7,6,15,15,11,61
2024-03-21 06:10:00,15,10,21,23,24,14,107
2024-03-21 06:20:00,18,14,20,33,33,23,141
2024-03-21 06:30:00,13,12,6,26,27,17,101
2024-03-21 06:40:00,18,16,12,32,31,23,132
2024-03-21 06:50:00,17,16,6,29,28,16,112
2024-03-21 07:00:00,28,17,10,36,40,26,157
2024-03-21 07:10:00,23,15,16,44,39,26,163
2024-03-21 07:20:00,43,25,22,50,47,29,216
2024-03-21 07:30:00,35,21,22,44,40,21,183
2024-03-21 07:40:00,49,21,45,71,71,25,282
2024-03-21 07:50:00,44,17,35,63,63,25,247
2024-03-21 08:00:00,45,20,35,58,65,31,254
2024-03-21 08:10:00,50,25,47,56,48,23,249
2024-03-21 08:20:00,42,27,32,52,48,29,230
2024-03-21 08:30:00,43,21,40,48,48,30,230
2024-03-21 08:40:00,49,26,35,54,49,30,243
2024-03-21 08:50:00,38,21,44,51,46,35,235
2024-03-21 09:00:00,30,22,17,41,43,23,176
2024-03-21 09:10:00,39,24,33,58,58,29,241
2024-03-21 09:20:00,27,23,28,57,56,31,222
2024-03-21 09:30:00,32,22,25,41,42,24,186
2024-03-21 09:40:00,36,30,19,43,39,23,190
2024-03-21 09:50:00,34,22,28,46,23,21,174
2024-03-21 10:00:00,33,26,19,35,36,25,174
2024-03-21 10:10:00,24,21,34,44,46,20,189
2024-03-21 10:20:00,26,18,28,32,32,26,162
2024-03-21 10:30:00,31,20,20,27,23,18,139
2024-03-21 10:40:00,39,21,43,46,44,22,215
2024-03-21 10:50:00,39,23,36,38,44,24,204
2024-03-21 11:00:00,52,27,26,41,35,26,207
2024-03-21 11:10:00,25,20,14,37,36,23,155
2024-03-21 11:20:00,42,25,22,37,38,36,200
2024-03-21 11:30:00,35,24,21,42,44,26,192
2024-03-21 11:40:00,36,20,14,40,36,34,180
2024-03-21 11:50:00,24,21,29,49,48,35,206
2024-03-21 12:00:00,30,21,31,41,44,28,195
2024-03-21 12:10:00,45,27,31,43,45,30,221
2024-03-21 12:20:00,32,24,26,35,37,24,178
2024-03-21 12:30:00,40,27,35,43,39,26,210
2024-03-21 12:40:00,32,18,26,40,41,31,188
2024-03-21 12:50:00,45,22,34,37,35,21,194
2024-03-21 13:00:00,47,24,54,56,54,31,266
2024-03-21 13:10:00,40,25,86,41,42,28,262
2024-03-21 13:20:00,31,19,24,50,46,28,198
2024-03-21 13:30:00,43,31,10,29,29,22,164
2024-03-21 13:40:00,35,22,17,33,33,25,165
2024-03-21 13:50:00,50,23,29,43,44,30,219
2024-03-21 14:00:00,39,23,194,56,51,30,393
2024-03-21 14:10:00,33,24,249,46,46,29,427
2024-03-21 14:20:00,48,29,604,49,52,28,810
2024-03-21 14:30:00,57,24,220,41,41,25,408
2024-03-21 14:40:00,35,19,78,48,49,23,252
2024-03-21 14:50:00,46,32,372,49,50,28,577
2024-03-21 15:00:00,72,25,188,57,57,33,432
2024-03-21 15:10:00,60,34,193,48,45,24,404
2024-03-21 15:20:00,55,29,240,45,46,24,439
2024-03-21 15:30:00,44,28,22,63,62,36,255
2024-03-21 15:40:00,54,35,29,58,60,27,263
2024-03-21 15:50:00,60,29,29,54,53,27,252
2024-03-21 16:00:00,56,29,35,61,62,35,278
2024-03-21 16:10:00,55,30,255,55,51,31,477
2024-03-21 16:20:00,43,32,139,49,49,35,347
2024-03-21 16:30:00,59,26,216,49,49,25,424
2024-03-21 16:40:00,56,33,365,46,42,29,571
2024-03-21 16:50:00,64,29,127,49,48,32,349
2024-03-21 17:00:00,52,25,81,40,41,26,265
2024-03-21 17:10:00,59,31,115,45,44,37,331
2024-03-21 17:20:00,63,34,92,65,61,26,341
2024-03-21 17:30:00,54,30,15,41,42,25,207
2024-03-21 17:40:00,65,37,24,51,50,27,254
2024-03-21 17:50:00,49,26,22,40,37,30,204
2024-03-21 18:00:00,64,32,16,43,44,27,226
2024-03-21 18:10:00,46,27,28,39,39,28,207
2024-03-21 18:20:00,37,27,28,41,42,34,209
2024-03-21 18:30:00,42,23,20,35,36,23,179
2024-03-21 18:40:00,47,28,59,31,32,18,215
2024-03-21 18:50:00,42,27,58,45,46,26,244
2024-03-21 19:00:00,28,16,45,24,25,19,157
2024-03-21 19:10:00,36,26,117,29,30,21,259
2024-03-21 19:20:00,38,26,35,25,24,22,170
2024-03-21 19:30:00,28,23,15,27,26,20,139
2024-03-21 19:40:00,38,26,15,40,37,32,188
2024-03-21 19:50:00,33,20,12,34,31,22,152
2024-03-21 20:00:00,38,22,10,25,23,22,140
2024-03-21 20:10:00,26,18,6,20,20,17,107
2024-03-21 20:20:00,17,18,10,14,18,16,93
2024-03-21 20:30:00,26,23,12,28,18,23,130
2024-03-21 20:40:00,21,15,16,19,19,14,104
2024-03-21 20:50:00,26,14,10,21,21,21,113
2024-03-21 21:00:00,15,13,9,14,13,14,78
2024-03-21 21:10:00,25,14,15,19,18,13,104
2024-03-21 21:20:00,18,13,4,19,20,18,92
2024-03-21 21:30:00,35,20,9,19,14,17,114
2024-03-21 21:40:00,23,20,9,20,22,14,108
2024-03-21 21:50:00,19,14,6,16,14,10,79
2024-03-21 22:00:00,13,13,4,10,11,9,60
2024-03-21 22:10:00,21,14,3,6,6,6,56
2024-03-21 22:20:00,12,10,3,10,8,10,53
2024-03-21 22:30:00,15,11,5,19,18,20,88
2024-03-21 22:40:00,11,10,2,7,7,8,45
2024-03-21 22:50:00,10,8,5,16,17,16,72
2024-03-21 23:00:00,17,14,8,16,14,13,82
2024-03-21 23:10:00,12,12,6,9,12,8,59
2024-03-21 23:20:00,11,9,12,13,15,11,71
2024-03-21 23:30:00,8,7,9,9,10,9,52
2024-03-21 23:40:00,7,5,5,11,11,8,47
2024-03-21 23:50:00,7,8,2,6,5,5,33
2024-03-22 00:00:00,10,7,3,5,5,7,37
2024-03-22 00:10:00,2,4,1,4,3,4,18
2024-03-22 00:20:00,6,5,2,4,4,2,23
2024-03-22 00:30:00,4,4,1,3,3,3,18
2024-03-22 00:40:00,5,4,1,7,6,6,29
2024-03-22 00:50:00,3,2,3,5,4,5,22
2024-03-22 01:00:00,1,1,2,3,3,3,13
2024-03-22 01:10:00,3,4,0,1,0,0,8
2024-03-22 01:20:00,3,3,1,5,5,6,23
2024-03-22 01:30:00,4,4,1,2,3,4,18
2024-03-22 01:40:00,1,1,0,1,1,1,5
2024-03-22 01:50:00,2,2,1,5,5,6,21
2024-03-22 02:00:00,1,1,8,2,2,2,16
2024-03-22 02:10:00,0,0,2,0,0,0,2
2024-03-22 02:20:00,3,4,1,3,3,3,17
2024-03-22 02:30:00,2,2,8,3,1,1,17
2024-03-22 02:40:00,1,1,5,1,1,1,10
2024-03-22 02:50:00,3,3,3,2,2,2,15
2024-03-22 03:00:00,1,1,6,3,2,2,15
2024-03-22 03:10:00,1,1,14,2,1,1,20
2024-03-22 03:20:00,1,1,9,3,3,4,21
2024-03-22 03:30:00,0,0,18,1,1,1,21
2024-03-22 03:40:00,0,0,11,1,1,2,15
2024-03-22 03:50:00,2,1,5,3,3,4,18
2024-03-22 04:00:00,1,1,1,2,1,1,7
2024-03-22 04:10:00,2,2,0,2,2,4,12
2024-03-22 04:20:00,7,7,1,4,3,4,26
2024-03-22 04:30:00,4,3,0,6,6,4,23
2024-03-22 04:40:00,5,2,3,5,5,7,27
2024-03-22 04:50:00,5,1,2,14,14,15,51
2024-03-22 05:00:00,3,2,1,7,6,7,26
2024-03-22 05:10:00,5,5,2,12,9,8,41
2024-03-22 05:20:00,14,8,3,11,11,6,53
2024-03-22 05:30:00,4,7,2,9,9,10,41
2024-03-22 05:40:00,7,4,9,18,19,9,66
2024-03-22 05:50:00,10,9,10,24,22,16,91
2024-03-22 06:00:00,10,8,10,25,25,21,99
2024-03-22 06:10:00,26,18,15,25,26,14,124
2024-03-22 06:20:00,15,12,12,25,23,15,102
2024-03-22 06:30:00,16,14,10,33,32,18,123
2024-03-22 06:40:00,19,9,7,23,21,18,97
2024-03-22 06:50:00,22,18,10,31,31,27,139
2024-03-22 07:00:00,25,19,12,32,33,23,144
2024-03-22 07:10:00,34,21,14,35,31,20,155
2024-03-22 07:20:00,38,19,30,33,29,24,173
2024-03-22 07:30:00,37,22,36,56,59,31,241
2024-03-22 07:40:00,39,18,42,54,54,18,225
2024-03-22 07:50:00,26,17,42,54,50,21,210
2024-03-22 08:00:00,36,20,46,50,47,27,226
2024-03-22 08:10:00,35,17,33,45,44,24,198
2024-03-22 08:20:00,33,20,22,42,42,28,187
2024-03-22 08:30:00,37,24,11,31,32,21,156
2024-03-22 08:40:00,30,24,15,42,40,20,171
2024-03-22 08:50:00,29,19,23,45,44,23,183
2024-03-22 09:00:00,37,25,13,40,38,35,188
2024-03-22 09:10:00,36,24,20,40,40,23,183
2024-03-22 09:20:00,38,22,14,44,41,23,182
2024-03-22 09:30:00,46,25,20,43,40,32,206
2024-03-22 09:40:00,31,24,22,41,41,28,187
2024-03-22 09:50:00,30,24,26,28,30,18,156
2024-03-22 10:00:00,34,22,29,37,38,25,185
2024-03-22 10:10:00,45,24,40,44,43,28,224
2024-03-22 10:20:00,35,22,26,40,38,32,193
2024-03-22 10:30:00,25,15,31,48,47,27,193
2024-03-22 10:40:00,46,16,20,30,31,24,167
2024-03-22 10:50:00,50,16,36,57,53,22,234
2024-03-22 11:00:00,51,25,24,55,53,18,226
2024-03-22 11:10:00,52,23,18,38,39,26,196
2024-03-22 11:20:00,30,20,20,45,44,28,187
2024-03-22 11:30:00,45,30,20,32,32,20,179
2024-03-22 11:40:00,50,31,22,40,41,23,207
2024-03-22 11:50:00,49,27,18,43,36,28,201
2024-03-22 12:00:00,41,30,22,52,53,28,226
2024-03-22 12:10:00,53,26,23,43,40,26,211
2024-03-22 12:20:00,35,27,29,54,50,32,227
2024-03-22 12:30:00,54,28,58,41,42,31,254
2024-03-22 12:40:00,46,29,51,52,48,36,262
2024-03-22 12:50:00,58,25,65,53,50,36,287
2024-03-22 13:00:00,42,33,87,41,41,27,271
2024-03-22 13:10:00,57,25,82,48,47,29,288
2024-03-22 13:20:00,50,30,1031,59,54,34,1258
2024-03-22 13:30:00,35,29,254,45,45,30,438
2024-03-22 13:40:00,54,27,499,45,46,29,700
2024-03-22 13:50:00,46,26,105,43,38,27,285
2024-03-22 14:00:00,53,27,13,35,34,24,186
2024-03-22 14:10:00,51,25,19,38,38,25,196
2024-03-22 14:20:00,47,24,29,45,45,29,219
2024-03-22 14:30:00,50,24,18,42,44,25,203
2024-03-22 14:40:00,43,32,85,48,51,30,289
2024-03-22 14:50:00,45,24,139,43,44,26,321
2024-03-22 15:00:00,48,22,82,44,41,29,266
2024-03-22 15:10:00,52,28,80,48,49,27,284
2024-03-22 15:20:00,62,31,154,47,47,30,371
2024-03-22 15:30:00,52,30,119,53,54,36,344
2024-03-22 15:40:00,56,31,70,39,40,22,258
2024-03-22 15:50:00,55,34,79,41,35,25,269
2024-03-22 16:00:00,57,27,256,47,46,32,465
2024-03-22 16:10:00,51,24,20,46,47,27,215
2024-03-22 16:20:00,54,31,29,46,44,37,241
2024-03-22 16:30:00,56,33,15,33,30,25,192
2024-03-22 16:40:00,54,28,21,40,40,29,212
2024-03-22 16:50:00,44,21,13,40,39,36,193
2024-03-22 17:00:00,41,26,19,40,38,30,194
2024-03-22 17:10:00,41,32,95,33,30,27,258
2024-03-22 17:20:00,50,29,75,34,35,27,250
2024-03-22 17:30:00,36,26,144,29,33,28,296
2024-03-22 17:40:00,52,25,83,37,35,31,263
2024-03-22 17:50:00,51,31,56,51,49,32,270
2024-03-22 18:00:00,44,27,109,46,49,25,300
2024-03-22 18:10:00,37,24,73,45,47,33,259
2024-03-22 18:20:00,37,24,236,42,35,20,394
2024-03-22 18:30:00,15,12,52,13,13,15,120
2024-03-22 18:40:00,13,9,45,9,12,5,93
2024-03-22 18:50:00,20,16,9,23,22,11,101
2024-03-22 19:00:00,23,17,8,29,28,22,127
2024-03-22 19:10:00,34,20,16,35,38,31,174
2024-03-22 19:20:00,44,20,9,30,27,27,157
2024-03-22 19:30:00,25,21,9,36,36,26,153
2024-03-22 19:40:00,39,20,43,30,34,22,188
2024-03-22 19:50:00,32,24,13,37,36,32,174
2024-03-22 20:00:00,32,18,70,25,24,25,194
2024-03-22 20:10:00,32,22,27,25,22,16,144
2024-03-22 20:20:00,32,23,29,20,21,20,145
2024-03-22 20:30:00,22,15,50,31,29,24,171
2024-03-22 20:40:00,23,17,16,22,22,23,123
2024-03-22 20:50:00,21,15,24,21,20,18,119
2024-03-22 21:00:00,18,15,4,21,18,19,95
2024-03-22 21:10:00,20,11,4,15,16,15,81
2024-03-22 21:20:00,35,23,6,19,20,19,122
2024-03-22 21:30:00,21,18,24,21,19,20,123
2024-03-22 21:40:00,24,20,28,21,20,13,126
2024-03-22 21:50:00,22,16,39,18,17,18,130
2024-03-22 22:00:00,17,16,10,16,16,18,93
2024-03-22 22:10:00,22,14,16,15,13,16,96
2024-03-22 22:20:00,22,15,11,15,15,14,92
2024-03-22 22:30:00,16,15,22,17,17,12,99
2024-03-22 22:40:00,26,22,14,20,22,16,120
2024-03-22 22:50:00,9,11,9,14,12,11,66
2024-03-22 23:00:00,13,15,4,16,16,12,76
2024-03-22 23:10:00,13,10,4,10,8,6,51
2024-03-22 23:20:00,9,7,6,11,10,13,56
2024-03-22 23:30:00,13,9,5,8,11,10,56
2024-03-22 23:40:00,11,9,9,7,8,5,49
2024-03-22 23:50:00,10,10,4,12,9,12,57
2024-03-23 00:00:00,12,10,4,11,12,9,58
2024-03-23 00:10:00,8,7,3,5,5,6,34
2024-03-23 00:20:00,12,13,3,8,8,8,52
2024-03-23 00:30:00,15,11,4,12,11,8,61
2024-03-23 00:40:00,7,5,2,9,10,8,41
2024-03-23 00:50:00,8,8,1,4,4,3,28
2024-03-23 01:00:00,4,5,2,4,5,4,24
2024-03-23 01:10:00,6,4,1,9,8,8,36
2024-03-23 01:20:00,12,8,1,8,5,4,38
2024-03-23 01:30:00,6,6,4,5,4,6,31
2024-03-23 01:40:00,6,7,2,2,2,2,21
2024-03-23 01:50:00,3,3,2,6,5,6,25
2024-03-23 02:00:00,7,6,2,9,9,11,44
2024-03-23 02:10:00,7,6,0,3,1,1,18
2024-03-23 02:20:00,2,2,2,3,3,3,15
2024-03-23 02:30:00,3,3,0,0,0,0,6
2024-03-23 02:40:00,5,5,3,8,9,6,36
2024-03-23 02:50:00,1,1,2,3,3,3,13
2024-03-23 03:00:00,1,0,2,1,1,1,6
2024-03-23 03:10:00,2,2,1,2,2,2,11
2024-03-23 03:20:00,2,1,2,4,3,4,16
2024-03-23 03:30:00,3,2,0,4,5,4,18
2024-03-23 03:40:00,1,1,1,5,3,4,15
2024-03-23 03:50:00,1,1,0,2,2,1,7
2024-03-23 04:00:00,2,2,3,1,2,1,11
2024-03-23 04:10:00,3,3,0,2,2,3,13
2024-03-23 04:20:00,4,4,0,2,2,1,13
2024-03-23 04:30:00,0,0,0,3,3,4,10
2024-03-23 04:40:00,1,1,0,0,0,0,2
2024-03-23 04:50:00,3,3,2,5,3,2,18
2024-03-23 05:00:00,4,2,0,4,4,4,18
2024-03-23 05:10:00,3,2,0,5,4,5,19
2024-03-23 05:20:00,10,8,0,5,4,4,31
2024-03-23 05:30:00,7,8,1,4,4,5,29
2024-03-23 05:40:00,8,9,0,6,4,7,34
2024-03-23 05:50:00,4,4,0,2,1,2,13
2024-03-23 06:00:00,2,1,1,8,7,5,24
2024-03-23 06:10:00,5,3,2,8,8,8,34
2024-03-23 06:20:00,10,9,1,4,2,1,27
2024-03-23 06:30:00,6,4,3,6,7,7,33
2024-03-23 06:40:00,12,11,3,13,12,8,59
2024-03-23 06:50:00,15,14,5,13,13,11,71
2024-03-23 07:00:00,9,8,2,6,7,6,38
2024-03-23 07:10:00,9,7,6,14,15,13,64
2024-03-23 07:20:00,12,9,2,5,4,4,36
2024-03-23 07:30:00,11,11,0,4,5,3,34
2024-03-23 07:40:00,9,7,4,15,12,11,58
2024-03-23 07:50:00,12,9,10,15,12,16,74
2024-03-23 08:00:00,14,11,7,18,18,14,82
2024-03-23 08:10:00,8,6,6,14,13,10,57
2024-03-23 08:20:00,13,12,5,15,15,13,73
2024-03-23 08:30:00,9,9,13,21,24,16,92
2024-03-23 08:40:00,20,14,12,22,23,17,108
2024-03-23 08:50:00,27,15,7,21,21,11,102
2024-03-23 09:00:00,19,16,14,31,29,21,130
2024-03-23 09:10:00,26,26,10,19,20,14,115
2024-03-23 09:20:00,18,13,10,20,20,14,95
2024-03-23 09:30:00,14,13,12,26,24,18,107
2024-03-23 09:40:00,27,18,12,29,34,22,142
2024-03-23 09:50:00,31,20,20,37,30,27,165
2024-03-23 10:00:00,30,31,22,35,33,24,175
2024-03-23 10:10:00,33,20,26,36,35,24,174
2024-03-23 10:20:00,35,22,27,44,41,28,197
2024-03-23 10:30:00,37,23,20,34,33,20,167
2024-03-23 10:40:00,40,28,19,23,21,20,151
2024-03-23 10:50:00,22,19,11,31,29,21,133
2024-03-23 11:00:00,33,23,18,39,35,27,175
2024-03-23 11:10:00,36,23,19,48,41,25,192
2024-03-23 11:20:00,29,29,15,36,37,32,178
2024-03-23 11:30:00,34,31,23,45,48,30,211
2024-03-23 11:40:00,33,17,10,35,34,23,152
2024-03-23 11:50:00,38,24,11,35,32,24,164
2024-03-23 12:00:00,39,22,15,35,37,23,171
2024-03-23 12:10:00,34,22,10,30,29,25,150
2024-03-23 12:20:00,28,20,23,40,38,26,175
2024-03-23 12:30:00,35,26,22,35,36,25,179
2024-03-23 12:40:00,42,27,18,26,27,16,156
2024-03-23 12:50:00,31,23,13,37,32,26,162
2024-03-23 13:00:00,37,25,24,45,44,27,202
2024-03-23 13:10:00,41,30,14,40,39,35,199
2024-03-23 13:20:00,28,24,19,34,34,26,165
2024-03-23 13:30:00,35,25,20,38,36,21,175
2024-03-23 13:40:00,38,23,17,29,27,22,156
2024-03-23 13:50:00,45,23,19,45,46,27,205
2024-03-23 14:00:00,37,21,8,30,30,20,146
2024-03-23 14:10:00,32,21,17,42,39,29,180
2024-03-23 14:20:00,49,29,9,45,45,28,205
2024-03-23 14:30:00,45,22,17,45,42,29,200
2024-03-23 14:40:00,34,24,24,36,35,29,182
2024-03-23 14:50:00,35,23,24,31,29,15,157
2024-03-23 15:00:00,41,24,36,46,44,27,218
2024-03-23 15:10:00,35,22,18,30,28,21,154
2024-03-23 15:20:00,39,25,15,34,33,24,170
2024-03-23 15:30:00,26,19,8,35,36,25,149
2024-03-23 15:40:00,35,27,11,37,36,20,166
2024-03-23 15:50:00,29,24,14,35,34,23,159
2024-03-23 16:00:00,36,27,8,33,32,27,163
2024-03-23 16:10:00,41,30,21,36,36,23,187
2024-03-23 16:20:00,34,25,11,24,26,21,141
2024-03-23 16:30:00,43,26,37,39,39,29,213
2024-03-23 16:40:00,31,20,34,41,41,33,200
2024-03-23 16:50:00,35,22,27,26,24,20,154
2024-03-23 17:00:00,27,20,27,37,36,28,175
2024-03-23 17:10:00,31,26,33,38,37,30,195
2024-03-23 17:20:00,47,27,30,48,48,25,225
2024-03-23 17:30:00,38,22,19,30,33,25,167
2024-03-23 17:40:00,43,30,24,51,47,28,223
2024-03-23 17:50:00,32,21,20,36,37,21,167
2024-03-23 18:00:00,39,26,28,44,46,30,213
2024-03-23 18:10:00,47,29,17,32,34,22,181
2024-03-23 18:20:00,45,24,20,32,32,21,174
2024-03-23 18:30:00,40,29,12,40,41,17,179
2024-03-23 18:40:00,23,22,10,29,29,22,135
2024-03-23 18:50:00,44,21,24,37,35,22,183
2024-03-23 19:00:00,32,28,18,27,28,25,158
2024-03-23 19:10:00,35,21,27,28,27,24,162
2024-03-23 19:20:00,28,15,26,31,33,31,164
2024-03-23 19:30:00,27,18,40,40,40,26,191
2024-03-23 19:40:00,30,16,17,25,25,25,138
2024-03-23 19:50:00,26,23,21,26,25,20,141
2024-03-23 20:00:00,31,18,8,16,16,18,107
2024-03-23 20:10:00,33,23,7,29,27,25,144
2024-03-23 20:20:00,25,20,11,21,17,21,115
2024-03-23 20:30:00,22,16,7,25,22,16,108
2024-03-23 20:40:00,20,24,9,33,31,22,139
2024-03-23 20:50:00,24,19,21,23,23,17,127
2024-03-23 21:00:00,15,11,10,22,21,15,94
2024-03-23 21:10:00,16,14,7,20,19,18,94
2024-03-23 21:20:00,18,14,6,15,16,12,81
2024-03-23 21:30:00,13,8,13,18,18,15,85
2024-03-23 21:40:00,14,17,5,17,15,12,80
2024-03-23 21:50:00,25,18,5,11,8,9,76
2024-03-23 22:00:00,16,12,3,9,10,5,55
2024-03-23 22:10:00,24,16,7,22,19,21,109
2024-03-23 22:20:00,10,7,6,14,12,12,61
2024-03-23 22:30:00,19,14,7,19,17,18,94
2024-03-23 22:40:00,14,12,3,14,14,10,67
2024-03-23 22:50:00,18,16,2,9,9,11,65
2024-03-23 23:00:00,17,13,20,21,20,17,108
2024-03-23 23:10:00,24,16,13,19,17,14,103
2024-03-23 23:20:00,11,11,58,17,16,16,129
2024-03-23 23:30:00,16,14,39,17,16,13,115
2024-03-23 23:40:00,13,13,55,22,22,16,141
2024-03-23 23:50:00,11,11,139,11,10,12,194
2024-03-24 00:00:00,11,8,9,10,10,10,58
2024-03-24 00:10:00,12,7,23,13,14,10,79
2024-03-24 00:20:00,16,11,26,5,7,5,70
2024-03-24 00:30:00,10,8,24,6,5,5,58
2024-03-24 00:40:00,10,8,4,7,5,5,39
2024-03-24 00:50:00,13,11,37,10,11,7,89
2024-03-24 01:00:00,5,5,19,6,6,6,47
2024-03-24 01:10:00,13,11,35,5,7,5,76
2024-03-24 01:20:00,8,7,69,10,8,7,109
2024-03-24 01:30:00,5,4,65,4,4,3,85
2024-03-24 01:40:00,8,6,14,5,3,3,39
2024-03-24 01:50:00,8,7,23,8,6,5,57
2024-03-24 02:00:00,4,3,29,10,9,6,61
2024-03-24 02:10:00,7,6,22,9,8,6,58
2024-03-24 02:20:00,6,5,9,4,4,3,31
2024-03-24 02:30:00,4,4,13,7,7,5,40
2024-03-24 02:40:00,1,1,3,3,3,4,15
2024-03-24 02:50:00,1,1,8,3,2,2,17
2024-03-24 03:00:00,4,5,11,5,5,6,36
2024-03-24 03:10:00,7,6,13,7,4,5,42
2024-03-24 03:20:00,4,5,5,4,2,3,23
2024-03-24 03:30:00,2,2,6,3,2,3,18
2024-03-24 03:40:00,3,2,17,4,4,3,33
2024-03-24 03:50:00,4,3,10,1,2,1,21
2024-03-24 04:00:00,1,4,2,4,4,6,21
2024-03-24 04:10:00,1,0,1,2,2,2,8
2024-03-24 04:20:00,0,0,0,3,3,4,10
2024-03-24 04:30:00,1,1,0,5,5,6,18
2024-03-24 04:40:00,6,2,0,5,5,4,22
2024-03-24 04:50:00,4,3,0,4,3,3,17
2024-03-24 05:00:00,2,1,3,5,5,7,23
2024-03-24 05:10:00,5,3,4,5,4,4,25
2024-03-24 05:20:00,6,6,12,4,4,2,34
2024-03-24 05:30:00,9,5,4,3,5,5,31
2024-03-24 05:40:00,7,4,22,6,6,6,51
2024-03-24 05:50:00,5,5,20,7,7,7,51
2024-03-24 06:00:00,6,4,14,5,5,9,43
2024-03-24 06:10:00,3,10,8,1,1,3,26
2024-03-24 06:20:00,7,7,12,3,3,1,33
2024-03-24 06:30:00,4,5,12,5,5,4,35
2024-03-24 06:40:00,2,4,1,7,7,6,27
2024-03-24 06:50:00,1,1,0,3,2,2,9
2024-03-24 07:00:00,7,6,1,4,3,5,26
2024-03-24 07:10:00,1,2,7,5,5,5,25
2024-03-24 07:20:00,8,7,4,3,3,3,28
2024-03-24 07:30:00,4,3,19,7,7,8,48
2024-03-24 07:40:00,4,3,15,5,5,6,38
2024-03-24 07:50:00,5,5,9,4,4,3,30
2024-03-24 08:00:00,4,3,15,8,8,10,48
2024-03-24 08:10:00,4,4,13,6,3,4,34
2024-03-24 08:20:00,2,2,70,9,8,12,103
2024-03-24 08:30:00,2,2,3,8,10,8,33
2024-03-24 08:40:00,5,5,1,4,3,6,24
2024-03-24 08:50:00,9,13,5,14,13,12,66
2024-03-24 09:00:00,9,14,13,11,12,11,70
2024-03-24 09:10:00,15,11,19,14,14,11,84
2024-03-24 09:20:00,14,12,23,12,13,13,87
2024-03-24 09:30:00,23,15,38,24,22,20,142
2024-03-24 09:40:00,13,13,51,23,22,25,147
2024-03-24 09:50:00,24,15,37,15,18,16,125
2024-03-24 10:00:00,17,13,41,17,17,10,115
2024-03-24 10:10:00,14,13,52,23,24,18,144
2024-03-24 10:20:00,15,13,164,21,22,21,256
2024-03-24 10:30:00,21,16,12,24,25,18,116
2024-03-24 10:40:00,21,18,5,17,17,15,93
2024-03-24 10:50:00,13,11,1,11,10,11,57
2024-03-24 11:00:00,22,21,7,19,18,14,101
2024-03-24 11:10:00,15,14,3,29,28,17,106
2024-03-24 11:20:00,27,20,24,19,19,15,124
2024-03-24 11:30:00,30,28,37,16,15,14,140
2024-03-24 11:40:00,21,15,16,24,21,19,116
2024-03-24 11:50:00,24,23,12,22,22,19,122
2024-03-24 12:00:00,26,17,16,24,24,14,121
2024-03-24 12:10:00,34,16,23,20,20,12,125
2024-03-24 12:20:00,26,19,44,17,18,14,138
2024-03-24 12:30:00,35,29,30,27,24,17,162
2024-03-24 12:40:00,26,19,4,19,17,17,102
2024-03-24 12:50:00,28,25,5,18,18,11,105
2024-03-24 13:00:00,20,20,8,31,31,23,133
2024-03-24 13:10:00,24,22,8,25,25,19,123
2024-03-24 13:20:00,36,23,6,23,23,20,131
2024-03-24 13:30:00,27,22,7,20,20,16,112
2024-03-24 13:40:00,33,20,4,21,19,16,113
2024-03-24 13:50:00,30,22,9,27,27,16,131
2024-03-24 14:00:00,27,19,10,29,26,23,134
2024-03-24 14:10:00,25,22,45,30,29,25,176
2024-03-24 14:20:00,47,27,34,31,32,22,193
2024-03-24 14:30:00,30,22,33,35,34,24,178
2024-03-24 14:40:00,34,20,25,41,38,21,179
2024-03-24 14:50:00,38,23,15,29,31,23,159
2024-03-24 15:00:00,23,20,20,33,29,22,147
2024-03-24 15:10:00,29,19,34,36,34,24,176
2024-03-24 15:20:00,26,21,19,34,35,15,150
2024-03-24 15:30:00,30,23,5,22,23,16,119
2024-03-24 15:40:00,22,22,11,26,27,14,122
2024-03-24 15:50:00,31,17,8,39,39,23,157
2024-03-24 16:00:00,27,24,24,34,37,21,167
2024-03-24 16:10:00,22,18,14,25,28,20,127
2024-03-24 16:20:00,32,26,14,28,22,19,141
2024-03-24 16:30:00,32,23,14,30,31,25,155
2024-03-24 16:40:00,29,16,5,11,10,15,86
2024-03-24 16:50:00,22,22,13,27,26,16,126
2024-03-24 17:00:00,24,18,23,42,42,25,174
2024-03-24 17:10:00,26,18,14,34,33,21,146
2024-03-24 17:20:00,30,17,15,27,28,18,135
2024-03-24 17:30:00,26,18,19,35,33,27,158
2024-03-24 17:40:00,34,22,5,41,37,25,164
2024-03-24 17:50:00,26,16,15,42,44,28,171
2024-03-24 18:00:00,27,22,12,27,24,25,137
2024-03-24 18:10:00,28,20,15,31,31,14,139
2024-03-24 18:20:00,10,11,13,22,19,16,91
2024-03-24 18:30:00,22,14,12,26,27,17,118
2024-03-24 18:40:00,19,18,11,24,21,15,108
2024-03-24 18:50:00,29,23,18,31,32,20,153
2024-03-24 19:00:00,20,15,12,20,18,16,101
2024-03-24 19:10:00,22,16,4,15,15,11,83
2024-03-24 19:20:00,18,17,16,26,23,17,117
2024-03-24 19:30:00,19,18,20,24,24,18,123
2024-03-24 19:40:00,16,11,2,21,20,17,87
2024-03-24 19:50:00,27,21,11,21,18,14,112
2024-03-24 20:00:00,23,18,10,31,30,21,133
2024-03-24 20:10:00,23,20,5,26,22,31,127
2024-03-24 20:20:00,17,13,16,28,25,18,117
2024-03-24 20:30:00,23,16,5,19,20,19,102
2024-03-24 20:40:00,17,11,3,19,18,19,87
2024-03-24 20:50:00,17,16,10,13,14,13,83
2024-03-24 21:00:00,10,10,9,14,15,9,67
2024-03-24 21:10:00,10,7,6,16,14,13,66
2024-03-24 21:20:00,16,12,5,15,16,12,76
2024-03-24 21:30:00,12,9,12,15,15,12,75
2024-03-24 21:40:00,21,16,6,10,9,7,69
2024-03-24 21:50:00,14,10,6,16,13,6,65
2024-03-24 22:00:00,18,16,4,13,14,14,79
2024-03-24 22:10:00,16,11,6,21,18,13,85
2024-03-24 22:20:00,9,7,3,10,9,9,47
2024-03-24 22:30:00,15,14,2,6,6,7,50
2024-03-24 22:40:00,19,11,9,8,9,6,62
2024-03-24 22:50:00,8,7,4,3,4,4,30
2024-03-24 23:00:00,11,9,12,9,9,10,60
2024-03-24 23:10:00,13,8,69,12,8,8,118
2024-03-24 23:20:00,13,9,17,10,12,9,70
2024-03-24 23:30:00,4,3,16,6,4,4,37
2024-03-24 23:40:00,6,6,1,4,3,2,22
2024-03-24 23:50:00,3,3,2,6,6,7,27
2024-03-25 00:00:00,3,4,5,6,6,6,30
2024-03-25 00:10:00,8,7,8,4,5,3,35
2024-03-25 00:20:00,3,3,10,3,4,1,24
2024-03-25 00:30:00,6,5,8,2,2,2,25
2024-03-25 00:40:00,3,3,6,4,4,2,22
2024-03-25 00:50:00,4,1,62,4,3,2,76
2024-03-25 01:00:00,4,4,15,1,1,1,26
2024-03-25 01:10:00,3,3,45,3,2,2,58
2024-03-25 01:20:00,4,4,15,1,2,1,27
2024-03-25 01:30:00,1,0,40,2,2,2,47
2024-03-25 01:40:00,1,1,91,3,3,2,101
2024-03-25 01:50:00,2,3,19,2,2,2,30
2024-03-25 02:00:00,1,0,168,2,1,1,173
2024-03-25 02:10:00,2,2,32,2,1,1,40
2024-03-25 02:20:00,0,0,10,0,0,0,10
2024-03-25 02:30:00,3,1,8,2,2,3,19
2024-03-25 02:40:00,1,1,7,0,0,0,9
2024-03-25 02:50:00,1,1,23,1,2,2,30
2024-03-25 03:00:00,0,0,11,1,1,2,15
2024-03-25 03:10:00,1,1,2,1,1,1,7
2024-03-25 03:20:00,2,1,21,3,2,2,31
2024-03-25 03:30:00,0,0,17,0,0,0,17
2024-03-25 03:40:00,1,1,13,3,2,2,22
2024-03-25 03:50:00,0,0,61,1,1,1,64
2024-03-25 04:00:00,1,1,0,2,2,3,9
2024-03-25 04:10:00,2,1,2,2,2,4,13
2024-03-25 04:20:00,6,6,0,4,2,0,18
2024-03-25 04:30:00,2,2,0,3,3,3,13
2024-03-25 04:40:00,2,1,1,7,5,9,25
2024-03-25 04:50:00,5,3,3,4,4,5,24
2024-03-25 05:00:00,3,1,7,8,8,8,35
2024-03-25 05:10:00,1,0,7,7,6,7,28
2024-03-25 05:20:00,9,8,11,11,11,12,62
2024-03-25 05:30:00,11,6,7,12,11,12,59
2024-03-25 05:40:00,13,10,33,16,18,12,102
2024-03-25 05:50:00,15,9,28,17,16,9,94
2024-03-25 06:00:00,9,6,152,18,17,11,213
2024-03-25 06:10:00,21,16,9,25,23,17,111
2024-03-25 06:20:00,12,9,25,26,26,16,114
2024-03-25 06:30:00,17,16,21,28,27,18,127
2024-03-25 06:40:00,20,12,11,34,30,21,128
2024-03-25 06:50:00,21,11,9,36,36,17,130
2024-03-25 07:00:00,19,16,10,26,25,14,110
2024-03-25 07:10:00,26,22,19,29,27,18,141
2024-03-25 07:20:00,34,22,15,32,31,22,156
2024-03-25 07:30:00,31,24,26,39,36,31,187
2024-03-25 07:40:00,28,19,26,41,37,27,178
2024-03-25 07:50:00,31,21,45,41,41,27,206
2024-03-25 08:00:00,38,23,53,41,40,25,220
2024-03-25 08:10:00,25,19,70,41,43,26,224
2024-03-25 08:20:00,42,28,37,53,35,43,238
2024-03-25 08:30:00,29,25,30,59,50,45,238
2024-03-25 08:40:00,28,21,20,45,44,29,187
2024-03-25 08:50:00,29,21,16,35,34,26,161
2024-03-25 09:00:00,32,26,20,31,29,25,163
2024-03-25 09:10:00,33,31,36,46,41,32,219
2024-03-25 09:20:00,38,25,92,43,41,26,265
2024-03-25 09:30:00,39,35,25,36,34,24,193
2024-03-25 09:40:00,32,24,40,46,42,23,207
2024-03-25 09:50:00,25,21,31,33,32,24,166
2024-03-25 10:00:00,31,20,34,38,37,26,186
2024-03-25 10:10:00,33,28,24,29,27,22,163
2024-03-25 10:20:00,48,29,41,47,49,32,246
2024-03-25 10:30:00,34,24,14,41,38,23,174
2024-03-25 10:40:00,44,32,20,39,38,23,196
2024-03-25 10:50:00,44,24,21,47,46,24,206
2024-03-25 11:00:00,33,24,21,40,39,28,185
2024-03-25 11:10:00,37,21,27,39,39,25,188
2024-03-25 11:20:00,46,28,41,25,28,14,182
2024-03-25 11:30:00,46,30,31,37,38,24,206
2024-03-25 11:40:00,30,18,12,32,34,26,152
2024-03-25 11:50:00,47,27,25,53,48,26,226
2024-03-25 12:00:00,35,22,16,48,41,23,185
2024-03-25 12:10:00,36,27,11,36,37,30,177
2024-03-25 12:20:00,28,23,19,50,48,31,199
2024-03-25 12:30:00,31,20,11,28,28,18,136
2024-03-25 12:40:00,35,23,17,33,35,27,170
2024-03-25 12:50:00,34,25,19,44,39,40,201
2024-03-25 13:00:00,37,28,10,33,29,21,158
2024-03-25 13:10:00,36,27,15,48,45,29,200
2024-03-25 13:20:00,31,18,16,40,42,26,173
2024-03-25 13:30:00,33,22,21,49,46,37,208
2024-03-25 13:40:00,31,20,15,33,33,18,150
2024-03-25 13:50:00,28,22,26,51,50,31,208
2024-03-25 14:00:00,30,25,21,32,34,24,166
2024-03-25 14:10:00,29,21,24,46,47,26,193
2024-03-25 14:20:00,56,29,19,34,33,36,207
2024-03-25 14:30:00,39,28,12,30,30,24,163
2024-03-25 14:40:00,48,34,20,42,38,26,208
2024-03-25 14:50:00,31,33,13,27,26,23,153
2024-03-25 15:00:00,51,42,17,48,54,24,236
2024-03-25 15:10:00,49,29,43,52,51,40,264
2024-03-25 15:20:00,48,26,34,47,45,27,227
2024-03-25 15:30:00,49,35,34,46,46,23,233
2024-03-25 15:40:00,54,33,30,39,40,30,226
2024-03-25 15:50:00,82,38,38,42,40,25,265
2024-03-25 16:00:00,63,48,79,51,54,36,331
2024-03-25 16:10:00,40,31,26,38,37,23,195
2024-03-25 16:20:00,64,41,42,44,42,28,261
2024-03-25 16:30:00,49,28,18,44,43,32,214
2024-03-25 16:40:00,56,40,21,46,47,32,242
2024-03-25 16:50:00,38,33,20,45,42,35,213
2024-03-25 17:00:00,42,24,16,54,52,28,216
2024-03-25 17:10:00,41,23,21,40,37,34,196
2024-03-25 17:20:00,54,31,25,51,50,30,241
2024-03-25 17:30:00,39,26,34,44,43,34,220
2024-03-25 17:40:00,46,29,90,43,46,29,283
2024-03-25 17:50:00,48,20,41,39,35,20,203
2024-03-25 18:00:00,60,19,31,41,40,24,215
2024-03-25 18:10:00,46,35,23,36,34,22,196
2024-03-25 18:20:00,45,19,24,35,31,27,181
2024-03-25 18:30:00,30,21,34,39,38,25,187
2024-03-25 18:40:00,37,24,17,27,27,16,148
2024-03-25 18:50:00,34,25,10,35,35,30,169
2024-03-25 19:00:00,36,24,21,27,28,31,167
2024-03-25 19:10:00,26,17,8,26,27,16,120
2024-03-25 19:20:00,31,21,11,38,35,44,180
2024-03-25 19:30:00,33,19,11,29,27,21,140
2024-03-25 19:40:00,26,17,10,24,21,16,114
2024-03-25 19:50:00,24,16,11,22,19,24,116
2024-03-25 20:00:00,40,19,23,31,33,32,178
2024-03-25 20:10:00,26,23,5,13,10,10,87
2024-03-25 20:20:00,21,16,15,16,16,18,102
2024-03-25 20:30:00,16,8,12,23,21,21,101
2024-03-25 20:40:00,25,15,9,21,25,20,115
2024-03-25 20:50:00,27,13,7,15,15,14,91
2024-03-25 21:00:00,16,10,15,20,17,20,98
2024-03-25 21:10:00,20,15,2,14,10,11,72
2024-03-25 21:20:00,24,16,1,12,13,12,78
2024-03-25 21:30:00,19,15,5,14,10,11,74
2024-03-25 21:40:00,22,15,19,17,17,17,107
2024-03-25 21:50:00,9,8,36,16,17,15,101
2024-03-25 22:00:00,17,16,390,13,12,12,460
2024-03-25 22:10:00,20,15,290,13,12,14,364
2024-03-25 22:20:00,16,9,14,11,10,14,74
2024-03-25 22:30:00,10,8,56,9,8,8,99
2024-03-25 22:40:00,16,11,21,10,8,8,74
2024-03-25 22:50:00,12,11,21,12,11,16,83
2024-03-25 23:00:00,15,17,31,15,15,10,103
2024-03-25 23:10:00,9,7,34,9,10,8,77
2024-03-25 23:20:00,10,9,17,8,8,9,61
2024-03-25 23:30:00,5,5,1,8,8,11,38
2024-03-25 23:40:00,5,6,0,4,3,4,22
2024-03-25 23:50:00,1,1,126,5,6,5,144
2024-03-26 00:00:00,6,4,196,2,1,1,210
2024-03-26 00:10:00,2,2,24,3,3,2,36
2024-03-26 00:20:00,6,6,36,12,10,11,81
2024-03-26 00:30:00,4,3,20,7,7,5,46
2024-03-26 00:40:00,4,2,39,3,2,2,52
2024-03-26 00:50:00,7,5,25,6,4,5,52
2024-03-26 01:00:00,3,3,14,8,7,9,44
2024-03-26 01:10:00,1,1,8,3,3,3,19
2024-03-26 01:20:00,6,3,45,4,2,3,63
2024-03-26 01:30:00,2,0,52,2,2,3,61
2024-03-26 01:40:00,1,1,25,1,0,0,28
2024-03-26 01:50:00,3,2,61,3,2,3,74
2024-03-26 02:00:00,0,0,185,1,1,1,188
2024-03-26 02:10:00,2,2,43,3,2,2,54
2024-03-26 02:20:00,5,4,280,3,0,0,292
2024-03-26 02:30:00,5,3,161,3,2,2,176
2024-03-26 02:40:00,1,1,48,3,2,4,59
2024-03-26 02:50:00,0,0,113,1,0,0,114
2024-03-26 03:00:00,2,2,63,0,0,0,67
2024-03-26 03:10:00,2,3,190,3,2,3,203
2024-03-26 03:20:00,0,0,70,3,3,4,80
2024-03-26 03:30:00,2,2,99,0,0,0,103
2024-03-26 03:40:00,1,1,42,1,1,1,47
2024-03-26 03:50:00,2,2,135,2,3,2,146
2024-03-26 04:00:00,1,1,0,0,0,0,2
2024-03-26 04:10:00,0,0,0,2,2,3,7
2024-03-26 04:20:00,3,5,0,0,0,0,8
2024-03-26 04:30:00,6,6,0,6,5,5,28
2024-03-26 04:40:00,2,0,3,5,6,8,24
2024-03-26 04:50:00,3,1,10,8,7,7,36
2024-03-26 05:00:00,3,2,8,8,8,6,35
2024-03-26 05:10:00,5,1,6,4,4,4,24
2024-03-26 05:20:00,8,7,23,13,12,9,72
2024-03-26 05:30:00,9,7,15,7,7,8,53
2024-03-26 05:40:00,11,9,21,16,17,13,87
2024-03-26 05:50:00,13,10,50,22,21,17,133
2024-03-26 06:00:00,10,7,120,16,15,14,182
2024-03-26 06:10:00,16,16,155,28,31,18,264
2024-03-26 06:20:00,17,14,171,33,31,21,287
2024-03-26 06:30:00,11,8,200,33,32,23,307
2024-03-26 06:40:00,22,20,65,22,23,13,165
2024-03-26 06:50:00,20,13,14,39,38,29,153
2024-03-26 07:00:00,22,16,7,33,33,25,136
2024-03-26 07:10:00,19,15,34,36,34,23,161
2024-03-26 07:20:00,36,20,63,40,41,28,228
2024-03-26 07:30:00,38,20,83,41,38,19,239
2024-03-26 07:40:00,34,24,26,41,41,26,192
2024-03-26 07:50:00,23,14,34,34,34,25,164
2024-03-26 08:00:00,22,14,25,32,34,20,147
2024-03-26 08:10:00,31,18,23,28,23,16,139
2024-03-26 08:20:00,39,25,50,37,38,24,213
2024-03-26 08:30:00,32,18,41,42,45,27,205
2024-03-26 08:40:00,31,23,12,29,25,21,141
2024-03-26 08:50:00,25,15,21,42,45,26,174
2024-03-26 09:00:00,41,24,10,39,39,29,182
2024-03-26 09:10:00,32,22,17,32,34,20,157
2024-03-26 09:20:00,37,25,22,25,24,19,152
2024-03-26 09:30:00,31,14,26,36,36,23,166
2024-03-26 09:40:00,30,19,28,39,39,25,180
2024-03-26 09:50:00,34,23,81,38,40,17,233
2024-03-26 10:00:00,44,29,71,50,50,34,278
2024-03-26 10:10:00,24,22,49,34,34,25,188
2024-03-26 10:20:00,41,23,48,38,37,24,211
2024-03-26 10:30:00,38,23,36,41,39,26,203
2024-03-26 10:40:00,32,23,23,83,48,33,242
2024-03-26 10:50:00,24,18,22,41,43,26,174
2024-03-26 11:00:00,39,26,15,38,38,22,178
2024-03-26 11:10:00,42,28,22,49,49,27,217
2024-03-26 11:20:00,44,29,12,25,22,22,154
2024-03-26 11:30:00,31,27,22,35,34,20,169
2024-03-26 11:40:00,44,26,37,40,40,22,209
2024-03-26 11:50:00,34,22,17,45,40,27,185
2024-03-26 12:00:00,43,25,25,32,36,23,184
2024-03-26 12:10:00,28,17,23,36,28,22,154
2024-03-26 12:20:00,34,25,22,44,43,24,192
2024-03-26 12:30:00,40,23,22,35,36,21,177
2024-03-26 12:40:00,36,27,23,49,50,31,216
2024-03-26 12:50:00,33,21,16,26,25,27,148
2024-03-26 13:00:00,34,23,14,30,27,23,151
2024-03-26 13:10:00,27,21,10,35,37,24,154
2024-03-26 13:20:00,38,34,12,32,31,21,168
2024-03-26 13:30:00,43,29,26,40,44,28,210
2024-03-26 13:40:00,44,31,79,40,38,28,260
2024-03-26 13:50:00,42,27,16,41,39,31,196
2024-03-26 14:00:00,37,24,26,32,33,20,172
2024-03-26 14:10:00,52,31,48,40,41,25,237
2024-03-26 14:20:00,43,33,31,43,44,33,227
2024-03-26 14:30:00,52,42,30,48,44,33,249
2024-03-26 14:40:00,46,36,27,43,37,27,216
2024-03-26 14:50:00,47,33,25,39,38,31,213
2024-03-26 15:00:00,35,28,34,51,51,32,231
2024-03-26 15:10:00,49,29,36,52,49,41,256
2024-03-26 15:20:00,56,28,39,48,46,24,241
2024-03-26 15:30:00,51,33,19,44,44,25,216
2024-03-26 15:40:00,52,30,14,44,46,29,215
2024-03-26 15:50:00,49,30,20,48,44,30,221
2024-03-26 16:00:00,41,26,32,38,42,30,209
2024-03-26 16:10:00,63,33,36,47,46,23,248
2024-03-26 16:20:00,50,33,45,46,43,26,243
2024-03-26 16:30:00,45,38,32,44,45,29,233
2024-03-26 16:40:00,50,23,42,50,49,30,244
2024-03-26 16:50:00,48,29,33,44,39,27,220
2024-03-26 17:00:00,40,23,26,45,41,29,204
2024-03-26 17:10:00,59,23,38,42,42,27,231
2024-03-26 17:20:00,54,38,35,48,45,32,252
2024-03-26 17:30:00,42,30,29,46,44,30,221
2024-03-26 17:40:00,53,32,17,45,44,38,229
2024-03-26 17:50:00,37,31,17,35,38,27,185
2024-03-26 18:00:00,49,31,29,44,45,29,227
2024-03-26 18:10:00,46,23,23,50,51,30,223
2024-03-26 18:20:00,46,33,28,43,45,27,222
2024-03-26 18:30:00,46,26,25,39,37,32,205
2024-03-26 18:40:00,35,23,22,38,39,24,181
2024-03-26 18:50:00,42,22,24,45,42,27,202
2024-03-26 19:00:00,27,18,17,29,31,30,152
2024-03-26 19:10:00,36,24,11,25,26,28,150
2024-03-26 19:20:00,31,25,10,16,15,17,114
2024-03-26 19:30:00,23,17,12,31,28,23,134
2024-03-26 19:40:00,25,18,17,26,24,14,124
2024-03-26 19:50:00,29,18,11,29,32,24,143
2024-03-26 20:00:00,24,23,6,21,18,18,110
2024-03-26 20:10:00,27,17,6,19,19,16,104
2024-03-26 20:20:00,29,23,4,18,16,22,112
2024-03-26 20:30:00,22,16,8,20,17,20,103
2024-03-26 20:40:00,25,13,7,17,15,16,93
2024-03-26 20:50:00,17,12,9,15,14,10,77
2024-03-26 21:00:00,17,10,7,16,16,13,79
2024-03-26 21:10:00,16,13,9,21,19,14,92
2024-03-26 21:20:00,21,11,6,17,15,14,84
2024-03-26 21:30:00,18,12,11,14,13,17,85
2024-03-26 21:40:00,18,13,9,16,15,13,84
2024-03-26 21:50:00,22,16,10,18,20,20,106
2024-03-26 22:00:00,9,8,1,12,10,11,51
2024-03-26 22:10:00,18,13,5,13,14,11,74
2024-03-26 22:20:00,17,15,3,10,8,14,67
2024-03-26 22:30:00,14,11,5,8,7,6,51
2024-03-26 22:40:00,16,13,5,14,12,13,73
2024-03-26 22:50:00,20,12,4,9,8,9,62
2024-03-26 23:00:00,7,7,4,13,14,10,55
2024-03-26 23:10:00,11,9,5,7,8,8,48
2024-03-26 23:20:00,6,6,4,6,6,5,33
2024-03-26 23:30:00,14,13,11,8,8,7,61
2024-03-26 23:40:00,10,9,5,5,4,7,40
2024-03-26 23:50:00,7,6,2,3,2,1,21
2024-03-27 00:00:00,8,7,4,5,3,6,33
2024-03-27 00:10:00,5,4,1,4,4,4,22
2024-03-27 00:20:00,4,3,7,7,6,5,32
2024-03-27 00:30:00,4,4,4,5,6,4,27
2024-03-27 00:40:00,2,2,2,6,5,6,23
2024-03-27 00:50:00,5,4,3,4,3,6,25
2024-03-27 01:00:00,7,4,1,7,4,3,26
2024-03-27 01:10:00,3,3,5,4,3,3,21
2024-03-27 01:20:00,2,2,2,3,3,1,13
2024-03-27 01:30:00,2,2,6,1,1,1,13
2024-03-27 01:40:00,3,3,17,2,1,1,27
2024-03-27 01:50:00,3,3,5,5,4,4,24
2024-03-27 02:00:00,6,5,11,3,2,1,28
2024-03-27 02:10:00,3,3,5,4,2,3,20
2024-03-27 02:20:00,3,4,3,4,3,3,20
2024-03-27 02:30:00,1,1,13,0,1,3,19
2024-03-27 02:40:00,2,1,10,4,3,3,23
2024-03-27 02:50:00,2,2,15,3,4,4,30
2024-03-27 03:00:00,1,1,7,3,2,3,17
2024-03-27 03:10:00,2,3,18,3,2,2,30
2024-03-27 03:20:00,1,1,12,2,1,2,19
2024-03-27 03:30:00,0,0,35,0,0,0,35
2024-03-27 03:40:00,1,1,26,1,1,2,32
2024-03-27 03:50:00,1,1,32,2,2,2,40
2024-03-27 04:00:00,0,0,5,0,0,0,5
2024-03-27 04:10:00,1,0,1,4,4,5,15
2024-03-27 04:20:00,4,3,0,2,2,2,13
2024-03-27 04:30:00,3,3,0,7,5,5,23
2024-03-27 04:40:00,1,1,0,5,5,6,18
2024-03-27 04:50:00,2,1,3,9,9,8,32
2024-03-27 05:00:00,1,1,3,5,4,7,21
2024-03-27 05:10:00,7,4,6,13,13,14,57
2024-03-27 05:20:00,10,4,14,12,11,10,61
2024-03-27 05:30:00,8,9,14,13,10,6,60
2024-03-27 05:40:00,10,7,12,21,20,14,84
2024-03-27 05:50:00,17,11,22,25,26,16,117
2024-03-27 06:00:00,10,8,17,16,15,14,80
2024-03-27 06:10:00,25,19,42,26,28,11,151
2024-03-27 06:20:00,12,11,42,32,31,20,148
2024-03-27 06:30:00,20,7,27,33,32,17,136
2024-03-27 06:40:00,25,18,9,32,32,22,138
2024-03-27 06:50:00,29,20,19,40,43,25,176
2024-03-27 07:00:00,28,18,22,36,35,31,170
2024-03-27 07:10:00,18,13,27,34,33,15,140
2024-03-27 07:20:00,37,24,34,30,30,17,172
2024-03-27 07:30:00,39,21,36,31,32,25,184
2024-03-27 07:40:00,29,15,26,30,32,21,153
2024-03-27 07:50:00,36,27,26,34,34,16,173
2024-03-27 08:00:00,38,22,47,51,51,26,235
2024-03-27 08:10:00,26,21,42,41,39,26,195
2024-03-27 08:20:00,27,21,45,51,50,35,229
2024-03-27 08:30:00,36,20,32,39,38,25,190
2024-03-27 08:40:00,37,21,21,33,35,25,172
2024-03-27 08:50:00,34,18,29,61,57,23,222
2024-03-27 09:00:00,42,32,21,32,33,22,182
2024-03-27 09:10:00,35,19,17,31,30,23,155
2024-03-27 09:20:00,35,20,13,31,30,24,153
2024-03-27 09:30:00,28,16,15,28,27,19,133
2024-03-27 09:40:00,35,28,27,40,43,28,201
2024-03-27 09:50:00,52,26,42,48,46,29,243
2024-03-27 10:00:00,31,18,33,39,39,20,180
2024-03-27 10:10:00,43,27,28,41,39,15,193
2024-03-27 10:20:00,42,32,43,41,43,27,228
2024-03-27 10:30:00,31,23,30,39,34,29,186
2024-03-27 10:40:00,43,30,22,49,40,31,215
2024-03-27 10:50:00,37,28,12,35,36,20,168
2024-03-27 11:00:00,49,31,18,46,45,25,214
2024-03-27 11:10:00,35,30,15,51,49,22,202
2024-03-27 11:20:00,40,28,17,40,40,31,196
2024-03-27 11:30:00,33,25,32,47,53,31,221
2024-03-27 11:40:00,37,18,41,48,43,26,213
2024-03-27 11:50:00,37,26,19,27,27,19,155
2024-03-27 12:00:00,37,26,37,43,45,28,216
2024-03-27 12:10:00,36,28,22,37,35,31,189
2024-03-27 12:20:00,40,25,23,42,38,30,198
2024-03-27 12:30:00,40,31,20,34,34,24,183
2024-03-27 12:40:00,41,30,21,50,48,27,217
2024-03-27 12:50:00,38,26,16,35,35,29,179
2024-03-27 13:00:00,40,27,26,48,46,31,218
2024-03-27 13:10:00,43,28,24,41,42,31,209
2024-03-27 13:20:00,29,18,16,40,37,28,168
2024-03-27 13:30:00,30,24,16,39,35,26,170
2024-03-27 13:40:00,44,27,15,35,33,23,177
2024-03-27 13:50:00,34,22,30,36,36,30,188
2024-03-27 14:00:00,44,24,19,26,26,21,160
2024-03-27 14:10:00,46,24,23,32,32,25,182
2024-03-27 14:20:00,46,26,36,44,46,31,229
2024-03-27 14:30:00,44,31,30,42,40,31,218
2024-03-27 14:40:00,62,32,47,41,35,22,239
2024-03-27 14:50:00,45,30,23,34,34,20,186
2024-03-27 15:00:00,59,25,26,44,43,31,228
2024-03-27 15:10:00,39,23,19,38,35,15,169
2024-03-27 15:20:00,52,22,17,47,43,29,210
2024-03-27 15:30:00,53,32,18,35,36,22,196
2024-03-27 15:40:00,46,23,26,38,43,22,198
2024-03-27 15:50:00,59,25,28,50,45,33,240
2024-03-27 16:00:00,60,30,23,45,46,29,233
2024-03-27 16:10:00,61,28,31,51,50,29,250
2024-03-27 16:20:00,58,37,37,58,55,30,275
2024-03-27 16:30:00,62,33,39,50,51,31,266
2024-03-27 16:40:00,47,25,40,52,52,28,244
2024-03-27 16:50:00,48,26,18,32,32,20,176
2024-03-27 17:00:00,57,25,21,43,43,23,212
2024-03-27 17:10:00,42,25,20,45,47,31,210
2024-03-27 17:20:00,52,30,6,30,27,24,169
2024-03-27 17:30:00,51,30,20,37,37,24,199
2024-03-27 17:40:00,47,36,11,45,45,25,209
2024-03-27 17:50:00,54,26,20,51,50,29,230
2024-03-27 18:00:00,46,21,15,34,37,19,172
2024-03-27 18:10:00,49,25,15,35,33,18,175
2024-03-27 18:20:00,54,32,30,46,42,28,232
2024-03-27 18:30:00,37,24,19,31,33,23,167
2024-03-27 18:40:00,56,28,17,34,35,20,190
2024-03-27 18:50:00,36,22,15,29,26,17,145
2024-03-27 19:00:00,38,19,19,35,37,18,166
2024-03-27 19:10:00,45,26,10,28,28,13,150
2024-03-27 19:20:00,25,17,16,23,27,14,122
2024-03-27 19:30:00,33,15,9,21,23,15,116
2024-03-27 19:40:00,28,19,6,23,24,21,121
2024-03-27 19:50:00,37,17,9,27,22,15,127
2024-03-27 20:00:00,31,19,10,23,24,19,126
2024-03-27 20:10:00,30,19,14,27,26,16,132
2024-03-27 20:20:00,30,22,15,25,24,18,134
2024-03-27 20:30:00,19,15,14,18,19,14,99
2024-03-27 20:40:00,18,11,14,15,14,8,80
2024-03-27 20:50:00,14,12,6,17,18,16,83
2024-03-27 21:00:00,15,11,7,15,12,11,71
2024-03-27 21:10:00,15,14,16,19,21,16,101
2024-03-27 21:20:00,22,16,3,16,11,13,81
2024-03-27 21:30:00,39,26,9,24,18,16,132
2024-03-27 21:40:00,25,19,5,16,14,15,94
2024-03-27 21:50:00,29,20,3,17,12,14,95
2024-03-27 22:00:00,9,7,2,17,16,16,67
2024-03-27 22:10:00,14,9,6,15,16,16,76
2024-03-27 22:20:00,15,16,3,16,15,13,78
2024-03-27 22:30:00,14,11,4,10,10,12,61
2024-03-27 22:40:00,11,10,2,4,3,3,33
2024-03-27 22:50:00,10,9,3,8,8,7,45
2024-03-27 23:00:00,9,8,3,6,6,10,42
2024-03-27 23:10:00,12,11,7,14,12,9,65
2024-03-27 23:20:00,7,9,1,7,8,5,37
2024-03-27 23:30:00,8,6,3,8,5,7,37
2024-03-27 23:40:00,7,8,7,6,5,2,35
2024-03-27 23:50:00,6,5,2,4,3,3,23
2024-03-28 00:00:00,9,9,9,10,10,12,59
2024-03-28 00:10:00,6,4,3,7,5,4,29
2024-03-28 00:20:00,5,5,26,9,9,5,59
2024-03-28 00:30:00,6,6,32,4,6,6,60
2024-03-28 00:40:00,5,3,31,4,3,6,52
2024-03-28 00:50:00,3,3,4,2,2,2,16
2024-03-28 01:00:00,1,1,16,0,0,0,18
2024-03-28 01:10:00,4,4,4,0,0,0,12
2024-03-28 01:20:00,3,2,3,3,4,4,19
2024-03-28 01:30:00,3,1,6,3,3,3,19
2024-03-28 01:40:00,2,2,6,8,7,6,31
2024-03-28 01:50:00,5,5,6,3,3,3,25
2024-03-28 02:00:00,1,1,13,1,0,1,17
2024-03-28 02:10:00,2,1,18,1,0,0,22
2024-03-28 02:20:00,1,1,8,0,0,0,10
2024-03-28 02:30:00,1,1,37,1,1,1,42
2024-03-28 02:40:00,2,2,62,2,1,3,72
2024-03-28 02:50:00,2,1,7,4,3,2,19
2024-03-28 03:00:00,2,2,37,3,2,2,48
2024-03-28 03:10:00,0,0,23,5,5,6,39
2024-03-28 03:20:00,2,3,52,2,2,2,63
2024-03-28 03:30:00,2,2,80,4,4,4,96
2024-03-28 03:40:00,2,2,20,1,1,1,27
2024-03-28 03:50:00,1,0,47,3,3,3,57
2024-03-28 04:00:00,1,1,1,1,1,1,6
2024-03-28 04:10:00,3,2,0,2,2,4,13
2024-03-28 04:20:00,1,1,0,2,2,2,8
2024-03-28 04:30:00,3,3,2,5,4,6,23
2024-03-28 04:40:00,2,1,2,4,3,4,16
2024-03-28 04:50:00,1,0,9,7,7,7,31
2024-03-28 05:00:00,4,8,2,2,2,1,19
2024-03-28 05:10:00,7,5,12,8,8,8,48
2024-03-28 05:20:00,7,5,14,13,13,9,61
2024-03-28 05:30:00,9,7,6,11,10,10,53
2024-03-28 05:40:00,9,6,10,15,15,11,66
2024-03-28 05:50:00,7,5,14,11,11,15,63
2024-03-28 06:00:00,7,6,29,18,17,13,90
2024-03-28 06:10:00,20,17,11,15,14,9,86
2024-03-28 06:20:00,10,9,19,30,33,18,119
2024-03-28 06:30:00,13,8,9,26,25,14,95
2024-03-28 06:40:00,13,9,8,30,31,22,113
2024-03-28 06:50:00,28,16,8,29,29,19,129
2024-03-28 07:00:00,15,12,15,35,36,28,141
2024-03-28 07:10:00,24,15,14,33,31,19,136
2024-03-28 07:20:00,24,8,24,40,40,27,163
2024-03-28 07:30:00,32,17,13,24,22,17,125
2024-03-28 07:40:00,29,19,23,30,33,24,158
2024-03-28 07:50:00,34,20,27,51,51,35,218
2024-03-28 08:00:00,30,23,10,27,30,18,138
2024-03-28 08:10:00,23,20,32,35,31,27,168
2024-03-28 08:20:00,32,25,34,40,38,26,195
2024-03-28 08:30:00,32,23,34,35,38,21,183
2024-03-28 08:40:00,32,17,40,45,47,28,209
2024-03-28 08:50:00,31,20,36,45,40,24,196
2024-03-28 09:00:00,32,19,11,43,42,23,170
2024-03-28 09:10:00,29,23,10,32,33,23,150
2024-03-28 09:20:00,36,24,15,46,43,25,189
2024-03-28 09:30:00,40,24,11,35,35,26,171
2024-03-28 09:40:00,32,21,9,41,39,23,165
2024-03-28 09:50:00,43,19,26,51,44,27,210
2024-03-28 10:00:00,34,24,19,31,30,20,158
2024-03-28 10:10:00,32,22,27,32,32,20,165
2024-03-28 10:20:00,31,28,37,46,45,29,216
2024-03-28 10:30:00,31,20,32,36,36,26,181
2024-03-28 10:40:00,49,28,20,28,55,17,197
2024-03-28 10:50:00,46,28,29,39,56,32,230
2024-03-28 11:00:00,25,19,32,44,42,27,189
2024-03-28 11:10:00,42,23,21,34,34,25,179
2024-03-28 11:20:00,46,34,17,48,46,30,221
2024-03-28 11:30:00,35,28,30,50,50,30,223
2024-03-28 11:40:00,39,23,13,40,37,25,177
2024-03-28 11:50:00,31,23,33,39,40,26,192
2024-03-28 12:00:00,38,24,31,40,42,32,207
2024-03-28 12:10:00,50,28,50,44,41,29,242
2024-03-28 12:20:00,32,28,35,42,45,31,213
2024-03-28 12:30:00,38,22,31,36,33,22,182
2024-03-28 12:40:00,49,24,30,55,54,35,247
2024-03-28 12:50:00,39,27,16,35,36,41,194
2024-03-28 13:00:00,46,30,36,44,41,33,230
2024-03-28 13:10:00,38,27,14,37,35,24,175
2024-03-28 13:20:00,41,23,14,40,39,26,183
2024-03-28 13:30:00,51,29,19,45,43,28,215
2024-03-28 13:40:00,56,32,22,49,47,31,237
2024-03-28 13:50:00,48,35,18,51,47,40,239
2024-03-28 14:00:00,54,27,23,44,45,35,228
2024-03-28 14:10:00,47,35,20,44,42,32,220
2024-03-28 14:20:00,45,22,25,38,42,20,192
2024-03-28 14:30:00,51,38,38,56,52,31,266
2024-03-28 14:40:00,59,39,28,41,43,27,237
2024-03-28 14:50:00,37,23,39,57,49,31,236
2024-03-28 15:00:00,53,22,41,50,51,24,241
2024-03-28 15:10:00,46,24,35,47,47,29,228
2024-03-28 15:20:00,56,34,38,56,49,27,260
2024-03-28 15:30:00,55,39,23,51,52,37,257
2024-03-28 15:40:00,60,23,23,52,57,35,250
2024-03-28 15:50:00,44,23,16,43,39,26,191
2024-03-28 16:00:00,48,25,19,54,56,37,239
2024-03-28 16:10:00,62,37,36,49,45,28,257
2024-03-28 16:20:00,50,34,30,52,49,27,242
2024-03-28 16:30:00,75,26,28,40,39,26,234
2024-03-28 16:40:00,48,24,33,50,47,26,228
2024-03-28 16:50:00,54,27,34,49,49,33,246
2024-03-28 17:00:00,53,28,41,56,55,39,272
2024-03-28 17:10:00,48,32,21,35,39,25,200
2024-03-28 17:20:00,50,26,43,47,50,33,249
2024-03-28 17:30:00,51,27,25,32,27,25,187
2024-03-28 17:40:00,50,29,24,43,36,25,207
2024-03-28 17:50:00,46,32,23,42,41,29,213
2024-03-28 18:00:00,41,27,21,40,41,32,202
2024-03-28 18:10:00,27,17,11,43,43,22,163
2024-03-28 18:20:00,46,24,16,38,38,32,194
2024-03-28 18:30:00,36,26,16,31,30,23,162
2024-03-28 18:40:00,45,26,17,25,26,20,159
2024-03-28 18:50:00,40,23,17,39,44,26,189
2024-03-28 19:00:00,48,27,19,40,34,30,198
2024-03-28 19:10:00,36,24,7,36,31,31,165
2024-03-28 19:20:00,36,27,18,33,32,22,168
2024-03-28 19:30:00,26,21,12,26,26,28,139
2024-03-28 19:40:00,19,18,9,20,24,15,105
2024-03-28 19:50:00,24,15,23,25,27,18,132
2024-03-28 20:00:00,36,23,30,32,29,23,173
2024-03-28 20:10:00,35,25,5,16,16,19,116
2024-03-28 20:20:00,36,22,14,24,24,21,141
2024-03-28 20:30:00,25,22,6,18,17,22,110
2024-03-28 20:40:00,22,14,3,25,23,20,107
2024-03-28 20:50:00,22,17,7,19,16,15,96
2024-03-28 21:00:00,21,14,19,31,32,26,143
2024-03-28 21:10:00,22,14,16,25,22,17,116
2024-03-28 21:20:00,23,18,11,21,22,15,110
2024-03-28 21:30:00,23,11,7,14,9,11,75
2024-03-28 21:40:00,27,19,10,15,13,12,96
2024-03-28 21:50:00,18,16,6,19,19,20,98
2024-03-28 22:00:00,15,12,9,18,16,14,84
2024-03-28 22:10:00,20,14,10,17,15,15,91
2024-03-28 22:20:00,16,10,12,19,18,15,90
2024-03-28 22:30:00,28,24,11,20,18,17,118
2024-03-28 22:40:00,13,11,3,14,15,14,70
2024-03-28 22:50:00,18,16,5,19,15,14,87
2024-03-28 23:00:00,9,9,6,12,10,13,59
2024-03-28 23:10:00,20,17,12,11,16,12,88
2024-03-28 23:20:00,12,9,8,14,14,18,75
2024-03-28 23:30:00,16,14,12,13,10,13,78
2024-03-28 23:40:00,10,8,4,16,14,14,66
2024-03-28 23:50:00,6,3,2,9,9,8,37
2024-03-29 00:00:00,10,8,3,9,12,12,54
2024-03-29 00:10:00,8,6,8,4,4,5,35
2024-03-29 00:20:00,8,8,7,9,10,9,51
2024-03-29 00:30:00,9,9,10,4,3,4,39
2024-03-29 00:40:00,9,7,13,11,10,10,60
2024-03-29 00:50:00,5,5,8,6,5,5,34
2024-03-29 01:00:00,10,8,16,7,7,6,54
2024-03-29 01:10:00,4,6,0,4,3,3,20
2024-03-29 01:20:00,9,9,24,13,14,8,77
2024-03-29 01:30:00,4,3,6,8,6,5,32
2024-03-29 01:40:00,1,1,16,8,8,7,41
2024-03-29 01:50:00,6,6,12,6,4,5,39
2024-03-29 02:00:00,7,7,5,5,3,3,30
2024-03-29 02:10:00,2,2,10,6,4,6,30
2024-03-29 02:20:00,5,5,13,4,3,3,33
2024-03-29 02:30:00,2,2,10,4,3,4,25
2024-03-29 02:40:00,3,4,5,3,2,2,19
2024-03-29 02:50:00,3,3,7,4,3,3,23
2024-03-29 03:00:00,1,1,22,3,2,2,31
2024-03-29 03:10:00,1,1,36,4,3,3,48
2024-03-29 03:20:00,2,2,7,5,5,5,26
2024-03-29 03:30:00,3,3,2,3,2,3,16
2024-03-29 03:40:00,4,2,1,4,4,4,19
2024-03-29 03:50:00,0,0,16,4,4,4,28
2024-03-29 04:00:00,2,2,7,1,1,1,14
2024-03-29 04:10:00,2,1,0,3,3,3,12
2024-03-29 04:20:00,2,2,1,3,3,3,14
2024-03-29 04:30:00,3,4,0,4,2,2,15
2024-03-29 04:40:00,0,0,0,1,1,1,3
2024-03-29 04:50:00,5,5,18,7,5,4,44
2024-03-29 05:00:00,2,2,12,3,3,3,25
2024-03-29 05:10:00,3,3,8,5,4,4,27
2024-03-29 05:20:00,4,3,8,3,3,3,24
2024-03-29 05:30:00,4,3,1,4,3,3,18
2024-03-29 05:40:00,3,2,0,3,2,2,12
2024-03-29 05:50:00,6,6,0,2,1,1,16
2024-03-29 06:00:00,5,3,2,3,3,4,20
2024-03-29 06:10:00,4,4,2,6,3,3,22
2024-03-29 06:20:00,2,2,2,3,3,2,14
2024-03-29 06:30:00,9,6,2,4,3,3,27
2024-03-29 06:40:00,4,4,2,5,5,5,25
2024-03-29 06:50:00,4,4,2,5,4,4,23
2024-03-29 07:00:00,3,4,0,2,2,2,13
2024-03-29 07:10:00,6,5,1,4,4,4,24
2024-03-29 07:20:00,4,3,1,4,4,4,20
2024-03-29 07:30:00,6,6,3,3,3,4,25
2024-03-29 07:40:00,3,3,0,1,1,2,10
2024-03-29 07:50:00,2,2,0,2,2,2,10
2024-03-29 08:00:00,9,7,0,4,4,4,28
2024-03-29 08:10:00,0,0,0,6,5,6,17
2024-03-29 08:20:00,8,7,3,4,4,6,32
2024-03-29 08:30:00,5,5,3,4,4,4,25
2024-03-29 08:40:00,7,7,6,8,8,9,45
2024-03-29 08:50:00,11,8,4,5,5,7,40
2024-03-29 09:00:00,10,9,3,11,13,12,58
2024-03-29 09:10:00,9,8,5,9,8,10,49
2024-03-29 09:20:00,5,4,1,8,9,8,35
2024-03-29 09:30:00,12,10,2,15,14,12,65
2024-03-29 09:40:00,9,10,7,8,7,8,49
2024-03-29 09:50:00,11,11,4,16,16,14,72
2024-03-29 10:00:00,17,13,6,16,17,17,86
2024-03-29 10:10:00,13,13,9,23,21,15,94
2024-03-29 10:20:00,21,11,7,19,18,12,88
2024-03-29 10:30:00,10,11,2,16,16,14,69
2024-03-29 10:40:00,8,8,3,13,9,13,54
2024-03-29 10:50:00,14,10,3,12,11,11,61
2024-03-29 11:00:00,21,16,6,18,16,14,91
2024-03-29 11:10:00,17,14,5,23,25,14,98
2024-03-29 11:20:00,22,17,3,27,28,17,114
2024-03-29 11:30:00,15,15,1,17,18,14,80
2024-03-29 11:40:00,25,18,5,26,24,20,118
2024-03-29 11:50:00,24,14,6,21,22,20,107
2024-03-29 12:00:00,20,14,14,20,20,17,105
2024-03-29 12:10:00,22,18,8,16,16,14,94
2024-03-29 12:20:00,16,17,8,28,29,22,120
2024-03-29 12:30:00,30,19,18,28,26,17,138
2024-03-29 12:40:00,24,23,10,24,24,17,122
2024-03-29 12:50:00,19,18,12,20,17,12,98
2024-03-29 13:00:00,21,19,25,35,33,24,157
2024-03-29 13:10:00,28,22,5,22,20,18,115
2024-03-29 13:20:00,19,16,9,30,27,22,123
2024-03-29 13:30:00,18,12,3,21,20,15,89
2024-03-29 13:40:00,23,17,6,20,20,12,98
2024-03-29 13:50:00,26,18,3,16,17,9,89
2024-03-29 14:00:00,17,16,2,18,16,15,84
2024-03-29 14:10:00,17,18,6,27,26,21,115
2024-03-29 14:20:00,30,19,11,25,22,23,130
2024-03-29 14:30:00,27,17,14,32,32,19,141
2024-03-29 14:40:00,25,16,11,21,19,15,107
2024-03-29 14:50:00,35,24,17,26,25,17,144
2024-03-29 15:00:00,25,19,9,24,25,19,121
2024-03-29 15:10:00,16,11,4,17,15,13,76
2024-03-29 15:20:00,20,14,9,20,21,15,99
2024-03-29 15:30:00,26,18,2,21,20,14,101
2024-03-29 15:40:00,21,15,4,12,13,12,77
2024-03-29 15:50:00,17,14,3,18,15,13,80
2024-03-29 16:00:00,21,17,5,18,20,17,98
2024-03-29 16:10:00,19,15,7,25,22,16,104
2024-03-29 16:20:00,35,26,12,20,19,12,124
2024-03-29 16:30:00,33,18,14,28,28,21,142
2024-03-29 16:40:00,27,19,19,24,22,21,132
2024-03-29 16:50:00,20,14,10,19,19,18,100
2024-03-29 17:00:00,21,13,9,29,27,19,118
2024-03-29 17:10:00,23,18,10,24,19,17,111
2024-03-29 17:20:00,22,17,15,28,30,27,139
2024-03-29 17:30:00,25,17,18,29,30,20,139
2024-03-29 17:40:00,26,19,10,26,21,18,120
2024-03-29 17:50:00,24,17,10,15,17,17,100
2024-03-29 18:00:00,13,15,4,31,31,21,115
2024-03-29 18:10:00,15,12,4,28,26,19,104
2024-03-29 18:20:00,22,13,4,25,24,25,113
2024-03-29 18:30:00,27,17,8,23,23,20,118
2024-03-29 18:40:00,26,14,26,23,19,14,122
2024-03-29 18:50:00,14,10,13,18,18,15,88
2024-03-29 19:00:00,26,12,8,16,17,11,90
2024-03-29 19:10:00,14,8,7,20,22,17,88
2024-03-29 19:20:00,21,21,9,19,16,16,102
2024-03-29 19:30:00,23,15,9,20,19,20,106
2024-03-29 19:40:00,17,14,7,24,21,14,97
2024-03-29 19:50:00,23,15,9,20,26,13,106
2024-03-29 20:00:00,14,11,5,18,16,10,74
2024-03-29 20:10:00,15,12,7,25,25,19,103
2024-03-29 20:20:00,15,14,5,26,25,20,105
2024-03-29 20:30:00,17,14,7,18,18,14,88
2024-03-29 20:40:00,22,16,2,18,17,15,90
2024-03-29 20:50:00,17,15,6,17,15,9,79
2024-03-29 21:00:00,18,13,4,11,11,7,64
2024-03-29 21:10:00,11,8,3,12,14,9,57
2024-03-29 21:20:00,16,12,4,11,10,11,64
2024-03-29 21:30:00,18,16,1,9,10,9,63
2024-03-29 21:40:00,15,12,10,16,17,11,81
2024-03-29 21:50:00,15,11,6,13,12,8,65
2024-03-29 22:00:00,13,10,5,10,11,8,57
2024-03-29 22:10:00,18,15,6,12,10,12,73
2024-03-29 22:20:00,13,11,4,9,10,7,54
2024-03-29 22:30:00,11,9,4,11,11,10,56
2024-03-29 22:40:00,11,10,4,11,11,7,54
2024-03-29 22:50:00,10,7,4,13,13,12,59
2024-03-29 23:00:00,12,11,2,8,7,7,47
2024-03-29 23:10:00,15,14,6,9,6,6,56
2024-03-29 23:20:00,7,6,9,10,8,8,48
2024-03-29 23:30:00,9,7,4,7,8,8,43
2024-03-29 23:40:00,9,7,4,16,15,14,65
2024-03-29 23:50:00,6,5,3,8,7,7,36
2024-03-30 00:00:00,9,9,4,8,5,4,39
2024-03-30 00:10:00,10,7,2,5,4,4,32
2024-03-30 00:20:00,5,5,2,6,6,4,28
2024-03-30 00:30:00,8,8,3,9,9,9,46
2024-03-30 00:40:00,6,9,1,5,5,5,31
2024-03-30 00:50:00,6,6,6,7,7,6,38
2024-03-30 01:00:00,6,7,1,1,2,4,21
2024-03-30 01:10:00,8,7,7,10,8,7,47
2024-03-30 01:20:00,3,3,5,5,4,4,24
2024-03-30 01:30:00,2,2,3,2,1,1,11
2024-03-30 01:40:00,5,4,5,7,5,6,32
2024-03-30 01:50:00,3,2,7,2,2,2,18
2024-03-30 02:00:00,1,1,2,1,1,1,7
2024-03-30 02:10:00,4,4,2,3,3,3,19
2024-03-30 02:20:00,3,3,2,3,3,3,17
2024-03-30 02:30:00,0,0,9,4,4,3,20
2024-03-30 02:40:00,6,4,12,3,4,3,32
2024-03-30 02:50:00,2,2,7,3,2,1,17
2024-03-30 03:00:00,4,4,3,3,3,2,19
2024-03-30 03:10:00,3,3,9,2,2,2,21
2024-03-30 03:20:00,4,4,11,4,1,1,25
2024-03-30 03:30:00,2,2,4,6,5,4,23
2024-03-30 03:40:00,1,1,9,0,0,0,11
2024-03-30 03:50:00,2,2,7,0,0,0,11
2024-03-30 04:00:00,4,2,1,4,4,4,19
2024-03-30 04:10:00,3,4,0,3,2,2,14
2024-03-30 04:20:00,2,2,0,0,0,0,4
2024-03-30 04:30:00,0,0,0,2,2,2,6
2024-03-30 04:40:00,1,0,1,3,3,3,11
2024-03-30 04:50:00,1,2,1,1,1,1,7
2024-03-30 05:00:00,6,4,31,4,4,4,53
2024-03-30 05:10:00,3,2,12,5,5,4,31
2024-03-30 05:20:00,6,7,8,4,5,5,35
2024-03-30 05:30:00,2,2,1,2,1,3,11
2024-03-30 05:40:00,8,6,0,4,4,5,27
2024-03-30 05:50:00,3,4,4,5,4,4,24
2024-03-30 06:00:00,2,1,5,7,7,7,29
2024-03-30 06:10:00,5,6,1,6,6,4,28
2024-03-30 06:20:00,7,6,2,3,3,3,24
2024-03-30 06:30:00,5,5,2,3,4,3,22
2024-03-30 06:40:00,8,6,3,5,5,4,31
2024-03-30 06:50:00,13,9,3,13,11,9,58
2024-03-30 07:00:00,4,3,1,11,9,10,38
2024-03-30 07:10:00,7,7,2,10,10,8,44
2024-03-30 07:20:00,11,11,2,9,8,7,48
2024-03-30 07:30:00,8,7,0,11,10,9,45
2024-03-30 07:40:00,6,5,8,14,14,10,57
2024-03-30 07:50:00,6,6,8,14,14,9,57
2024-03-30 08:00:00,6,5,17,19,19,15,81
2024-03-30 08:10:00,5,7,4,11,13,11,51
2024-03-30 08:20:00,11,10,9,23,23,22,98
2024-03-30 08:30:00,13,10,9,18,20,17,87
2024-03-30 08:40:00,22,17,3,17,17,15,91
2024-03-30 08:50:00,19,16,13,13,11,10,82
2024-03-30 09:00:00,17,12,9,23,23,19,103
2024-03-30 09:10:00,26,18,11,27,29,18,129
2024-03-30 09:20:00,25,19,10,26,28,20,128
2024-03-30 09:30:00,23,17,10,29,28,18,125
2024-03-30 09:40:00,25,21,7,32,35,17,137
2024-03-30 09:50:00,35,26,28,37,34,24,184
2024-03-30 10:00:00,29,19,16,30,30,25,149
2024-03-30 10:10:00,28,21,8,30,31,19,137
2024-03-30 10:20:00,32,20,20,43,41,25,181
2024-03-30 10:30:00,25,21,10,26,29,20,131
2024-03-30 10:40:00,34,30,16,46,45,20,191
2024-03-30 10:50:00,46,27,20,41,36,26,196
2024-03-30 11:00:00,39,26,15,23,25,17,145
2024-03-30 11:10:00,34,21,33,44,42,29,203
2024-03-30 11:20:00,45,27,30,41,39,27,209
2024-03-30 11:30:00,30,24,17,33,34,24,162
2024-03-30 11:40:00,36,27,16,40,42,28,189
2024-03-30 11:50:00,33,19,16,32,31,28,159
2024-03-30 12:00:00,38,27,9,34,35,26,169
2024-03-30 12:10:00,39,29,21,34,31,18,172
2024-03-30 12:20:00,31,21,26,32,32,18,160
2024-03-30 12:30:00,39,26,24,36,37,25,187
2024-03-30 12:40:00,37,20,26,47,47,32,209
2024-03-30 12:50:00,36,27,31,38,37,27,196
2024-03-30 13:00:00,36,31,21,29,29,19,165
2024-03-30 13:10:00,29,16,29,36,38,22,170
2024-03-30 13:20:00,35,19,35,44,42,30,205
2024-03-30 13:30:00,39,30,33,31,28,23,184
2024-03-30 13:40:00,45,25,27,31,31,24,183
2024-03-30 13:50:00,36,24,17,38,38,28,181
2024-03-30 14:00:00,36,21,16,47,45,30,195
2024-03-30 14:10:00,32,23,11,38,41,30,175
2024-03-30 14:20:00,31,19,18,33,29,22,152
2024-03-30 14:30:00,29,22,40,34,36,23,184
2024-03-30 14:40:00,33,29,27,42,43,24,198
2024-03-30 14:50:00,48,32,14,31,29,22,176
2024-03-30 15:00:00,47,27,25,43,41,34,217
2024-03-30 15:10:00,36,25,17,25,26,19,148
2024-03-30 15:20:00,34,29,26,33,33,25,180
2024-03-30 15:30:00,33,25,19,22,21,24,144
2024-03-30 15:40:00,35,25,38,34,36,27,195
2024-03-30 15:50:00,25,21,21,24,31,20,142
2024-03-30 16:00:00,23,25,14,26,33,18,139
2024-03-30 16:10:00,29,20,12,29,29,23,142
2024-03-30 16:20:00,22,18,16,41,41,30,168
2024-03-30 16:30:00,33,25,12,31,31,23,155
2024-03-30 16:40:00,34,23,7,22,23,21,130
2024-03-30 16:50:00,28,17,26,36,33,22,162
2024-03-30 17:00:00,27,22,25,37,33,31,175
2024-03-30 17:10:00,40,28,20,38,33,26,185
2024-03-30 17:20:00,43,27,16,38,33,23,180
2024-03-30 17:30:00,26,19,18,31,30,20,144
2024-03-30 17:40:00,22,19,16,29,30,23,139
2024-03-30 17:50:00,32,21,15,23,24,19,134
2024-03-30 18:00:00,28,21,11,24,22,25,131
2024-03-30 18:10:00,38,25,16,19,22,18,138
2024-03-30 18:20:00,29,25,16,32,33,21,156
2024-03-30 18:30:00,24,15,8,29,29,24,129
2024-03-30 18:40:00,21,16,7,27,28,21,120
2024-03-30 18:50:00,40,25,5,19,23,18,130
2024-03-30 19:00:00,19,23,18,26,26,18,130
2024-03-30 19:10:00,28,17,10,22,18,13,108
2024-03-30 19:20:00,21,14,6,20,19,13,93
2024-03-30 19:30:00,20,18,16,25,26,22,127
2024-03-30 19:40:00,28,20,25,28,29,20,150
2024-03-30 19:50:00,18,15,16,15,17,13,94
2024-03-30 20:00:00,17,15,9,18,17,18,94
2024-03-30 20:10:00,19,18,12,18,18,19,104
2024-03-30 20:20:00,22,14,3,16,16,17,88
2024-03-30 20:30:00,20,12,3,15,13,16,79
2024-03-30 20:40:00,19,17,10,17,17,11,91
2024-03-30 20:50:00,21,19,5,24,22,15,106
2024-03-30 21:00:00,15,12,2,15,15,12,71
2024-03-30 21:10:00,16,11,2,12,14,13,68
2024-03-30 21:20:00,19,14,6,16,16,11,82
2024-03-30 21:30:00,17,15,4,13,13,14,76
2024-03-30 21:40:00,16,12,5,13,14,10,70
2024-03-30 21:50:00,16,14,7,20,18,16,91
2024-03-30 22:00:00,22,18,10,19,13,14,96
2024-03-30 22:10:00,21,19,7,16,17,22,102
2024-03-30 22:20:00,13,9,5,17,15,17,76
2024-03-30 22:30:00,20,17,5,15,13,12,82
2024-03-30 22:40:00,22,19,4,15,14,13,87
2024-03-30 22:50:00,15,10,10,14,11,15,75
2024-03-30 23:00:00,16,13,4,13,13,10,69
2024-03-30 23:10:00,23,15,4,10,9,8,69
2024-03-30 23:20:00,14,9,0,8,8,10,49
2024-03-30 23:30:00,9,8,3,9,9,5,43
2024-03-30 23:40:00,10,9,3,5,5,5,37
2024-03-30 23:50:00,8,6,5,10,9,8,46
2024-03-31 00:00:00,10,11,3,9,6,7,46
2024-03-31 00:10:00,10,8,5,9,10,10,52
2024-03-31 00:20:00,10,8,3,13,13,12,59
2024-03-31 00:30:00,12,10,0,11,9,9,51
2024-03-31 00:40:00,7,5,1,4,4,4,25
2024-03-31 00:50:00,6,7,9,10,10,9,51
2024-03-31 01:00:00,9,7,7,6,6,6,41
2024-03-31 01:10:00,6,6,7,9,10,9,47
2024-03-31 01:20:00,3,3,6,9,8,6,35
2024-03-31 01:30:00,5,4,2,5,4,4,24
2024-03-31 01:40:00,4,4,3,4,4,4,23
2024-03-31 01:50:00,4,4,8,6,5,6,33
2024-03-31 02:00:00,0,0,0,0,0,0,0
2024-03-31 02:10:00,0,0,0,0,0,0,0
2024-03-31 02:20:00,0,0,0,0,0,0,0
2024-03-31 02:30:00,0,0,0,0,0,0,0
2024-03-31 02:40:00,0,0,0,0,0,0,0
2024-03-31 02:50:00,0,0,0,0,0,0,0
2024-03-31 03:00:00,0,0,0,0,0,0,0
2024-03-31 03:10:00,0,0,0,0,0,0,0
2024-03-31 03:20:00,0,0,0,0,0,0,0
2024-03-31 03:30:00,0,0,0,0,0,0,0
2024-03-31 03:40:00,0,0,0,0,0,0,0
2024-03-31 03:50:00,0,0,0,0,0,0,0
2024-03-31 04:00:00,4,6,0,5,3,3,21
2024-03-31 04:10:00,2,2,0,5,3,3,15
2024-03-31 04:20:00,3,4,1,4,3,3,18
2024-03-31 04:30:00,3,3,0,0,0,0,6
2024-03-31 04:40:00,1,1,4,5,4,4,19
2024-03-31 04:50:00,2,2,24,3,2,2,35
2024-03-31 05:00:00,0,0,7,9,8,6,30
2024-03-31 05:10:00,0,0,3,4,4,5,16
2024-03-31 05:20:00,5,4,4,5,4,4,26
2024-03-31 05:30:00,8,7,2,3,2,3,25
2024-03-31 05:40:00,6,6,3,3,3,3,24
2024-03-31 05:50:00,3,3,6,7,7,8,34
2024-03-31 06:00:00,12,7,1,4,3,3,30
2024-03-31 06:10:00,10,9,1,5,6,7,38
2024-03-31 06:20:00,4,4,2,4,2,1,17
2024-03-31 06:30:00,5,4,0,2,2,2,15
2024-03-31 06:40:00,3,3,0,0,0,0,6
2024-03-31 06:50:00,1,1,0,1,1,1,5
2024-03-31 07:00:00,3,8,0,2,1,1,15
2024-03-31 07:10:00,3,5,1,4,4,4,21
2024-03-31 07:20:00,1,1,2,1,1,1,7
2024-03-31 07:30:00,7,4,3,5,4,3,26
2024-03-31 07:40:00,2,2,0,4,4,3,15
2024-03-31 07:50:00,8,8,3,6,6,6,37
2024-03-31 08:00:00,9,8,3,3,2,3,28
2024-03-31 08:10:00,5,5,2,6,5,5,28
2024-03-31 08:20:00,3,4,1,5,5,5,23
2024-03-31 08:30:00,5,3,3,6,7,8,32
2024-03-31 08:40:00,13,14,4,5,5,6,47
2024-03-31 08:50:00,12,11,10,12,13,12,70
2024-03-31 09:00:00,5,10,0,7,6,5,33
2024-03-31 09:10:00,6,14,1,8,7,6,42
2024-03-31 09:20:00,6,6,3,11,10,10,46
2024-03-31 09:30:00,13,10,5,12,12,11,63
2024-03-31 09:40:00,10,11,11,14,18,13,77
2024-03-31 09:50:00,20,18,13,17,13,14,95
2024-03-31 10:00:00,19,18,15,25,24,19,120
2024-03-31 10:10:00,16,19,5,15,15,15,85
2024-03-31 10:20:00,21,16,4,17,17,13,88
2024-03-31 10:30:00,16,21,8,13,13,12,83
2024-03-31 10:40:00,21,19,11,20,19,16,106
2024-03-31 10:50:00,18,15,4,17,20,14,88
2024-03-31 11:00:00,21,17,9,23,20,15,105
2024-03-31 11:10:00,21,20,13,12,12,15,93
2024-03-31 11:20:00,24,25,4,20,23,11,107
2024-03-31 11:30:00,29,24,7,21,19,18,118
2024-03-31 11:40:00,20,19,12,30,29,23,133
2024-03-31 11:50:00,27,17,10,21,19,18,112
2024-03-31 12:00:00,28,21,9,25,23,26,132
2024-03-31 12:10:00,25,19,10,22,22,20,118
2024-03-31 12:20:00,26,20,24,24,25,18,137
2024-03-31 12:30:00,30,24,18,20,18,17,127
2024-03-31 12:40:00,30,23,7,17,15,15,107
2024-03-31 12:50:00,23,18,17,23,21,18,120
2024-03-31 13:00:00,15,18,14,25,23,15,110
2024-03-31 13:10:00,24,20,18,14,13,14,103
2024-03-31 13:20:00,23,16,114,28,28,24,233
2024-03-31 13:30:00,29,24,50,30,29,26,188
2024-03-31 13:40:00,15,14,102,21,21,19,192
2024-03-31 13:50:00,30,29,13,26,25,22,145
2024-03-31 14:00:00,28,19,10,30,27,22,136
2024-03-31 14:10:00,26,18,10,27,27,24,132
2024-03-31 14:20:00,23,17,87,26,26,24,203
2024-03-31 14:30:00,32,23,1058,22,24,22,1181
2024-03-31 14:40:00,31,27,2928,19,21,14,3040
2024-03-31 14:50:00,23,20,1661,33,36,27,1800
2024-03-31 15:00:00,20,16,398,32,28,24,518
2024-03-31 15:10:00,30,20,1256,26,20,26,1378
2024-03-31 15:20:00,14,15,2013,29,28,15,2114
2024-03-31 15:30:00,21,22,1215,26,26,19,1329
2024-03-31 15:40:00,17,13,310,26,26,18,410
2024-03-31 15:50:00,21,21,973,24,26,13,1078
2024-03-31 16:00:00,30,19,509,27,23,20,628
2024-03-31 16:10:00,22,15,241,25,25,21,349
2024-03-31 16:20:00,24,19,77,20,19,16,175
2024-03-31 16:30:00,27,19,13,23,22,19,123
2024-03-31 16:40:00,24,18,5,26,26,19,118
2024-03-31 16:50:00,27,18,353,21,20,16,455
2024-03-31 17:00:00,22,16,631,37,34,27,767
2024-03-31 17:10:00,34,25,1098,33,31,26,1247
2024-03-31 17:20:00,35,23,128,32,33,24,275
2024-03-31 17:30:00,17,16,102,42,40,26,243
2024-03-31 17:40:00,24,20,666,32,30,22,794
2024-03-31 17:50:00,24,19,1057,33,33,27,1193
2024-03-31 18:00:00,30,20,1161,35,36,22,1304
2024-03-31 18:10:00,27,21,713,46,49,30,886
2024-03-31 18:20:00,24,23,288,28,26,25,414
2024-03-31 18:30:00,26,15,737,30,28,18,854
2024-03-31 18:40:00,21,18,9,25,25,22,120
2024-03-31 18:50:00,18,17,5,20,17,13,90
2024-03-31 19:00:00,16,14,18,36,40,32,156
2024-03-31 19:10:00,25,21,9,27,29,21,132
2024-03-31 19:20:00,24,18,175,20,19,15,271
2024-03-31 19:30:00,24,17,234,21,24,15,335
2024-03-31 19:40:00,26,18,330,26,28,17,445
2024-03-31 19:50:00,16,13,199,13,16,11,268
2024-03-31 20:00:00,20,15,151,26,23,17,252
2024-03-31 20:10:00,16,12,146,23,22,21,240
2024-03-31 20:20:00,15,12,357,17,18,22,441
2024-03-31 20:30:00,16,10,25,16,15,18,100
2024-03-31 20:40:00,14,11,27,14,13,10,89
2024-03-31 20:50:00,14,14,15,16,15,19,93
2024-03-31 21:00:00,20,14,14,17,18,20,103
2024-03-31 21:10:00,15,11,12,23,23,18,102
2024-03-31 21:20:00,11,9,3,18,19,15,75
2024-03-31 21:30:00,14,12,3,16,14,22,81
2024-03-31 21:40:00,21,14,7,18,18,15,93
2024-03-31 21:50:00,16,14,12,19,14,14,89
2024-03-31 22:00:00,10,11,6,21,22,19,89
2024-03-31 22:10:00,17,14,6,10,9,9,65
2024-03-31 22:20:00,14,13,5,9,9,12,62
2024-03-31 22:30:00,10,12,3,7,6,3,41
2024-03-31 22:40:00,20,14,3,15,13,10,75
2024-03-31 22:50:00,12,11,7,20,20,13,83
2024-03-31 23:00:00,13,8,5,6,7,5,44
2024-03-31 23:10:00,18,12,3,8,7,6,54
2024-03-31 23:20:00,13,9,4,7,6,6,45
2024-03-31 23:30:00,8,6,4,13,13,10,54
2024-03-31 23:40:00,7,7,8,11,12,9,54
2024-03-31 23:50:00,11,10,2,6,5,4,38
2024-04-01 00:00:00,12,10,1,3,3,5,34
2024-04-01 00:10:00,4,5,7,8,9,10,43
2024-04-01 00:20:00,6,7,2,9,10,7,41
2024-04-01 00:30:00,11,10,1,3,4,3,32
2024-04-01 00:40:00,4,4,1,5,5,5,24
2024-04-01 00:50:00,10,9,1,12,10,7,49
2024-04-01 01:00:00,4,5,2,8,9,7,35
2024-04-01 01:10:00,10,7,0,4,4,2,27
2024-04-01 01:20:00,9,9,3,10,8,6,45
2024-04-01 01:30:00,5,4,1,8,8,4,30
2024-04-01 01:40:00,8,6,1,3,3,3,24
2024-04-01 01:50:00,4,5,1,7,5,4,26
2024-04-01 02:00:00,8,7,2,3,3,2,25
2024-04-01 02:10:00,2,1,2,6,6,6,23
2024-04-01 02:20:00,0,0,2,4,4,4,14
2024-04-01 02:30:00,4,4,0,5,3,2,18
2024-04-01 02:40:00,2,2,1,5,5,5,20
2024-04-01 02:50:00,4,5,3,7,4,3,26
2024-04-01 03:00:00,4,3,1,2,2,1,13
2024-04-01 03:10:00,4,4,1,2,4,2,17
2024-04-01 03:20:00,5,4,1,1,1,1,13
2024-04-01 03:30:00,5,5,3,1,1,1,16
2024-04-01 03:40:00,2,2,3,5,3,4,19
2024-04-01 03:50:00,1,2,41,2,2,2,50
2024-04-01 04:00:00,0,0,19,4,4,4,31
2024-04-01 04:10:00,1,1,0,2,2,2,8
2024-04-01 04:20:00,2,2,0,1,1,1,7
2024-04-01 04:30:00,1,0,1,3,3,4,12
2024-04-01 04:40:00,2,3,0,1,1,1,8
2024-04-01 04:50:00,1,1,0,1,1,1,5
2024-04-01 05:00:00,2,2,16,5,4,4,33
2024-04-01 05:10:00,1,1,11,3,2,2,20
2024-04-01 05:20:00,2,2,6,3,2,3,18
2024-04-01 05:30:00,3,3,2,6,4,5,23
2024-04-01 05:40:00,3,2,3,4,4,4,20
2024-04-01 05:50:00,2,2,1,1,1,1,8
2024-04-01 06:00:00,8,6,3,7,6,9,39
2024-04-01 06:10:00,7,7,2,3,4,2,25
2024-04-01 06:20:00,7,6,2,4,3,3,25
2024-04-01 06:30:00,3,3,0,1,1,1,9
2024-04-01 06:40:00,5,7,0,2,2,2,18
2024-04-01 06:50:00,6,5,0,2,2,6,21
2024-04-01 07:00:00,2,2,0,2,3,2,11
2024-04-01 07:10:00,2,2,0,1,0,1,6
2024-04-01 07:20:00,5,5,1,1,1,2,15
2024-04-01 07:30:00,7,5,10,7,7,6,42
2024-04-01 07:40:00,2,4,3,4,4,4,21
2024-04-01 07:50:00,4,5,0,1,1,1,12
2024-04-01 08:00:00,5,5,0,3,4,3,20
2024-04-01 08:10:00,2,2,3,2,3,2,14
2024-04-01 08:20:00,3,3,4,7,5,5,27
2024-04-01 08:30:00,3,4,5,8,8,7,35
2024-04-01 08:40:00,6,6,3,4,5,4,28
2024-04-01 08:50:00,6,7,1,4,4,3,25
2024-04-01 09:00:00,5,5,2,13,13,11,49
2024-04-01 09:10:00,8,8,0,7,6,5,34
2024-04-01 09:20:00,9,8,1,8,6,5,37
2024-04-01 09:30:00,6,6,1,11,12,11,47
2024-04-01 09:40:00,18,14,6,11,8,6,63
2024-04-01 09:50:00,9,7,8,7,10,9,50
2024-04-01 10:00:00,14,10,11,18,16,12,81
2024-04-01 10:10:00,18,12,5,10,10,9,64
2024-04-01 10:20:00,16,16,11,12,12,13,80
2024-04-01 10:30:00,18,16,11,12,10,9,76
2024-04-01 10:40:00,20,17,4,14,14,12,81
2024-04-01 10:50:00,18,16,11,19,18,14,96
2024-04-01 11:00:00,17,12,13,20,20,18,100
2024-04-01 11:10:00,22,15,12,14,11,9,83
2024-04-01 11:20:00,15,12,3,23,23,16,92
2024-04-01 11:30:00,26,14,3,15,16,16,90
2024-04-01 11:40:00,23,17,2,16,15,13,86
2024-04-01 11:50:00,23,20,7,23,22,18,113
2024-04-01 12:00:00,20,17,8,16,16,15,92
2024-04-01 12:10:00,23,20,13,17,18,13,104
2024-04-01 12:20:00,19,17,14,19,17,15,101
2024-04-01 12:30:00,25,17,16,25,24,20,127
2024-04-01 12:40:00,19,17,5,21,22,16,100
2024-04-01 12:50:00,18,14,10,18,17,15,92
2024-04-01 13:00:00,23,21,10,22,21,16,113
2024-04-01 13:10:00,18,14,6,27,23,19,107
2024-04-01 13:20:00,19,17,6,18,18,16,94
2024-04-01 13:30:00,16,15,8,22,19,17,97
2024-04-01 13:40:00,23,19,8,32,31,17,130
2024-04-01 13:50:00,23,22,8,22,22,17,114
2024-04-01 14:00:00,33,22,5,19,19,22,120
2024-04-01 14:10:00,28,20,16,29,29,16,138
2024-04-01 14:20:00,32,21,15,22,21,17,128
2024-04-01 14:30:00,20,18,9,32,32,17,128
2024-04-01 14:40:00,28,17,17,32,29,18,141
2024-04-01 14:50:00,30,24,14,30,30,22,150
2024-04-01 15:00:00,30,25,25,30,29,22,161
2024-04-01 15:10:00,25,18,21,23,22,20,129
2024-04-01 15:20:00,20,18,24,17,16,16,111
2024-04-01 15:30:00,15,14,8,25,27,19,108
2024-04-01 15:40:00,22,15,7,28,27,22,121
2024-04-01 15:50:00,22,18,3,13,13,11,80
2024-04-01 16:00:00,19,14,5,24,21,16,99
2024-04-01 16:10:00,22,16,5,26,27,20,116
2024-04-01 16:20:00,24,16,11,25,20,17,113
2024-04-01 16:30:00,21,17,20,31,29,20,138
2024-04-01 16:40:00,25,22,16,29,30,19,141
2024-04-01 16:50:00,27,22,19,27,25,20,140
2024-04-01 17:00:00,29,17,18,32,30,18,144
2024-04-01 17:10:00,25,19,17,37,34,24,156
2024-04-01 17:20:00,33,20,14,26,30,18,141
2024-04-01 17:30:00,30,20,12,29,32,23,146
2024-04-01 17:40:00,29,26,8,24,24,22,133
2024-04-01 17:50:00,26,18,10,29,28,21,132
2024-04-01 18:00:00,29,20,6,27,26,21,129
2024-04-01 18:10:00,20,19,7,21,18,18,103
2024-04-01 18:20:00,23,19,12,33,35,26,148
2024-04-01 18:30:00,23,18,12,17,18,14,102
2024-04-01 18:40:00,26,15,17,32,31,26,147
2024-04-01 18:50:00,37,22,15,28,26,16,144
2024-04-01 19:00:00,22,21,7,24,23,20,117
2024-04-01 19:10:00,30,21,15,31,32,24,153
2024-04-01 19:20:00,24,18,11,32,30,20,135
2024-04-01 19:30:00,23,21,8,28,27,21,128
2024-04-01 19:40:00,19,15,5,17,17,17,90
2024-04-01 19:50:00,30,22,13,21,18,18,122
2024-04-01 20:00:00,24,16,3,17,16,14,90
2024-04-01 20:10:00,23,19,8,23,24,9,106
2024-04-01 20:20:00,21,12,8,22,23,16,102
2024-04-01 20:30:00,18,12,5,18,16,12,81
2024-04-01 20:40:00,26,20,2,19,16,11,94
2024-04-01 20:50:00,16,14,6,20,20,15,91
2024-04-01 21:00:00,21,14,7,23,20,17,102
2024-04-01 21:10:00,21,16,12,25,25,18,117
2024-04-01 21:20:00,17,14,16,26,24,20,117
2024-04-01 21:30:00,9,6,2,10,10,11,48
2024-04-01 21:40:00,13,15,11,17,17,14,87
2024-04-01 21:50:00,11,10,4,19,18,14,76
2024-04-01 22:00:00,11,10,5,12,14,13,65
2024-04-01 22:10:00,15,17,8,11,11,10,72
2024-04-01 22:20:00,13,13,4,13,12,13,68
2024-04-01 22:30:00,15,13,6,9,9,10,62
2024-04-01 22:40:00,13,9,3,10,8,10,53
2024-04-01 22:50:00,15,13,2,6,6,5,47
2024-04-01 23:00:00,16,15,1,5,5,7,49
2024-04-01 23:10:00,11,11,1,9,8,8,48
2024-04-01 23:20:00,7,6,10,6,5,5,39
2024-04-01 23:30:00,4,2,13,10,10,5,44
2024-04-01 23:40:00,5,4,4,5,5,6,29
2024-04-01 23:50:00,8,8,6,12,9,12,55
2024-04-02 00:00:00,9,6,35,8,7,9,74
2024-04-02 00:10:00,8,7,17,5,5,6,48
2024-04-02 00:20:00,3,3,50,8,11,7,82
2024-04-02 00:30:00,3,3,19,4,3,4,36
2024-04-02 00:40:00,2,2,16,2,1,1,24
2024-04-02 00:50:00,2,2,264,4,4,3,279
2024-04-02 01:00:00,4,3,351,1,1,0,360
2024-04-02 01:10:00,6,6,132,5,4,5,158
2024-04-02 01:20:00,3,4,58,6,4,4,79
2024-04-02 01:30:00,4,5,232,2,2,2,247
2024-04-02 01:40:00,3,3,38,3,3,2,52
2024-04-02 01:50:00,7,5,57,6,3,3,81
2024-04-02 02:00:00,1,1,50,4,4,5,65
2024-04-02 02:10:00,4,4,28,2,0,0,38
2024-04-02 02:20:00,1,1,63,1,1,1,68
2024-04-02 02:30:00,1,0,33,1,1,1,37
2024-04-02 02:40:00,0,0,19,2,3,2,26
2024-04-02 02:50:00,0,0,537,1,1,2,541
2024-04-02 03:00:00,2,2,545,1,1,0,551
2024-04-02 03:10:00,4,1,336,4,4,4,353
2024-04-02 03:20:00,1,1,140,2,2,4,150
2024-04-02 03:30:00,0,0,285,0,0,0,285
2024-04-02 03:40:00,1,1,444,0,0,0,446
2024-04-02 03:50:00,1,1,408,5,4,3,422
2024-04-02 04:00:00,2,2,176,4,3,3,190
2024-04-02 04:10:00,3,2,1,3,2,4,15
2024-04-02 04:20:00,1,0,0,2,2,2,7
2024-04-02 04:30:00,1,1,0,3,3,3,11
2024-04-02 04:40:00,2,4,0,4,3,3,16
2024-04-02 04:50:00,1,1,49,4,4,4,63
2024-04-02 05:00:00,4,0,33,5,5,5,52
2024-04-02 05:10:00,8,3,16,11,12,12,62
2024-04-02 05:20:00,2,2,42,10,10,9,75
2024-04-02 05:30:00,5,5,26,11,11,11,69
2024-04-02 05:40:00,7,6,137,19,19,20,208
2024-04-02 05:50:00,9,5,411,16,16,15,472
2024-04-02 06:00:00,14,11,31,17,17,12,102
2024-04-02 06:10:00,23,15,25,19,17,13,112
2024-04-02 06:20:00,14,8,17,21,21,20,101
2024-04-02 06:30:00,15,15,16,22,22,23,113
2024-04-02 06:40:00,25,20,14,29,30,27,145
2024-04-02 06:50:00,32,26,12,35,30,22,157
2024-04-02 07:00:00,27,15,11,32,33,19,137
2024-04-02 07:10:00,19,11,13,33,32,23,131
2024-04-02 07:20:00,30,16,10,29,27,17,129
2024-04-02 07:30:00,43,23,43,33,39,20,201
2024-04-02 07:40:00,32,23,46,32,33,27,193
2024-04-02 07:50:00,33,18,24,30,31,22,158
2024-04-02 08:00:00,27,23,42,35,36,20,183
2024-04-02 08:10:00,24,15,41,54,57,28,219
2024-04-02 08:20:00,27,22,52,45,43,28,217
2024-04-02 08:30:00,24,14,26,30,31,20,145
2024-04-02 08:40:00,29,20,40,41,42,27,199
2024-04-02 08:50:00,34,24,42,38,36,27,201
2024-04-02 09:00:00,32,26,13,35,32,22,160
2024-04-02 09:10:00,26,19,18,33,32,19,147
2024-04-02 09:20:00,28,17,8,27,27,18,125
2024-04-02 09:30:00,30,20,19,31,30,19,149
2024-04-02 09:40:00,38,20,22,39,39,23,181
2024-04-02 09:50:00,36,22,44,35,33,22,192
2024-04-02 10:00:00,34,20,42,44,45,27,212
2024-04-02 10:10:00,45,21,55,45,37,25,228
2024-04-02 10:20:00,39,17,31,31,33,28,179
2024-04-02 10:30:00,25,24,33,32,32,20,166
2024-04-02 10:40:00,35,19,16,33,32,20,155
2024-04-02 10:50:00,28,19,30,30,31,20,158
2024-04-02 11:00:00,44,23,48,47,45,23,230
2024-04-02 11:10:00,32,19,32,33,31,21,168
2024-04-02 11:20:00,50,26,18,33,30,23,180
2024-04-02 11:30:00,43,28,16,39,37,27,190
2024-04-02 11:40:00,30,21,18,42,43,28,182
2024-04-02 11:50:00,29,22,17,49,46,28,191
2024-04-02 12:00:00,41,28,43,50,50,28,240
2024-04-02 12:10:00,35,22,36,51,51,22,217
2024-04-02 12:20:00,40,24,49,57,53,33,256
2024-04-02 12:30:00,31,23,26,43,44,26,193
2024-04-02 12:40:00,41,28,37,54,54,32,246
2024-04-02 12:50:00,35,23,48,61,59,36,262
2024-04-02 13:00:00,32,22,49,53,50,28,234
2024-04-02 13:10:00,35,24,32,49,47,25,212
2024-04-02 13:20:00,41,28,32,44,41,29,215
2024-04-02 13:30:00,31,23,17,45,46,27,189
2024-04-02 13:40:00,37,22,12,34,32,23,160
2024-04-02 13:50:00,44,24,11,33,31,17,160
2024-04-02 14:00:00,33,18,14,34,36,20,155
2024-04-02 14:10:00,43,26,44,52,50,24,239
2024-04-02 14:20:00,39,24,33,44,45,27,212
2024-04-02 14:30:00,50,35,30,51,48,26,240
2024-04-02 14:40:00,52,34,27,40,40,20,213
2024-04-02 14:50:00,44,26,24,46,42,32,214
2024-04-02 15:00:00,43,31,20,42,39,22,197
2024-04-02 15:10:00,48,28,10,40,39,24,189
2024-04-02 15:20:00,43,24,14,42,42,32,197
2024-04-02 15:30:00,57,35,3,46,47,34,222
2024-04-02 15:40:00,70,33,9,42,40,35,229
2024-04-02 15:50:00,59,33,21,43,39,25,220
2024-04-02 16:00:00,42,25,19,44,46,28,204
2024-04-02 16:10:00,41,32,26,42,40,31,212
2024-04-02 16:20:00,56,27,39,42,46,32,242
2024-04-02 16:30:00,51,26,41,55,80,26,279
2024-04-02 16:40:00,54,30,16,32,33,20,185
2024-04-02 16:50:00,48,32,28,47,38,26,219
2024-04-02 17:00:00,44,23,17,28,27,21,160
2024-04-02 17:10:00,42,31,26,34,35,28,196
2024-04-02 17:20:00,47,30,22,38,33,39,209
2024-04-02 17:30:00,47,32,23,42,41,30,215
2024-04-02 17:40:00,25,29,22,42,40,25,183
2024-04-02 17:50:00,41,30,9,32,26,26,164
2024-04-02 18:00:00,38,23,17,49,47,34,208
2024-04-02 18:10:00,45,28,13,34,29,31,180
2024-04-02 18:20:00,34,26,15,29,30,24,158
2024-04-02 18:30:00,40,21,19,45,43,31,199
2024-04-02 18:40:00,45,36,20,31,28,21,181
2024-04-02 18:50:00,35,27,22,32,33,26,175
2024-04-02 19:00:00,35,28,20,27,27,23,160
2024-04-02 19:10:00,26,21,21,27,29,16,140
2024-04-02 19:20:00,30,20,18,25,28,18,139
2024-04-02 19:30:00,35,23,17,31,34,21,161
2024-04-02 19:40:00,27,13,8,24,24,22,118
2024-04-02 19:50:00,34,16,5,32,30,17,134
2024-04-02 20:00:00,25,20,5,17,20,16,103
2024-04-02 20:10:00,25,19,7,18,17,14,100
2024-04-02 20:20:00,18,16,6,11,15,12,78
2024-04-02 20:30:00,22,21,10,16,13,16,98
2024-04-02 20:40:00,23,16,6,15,15,8,83
2024-04-02 20:50:00,22,17,12,18,19,12,100
2024-04-02 21:00:00,27,19,9,13,12,13,93
2024-04-02 21:10:00,19,16,15,19,19,16,104
2024-04-02 21:20:00,14,10,17,23,22,17,103
2024-04-02 21:30:00,14,11,8,19,17,26,95
2024-04-02 21:40:00,17,13,11,26,25,20,112
2024-04-02 21:50:00,17,15,5,14,11,19,81
2024-04-02 22:00:00,13,11,4,16,18,17,79
2024-04-02 22:10:00,16,18,7,13,10,14,78
2024-04-02 22:20:00,17,19,3,10,7,8,64
2024-04-02 22:30:00,16,11,8,11,13,10,69
2024-04-02 22:40:00,15,11,2,8,6,9,51
2024-04-02 22:50:00,17,12,3,4,4,6,46
2024-04-02 23:00:00,20,14,3,9,6,6,58
2024-04-02 23:10:00,17,12,3,14,8,9,63
2024-04-02 23:20:00,5,6,2,4,3,2,22
2024-04-02 23:30:00,9,5,7,11,10,9,51
2024-04-02 23:40:00,6,6,3,6,5,6,32
2024-04-02 23:50:00,1,1,7,6,5,7,27
2024-04-03 00:00:00,7,7,4,8,8,5,39
2024-04-03 00:10:00,3,2,0,1,1,1,8
2024-04-03 00:20:00,7,8,4,4,6,3,32
2024-04-03 00:30:00,7,8,1,9,8,6,39
2024-04-03 00:40:00,1,1,4,5,6,8,25
2024-04-03 00:50:00,2,3,3,5,4,4,21
2024-04-03 01:00:00,6,5,3,2,1,1,18
2024-04-03 01:10:00,3,3,6,3,3,3,21
2024-04-03 01:20:00,4,6,5,1,2,3,21
2024-04-03 01:30:00,3,3,6,1,2,2,17
2024-04-03 01:40:00,1,1,35,1,1,1,40
2024-04-03 01:50:00,2,2,8,4,3,3,22
2024-04-03 02:00:00,2,2,4,0,0,0,8
2024-04-03 02:10:00,1,1,4,2,3,3,14
2024-04-03 02:20:00,2,1,6,1,1,2,13
2024-04-03 02:30:00,3,3,2,1,0,0,9
2024-04-03 02:40:00,1,1,15,2,2,2,23
2024-04-03 02:50:00,1,1,4,2,2,3,13
2024-04-03 03:00:00,2,1,3,0,0,0,6
2024-04-03 03:10:00,2,3,3,5,4,5,22
2024-04-03 03:20:00,2,2,22,2,2,2,32
2024-04-03 03:30:00,0,0,7,0,0,0,7
2024-04-03 03:40:00,0,0,19,1,1,2,23
2024-04-03 03:50:00,2,2,2,4,4,5,19
2024-04-03 04:00:00,1,0,1,3,3,3,11
2024-04-03 04:10:00,3,3,0,2,2,3,13
2024-04-03 04:20:00,0,0,0,2,2,1,5
2024-04-03 04:30:00,4,2,1,3,4,4,18
2024-04-03 04:40:00,3,3,0,3,3,3,15
2024-04-03 04:50:00,2,2,1,5,3,3,16
2024-04-03 05:00:00,5,1,3,7,7,6,29
2024-04-03 05:10:00,6,4,6,11,11,8,46
2024-04-03 05:20:00,6,3,11,12,13,12,57
2024-04-03 05:30:00,7,6,5,5,6,4,33
2024-04-03 05:40:00,11,11,11,25,23,12,93
2024-04-03 05:50:00,6,3,15,20,19,12,75
2024-04-03 06:00:00,16,10,6,12,12,9,65
2024-04-03 06:10:00,19,8,11,15,13,11,77
2024-04-03 06:20:00,20,11,5,27,26,14,103
2024-04-03 06:30:00,14,13,9,25,27,14,102
2024-04-03 06:40:00,25,15,12,29,28,15,124
2024-04-03 06:50:00,23,12,9,30,27,20,121
2024-04-03 07:00:00,21,16,13,48,47,24,169
2024-04-03 07:10:00,32,22,5,29,22,15,125
2024-04-03 07:20:00,28,17,20,36,39,30,170
2024-04-03 07:30:00,27,20,20,32,27,22,148
2024-04-03 07:40:00,30,17,18,30,28,22,145
2024-04-03 07:50:00,37,21,33,43,45,24,203
2024-04-03 08:00:00,28,19,18,35,31,21,152
2024-04-03 08:10:00,34,18,20,41,42,20,175
2024-04-03 08:20:00,28,15,29,50,49,31,202
2024-04-03 08:30:00,27,18,35,41,41,25,187
2024-04-03 08:40:00,29,25,19,44,42,22,181
2024-04-03 08:50:00,26,20,18,38,37,20,159
2024-04-03 09:00:00,33,19,12,32,34,23,153
2024-04-03 09:10:00,18,16,15,50,46,25,170
2024-04-03 09:20:00,40,16,11,26,23,18,134
2024-04-03 09:30:00,27,21,26,43,42,29,188
2024-04-03 09:40:00,23,14,14,28,30,25,134
2024-04-03 09:50:00,36,21,14,45,39,26,181
2024-04-03 10:00:00,38,17,16,39,37,25,172
2024-04-03 10:10:00,30,21,18,37,35,22,163
2024-04-03 10:20:00,41,24,21,38,37,21,182
2024-04-03 10:30:00,34,21,16,27,27,23,148
2024-04-03 10:40:00,27,21,17,33,29,24,151
2024-04-03 10:50:00,28,22,20,38,42,30,180
2024-04-03 11:00:00,27,20,12,40,36,22,157
2024-04-03 11:10:00,37,17,9,24,25,16,128
2024-04-03 11:20:00,37,23,18,38,36,28,180
2024-04-03 11:30:00,24,17,19,36,34,23,153
2024-04-03 11:40:00,35,24,23,34,37,22,175
2024-04-03 11:50:00,38,27,30,33,30,24,182
2024-04-03 12:00:00,39,30,20,25,29,17,160
2024-04-03 12:10:00,35,23,26,36,35,19,174
2024-04-03 12:20:00,38,23,30,46,44,29,210
2024-04-03 12:30:00,43,28,24,29,29,20,173
2024-04-03 12:40:00,38,28,20,35,33,21,175
2024-04-03 12:50:00,27,21,21,38,38,23,168
2024-04-03 13:00:00,35,24,15,39,37,23,173
2024-04-03 13:10:00,33,20,13,37,40,28,171
2024-04-03 13:20:00,35,23,15,40,35,21,169
2024-04-03 13:30:00,34,22,11,30,27,19,143
2024-04-03 13:40:00,27,19,16,35,34,23,154
2024-04-03 13:50:00,36,27,17,38,40,25,183
2024-04-03 14:00:00,46,24,36,33,38,20,197
2024-04-03 14:10:00,35,26,33,48,45,31,218
2024-04-03 14:20:00,48,26,45,33,34,18,204
2024-04-03 14:30:00,39,32,32,42,39,27,211
2024-04-03 14:40:00,60,31,24,41,42,21,219
2024-04-03 14:50:00,46,29,18,41,40,25,199
2024-04-03 15:00:00,38,29,28,41,42,26,204
2024-04-03 15:10:00,39,28,7,30,27,19,150
2024-04-03 15:20:00,33,22,10,42,43,28,178
2024-04-03 15:30:00,44,24,13,44,45,25,195
2024-04-03 15:40:00,43,26,12,40,37,24,182
2024-04-03 15:50:00,67,35,21,39,38,30,230
2024-04-03 16:00:00,46,20,23,35,37,24,185
2024-04-03 16:10:00,52,25,17,39,36,27,196
2024-04-03 16:20:00,61,30,62,47,47,28,275
2024-04-03 16:30:00,44,28,24,46,45,21,208
2024-04-03 16:40:00,52,29,36,37,40,27,221
2024-04-03 16:50:00,54,37,30,39,34,27,221
2024-04-03 17:00:00,46,24,12,33,31,27,173
2024-04-03 17:10:00,41,28,20,45,44,29,207
2024-04-03 17:20:00,31,23,13,40,37,29,173
2024-04-03 17:30:00,44,22,17,35,40,28,186
2024-04-03 17:40:00,47,24,23,57,54,32,237
2024-04-03 17:50:00,50,32,17,44,39,28,210
2024-04-03 18:00:00,53,32,44,46,43,28,246
2024-04-03 18:10:00,44,28,39,51,47,34,243
2024-04-03 18:20:00,41,31,22,37,41,24,196
2024-04-03 18:30:00,40,23,26,30,30,25,174
2024-04-03 18:40:00,34,23,9,27,26,20,139
2024-04-03 18:50:00,44,22,21,31,31,23,172
2024-04-03 19:00:00,30,21,17,43,39,31,181
2024-04-03 19:10:00,40,21,18,25,23,20,147
2024-04-03 19:20:00,30,22,5,26,26,21,130
2024-04-03 19:30:00,25,23,7,27,27,21,130
2024-04-03 19:40:00,37,21,5,21,20,16,120
2024-04-03 19:50:00,36,28,10,19,21,20,134
2024-04-03 20:00:00,25,15,3,12,11,10,76
2024-04-03 20:10:00,19,16,11,13,14,15,88
2024-04-03 20:20:00,27,16,17,21,21,16,118
2024-04-03 20:30:00,30,22,12,17,15,17,113
2024-04-03 20:40:00,17,16,18,22,21,15,109
2024-04-03 20:50:00,24,19,10,16,15,13,97
2024-04-03 21:00:00,17,12,8,19,19,20,95
2024-04-03 21:10:00,20,14,8,17,18,19,96
2024-04-03 21:20:00,16,13,10,20,21,15,95
2024-04-03 21:30:00,15,12,7,12,9,9,64
2024-04-03 21:40:00,16,10,10,26,25,18,105
2024-04-03 21:50:00,18,16,4,10,8,11,67
2024-04-03 22:00:00,20,15,2,10,11,7,65
2024-04-03 22:10:00,22,14,2,11,9,9,67
2024-04-03 22:20:00,21,17,5,13,13,10,79
2024-04-03 22:30:00,13,10,3,12,12,10,60
2024-04-03 22:40:00,19,15,5,11,10,10,70
2024-04-03 22:50:00,15,10,5,19,18,13,80
2024-04-03 23:00:00,8,7,6,12,9,10,52
2024-04-03 23:10:00,17,16,3,9,7,6,58
2024-04-03 23:20:00,16,13,0,8,5,6,48
2024-04-03 23:30:00,7,6,5,9,9,8,44
2024-04-03 23:40:00,8,8,3,9,8,8,44
2024-04-03 23:50:00,5,4,2,1,1,1,14
2024-04-04 00:00:00,9,7,1,3,5,4,29
2024-04-04 00:10:00,5,5,1,9,6,4,30
2024-04-04 00:20:00,3,2,1,8,10,7,31
2024-04-04 00:30:00,4,3,1,3,4,4,19
2024-04-04 00:40:00,2,2,4,4,4,4,20
2024-04-04 00:50:00,3,3,1,2,2,2,13
2024-04-04 01:00:00,3,2,2,3,2,2,14
2024-04-04 01:10:00,6,10,6,6,7,7,42
2024-04-04 01:20:00,3,2,0,2,1,1,9
2024-04-04 01:30:00,5,5,7,8,9,8,42
2024-04-04 01:40:00,0,0,2,1,1,1,5
2024-04-04 01:50:00,0,0,4,0,0,0,4
2024-04-04 02:00:00,5,2,2,2,2,2,15
2024-04-04 02:10:00,2,2,4,2,2,2,14
2024-04-04 02:20:00,2,2,14,4,5,4,31
2024-04-04 02:30:00,2,1,9,3,1,2,18
2024-04-04 02:40:00,4,4,6,2,2,2,20
2024-04-04 02:50:00,2,2,21,3,3,3,34
2024-04-04 03:00:00,1,1,13,4,4,4,27
2024-04-04 03:10:00,1,1,8,0,0,0,10
2024-04-04 03:20:00,3,2,28,1,1,1,36
2024-04-04 03:30:00,0,0,30,1,1,1,33
2024-04-04 03:40:00,2,2,51,3,1,2,61
2024-04-04 03:50:00,1,1,7,5,4,6,24
2024-04-04 04:00:00,1,1,6,1,1,1,11
2024-04-04 04:10:00,5,3,0,4,2,2,16
2024-04-04 04:20:00,1,1,0,0,0,0,2
2024-04-04 04:30:00,1,1,0,2,1,1,6
2024-04-04 04:40:00,3,2,1,2,2,2,12
2024-04-04 04:50:00,6,3,3,6,6,6,30
2024-04-04 05:00:00,4,1,2,5,5,5,22
2024-04-04 05:10:00,2,2,3,7,7,6,27
2024-04-04 05:20:00,3,2,2,9,9,8,33
2024-04-04 05:30:00,3,4,4,12,11,9,43
2024-04-04 05:40:00,12,8,8,20,22,13,83
2024-04-04 05:50:00,11,8,17,19,19,13,87
2024-04-04 06:00:00,10,8,5,14,13,12,62
2024-04-04 06:10:00,18,12,14,19,18,15,96
2024-04-04 06:20:00,12,9,7,19,19,12,78
2024-04-04 06:30:00,15,10,9,21,19,24,98
2024-04-04 06:40:00,22,13,13,24,20,18,110
2024-04-04 06:50:00,28,16,10,25,24,25,128
2024-04-04 07:00:00,16,19,7,30,30,21,123
2024-04-04 07:10:00,35,19,16,36,37,28,171
2024-04-04 07:20:00,31,23,14,41,39,22,170
2024-04-04 07:30:00,32,20,20,30,32,19,153
2024-04-04 07:40:00,26,20,28,42,40,27,183
2024-04-04 07:50:00,45,18,18,39,36,24,180
2024-04-04 08:00:00,29,18,22,37,37,22,165
2024-04-04 08:10:00,23,17,18,30,29,26,143
2024-04-04 08:20:00,26,25,38,48,46,27,210
2024-04-04 08:30:00,26,19,30,37,37,28,177
2024-04-04 08:40:00,22,17,40,43,47,30,199
2024-04-04 08:50:00,33,23,15,38,35,22,166
2024-04-04 09:00:00,24,17,11,36,39,30,157
2024-04-04 09:10:00,32,14,11,33,17,22,129
2024-04-04 09:20:00,30,22,14,36,39,21,162
2024-04-04 09:30:00,32,21,18,35,33,21,160
2024-04-04 09:40:00,34,22,21,34,34,22,167
2024-04-04 09:50:00,31,20,37,34,34,27,183
2024-04-04 10:00:00,36,24,31,38,37,20,186
2024-04-04 10:10:00,43,31,37,35,36,23,205
2024-04-04 10:20:00,48,25,33,54,49,31,240
2024-04-04 10:30:00,38,22,23,25,24,16,148
2024-04-04 10:40:00,27,22,19,32,30,20,150
2024-04-04 10:50:00,35,24,34,34,34,29,190
2024-04-04 11:00:00,34,22,18,33,30,19,156
2024-04-04 11:10:00,30,24,16,29,32,22,153
2024-04-04 11:20:00,42,25,10,43,39,25,184
2024-04-04 11:30:00,30,21,14,35,36,27,163
2024-04-04 11:40:00,30,24,19,39,39,21,172
2024-04-04 11:50:00,31,21,21,33,38,19,163
2024-04-04 12:00:00,32,20,17,36,35,27,167
2024-04-04 12:10:00,40,28,23,35,34,22,182
2024-04-04 12:20:00,37,16,17,35,35,19,159
2024-04-04 12:30:00,35,26,19,37,36,22,175
2024-04-04 12:40:00,31,17,34,42,43,23,190
2024-04-04 12:50:00,28,23,11,36,37,27,162
2024-04-04 13:00:00,29,19,12,34,32,24,150
2024-04-04 13:10:00,37,26,9,37,36,31,176
2024-04-04 13:20:00,27,21,5,27,26,19,125
2024-04-04 13:30:00,27,19,9,35,38,25,153
2024-04-04 13:40:00,41,22,10,32,29,21,155
2024-04-04 13:50:00,37,22,16,41,43,26,185
2024-04-04 14:00:00,44,25,24,36,35,26,190
2024-04-04 14:10:00,37,22,18,40,37,26,180
2024-04-04 14:20:00,41,19,7,28,27,17,139
2024-04-04 14:30:00,53,21,29,49,48,29,229
2024-04-04 14:40:00,31,19,26,42,43,23,184
2024-04-04 14:50:00,47,26,39,47,44,30,233
2024-04-04 15:00:00,39,23,24,37,33,23,179
2024-04-04 15:10:00,45,26,17,41,41,25,195
2024-04-04 15:20:00,35,22,6,41,40,28,172
2024-04-04 15:30:00,45,23,11,36,36,20,171
2024-04-04 15:40:00,52,28,15,40,41,22,198
2024-04-04 15:50:00,45,33,20,43,43,23,207
2024-04-04 16:00:00,50,23,18,35,36,22,184
2024-04-04 16:10:00,51,31,37,43,41,26,229
2024-04-04 16:20:00,51,22,29,40,42,20,204
2024-04-04 16:30:00,54,36,27,36,38,27,218
2024-04-04 16:40:00,54,39,17,30,28,22,190
2024-04-04 16:50:00,51,29,19,26,27,26,178
2024-04-04 17:00:00,50,29,29,41,35,21,205
2024-04-04 17:10:00,37,23,23,37,35,21,176
2024-04-04 17:20:00,41,27,26,47,46,30,217
2024-04-04 17:30:00,45,32,14,44,41,29,205
2024-04-04 17:40:00,44,32,25,37,38,18,194
2024-04-04 17:50:00,48,32,12,34,27,26,179
2024-04-04 18:00:00,39,23,12,44,44,29,191
2024-04-04 18:10:00,36,29,14,42,42,25,188
2024-04-04 18:20:00,35,20,20,24,25,19,143
2024-04-04 18:30:00,42,31,21,39,37,25,195
2024-04-04 18:40:00,38,25,14,30,32,19,158
2024-04-04 18:50:00,50,26,17,26,26,21,166
2024-04-04 19:00:00,36,25,8,25,27,25,146
2024-04-04 19:10:00,30,21,7,34,32,22,146
2024-04-04 19:20:00,35,22,15,28,27,22,149
2024-04-04 19:30:00,30,25,15,31,28,23,152
2024-04-04 19:40:00,27,17,9,36,35,28,152
2024-04-04 19:50:00,26,19,5,16,17,12,95
2024-04-04 20:00:00,28,20,10,24,24,17,123
2024-04-04 20:10:00,21,13,6,23,21,14,98
2024-04-04 20:20:00,27,15,1,16,14,9,82
2024-04-04 20:30:00,19,15,8,14,16,14,86
2024-04-04 20:40:00,19,12,18,25,23,16,113
2024-04-04 20:50:00,26,15,7,19,22,15,104
2024-04-04 21:00:00,17,13,9,18,17,13,87
2024-04-04 21:10:00,22,18,10,21,20,14,105
2024-04-04 21:20:00,21,12,3,13,13,10,72
2024-04-04 21:30:00,11,9,6,23,23,18,90
2024-04-04 21:40:00,16,12,14,18,19,13,92
2024-04-04 21:50:00,18,12,5,23,20,16,94
2024-04-04 22:00:00,22,17,4,13,14,12,82
2024-04-04 22:10:00,20,16,5,11,12,7,71
2024-04-04 22:20:00,21,14,6,12,12,11,76
2024-04-04 22:30:00,11,8,4,10,8,9,50
2024-04-04 22:40:00,18,15,5,16,15,12,81
2024-04-04 22:50:00,16,12,4,7,4,8,51
2024-04-04 23:00:00,9,8,4,20,19,15,75
2024-04-04 23:10:00,11,8,1,14,14,10,58
2024-04-04 23:20:00,12,11,6,13,11,9,62
2024-04-04 23:30:00,10,9,4,11,11,10,55
2024-04-04 23:40:00,13,11,7,8,8,7,54
2024-04-04 23:50:00,4,4,3,3,3,4,21
2024-04-05 00:00:00,4,4,3,5,5,7,28
2024-04-05 00:10:00,10,10,3,8,7,6,44
2024-04-05 00:20:00,11,8,1,4,3,2,29
2024-04-05 00:30:00,9,8,2,4,5,4,32
2024-04-05 00:40:00,7,5,2,11,8,7,40
2024-04-05 00:50:00,2,2,3,3,3,3,16
2024-04-05 01:00:00,3,3,2,2,2,2,14
2024-04-05 01:10:00,4,4,1,6,7,6,28
2024-04-05 01:20:00,1,0,2,3,2,2,10
2024-04-05 01:30:00,3,5,1,4,3,3,19
2024-04-05 01:40:00,4,4,4,5,4,4,25
2024-04-05 01:50:00,0,0,5,4,4,4,17
2024-04-05 02:00:00,0,0,0,0,1,0,1
