datetime,D11Z,D12Z,D21Z,D22Z,D31Z,D41Z,D42Z,Total
2024-03-01 01:00:00,3,0,2,3,0,2,2,12
2024-03-01 01:10:00,2,0,2,2,0,0,3,9
2024-03-01 01:20:00,1,0,0,1,1,1,3,7
2024-03-01 01:30:00,0,0,0,2,0,2,2,6
2024-03-01 01:40:00,3,0,0,0,0,3,2,8
2024-03-01 01:50:00,0,0,0,4,0,2,2,8
2024-03-01 02:00:00,0,0,0,3,0,2,2,7
2024-03-01 02:10:00,4,1,1,2,0,2,1,11
2024-03-01 02:20:00,1,0,0,2,0,1,2,6
2024-03-01 02:30:00,0,0,0,0,0,1,3,4
2024-03-01 02:40:00,1,0,1,1,0,1,1,5
2024-03-01 02:50:00,1,0,0,0,0,1,1,3
2024-03-01 03:00:00,1,0,1,1,0,0,1,4
2024-03-01 03:10:00,1,0,2,2,0,0,0,5
2024-03-01 03:20:00,1,0,0,1,0,0,2,4
2024-03-01 03:30:00,3,1,0,0,0,4,0,8
2024-03-01 03:40:00,1,0,0,0,1,0,1,3
2024-03-01 03:50:00,0,0,1,2,0,4,1,8
2024-03-01 04:00:00,5,0,1,1,0,2,1,10
2024-03-01 04:10:00,2,1,0,3,0,4,2,12
2024-03-01 04:20:00,4,0,1,2,0,1,1,9
2024-03-01 04:30:00,3,0,2,2,0,4,6,17
2024-03-01 04:40:00,2,1,2,4,0,2,5,16
2024-03-01 04:50:00,4,0,0,3,0,5,3,15
2024-03-01 05:00:00,5,0,1,6,0,4,2,18
2024-03-01 05:10:00,8,1,5,6,0,3,3,26
2024-03-01 05:20:00,9,1,4,13,1,7,3,38
2024-03-01 05:30:00,16,1,7,12,2,16,5,59
2024-03-01 05:40:00,12,0,9,13,0,10,5,49
2024-03-01 05:50:00,11,1,4,14,1,10,4,45
2024-03-01 06:00:00,11,2,5,9,0,14,10,51
2024-03-01 06:10:00,22,1,11,24,0,7,11,76
2024-03-01 06:20:00,28,1,20,31,0,17,12,109
2024-03-01 06:30:00,27,1,13,32,0,19,17,109
2024-03-01 06:40:00,32,0,21,39,2,21,21,136
2024-03-01 06:50:00,31,2,21,36,3,23,30,146
2024-03-01 07:00:00,43,5,23,35,0,14,35,155
2024-03-01 07:10:00,59,6,25,43,2,22,48,205
2024-03-01 07:20:00,60,4,27,41,2,29,39,202
2024-03-01 07:30:00,68,2,30,44,4,57,40,245
2024-03-01 07:40:00,60,11,46,53,22,77,51,320
2024-03-01 07:50:00,56,11,30,40,28,75,43,283
2024-03-01 08:00:00,52,6,36,41,13,42,35,225
2024-03-01 08:10:00,60,5,32,32,2,35,37,203
2024-03-01 08:20:00,39,6,28,36,1,40,40,190
2024-03-01 08:30:00,50,13,24,31,3,37,29,187
2024-03-01 08:40:00,59,6,35,33,5,37,47,222
2024-03-01 08:50:00,56,7,33,38,1,48,55,238
2024-03-01 09:00:00,43,6,30,28,3,40,33,183
2024-03-01 09:10:00,35,6,22,34,3,30,30,160
2024-03-01 09:20:00,46,5,20,29,2,35,43,180
2024-03-01 09:30:00,49,9,28,28,2,28,57,201
2024-03-01 09:40:00,54,6,22,37,4,38,56,217
2024-03-01 09:50:00,42,7,20,20,1,39,58,187
2024-03-01 10:00:00,40,4,27,37,3,35,43,189
2024-03-01 10:10:00,48,3,26,38,4,38,53,210
2024-03-01 10:20:00,46,10,23,25,2,36,48,190
2024-03-01 10:30:00,54,5,31,39,4,28,57,218
2024-03-01 10:40:00,51,12,18,19,4,44,62,210
2024-03-01 10:50:00,39,2,23,27,1,42,61,195
2024-03-01 11:00:00,51,6,30,28,4,36,47,202
2024-03-01 11:10:00,39,4,23,39,0,38,56,199
2024-03-01 11:20:00,34,4,22,31,5,41,71,208
2024-03-01 11:30:00,40,12,32,26,6,53,49,218
2024-03-01 11:40:00,44,7,34,38,4,52,65,244
2024-03-01 11:50:00,57,5,27,25,7,53,60,234
2024-03-01 12:00:00,57,9,22,35,5,40,52,220
2024-03-01 12:10:00,44,6,31,32,13,49,49,224
2024-03-01 12:20:00,56,3,33,30,6,55,68,251
2024-03-01 12:30:00,60,9,30,47,16,47,63,272
2024-03-01 12:40:00,61,4,24,30,7,50,58,234
2024-03-01 12:50:00,42,7,25,27,9,65,62,237
2024-03-01 13:00:00,56,9,26,30,13,56,56,246
2024-03-01 13:10:00,58,5,34,33,9,42,51,232
2024-03-01 13:20:00,52,6,18,28,14,47,52,217
2024-03-01 13:30:00,55,6,22,30,2,49,71,235
2024-03-01 13:40:00,58,7,25,17,6,60,70,243
2024-03-01 13:50:00,61,8,22,29,5,44,69,238
2024-03-01 14:00:00,46,5,16,28,11,41,52,199
2024-03-01 14:10:00,55,12,28,32,7,52,66,252
2024-03-01 14:20:00,42,5,24,24,10,57,64,226
2024-03-01 14:30:00,51,4,6,42,7,37,48,195
2024-03-01 14:40:00,57,5,0,51,6,52,53,224
2024-03-01 14:50:00,47,9,0,50,5,41,65,217
2024-03-01 15:00:00,44,8,0,48,3,46,67,216
2024-03-01 15:10:00,52,7,0,65,5,56,66,251
2024-03-01 15:20:00,52,6,0,53,10,60,58,239
2024-03-01 15:30:00,51,10,3,53,5,56,65,243
2024-03-01 15:40:00,53,7,19,28,9,55,65,236
2024-03-01 15:50:00,54,3,22,23,3,57,69,231
2024-03-01 16:00:00,60,4,29,38,8,54,47,240
2024-03-01 16:10:00,54,7,20,28,7,55,56,227
2024-03-01 16:20:00,51,7,28,28,6,43,47,210
2024-03-01 16:30:00,50,3,35,47,7,63,46,251
2024-03-01 16:40:00,42,5,20,40,1,44,78,230
2024-03-01 16:50:00,69,10,40,38,10,46,49,262
2024-03-01 17:00:00,49,5,36,38,4,63,71,266
2024-03-01 17:10:00,45,3,30,41,4,54,57,234
2024-03-01 17:20:00,47,3,17,38,3,50,58,216
2024-03-01 17:30:00,35,3,22,27,4,51,53,195
2024-03-01 17:40:00,54,4,37,48,7,52,66,268
2024-03-01 17:50:00,42,8,28,33,3,56,59,229
2024-03-01 18:00:00,57,4,29,31,3,44,67,235
2024-03-01 18:10:00,55,6,34,44,1,42,62,244
2024-03-01 18:20:00,51,6,26,26,2,57,73,241
2024-03-01 18:30:00,44,4,20,33,0,47,49,197
2024-03-01 18:40:00,52,5,28,37,2,32,38,194
2024-03-01 18:50:00,36,4,20,20,10,48,55,193
2024-03-01 19:00:00,33,6,18,26,4,45,49,181
2024-03-01 19:10:00,31,3,16,22,0,45,38,155
2024-03-01 19:20:00,16,5,15,26,0,40,48,150
2024-03-01 19:30:00,30,0,15,21,2,36,49,153
2024-03-01 19:40:00,28,4,14,26,0,34,35,141
2024-03-01 19:50:00,38,4,21,29,3,29,41,165
2024-03-01 20:00:00,29,2,14,21,0,19,19,104
2024-03-01 20:10:00,15,4,13,21,3,24,25,105
2024-03-01 20:20:00,21,1,8,20,0,25,29,104
2024-03-01 20:30:00,17,4,13,22,2,28,16,102
2024-03-01 20:40:00,26,3,6,15,1,10,22,83
2024-03-01 20:50:00,9,2,14,23,1,26,21,96
2024-03-01 21:00:00,23,3,12,22,1,19,25,105
2024-03-01 21:10:00,21,2,9,17,0,18,31,98
2024-03-01 21:20:00,20,1,8,6,0,23,24,82
2024-03-01 21:30:00,18,1,11,19,0,19,17,85
2024-03-01 21:40:00,23,1,9,14,0,13,21,81
2024-03-01 21:50:00,18,3,9,17,1,13,17,78
2024-03-01 22:00:00,13,2,8,17,1,9,20,70
2024-03-01 22:10:00,16,2,10,22,1,19,21,91
2024-03-01 22:20:00,20,3,6,17,1,16,19,82
2024-03-01 22:30:00,14,2,7,19,0,15,13,70
2024-03-01 22:40:00,11,4,8,12,2,15,21,73
2024-03-01 22:50:00,16,0,3,10,1,10,15,55
2024-03-01 23:00:00,13,0,5,13,0,12,11,54
2024-03-01 23:10:00,9,0,6,13,1,14,13,56
2024-03-01 23:20:00,7,0,3,6,1,11,16,44
2024-03-01 23:30:00,6,0,5,9,0,7,12,39
2024-03-01 23:40:00,7,1,6,13,0,9,9,45
2024-03-01 23:50:00,10,0,2,4,0,9,15,40
2024-03-02 00:00:00,3,1,3,5,0,2,6,20
2024-03-02 00:10:00,8,1,2,4,1,7,12,35
2024-03-02 00:20:00,6,0,2,1,0,6,6,21
2024-03-02 00:30:00,5,1,3,6,0,6,6,27
2024-03-02 00:40:00,4,1,2,4,0,2,8,21
2024-03-02 00:50:00,3,0,3,4,0,8,4,22
2024-03-02 01:00:00,7,1,3,5,0,7,8,31
2024-03-02 01:10:00,2,0,0,3,0,7,4,16
2024-03-02 01:20:00,4,0,2,7,0,6,7,26
2024-03-02 01:30:00,4,0,1,3,0,6,6,20
2024-03-02 01:40:00,4,0,1,1,0,1,5,12
2024-03-02 01:50:00,2,0,0,0,0,4,1,7
2024-03-02 02:00:00,4,0,2,3,0,8,6,23
2024-03-02 02:10:00,1,1,0,2,0,5,4,13
2024-03-02 02:20:00,3,0,0,0,0,1,1,5
2024-03-02 02:30:00,5,0,0,3,0,0,0,8
2024-03-02 02:40:00,1,0,1,1,0,3,2,8
2024-03-02 02:50:00,0,0,0,0,0,2,2,4
2024-03-02 03:00:00,2,0,1,2,0,3,2,10
2024-03-02 03:10:00,3,1,3,5,0,2,5,19
2024-03-02 03:20:00,2,0,0,2,0,1,2,7
2024-03-02 03:30:00,4,0,0,1,0,3,0,8
2024-03-02 03:40:00,0,0,0,0,0,5,1,6
2024-03-02 03:50:00,0,1,3,3,0,3,4,14
2024-03-02 04:00:00,3,0,0,3,0,1,1,8
2024-03-02 04:10:00,2,1,0,0,0,1,1,5
2024-03-02 04:20:00,4,0,3,6,0,2,2,17
2024-03-02 04:30:00,1,1,0,2,0,4,1,9
2024-03-02 04:40:00,1,1,3,5,0,4,4,18
2024-03-02 04:50:00,4,1,0,3,0,3,3,14
2024-03-02 05:00:00,4,0,1,3,0,1,5,14
2024-03-02 05:10:00,4,0,1,3,0,6,7,21
2024-03-02 05:20:00,7,0,5,8,1,4,5,30
2024-03-02 05:30:00,6,1,3,4,0,6,2,22
2024-03-02 05:40:00,6,0,3,4,1,6,1,21
2024-03-02 05:50:00,3,0,0,2,0,7,2,14
2024-03-02 06:00:00,2,0,3,5,0,5,5,20
2024-03-02 06:10:00,2,0,4,7,1,5,7,26
2024-03-02 06:20:00,2,0,3,5,0,3,3,16
2024-03-02 06:30:00,4,0,2,4,0,5,5,20
2024-03-02 06:40:00,4,1,4,10,0,8,6,33
2024-03-02 06:50:00,9,0,5,9,0,11,7,41
2024-03-02 07:00:00,12,3,8,9,0,7,1,40
2024-03-02 07:10:00,11,0,2,7,0,4,9,33
2024-03-02 07:20:00,15,0,3,11,0,7,11,47
2024-03-02 07:30:00,11,0,8,19,1,13,11,63
2024-03-02 07:40:00,18,1,11,18,0,12,13,73
2024-03-02 07:50:00,18,2,9,16,1,16,11,73
2024-03-02 08:00:00,22,1,11,14,0,16,10,74
2024-03-02 08:10:00,23,5,15,15,2,18,16,94
2024-03-02 08:20:00,9,3,16,23,0,9,16,76
2024-03-02 08:30:00,25,3,10,12,0,17,17,84
2024-03-02 08:40:00,29,1,8,19,1,14,22,94
2024-03-02 08:50:00,32,6,22,25,3,35,23,146
2024-03-02 09:00:00,34,4,17,30,1,28,27,141
2024-03-02 09:10:00,40,5,14,26,3,19,21,128
2024-03-02 09:20:00,49,4,25,31,2,14,29,154
2024-03-02 09:30:00,55,2,27,45,1,24,36,190
2024-03-02 09:40:00,50,1,25,42,1,26,51,196
2024-03-02 09:50:00,51,7,27,36,0,37,42,200
2024-03-02 10:00:00,46,4,24,30,3,42,47,196
2024-03-02 10:10:00,61,5,27,36,3,27,44,203
2024-03-02 10:20:00,41,10,26,20,3,28,44,172
2024-03-02 10:30:00,56,4,32,40,7,22,35,196
2024-03-02 10:40:00,67,5,18,24,2,32,43,191
2024-03-02 10:50:00,45,6,21,34,0,36,48,190
2024-03-02 11:00:00,46,4,24,37,4,38,50,203
2024-03-02 11:10:00,37,2,22,38,3,43,39,184
2024-03-02 11:20:00,48,10,34,35,2,36,46,211
2024-03-02 11:30:00,41,3,19,31,1,30,33,158
2024-03-02 11:40:00,52,7,31,37,3,24,37,191
2024-03-02 11:50:00,38,4,17,27,0,45,49,180
2024-03-02 12:00:00,49,6,27,42,0,30,52,206
2024-03-02 12:10:00,48,4,20,36,2,31,39,180
2024-03-02 12:20:00,54,5,21,31,2,44,52,209
2024-03-02 12:30:00,55,3,26,35,0,32,53,204
2024-03-02 12:40:00,56,5,33,44,3,37,70,248
2024-03-02 12:50:00,63,9,24,27,3,44,133,303
2024-03-02 13:00:00,85,7,23,32,5,48,121,321
2024-03-02 13:10:00,52,7,37,40,2,44,106,288
2024-03-02 13:20:00,62,6,27,38,3,58,123,317
2024-03-02 13:30:00,61,6,27,31,2,44,129,300
2024-03-02 13:40:00,63,5,29,39,2,41,122,301
2024-03-02 13:50:00,62,5,31,35,0,67,139,339
2024-03-02 14:00:00,67,5,38,34,2,72,105,323
2024-03-02 14:10:00,83,3,24,43,4,44,55,256
2024-03-02 14:20:00,41,4,25,31,0,39,48,188
2024-03-02 14:30:00,55,5,24,27,3,31,62,207
2024-03-02 14:40:00,43,5,22,41,0,40,54,205
2024-03-02 14:50:00,53,3,21,31,1,36,49,194
2024-03-02 15:00:00,37,7,21,21,4,35,59,184
2024-03-02 15:10:00,41,4,13,23,2,38,54,175
2024-03-02 15:20:00,64,2,15,28,0,30,54,193
2024-03-02 15:30:00,42,4,19,28,1,34,49,177
2024-03-02 15:40:00,31,7,29,25,2,33,43,170
2024-03-02 15:50:00,37,3,17,18,2,43,44,164
2024-03-02 16:00:00,32,8,11,20,2,31,36,140
2024-03-02 16:10:00,44,4,11,23,2,21,37,142
2024-03-02 16:20:00,40,5,17,22,4,23,30,141
2024-03-02 16:30:00,32,4,13,24,4,23,52,152
2024-03-02 16:40:00,39,3,22,25,0,28,47,164
2024-03-02 16:50:00,33,9,19,17,0,30,46,154
2024-03-02 17:00:00,47,4,21,24,4,38,51,189
2024-03-02 17:10:00,39,6,20,28,0,29,48,170
2024-03-02 17:20:00,38,2,19,17,4,32,40,152
2024-03-02 17:30:00,45,3,21,27,2,36,52,186
2024-03-02 17:40:00,51,5,19,19,2,34,52,182
2024-03-02 17:50:00,62,4,22,28,1,37,63,217
2024-03-02 18:00:00,59,2,19,24,1,39,52,196
2024-03-02 18:10:00,60,4,18,27,0,42,51,202
2024-03-02 18:20:00,54,8,22,30,1,39,59,213
2024-03-02 18:30:00,42,3,16,24,1,36,46,168
2024-03-02 18:40:00,41,5,16,23,2,33,42,162
2024-03-02 18:50:00,42,2,15,24,0,43,51,177
2024-03-02 19:00:00,40,6,8,21,1,27,45,148
2024-03-02 19:10:00,31,7,16,23,0,25,31,133
2024-03-02 19:20:00,29,2,11,18,1,32,50,143
2024-03-02 19:30:00,30,1,8,24,1,21,27,112
2024-03-02 19:40:00,15,4,10,15,1,17,25,87
2024-03-02 19:50:00,19,3,6,9,1,24,37,99
2024-03-02 20:00:00,18,4,9,14,1,22,22,90
2024-03-02 20:10:00,17,2,8,18,0,23,27,95
2024-03-02 20:20:00,18,4,10,14,0,14,25,85
2024-03-02 20:30:00,22,2,6,15,0,22,19,86
2024-03-02 20:40:00,19,2,10,14,1,16,17,79
2024-03-02 20:50:00,11,7,4,10,1,15,25,73
2024-03-02 21:00:00,16,6,14,16,1,17,13,83
2024-03-02 21:10:00,14,1,6,10,0,8,21,60
2024-03-02 21:20:00,18,1,7,14,0,25,20,85
2024-03-02 21:30:00,18,1,6,12,0,12,20,69
2024-03-02 21:40:00,19,2,7,14,2,11,15,70
2024-03-02 21:50:00,15,3,11,10,0,15,20,74
2024-03-02 22:00:00,6,3,12,18,0,11,16,66
2024-03-02 22:10:00,10,2,5,9,1,13,19,59
2024-03-02 22:20:00,15,2,1,6,0,8,20,52
2024-03-02 22:30:00,12,3,7,14,0,10,19,65
2024-03-02 22:40:00,15,3,3,7,0,13,17,58
2024-03-02 22:50:00,16,1,1,9,3,21,14,65
2024-03-02 23:00:00,13,1,3,5,2,9,8,41
2024-03-02 23:10:00,11,1,4,10,0,9,15,50
2024-03-02 23:20:00,13,0,1,10,0,10,10,44
2024-03-02 23:30:00,7,0,3,9,0,13,12,44
2024-03-02 23:40:00,5,0,2,7,1,8,12,35
2024-03-02 23:50:00,4,1,3,9,0,5,16,38
2024-03-03 00:00:00,6,0,2,4,2,9,10,33
2024-03-03 00:10:00,2,0,4,6,0,8,8,28
2024-03-03 00:20:00,4,1,1,4,0,6,15,31
2024-03-03 00:30:00,5,0,0,4,0,6,4,19
2024-03-03 00:40:00,6,0,7,11,0,14,13,51
2024-03-03 00:50:00,6,0,0,4,0,10,10,30
2024-03-03 01:00:00,6,1,1,7,0,9,1,25
2024-03-03 01:10:00,3,1,3,7,0,5,7,26
2024-03-03 01:20:00,4,1,0,1,1,5,1,13
2024-03-03 01:30:00,4,0,1,3,0,6,6,20
2024-03-03 01:40:00,2,1,4,6,0,5,7,25
2024-03-03 01:50:00,6,0,2,4,0,4,1,17
2024-03-03 02:00:00,3,1,1,6,1,1,6,19
2024-03-03 02:10:00,2,2,0,0,0,4,4,12
2024-03-03 02:20:00,5,0,2,4,0,4,11,26
2024-03-03 02:30:00,6,0,1,3,0,5,7,22
2024-03-03 02:40:00,4,0,1,3,0,5,2,15
2024-03-03 02:50:00,4,1,1,3,0,3,4,16
2024-03-03 03:00:00,4,1,0,4,0,0,1,10
2024-03-03 03:10:00,2,0,1,1,0,4,1,9
2024-03-03 03:20:00,2,0,0,1,0,5,2,10
2024-03-03 03:30:00,4,0,1,4,0,5,3,17
2024-03-03 03:40:00,2,0,0,0,0,1,2,5
2024-03-03 03:50:00,1,0,1,2,0,4,2,10
2024-03-03 04:00:00,1,0,0,2,0,0,2,5
2024-03-03 04:10:00,4,0,1,2,0,1,0,8
2024-03-03 04:20:00,2,0,0,1,0,1,2,6
2024-03-03 04:30:00,2,0,0,2,0,2,5,11
2024-03-03 04:40:00,1,1,1,2,0,3,5,13
2024-03-03 04:50:00,2,0,0,2,0,0,1,5
2024-03-03 05:00:00,2,0,1,2,0,1,1,7
2024-03-03 05:10:00,1,0,2,3,0,2,5,13
2024-03-03 05:20:00,1,0,3,3,0,1,1,9
2024-03-03 05:30:00,1,0,0,2,1,2,2,8
2024-03-03 05:40:00,5,0,2,4,0,2,0,13
2024-03-03 05:50:00,2,0,1,3,0,5,1,12
2024-03-03 06:00:00,1,0,2,4,0,1,1,9
2024-03-03 06:10:00,0,1,0,2,1,2,6,12
2024-03-03 06:20:00,1,0,0,0,0,5,3,9
2024-03-03 06:30:00,2,0,2,7,0,3,1,15
2024-03-03 06:40:00,2,1,3,5,0,1,3,15
2024-03-03 06:50:00,5,1,1,2,0,1,3,13
2024-03-03 07:00:00,3,0,3,3,0,3,4,16
2024-03-03 07:10:00,4,0,4,6,0,2,6,22
2024-03-03 07:20:00,4,0,2,5,1,3,5,20
2024-03-03 07:30:00,3,0,2,4,0,4,5,18
2024-03-03 07:40:00,4,2,3,4,1,4,3,21
2024-03-03 07:50:00,4,1,2,7,1,5,5,25
2024-03-03 08:00:00,9,2,7,8,1,2,7,36
2024-03-03 08:10:00,11,3,4,5,0,6,8,37
2024-03-03 08:20:00,9,5,3,2,1,10,5,35
2024-03-03 08:30:00,11,2,11,15,1,9,6,55
2024-03-03 08:40:00,17,5,5,9,2,9,11,58
2024-03-03 08:50:00,14,1,13,14,1,5,6,54
2024-03-03 09:00:00,18,3,12,13,1,4,13,64
2024-03-03 09:10:00,17,3,19,22,0,13,23,97
2024-03-03 09:20:00,28,3,15,14,0,9,19,88
2024-03-03 09:30:00,37,4,14,18,0,13,15,101
2024-03-03 09:40:00,39,7,10,11,4,22,18,111
2024-03-03 09:50:00,28,1,7,22,0,20,17,95
2024-03-03 10:00:00,27,3,11,17,1,19,24,102
2024-03-03 10:10:00,31,5,15,15,2,18,21,107
2024-03-03 10:20:00,29,7,19,22,0,14,12,103
2024-03-03 10:30:00,38,4,9,18,3,18,22,112
2024-03-03 10:40:00,31,2,8,14,0,15,21,91
2024-03-03 10:50:00,31,6,13,14,2,23,23,112
2024-03-03 11:00:00,27,3,18,20,4,26,21,119
2024-03-03 11:10:00,39,5,21,21,1,16,26,129
2024-03-03 11:20:00,41,4,21,29,2,18,23,138
2024-03-03 11:30:00,38,11,19,15,2,15,26,126
2024-03-03 11:40:00,28,5,16,22,1,25,29,126
2024-03-03 11:50:00,41,1,11,20,2,28,19,122
2024-03-03 12:00:00,51,2,17,22,2,28,33,155
2024-03-03 12:10:00,36,6,18,28,2,33,48,171
2024-03-03 12:20:00,32,1,21,24,0,29,35,142
2024-03-03 12:30:00,29,4,13,16,1,26,38,127
2024-03-03 12:40:00,32,5,14,33,1,26,39,150
2024-03-03 12:50:00,43,3,18,15,5,36,36,156
2024-03-03 13:00:00,40,8,15,21,0,26,23,133
2024-03-03 13:10:00,38,4,24,28,3,28,41,166
2024-03-03 13:20:00,39,6,13,18,3,28,31,138
2024-03-03 13:30:00,52,7,18,24,0,26,34,161
2024-03-03 13:40:00,41,3,18,22,7,33,29,153
2024-03-03 13:50:00,51,1,20,27,1,23,40,163
2024-03-03 14:00:00,40,8,19,18,0,26,37,148
2024-03-03 14:10:00,40,4,17,25,3,27,39,155
2024-03-03 14:20:00,39,7,15,18,4,26,37,146
2024-03-03 14:30:00,35,6,30,31,3,15,39,159
2024-03-03 14:40:00,36,1,25,32,1,27,55,177
2024-03-03 14:50:00,37,6,15,22,3,27,49,159
2024-03-03 15:00:00,35,9,24,20,1,32,41,162
2024-03-03 15:10:00,31,5,15,21,0,32,39,143
2024-03-03 15:20:00,35,7,17,14,0,23,47,143
2024-03-03 15:30:00,30,6,18,22,3,27,34,140
2024-03-03 15:40:00,27,4,19,15,4,32,48,149
2024-03-03 15:50:00,35,5,24,22,2,27,41,156
2024-03-03 16:00:00,35,5,14,14,2,28,35,133
2024-03-03 16:10:00,37,2,17,19,5,29,52,161
2024-03-03 16:20:00,27,6,17,20,4,31,43,148
2024-03-03 16:30:00,38,5,16,21,3,34,36,153
2024-03-03 16:40:00,28,3,20,23,3,25,41,143
2024-03-03 16:50:00,38,3,16,16,4,27,38,142
2024-03-03 17:00:00,35,4,20,23,0,25,56,163
2024-03-03 17:10:00,48,3,20,23,1,35,50,180
2024-03-03 17:20:00,39,4,17,17,1,34,47,159
2024-03-03 17:30:00,27,3,18,25,3,39,47,162
2024-03-03 17:40:00,40,4,20,22,0,31,44,161
2024-03-03 17:50:00,31,7,16,27,1,37,48,167
2024-03-03 18:00:00,28,3,13,23,1,37,40,145
2024-03-03 18:10:00,33,6,12,22,0,25,36,134
2024-03-03 18:20:00,29,4,16,24,1,30,40,144
2024-03-03 18:30:00,27,4,12,19,0,32,32,126
2024-03-03 18:40:00,27,7,19,23,0,25,42,143
2024-03-03 18:50:00,26,7,14,18,0,37,47,149
2024-03-03 19:00:00,33,2,12,17,0,21,24,109
2024-03-03 19:10:00,30,2,15,33,0,29,27,136
2024-03-03 19:20:00,36,3,9,18,0,23,30,119
2024-03-03 19:30:00,21,2,12,12,0,27,27,101
2024-03-03 19:40:00,38,2,15,16,3,15,29,118
2024-03-03 19:50:00,15,3,15,17,1,21,28,100
2024-03-03 20:00:00,18,6,13,23,1,23,22,106
2024-03-03 20:10:00,16,4,14,18,0,24,23,99
2024-03-03 20:20:00,22,5,8,23,0,19,27,104
2024-03-03 20:30:00,20,0,6,4,0,12,18,60
2024-03-03 20:40:00,16,1,10,9,0,12,23,71
2024-03-03 20:50:00,15,2,7,11,0,12,18,65
2024-03-03 21:00:00,10,1,5,13,0,10,14,53
2024-03-03 21:10:00,13,2,6,8,1,17,18,65
2024-03-03 21:20:00,15,5,6,5,0,10,20,61
2024-03-03 21:30:00,11,2,5,8,0,18,13,57
2024-03-03 21:40:00,13,3,7,4,0,7,15,49
2024-03-03 21:50:00,12,1,6,8,0,3,17,47
2024-03-03 22:00:00,5,2,5,5,1,12,10,40
2024-03-03 22:10:00,7,2,5,10,0,9,12,45
2024-03-03 22:20:00,3,1,3,7,1,9,12,36
2024-03-03 22:30:00,2,0,1,3,0,7,10,23
2024-03-03 22:40:00,2,2,6,9,0,9,15,43
2024-03-03 22:50:00,3,0,3,4,0,9,4,23
2024-03-03 23:00:00,5,0,3,4,0,9,8,29
2024-03-03 23:10:00,2,0,2,5,0,4,4,17
2024-03-03 23:20:00,1,0,0,2,0,10,6,19
2024-03-03 23:30:00,0,0,1,1,0,5,7,14
2024-03-03 23:40:00,1,0,2,2,0,3,4,12
2024-03-03 23:50:00,0,0,0,3,1,2,6,12
2024-03-04 00:00:00,2,0,1,1,0,2,4,10
2024-03-04 00:10:00,4,0,0,2,0,2,2,10
2024-03-04 00:20:00,1,0,1,3,0,0,2,7
2024-03-04 00:30:00,1,0,1,2,0,2,4,10
2024-03-04 00:40:00,1,0,1,3,0,1,0,6
2024-03-04 00:50:00,3,0,0,3,0,6,2,14
2024-03-04 01:00:00,3,0,1,1,0,0,1,6
2024-03-04 01:10:00,2,0,1,2,0,0,1,6
2024-03-04 01:20:00,1,0,1,1,0,0,1,4
2024-03-04 01:30:00,1,1,0,0,0,0,1,3
2024-03-04 01:40:00,1,0,0,1,0,1,0,3
2024-03-04 01:50:00,1,0,1,3,1,1,2,9
2024-03-04 02:00:00,1,1,1,0,0,3,2,8
2024-03-04 02:10:00,0,0,0,2,1,1,0,4
2024-03-04 02:20:00,2,0,1,1,0,1,2,7
2024-03-04 02:30:00,2,0,0,0,0,1,1,4
2024-03-04 02:40:00,0,0,0,0,0,0,1,1
2024-03-04 02:50:00,3,0,0,1,0,2,0,6
2024-03-04 03:00:00,1,0,0,0,0,0,0,1
2024-03-04 03:10:00,1,0,3,3,0,1,0,8
2024-03-04 03:20:00,2,1,0,0,1,0,0,4
2024-03-04 03:30:00,0,0,2,1,0,2,1,6
2024-03-04 03:40:00,0,0,0,1,0,2,0,3
2024-03-04 03:50:00,1,0,1,1,0,4,2,9
2024-03-04 04:00:00,2,1,2,2,0,1,0,8
2024-03-04 04:10:00,2,0,1,2,0,3,1,9
2024-03-04 04:20:00,4,0,3,5,0,2,0,14
2024-03-04 04:30:00,4,0,1,4,0,3,2,14
2024-03-04 04:40:00,0,0,1,6,1,5,2,15
2024-03-04 04:50:00,4,0,1,2,0,4,6,17
2024-03-04 05:00:00,2,1,3,7,0,8,1,22
2024-03-04 05:10:00,4,2,3,5,1,7,8,30
2024-03-04 05:20:00,10,0,3,9,1,13,1,37
2024-03-04 05:30:00,16,0,9,14,0,19,4,62
2024-03-04 05:40:00,17,0,8,16,2,13,5,61
2024-03-04 05:50:00,18,2,1,12,1,10,10,54
2024-03-04 06:00:00,14,1,6,11,1,8,9,50
2024-03-04 06:10:00,31,0,14,23,1,7,7,83
2024-03-04 06:20:00,28,3,17,30,1,16,17,112
2024-03-04 06:30:00,32,2,22,34,0,19,15,124
2024-03-04 06:40:00,26,4,22,29,3,14,23,121
2024-03-04 06:50:00,53,1,21,32,0,24,20,151
2024-03-04 07:00:00,43,5,23,32,3,17,38,161
2024-03-04 07:10:00,61,3,29,45,4,30,42,214
2024-03-04 07:20:00,87,5,21,47,3,36,50,249
2024-03-04 07:30:00,67,8,37,47,5,58,47,269
2024-03-04 07:40:00,62,11,46,40,14,95,51,319
2024-03-04 07:50:00,59,16,36,51,27,85,47,321
2024-03-04 08:00:00,56,7,39,42,14,42,55,255
2024-03-04 08:10:00,61,7,21,37,0,30,40,196
2024-03-04 08:20:00,53,9,29,45,3,48,32,219
2024-03-04 08:30:00,47,6,32,36,6,45,43,215
2024-03-04 08:40:00,52,8,40,37,6,42,51,236
2024-03-04 08:50:00,44,5,23,36,4,39,42,193
2024-03-04 09:00:00,58,4,15,31,6,31,31,176
2024-03-04 09:10:00,37,3,30,38,1,38,38,185
2024-03-04 09:20:00,54,3,18,29,3,29,49,185
2024-03-04 09:30:00,50,2,22,27,1,35,45,182
2024-03-04 09:40:00,37,3,25,27,1,39,52,184
2024-03-04 09:50:00,50,6,26,37,4,39,58,220
2024-03-04 10:00:00,35,8,17,27,4,24,43,158
2024-03-04 10:10:00,40,6,17,27,2,32,57,181
2024-03-04 10:20:00,51,4,26,30,3,30,47,191
2024-03-04 10:30:00,55,6,23,23,0,34,39,180
2024-03-04 10:40:00,50,6,23,25,2,31,44,181
2024-03-04 10:50:00,40,7,23,33,4,40,81,228
2024-03-04 11:00:00,29,11,32,32,3,24,33,164
2024-03-04 11:10:00,45,3,28,40,5,29,55,205
2024-03-04 11:20:00,57,5,18,32,2,28,50,192
2024-03-04 11:30:00,46,7,30,31,1,34,41,190
2024-03-04 11:40:00,38,5,14,28,4,32,47,168
2024-03-04 11:50:00,39,4,24,45,2,33,48,195
2024-03-04 12:00:00,45,6,28,32,2,41,46,200
2024-03-04 12:10:00,45,3,20,18,9,46,47,188
2024-03-04 12:20:00,62,3,22,33,3,52,51,226
2024-03-04 12:30:00,41,5,29,33,7,48,51,214
2024-03-04 12:40:00,53,8,29,33,7,40,46,216
2024-03-04 12:50:00,49,7,21,30,7,36,55,205
2024-03-04 13:00:00,50,6,24,33,5,37,50,205
2024-03-04 13:10:00,53,6,32,40,10,46,38,225
2024-03-04 13:20:00,47,5,25,24,22,47,54,224
2024-03-04 13:30:00,54,5,25,25,13,57,41,220
2024-03-04 13:40:00,47,7,20,19,5,46,65,209
2024-03-04 13:50:00,56,8,18,21,9,41,43,196
2024-03-04 14:00:00,38,11,20,24,9,50,49,201
2024-03-04 14:10:00,43,8,32,31,10,40,36,200
2024-03-04 14:20:00,31,9,29,40,7,42,42,200
2024-03-04 14:30:00,43,7,34,36,10,41,54,225
2024-03-04 14:40:00,51,3,27,32,12,41,53,219
2024-03-04 14:50:00,41,5,23,25,6,38,57,195
2024-03-04 15:00:00,52,7,29,32,11,41,52,224
2024-03-04 15:10:00,54,10,29,23,5,41,54,216
2024-03-04 15:20:00,35,5,16,26,5,53,67,207
2024-03-04 15:30:00,45,4,26,32,5,49,61,222
2024-03-04 15:40:00,46,5,19,24,8,51,69,222
2024-03-04 15:50:00,44,5,22,24,8,44,64,211
2024-03-04 16:00:00,55,3,37,31,7,55,64,252
2024-03-04 16:10:00,63,5,26,33,4,54,55,240
2024-03-04 16:20:00,44,11,36,37,8,62,58,256
2024-03-04 16:30:00,49,10,22,23,9,51,52,216
2024-03-04 16:40:00,48,10,29,30,5,42,58,222
2024-03-04 16:50:00,55,7,28,30,7,56,80,263
2024-03-04 17:00:00,45,13,25,43,6,52,71,255
2024-03-04 17:10:00,46,11,28,37,5,62,72,261
2024-03-04 17:20:00,52,10,31,37,5,68,81,284
2024-03-04 17:30:00,63,5,26,28,7,59,57,245
2024-03-04 17:40:00,41,2,24,28,8,65,62,230
2024-03-04 17:50:00,59,8,22,28,8,52,60,237
2024-03-04 18:00:00,35,11,21,31,11,42,67,218
2024-03-04 18:10:00,50,10,21,26,4,62,53,226
2024-03-04 18:20:00,39,2,16,24,5,52,49,187
2024-03-04 18:30:00,41,5,19,26,2,29,60,182
2024-03-04 18:40:00,40,6,18,22,6,52,48,192
2024-03-04 18:50:00,34,7,15,20,8,41,61,186
2024-03-04 19:00:00,26,2,17,17,11,47,38,158
2024-03-04 19:10:00,20,5,17,17,3,33,47,142
2024-03-04 19:20:00,29,4,19,27,2,38,44,163
2024-03-04 19:30:00,20,2,15,13,2,30,35,117
2024-03-04 19:40:00,14,4,12,14,2,19,33,98
2024-03-04 19:50:00,26,0,15,17,1,26,22,107
2024-03-04 20:00:00,13,6,11,9,0,36,32,107
2024-03-04 20:10:00,12,2,16,13,4,21,28,96
2024-03-04 20:20:00,18,3,9,10,4,17,20,81
2024-03-04 20:30:00,13,0,4,9,0,12,22,60
2024-03-04 20:40:00,10,1,11,13,0,14,17,66
2024-03-04 20:50:00,19,0,7,14,2,15,21,78
2024-03-04 21:00:00,11,4,9,14,1,24,22,85
2024-03-04 21:10:00,19,3,10,18,1,20,19,90
2024-03-04 21:20:00,14,2,7,17,2,15,16,73
2024-03-04 21:30:00,13,1,3,10,1,18,19,65
2024-03-04 21:40:00,11,5,7,13,0,16,11,63
2024-03-04 21:50:00,15,1,3,8,0,12,14,53
2024-03-04 22:00:00,9,1,8,9,0,8,14,49
2024-03-04 22:10:00,9,2,19,42,0,7,17,96
2024-03-04 22:20:00,11,2,7,15,1,4,13,53
2024-03-04 22:30:00,9,1,7,13,1,13,9,53
2024-03-04 22:40:00,5,3,11,19,0,5,11,54
2024-03-04 22:50:00,3,1,3,10,0,9,7,33
2024-03-04 23:00:00,3,2,5,7,0,11,14,42
2024-03-04 23:10:00,3,0,3,7,1,3,4,21
2024-03-04 23:20:00,2,0,0,4,0,2,5,13
2024-03-04 23:30:00,2,0,2,5,0,3,8,20
2024-03-04 23:40:00,3,2,2,2,0,8,3,20
2024-03-04 23:50:00,2,0,0,1,0,2,2,7
2024-03-05 00:00:00,3,0,4,5,0,1,1,14
2024-03-05 00:10:00,2,0,1,2,0,3,4,12
2024-03-05 00:20:00,3,0,3,4,0,0,0,10
2024-03-05 00:30:00,3,0,1,1,0,1,3,9
2024-03-05 00:40:00,0,0,1,1,0,0,0,2
2024-03-05 00:50:00,1,0,0,3,0,1,1,6
2024-03-05 01:00:00,1,0,1,3,0,0,1,6
2024-03-05 01:10:00,1,0,0,1,0,0,2,4
2024-03-05 01:20:00,1,1,0,1,0,2,2,7
2024-03-05 01:30:00,4,0,0,0,0,3,1,8
2024-03-05 01:40:00,0,1,0,0,0,0,1,2
2024-03-05 01:50:00,1,0,0,1,0,2,1,5
2024-03-05 02:00:00,0,0,0,0,0,2,0,2
2024-03-05 02:10:00,0,0,0,2,0,1,1,4
2024-03-05 02:20:00,1,0,0,0,0,0,1,2
2024-03-05 02:30:00,2,0,1,1,0,1,0,5
2024-03-05 02:40:00,1,0,0,0,0,1,1,3
2024-03-05 02:50:00,2,0,0,0,0,3,0,5
2024-03-05 03:00:00,1,0,0,0,0,1,1,3
2024-03-05 03:10:00,1,0,1,1,0,1,0,4
2024-03-05 03:20:00,2,0,1,1,0,1,2,7
2024-03-05 03:30:00,1,0,1,1,0,0,0,3
2024-03-05 03:40:00,1,0,0,1,1,3,0,6
2024-03-05 03:50:00,1,0,2,3,1,6,3,16
2024-03-05 04:00:00,2,0,1,1,0,3,3,10
2024-03-05 04:10:00,2,1,0,1,0,3,2,9
2024-03-05 04:20:00,3,0,4,5,0,3,1,16
2024-03-05 04:30:00,2,0,1,3,0,2,1,9
2024-03-05 04:40:00,1,0,2,5,0,3,6,17
2024-03-05 04:50:00,1,0,1,2,0,4,1,9
2024-03-05 05:00:00,8,1,3,5,0,8,5,30
2024-03-05 05:10:00,6,2,3,7,0,1,3,22
2024-03-05 05:20:00,15,0,5,12,2,14,6,54
2024-03-05 05:30:00,19,0,10,14,0,20,6,69
2024-03-05 05:40:00,17,0,10,13,1,9,11,61
2024-03-05 05:50:00,12,3,1,11,1,11,8,47
2024-03-05 06:00:00,22,2,12,24,0,4,8,72
2024-03-05 06:10:00,36,0,14,29,0,10,16,105
2024-03-05 06:20:00,32,2,12,24,0,18,8,96
2024-03-05 06:30:00,26,1,19,28,1,14,9,98
2024-03-05 06:40:00,44,2,19,33,1,22,30,151
2024-03-05 06:50:00,35,3,19,32,0,22,20,131
2024-03-05 07:00:00,52,5,28,44,1,26,23,179
2024-03-05 07:10:00,71,4,34,46,3,23,39,220
2024-03-05 07:20:00,66,3,25,47,2,40,50,233
2024-03-05 07:30:00,84,6,35,49,3,60,51,288
2024-03-05 07:40:00,62,16,43,47,17,97,60,342
2024-03-05 07:50:00,70,19,39,39,26,81,36,310
2024-03-05 08:00:00,61,3,29,39,24,50,54,260
2024-03-05 08:10:00,68,12,33,45,5,33,50,246
2024-03-05 08:20:00,58,3,33,32,3,41,43,213
2024-03-05 08:30:00,48,5,29,46,3,47,45,223
2024-03-05 08:40:00,59,6,31,41,3,46,41,227
2024-03-05 08:50:00,47,7,19,25,4,39,42,183
2024-03-05 09:00:00,49,8,37,53,2,43,39,231
2024-03-05 09:10:00,41,7,20,22,4,44,42,180
2024-03-05 09:20:00,46,3,25,39,1,22,43,179
2024-03-05 09:30:00,48,7,21,28,0,37,35,176
2024-03-05 09:40:00,39,5,25,32,1,47,42,191
2024-03-05 09:50:00,40,6,28,32,5,33,42,186
2024-03-05 10:00:00,44,4,31,36,6,40,34,195
2024-03-05 10:10:00,46,3,26,32,4,35,35,181
2024-03-05 10:20:00,46,3,25,41,0,18,47,180
2024-03-05 10:30:00,39,9,25,20,1,28,42,164
2024-03-05 10:40:00,62,3,16,27,3,46,48,205
2024-03-05 10:50:00,31,5,8,16,2,42,51,155
2024-03-05 11:00:00,29,7,29,40,2,32,36,175
2024-03-05 11:10:00,36,5,32,38,2,27,44,184
2024-03-05 11:20:00,48,3,16,27,2,30,37,163
2024-03-05 11:30:00,37,7,29,34,4,49,31,191
2024-03-05 11:40:00,40,4,27,31,3,47,45,197
2024-03-05 11:50:00,45,6,25,27,3,42,51,199
2024-03-05 12:00:00,41,2,31,36,7,34,46,197
2024-03-05 12:10:00,55,7,29,33,7,39,34,204
2024-03-05 12:20:00,43,5,19,24,5,41,41,178
2024-03-05 12:30:00,47,3,27,31,8,35,59,210
2024-03-05 12:40:00,43,8,25,23,5,40,52,196
2024-03-05 12:50:00,38,4,20,28,9,36,40,175
2024-03-05 13:00:00,48,1,31,31,7,44,50,212
2024-03-05 13:10:00,50,8,26,23,9,53,49,218
2024-03-05 13:20:00,36,7,23,35,19,50,53,223
2024-03-05 13:30:00,46,6,28,29,4,46,57,216
2024-03-05 13:40:00,47,7,14,20,7,30,48,173
2024-03-05 13:50:00,57,5,25,27,5,41,48,208
2024-03-05 14:00:00,40,6,24,28,15,43,53,209
2024-03-05 14:10:00,51,6,30,39,7,47,44,224
2024-03-05 14:20:00,26,2,30,28,12,40,41,179
2024-03-05 14:30:00,55,12,25,34,12,37,47,222
2024-03-05 14:40:00,49,12,24,21,17,41,54,218
2024-03-05 14:50:00,49,5,25,32,12,48,53,224
2024-03-05 15:00:00,37,6,29,31,11,43,48,205
2024-03-05 15:10:00,56,8,29,35,10,60,58,256
2024-03-05 15:20:00,45,7,26,24,9,57,52,220
2024-03-05 15:30:00,56,4,32,28,13,37,49,219
2024-03-05 15:40:00,48,5,33,35,5,54,72,252
2024-03-05 15:50:00,56,9,26,26,8,48,59,232
2024-03-05 16:00:00,50,7,26,26,6,46,54,215
2024-03-05 16:10:00,59,6,28,36,8,51,51,239
2024-03-05 16:20:00,45,4,31,24,13,58,56,231
2024-03-05 16:30:00,49,10,30,44,11,58,54,256
2024-03-05 16:40:00,51,8,38,39,6,46,68,256
2024-03-05 16:50:00,36,4,33,40,9,53,61,236
2024-03-05 17:00:00,58,8,20,24,12,55,63,240
2024-03-05 17:10:00,52,10,25,23,12,56,71,249
2024-03-05 17:20:00,40,9,20,33,5,44,58,209
2024-03-05 17:30:00,45,4,32,39,14,41,68,243
2024-03-05 17:40:00,44,11,28,36,9,50,64,242
2024-03-05 17:50:00,44,4,21,26,9,61,61,226
2024-03-05 18:00:00,51,8,26,19,8,52,52,216
2024-03-05 18:10:00,46,14,16,25,8,59,47,215
2024-03-05 18:20:00,47,9,31,34,3,49,66,239
2024-03-05 18:30:00,29,8,24,21,4,52,64,202
2024-03-05 18:40:00,43,11,20,27,7,46,56,210
2024-03-05 18:50:00,32,7,12,24,1,37,78,191
2024-03-05 19:00:00,34,3,16,17,6,42,46,164
2024-03-05 19:10:00,46,4,14,29,5,34,41,173
2024-03-05 19:20:00,28,3,20,17,2,38,36,144
2024-03-05 19:30:00,20,3,17,18,3,34,38,133
2024-03-05 19:40:00,26,5,9,17,2,32,42,133
2024-03-05 19:50:00,28,8,15,15,3,30,38,137
2024-03-05 20:00:00,22,4,12,17,4,27,23,109
2024-03-05 20:10:00,19,2,17,16,3,17,28,102
2024-03-05 20:20:00,22,2,9,17,0,26,28,104
2024-03-05 20:30:00,22,3,11,15,0,21,24,96
2024-03-05 20:40:00,9,4,11,16,0,17,21,78
2024-03-05 20:50:00,11,2,8,16,0,13,19,69
2024-03-05 21:00:00,10,1,6,12,1,26,20,76
2024-03-05 21:10:00,9,3,7,13,3,23,23,81
2024-03-05 21:20:00,10,0,8,12,0,19,22,71
2024-03-05 21:30:00,8,2,5,11,0,22,22,70
2024-03-05 21:40:00,15,1,6,18,0,13,18,71
2024-03-05 21:50:00,12,2,11,20,0,15,14,74
2024-03-05 22:00:00,12,1,6,10,2,23,17,71
2024-03-05 22:10:00,8,0,16,38,4,11,15,92
2024-03-05 22:20:00,5,1,7,11,3,10,4,41
2024-03-05 22:30:00,5,1,4,7,2,5,10,34
2024-03-05 22:40:00,7,2,4,8,1,10,5,37
2024-03-05 22:50:00,5,1,6,10,0,12,10,44
2024-03-05 23:00:00,11,0,3,4,0,9,14,41
2024-03-05 23:10:00,5,0,4,6,1,6,13,35
2024-03-05 23:20:00,2,0,3,6,0,6,6,23
2024-03-05 23:30:00,2,0,2,6,1,3,7,21
2024-03-05 23:40:00,4,1,1,2,0,7,2,17
2024-03-05 23:50:00,4,0,0,1,4,3,3,15
2024-03-06 00:00:00,2,2,1,3,0,3,2,13
2024-03-06 00:10:00,1,0,1,2,0,5,4,13
2024-03-06 00:20:00,3,0,1,3,0,0,2,9
2024-03-06 00:30:00,0,0,0,0,0,2,3,5
2024-03-06 00:40:00,0,0,1,1,0,3,0,5
2024-03-06 00:50:00,3,0,0,0,0,0,1,4
2024-03-06 01:00:00,1,0,2,3,0,1,0,7
2024-03-06 01:10:00,1,0,1,2,0,1,3,8
2024-03-06 01:20:00,1,0,2,2,0,3,0,8
2024-03-06 01:30:00,0,0,2,3,0,1,1,7
2024-03-06 01:40:00,3,0,0,0,0,4,1,8
2024-03-06 01:50:00,0,0,1,2,0,1,1,5
2024-03-06 02:00:00,1,0,0,1,0,2,0,4
2024-03-06 02:10:00,0,1,0,1,0,2,2,6
2024-03-06 02:20:00,4,0,0,1,0,3,0,8
2024-03-06 02:30:00,1,0,0,0,1,1,0,3
2024-03-06 02:40:00,1,0,0,0,0,2,0,3
2024-03-06 02:50:00,1,0,1,1,0,0,0,3
2024-03-06 03:00:00,1,0,0,0,0,3,1,5
2024-03-06 03:10:00,1,0,2,2,0,1,1,7
2024-03-06 03:20:00,3,0,1,3,0,2,1,10
2024-03-06 03:30:00,0,0,1,1,0,1,0,3
2024-03-06 03:40:00,1,0,0,0,1,4,2,8
2024-03-06 03:50:00,0,0,2,3,1,4,4,14
2024-03-06 04:00:00,3,0,2,5,0,1,1,12
2024-03-06 04:10:00,2,1,0,2,0,1,2,8
2024-03-06 04:20:00,2,0,2,2,0,2,1,9
2024-03-06 04:30:00,4,1,2,5,0,1,3,16
2024-03-06 04:40:00,2,0,1,6,0,1,6,16
2024-03-06 04:50:00,1,0,0,0,0,4,0,5
2024-03-06 05:00:00,5,0,3,5,0,7,6,26
2024-03-06 05:10:00,8,1,5,8,1,4,5,32
2024-03-06 05:20:00,7,0,3,10,0,13,5,38
2024-03-06 05:30:00,13,1,10,18,0,20,3,65
2024-03-06 05:40:00,11,0,6,7,1,14,11,50
2024-03-06 05:50:00,14,1,3,15,2,13,9,57
2024-03-06 06:00:00,22,0,11,20,1,13,12,79
2024-03-06 06:10:00,32,1,11,24,1,10,11,90
2024-03-06 06:20:00,29,2,13,22,1,15,15,97
2024-03-06 06:30:00,23,2,16,22,1,21,17,102
2024-03-06 06:40:00,39,3,24,35,2,19,25,147
2024-03-06 06:50:00,45,3,16,30,2,37,20,153
2024-03-06 07:00:00,39,4,25,36,4,12,29,149
2024-03-06 07:10:00,65,3,28,37,4,27,53,217
2024-03-06 07:20:00,73,3,23,56,1,45,41,242
2024-03-06 07:30:00,81,5,28,48,1,57,44,264
2024-03-06 07:40:00,70,5,44,49,19,92,41,320
2024-03-06 07:50:00,49,13,39,50,29,78,45,303
2024-03-06 08:00:00,59,16,33,40,12,41,46,247
2024-03-06 08:10:00,73,5,25,33,6,35,39,216
2024-03-06 08:20:00,54,7,26,47,3,59,49,245
2024-03-06 08:30:00,47,6,40,48,0,38,39,218
2024-03-06 08:40:00,63,7,35,37,1,41,51,235
2024-03-06 08:50:00,51,2,26,30,4,59,39,211
2024-03-06 09:00:00,52,1,30,39,4,45,42,213
2024-03-06 09:10:00,40,5,22,34,5,41,50,197
2024-03-06 09:20:00,41,5,21,31,4,37,50,189
2024-03-06 09:30:00,52,1,23,36,3,42,45,202
2024-03-06 09:40:00,41,5,29,36,1,38,45,195
2024-03-06 09:50:00,36,11,25,32,2,40,51,197
2024-03-06 10:00:00,41,4,33,38,0,37,47,200
2024-03-06 10:10:00,36,9,20,26,4,21,50,166
2024-03-06 10:20:00,43,4,24,28,2,33,53,187
2024-03-06 10:30:00,39,1,18,28,3,38,41,168
2024-03-06 10:40:00,40,7,24,26,2,30,39,168
2024-03-06 10:50:00,33,6,18,23,2,34,48,164
2024-03-06 11:00:00,45,12,28,26,6,26,42,185
2024-03-06 11:10:00,37,2,27,28,2,37,49,182
2024-03-06 11:20:00,33,5,26,31,2,36,48,181
2024-03-06 11:30:00,41,5,30,34,4,43,55,212
2024-03-06 11:40:00,58,9,20,29,6,40,47,209
2024-03-06 11:50:00,41,8,15,23,4,48,54,193
2024-03-06 12:00:00,56,7,31,33,5,36,50,218
2024-03-06 12:10:00,54,4,30,28,9,35,63,223
2024-03-06 12:20:00,36,6,27,27,6,46,59,207
2024-03-06 12:30:00,48,7,25,24,11,30,46,191
2024-03-06 12:40:00,47,5,28,33,10,40,47,210
2024-03-06 12:50:00,30,6,15,23,2,40,48,164
2024-03-06 13:00:00,47,2,23,25,4,55,37,193
2024-03-06 13:10:00,52,3,25,32,20,40,48,220
2024-03-06 13:20:00,45,5,21,27,10,42,57,207
2024-03-06 13:30:00,34,4,18,30,6,44,62,198
2024-03-06 13:40:00,43,7,24,33,3,41,48,199
2024-03-06 13:50:00,58,10,18,15,2,42,58,203
2024-03-06 14:00:00,51,10,27,27,10,42,50,217
2024-03-06 14:10:00,54,3,34,55,6,42,53,247
2024-03-06 14:20:00,45,8,32,33,11,41,58,228
2024-03-06 14:30:00,54,5,26,34,6,36,64,225
2024-03-06 14:40:00,42,4,30,40,5,55,62,238
2024-03-06 14:50:00,47,5,30,33,2,62,52,231
2024-03-06 15:00:00,35,6,25,30,13,45,64,218
2024-03-06 15:10:00,46,4,29,26,11,55,69,240
2024-03-06 15:20:00,38,2,24,26,9,53,55,207
2024-03-06 15:30:00,45,5,33,26,14,63,61,247
2024-03-06 15:40:00,41,9,32,30,8,50,55,225
2024-03-06 15:50:00,40,7,24,32,11,56,74,244
2024-03-06 16:00:00,55,4,31,32,13,45,56,236
2024-03-06 16:10:00,53,5,28,39,11,55,67,258
2024-03-06 16:20:00,56,5,27,31,8,44,68,239
2024-03-06 16:30:00,53,6,28,38,6,56,70,257
2024-03-06 16:40:00,49,10,31,39,11,48,60,248
2024-03-06 16:50:00,43,5,32,39,12,58,71,260
2024-03-06 17:00:00,61,7,28,34,10,55,63,258
2024-03-06 17:10:00,55,9,29,38,15,56,63,265
2024-03-06 17:20:00,56,8,24,32,10,49,71,250
2024-03-06 17:30:00,50,10,27,32,10,60,62,251
2024-03-06 17:40:00,40,5,26,24,5,51,69,220
2024-03-06 17:50:00,51,7,21,28,12,55,71,245
2024-03-06 18:00:00,53,3,29,22,9,47,81,244
2024-03-06 18:10:00,50,9,18,22,7,53,66,225
2024-03-06 18:20:00,37,6,22,33,4,62,58,222
2024-03-06 18:30:00,28,7,24,33,5,37,67,201
2024-03-06 18:40:00,46,4,25,22,2,37,46,182
2024-03-06 18:50:00,40,11,15,17,14,53,64,214
2024-03-06 19:00:00,32,3,24,19,8,41,63,190
2024-03-06 19:10:00,41,2,17,23,7,40,38,168
2024-03-06 19:20:00,31,7,8,23,2,34,54,159
2024-03-06 19:30:00,36,3,16,24,3,29,35,146
2024-03-06 19:40:00,46,5,10,17,2,41,33,154
2024-03-06 19:50:00,31,4,18,20,4,26,43,146
2024-03-06 20:00:00,18,5,8,19,3,27,15,95
2024-03-06 20:10:00,22,3,15,17,3,26,38,124
2024-03-06 20:20:00,23,3,9,10,0,18,14,77
2024-03-06 20:30:00,14,3,12,20,1,24,16,90
2024-03-06 20:40:00,22,2,9,16,0,28,23,100
2024-03-06 20:50:00,14,4,10,17,0,20,23,88
2024-03-06 21:00:00,16,6,8,15,2,18,16,81
2024-03-06 21:10:00,17,4,12,17,1,15,21,87
2024-03-06 21:20:00,14,4,11,14,1,17,17,78
2024-03-06 21:30:00,17,2,11,21,1,19,25,96
2024-03-06 21:40:00,15,4,5,13,1,14,21,73
2024-03-06 21:50:00,12,1,5,10,0,11,19,58
2024-03-06 22:00:00,9,1,3,6,5,10,19,53
2024-03-06 22:10:00,12,3,20,38,1,10,19,103
2024-03-06 22:20:00,12,5,6,17,1,14,13,68
2024-03-06 22:30:00,10,2,7,17,1,13,12,62
2024-03-06 22:40:00,9,3,3,5,3,15,17,55
2024-03-06 22:50:00,6,1,8,11,0,12,13,51
2024-03-06 23:00:00,6,0,1,4,1,5,16,33
2024-03-06 23:10:00,6,2,2,2,2,8,10,32
2024-03-06 23:20:00,3,1,5,9,0,5,5,28
2024-03-06 23:30:00,9,0,1,4,0,5,7,26
2024-03-06 23:40:00,0,0,2,4,0,9,4,19
2024-03-06 23:50:00,4,0,4,5,0,3,7,23
2024-03-07 00:00:00,5,0,2,4,0,5,6,22
2024-03-07 00:10:00,4,0,0,0,0,2,4,10
2024-03-07 00:20:00,3,1,0,1,0,4,2,11
2024-03-07 00:30:00,2,2,1,1,0,0,2,8
2024-03-07 00:40:00,1,3,1,1,1,0,2,9
2024-03-07 00:50:00,0,0,0,0,0,0,5,5
2024-03-07 01:00:00,0,0,3,4,0,3,4,14
2024-03-07 01:10:00,3,0,0,2,0,3,3,11
2024-03-07 01:20:00,3,0,1,1,0,0,3,8
2024-03-07 01:30:00,4,0,0,3,0,4,1,12
2024-03-07 01:40:00,2,0,0,0,0,1,0,3
2024-03-07 01:50:00,4,0,0,0,0,0,2,6
2024-03-07 02:00:00,1,0,1,1,0,2,1,6
2024-03-07 02:10:00,1,0,0,0,0,3,2,6
2024-03-07 02:20:00,1,1,0,4,0,1,1,8
2024-03-07 02:30:00,2,0,2,3,1,1,2,11
2024-03-07 02:40:00,1,0,2,2,0,2,2,9
2024-03-07 02:50:00,3,0,1,1,0,1,0,6
2024-03-07 03:00:00,2,0,0,1,0,3,0,6
2024-03-07 03:10:00,0,0,2,4,0,2,0,8
2024-03-07 03:20:00,2,0,1,1,0,3,0,7
2024-03-07 03:30:00,0,0,0,1,0,5,1,7
2024-03-07 03:40:00,2,0,0,0,1,2,1,6
2024-03-07 03:50:00,1,0,1,1,1,4,2,10
2024-03-07 04:00:00,2,0,1,3,0,3,2,11
2024-03-07 04:10:00,2,1,0,0,0,2,2,7
2024-03-07 04:20:00,3,0,2,4,0,2,2,13
2024-03-07 04:30:00,1,0,1,6,0,1,0,9
2024-03-07 04:40:00,3,0,1,3,0,3,4,14
2024-03-07 04:50:00,2,1,3,3,1,7,4,21
2024-03-07 05:00:00,2,0,1,2,1,2,1,9
2024-03-07 05:10:00,0,0,0,0,0,0,0,0
2024-03-07 05:20:00,0,0,0,0,0,0,0,0
2024-03-07 05:30:00,0,0,0,0,0,0,0,0
2024-03-07 05:40:00,0,0,0,0,0,0,0,0
2024-03-07 05:50:00,0,0,0,0,0,0,0,0
2024-03-07 06:00:00,0,0,0,0,0,0,0,0
2024-03-07 06:10:00,0,0,0,0,0,0,0,0
2024-03-07 06:20:00,0,0,0,0,0,0,0,0
2024-03-07 06:30:00,0,0,0,0,0,0,0,0
2024-03-07 06:40:00,0,0,0,0,0,0,0,0
2024-03-07 06:50:00,0,0,0,0,0,0,0,0
2024-03-07 07:00:00,0,0,0,0,0,0,0,0
2024-03-07 07:10:00,0,0,0,0,0,0,0,0
2024-03-07 07:20:00,0,0,0,0,0,0,0,0
2024-03-07 07:30:00,0,0,0,0,0,0,0,0
2024-03-07 07:40:00,0,0,0,0,0,0,0,0
2024-03-07 07:50:00,0,0,0,0,0,0,0,0
2024-03-07 08:00:00,0,0,0,0,0,0,0,0
2024-03-07 08:10:00,0,0,0,0,0,0,0,0
2024-03-07 08:20:00,0,0,0,0,0,0,0,0
2024-03-07 08:30:00,0,0,0,0,0,0,0,0
2024-03-07 08:40:00,0,0,0,0,0,0,0,0
2024-03-07 08:50:00,0,0,0,0,0,0,0,0
2024-03-07 09:00:00,0,0,0,0,0,0,0,0
2024-03-07 09:10:00,0,0,0,0,0,0,0,0
2024-03-07 09:20:00,0,0,0,0,0,0,0,0
2024-03-07 09:30:00,0,0,0,0,0,0,0,0
2024-03-07 09:40:00,0,0,0,0,0,0,0,0
2024-03-07 09:50:00,0,0,0,0,0,0,0,0
2024-03-07 10:00:00,0,0,0,0,0,0,0,0
2024-03-07 10:10:00,0,0,0,0,0,0,0,0
2024-03-07 10:20:00,0,0,0,0,0,0,0,0
2024-03-07 10:30:00,0,0,0,0,0,0,0,0
2024-03-07 10:40:00,0,0,0,0,0,0,0,0
2024-03-07 10:50:00,0,0,0,0,0,0,0,0
2024-03-07 11:00:00,0,0,0,0,0,0,0,0
2024-03-07 11:10:00,0,0,0,0,0,0,0,0
2024-03-07 11:20:00,0,0,0,0,0,0,0,0
2024-03-07 11:30:00,0,0,0,0,0,0,0,0
2024-03-07 11:40:00,0,0,0,0,0,0,0,0
2024-03-07 11:50:00,0,0,0,0,0,0,0,0
2024-03-07 12:00:00,0,0,0,0,0,0,0,0
2024-03-07 12:10:00,0,0,0,0,0,0,0,0
2024-03-07 12:20:00,0,0,0,0,0,0,0,0
2024-03-07 12:30:00,0,0,0,0,0,0,0,0
2024-03-07 12:40:00,0,0,0,0,0,0,0,0
2024-03-07 12:50:00,0,0,0,0,0,0,0,0
2024-03-07 13:00:00,0,0,0,0,0,0,0,0
2024-03-07 13:10:00,0,0,0,0,0,0,0,0
2024-03-07 13:20:00,0,0,0,0,0,0,0,0
2024-03-07 13:30:00,0,0,0,0,0,0,0,0
2024-03-07 13:40:00,0,0,0,0,0,0,0,0
2024-03-07 13:50:00,0,0,0,0,0,0,0,0
2024-03-07 14:00:00,0,0,0,0,0,0,0,0
2024-03-07 14:10:00,0,0,0,0,0,0,0,0
2024-03-07 14:20:00,0,0,0,0,0,0,0,0
2024-03-07 14:30:00,0,0,0,0,0,0,0,0
2024-03-07 14:40:00,0,0,0,0,0,0,0,0
2024-03-07 14:50:00,0,0,0,0,0,0,0,0
2024-03-07 15:00:00,0,0,0,0,0,0,0,0
2024-03-07 15:10:00,0,0,0,0,0,0,0,0
2024-03-07 15:20:00,0,0,0,0,0,0,0,0
2024-03-07 15:30:00,0,0,0,0,0,0,0,0
2024-03-07 15:40:00,0,0,0,0,0,0,0,0
2024-03-07 15:50:00,0,0,0,0,0,0,0,0
2024-03-07 16:00:00,0,0,0,0,0,0,0,0
2024-03-07 16:10:00,0,0,0,0,0,0,0,0
2024-03-07 16:20:00,0,0,0,0,0,0,0,0
2024-03-07 16:30:00,0,0,0,0,0,0,0,0
2024-03-07 16:40:00,0,0,0,0,0,0,0,0
2024-03-07 16:50:00,0,0,0,0,0,0,0,0
2024-03-07 17:00:00,0,0,0,0,0,0,0,0
2024-03-07 17:10:00,0,0,0,0,0,0,0,0
2024-03-07 17:20:00,0,0,0,0,0,0,0,0
2024-03-07 17:30:00,0,0,0,0,0,0,0,0
2024-03-07 17:40:00,0,0,0,0,0,0,0,0
2024-03-07 17:50:00,0,0,0,0,0,0,0,0
2024-03-07 18:00:00,0,0,0,0,0,0,0,0
2024-03-07 18:10:00,0,0,0,0,0,0,0,0
2024-03-07 18:20:00,0,0,0,0,0,0,0,0
2024-03-07 18:30:00,0,0,0,0,0,0,0,0
2024-03-07 18:40:00,0,0,0,0,0,0,0,0
2024-03-07 18:50:00,0,0,0,0,0,0,0,0
2024-03-07 19:00:00,0,0,0,0,0,0,0,0
2024-03-07 19:10:00,0,0,0,0,0,0,0,0
2024-03-07 19:20:00,0,0,0,0,0,0,0,0
2024-03-07 19:30:00,0,0,0,0,0,0,0,0
2024-03-07 19:40:00,0,0,0,0,0,0,0,0
2024-03-07 19:50:00,0,0,0,0,0,0,0,0
2024-03-07 20:00:00,0,0,0,0,0,0,0,0
2024-03-07 20:10:00,0,0,0,0,0,0,0,0
2024-03-07 20:20:00,0,0,0,0,0,0,0,0
2024-03-07 20:30:00,0,0,0,0,0,0,0,0
2024-03-07 20:40:00,0,0,0,0,0,0,0,0
2024-03-07 20:50:00,0,0,0,0,0,0,0,0
2024-03-07 21:00:00,0,0,0,0,0,0,0,0
2024-03-07 21:10:00,0,0,0,0,0,0,0,0
2024-03-07 21:20:00,0,0,0,0,0,0,0,0
2024-03-07 21:30:00,0,0,0,0,0,0,0,0
2024-03-07 21:40:00,0,0,0,0,0,0,0,0
2024-03-07 21:50:00,0,0,0,0,0,0,0,0
2024-03-07 22:00:00,0,0,0,0,0,0,0,0
2024-03-07 22:10:00,0,0,0,0,0,0,0,0
2024-03-07 22:20:00,0,0,0,0,0,0,0,0
2024-03-07 22:30:00,0,0,0,0,0,0,0,0
2024-03-07 22:40:00,0,0,0,0,0,0,0,0
2024-03-07 22:50:00,0,0,0,0,0,0,0,0
2024-03-07 23:00:00,0,0,0,0,0,0,0,0
2024-03-07 23:10:00,0,0,0,0,0,0,0,0
2024-03-07 23:20:00,0,0,0,0,0,0,0,0
2024-03-07 23:30:00,0,0,0,0,0,0,0,0
2024-03-07 23:40:00,0,0,0,0,0,0,0,0
2024-03-07 23:50:00,0,0,0,0,0,0,0,0
2024-03-08 00:00:00,0,0,0,0,0,0,0,0
2024-03-08 00:10:00,0,0,0,0,0,0,0,0
2024-03-08 00:20:00,0,0,0,0,0,0,0,0
2024-03-08 00:30:00,0,0,0,0,0,0,0,0
2024-03-08 00:40:00,0,0,0,0,0,0,0,0
2024-03-08 00:50:00,0,0,0,0,0,0,0,0
2024-03-08 01:00:00,0,0,0,0,0,0,0,0
2024-03-08 01:10:00,0,0,0,0,0,0,0,0
2024-03-08 01:20:00,0,0,0,0,0,0,0,0
2024-03-08 01:30:00,0,0,0,0,0,0,0,0
2024-03-08 01:40:00,0,0,0,0,0,0,0,0
2024-03-08 01:50:00,0,0,0,0,0,0,0,0
2024-03-08 02:00:00,0,0,0,0,0,0,0,0
2024-03-08 02:10:00,0,0,0,0,0,0,0,0
2024-03-08 02:20:00,0,0,0,0,0,0,0,0
2024-03-08 02:30:00,0,0,0,0,0,0,0,0
2024-03-08 02:40:00,0,0,0,0,0,0,0,0
2024-03-08 02:50:00,0,0,0,0,0,0,0,0
2024-03-08 03:00:00,0,0,0,0,0,0,0,0
2024-03-08 03:10:00,0,0,0,0,0,0,0,0
2024-03-08 03:20:00,0,0,0,0,0,0,0,0
2024-03-08 03:30:00,0,0,0,0,0,0,0,0
2024-03-08 03:40:00,0,0,0,0,0,0,0,0
2024-03-08 03:50:00,0,0,0,0,0,0,0,0
2024-03-08 04:00:00,0,0,0,0,0,0,0,0
2024-03-08 04:10:00,0,0,0,0,0,0,0,0
2024-03-08 04:20:00,0,0,0,0,0,0,0,0
2024-03-08 04:30:00,0,0,0,0,0,0,0,0
2024-03-08 04:40:00,0,0,0,0,0,0,0,0
2024-03-08 04:50:00,0,0,0,0,0,0,0,0
2024-03-08 05:00:00,0,0,0,0,0,0,0,0
2024-03-08 05:10:00,0,0,0,0,0,0,0,0
2024-03-08 05:20:00,0,0,0,0,0,0,0,0
2024-03-08 05:30:00,0,0,0,0,0,0,0,0
2024-03-08 05:40:00,0,0,0,0,0,0,0,0
2024-03-08 05:50:00,0,0,0,0,0,0,0,0
2024-03-08 06:00:00,0,0,0,0,0,0,0,0
2024-03-08 06:10:00,0,0,0,0,0,0,0,0
2024-03-08 06:20:00,0,0,0,0,0,0,0,0
2024-03-08 06:30:00,0,0,0,0,0,0,0,0
2024-03-08 06:40:00,0,0,0,0,0,0,0,0
2024-03-08 06:50:00,0,0,0,0,0,0,0,0
2024-03-08 07:00:00,0,0,0,0,0,0,0,0
2024-03-08 07:10:00,0,0,0,0,0,0,0,0
2024-03-08 07:20:00,0,0,0,0,0,0,0,0
2024-03-08 07:30:00,0,0,0,0,0,0,0,0
2024-03-08 07:40:00,0,0,0,0,0,0,0,0
2024-03-08 07:50:00,0,0,0,0,0,0,0,0
2024-03-08 08:00:00,0,0,0,0,0,0,0,0
2024-03-08 08:10:00,0,0,0,0,0,0,0,0
2024-03-08 08:20:00,0,0,0,0,0,0,0,0
2024-03-08 08:30:00,0,0,0,0,0,0,0,0
2024-03-08 08:40:00,0,0,0,0,0,0,0,0
2024-03-08 08:50:00,0,0,0,0,0,0,0,0
2024-03-08 09:00:00,0,0,0,0,0,0,0,0
2024-03-08 09:10:00,0,0,0,0,0,0,0,0
2024-03-08 09:20:00,0,0,0,0,0,0,0,0
2024-03-08 09:30:00,0,0,0,0,0,0,0,0
2024-03-08 09:40:00,0,0,0,0,0,0,0,0
2024-03-08 09:50:00,0,0,0,0,0,0,0,0
2024-03-08 10:00:00,0,0,0,0,0,0,0,0
2024-03-08 10:10:00,0,0,0,0,0,0,0,0
2024-03-08 10:20:00,0,0,0,0,0,0,0,0
2024-03-08 10:30:00,0,0,0,0,0,0,0,0
2024-03-08 10:40:00,0,0,0,0,0,0,0,0
2024-03-08 10:50:00,0,0,0,0,0,0,0,0
2024-03-08 11:00:00,0,0,0,0,0,0,0,0
2024-03-08 11:10:00,0,0,0,0,0,0,0,0
2024-03-08 11:20:00,0,0,0,0,0,0,0,0
2024-03-08 11:30:00,0,0,0,0,0,0,0,0
2024-03-08 11:40:00,0,0,0,0,0,0,0,0
2024-03-08 11:50:00,0,0,0,0,0,0,0,0
2024-03-08 12:00:00,0,0,0,0,0,0,0,0
2024-03-08 12:10:00,0,0,0,0,0,0,0,0
2024-03-08 12:20:00,0,0,0,0,0,0,0,0
2024-03-08 12:30:00,0,0,0,0,0,0,0,0
2024-03-08 12:40:00,0,0,0,0,0,0,0,0
2024-03-08 12:50:00,0,0,0,0,0,0,0,0
2024-03-08 13:00:00,0,0,0,0,0,0,0,0
2024-03-08 13:10:00,0,0,0,0,0,0,0,0
2024-03-08 13:20:00,0,0,0,0,0,0,0,0
2024-03-08 13:30:00,0,0,0,0,0,0,0,0
2024-03-08 13:40:00,0,0,0,0,0,0,0,0
2024-03-08 13:50:00,0,0,0,0,0,0,0,0
2024-03-08 14:00:00,0,0,0,0,0,0,0,0
2024-03-08 14:10:00,0,0,0,0,0,0,0,0
2024-03-08 14:20:00,0,0,0,0,0,0,0,0
2024-03-08 14:30:00,0,0,0,0,0,0,0,0
2024-03-08 14:40:00,0,0,0,0,0,0,0,0
2024-03-08 14:50:00,0,0,0,0,0,0,0,0
2024-03-08 15:00:00,0,0,0,0,0,0,0,0
2024-03-08 15:10:00,0,0,0,0,0,0,0,0
2024-03-08 15:20:00,0,0,0,0,0,0,0,0
2024-03-08 15:30:00,0,0,0,0,0,0,0,0
2024-03-08 15:40:00,0,0,0,0,0,0,0,0
2024-03-08 15:50:00,0,0,0,0,0,0,0,0
2024-03-08 16:00:00,0,0,0,0,0,0,0,0
2024-03-08 16:10:00,0,0,0,0,0,0,0,0
2024-03-08 16:20:00,0,0,0,0,0,0,0,0
2024-03-08 16:30:00,0,0,0,0,0,0,0,0
2024-03-08 16:40:00,0,0,0,0,0,0,0,0
2024-03-08 16:50:00,0,0,0,0,0,0,0,0
2024-03-08 17:00:00,0,0,0,0,0,0,0,0
2024-03-08 17:10:00,0,0,0,0,0,0,0,0
2024-03-08 17:20:00,0,0,0,0,0,0,0,0
2024-03-08 17:30:00,0,0,0,0,0,0,0,0
2024-03-08 17:40:00,0,0,0,0,0,0,0,0
2024-03-08 17:50:00,0,0,0,0,0,0,0,0
2024-03-08 18:00:00,0,0,0,0,0,0,0,0
2024-03-08 18:10:00,0,0,0,0,0,0,0,0
2024-03-08 18:20:00,0,0,0,0,0,0,0,0
2024-03-08 18:30:00,0,0,0,0,0,0,0,0
2024-03-08 18:40:00,0,0,0,0,0,0,0,0
2024-03-08 18:50:00,0,0,0,0,0,0,0,0
2024-03-08 19:00:00,0,0,0,0,0,0,0,0
2024-03-08 19:10:00,0,0,0,0,0,0,0,0
2024-03-08 19:20:00,0,0,0,0,0,0,0,0
2024-03-08 19:30:00,0,0,0,0,0,0,0,0
2024-03-08 19:40:00,0,0,0,0,0,0,0,0
2024-03-08 19:50:00,0,0,0,0,0,0,0,0
2024-03-08 20:00:00,0,0,0,0,0,0,0,0
2024-03-08 20:10:00,0,0,0,0,0,0,0,0
2024-03-08 20:20:00,0,0,0,0,0,0,0,0
2024-03-08 20:30:00,0,0,0,0,0,0,0,0
2024-03-08 20:40:00,0,0,0,0,0,0,0,0
2024-03-08 20:50:00,0,0,0,0,0,0,0,0
2024-03-08 21:00:00,0,0,0,0,0,0,0,0
2024-03-08 21:10:00,0,0,0,0,0,0,0,0
2024-03-08 21:20:00,0,0,0,0,0,0,0,0
2024-03-08 21:30:00,0,0,0,0,0,0,0,0
2024-03-08 21:40:00,0,0,0,0,0,0,0,0
2024-03-08 21:50:00,0,0,0,0,0,0,0,0
2024-03-08 22:00:00,0,0,0,0,0,0,0,0
2024-03-08 22:10:00,0,0,0,0,0,0,0,0
2024-03-08 22:20:00,0,0,0,0,0,0,0,0
2024-03-08 22:30:00,0,0,0,0,0,0,0,0
2024-03-08 22:40:00,0,0,0,0,0,0,0,0
2024-03-08 22:50:00,0,0,0,0,0,0,0,0
2024-03-08 23:00:00,0,0,0,0,0,0,0,0
2024-03-08 23:10:00,0,0,0,0,0,0,0,0
2024-03-08 23:20:00,0,0,0,0,0,0,0,0
2024-03-08 23:30:00,0,0,0,0,0,0,0,0
2024-03-08 23:40:00,0,0,0,0,0,0,0,0
2024-03-08 23:50:00,0,0,0,0,0,0,0,0
2024-03-09 00:00:00,0,0,0,0,0,0,0,0
2024-03-09 00:10:00,0,0,0,0,0,0,0,0
2024-03-09 00:20:00,0,0,0,0,0,0,0,0
2024-03-09 00:30:00,0,0,0,0,0,0,0,0
2024-03-09 00:40:00,0,0,0,0,0,0,0,0
2024-03-09 00:50:00,0,0,0,0,0,0,0,0
2024-03-09 01:00:00,0,0,0,0,0,0,0,0
2024-03-09 01:10:00,0,0,0,0,0,0,0,0
2024-03-09 01:20:00,0,0,0,0,0,0,0,0
2024-03-09 01:30:00,0,0,0,0,0,0,0,0
2024-03-09 01:40:00,0,0,0,0,0,0,0,0
2024-03-09 01:50:00,0,0,0,0,0,0,0,0
2024-03-09 02:00:00,0,0,0,0,0,0,0,0
2024-03-09 02:10:00,0,0,0,0,0,0,0,0
2024-03-09 02:20:00,0,0,0,0,0,0,0,0
2024-03-09 02:30:00,0,0,0,0,0,0,0,0
2024-03-09 02:40:00,0,0,0,0,0,0,0,0
2024-03-09 02:50:00,0,0,0,0,0,0,0,0
2024-03-09 03:00:00,0,0,0,0,0,0,0,0
2024-03-09 03:10:00,0,0,0,0,0,0,0,0
2024-03-09 03:20:00,0,0,0,0,0,0,0,0
2024-03-09 03:30:00,0,0,0,0,0,0,0,0
2024-03-09 03:40:00,0,0,0,0,0,0,0,0
2024-03-09 03:50:00,0,0,0,0,0,0,0,0
2024-03-09 04:00:00,0,0,0,0,0,0,0,0
2024-03-09 04:10:00,0,0,0,0,0,0,0,0
2024-03-09 04:20:00,0,0,0,0,0,0,0,0
2024-03-09 04:30:00,0,0,0,0,0,0,0,0
2024-03-09 04:40:00,0,0,0,0,0,0,0,0
2024-03-09 04:50:00,0,0,0,0,0,0,0,0
2024-03-09 05:00:00,0,0,0,0,0,0,0,0
2024-03-09 05:10:00,0,0,0,0,0,0,0,0
2024-03-09 05:20:00,0,0,0,0,0,0,0,0
2024-03-09 05:30:00,0,0,0,0,0,0,0,0
2024-03-09 05:40:00,0,0,0,0,0,0,0,0
2024-03-09 05:50:00,0,0,0,0,0,0,0,0
2024-03-09 06:00:00,0,0,0,0,0,0,0,0
2024-03-09 06:10:00,0,0,0,0,0,0,0,0
2024-03-09 06:20:00,0,0,0,0,0,0,0,0
2024-03-09 06:30:00,0,0,0,0,0,0,0,0
2024-03-09 06:40:00,0,0,0,0,0,0,0,0
2024-03-09 06:50:00,0,0,0,0,0,0,0,0
2024-03-09 07:00:00,0,0,0,0,0,0,0,0
2024-03-09 07:10:00,0,0,0,0,0,0,0,0
2024-03-09 07:20:00,0,0,0,0,0,0,0,0
2024-03-09 07:30:00,0,0,0,0,0,0,0,0
2024-03-09 07:40:00,0,0,0,0,0,0,0,0
2024-03-09 07:50:00,0,0,0,0,0,0,0,0
2024-03-09 08:00:00,0,0,0,0,0,0,0,0
2024-03-09 08:10:00,0,0,0,0,0,0,0,0
2024-03-09 08:20:00,0,0,0,0,0,0,0,0
2024-03-09 08:30:00,0,0,0,0,0,0,0,0
2024-03-09 08:40:00,0,0,0,0,0,0,0,0
2024-03-09 08:50:00,0,0,0,0,0,0,0,0
2024-03-09 09:00:00,0,0,0,0,0,0,0,0
2024-03-09 09:10:00,0,0,0,0,0,0,0,0
2024-03-09 09:20:00,0,0,0,0,0,0,0,0
2024-03-09 09:30:00,0,0,0,0,0,0,0,0
2024-03-09 09:40:00,0,0,0,0,0,0,0,0
2024-03-09 09:50:00,0,0,0,0,0,0,0,0
2024-03-09 10:00:00,0,0,0,0,0,0,0,0
2024-03-09 10:10:00,0,0,0,0,0,0,0,0
2024-03-09 10:20:00,0,0,0,0,0,0,0,0
2024-03-09 10:30:00,0,0,0,0,0,0,0,0
2024-03-09 10:40:00,0,0,0,0,0,0,0,0
2024-03-09 10:50:00,0,0,0,0,0,0,0,0
2024-03-09 11:00:00,0,0,0,0,0,0,0,0
2024-03-09 11:10:00,0,0,0,0,0,0,0,0
2024-03-09 11:20:00,0,0,0,0,0,0,0,0
2024-03-09 11:30:00,0,0,0,0,0,0,0,0
2024-03-09 11:40:00,0,0,0,0,0,0,0,0
2024-03-09 11:50:00,0,0,0,0,0,0,0,0
2024-03-09 12:00:00,0,0,0,0,0,0,0,0
2024-03-09 12:10:00,0,0,0,0,0,0,0,0
2024-03-09 12:20:00,0,0,0,0,0,0,0,0
2024-03-09 12:30:00,0,0,0,0,0,0,0,0
2024-03-09 12:40:00,0,0,0,0,0,0,0,0
2024-03-09 12:50:00,0,0,0,0,0,0,0,0
2024-03-09 13:00:00,0,0,0,0,0,0,0,0
2024-03-09 13:10:00,0,0,0,0,0,0,0,0
2024-03-09 13:20:00,0,0,0,0,0,0,0,0
2024-03-09 13:30:00,0,0,0,0,0,0,0,0
2024-03-09 13:40:00,0,0,0,0,0,0,0,0
2024-03-09 13:50:00,0,0,0,0,0,0,0,0
2024-03-09 14:00:00,0,0,0,0,0,0,0,0
2024-03-09 14:10:00,0,0,0,0,0,0,0,0
2024-03-09 14:20:00,0,0,0,0,0,0,0,0
2024-03-09 14:30:00,0,0,0,0,0,0,0,0
2024-03-09 14:40:00,0,0,0,0,0,0,0,0
2024-03-09 14:50:00,0,0,0,0,0,0,0,0
2024-03-09 15:00:00,0,0,0,0,0,0,0,0
2024-03-09 15:10:00,0,0,0,0,0,0,0,0
2024-03-09 15:20:00,0,0,0,0,0,0,0,0
2024-03-09 15:30:00,0,0,0,0,0,0,0,0
2024-03-09 15:40:00,0,0,0,0,0,0,0,0
2024-03-09 15:50:00,0,0,0,0,0,0,0,0
2024-03-09 16:00:00,0,0,0,0,0,0,0,0
2024-03-09 16:10:00,0,0,0,0,0,0,0,0
2024-03-09 16:20:00,0,0,0,0,0,0,0,0
2024-03-09 16:30:00,0,0,0,0,0,0,0,0
2024-03-09 16:40:00,0,0,0,0,0,0,0,0
2024-03-09 16:50:00,0,0,0,0,0,0,0,0
2024-03-09 17:00:00,0,0,0,0,0,0,0,0
2024-03-09 17:10:00,0,0,0,0,0,0,0,0
2024-03-09 17:20:00,0,0,0,0,0,0,0,0
2024-03-09 17:30:00,0,0,0,0,0,0,0,0
2024-03-09 17:40:00,0,0,0,0,0,0,0,0
2024-03-09 17:50:00,0,0,0,0,0,0,0,0
2024-03-09 18:00:00,0,0,0,0,0,0,0,0
2024-03-09 18:10:00,0,0,0,0,0,0,0,0
2024-03-09 18:20:00,0,0,0,0,0,0,0,0
2024-03-09 18:30:00,0,0,0,0,0,0,0,0
2024-03-09 18:40:00,0,0,0,0,0,0,0,0
2024-03-09 18:50:00,0,0,0,0,0,0,0,0
2024-03-09 19:00:00,0,0,0,0,0,0,0,0
2024-03-09 19:10:00,0,0,0,0,0,0,0,0
2024-03-09 19:20:00,0,0,0,0,0,0,0,0
2024-03-09 19:30:00,0,0,0,0,0,0,0,0
2024-03-09 19:40:00,0,0,0,0,0,0,0,0
2024-03-09 19:50:00,0,0,0,0,0,0,0,0
2024-03-09 20:00:00,0,0,0,0,0,0,0,0
2024-03-09 20:10:00,0,0,0,0,0,0,0,0
2024-03-09 20:20:00,0,0,0,0,0,0,0,0
2024-03-09 20:30:00,0,0,0,0,0,0,0,0
2024-03-09 20:40:00,0,0,0,0,0,0,0,0
2024-03-09 20:50:00,0,0,0,0,0,0,0,0
2024-03-09 21:00:00,0,0,0,0,0,0,0,0
2024-03-09 21:10:00,0,0,0,0,0,0,0,0
2024-03-09 21:20:00,0,0,0,0,0,0,0,0
2024-03-09 21:30:00,0,0,0,0,0,0,0,0
2024-03-09 21:40:00,0,0,0,0,0,0,0,0
2024-03-09 21:50:00,0,0,0,0,0,0,0,0
2024-03-09 22:00:00,0,0,0,0,0,0,0,0
2024-03-09 22:10:00,0,0,0,0,0,0,0,0
2024-03-09 22:20:00,0,0,0,0,0,0,0,0
2024-03-09 22:30:00,0,0,0,0,0,0,0,0
2024-03-09 22:40:00,0,0,0,0,0,0,0,0
2024-03-09 22:50:00,0,0,0,0,0,0,0,0
2024-03-09 23:00:00,0,0,0,0,0,0,0,0
2024-03-09 23:10:00,0,0,0,0,0,0,0,0
2024-03-09 23:20:00,0,0,0,0,0,0,0,0
2024-03-09 23:30:00,0,0,0,0,0,0,0,0
2024-03-09 23:40:00,0,0,0,0,0,0,0,0
2024-03-09 23:50:00,0,0,0,0,0,0,0,0
2024-03-10 00:00:00,0,0,0,0,0,0,0,0
2024-03-10 00:10:00,0,0,0,0,0,0,0,0
2024-03-10 00:20:00,0,0,0,0,0,0,0,0
2024-03-10 00:30:00,0,0,0,0,0,0,0,0
2024-03-10 00:40:00,0,0,0,0,0,0,0,0
2024-03-10 00:50:00,0,0,0,0,0,0,0,0
2024-03-10 01:00:00,0,0,0,0,0,0,0,0
2024-03-10 01:10:00,0,0,0,0,0,0,0,0
2024-03-10 01:20:00,0,0,0,0,0,0,0,0
2024-03-10 01:30:00,0,0,0,0,0,0,0,0
2024-03-10 01:40:00,0,0,0,0,0,0,0,0
2024-03-10 01:50:00,0,0,0,0,0,0,0,0
2024-03-10 02:00:00,0,0,0,0,0,0,0,0
2024-03-10 02:10:00,0,0,0,0,0,0,0,0
2024-03-10 02:20:00,0,0,0,0,0,0,0,0
2024-03-10 02:30:00,0,0,0,0,0,0,0,0
2024-03-10 02:40:00,0,0,0,0,0,0,0,0
2024-03-10 02:50:00,0,0,0,0,0,0,0,0
2024-03-10 03:00:00,0,0,0,0,0,0,0,0
2024-03-10 03:10:00,0,0,0,0,0,0,0,0
2024-03-10 03:20:00,0,0,0,0,0,0,0,0
2024-03-10 03:30:00,0,0,0,0,0,0,0,0
2024-03-10 03:40:00,0,0,0,0,0,0,0,0
2024-03-10 03:50:00,0,0,0,0,0,0,0,0
2024-03-10 04:00:00,0,0,0,0,0,0,0,0
2024-03-10 04:10:00,0,0,0,0,0,0,0,0
2024-03-10 04:20:00,0,0,0,0,0,0,0,0
2024-03-10 04:30:00,0,0,0,0,0,0,0,0
2024-03-10 04:40:00,0,0,0,0,0,0,0,0
2024-03-10 04:50:00,0,0,0,0,0,0,0,0
2024-03-10 05:00:00,0,0,0,0,0,0,0,0
2024-03-10 05:10:00,0,0,0,0,0,0,0,0
2024-03-10 05:20:00,0,0,0,0,0,0,0,0
2024-03-10 05:30:00,0,0,0,0,0,0,0,0
2024-03-10 05:40:00,0,0,0,0,0,0,0,0
2024-03-10 05:50:00,0,0,0,0,0,0,0,0
2024-03-10 06:00:00,0,0,0,0,0,0,0,0
2024-03-10 06:10:00,0,0,0,0,0,0,0,0
2024-03-10 06:20:00,0,0,0,0,0,0,0,0
2024-03-10 06:30:00,0,0,0,0,0,0,0,0
2024-03-10 06:40:00,0,0,0,0,0,0,0,0
2024-03-10 06:50:00,0,0,0,0,0,0,0,0
2024-03-10 07:00:00,0,0,0,0,0,0,0,0
2024-03-10 07:10:00,0,0,0,0,0,0,0,0
2024-03-10 07:20:00,0,0,0,0,0,0,0,0
2024-03-10 07:30:00,0,0,0,0,0,0,0,0
2024-03-10 07:40:00,0,0,0,0,0,0,0,0
2024-03-10 07:50:00,0,0,0,0,0,0,0,0
2024-03-10 08:00:00,0,0,0,0,0,0,0,0
2024-03-10 08:10:00,0,0,0,0,0,0,0,0
2024-03-10 08:20:00,0,0,0,0,0,0,0,0
2024-03-10 08:30:00,0,0,0,0,0,0,0,0
2024-03-10 08:40:00,0,0,0,0,0,0,0,0
2024-03-10 08:50:00,0,0,0,0,0,0,0,0
2024-03-10 09:00:00,0,0,0,0,0,0,0,0
2024-03-10 09:10:00,0,0,0,0,0,0,0,0
2024-03-10 09:20:00,0,0,0,0,0,0,0,0
2024-03-10 09:30:00,0,0,0,0,0,0,0,0
2024-03-10 09:40:00,0,0,0,0,0,0,0,0
2024-03-10 09:50:00,0,0,0,0,0,0,0,0
2024-03-10 10:00:00,0,0,0,0,0,0,0,0
2024-03-10 10:10:00,0,0,0,0,0,0,0,0
2024-03-10 10:20:00,0,0,0,0,0,0,0,0
2024-03-10 10:30:00,0,0,0,0,0,0,0,0
2024-03-10 10:40:00,0,0,0,0,0,0,0,0
2024-03-10 10:50:00,0,0,0,0,0,0,0,0
2024-03-10 11:00:00,0,0,0,0,0,0,0,0
2024-03-10 11:10:00,0,0,0,0,0,0,0,0
2024-03-10 11:20:00,0,0,0,0,0,0,0,0
2024-03-10 11:30:00,0,0,0,0,0,0,0,0
2024-03-10 11:40:00,0,0,0,0,0,0,0,0
2024-03-10 11:50:00,0,0,0,0,0,0,0,0
2024-03-10 12:00:00,0,0,0,0,0,0,0,0
2024-03-10 12:10:00,0,0,0,0,0,0,0,0
2024-03-10 12:20:00,0,0,0,0,0,0,0,0
2024-03-10 12:30:00,0,0,0,0,0,0,0,0
2024-03-10 12:40:00,0,0,0,0,0,0,0,0
2024-03-10 12:50:00,0,0,0,0,0,0,0,0
2024-03-10 13:00:00,0,0,0,0,0,0,0,0
2024-03-10 13:10:00,0,0,0,0,0,0,0,0
2024-03-10 13:20:00,0,0,0,0,0,0,0,0
2024-03-10 13:30:00,0,0,0,0,0,0,0,0
2024-03-10 13:40:00,0,0,0,0,0,0,0,0
2024-03-10 13:50:00,0,0,0,0,0,0,0,0
2024-03-10 14:00:00,0,0,0,0,0,0,0,0
2024-03-10 14:10:00,0,0,0,0,0,0,0,0
2024-03-10 14:20:00,0,0,0,0,0,0,0,0
2024-03-10 14:30:00,0,0,0,0,0,0,0,0
2024-03-10 14:40:00,0,0,0,0,0,0,0,0
2024-03-10 14:50:00,0,0,0,0,0,0,0,0
2024-03-10 15:00:00,0,0,0,0,0,0,0,0
2024-03-10 15:10:00,0,0,0,0,0,0,0,0
2024-03-10 15:20:00,0,0,0,0,0,0,0,0
2024-03-10 15:30:00,0,0,0,0,0,0,0,0
2024-03-10 15:40:00,0,0,0,0,0,0,0,0
2024-03-10 15:50:00,0,0,0,0,0,0,0,0
2024-03-10 16:00:00,0,0,0,0,0,0,0,0
2024-03-10 16:10:00,0,0,0,0,0,0,0,0
2024-03-10 16:20:00,0,0,0,0,0,0,0,0
2024-03-10 16:30:00,0,0,0,0,0,0,0,0
2024-03-10 16:40:00,0,0,0,0,0,0,0,0
2024-03-10 16:50:00,0,0,0,0,0,0,0,0
2024-03-10 17:00:00,0,0,0,0,0,0,0,0
2024-03-10 17:10:00,0,0,0,0,0,0,0,0
2024-03-10 17:20:00,0,0,0,0,0,0,0,0
2024-03-10 17:30:00,0,0,0,0,0,0,0,0
2024-03-10 17:40:00,0,0,0,0,0,0,0,0
2024-03-10 17:50:00,0,0,0,0,0,0,0,0
2024-03-10 18:00:00,0,0,0,0,0,0,0,0
2024-03-10 18:10:00,0,0,0,0,0,0,0,0
2024-03-10 18:20:00,0,0,0,0,0,0,0,0
2024-03-10 18:30:00,0,0,0,0,0,0,0,0
2024-03-10 18:40:00,0,0,0,0,0,0,0,0
2024-03-10 18:50:00,0,0,0,0,0,0,0,0
2024-03-10 19:00:00,0,0,0,0,0,0,0,0
2024-03-10 19:10:00,0,0,0,0,0,0,0,0
2024-03-10 19:20:00,0,0,0,0,0,0,0,0
2024-03-10 19:30:00,0,0,0,0,0,0,0,0
2024-03-10 19:40:00,0,0,0,0,0,0,0,0
2024-03-10 19:50:00,0,0,0,0,0,0,0,0
2024-03-10 20:00:00,0,0,0,0,0,0,0,0
2024-03-10 20:10:00,0,0,0,0,0,0,0,0
2024-03-10 20:20:00,0,0,0,0,0,0,0,0
2024-03-10 20:30:00,0,0,0,0,0,0,0,0
2024-03-10 20:40:00,0,0,0,0,0,0,0,0
2024-03-10 20:50:00,0,0,0,0,0,0,0,0
2024-03-10 21:00:00,0,0,0,0,0,0,0,0
2024-03-10 21:10:00,0,0,0,0,0,0,0,0
2024-03-10 21:20:00,0,0,0,0,0,0,0,0
2024-03-10 21:30:00,0,0,0,0,0,0,0,0
2024-03-10 21:40:00,0,0,0,0,0,0,0,0
2024-03-10 21:50:00,0,0,0,0,0,0,0,0
2024-03-10 22:00:00,0,0,0,0,0,0,0,0
2024-03-10 22:10:00,0,0,0,0,0,0,0,0
2024-03-10 22:20:00,0,0,0,0,0,0,0,0
2024-03-10 22:30:00,0,0,0,0,0,0,0,0
2024-03-10 22:40:00,0,0,0,0,0,0,0,0
2024-03-10 22:50:00,0,0,0,0,0,0,0,0
2024-03-10 23:00:00,0,0,0,0,0,0,0,0
2024-03-10 23:10:00,0,0,0,0,0,0,0,0
2024-03-10 23:20:00,0,0,0,0,0,0,0,0
2024-03-10 23:30:00,0,0,0,0,0,0,0,0
2024-03-10 23:40:00,0,0,0,0,0,0,0,0
2024-03-10 23:50:00,0,0,0,0,0,0,0,0
2024-03-11 00:00:00,0,0,0,0,0,0,0,0
2024-03-11 00:10:00,0,0,0,0,0,0,0,0
2024-03-11 00:20:00,0,0,0,0,0,0,0,0
2024-03-11 00:30:00,0,0,0,0,0,0,0,0
2024-03-11 00:40:00,0,0,0,0,0,0,0,0
2024-03-11 00:50:00,0,0,0,0,0,0,0,0
2024-03-11 01:00:00,0,0,0,0,0,0,0,0
2024-03-11 01:10:00,0,0,0,0,0,0,0,0
2024-03-11 01:20:00,0,0,0,0,0,0,0,0
2024-03-11 01:30:00,0,0,0,0,0,0,0,0
2024-03-11 01:40:00,0,0,0,0,0,0,0,0
2024-03-11 01:50:00,0,0,0,0,0,0,0,0
2024-03-11 02:00:00,0,0,0,0,0,0,0,0
2024-03-11 02:10:00,0,0,0,0,0,0,0,0
2024-03-11 02:20:00,0,0,0,0,0,0,0,0
2024-03-11 02:30:00,0,0,0,0,0,0,0,0
2024-03-11 02:40:00,0,0,0,0,0,0,0,0
2024-03-11 02:50:00,0,0,0,0,0,0,0,0
2024-03-11 03:00:00,0,0,0,0,0,0,0,0
2024-03-11 03:10:00,0,0,0,0,0,0,0,0
2024-03-11 03:20:00,0,0,0,0,0,0,0,0
2024-03-11 03:30:00,0,0,0,0,0,0,0,0
2024-03-11 03:40:00,0,0,0,0,0,0,0,0
2024-03-11 03:50:00,0,0,0,0,0,0,0,0
2024-03-11 04:00:00,0,0,0,0,0,0,0,0
2024-03-11 04:10:00,0,0,0,0,0,0,0,0
2024-03-11 04:20:00,0,0,0,0,0,0,0,0
2024-03-11 04:30:00,0,0,0,0,0,0,0,0
2024-03-11 04:40:00,0,0,0,0,0,0,0,0
2024-03-11 04:50:00,0,0,0,0,0,0,0,0
2024-03-11 05:00:00,0,0,0,0,0,0,0,0
2024-03-11 05:10:00,0,0,0,0,0,0,0,0
2024-03-11 05:20:00,0,0,0,0,0,0,0,0
2024-03-11 05:30:00,0,0,0,0,0,0,0,0
2024-03-11 05:40:00,0,0,0,0,0,0,0,0
2024-03-11 05:50:00,0,0,0,0,0,0,0,0
2024-03-11 06:00:00,0,0,0,0,0,0,0,0
2024-03-11 06:10:00,0,0,0,0,0,0,0,0
2024-03-11 06:20:00,0,0,0,0,0,0,0,0
2024-03-11 06:30:00,0,0,0,0,0,0,0,0
2024-03-11 06:40:00,0,0,0,0,0,0,0,0
2024-03-11 06:50:00,0,0,0,0,0,0,0,0
2024-03-11 07:00:00,0,0,0,0,0,0,0,0
2024-03-11 07:10:00,0,0,0,0,0,0,0,0
2024-03-11 07:20:00,0,0,0,0,0,0,0,0
2024-03-11 07:30:00,0,0,0,0,0,0,0,0
2024-03-11 07:40:00,0,0,0,0,0,0,0,0
2024-03-11 07:50:00,0,0,0,0,0,0,0,0
2024-03-11 08:00:00,0,0,0,0,0,0,0,0
2024-03-11 08:10:00,0,0,0,0,0,0,0,0
2024-03-11 08:20:00,0,0,0,0,0,0,0,0
2024-03-11 08:30:00,0,0,0,0,0,0,0,0
2024-03-11 08:40:00,0,0,0,0,0,0,0,0
2024-03-11 08:50:00,0,0,0,0,0,0,0,0
2024-03-11 09:00:00,0,0,0,0,0,0,0,0
2024-03-11 09:10:00,0,0,0,0,0,0,0,0
2024-03-11 09:20:00,0,0,0,0,0,0,0,0
2024-03-11 09:30:00,0,0,0,0,0,0,0,0
2024-03-11 09:40:00,0,0,0,0,0,0,0,0
2024-03-11 09:50:00,0,0,0,0,0,0,0,0
2024-03-11 10:00:00,0,0,0,0,0,0,0,0
2024-03-11 10:10:00,0,0,0,0,0,0,0,0
2024-03-11 10:20:00,0,0,0,0,0,0,0,0
2024-03-11 10:30:00,0,0,0,0,0,0,0,0
2024-03-11 10:40:00,0,0,0,0,0,0,0,0
2024-03-11 10:50:00,0,0,0,0,0,0,0,0
2024-03-11 11:00:00,0,0,0,0,0,0,0,0
2024-03-11 11:10:00,0,0,0,0,0,0,0,0
2024-03-11 11:20:00,0,0,0,0,0,0,0,0
2024-03-11 11:30:00,0,0,0,0,0,0,0,0
2024-03-11 11:40:00,0,0,0,0,0,0,0,0
2024-03-11 11:50:00,0,0,0,0,0,0,0,0
2024-03-11 12:00:00,0,0,0,0,0,0,0,0
2024-03-11 12:10:00,0,0,0,0,0,0,0,0
2024-03-11 12:20:00,0,0,0,0,0,0,0,0
2024-03-11 12:30:00,0,0,0,0,0,0,0,0
2024-03-11 12:40:00,0,0,0,0,0,0,0,0
2024-03-11 12:50:00,0,0,0,0,0,0,0,0
2024-03-11 13:00:00,0,0,0,0,0,0,0,0
2024-03-11 13:10:00,0,0,0,0,0,0,0,0
2024-03-11 13:20:00,0,0,0,0,0,0,0,0
2024-03-11 13:30:00,0,0,0,0,0,0,0,0
2024-03-11 13:40:00,0,0,0,0,0,0,0,0
2024-03-11 13:50:00,0,0,0,0,0,0,0,0
2024-03-11 14:00:00,0,0,0,0,0,0,0,0
2024-03-11 14:10:00,0,0,0,0,0,0,0,0
2024-03-11 14:20:00,0,0,0,0,0,0,0,0
2024-03-11 14:30:00,0,0,0,0,0,0,0,0
2024-03-11 14:40:00,0,0,0,0,0,0,0,0
2024-03-11 14:50:00,0,0,0,0,0,0,0,0
2024-03-11 15:00:00,0,0,0,0,0,0,0,0
2024-03-11 15:10:00,0,0,0,0,0,0,0,0
2024-03-11 15:20:00,0,0,0,0,0,0,0,0
2024-03-11 15:30:00,0,0,0,0,0,0,0,0
2024-03-11 15:40:00,0,0,0,0,0,0,0,0
2024-03-11 15:50:00,0,0,0,0,0,0,0,0
2024-03-11 16:00:00,0,0,0,0,0,0,0,0
2024-03-11 16:10:00,0,0,0,0,0,0,0,0
2024-03-11 16:20:00,0,0,0,0,0,0,0,0
2024-03-11 16:30:00,0,0,0,0,0,0,0,0
2024-03-11 16:40:00,0,0,0,0,0,0,0,0
2024-03-11 16:50:00,0,0,0,0,0,0,0,0
2024-03-11 17:00:00,0,0,0,0,0,0,0,0
2024-03-11 17:10:00,0,0,0,0,0,0,0,0
2024-03-11 17:20:00,0,0,0,0,0,0,0,0
2024-03-11 17:30:00,0,0,0,0,0,0,0,0
2024-03-11 17:40:00,0,0,0,0,0,0,0,0
2024-03-11 17:50:00,0,0,0,0,0,0,0,0
2024-03-11 18:00:00,0,0,0,0,0,0,0,0
2024-03-11 18:10:00,0,0,0,0,0,0,0,0
2024-03-11 18:20:00,0,0,0,0,0,0,0,0
2024-03-11 18:30:00,0,0,0,0,0,0,0,0
2024-03-11 18:40:00,0,0,0,0,0,0,0,0
2024-03-11 18:50:00,0,0,0,0,0,0,0,0
2024-03-11 19:00:00,0,0,0,0,0,0,0,0
2024-03-11 19:10:00,0,0,0,0,0,0,0,0
2024-03-11 19:20:00,0,0,0,0,0,0,0,0
2024-03-11 19:30:00,0,0,0,0,0,0,0,0
2024-03-11 19:40:00,0,0,0,0,0,0,0,0
2024-03-11 19:50:00,0,0,0,0,0,0,0,0
2024-03-11 20:00:00,0,0,0,0,0,0,0,0
2024-03-11 20:10:00,0,0,0,0,0,0,0,0
2024-03-11 20:20:00,0,0,0,0,0,0,0,0
2024-03-11 20:30:00,0,0,0,0,0,0,0,0
2024-03-11 20:40:00,0,0,0,0,0,0,0,0
2024-03-11 20:50:00,0,0,0,0,0,0,0,0
2024-03-11 21:00:00,0,0,0,0,0,0,0,0
2024-03-11 21:10:00,0,0,0,0,0,0,0,0
2024-03-11 21:20:00,0,0,0,0,0,0,0,0
2024-03-11 21:30:00,0,0,0,0,0,0,0,0
2024-03-11 21:40:00,0,0,0,0,0,0,0,0
2024-03-11 21:50:00,0,0,0,0,0,0,0,0
2024-03-11 22:00:00,0,0,0,0,0,0,0,0
2024-03-11 22:10:00,0,0,0,0,0,0,0,0
2024-03-11 22:20:00,0,0,0,0,0,0,0,0
2024-03-11 22:30:00,0,0,0,0,0,0,0,0
2024-03-11 22:40:00,0,0,0,0,0,0,0,0
2024-03-11 22:50:00,0,0,0,0,0,0,0,0
2024-03-11 23:00:00,0,0,0,0,0,0,0,0
2024-03-11 23:10:00,0,0,0,0,0,0,0,0
2024-03-11 23:20:00,0,0,0,0,0,0,0,0
2024-03-11 23:30:00,0,0,0,0,0,0,0,0
2024-03-11 23:40:00,0,0,0,0,0,0,0,0
2024-03-11 23:50:00,0,0,0,0,0,0,0,0
2024-03-12 00:00:00,0,0,0,0,0,0,0,0
2024-03-12 00:10:00,0,0,0,0,0,0,0,0
2024-03-12 00:20:00,0,0,0,0,0,0,0,0
2024-03-12 00:30:00,0,0,0,0,0,0,0,0
2024-03-12 00:40:00,0,0,0,0,0,0,0,0
2024-03-12 00:50:00,0,0,0,0,0,0,0,0
2024-03-12 01:00:00,0,0,0,0,0,0,0,0
2024-03-12 01:10:00,0,0,0,0,0,0,0,0
2024-03-12 01:20:00,0,0,0,0,0,0,0,0
2024-03-12 01:30:00,0,0,0,0,0,0,0,0
2024-03-12 01:40:00,0,0,0,0,0,0,0,0
2024-03-12 01:50:00,0,0,0,0,0,0,0,0
2024-03-12 02:00:00,0,0,0,0,0,0,0,0
2024-03-12 02:10:00,0,0,0,0,0,0,0,0
2024-03-12 02:20:00,0,0,0,0,0,0,0,0
2024-03-12 02:30:00,0,0,0,0,0,0,0,0
2024-03-12 02:40:00,0,0,0,0,0,0,0,0
2024-03-12 02:50:00,0,0,0,0,0,0,0,0
2024-03-12 03:00:00,0,0,0,0,0,0,0,0
2024-03-12 03:10:00,0,0,0,0,0,0,0,0
2024-03-12 03:20:00,0,0,0,0,0,0,0,0
2024-03-12 03:30:00,0,0,0,0,0,0,0,0
2024-03-12 03:40:00,0,0,0,0,0,0,0,0
2024-03-12 03:50:00,0,0,0,0,0,0,0,0
2024-03-12 04:00:00,0,0,0,0,0,0,0,0
2024-03-12 04:10:00,0,0,0,0,0,0,0,0
2024-03-12 04:20:00,0,0,0,0,0,0,0,0
2024-03-12 04:30:00,0,0,0,0,0,0,0,0
2024-03-12 04:40:00,0,0,0,0,0,0,0,0
2024-03-12 04:50:00,0,0,0,0,0,0,0,0
2024-03-12 05:00:00,0,0,0,0,0,0,0,0
2024-03-12 05:10:00,0,0,0,0,0,0,0,0
2024-03-12 05:20:00,0,0,0,0,0,0,0,0
2024-03-12 05:30:00,0,0,0,0,0,0,0,0
2024-03-12 05:40:00,0,0,0,0,0,0,0,0
2024-03-12 05:50:00,0,0,0,0,0,0,0,0
2024-03-12 06:00:00,0,0,0,0,0,0,0,0
2024-03-12 06:10:00,0,0,0,0,0,0,0,0
2024-03-12 06:20:00,0,0,0,0,0,0,0,0
2024-03-12 06:30:00,0,0,0,0,0,0,0,0
2024-03-12 06:40:00,0,0,0,0,0,0,0,0
2024-03-12 06:50:00,0,0,0,0,0,0,0,0
2024-03-12 07:00:00,0,0,0,0,0,0,0,0
2024-03-12 07:10:00,0,0,0,0,0,0,0,0
2024-03-12 07:20:00,0,0,0,0,0,0,0,0
2024-03-12 07:30:00,0,0,0,0,0,0,0,0
2024-03-12 07:40:00,0,0,0,0,0,0,0,0
2024-03-12 07:50:00,0,0,0,0,0,0,0,0
2024-03-12 08:00:00,0,0,0,0,0,0,0,0
2024-03-12 08:10:00,0,0,0,0,0,0,0,0
2024-03-12 08:20:00,0,0,0,0,0,0,0,0
2024-03-12 08:30:00,0,0,0,0,0,0,0,0
2024-03-12 08:40:00,0,0,0,0,0,0,0,0
2024-03-12 08:50:00,0,0,0,0,0,0,0,0
2024-03-12 09:00:00,0,0,0,0,0,0,0,0
2024-03-12 09:10:00,0,0,0,0,0,0,0,0
2024-03-12 09:20:00,0,0,0,0,0,0,0,0
2024-03-12 09:30:00,0,0,0,0,0,0,0,0
2024-03-12 09:40:00,0,0,0,0,0,0,0,0
2024-03-12 09:50:00,0,0,0,0,0,0,0,0
2024-03-12 10:00:00,0,0,0,0,0,0,0,0
2024-03-12 10:10:00,0,0,0,0,0,0,0,0
2024-03-12 10:20:00,0,0,0,0,0,0,0,0
2024-03-12 10:30:00,0,0,0,0,0,0,0,0
2024-03-12 10:40:00,0,0,0,0,0,0,0,0
2024-03-12 10:50:00,0,0,0,0,0,0,0,0
2024-03-12 11:00:00,0,0,0,0,0,0,0,0
2024-03-12 11:10:00,0,0,0,0,0,0,0,0
2024-03-12 11:20:00,0,0,0,0,0,0,0,0
2024-03-12 11:30:00,0,0,0,0,0,0,0,0
2024-03-12 11:40:00,0,0,0,0,0,0,0,0
2024-03-12 11:50:00,0,0,0,0,0,0,0,0
2024-03-12 12:00:00,0,0,0,0,0,0,0,0
2024-03-12 12:10:00,0,0,0,0,0,0,0,0
2024-03-12 12:20:00,0,0,0,0,0,0,0,0
2024-03-12 12:30:00,0,0,0,0,0,0,0,0
2024-03-12 12:40:00,0,0,0,0,0,0,0,0
2024-03-12 12:50:00,0,0,0,0,0,0,0,0
2024-03-12 13:00:00,0,0,0,0,0,0,0,0
2024-03-12 13:10:00,0,0,0,0,0,0,0,0
2024-03-12 13:20:00,0,0,0,0,0,0,0,0
2024-03-12 13:30:00,0,0,0,0,0,0,0,0
2024-03-12 13:40:00,0,0,0,0,0,0,0,0
2024-03-12 13:50:00,0,0,0,0,0,0,0,0
2024-03-12 14:00:00,0,0,0,0,0,0,0,0
2024-03-12 14:10:00,0,0,0,0,0,0,0,0
2024-03-12 14:20:00,0,0,0,0,0,0,0,0
2024-03-12 14:30:00,0,0,0,0,0,0,0,0
2024-03-12 14:40:00,0,0,0,0,0,0,0,0
2024-03-12 14:50:00,0,0,0,0,0,0,0,0
2024-03-12 15:00:00,0,0,0,0,0,0,0,0
2024-03-12 15:10:00,0,0,0,0,0,0,0,0
2024-03-12 15:20:00,0,0,0,0,0,0,0,0
2024-03-12 15:30:00,0,0,0,0,0,0,0,0
2024-03-12 15:40:00,0,0,0,0,0,0,0,0
2024-03-12 15:50:00,0,0,0,0,0,0,0,0
2024-03-12 16:00:00,0,0,0,0,0,0,0,0
2024-03-12 16:10:00,0,0,0,0,0,0,0,0
2024-03-12 16:20:00,0,0,0,0,0,0,0,0
2024-03-12 16:30:00,0,0,0,0,0,0,0,0
2024-03-12 16:40:00,0,0,0,0,0,0,0,0
2024-03-12 16:50:00,0,0,0,0,0,0,0,0
2024-03-12 17:00:00,0,0,0,0,0,0,0,0
2024-03-12 17:10:00,0,0,0,0,0,0,0,0
2024-03-12 17:20:00,0,0,0,0,0,0,0,0
2024-03-12 17:30:00,0,0,0,0,0,0,0,0
2024-03-12 17:40:00,0,0,0,0,0,0,0,0
2024-03-12 17:50:00,0,0,0,0,0,0,0,0
2024-03-12 18:00:00,0,0,0,0,0,0,0,0
2024-03-12 18:10:00,0,0,0,0,0,0,0,0
2024-03-12 18:20:00,0,0,0,0,0,0,0,0
2024-03-12 18:30:00,0,0,0,0,0,0,0,0
2024-03-12 18:40:00,0,0,0,0,0,0,0,0
2024-03-12 18:50:00,0,0,0,0,0,0,0,0
2024-03-12 19:00:00,0,0,0,0,0,0,0,0
2024-03-12 19:10:00,0,0,0,0,0,0,0,0
2024-03-12 19:20:00,0,0,0,0,0,0,0,0
2024-03-12 19:30:00,0,0,0,0,0,0,0,0
2024-03-12 19:40:00,0,0,0,0,0,0,0,0
2024-03-12 19:50:00,0,0,0,0,0,0,0,0
2024-03-12 20:00:00,0,0,0,0,0,0,0,0
2024-03-12 20:10:00,0,0,0,0,0,0,0,0
2024-03-12 20:20:00,0,0,0,0,0,0,0,0
2024-03-12 20:30:00,0,0,0,0,0,0,0,0
2024-03-12 20:40:00,0,0,0,0,0,0,0,0
2024-03-12 20:50:00,0,0,0,0,0,0,0,0
2024-03-12 21:00:00,0,0,0,0,0,0,0,0
2024-03-12 21:10:00,0,0,0,0,0,0,0,0
2024-03-12 21:20:00,0,0,0,0,0,0,0,0
2024-03-12 21:30:00,0,0,0,0,0,0,0,0
2024-03-12 21:40:00,0,0,0,0,0,0,0,0
2024-03-12 21:50:00,0,0,0,0,0,0,0,0
2024-03-12 22:00:00,0,0,0,0,0,0,0,0
2024-03-12 22:10:00,0,0,0,0,0,0,0,0
2024-03-12 22:20:00,0,0,0,0,0,0,0,0
2024-03-12 22:30:00,0,0,0,0,0,0,0,0
2024-03-12 22:40:00,0,0,0,0,0,0,0,0
2024-03-12 22:50:00,0,0,0,0,0,0,0,0
2024-03-12 23:00:00,0,0,0,0,0,0,0,0
2024-03-12 23:10:00,0,0,0,0,0,0,0,0
2024-03-12 23:20:00,0,0,0,0,0,0,0,0
2024-03-12 23:30:00,0,0,0,0,0,0,0,0
2024-03-12 23:40:00,0,0,0,0,0,0,0,0
2024-03-12 23:50:00,0,0,0,0,0,0,0,0
2024-03-13 00:00:00,0,0,0,0,0,0,0,0
2024-03-13 00:10:00,0,0,0,0,0,0,0,0
2024-03-13 00:20:00,0,0,0,0,0,0,0,0
2024-03-13 00:30:00,0,0,0,0,0,0,0,0
2024-03-13 00:40:00,0,0,0,0,0,0,0,0
2024-03-13 00:50:00,0,0,0,0,0,0,0,0
2024-03-13 01:00:00,0,0,0,0,0,0,0,0
2024-03-13 01:10:00,0,0,0,0,0,0,0,0
2024-03-13 01:20:00,0,0,0,0,0,0,0,0
2024-03-13 01:30:00,0,0,0,0,0,0,0,0
2024-03-13 01:40:00,0,0,0,0,0,0,0,0
2024-03-13 01:50:00,0,0,0,0,0,0,0,0
2024-03-13 02:00:00,0,0,0,0,0,0,0,0
2024-03-13 02:10:00,0,0,0,0,0,0,0,0
2024-03-13 02:20:00,0,0,0,0,0,0,0,0
2024-03-13 02:30:00,0,0,0,0,0,0,0,0
2024-03-13 02:40:00,0,0,0,0,0,0,0,0
2024-03-13 02:50:00,0,0,0,0,0,0,0,0
2024-03-13 03:00:00,0,0,0,0,0,0,0,0
2024-03-13 03:10:00,0,0,0,0,0,0,0,0
2024-03-13 03:20:00,0,0,0,0,0,0,0,0
2024-03-13 03:30:00,0,0,0,0,0,0,0,0
2024-03-13 03:40:00,0,0,0,0,0,0,0,0
2024-03-13 03:50:00,0,0,0,0,0,0,0,0
2024-03-13 04:00:00,0,0,0,0,0,0,0,0
2024-03-13 04:10:00,0,0,0,0,0,0,0,0
2024-03-13 04:20:00,0,0,0,0,0,0,0,0
2024-03-13 04:30:00,0,0,0,0,0,0,0,0
2024-03-13 04:40:00,0,0,0,0,0,0,0,0
2024-03-13 04:50:00,0,0,0,0,0,0,0,0
2024-03-13 05:00:00,0,0,0,0,0,0,0,0
2024-03-13 05:10:00,0,0,0,0,0,0,0,0
2024-03-13 05:20:00,0,0,0,0,0,0,0,0
2024-03-13 05:30:00,0,0,0,0,0,0,0,0
2024-03-13 05:40:00,0,0,0,0,0,0,0,0
2024-03-13 05:50:00,0,0,0,0,0,0,0,0
2024-03-13 06:00:00,0,0,0,0,0,0,0,0
2024-03-13 06:10:00,0,0,0,0,0,0,0,0
2024-03-13 06:20:00,0,0,0,0,0,0,0,0
2024-03-13 06:30:00,0,0,0,0,0,0,0,0
2024-03-13 06:40:00,0,0,0,0,0,0,0,0
2024-03-13 06:50:00,0,0,0,0,0,0,0,0
2024-03-13 07:00:00,0,0,0,0,0,0,0,0
2024-03-13 07:10:00,0,0,0,0,0,0,0,0
2024-03-13 07:20:00,0,0,0,0,0,0,0,0
2024-03-13 07:30:00,0,0,0,0,0,0,0,0
2024-03-13 07:40:00,0,0,0,0,0,0,0,0
2024-03-13 07:50:00,0,0,0,0,0,0,0,0
2024-03-13 08:00:00,0,0,0,0,0,0,0,0
2024-03-13 08:10:00,0,0,0,0,0,0,0,0
2024-03-13 08:20:00,0,0,0,0,0,0,0,0
2024-03-13 08:30:00,0,0,0,0,0,0,0,0
2024-03-13 08:40:00,0,0,0,0,0,0,0,0
2024-03-13 08:50:00,0,0,0,0,0,0,0,0
2024-03-13 09:00:00,0,0,0,0,0,0,0,0
2024-03-13 09:10:00,0,0,0,0,0,0,0,0
2024-03-13 09:20:00,0,0,0,0,0,0,0,0
2024-03-13 09:30:00,0,0,0,0,0,0,0,0
2024-03-13 09:40:00,0,0,0,0,0,0,0,0
2024-03-13 09:50:00,0,0,0,0,0,0,0,0
2024-03-13 10:00:00,0,0,0,0,0,0,0,0
2024-03-13 10:10:00,0,0,0,0,0,0,0,0
2024-03-13 10:20:00,0,0,0,0,0,0,0,0
2024-03-13 10:30:00,0,0,0,0,0,0,0,0
2024-03-13 10:40:00,0,0,0,0,0,0,0,0
2024-03-13 10:50:00,0,0,0,0,0,0,0,0
2024-03-13 11:00:00,0,0,0,0,0,0,0,0
2024-03-13 11:10:00,0,0,0,0,0,0,0,0
2024-03-13 11:20:00,0,0,0,0,0,0,0,0
2024-03-13 11:30:00,0,0,0,0,0,0,0,0
2024-03-13 11:40:00,0,0,0,0,0,0,0,0
2024-03-13 11:50:00,0,0,0,0,0,0,0,0
2024-03-13 12:00:00,0,0,0,0,0,0,0,0
2024-03-13 12:10:00,0,0,0,0,0,0,0,0
2024-03-13 12:20:00,0,0,0,0,0,0,0,0
2024-03-13 12:30:00,0,0,0,0,0,0,0,0
2024-03-13 12:40:00,0,0,0,0,0,0,0,0
2024-03-13 12:50:00,0,0,0,0,0,0,0,0
2024-03-13 13:00:00,0,0,0,0,0,0,0,0
2024-03-13 13:10:00,0,0,0,0,0,0,0,0
2024-03-13 13:20:00,0,0,0,0,0,0,0,0
2024-03-13 13:30:00,0,0,0,0,0,0,0,0
2024-03-13 13:40:00,0,0,0,0,0,0,0,0
2024-03-13 13:50:00,0,0,0,0,0,0,0,0
2024-03-13 14:00:00,0,0,0,0,0,0,0,0
2024-03-13 14:10:00,0,0,0,0,0,0,0,0
2024-03-13 14:20:00,0,0,0,0,0,0,0,0
2024-03-13 14:30:00,0,0,0,0,0,0,0,0
2024-03-13 14:40:00,0,0,0,0,0,0,0,0
2024-03-13 14:50:00,0,0,0,0,0,0,0,0
2024-03-13 15:00:00,0,0,0,0,0,0,0,0
2024-03-13 15:10:00,0,0,0,0,0,0,0,0
2024-03-13 15:20:00,0,0,0,0,0,0,0,0
2024-03-13 15:30:00,0,0,0,0,0,0,0,0
2024-03-13 15:40:00,0,0,0,0,0,0,0,0
2024-03-13 15:50:00,0,0,0,0,0,0,0,0
2024-03-13 16:00:00,0,0,0,0,0,0,0,0
2024-03-13 16:10:00,0,0,0,0,0,0,0,0
2024-03-13 16:20:00,0,0,0,0,0,0,0,0
2024-03-13 16:30:00,0,0,0,0,0,0,0,0
2024-03-13 16:40:00,0,0,0,0,0,0,0,0
2024-03-13 16:50:00,0,0,0,0,0,0,0,0
2024-03-13 17:00:00,0,0,0,0,0,0,0,0
2024-03-13 17:10:00,0,0,0,0,0,0,0,0
2024-03-13 17:20:00,0,0,0,0,0,0,0,0
2024-03-13 17:30:00,0,0,0,0,0,0,0,0
2024-03-13 17:40:00,0,0,0,0,0,0,0,0
2024-03-13 17:50:00,0,0,0,0,0,0,0,0
2024-03-13 18:00:00,0,0,0,0,0,0,0,0
2024-03-13 18:10:00,0,0,0,0,0,0,0,0
2024-03-13 18:20:00,0,0,0,0,0,0,0,0
2024-03-13 18:30:00,0,0,0,0,0,0,0,0
2024-03-13 18:40:00,0,0,0,0,0,0,0,0
2024-03-13 18:50:00,0,0,0,0,0,0,0,0
2024-03-13 19:00:00,0,0,0,0,0,0,0,0
2024-03-13 19:10:00,0,0,0,0,0,0,0,0
2024-03-13 19:20:00,0,0,0,0,0,0,0,0
2024-03-13 19:30:00,0,0,0,0,0,0,0,0
2024-03-13 19:40:00,0,0,0,0,0,0,0,0
2024-03-13 19:50:00,0,0,0,0,0,0,0,0
2024-03-13 20:00:00,0,0,0,0,0,0,0,0
2024-03-13 20:10:00,0,0,0,0,0,0,0,0
2024-03-13 20:20:00,0,0,0,0,0,0,0,0
2024-03-13 20:30:00,0,0,0,0,0,0,0,0
2024-03-13 20:40:00,0,0,0,0,0,0,0,0
2024-03-13 20:50:00,0,0,0,0,0,0,0,0
2024-03-13 21:00:00,0,0,0,0,0,0,0,0
2024-03-13 21:10:00,0,0,0,0,0,0,0,0
2024-03-13 21:20:00,0,0,0,0,0,0,0,0
2024-03-13 21:30:00,0,0,0,0,0,0,0,0
2024-03-13 21:40:00,0,0,0,0,0,0,0,0
2024-03-13 21:50:00,0,0,0,0,0,0,0,0
2024-03-13 22:00:00,0,0,0,0,0,0,0,0
2024-03-13 22:10:00,0,0,0,0,0,0,0,0
2024-03-13 22:20:00,0,0,0,0,0,0,0,0
2024-03-13 22:30:00,0,0,0,0,0,0,0,0
2024-03-13 22:40:00,0,0,0,0,0,0,0,0
2024-03-13 22:50:00,0,0,0,0,0,0,0,0
2024-03-13 23:00:00,0,0,0,0,0,0,0,0
2024-03-13 23:10:00,0,0,0,0,0,0,0,0
2024-03-13 23:20:00,0,0,0,0,0,0,0,0
2024-03-13 23:30:00,0,0,0,0,0,0,0,0
2024-03-13 23:40:00,0,0,0,0,0,0,0,0
2024-03-13 23:50:00,0,0,0,0,0,0,0,0
2024-03-14 00:00:00,0,0,0,0,0,0,0,0
2024-03-14 00:10:00,0,0,0,0,0,0,0,0
2024-03-14 00:20:00,0,0,0,0,0,0,0,0
2024-03-14 00:30:00,0,0,0,0,0,0,0,0
2024-03-14 00:40:00,0,0,0,0,0,0,0,0
2024-03-14 00:50:00,0,0,0,0,0,0,0,0
2024-03-14 01:00:00,0,0,0,0,0,0,0,0
2024-03-14 01:10:00,0,0,0,0,0,0,0,0
2024-03-14 01:20:00,0,0,0,0,0,0,0,0
2024-03-14 01:30:00,0,0,0,0,0,0,0,0
2024-03-14 01:40:00,0,0,0,0,0,0,0,0
2024-03-14 01:50:00,0,0,0,0,0,0,0,0
2024-03-14 02:00:00,0,0,0,0,0,0,0,0
2024-03-14 02:10:00,0,0,0,0,0,0,0,0
2024-03-14 02:20:00,0,0,0,0,0,0,0,0
2024-03-14 02:30:00,0,0,0,0,0,0,0,0
2024-03-14 02:40:00,0,0,0,0,0,0,0,0
2024-03-14 02:50:00,0,0,0,0,0,0,0,0
2024-03-14 03:00:00,0,0,0,0,0,0,0,0
2024-03-14 03:10:00,0,0,0,0,0,0,0,0
2024-03-14 03:20:00,0,0,0,0,0,0,0,0
2024-03-14 03:30:00,0,0,0,0,0,0,0,0
2024-03-14 03:40:00,0,0,0,0,0,0,0,0
2024-03-14 03:50:00,0,0,0,0,0,0,0,0
2024-03-14 04:00:00,0,0,0,0,0,0,0,0
2024-03-14 04:10:00,0,0,0,0,0,0,0,0
2024-03-14 04:20:00,0,0,0,0,0,0,0,0
2024-03-14 04:30:00,0,0,0,0,0,0,0,0
2024-03-14 04:40:00,0,0,0,0,0,0,0,0
2024-03-14 04:50:00,0,0,0,0,0,0,0,0
2024-03-14 05:00:00,0,0,0,0,0,0,0,0
2024-03-14 05:10:00,0,0,0,0,0,0,0,0
2024-03-14 05:20:00,0,0,0,0,0,0,0,0
2024-03-14 05:30:00,0,0,0,0,0,0,0,0
2024-03-14 05:40:00,0,0,0,0,0,0,0,0
2024-03-14 05:50:00,0,0,0,0,0,0,0,0
2024-03-14 06:00:00,0,0,0,0,0,0,0,0
2024-03-14 06:10:00,0,0,0,0,0,0,0,0
2024-03-14 06:20:00,0,0,0,0,0,0,0,0
2024-03-14 06:30:00,0,0,0,0,0,0,0,0
2024-03-14 06:40:00,0,0,0,0,0,0,0,0
2024-03-14 06:50:00,0,0,0,0,0,0,0,0
2024-03-14 07:00:00,0,0,0,0,0,0,0,0
2024-03-14 07:10:00,0,0,0,0,0,0,0,0
2024-03-14 07:20:00,0,0,0,0,0,0,0,0
2024-03-14 07:30:00,0,0,0,0,0,0,0,0
2024-03-14 07:40:00,0,0,0,0,0,0,0,0
2024-03-14 07:50:00,0,0,0,0,0,0,0,0
2024-03-14 08:00:00,0,0,0,0,0,0,0,0
2024-03-14 08:10:00,0,0,0,0,0,0,0,0
2024-03-14 08:20:00,0,0,0,0,0,0,0,0
2024-03-14 08:30:00,0,0,0,0,0,0,0,0
2024-03-14 08:40:00,0,0,0,0,0,0,0,0
2024-03-14 08:50:00,0,0,0,0,0,0,0,0
2024-03-14 09:00:00,0,0,0,0,0,0,0,0
2024-03-14 09:10:00,0,0,0,0,0,0,0,0
2024-03-14 09:20:00,0,0,0,0,0,0,0,0
2024-03-14 09:30:00,0,0,0,0,0,0,0,0
2024-03-14 09:40:00,0,0,0,0,0,0,0,0
2024-03-14 09:50:00,0,0,0,0,0,0,0,0
2024-03-14 10:00:00,0,0,0,0,0,0,0,0
2024-03-14 10:10:00,0,0,0,0,0,0,0,0
2024-03-14 10:20:00,0,0,0,0,0,0,0,0
2024-03-14 10:30:00,0,0,0,0,0,0,0,0
2024-03-14 10:40:00,0,0,0,0,0,0,0,0
2024-03-14 10:50:00,0,0,0,0,0,0,0,0
2024-03-14 11:00:00,0,0,0,0,0,0,0,0
2024-03-14 11:10:00,0,0,0,0,0,0,0,0
2024-03-14 11:20:00,0,0,0,0,0,0,0,0
2024-03-14 11:30:00,0,0,0,0,0,0,0,0
2024-03-14 11:40:00,0,0,0,0,0,0,0,0
2024-03-14 11:50:00,0,0,0,0,0,0,0,0
2024-03-14 12:00:00,0,0,0,0,0,0,0,0
2024-03-14 12:10:00,0,0,0,0,0,0,0,0
2024-03-14 12:20:00,0,0,0,0,0,0,0,0
2024-03-14 12:30:00,0,0,0,0,0,0,0,0
2024-03-14 12:40:00,0,0,0,0,0,0,0,0
2024-03-14 12:50:00,0,0,0,0,0,0,0,0
2024-03-14 13:00:00,0,0,0,0,0,0,0,0
2024-03-14 13:10:00,0,0,0,0,0,0,0,0
2024-03-14 13:20:00,0,0,0,0,0,0,0,0
2024-03-14 13:30:00,0,0,0,0,0,0,0,0
2024-03-14 13:40:00,0,0,0,0,0,0,0,0
2024-03-14 13:50:00,0,0,0,0,0,0,0,0
2024-03-14 14:00:00,0,0,0,0,0,0,0,0
2024-03-14 14:10:00,0,0,0,0,0,0,0,0
2024-03-14 14:20:00,0,0,0,0,0,0,0,0
2024-03-14 14:30:00,0,0,0,0,0,0,0,0
2024-03-14 14:40:00,0,0,0,0,0,0,0,0
2024-03-14 14:50:00,0,0,0,0,0,0,0,0
2024-03-14 15:00:00,0,0,0,0,0,0,0,0
2024-03-14 15:10:00,0,0,0,0,0,0,0,0
2024-03-14 15:20:00,0,0,0,0,0,0,0,0
2024-03-14 15:30:00,0,0,0,0,0,0,0,0
2024-03-14 15:40:00,0,0,0,0,0,0,0,0
2024-03-14 15:50:00,0,0,0,0,0,0,0,0
2024-03-14 16:00:00,0,0,0,0,0,0,0,0
2024-03-14 16:10:00,0,0,0,0,0,0,0,0
2024-03-14 16:20:00,0,0,0,0,0,0,0,0
2024-03-14 16:30:00,0,0,0,0,0,0,0,0
2024-03-14 16:40:00,0,0,0,0,0,0,0,0
2024-03-14 16:50:00,0,0,0,0,0,0,0,0
2024-03-14 17:00:00,0,0,0,0,0,0,0,0
2024-03-14 17:10:00,0,0,0,0,0,0,0,0
2024-03-14 17:20:00,0,0,0,0,0,0,0,0
2024-03-14 17:30:00,0,0,0,0,0,0,0,0
2024-03-14 17:40:00,0,0,0,0,0,0,0,0
2024-03-14 17:50:00,0,0,0,0,0,0,0,0
2024-03-14 18:00:00,0,0,0,0,0,0,0,0
2024-03-14 18:10:00,0,0,0,0,0,0,0,0
2024-03-14 18:20:00,0,0,0,0,0,0,0,0
2024-03-14 18:30:00,0,0,0,0,0,0,0,0
2024-03-14 18:40:00,0,0,0,0,0,0,0,0
2024-03-14 18:50:00,0,0,0,0,0,0,0,0
2024-03-14 19:00:00,0,0,0,0,0,0,0,0
2024-03-14 19:10:00,0,0,0,0,0,0,0,0
2024-03-14 19:20:00,0,0,0,0,0,0,0,0
2024-03-14 19:30:00,0,0,0,0,0,0,0,0
2024-03-14 19:40:00,0,0,0,0,0,0,0,0
2024-03-14 19:50:00,0,0,0,0,0,0,0,0
2024-03-14 20:00:00,0,0,0,0,0,0,0,0
2024-03-14 20:10:00,0,0,0,0,0,0,0,0
2024-03-14 20:20:00,0,0,0,0,0,0,0,0
2024-03-14 20:30:00,0,0,0,0,0,0,0,0
2024-03-14 20:40:00,0,0,0,0,0,0,0,0
2024-03-14 20:50:00,0,0,0,0,0,0,0,0
2024-03-14 21:00:00,0,0,0,0,0,0,0,0
2024-03-14 21:10:00,0,0,0,0,0,0,0,0
2024-03-14 21:20:00,0,0,0,0,0,0,0,0
2024-03-14 21:30:00,0,0,0,0,0,0,0,0
2024-03-14 21:40:00,0,0,0,0,0,0,0,0
2024-03-14 21:50:00,0,0,0,0,0,0,0,0
2024-03-14 22:00:00,0,0,0,0,0,0,0,0
2024-03-14 22:10:00,0,0,0,0,0,0,0,0
2024-03-14 22:20:00,0,0,0,0,0,0,0,0
2024-03-14 22:30:00,0,0,0,0,0,0,0,0
2024-03-14 22:40:00,0,0,0,0,0,0,0,0
2024-03-14 22:50:00,0,0,0,0,0,0,0,0
2024-03-14 23:00:00,0,0,0,0,0,0,0,0
2024-03-14 23:10:00,0,0,0,0,0,0,0,0
2024-03-14 23:20:00,0,0,0,0,0,0,0,0
2024-03-14 23:30:00,0,0,0,0,0,0,0,0
2024-03-14 23:40:00,0,0,0,0,0,0,0,0
2024-03-14 23:50:00,0,0,0,0,0,0,0,0
2024-03-15 00:00:00,0,0,0,0,0,0,0,0
2024-03-15 00:10:00,0,0,0,0,0,0,0,0
2024-03-15 00:20:00,0,0,0,0,0,0,0,0
2024-03-15 00:30:00,0,0,0,0,0,0,0,0
2024-03-15 00:40:00,0,0,0,0,0,0,0,0
2024-03-15 00:50:00,0,0,0,0,0,0,0,0
2024-03-15 01:00:00,0,0,0,0,0,0,0,0
2024-03-15 01:10:00,0,0,0,0,0,0,0,0
2024-03-15 01:20:00,0,0,0,0,0,0,0,0
2024-03-15 01:30:00,0,0,0,0,0,0,0,0
2024-03-15 01:40:00,0,0,0,0,0,0,0,0
2024-03-15 01:50:00,0,0,0,0,0,0,0,0
2024-03-15 02:00:00,0,0,0,0,0,0,0,0
2024-03-15 02:10:00,0,0,0,0,0,0,0,0
2024-03-15 02:20:00,0,0,0,0,0,0,0,0
2024-03-15 02:30:00,0,0,0,0,0,0,0,0
2024-03-15 02:40:00,0,0,0,0,0,0,0,0
2024-03-15 02:50:00,0,0,0,0,0,0,0,0
2024-03-15 03:00:00,0,0,0,0,0,0,0,0
2024-03-15 03:10:00,0,0,0,0,0,0,0,0
2024-03-15 03:20:00,0,0,0,0,0,0,0,0
2024-03-15 03:30:00,0,0,0,0,0,0,0,0
2024-03-15 03:40:00,0,0,0,0,0,0,0,0
2024-03-15 03:50:00,0,0,0,0,0,0,0,0
2024-03-15 04:00:00,0,0,0,0,0,0,0,0
2024-03-15 04:10:00,0,0,0,0,0,0,0,0
2024-03-15 04:20:00,0,0,0,0,0,0,0,0
2024-03-15 04:30:00,0,0,0,0,0,0,0,0
2024-03-15 04:40:00,0,0,0,0,0,0,0,0
2024-03-15 04:50:00,0,0,0,0,0,0,0,0
2024-03-15 05:00:00,0,0,0,0,0,0,0,0
2024-03-15 05:10:00,0,0,0,0,0,0,0,0
2024-03-15 05:20:00,0,0,0,0,0,0,0,0
2024-03-15 05:30:00,0,0,0,0,0,0,0,0
2024-03-15 05:40:00,0,0,0,0,0,0,0,0
2024-03-15 05:50:00,0,0,0,0,0,0,0,0
2024-03-15 06:00:00,0,0,0,0,0,0,0,0
2024-03-15 06:10:00,0,0,0,0,0,0,0,0
2024-03-15 06:20:00,0,0,0,0,0,0,0,0
2024-03-15 06:30:00,0,0,0,0,0,0,0,0
2024-03-15 06:40:00,0,0,0,0,0,0,0,0
2024-03-15 06:50:00,0,0,0,0,0,0,0,0
2024-03-15 07:00:00,0,0,0,0,0,0,0,0
2024-03-15 07:10:00,0,0,0,0,0,0,0,0
2024-03-15 07:20:00,0,0,0,0,0,0,0,0
2024-03-15 07:30:00,0,0,0,0,0,0,0,0
2024-03-15 07:40:00,0,0,0,0,0,0,0,0
2024-03-15 07:50:00,0,0,0,0,0,0,0,0
2024-03-15 08:00:00,0,0,0,0,0,0,0,0
2024-03-15 08:10:00,0,0,0,0,0,0,0,0
2024-03-15 08:20:00,0,0,0,0,0,0,0,0
2024-03-15 08:30:00,0,0,0,0,0,0,0,0
2024-03-15 08:40:00,0,0,0,0,0,0,0,0
2024-03-15 08:50:00,0,0,0,0,0,0,0,0
2024-03-15 09:00:00,0,0,0,0,0,0,0,0
2024-03-15 09:10:00,0,0,0,0,0,0,0,0
2024-03-15 09:20:00,0,0,0,0,0,0,0,0
2024-03-15 09:30:00,0,0,0,0,0,0,0,0
2024-03-15 09:40:00,0,0,0,0,0,0,0,0
2024-03-15 09:50:00,0,0,0,0,0,0,0,0
2024-03-15 10:00:00,0,0,0,0,0,0,0,0
2024-03-15 10:10:00,0,0,0,0,0,0,0,0
2024-03-15 10:20:00,0,0,0,0,0,0,0,0
2024-03-15 10:30:00,0,0,0,0,0,0,0,0
2024-03-15 10:40:00,0,0,0,0,0,0,0,0
2024-03-15 10:50:00,0,0,0,0,0,0,0,0
2024-03-15 11:00:00,0,0,0,0,0,0,0,0
2024-03-15 11:10:00,33,6,18,20,1,23,18,119
2024-03-15 11:20:00,46,5,37,38,2,47,49,224
2024-03-15 11:30:00,39,7,22,27,4,54,42,195
2024-03-15 11:40:00,40,6,26,28,7,54,66,227
2024-03-15 11:50:00,28,5,21,25,6,41,51,177
2024-03-15 12:00:00,57,8,35,25,7,60,42,234
2024-03-15 12:10:00,47,3,45,38,18,45,42,238
2024-03-15 12:20:00,40,5,31,32,7,48,54,217
2024-03-15 12:30:00,44,12,27,19,17,45,56,220
2024-03-15 12:40:00,59,4,35,35,12,54,65,264
2024-03-15 12:50:00,51,3,21,25,3,37,60,200
2024-03-15 13:00:00,73,6,28,25,7,55,48,242
2024-03-15 13:10:00,53,12,27,38,6,46,45,227
2024-03-15 13:20:00,53,8,26,28,9,57,53,234
2024-03-15 13:30:00,71,6,25,40,8,46,67,263
2024-03-15 13:40:00,60,9,26,24,4,35,53,211
2024-03-15 13:50:00,59,3,21,37,2,47,61,230
2024-03-15 14:00:00,49,6,31,32,11,38,51,218
2024-03-15 14:10:00,56,5,29,36,6,49,52,233
2024-03-15 14:20:00,43,5,35,25,9,48,56,221
2024-03-15 14:30:00,56,13,28,27,3,54,62,243
2024-03-15 14:40:00,59,7,26,25,9,52,55,233
2024-03-15 14:50:00,52,8,37,30,5,51,52,235
2024-03-15 15:00:00,62,7,27,32,8,43,52,231
2024-03-15 15:10:00,49,7,33,39,4,46,55,233
2024-03-15 15:20:00,47,3,22,32,2,48,63,217
2024-03-15 15:30:00,51,8,32,28,8,47,50,224
2024-03-15 15:40:00,48,6,27,32,7,52,59,231
2024-03-15 15:50:00,56,5,30,42,8,53,54,248
2024-03-15 16:00:00,50,5,24,26,8,39,57,209
2024-03-15 16:10:00,48,8,19,37,3,59,55,229
2024-03-15 16:20:00,51,9,28,20,2,59,65,234
2024-03-15 16:30:00,47,7,39,45,5,50,57,250
2024-03-15 16:40:00,50,8,30,34,7,49,51,229
2024-03-15 16:50:00,44,4,32,26,12,54,60,232
2024-03-15 17:00:00,48,9,30,34,13,46,55,235
2024-03-15 17:10:00,46,6,35,28,9,55,58,237
2024-03-15 17:20:00,58,5,30,24,10,47,50,224
2024-03-15 17:30:00,46,7,40,43,8,60,55,259
2024-03-15 17:40:00,67,4,24,33,1,45,61,235
2024-03-15 17:50:00,42,3,25,28,2,47,67,214
2024-03-15 18:00:00,49,9,35,37,3,63,68,264
2024-03-15 18:10:00,59,4,24,27,5,52,49,220
2024-03-15 18:20:00,47,16,26,27,3,61,63,243
2024-03-15 18:30:00,43,3,23,44,4,44,51,212
2024-03-15 18:40:00,40,2,25,40,2,51,66,226
2024-03-15 18:50:00,37,5,22,26,6,38,56,190
2024-03-15 19:00:00,45,4,20,24,5,39,44,181
2024-03-15 19:10:00,33,2,10,27,3,35,54,164
2024-03-15 19:20:00,21,5,13,20,2,46,42,149
2024-03-15 19:30:00,29,3,20,28,2,27,44,153
2024-03-15 19:40:00,28,4,13,24,3,22,36,130
2024-03-15 19:50:00,32,5,15,19,1,37,36,145
2024-03-15 20:00:00,20,3,15,20,3,16,32,109
2024-03-15 20:10:00,23,5,10,23,0,27,37,125
2024-03-15 20:20:00,19,1,10,22,4,20,23,99
2024-03-15 20:30:00,22,0,10,21,1,10,21,85
2024-03-15 20:40:00,20,2,16,24,4,20,23,109
2024-03-15 20:50:00,12,4,8,14,1,26,25,90
2024-03-15 21:00:00,14,1,8,13,0,24,21,81
2024-03-15 21:10:00,19,4,8,13,2,18,24,88
2024-03-15 21:20:00,24,3,14,21,0,22,28,112
2024-03-15 21:30:00,19,2,6,10,2,17,15,71
2024-03-15 21:40:00,15,4,11,16,4,15,19,84
2024-03-15 21:50:00,15,4,6,12,0,21,14,72
2024-03-15 22:00:00,12,1,8,13,0,16,15,65
2024-03-15 22:10:00,13,1,14,31,0,15,14,88
2024-03-15 22:20:00,16,5,6,14,1,13,13,68
2024-03-15 22:30:00,22,3,11,24,0,12,23,95
2024-03-15 22:40:00,14,2,8,16,0,19,23,82
2024-03-15 22:50:00,9,2,4,6,0,17,14,52
2024-03-15 23:00:00,10,1,6,15,0,18,20,70
2024-03-15 23:10:00,11,1,4,14,0,10,18,58
2024-03-15 23:20:00,12,0,2,8,0,6,13,41
2024-03-15 23:30:00,15,0,0,6,1,13,8,43
2024-03-15 23:40:00,4,0,7,14,0,13,10,48
2024-03-15 23:50:00,4,0,5,6,0,8,10,33
2024-03-16 00:00:00,6,1,2,9,1,7,17,43
2024-03-16 00:10:00,0,0,7,8,0,6,9,30
2024-03-16 00:20:00,0,2,4,8,0,11,8,33
2024-03-16 00:30:00,8,0,0,6,0,2,3,19
2024-03-16 00:40:00,8,1,1,7,0,2,5,24
2024-03-16 00:50:00,3,0,1,7,0,5,7,23
2024-03-16 01:00:00,1,0,4,11,0,5,7,28
2024-03-16 01:10:00,2,0,3,5,0,4,9,23
2024-03-16 01:20:00,4,0,2,4,0,3,2,15
2024-03-16 01:30:00,1,0,3,2,0,3,8,17
2024-03-16 01:40:00,8,0,3,3,0,3,2,19
2024-03-16 01:50:00,6,0,1,4,0,4,4,19
2024-03-16 02:00:00,3,1,1,2,0,0,1,8
2024-03-16 02:10:00,6,0,0,2,0,2,3,13
2024-03-16 02:20:00,0,0,0,0,0,3,3,6
2024-03-16 02:30:00,2,0,0,1,1,2,8,14
2024-03-16 02:40:00,0,0,1,1,0,1,0,3
2024-03-16 02:50:00,3,0,0,0,0,1,0,4
2024-03-16 03:00:00,1,0,0,1,0,6,3,11
2024-03-16 03:10:00,1,0,1,4,0,2,4,12
2024-03-16 03:20:00,4,2,1,2,0,2,3,14
2024-03-16 03:30:00,0,0,1,3,0,1,0,5
2024-03-16 03:40:00,1,0,0,0,0,0,1,2
2024-03-16 03:50:00,2,0,1,2,0,2,2,9
2024-03-16 04:00:00,3,0,0,2,0,3,0,8
2024-03-16 04:10:00,0,1,0,0,0,1,0,2
2024-03-16 04:20:00,1,0,1,1,0,1,1,5
2024-03-16 04:30:00,0,1,1,2,0,4,1,9
2024-03-16 04:40:00,2,0,1,2,0,3,5,13
2024-03-16 04:50:00,2,0,1,2,0,3,4,12
2024-03-16 05:00:00,2,0,5,7,0,3,0,17
2024-03-16 05:10:00,5,0,2,4,0,5,5,21
2024-03-16 05:20:00,4,1,2,2,0,1,1,11
2024-03-16 05:30:00,4,0,0,2,0,5,1,12
2024-03-16 05:40:00,3,0,6,6,2,7,5,29
2024-03-16 05:50:00,0,1,0,1,0,6,3,11
2024-03-16 06:00:00,3,0,3,6,0,4,1,17
2024-03-16 06:10:00,6,0,3,4,1,3,6,23
2024-03-16 06:20:00,5,0,2,6,0,2,7,22
2024-03-16 06:30:00,4,0,4,8,0,14,6,36
2024-03-16 06:40:00,7,2,8,7,0,8,9,41
2024-03-16 06:50:00,12,1,5,7,0,4,7,36
2024-03-16 07:00:00,11,3,8,6,1,5,7,41
2024-03-16 07:10:00,13,0,10,13,1,11,7,55
2024-03-16 07:20:00,18,3,6,16,0,10,10,63
2024-03-16 07:30:00,18,1,7,12,1,7,10,56
2024-03-16 07:40:00,15,0,8,16,0,11,17,67
2024-03-16 07:50:00,19,2,14,16,1,13,12,77
2024-03-16 08:00:00,18,4,15,20,1,13,11,82
2024-03-16 08:10:00,22,5,11,13,1,16,11,79
2024-03-16 08:20:00,30,2,10,17,0,22,13,94
2024-03-16 08:30:00,30,3,23,19,1,17,21,114
2024-03-16 08:40:00,35,5,19,18,1,22,31,131
2024-03-16 08:50:00,29,4,14,33,0,27,21,128
2024-03-16 09:00:00,41,3,12,22,1,31,18,128
2024-03-16 09:10:00,37,4,19,27,2,19,16,124
2024-03-16 09:20:00,47,6,19,26,0,31,30,159
2024-03-16 09:30:00,54,4,13,18,3,26,37,155
2024-03-16 09:40:00,52,4,30,46,2,28,36,198
2024-03-16 09:50:00,48,6,32,37,2,39,48,212
2024-03-16 10:00:00,50,9,28,30,1,28,36,182
2024-03-16 10:10:00,48,11,32,22,4,30,2,149
2024-03-16 10:20:00,47,8,24,37,3,32,48,199
2024-03-16 10:30:00,55,3,21,28,2,33,44,186
2024-03-16 10:40:00,41,6,25,41,1,39,42,195
2024-03-16 10:50:00,62,4,21,38,1,58,59,243
2024-03-16 11:00:00,51,8,35,41,1,46,59,241
2024-03-16 11:10:00,49,5,31,34,3,28,39,189
2024-03-16 11:20:00,50,3,29,39,4,44,51,220
2024-03-16 11:30:00,49,3,22,32,2,37,37,182
2024-03-16 11:40:00,58,7,31,35,1,29,48,209
2024-03-16 11:50:00,42,8,22,35,3,33,47,190
2024-03-16 12:00:00,56,5,25,40,3,40,49,218
2024-03-16 12:10:00,53,1,21,39,1,42,48,205
2024-03-16 12:20:00,63,7,28,42,1,45,53,239
2024-03-16 12:30:00,55,5,20,31,3,41,57,212
2024-03-16 12:40:00,40,9,26,34,0,41,53,203
2024-03-16 12:50:00,54,4,33,32,1,28,67,219
2024-03-16 13:00:00,55,9,22,44,0,45,61,236
2024-03-16 13:10:00,55,2,29,53,0,35,61,235
2024-03-16 13:20:00,61,4,25,41,0,47,59,237
2024-03-16 13:30:00,33,4,24,40,0,35,57,193
2024-03-16 13:40:00,50,6,19,35,2,35,64,211
2024-03-16 13:50:00,56,4,29,33,1,26,69,218
2024-03-16 14:00:00,67,7,16,31,1,43,56,221
2024-03-16 14:10:00,60,5,28,49,2,42,47,233
2024-03-16 14:20:00,61,7,28,41,2,37,63,239
2024-03-16 14:30:00,50,3,27,31,0,34,51,196
2024-03-16 14:40:00,41,1,26,34,3,38,54,197
2024-03-16 14:50:00,51,4,21,25,2,29,59,191
2024-03-16 15:00:00,36,4,16,23,1,37,48,165
2024-03-16 15:10:00,32,8,22,23,0,41,40,166
2024-03-16 15:20:00,48,6,13,20,2,38,32,159
2024-03-16 15:30:00,44,2,27,23,1,23,35,155
2024-03-16 15:40:00,44,4,15,22,2,34,41,162
2024-03-16 15:50:00,31,4,16,15,2,30,34,132
2024-03-16 16:00:00,36,4,16,17,1,31,51,156
2024-03-16 16:10:00,32,1,12,22,1,26,35,129
2024-03-16 16:20:00,37,6,17,24,0,25,44,153
2024-03-16 16:30:00,35,1,18,17,2,32,46,151
2024-03-16 16:40:00,39,5,14,23,2,27,31,141
2024-03-16 16:50:00,38,3,17,37,1,28,45,169
2024-03-16 17:00:00,40,6,21,17,3,45,37,169
2024-03-16 17:10:00,39,6,23,23,3,27,53,174
2024-03-16 17:20:00,36,5,33,29,2,29,49,183
2024-03-16 17:30:00,50,2,17,26,2,28,47,172
2024-03-16 17:40:00,48,4,29,32,1,27,48,189
2024-03-16 17:50:00,40,9,22,18,3,30,46,168
2024-03-16 18:00:00,60,3,24,24,0,38,57,206
2024-03-16 18:10:00,58,7,25,25,0,34,64,213
2024-03-16 18:20:00,53,4,19,29,1,38,50,194
2024-03-16 18:30:00,56,2,20,23,1,44,46,192
2024-03-16 18:40:00,32,4,24,38,1,31,44,174
2024-03-16 18:50:00,35,4,12,22,2,25,51,151
2024-03-16 19:00:00,37,3,18,19,0,37,37,151
2024-03-16 19:10:00,33,3,14,12,1,30,43,136
2024-03-16 19:20:00,26,3,12,20,0,30,31,122
2024-03-16 19:30:00,28,2,15,24,1,28,32,130
2024-03-16 19:40:00,17,2,14,24,0,19,37,113
2024-03-16 19:50:00,28,4,10,17,0,18,29,106
2024-03-16 20:00:00,30,1,11,12,0,17,28,99
2024-03-16 20:10:00,20,3,10,12,2,36,38,121
2024-03-16 20:20:00,21,2,9,12,2,15,18,79
2024-03-16 20:30:00,21,6,7,9,1,17,19,80
2024-03-16 20:40:00,14,5,20,21,0,15,21,96
2024-03-16 20:50:00,31,4,11,13,0,12,22,93
2024-03-16 21:00:00,13,1,4,7,0,17,14,56
2024-03-16 21:10:00,20,2,10,5,0,20,28,85
2024-03-16 21:20:00,22,1,9,11,1,14,17,75
2024-03-16 21:30:00,13,4,12,16,0,17,18,80
2024-03-16 21:40:00,18,2,6,11,1,14,25,77
2024-03-16 21:50:00,13,1,7,8,1,19,19,68
2024-03-16 22:00:00,17,3,6,9,0,13,13,61
2024-03-16 22:10:00,20,0,3,4,0,16,29,72
2024-03-16 22:20:00,16,2,6,11,1,9,24,69
2024-03-16 22:30:00,14,1,2,5,0,8,11,41
2024-03-16 22:40:00,20,1,6,12,0,10,16,65
2024-03-16 22:50:00,11,4,5,9,1,17,15,62
2024-03-16 23:00:00,12,2,4,8,0,12,16,54
2024-03-16 23:10:00,17,3,3,11,1,10,10,55
2024-03-16 23:20:00,18,0,4,6,0,13,5,46
2024-03-16 23:30:00,14,0,4,6,0,12,13,49
2024-03-16 23:40:00,12,1,3,9,0,11,10,46
2024-03-16 23:50:00,18,1,6,12,0,17,12,66
2024-03-17 00:00:00,8,0,1,6,1,9,10,35
2024-03-17 00:10:00,10,2,2,5,0,15,11,45
2024-03-17 00:20:00,17,0,4,7,0,5,9,42
2024-03-17 00:30:00,10,0,2,8,0,11,6,37
2024-03-17 00:40:00,6,1,3,9,0,5,16,40
2024-03-17 00:50:00,9,0,2,2,0,11,9,33
2024-03-17 01:00:00,6,0,3,6,0,4,9,28
2024-03-17 01:10:00,7,0,0,2,1,6,2,18
2024-03-17 01:20:00,4,1,1,2,0,4,2,14
2024-03-17 01:30:00,7,1,3,5,0,4,4,24
2024-03-17 01:40:00,4,0,2,5,0,5,7,23
2024-03-17 01:50:00,2,0,4,5,0,4,5,20
2024-03-17 02:00:00,4,0,1,7,0,1,4,17
2024-03-17 02:10:00,5,0,2,2,0,3,4,16
2024-03-17 02:20:00,3,0,0,0,0,0,3,6
2024-03-17 02:30:00,2,0,1,1,0,1,3,8
2024-03-17 02:40:00,2,0,1,2,0,3,1,9
2024-03-17 02:50:00,3,0,1,3,0,4,3,14
2024-03-17 03:00:00,3,0,1,1,0,4,4,13
2024-03-17 03:10:00,4,0,1,1,0,3,4,13
2024-03-17 03:20:00,1,0,0,0,0,5,2,8
2024-03-17 03:30:00,0,0,1,4,0,1,3,9
2024-03-17 03:40:00,1,0,0,1,0,1,2,5
2024-03-17 03:50:00,2,0,0,0,0,2,0,4
2024-03-17 04:00:00,1,0,1,1,0,2,1,6
2024-03-17 04:10:00,0,0,1,2,0,2,1,6
2024-03-17 04:20:00,1,0,0,1,0,0,1,3
2024-03-17 04:30:00,6,0,0,0,0,3,5,14
2024-03-17 04:40:00,1,0,1,2,0,4,5,13
2024-03-17 04:50:00,7,0,0,0,0,0,1,8
2024-03-17 05:00:00,2,0,2,5,0,1,2,12
2024-03-17 05:10:00,4,0,1,2,0,3,4,14
2024-03-17 05:20:00,5,0,1,2,0,2,1,11
2024-03-17 05:30:00,5,0,0,2,0,1,0,8
2024-03-17 05:40:00,4,0,1,3,1,2,1,12
2024-03-17 05:50:00,1,0,2,3,0,4,1,11
2024-03-17 06:00:00,4,0,2,2,0,2,0,10
2024-03-17 06:10:00,4,0,1,2,0,2,1,10
2024-03-17 06:20:00,1,0,1,1,0,2,3,8
2024-03-17 06:30:00,5,0,1,3,0,2,4,15
2024-03-17 06:40:00,0,1,3,4,0,4,1,13
2024-03-17 06:50:00,4,0,2,4,0,4,1,15
2024-03-17 07:00:00,2,0,3,4,0,2,4,15
2024-03-17 07:10:00,6,1,3,5,0,2,5,22
2024-03-17 07:20:00,2,0,3,5,0,2,2,14
2024-03-17 07:30:00,8,1,3,3,0,2,6,23
2024-03-17 07:40:00,8,2,7,10,0,4,2,33
2024-03-17 07:50:00,5,1,2,5,1,4,6,24
2024-03-17 08:00:00,8,2,4,5,3,1,2,25
2024-03-17 08:10:00,12,4,9,5,0,4,9,43
2024-03-17 08:20:00,8,0,6,14,0,0,7,35
2024-03-17 08:30:00,13,2,10,9,0,3,2,39
2024-03-17 08:40:00,10,1,7,14,2,3,12,49
2024-03-17 08:50:00,8,3,9,11,0,6,10,47
2024-03-17 09:00:00,22,5,7,12,3,9,19,77
2024-03-17 09:10:00,23,2,10,11,0,7,31,84
2024-03-17 09:20:00,31,0,8,17,0,13,25,94
2024-03-17 09:30:00,36,4,14,15,1,9,15,94
2024-03-17 09:40:00,33,3,15,20,0,18,13,102
2024-03-17 09:50:00,18,7,16,16,2,21,25,105
2024-03-17 10:00:00,24,2,10,7,0,13,24,80
2024-03-17 10:10:00,31,3,13,22,1,16,19,105
2024-03-17 10:20:00,23,5,15,18,2,20,16,99
2024-03-17 10:30:00,28,2,15,15,0,17,12,89
2024-03-17 10:40:00,19,5,13,16,1,25,26,105
2024-03-17 10:50:00,28,7,11,13,1,15,17,92
2024-03-17 11:00:00,28,2,17,22,0,30,16,115
2024-03-17 11:10:00,37,6,18,16,2,24,16,119
2024-03-17 11:20:00,39,6,21,20,4,16,26,132
2024-03-17 11:30:00,27,4,23,21,0,17,23,115
2024-03-17 11:40:00,34,1,17,22,1,17,25,117
2024-03-17 11:50:00,32,2,18,16,3,20,25,116
2024-03-17 12:00:00,27,6,14,20,0,19,38,124
2024-03-17 12:10:00,37,3,15,17,0,32,29,133
2024-03-17 12:20:00,33,5,9,18,0,28,51,144
2024-03-17 12:30:00,37,5,16,15,0,24,30,127
2024-03-17 12:40:00,39,4,16,29,2,24,23,137
2024-03-17 12:50:00,45,3,18,15,3,29,44,157
2024-03-17 13:00:00,39,7,18,19,0,17,36,136
2024-03-17 13:10:00,46,1,13,19,0,24,33,136
2024-03-17 13:20:00,35,3,26,20,2,29,36,151
2024-03-17 13:30:00,38,4,23,23,2,30,35,155
2024-03-17 13:40:00,33,5,20,26,0,17,22,123
2024-03-17 13:50:00,31,3,11,15,3,43,41,147
2024-03-17 14:00:00,38,4,16,24,3,38,30,153
2024-03-17 14:10:00,42,15,22,15,2,21,29,146
2024-03-17 14:20:00,29,4,15,23,0,29,38,138
2024-03-17 14:30:00,39,6,25,32,2,34,34,172
2024-03-17 14:40:00,37,2,24,28,1,32,36,160
2024-03-17 14:50:00,44,7,19,22,0,30,55,177
2024-03-17 15:00:00,53,2,14,22,1,28,41,161
2024-03-17 15:10:00,51,7,16,12,2,32,37,157
2024-03-17 15:20:00,37,0,14,23,1,24,32,131
2024-03-17 15:30:00,28,3,7,14,1,26,34,113
2024-03-17 15:40:00,25,5,15,23,1,30,32,131
2024-03-17 15:50:00,42,5,19,18,1,27,41,153
2024-03-17 16:00:00,36,4,21,28,1,22,29,141
2024-03-17 16:10:00,34,5,13,18,2,23,35,130
2024-03-17 16:20:00,23,3,15,19,4,26,45,135
2024-03-17 16:30:00,31,4,15,21,0,28,22,121
2024-03-17 16:40:00,41,2,17,22,1,29,39,151
2024-03-17 16:50:00,45,4,16,24,1,35,34,159
2024-03-17 17:00:00,35,2,14,32,2,19,39,143
2024-03-17 17:10:00,43,3,20,32,0,30,40,168
2024-03-17 17:20:00,29,6,17,16,2,28,45,143
2024-03-17 17:30:00,35,1,16,22,1,27,43,145
2024-03-17 17:40:00,23,6,17,20,3,20,52,141
2024-03-17 17:50:00,31,3,20,23,3,31,32,143
2024-03-17 18:00:00,26,2,16,23,0,28,40,135
2024-03-17 18:10:00,33,1,19,30,2,31,44,160
2024-03-17 18:20:00,29,5,16,35,3,30,39,157
2024-03-17 18:30:00,17,2,16,26,3,24,46,134
2024-03-17 18:40:00,23,1,17,26,2,19,30,118
2024-03-17 18:50:00,25,4,12,27,0,27,34,129
2024-03-17 19:00:00,32,4,13,16,1,21,28,115
2024-03-17 19:10:00,15,1,13,19,0,22,24,94
2024-03-17 19:20:00,17,2,10,15,1,14,20,79
2024-03-17 19:30:00,21,1,9,17,1,12,34,95
2024-03-17 19:40:00,30,3,13,23,1,13,26,109
2024-03-17 19:50:00,27,5,18,22,1,26,33,132
2024-03-17 20:00:00,13,3,10,13,1,16,31,87
2024-03-17 20:10:00,17,6,9,11,1,18,24,86
2024-03-17 20:20:00,22,1,9,10,0,19,23,84
2024-03-17 20:30:00,25,4,9,15,0,16,17,86
2024-03-17 20:40:00,20,2,11,20,1,16,14,84
2024-03-17 20:50:00,12,1,8,13,2,12,11,59
2024-03-17 21:00:00,11,3,3,6,0,17,23,63
2024-03-17 21:10:00,24,2,12,13,2,17,19,89
2024-03-17 21:20:00,12,1,6,5,0,13,19,56
2024-03-17 21:30:00,6,4,3,7,0,14,18,52
2024-03-17 21:40:00,9,2,4,11,0,13,10,49
2024-03-17 21:50:00,8,2,8,10,0,13,15,56
2024-03-17 22:00:00,13,4,10,15,0,13,13,68
2024-03-17 22:10:00,6,1,5,6,0,8,15,41
2024-03-17 22:20:00,9,4,1,5,0,8,9,36
2024-03-17 22:30:00,7,2,2,5,0,12,18,46
2024-03-17 22:40:00,7,1,4,8,0,9,9,38
2024-03-17 22:50:00,3,2,2,6,0,7,8,28
2024-03-17 23:00:00,4,1,0,2,0,5,6,18
2024-03-17 23:10:00,7,0,1,4,0,5,10,27
2024-03-17 23:20:00,4,0,0,3,1,1,4,13
2024-03-17 23:30:00,5,2,3,3,0,6,3,22
2024-03-17 23:40:00,2,0,2,2,0,0,3,9
2024-03-17 23:50:00,3,0,1,3,0,7,9,23
2024-03-18 00:00:00,3,0,2,3,0,8,8,24
2024-03-18 00:10:00,1,1,2,3,0,3,2,12
2024-03-18 00:20:00,0,0,1,3,1,1,1,7
2024-03-18 00:30:00,2,0,0,0,0,0,1,3
2024-03-18 00:40:00,0,1,2,3,0,0,1,7
2024-03-18 00:50:00,0,0,2,3,0,1,1,7
2024-03-18 01:00:00,2,1,1,1,0,2,3,10
2024-03-18 01:10:00,0,0,1,2,1,1,1,6
2024-03-18 01:20:00,3,0,1,1,0,1,1,7
2024-03-18 01:30:00,3,0,0,0,0,1,1,5
2024-03-18 01:40:00,1,1,1,0,0,1,0,4
2024-03-18 01:50:00,0,0,0,1,0,0,1,2
2024-03-18 02:00:00,0,0,0,1,0,1,4,6
2024-03-18 02:10:00,0,0,0,0,0,1,0,1
2024-03-18 02:20:00,1,0,0,0,0,0,1,2
2024-03-18 02:30:00,1,0,0,0,0,2,0,3
2024-03-18 02:40:00,2,0,0,0,0,2,0,4
2024-03-18 02:50:00,0,0,0,0,0,0,0,0
2024-03-18 03:00:00,1,0,0,0,1,0,0,2
2024-03-18 03:10:00,1,0,1,1,1,1,2,7
2024-03-18 03:20:00,1,0,1,1,1,0,0,4
2024-03-18 03:30:00,0,0,0,0,0,1,0,1
2024-03-18 03:40:00,0,0,0,0,0,1,2,3
2024-03-18 03:50:00,1,0,1,3,0,5,1,11
2024-03-18 04:00:00,2,0,1,1,0,1,1,6
2024-03-18 04:10:00,3,1,0,1,0,1,2,8
2024-03-18 04:20:00,3,0,3,5,0,3,2,16
2024-03-18 04:30:00,3,0,1,2,0,0,0,6
2024-03-18 04:40:00,2,0,3,6,0,3,7,21
2024-03-18 04:50:00,2,0,2,5,1,6,3,19
2024-03-18 05:00:00,9,0,1,6,0,8,4,28
2024-03-18 05:10:00,4,2,4,10,0,6,5,31
2024-03-18 05:20:00,8,0,4,11,1,11,2,37
2024-03-18 05:30:00,14,0,6,12,1,24,4,61
2024-03-18 05:40:00,23,0,8,15,0,12,6,64
2024-03-18 05:50:00,12,0,6,12,2,16,6,54
2024-03-18 06:00:00,20,0,4,15,0,7,11,57
2024-03-18 06:10:00,21,1,17,25,2,11,8,85
2024-03-18 06:20:00,33,2,18,38,0,16,13,120
2024-03-18 06:30:00,32,1,20,33,0,17,13,116
2024-03-18 06:40:00,35,7,20,31,3,21,18,135
2024-03-18 06:50:00,37,2,22,22,0,18,24,125
2024-03-18 07:00:00,61,6,25,40,1,16,29,178
2024-03-18 07:10:00,67,8,33,59,1,30,50,248
2024-03-18 07:20:00,65,5,29,37,6,35,49,226
2024-03-18 07:30:00,71,6,34,46,5,64,48,274
2024-03-18 07:40:00,77,15,52,51,19,98,49,361
2024-03-18 07:50:00,58,9,44,40,38,80,53,322
2024-03-18 08:00:00,63,9,44,43,15,40,50,264
2024-03-18 08:10:00,61,9,26,38,10,45,46,235
2024-03-18 08:20:00,80,6,38,39,6,34,46,249
2024-03-18 08:30:00,54,10,31,36,2,40,34,207
2024-03-18 08:40:00,65,10,28,27,3,38,39,210
2024-03-18 08:50:00,49,10,28,40,1,40,55,223
2024-03-18 09:00:00,47,9,22,33,8,44,47,210
2024-03-18 09:10:00,49,4,29,39,6,41,37,205
2024-03-18 09:20:00,59,8,20,32,2,41,38,200
2024-03-18 09:30:00,53,5,24,24,0,29,47,182
2024-03-18 09:40:00,47,5,38,33,4,50,42,219
2024-03-18 09:50:00,52,8,26,32,6,44,49,217
2024-03-18 10:00:00,53,8,35,33,3,30,43,205
2024-03-18 10:10:00,40,5,25,37,3,37,31,178
2024-03-18 10:20:00,53,5,28,28,1,37,40,192
2024-03-18 10:30:00,55,7,28,21,1,30,41,183
2024-03-18 10:40:00,40,8,31,39,5,29,44,196
2024-03-18 10:50:00,34,7,29,29,2,28,57,186
2024-03-18 11:00:00,50,7,24,29,1,34,40,185
2024-03-18 11:10:00,42,5,25,33,1,43,40,189
2024-03-18 11:20:00,37,9,24,21,5,31,42,169
2024-03-18 11:30:00,43,5,28,21,3,43,36,179
2024-03-18 11:40:00,63,5,28,37,2,40,44,219
2024-03-18 11:50:00,39,10,17,16,5,38,39,164
2024-03-18 12:00:00,48,8,27,26,6,42,44,201
2024-03-18 12:10:00,53,5,23,22,8,35,41,187
2024-03-18 12:20:00,41,6,27,33,4,33,48,192
2024-03-18 12:30:00,44,2,31,29,13,33,48,200
2024-03-18 12:40:00,43,6,24,22,11,47,57,210
2024-03-18 12:50:00,45,7,23,21,8,40,57,201
2024-03-18 13:00:00,52,8,17,23,11,35,34,180
2024-03-18 13:10:00,50,6,30,18,8,47,49,208
2024-03-18 13:20:00,31,5,29,17,20,53,55,210
2024-03-18 13:30:00,48,6,25,23,13,58,43,216
2024-03-18 13:40:00,37,4,22,15,4,43,44,169
2024-03-18 13:50:00,38,10,29,12,5,54,47,195
2024-03-18 14:00:00,54,7,27,20,8,38,51,205
2024-03-18 14:10:00,45,8,35,36,9,30,53,216
2024-03-18 14:20:00,38,8,20,35,13,48,49,211
2024-03-18 14:30:00,55,4,24,16,6,40,63,208
2024-03-18 14:40:00,46,2,33,28,7,40,49,205
2024-03-18 14:50:00,43,5,32,20,9,37,53,199
2024-03-18 15:00:00,59,8,27,15,15,34,51,209
2024-03-18 15:10:00,49,8,30,25,6,52,55,225
2024-03-18 15:20:00,51,10,24,27,13,52,47,224
2024-03-18 15:30:00,62,4,28,31,8,28,50,211
2024-03-18 15:40:00,60,6,36,33,6,50,58,249
2024-03-18 15:50:00,50,6,21,19,7,43,68,214
2024-03-18 16:00:00,59,9,29,16,11,46,63,233
2024-03-18 16:10:00,51,6,16,30,6,48,64,221
2024-03-18 16:20:00,54,7,28,19,7,62,75,252
2024-03-18 16:30:00,62,4,31,30,8,56,55,246
2024-03-18 16:40:00,51,8,33,21,6,53,68,240
2024-03-18 16:50:00,58,9,30,27,7,58,78,267
2024-03-18 17:00:00,66,5,27,20,9,55,69,251
2024-03-18 17:10:00,46,7,30,32,10,44,72,241
2024-03-18 17:20:00,47,7,28,16,7,63,70,238
2024-03-18 17:30:00,50,11,34,19,5,44,65,228
2024-03-18 17:40:00,64,3,33,29,5,52,64,250
2024-03-18 17:50:00,45,9,20,16,5,53,54,202
2024-03-18 18:00:00,61,6,20,18,2,48,64,219
2024-03-18 18:10:00,40,9,40,18,9,51,62,229
2024-03-18 18:20:00,36,6,17,13,8,44,69,193
2024-03-18 18:30:00,37,8,20,16,4,35,60,180
2024-03-18 18:40:00,46,5,25,14,7,42,51,190
2024-03-18 18:50:00,27,11,14,22,4,53,62,193
2024-03-18 19:00:00,33,7,19,13,4,38,45,159
2024-03-18 19:10:00,26,4,17,18,0,39,45,149
2024-03-18 19:20:00,32,3,8,13,1,35,51,143
2024-03-18 19:30:00,30,3,20,14,2,23,32,124
2024-03-18 19:40:00,28,5,13,11,3,32,39,131
2024-03-18 19:50:00,25,2,10,13,1,37,29,117
2024-03-18 20:00:00,19,1,11,11,1,25,21,89
2024-03-18 20:10:00,22,3,17,13,1,21,29,106
2024-03-18 20:20:00,25,4,9,8,1,24,21,92
2024-03-18 20:30:00,19,1,12,9,1,23,20,85
2024-03-18 20:40:00,19,3,9,12,0,17,25,85
2024-03-18 20:50:00,20,2,11,11,4,14,20,82
2024-03-18 21:00:00,11,4,14,10,0,17,23,79
2024-03-18 21:10:00,10,0,11,9,2,16,22,70
2024-03-18 21:20:00,17,2,7,7,0,16,16,65
2024-03-18 21:30:00,14,1,7,14,0,18,24,78
2024-03-18 21:40:00,11,1,8,8,0,7,17,52
2024-03-18 21:50:00,10,4,2,4,0,8,13,41
2024-03-18 22:00:00,13,0,11,6,0,14,21,65
2024-03-18 22:10:00,18,1,15,18,0,8,22,82
2024-03-18 22:20:00,6,0,12,12,1,10,14,55
2024-03-18 22:30:00,20,0,8,13,0,15,9,65
2024-03-18 22:40:00,12,0,10,10,1,7,12,52
2024-03-18 22:50:00,4,1,5,3,0,5,11,29
2024-03-18 23:00:00,2,1,4,3,2,6,12,30
2024-03-18 23:10:00,3,1,3,4,0,5,6,22
2024-03-18 23:20:00,1,0,3,3,1,9,6,23
2024-03-18 23:30:00,1,0,0,3,0,4,5,13
2024-03-18 23:40:00,2,0,2,3,0,7,8,22
2024-03-18 23:50:00,3,0,1,3,0,5,4,16
2024-03-19 00:00:00,5,0,2,1,0,2,1,11
2024-03-19 00:10:00,1,0,2,2,0,0,3,8
2024-03-19 00:20:00,3,0,2,3,0,3,0,11
2024-03-19 00:30:00,1,1,1,1,0,0,3,7
2024-03-19 00:40:00,1,0,2,3,0,3,6,15
2024-03-19 00:50:00,3,0,1,1,0,0,0,5
2024-03-19 01:00:00,0,1,1,1,0,0,2,5
2024-03-19 01:10:00,2,0,0,0,0,1,2,5
2024-03-19 01:20:00,5,0,0,0,0,2,1,8
2024-03-19 01:30:00,2,1,0,1,0,2,1,7
2024-03-19 01:40:00,0,0,0,0,0,1,0,1
2024-03-19 01:50:00,0,0,0,0,0,0,0,0
2024-03-19 02:00:00,0,0,0,3,0,2,1,6
2024-03-19 02:10:00,0,0,0,0,0,3,3,6
2024-03-19 02:20:00,0,0,0,2,0,1,1,4
2024-03-19 02:30:00,1,0,0,1,0,1,0,3
2024-03-19 02:40:00,2,0,0,1,0,2,0,5
2024-03-19 02:50:00,4,0,0,1,0,1,0,6
2024-03-19 03:00:00,0,0,1,0,0,1,1,3
2024-03-19 03:10:00,0,0,0,0,0,0,0,0
2024-03-19 03:20:00,2,0,1,0,0,0,1,4
2024-03-19 03:30:00,2,0,2,0,1,2,1,8
2024-03-19 03:40:00,0,0,0,0,1,1,0,2
2024-03-19 03:50:00,1,0,1,2,0,7,1,12
2024-03-19 04:00:00,3,0,2,4,0,2,3,14
2024-03-19 04:10:00,2,1,0,0,0,2,2,7
2024-03-19 04:20:00,4,0,1,4,0,2,3,14
2024-03-19 04:30:00,4,0,1,2,0,1,3,11
2024-03-19 04:40:00,3,0,4,5,1,4,4,21
2024-03-19 04:50:00,1,0,2,5,1,5,3,17
2024-03-19 05:00:00,5,0,2,4,0,4,5,20
2024-03-19 05:10:00,8,3,4,5,0,6,5,31
2024-03-19 05:20:00,12,0,2,6,0,15,3,38
2024-03-19 05:30:00,12,1,9,9,2,16,10,59
2024-03-19 05:40:00,12,0,6,6,0,9,4,37
2024-03-19 05:50:00,14,2,6,9,0,7,6,44
2024-03-19 06:00:00,21,1,10,10,0,8,10,60
2024-03-19 06:10:00,26,2,16,25,0,19,17,105
2024-03-19 06:20:00,33,2,14,21,0,11,14,95
2024-03-19 06:30:00,22,0,22,30,0,20,14,108
2024-03-19 06:40:00,50,1,25,30,0,22,22,150
2024-03-19 06:50:00,31,2,18,29,0,19,33,132
2024-03-19 07:00:00,62,5,21,29,0,19,29,165
2024-03-19 07:10:00,72,6,30,47,3,24,44,226
2024-03-19 07:20:00,81,9,30,47,0,43,47,257
2024-03-19 07:30:00,79,5,39,60,3,45,49,280
2024-03-19 07:40:00,85,7,39,37,14,101,51,334
2024-03-19 07:50:00,80,17,37,45,36,90,50,355
2024-03-19 08:00:00,54,11,44,42,16,41,43,251
2024-03-19 08:10:00,74,9,31,44,5,48,59,270
2024-03-19 08:20:00,72,18,25,36,5,64,40,260
2024-03-19 08:30:00,50,5,27,35,6,39,36,198
2024-03-19 08:40:00,60,11,26,24,6,39,41,207
2024-03-19 08:50:00,50,10,25,37,6,49,65,242
2024-03-19 09:00:00,58,8,34,50,2,43,40,235
2024-03-19 09:10:00,51,12,19,28,8,29,37,184
2024-03-19 09:20:00,55,5,29,32,3,48,43,215
2024-03-19 09:30:00,56,7,22,33,5,30,42,195
2024-03-19 09:40:00,48,6,19,23,2,32,39,169
2024-03-19 09:50:00,47,8,25,22,4,42,50,198
2024-03-19 10:00:00,45,5,31,33,5,26,42,187
2024-03-19 10:10:00,39,2,22,25,2,30,39,159
2024-03-19 10:20:00,48,7,14,21,3,30,33,156
2024-03-19 10:30:00,28,9,21,29,4,27,54,172
2024-03-19 10:40:00,37,4,19,35,2,39,40,176
2024-03-19 10:50:00,53,5,16,30,0,43,53,200
2024-03-19 11:00:00,41,8,27,33,9,29,44,191
2024-03-19 11:10:00,35,13,20,21,3,30,33,155
2024-03-19 11:20:00,39,4,21,21,4,28,44,161
2024-03-19 11:30:00,47,5,26,33,2,37,42,192
2024-03-19 11:40:00,56,6,22,26,3,44,39,196
2024-03-19 11:50:00,37,4,17,33,2,44,49,186
2024-03-19 12:00:00,53,8,18,29,9,39,46,202
2024-03-19 12:10:00,47,4,26,36,11,35,46,205
2024-03-19 12:20:00,50,8,23,33,4,40,46,204
2024-03-19 12:30:00,39,4,25,29,8,37,46,188
2024-03-19 12:40:00,46,3,24,32,12,46,52,215
2024-03-19 12:50:00,42,7,19,33,11,44,45,201
2024-03-19 13:00:00,48,5,22,25,10,39,37,186
2024-03-19 13:10:00,42,6,29,32,10,49,33,201
2024-03-19 13:20:00,32,6,18,27,17,53,46,199
2024-03-19 13:30:00,40,3,23,37,10,49,42,204
2024-03-19 13:40:00,56,6,18,30,9,30,50,199
2024-03-19 13:50:00,41,11,17,27,11,51,50,208
2024-03-19 14:00:00,49,8,25,22,13,32,34,183
2024-03-19 14:10:00,50,5,30,37,10,43,59,234
2024-03-19 14:20:00,42,4,19,33,10,53,56,217
2024-03-19 14:30:00,50,6,27,33,10,53,59,238
2024-03-19 14:40:00,41,8,32,27,10,35,57,210
2024-03-19 14:50:00,48,6,22,32,7,54,47,216
2024-03-19 15:00:00,70,8,26,30,16,53,60,263
2024-03-19 15:10:00,55,6,20,34,7,51,49,222
2024-03-19 15:20:00,44,7,23,26,9,51,57,217
2024-03-19 15:30:00,53,10,23,28,12,38,55,219
2024-03-19 15:40:00,57,7,40,41,9,45,58,257
2024-03-19 15:50:00,37,4,22,29,7,39,59,197
2024-03-19 16:00:00,65,10,33,26,14,34,40,222
2024-03-19 16:10:00,63,3,34,36,9,38,55,238
2024-03-19 16:20:00,71,4,31,36,11,74,80,307
2024-03-19 16:30:00,55,8,24,25,13,48,75,248
2024-03-19 16:40:00,44,16,39,29,3,52,58,241
2024-03-19 16:50:00,62,14,28,26,11,67,63,271
2024-03-19 17:00:00,37,7,28,42,8,48,55,225
2024-03-19 17:10:00,43,6,22,28,7,44,65,215
2024-03-19 17:20:00,42,6,20,19,6,60,66,219
2024-03-19 17:30:00,58,6,34,24,13,57,67,259
2024-03-19 17:40:00,47,8,24,14,14,53,49,209
2024-03-19 17:50:00,51,7,32,20,15,56,81,262
2024-03-19 18:00:00,38,9,38,15,11,43,48,202
2024-03-19 18:10:00,46,8,33,23,10,49,70,239
2024-03-19 18:20:00,38,3,24,21,5,50,80,221
2024-03-19 18:30:00,33,7,24,17,5,58,62,206
2024-03-19 18:40:00,33,8,30,19,8,49,49,196
2024-03-19 18:50:00,45,2,28,18,6,60,68,227
2024-03-19 19:00:00,45,7,26,13,4,44,45,184
2024-03-19 19:10:00,44,3,20,13,4,40,52,176
2024-03-19 19:20:00,29,2,19,11,1,42,34,138
2024-03-19 19:30:00,28,2,15,14,2,27,34,122
2024-03-19 19:40:00,35,4,19,23,2,35,38,156
2024-03-19 19:50:00,17,4,14,16,1,21,41,114
2024-03-19 20:00:00,27,3,13,12,0,25,35,115
2024-03-19 20:10:00,28,2,18,18,4,28,32,130
2024-03-19 20:20:00,23,3,10,15,0,18,17,86
2024-03-19 20:30:00,17,2,13,12,1,16,26,87
2024-03-19 20:40:00,14,3,12,16,3,8,21,77
2024-03-19 20:50:00,16,1,9,9,2,15,22,74
2024-03-19 21:00:00,19,2,10,17,0,27,31,106
2024-03-19 21:10:00,13,3,12,13,3,21,20,85
2024-03-19 21:20:00,14,2,12,11,3,23,19,84
2024-03-19 21:30:00,21,2,8,15,1,23,14,84
2024-03-19 21:40:00,11,2,8,9,4,18,16,68
2024-03-19 21:50:00,11,2,13,14,2,15,14,71
2024-03-19 22:00:00,8,2,8,7,0,9,16,50
2024-03-19 22:10:00,23,3,18,25,1,20,10,100
2024-03-19 22:20:00,5,2,6,14,1,9,20,57
2024-03-19 22:30:00,10,0,5,6,0,7,10,38
2024-03-19 22:40:00,4,2,4,12,1,7,12,42
2024-03-19 22:50:00,4,2,4,7,0,11,9,37
2024-03-19 23:00:00,6,0,4,10,1,10,12,43
2024-03-19 23:10:00,2,1,3,3,0,8,14,31
2024-03-19 23:20:00,6,0,3,6,0,4,8,27
2024-03-19 23:30:00,2,0,0,2,0,9,5,18
2024-03-19 23:40:00,2,0,6,8,0,6,4,26
2024-03-19 23:50:00,4,0,1,1,0,9,6,21
2024-03-20 00:00:00,3,0,2,3,0,4,3,15
2024-03-20 00:10:00,0,0,3,2,0,5,5,15
2024-03-20 00:20:00,7,0,0,2,0,5,2,16
2024-03-20 00:30:00,3,0,1,2,0,3,2,11
2024-03-20 00:40:00,1,0,1,2,0,3,1,8
2024-03-20 00:50:00,2,0,1,1,0,3,2,9
2024-03-20 01:00:00,1,0,1,3,0,0,2,7
2024-03-20 01:10:00,0,0,0,1,0,2,3,6
2024-03-20 01:20:00,4,0,0,0,0,2,4,10
2024-03-20 01:30:00,1,0,0,0,0,1,3,5
2024-03-20 01:40:00,1,1,1,1,0,0,1,5
2024-03-20 01:50:00,1,0,0,1,0,0,0,2
2024-03-20 02:00:00,0,0,0,2,0,2,2,6
2024-03-20 02:10:00,0,0,0,2,0,2,1,5
2024-03-20 02:20:00,0,0,2,3,0,2,1,8
2024-03-20 02:30:00,1,0,0,0,0,0,0,1
2024-03-20 02:40:00,1,0,1,1,0,2,1,6
2024-03-20 02:50:00,0,0,0,0,0,1,1,2
2024-03-20 03:00:00,3,0,0,1,0,0,0,4
2024-03-20 03:10:00,0,0,0,0,0,0,0,0
2024-03-20 03:20:00,3,0,2,2,2,1,2,12
2024-03-20 03:30:00,1,0,0,1,0,0,0,2
2024-03-20 03:40:00,1,0,0,1,0,1,0,3
2024-03-20 03:50:00,2,0,1,1,0,4,2,10
2024-03-20 04:00:00,2,0,1,2,0,2,1,8
2024-03-20 04:10:00,1,0,0,1,0,2,3,7
2024-03-20 04:20:00,3,1,1,3,0,1,0,9
2024-03-20 04:30:00,3,0,3,3,0,2,3,14
2024-03-20 04:40:00,4,0,4,8,1,2,6,25
2024-03-20 04:50:00,1,0,1,3,0,6,2,13
2024-03-20 05:00:00,7,0,2,4,1,7,7,28
2024-03-20 05:10:00,8,1,4,7,0,5,7,32
2024-03-20 05:20:00,11,1,3,9,0,13,2,39
2024-03-20 05:30:00,14,2,6,12,0,19,7,60
2024-03-20 05:40:00,13,0,9,16,1,12,9,60
2024-03-20 05:50:00,16,1,10,15,1,13,5,61
2024-03-20 06:00:00,22,1,6,16,0,3,13,61
2024-03-20 06:10:00,22,1,15,22,1,6,12,79
2024-03-20 06:20:00,33,0,12,20,0,17,15,97
2024-03-20 06:30:00,26,2,24,25,0,19,9,105
2024-03-20 06:40:00,32,3,27,33,0,25,20,140
2024-03-20 06:50:00,38,4,11,25,4,19,27,128
2024-03-20 07:00:00,48,5,19,26,2,20,36,156
2024-03-20 07:10:00,62,5,34,44,3,29,36,213
2024-03-20 07:20:00,81,6,30,49,1,42,42,251
2024-03-20 07:30:00,75,8,42,57,7,53,49,291
2024-03-20 07:40:00,79,9,49,39,14,91,48,329
2024-03-20 07:50:00,76,10,33,45,32,86,51,333
2024-03-20 08:00:00,69,9,33,36,13,57,54,271
2024-03-20 08:10:00,66,10,28,39,5,37,37,222
2024-03-20 08:20:00,79,4,28,40,1,39,54,245
2024-03-20 08:30:00,68,6,18,29,2,42,49,214
2024-03-20 08:40:00,58,10,26,32,3,53,47,229
2024-03-20 08:50:00,70,10,23,31,9,42,40,225
2024-03-20 09:00:00,50,6,25,32,4,45,35,197
2024-03-20 09:10:00,40,5,33,36,2,41,35,192
2024-03-20 09:20:00,45,4,30,37,2,34,38,190
2024-03-20 09:30:00,45,6,19,29,5,28,43,175
2024-03-20 09:40:00,58,6,27,37,6,24,46,204
2024-03-20 09:50:00,66,8,16,23,4,46,42,205
2024-03-20 10:00:00,45,3,30,40,4,23,43,188
2024-03-20 10:10:00,43,2,22,22,6,31,37,163
2024-03-20 10:20:00,55,2,20,25,1,24,36,163
2024-03-20 10:30:00,44,6,22,26,2,26,45,171
2024-03-20 10:40:00,40,5,27,25,4,48,35,184
2024-03-20 10:50:00,40,1,24,23,3,38,41,170
2024-03-20 11:00:00,39,4,22,34,2,30,29,160
2024-03-20 11:10:00,34,5,27,30,4,41,40,181
2024-03-20 11:20:00,45,7,22,23,6,44,45,192
2024-03-20 11:30:00,49,5,24,36,5,37,40,196
2024-03-20 11:40:00,59,6,27,41,3,52,44,232
2024-03-20 11:50:00,45,10,22,22,6,57,40,202
2024-03-20 12:00:00,50,6,19,21,9,41,51,197
2024-03-20 12:10:00,45,5,18,37,9,26,51,191
2024-03-20 12:20:00,47,10,27,33,3,43,55,218
2024-03-20 12:30:00,41,2,26,34,10,40,44,197
2024-03-20 12:40:00,51,10,23,32,8,36,48,208
2024-03-20 12:50:00,59,5,24,28,5,44,42,207
2024-03-20 13:00:00,46,8,34,33,9,45,53,228
2024-03-20 13:10:00,46,9,21,31,11,59,39,216
2024-03-20 13:20:00,31,3,28,39,15,51,55,222
2024-03-20 13:30:00,45,10,24,42,10,44,62,237
2024-03-20 13:40:00,66,4,24,27,8,51,41,221
2024-03-20 13:50:00,60,4,15,31,7,43,45,205
2024-03-20 14:00:00,58,6,24,31,13,44,37,213
2024-03-20 14:10:00,54,6,34,33,16,46,45,234
2024-03-20 14:20:00,44,16,31,28,8,48,59,234
2024-03-20 14:30:00,45,6,24,24,11,48,56,214
2024-03-20 14:40:00,57,5,21,34,5,41,59,222
2024-03-20 14:50:00,47,3,16,28,6,57,56,213
2024-03-20 15:00:00,52,8,27,28,16,44,50,225
2024-03-20 15:10:00,55,8,29,28,12,50,53,235
2024-03-20 15:20:00,52,2,33,35,12,59,51,244
2024-03-20 15:30:00,53,3,32,31,18,57,51,245
2024-03-20 15:40:00,50,6,28,28,14,46,56,228
2024-03-20 15:50:00,41,7,27,30,14,50,67,236
2024-03-20 16:00:00,61,4,27,26,12,36,60,226
2024-03-20 16:10:00,59,7,38,40,8,47,51,250
2024-03-20 16:20:00,53,10,24,23,14,50,60,234
2024-03-20 16:30:00,42,9,31,31,16,55,66,250
2024-03-20 16:40:00,54,10,22,36,10,76,59,267
2024-03-20 16:50:00,57,9,32,23,8,60,68,257
2024-03-20 17:00:00,47,6,20,27,10,52,73,235
2024-03-20 17:10:00,57,13,29,47,6,64,55,271
2024-03-20 17:20:00,40,11,37,35,16,81,73,293
2024-03-20 17:30:00,56,5,28,37,9,74,73,282
2024-03-20 17:40:00,38,9,29,31,9,61,67,244
2024-03-20 17:50:00,48,14,29,27,8,56,72,254
2024-03-20 18:00:00,50,4,27,36,7,63,75,262
2024-03-20 18:10:00,55,9,27,40,6,62,58,257
2024-03-20 18:20:00,41,5,23,29,10,52,61,221
2024-03-20 18:30:00,50,8,22,24,5,50,57,216
2024-03-20 18:40:00,47,8,21,26,2,37,41,182
2024-03-20 18:50:00,36,5,16,18,4,52,53,184
2024-03-20 19:00:00,34,7,27,25,8,33,58,192
2024-03-20 19:10:00,47,4,17,18,17,34,47,184
2024-03-20 19:20:00,24,8,19,22,24,29,47,173
2024-03-20 19:30:00,33,1,15,20,11,38,43,161
2024-03-20 19:40:00,39,0,13,18,4,26,29,129
2024-03-20 19:50:00,25,4,8,7,3,27,35,109
2024-03-20 20:00:00,21,6,11,25,1,21,33,118
2024-03-20 20:10:00,24,2,15,18,3,28,19,109
2024-03-20 20:20:00,21,3,11,15,2,25,39,116
2024-03-20 20:30:00,14,2,13,14,1,15,31,90
2024-03-20 20:40:00,19,3,11,16,1,20,25,95
2024-03-20 20:50:00,16,2,12,17,1,10,15,73
2024-03-20 21:00:00,12,2,6,11,0,20,23,74
2024-03-20 21:10:00,18,0,10,14,0,23,12,77
2024-03-20 21:20:00,14,0,11,12,0,20,19,76
2024-03-20 21:30:00,17,2,9,18,6,36,24,112
2024-03-20 21:40:00,17,3,13,21,2,24,19,99
2024-03-20 21:50:00,11,1,7,11,1,17,17,65
2024-03-20 22:00:00,12,0,5,13,0,13,21,64
2024-03-20 22:10:00,20,2,16,34,0,14,17,103
2024-03-20 22:20:00,8,1,7,12,1,14,17,60
2024-03-20 22:30:00,9,2,4,9,0,10,18,52
2024-03-20 22:40:00,2,1,7,12,1,15,15,53
2024-03-20 22:50:00,9,0,1,6,1,9,12,38
2024-03-20 23:00:00,17,2,3,5,0,6,8,41
2024-03-20 23:10:00,3,0,4,5,1,12,15,40
2024-03-20 23:20:00,8,0,2,6,1,10,10,37
2024-03-20 23:30:00,7,0,1,2,0,5,5,20
2024-03-20 23:40:00,3,0,4,10,0,6,7,30
2024-03-20 23:50:00,6,1,0,1,0,2,6,16
2024-03-21 00:00:00,3,0,2,5,1,2,3,16
2024-03-21 00:10:00,5,0,1,1,0,7,7,21
2024-03-21 00:20:00,3,1,0,1,0,2,4,11
2024-03-21 00:30:00,5,0,0,1,0,3,4,13
2024-03-21 00:40:00,3,1,4,4,0,1,3,16
2024-03-21 00:50:00,1,0,0,2,0,2,0,5
2024-03-21 01:00:00,0,0,2,2,0,0,1,5
2024-03-21 01:10:00,3,0,0,0,0,1,1,5
2024-03-21 01:20:00,2,0,0,0,0,1,0,3
2024-03-21 01:30:00,1,0,0,0,0,1,2,4
2024-03-21 01:40:00,2,0,1,2,0,2,0,7
2024-03-21 01:50:00,2,1,0,2,0,4,1,10
2024-03-21 02:00:00,1,0,0,1,0,2,2,6
2024-03-21 02:10:00,0,0,0,0,0,1,2,3
2024-03-21 02:20:00,2,0,1,1,0,1,2,7
2024-03-21 02:30:00,1,1,0,1,1,0,1,5
2024-03-21 02:40:00,4,0,1,2,0,0,2,9
2024-03-21 02:50:00,1,0,0,1,0,2,0,4
2024-03-21 03:00:00,0,0,0,2,0,1,2,5
2024-03-21 03:10:00,0,0,1,2,0,1,2,6
2024-03-21 03:20:00,0,0,0,0,0,1,1,2
2024-03-21 03:30:00,4,0,1,2,0,0,2,9
2024-03-21 03:40:00,2,0,0,1,0,1,1,5
2024-03-21 03:50:00,0,0,2,1,0,6,1,10
2024-03-21 04:00:00,2,1,2,3,0,2,2,12
2024-03-21 04:10:00,1,1,2,2,0,3,3,12
2024-03-21 04:20:00,4,0,1,2,1,2,4,14
2024-03-21 04:30:00,4,0,2,5,1,1,2,15
2024-03-21 04:40:00,1,0,1,4,0,2,3,11
2024-03-21 04:50:00,2,0,0,3,0,7,7,19
2024-03-21 05:00:00,6,1,3,7,0,3,7,27
2024-03-21 05:10:00,6,2,6,10,0,6,5,35
2024-03-21 05:20:00,11,0,3,6,0,14,5,39
2024-03-21 05:30:00,13,0,9,9,1,15,12,59
2024-03-21 05:40:00,13,1,12,25,1,19,4,75
2024-03-21 05:50:00,17,2,4,17,2,11,5,58
2024-03-21 06:00:00,17,2,12,19,0,8,7,65
2024-03-21 06:10:00,26,0,15,22,0,15,10,88
2024-03-21 06:20:00,20,1,16,29,0,13,20,99
2024-03-21 06:30:00,29,0,19,36,0,20,18,122
2024-03-21 06:40:00,56,4,26,35,2,19,20,162
2024-03-21 06:50:00,48,4,18,34,0,17,28,149
2024-03-21 07:00:00,47,5,20,32,3,19,21,147
2024-03-21 07:10:00,54,10,28,45,2,41,55,235
2024-03-21 07:20:00,69,5,26,46,2,50,49,247
2024-03-21 07:30:00,84,6,39,48,9,56,41,283
2024-03-21 07:40:00,77,9,41,50,18,105,46,346
2024-03-21 07:50:00,64,15,41,40,33,71,53,317
2024-03-21 08:00:00,57,10,39,39,24,37,42,248
2024-03-21 08:10:00,58,11,38,47,2,46,41,243
2024-03-21 08:20:00,62,6,33,47,8,32,40,228
2024-03-21 08:30:00,62,7,25,31,7,30,37,199
2024-03-21 08:40:00,60,7,31,45,2,32,56,233
2024-03-21 08:50:00,61,4,27,44,4,46,54,240
2024-03-21 09:00:00,52,7,22,28,4,40,32,185
2024-03-21 09:10:00,46,11,25,23,2,36,43,186
2024-03-21 09:20:00,46,7,24,31,2,47,46,203
2024-03-21 09:30:00,64,5,22,23,4,29,44,191
2024-03-21 09:40:00,44,6,11,43,3,33,48,188
2024-03-21 09:50:00,58,3,12,31,4,50,56,214
2024-03-21 10:00:00,50,4,28,32,3,36,29,182
2024-03-21 10:10:00,50,6,20,24,6,24,42,172
2024-03-21 10:20:00,46,4,27,34,4,38,42,195
2024-03-21 10:30:00,64,3,25,41,4,38,31,206
2024-03-21 10:40:00,53,7,22,34,2,36,43,197
2024-03-21 10:50:00,39,6,29,29,6,40,50,199
2024-03-21 11:00:00,50,7,23,27,4,21,43,175
2024-03-21 11:10:00,50,5,23,25,4,41,41,189
2024-03-21 11:20:00,46,3,29,40,2,44,38,202
2024-03-21 11:30:00,49,9,22,29,5,36,39,189
2024-03-21 11:40:00,51,7,28,26,7,42,51,212
2024-03-21 11:50:00,40,3,29,38,4,50,43,207
2024-03-21 12:00:00,43,10,27,27,10,34,41,192
2024-03-21 12:10:00,44,4,21,25,18,44,47,203
2024-03-21 12:20:00,60,11,15,25,6,49,57,223
2024-03-21 12:30:00,48,4,31,34,7,42,45,211
2024-03-21 12:40:00,56,6,26,23,7,46,54,218
2024-03-21 12:50:00,49,13,21,21,9,45,46,204
2024-03-21 13:00:00,48,4,20,37,3,47,38,197
2024-03-21 13:10:00,57,7,22,31,6,44,35,202
2024-03-21 13:20:00,40,5,30,30,32,58,53,248
2024-03-21 13:30:00,54,5,24,31,9,58,63,244
2024-03-21 13:40:00,49,6,25,39,7,39,52,217
2024-03-21 13:50:00,54,8,24,22,3,46,66,223
2024-03-21 14:00:00,60,8,27,39,8,41,45,228
2024-03-21 14:10:00,53,4,28,43,8,48,51,235
2024-03-21 14:20:00,51,3,29,36,9,40,64,232
2024-03-21 14:30:00,56,4,18,34,11,38,60,221
2024-03-21 14:40:00,48,9,32,34,7,59,60,249
2024-03-21 14:50:00,55,4,24,27,8,53,60,231
2024-03-21 15:00:00,49,5,24,40,13,55,57,243
2024-03-21 15:10:00,67,14,24,25,7,41,62,240
2024-03-21 15:20:00,53,10,35,40,9,44,58,249
2024-03-21 15:30:00,58,8,34,35,12,39,59,245
2024-03-21 15:40:00,60,3,25,23,4,60,68,243
2024-03-21 15:50:00,53,6,29,47,2,49,56,242
2024-03-21 16:00:00,53,7,33,39,13,56,57,258
2024-03-21 16:10:00,66,7,21,30,7,45,65,241
2024-03-21 16:20:00,47,4,23,38,13,69,56,250
2024-03-21 16:30:00,49,8,27,24,9,50,62,229
2024-03-21 16:40:00,59,8,41,29,2,49,59,247
2024-03-21 16:50:00,54,9,28,26,11,44,64,236
2024-03-21 17:00:00,47,12,30,38,14,60,80,281
2024-03-21 17:10:00,62,5,33,34,13,74,75,296
2024-03-21 17:20:00,57,7,27,27,7,63,71,259
2024-03-21 17:30:00,48,12,30,32,9,61,58,250
2024-03-21 17:40:00,51,11,31,25,6,59,56,239
2024-03-21 17:50:00,42,6,31,32,5,50,58,224
2024-03-21 18:00:00,55,13,28,30,10,51,71,258
2024-03-21 18:10:00,62,6,18,27,4,51,64,232
2024-03-21 18:20:00,50,7,21,28,2,58,69,235
2024-03-21 18:30:00,53,4,31,34,5,49,65,241
2024-03-21 18:40:00,42,10,21,23,6,54,59,215
2024-03-21 18:50:00,35,6,21,20,6,36,54,178
2024-03-21 19:00:00,32,6,22,35,2,30,42,169
2024-03-21 19:10:00,42,2,20,19,3,34,50,170
2024-03-21 19:20:00,29,8,21,23,3,37,48,169
2024-03-21 19:30:00,26,3,23,34,1,40,49,176
2024-03-21 19:40:00,34,6,16,22,3,26,45,152
2024-03-21 19:50:00,32,10,21,28,3,35,37,166
2024-03-21 20:00:00,19,4,19,28,0,30,39,139
2024-03-21 20:10:00,27,5,3,18,1,27,30,111
2024-03-21 20:20:00,22,4,10,31,0,30,37,134
2024-03-21 20:30:00,20,6,2,23,0,14,30,95
2024-03-21 20:40:00,14,3,3,25,2,23,18,88
2024-03-21 20:50:00,18,1,13,20,0,16,21,89
2024-03-21 21:00:00,25,3,7,13,0,25,18,91
2024-03-21 21:10:00,15,2,16,23,1,18,16,91
2024-03-21 21:20:00,10,2,11,18,0,28,19,88
2024-03-21 21:30:00,19,1,8,11,0,12,24,75
2024-03-21 21:40:00,14,5,9,18,0,17,16,79
2024-03-21 21:50:00,19,2,3,11,1,11,23,70
2024-03-21 22:00:00,15,0,8,14,1,15,14,67
2024-03-21 22:10:00,19,2,17,37,0,18,17,110
2024-03-21 22:20:00,21,1,11,18,0,20,24,95
2024-03-21 22:30:00,6,2,9,18,0,9,17,61
2024-03-21 22:40:00,10,1,8,12,0,17,21,69
2024-03-21 22:50:00,10,0,6,13,0,12,12,53
2024-03-21 23:00:00,4,0,2,6,0,7,15,34
2024-03-21 23:10:00,7,0,4,7,0,12,7,37
2024-03-21 23:20:00,7,0,1,5,2,4,8,27
2024-03-21 23:30:00,5,0,3,6,1,7,4,26
2024-03-21 23:40:00,5,0,2,5,0,6,4,22
2024-03-21 23:50:00,4,1,0,3,0,5,8,21
2024-03-22 00:00:00,1,0,1,1,1,4,7,15
2024-03-22 00:10:00,2,1,1,3,0,5,4,16
2024-03-22 00:20:00,1,0,1,2,1,3,8,16
2024-03-22 00:30:00,2,2,0,1,0,2,5,12
2024-03-22 00:40:00,1,0,1,2,0,3,5,12
2024-03-22 00:50:00,0,0,0,1,0,3,5,9
2024-03-22 01:00:00,2,0,3,3,0,0,3,11
2024-03-22 01:10:00,2,0,1,1,0,3,3,10
2024-03-22 01:20:00,0,0,0,1,0,1,1,3
2024-03-22 01:30:00,4,1,1,1,0,4,3,14
2024-03-22 01:40:00,0,0,1,2,0,2,2,7
2024-03-22 01:50:00,0,0,0,4,0,2,3,9
2024-03-22 02:00:00,0,0,2,3,0,6,2,13
2024-03-22 02:10:00,1,0,0,2,0,1,1,5
2024-03-22 02:20:00,2,1,1,2,0,1,1,8
2024-03-22 02:30:00,4,0,0,0,0,2,2,8
2024-03-22 02:40:00,1,0,0,1,0,1,0,3
2024-03-22 02:50:00,0,0,0,1,0,3,0,4
2024-03-22 03:00:00,0,0,0,0,1,0,1,2
2024-03-22 03:10:00,0,0,1,3,0,2,1,7
2024-03-22 03:20:00,2,0,0,0,0,0,0,2
2024-03-22 03:30:00,1,0,1,2,0,2,2,8
2024-03-22 03:40:00,1,0,1,2,0,3,3,10
2024-03-22 03:50:00,1,0,2,2,0,4,0,9
2024-03-22 04:00:00,3,0,1,1,0,3,3,11
2024-03-22 04:10:00,3,0,1,0,0,5,2,11
2024-03-22 04:20:00,3,1,2,4,0,0,1,11
2024-03-22 04:30:00,1,0,1,3,0,2,1,8
2024-03-22 04:40:00,1,0,1,3,0,1,7,13
2024-03-22 04:50:00,3,0,1,3,0,4,1,12
2024-03-22 05:00:00,7,0,3,6,0,4,5,25
2024-03-22 05:10:00,7,4,4,8,0,3,4,30
2024-03-22 05:20:00,13,0,4,13,0,15,6,51
2024-03-22 05:30:00,12,0,9,17,1,18,6,63
2024-03-22 05:40:00,9,0,9,13,0,16,9,56
2024-03-22 05:50:00,11,1,11,20,1,9,8,61
2024-03-22 06:00:00,9,1,7,11,0,11,11,50
2024-03-22 06:10:00,22,0,11,24,1,13,6,77
2024-03-22 06:20:00,22,3,11,27,0,6,7,76
2024-03-22 06:30:00,26,3,19,36,0,18,16,118
2024-03-22 06:40:00,28,4,30,45,1,25,21,154
2024-03-22 06:50:00,32,3,18,36,3,21,26,139
2024-03-22 07:00:00,44,7,22,34,2,19,30,158
2024-03-22 07:10:00,50,9,19,32,3,30,31,174
2024-03-22 07:20:00,56,7,33,40,3,38,36,213
2024-03-22 07:30:00,79,3,26,28,5,55,52,248
2024-03-22 07:40:00,62,11,46,51,21,82,46,319
2024-03-22 07:50:00,67,12,35,37,35,61,44,291
2024-03-22 08:00:00,53,10,31,39,10,30,34,207
2024-03-22 08:10:00,77,12,28,40,7,36,37,237
2024-03-22 08:20:00,46,6,31,33,2,48,46,212
2024-03-22 08:30:00,41,6,18,23,3,35,42,168
2024-03-22 08:40:00,48,9,27,31,5,34,52,206
2024-03-22 08:50:00,50,9,27,27,5,56,44,218
2024-03-22 09:00:00,61,8,35,36,6,34,42,222
2024-03-22 09:10:00,51,9,24,32,3,41,48,208
2024-03-22 09:20:00,53,7,28,28,9,38,46,209
2024-03-22 09:30:00,39,7,46,45,2,32,52,223
2024-03-22 09:40:00,43,9,26,25,4,54,61,222
2024-03-22 09:50:00,46,9,27,27,7,42,52,210
2024-03-22 10:00:00,58,7,30,32,5,40,47,219
2024-03-22 10:10:00,62,9,24,18,5,41,46,205
2024-03-22 10:20:00,51,13,28,36,5,42,43,218
2024-03-22 10:30:00,45,5,33,29,0,46,58,216
2024-03-22 10:40:00,57,8,36,36,4,32,56,229
2024-03-22 10:50:00,54,9,32,25,7,43,57,227
2024-03-22 11:00:00,53,4,33,27,4,37,50,208
2024-03-22 11:10:00,69,7,40,32,1,39,51,239
2024-03-22 11:20:00,54,8,24,38,5,32,53,214
2024-03-22 11:30:00,47,9,26,36,2,44,60,224
2024-03-22 11:40:00,46,5,23,37,5,54,64,234
2024-03-22 11:50:00,51,11,36,37,1,56,63,255
2024-03-22 12:00:00,57,14,31,34,9,54,58,257
2024-03-22 12:10:00,60,7,37,32,13,46,53,248
2024-03-22 12:20:00,59,4,30,34,5,52,50,234
2024-03-22 12:30:00,53,14,29,35,11,45,54,241
2024-03-22 12:40:00,50,6,34,44,12,52,51,249
2024-03-22 12:50:00,70,5,19,32,6,43,54,229
2024-03-22 13:00:00,63,8,32,30,6,58,53,250
2024-03-22 13:10:00,52,7,25,37,12,49,45,227
2024-03-22 13:20:00,64,11,23,28,10,63,67,266
2024-03-22 13:30:00,66,7,36,37,14,57,44,261
2024-03-22 13:40:00,58,9,34,31,9,60,57,258
2024-03-22 13:50:00,53,7,27,37,3,53,66,246
2024-03-22 14:00:00,59,8,21,20,9,46,45,208
2024-03-22 14:10:00,65,3,36,42,10,43,50,249
2024-03-22 14:20:00,54,7,24,27,13,40,59,224
2024-03-22 14:30:00,54,5,21,37,9,48,47,221
2024-03-22 14:40:00,55,5,23,41,6,59,59,248
2024-03-22 14:50:00,53,5,23,32,5,55,69,242
2024-03-22 15:00:00,52,10,33,31,11,47,52,236
2024-03-22 15:10:00,49,6,30,39,7,56,56,243
2024-03-22 15:20:00,74,2,27,27,10,64,53,257
2024-03-22 15:30:00,63,5,24,34,6,48,54,234
2024-03-22 15:40:00,44,12,28,32,13,48,62,239
2024-03-22 15:50:00,52,5,30,32,9,50,57,235
2024-03-22 16:00:00,52,7,23,33,10,64,66,255
2024-03-22 16:10:00,55,4,27,38,2,39,38,203
2024-03-22 16:20:00,51,11,24,23,7,43,56,215
2024-03-22 16:30:00,50,11,34,24,5,40,50,214
2024-03-22 16:40:00,53,2,30,39,6,50,64,244
2024-03-22 16:50:00,46,6,26,35,6,49,75,243
2024-03-22 17:00:00,56,4,18,30,9,45,57,219
2024-03-22 17:10:00,53,2,41,38,7,57,44,242
2024-03-22 17:20:00,57,3,41,28,3,48,62,242
2024-03-22 17:30:00,40,6,41,32,6,55,46,226
2024-03-22 17:40:00,48,7,37,33,3,38,59,225
2024-03-22 17:50:00,47,5,28,26,1,63,67,237
2024-03-22 18:00:00,43,3,28,30,3,41,48,196
2024-03-22 18:10:00,53,8,29,29,1,54,60,234
2024-03-22 18:20:00,60,4,20,22,7,47,38,198
2024-03-22 18:30:00,33,2,12,16,1,24,39,127
2024-03-22 18:40:00,14,6,15,11,3,10,19,78
2024-03-22 18:50:00,16,3,12,12,3,18,21,85
2024-03-22 19:00:00,35,8,15,21,8,40,51,178
2024-03-22 19:10:00,37,2,18,30,3,35,50,175
2024-03-22 19:20:00,27,2,14,21,5,34,37,140
2024-03-22 19:30:00,32,1,10,15,1,28,23,110
2024-03-22 19:40:00,27,5,15,25,1,20,35,128
2024-03-22 19:50:00,20,1,19,27,3,31,31,132
2024-03-22 20:00:00,23,5,7,20,1,20,29,105
2024-03-22 20:10:00,23,6,14,17,2,23,40,125
2024-03-22 20:20:00,22,4,8,14,1,23,24,96
2024-03-22 20:30:00,20,1,18,19,1,24,21,104
2024-03-22 20:40:00,20,2,19,26,0,26,32,125
2024-03-22 20:50:00,28,0,18,26,1,21,32,126
2024-03-22 21:00:00,19,5,11,11,0,17,24,87
2024-03-22 21:10:00,24,1,15,21,3,15,16,95
2024-03-22 21:20:00,20,2,10,15,1,19,28,95
2024-03-22 21:30:00,10,1,9,10,0,20,26,76
2024-03-22 21:40:00,23,0,4,10,1,10,19,67
2024-03-22 21:50:00,15,0,13,15,0,11,16,70
2024-03-22 22:00:00,7,2,2,7,0,13,18,49
2024-03-22 22:10:00,23,2,5,34,4,19,14,101
2024-03-22 22:20:00,11,1,9,23,2,14,17,77
2024-03-22 22:30:00,13,8,10,24,2,9,17,83
2024-03-22 22:40:00,10,3,3,9,0,13,14,52
2024-03-22 22:50:00,11,0,8,15,0,16,18,68
2024-03-22 23:00:00,9,1,5,17,0,17,21,70
2024-03-22 23:10:00,11,0,8,15,1,10,15,60
2024-03-22 23:20:00,7,0,2,6,0,14,7,36
2024-03-22 23:30:00,4,0,4,7,0,11,10,36
2024-03-22 23:40:00,7,2,4,13,1,6,13,46
2024-03-22 23:50:00,2,0,4,4,0,12,4,26
2024-03-23 00:00:00,11,1,3,7,0,5,7,34
2024-03-23 00:10:00,3,1,2,7,0,5,8,26
2024-03-23 00:20:00,4,0,0,6,0,5,5,20
2024-03-23 00:30:00,4,0,2,3,0,11,6,26
2024-03-23 00:40:00,3,0,1,3,0,4,3,14
2024-03-23 00:50:00,4,0,1,3,0,3,6,17
2024-03-23 01:00:00,5,1,1,2,0,5,9,23
2024-03-23 01:10:00,3,0,0,1,0,5,3,12
2024-03-23 01:20:00,0,2,1,3,1,7,8,22
2024-03-23 01:30:00,6,0,1,3,0,5,8,23
2024-03-23 01:40:00,4,0,2,1,2,5,7,21
2024-03-23 01:50:00,4,1,0,3,0,3,0,11
2024-03-23 02:00:00,0,1,1,1,0,0,3,6
2024-03-23 02:10:00,3,0,1,1,0,2,3,10
2024-03-23 02:20:00,0,0,1,2,0,2,1,6
2024-03-23 02:30:00,2,0,0,1,0,1,2,6
2024-03-23 02:40:00,2,0,3,4,0,3,0,12
2024-03-23 02:50:00,3,0,1,2,0,5,0,11
2024-03-23 03:00:00,1,0,1,1,0,5,4,12
2024-03-23 03:10:00,1,0,0,1,0,4,3,9
2024-03-23 03:20:00,2,0,0,2,0,3,0,7
2024-03-23 03:30:00,2,0,3,3,0,0,2,10
2024-03-23 03:40:00,1,0,0,0,0,2,1,4
2024-03-23 03:50:00,2,0,2,2,0,2,1,9
2024-03-23 04:00:00,3,0,1,1,0,5,1,11
2024-03-23 04:10:00,2,0,1,1,0,3,2,9
2024-03-23 04:20:00,7,0,2,4,1,1,3,18
2024-03-23 04:30:00,2,0,1,1,0,3,1,8
2024-03-23 04:40:00,5,1,1,2,0,2,5,16
2024-03-23 04:50:00,2,0,1,2,0,4,2,11
2024-03-23 05:00:00,4,0,2,4,0,0,3,13
2024-03-23 05:10:00,9,0,2,3,0,6,4,24
2024-03-23 05:20:00,8,1,0,1,0,2,2,14
2024-03-23 05:30:00,6,0,3,6,0,4,0,19
2024-03-23 05:40:00,5,0,1,2,2,4,1,15
2024-03-23 05:50:00,4,0,1,4,0,5,6,20
2024-03-23 06:00:00,4,0,3,4,0,6,5,22
2024-03-23 06:10:00,7,0,5,11,0,8,7,38
2024-03-23 06:20:00,7,1,2,5,0,1,5,21
2024-03-23 06:30:00,4,1,3,8,0,5,5,26
2024-03-23 06:40:00,6,0,8,11,0,8,8,41
2024-03-23 06:50:00,17,1,5,10,0,11,8,52
2024-03-23 07:00:00,11,0,7,13,0,9,7,47
2024-03-23 07:10:00,14,0,6,12,0,9,5,46
2024-03-23 07:20:00,16,2,7,12,1,6,11,55
2024-03-23 07:30:00,10,0,9,15,0,9,9,52
2024-03-23 07:40:00,17,1,15,22,0,8,9,72
2024-03-23 07:50:00,18,2,11,16,0,9,9,65
2024-03-23 08:00:00,21,1,11,21,1,11,10,76
2024-03-23 08:10:00,26,2,11,25,1,16,14,95
2024-03-23 08:20:00,26,2,15,17,2,19,25,106
2024-03-23 08:30:00,34,6,21,23,0,13,10,107
2024-03-23 08:40:00,36,1,11,17,0,17,25,107
2024-03-23 08:50:00,40,2,14,19,1,29,22,127
2024-03-23 09:00:00,38,3,13,17,3,24,18,116
2024-03-23 09:10:00,42,7,21,35,2,22,24,153
2024-03-23 09:20:00,34,3,28,37,1,24,30,157
2024-03-23 09:30:00,40,5,23,25,3,15,38,149
2024-03-23 09:40:00,47,10,17,19,2,35,46,176
2024-03-23 09:50:00,37,5,30,29,5,26,45,177
2024-03-23 10:00:00,49,4,21,31,7,29,36,177
2024-03-23 10:10:00,44,3,25,40,3,20,43,178
2024-03-23 10:20:00,49,1,28,33,1,18,49,179
2024-03-23 10:30:00,42,4,27,40,3,42,34,192
2024-03-23 10:40:00,47,4,15,29,3,27,30,155
2024-03-23 10:50:00,47,5,23,35,2,41,55,208
2024-03-23 11:00:00,53,5,22,32,1,27,28,168
2024-03-23 11:10:00,45,4,27,38,2,26,31,173
2024-03-23 11:20:00,51,3,27,31,2,34,37,185
2024-03-23 11:30:00,48,5,20,35,2,22,41,173
2024-03-23 11:40:00,55,4,29,41,2,39,42,212
2024-03-23 11:50:00,41,6,22,39,3,39,45,195
2024-03-23 12:00:00,49,4,35,46,2,40,54,230
2024-03-23 12:10:00,65,3,26,44,1,39,54,232
2024-03-23 12:20:00,46,7,25,32,1,37,47,195
2024-03-23 12:30:00,48,4,26,27,3,50,44,202
2024-03-23 12:40:00,53,2,20,30,5,45,44,199
2024-03-23 12:50:00,59,2,24,37,0,39,48,209
2024-03-23 13:00:00,52,5,24,28,9,48,36,202
2024-03-23 13:10:00,49,6,24,33,1,26,41,180
2024-03-23 13:20:00,44,5,24,51,1,33,34,192
2024-03-23 13:30:00,38,5,19,30,5,38,34,169
2024-03-23 13:40:00,45,7,21,18,4,28,53,176
2024-03-23 13:50:00,39,5,20,38,2,27,45,176
2024-03-23 14:00:00,55,14,31,38,4,37,42,221
2024-03-23 14:10:00,36,2,24,34,4,42,34,176
2024-03-23 14:20:00,55,6,29,40,0,31,49,210
2024-03-23 14:30:00,44,3,25,37,5,34,50,198
2024-03-23 14:40:00,45,3,20,33,1,32,57,191
2024-03-23 14:50:00,43,9,26,43,3,51,39,214
2024-03-23 15:00:00,35,4,21,36,2,28,37,163
2024-03-23 15:10:00,31,5,10,17,2,35,63,163
2024-03-23 15:20:00,41,3,22,24,1,31,43,165
2024-03-23 15:30:00,37,2,25,26,1,29,33,153
2024-03-23 15:40:00,43,5,20,31,2,23,45,169
2024-03-23 15:50:00,37,5,14,26,1,34,42,159
2024-03-23 16:00:00,37,5,19,27,1,43,55,187
2024-03-23 16:10:00,33,2,25,32,1,36,48,177
2024-03-23 16:20:00,39,2,10,26,4,42,27,150
2024-03-23 16:30:00,38,4,21,18,4,36,36,157
2024-03-23 16:40:00,52,4,17,30,0,31,46,180
2024-03-23 16:50:00,44,2,15,28,1,35,39,164
2024-03-23 17:00:00,49,6,18,32,0,29,46,180
2024-03-23 17:10:00,38,6,15,31,1,18,45,154
2024-03-23 17:20:00,42,4,30,33,1,34,39,183
2024-03-23 17:30:00,33,4,17,27,0,29,35,145
2024-03-23 17:40:00,31,9,17,21,5,30,48,161
2024-03-23 17:50:00,33,5,17,20,1,49,42,167
2024-03-23 18:00:00,52,5,17,24,3,39,39,179
2024-03-23 18:10:00,37,6,22,25,2,42,44,178
2024-03-23 18:20:00,43,7,17,23,2,34,45,171
2024-03-23 18:30:00,36,7,15,26,1,34,57,176
2024-03-23 18:40:00,35,2,16,25,3,33,45,159
2024-03-23 18:50:00,28,7,11,11,3,33,38,131
2024-03-23 19:00:00,35,3,11,26,2,27,38,142
2024-03-23 19:10:00,26,3,12,18,0,24,34,117
2024-03-23 19:20:00,26,4,12,18,3,22,30,115
2024-03-23 19:30:00,21,1,12,22,0,22,41,119
2024-03-23 19:40:00,11,2,6,14,0,20,23,76
2024-03-23 19:50:00,29,4,11,14,1,25,32,116
2024-03-23 20:00:00,23,4,10,10,0,15,29,91
2024-03-23 20:10:00,26,3,12,19,0,13,24,97
2024-03-23 20:20:00,28,3,10,17,0,19,29,106
2024-03-23 20:30:00,17,3,10,12,0,13,31,86
2024-03-23 20:40:00,21,2,14,15,1,17,18,88
2024-03-23 20:50:00,16,5,7,11,0,10,15,64
2024-03-23 21:00:00,19,5,9,18,0,22,25,98
2024-03-23 21:10:00,14,4,12,18,0,10,25,83
2024-03-23 21:20:00,18,1,9,16,1,10,16,71
2024-03-23 21:30:00,7,0,4,3,1,18,21,54
2024-03-23 21:40:00,15,0,10,14,0,15,18,72
2024-03-23 21:50:00,18,2,5,10,0,10,18,63
2024-03-23 22:00:00,6,2,5,14,1,15,10,53
2024-03-23 22:10:00,7,1,6,9,1,10,16,50
2024-03-23 22:20:00,18,1,4,11,0,13,12,59
2024-03-23 22:30:00,18,0,7,16,0,11,14,66
2024-03-23 22:40:00,4,2,9,20,0,9,17,61
2024-03-23 22:50:00,14,0,1,6,1,14,12,48
2024-03-23 23:00:00,13,1,4,8,2,12,11,51
2024-03-23 23:10:00,14,1,3,9,0,9,9,45
2024-03-23 23:20:00,9,0,3,6,1,11,12,42
2024-03-23 23:30:00,10,1,0,7,0,13,12,43
2024-03-23 23:40:00,3,0,5,10,1,9,10,38
2024-03-23 23:50:00,4,1,2,5,0,6,8,26
2024-03-24 00:00:00,12,0,2,5,0,13,15,47
2024-03-24 00:10:00,5,1,5,13,0,10,8,42
2024-03-24 00:20:00,3,1,2,5,0,6,8,25
2024-03-24 00:30:00,6,0,3,5,0,8,14,36
2024-03-24 00:40:00,2,2,2,6,1,4,11,28
2024-03-24 00:50:00,5,0,1,4,0,5,7,22
2024-03-24 01:00:00,5,3,2,6,1,8,9,34
2024-03-24 01:10:00,3,0,2,6,0,4,5,20
2024-03-24 01:20:00,3,0,3,10,0,4,8,28
2024-03-24 01:30:00,3,1,1,1,0,8,9,23
2024-03-24 01:40:00,3,0,1,2,0,4,2,12
2024-03-24 01:50:00,0,0,1,5,0,1,7,14
2024-03-24 02:00:00,4,1,2,3,0,2,3,15
2024-03-24 02:10:00,5,0,0,2,0,4,9,20
2024-03-24 02:20:00,2,1,2,5,0,1,4,15
2024-03-24 02:30:00,2,1,0,2,0,2,4,11
2024-03-24 02:40:00,3,1,2,2,0,1,6,15
2024-03-24 02:50:00,2,0,3,4,0,1,2,12
2024-03-24 03:00:00,3,0,1,2,0,6,1,13
2024-03-24 03:10:00,4,0,1,2,0,3,3,13
2024-03-24 03:20:00,4,1,1,4,0,1,0,11
2024-03-24 03:30:00,1,0,0,1,0,2,1,5
2024-03-24 03:40:00,1,0,0,0,0,1,1,3
2024-03-24 03:50:00,2,0,0,1,0,4,2,9
2024-03-24 04:00:00,2,0,0,3,0,0,2,7
2024-03-24 04:10:00,0,0,0,0,0,2,0,2
2024-03-24 04:20:00,1,0,0,1,0,0,1,3
2024-03-24 04:30:00,2,0,0,0,0,1,2,5
2024-03-24 04:40:00,1,0,1,1,0,1,1,5
2024-03-24 04:50:00,2,0,0,0,0,2,1,5
2024-03-24 05:00:00,2,0,2,3,0,2,4,13
2024-03-24 05:10:00,4,1,2,2,0,1,2,12
2024-03-24 05:20:00,3,0,0,1,0,0,3,7
2024-03-24 05:30:00,6,0,1,3,0,2,1,13
2024-03-24 05:40:00,3,0,2,4,0,5,2,16
2024-03-24 05:50:00,3,0,0,3,1,0,4,11
2024-03-24 06:00:00,1,1,2,4,0,1,3,12
2024-03-24 06:10:00,5,0,3,5,0,5,4,22
2024-03-24 06:20:00,2,0,0,2,0,4,5,13
2024-03-24 06:30:00,4,1,3,5,0,2,1,16
2024-03-24 06:40:00,1,1,4,5,0,4,7,22
2024-03-24 06:50:00,2,0,2,4,0,4,2,14
2024-03-24 07:00:00,5,1,2,4,0,2,2,16
2024-03-24 07:10:00,2,0,5,7,0,4,2,20
2024-03-24 07:20:00,2,0,3,8,0,4,4,21
2024-03-24 07:30:00,5,2,2,6,0,2,3,20
2024-03-24 07:40:00,5,1,4,7,0,3,0,20
2024-03-24 07:50:00,7,2,0,1,0,4,6,20
2024-03-24 08:00:00,8,3,7,11,1,1,1,32
2024-03-24 08:10:00,8,3,8,9,0,2,8,38
2024-03-24 08:20:00,10,1,6,13,1,5,4,40
2024-03-24 08:30:00,12,2,6,9,0,3,5,37
2024-03-24 08:40:00,12,1,6,9,0,4,9,41
2024-03-24 08:50:00,5,2,10,12,0,5,12,46
2024-03-24 09:00:00,14,1,9,10,0,5,9,48
2024-03-24 09:10:00,15,0,7,17,1,3,11,54
2024-03-24 09:20:00,23,2,8,15,0,5,18,71
2024-03-24 09:30:00,26,2,7,17,2,17,20,91
2024-03-24 09:40:00,24,2,10,20,1,18,15,90
2024-03-24 09:50:00,27,3,9,16,3,21,17,96
2024-03-24 10:00:00,12,2,13,25,0,7,15,74
2024-03-24 10:10:00,17,2,9,19,0,20,20,87
2024-03-24 10:20:00,28,2,12,15,1,11,23,92
2024-03-24 10:30:00,30,3,10,24,1,14,22,104
2024-03-24 10:40:00,26,2,13,20,1,14,25,101
2024-03-24 10:50:00,22,5,18,15,0,15,19,94
2024-03-24 11:00:00,18,0,10,21,1,23,21,94
2024-03-24 11:10:00,36,2,19,30,2,15,20,124
2024-03-24 11:20:00,25,3,9,15,4,16,26,98
2024-03-24 11:30:00,43,2,11,20,2,17,21,116
2024-03-24 11:40:00,32,3,12,27,0,21,29,124
2024-03-24 11:50:00,29,4,12,18,1,24,23,111
2024-03-24 12:00:00,25,4,18,25,1,17,18,108
2024-03-24 12:10:00,20,5,17,18,0,16,32,108
2024-03-24 12:20:00,47,3,19,25,1,28,33,156
2024-03-24 12:30:00,30,1,15,22,0,20,17,105
2024-03-24 12:40:00,26,7,12,25,0,26,28,124
2024-03-24 12:50:00,32,4,15,20,1,19,40,131
2024-03-24 13:00:00,35,4,12,18,0,26,25,120
2024-03-24 13:10:00,32,1,8,15,0,15,32,103
2024-03-24 13:20:00,33,4,9,20,0,15,21,102
2024-03-24 13:30:00,27,3,13,19,1,21,32,116
2024-03-24 13:40:00,50,3,21,24,1,11,23,133
2024-03-24 13:50:00,23,4,11,23,1,17,27,106
2024-03-24 14:00:00,23,5,17,19,2,31,21,118
2024-03-24 14:10:00,35,2,25,31,1,33,32,159
2024-03-24 14:20:00,37,3,22,30,0,28,34,154
2024-03-24 14:30:00,30,10,24,27,2,28,38,159
2024-03-24 14:40:00,30,2,16,26,2,25,34,135
2024-03-24 14:50:00,25,6,17,20,1,31,51,151
2024-03-24 15:00:00,31,1,19,24,0,26,31,132
2024-03-24 15:10:00,21,5,18,24,0,25,34,127
2024-03-24 15:20:00,26,2,15,24,3,20,28,118
2024-03-24 15:30:00,31,3,13,17,1,31,36,132
2024-03-24 15:40:00,40,4,16,27,1,26,39,153
2024-03-24 15:50:00,26,5,17,19,1,22,32,122
2024-03-24 16:00:00,22,6,11,17,0,32,31,119
2024-03-24 16:10:00,23,3,10,22,2,19,22,101
2024-03-24 16:20:00,36,0,11,14,0,22,38,121
2024-03-24 16:30:00,25,3,15,26,1,17,42,129
2024-03-24 16:40:00,38,3,15,27,1,17,36,137
2024-03-24 16:50:00,31,5,13,21,1,23,38,132
2024-03-24 17:00:00,34,3,12,22,1,39,41,152
2024-03-24 17:10:00,27,3,17,28,1,35,24,135
2024-03-24 17:20:00,32,4,11,13,0,38,41,139
2024-03-24 17:30:00,33,9,20,17,1,33,45,158
2024-03-24 17:40:00,35,2,17,30,1,34,42,161
2024-03-24 17:50:00,38,5,7,17,3,42,39,151
2024-03-24 18:00:00,25,1,19,25,1,28,32,131
2024-03-24 18:10:00,20,7,18,19,2,29,31,126
2024-03-24 18:20:00,20,3,11,13,0,18,25,90
2024-03-24 18:30:00,29,1,19,25,1,23,27,125
2024-03-24 18:40:00,28,4,14,21,1,22,30,120
2024-03-24 18:50:00,23,4,10,23,1,21,34,116
2024-03-24 19:00:00,30,1,6,11,0,23,19,90
2024-03-24 19:10:00,25,3,12,24,2,19,20,105
2024-03-24 19:20:00,21,6,10,19,0,15,25,96
2024-03-24 19:30:00,23,3,10,20,0,12,26,94
2024-03-24 19:40:00,17,4,5,13,2,21,28,90
2024-03-24 19:50:00,20,4,11,14,0,19,25,93
2024-03-24 20:00:00,19,1,9,26,1,19,19,94
2024-03-24 20:10:00,21,4,16,23,0,14,23,101
2024-03-24 20:20:00,18,7,10,10,0,10,20,75
2024-03-24 20:30:00,25,2,4,11,0,8,20,70
2024-03-24 20:40:00,21,2,9,19,0,8,26,85
2024-03-24 20:50:00,17,4,9,10,0,13,11,64
2024-03-24 21:00:00,12,2,4,8,0,14,13,53
2024-03-24 21:10:00,11,4,10,20,0,9,19,73
2024-03-24 21:20:00,13,2,4,12,0,16,17,64
2024-03-24 21:30:00,23,1,4,8,1,17,27,81
2024-03-24 21:40:00,11,2,3,10,0,11,14,51
2024-03-24 21:50:00,9,1,8,14,2,10,20,64
2024-03-24 22:00:00,9,1,6,10,0,14,17,57
2024-03-24 22:10:00,4,1,2,10,0,14,17,48
2024-03-24 22:20:00,10,1,7,15,0,10,12,55
2024-03-24 22:30:00,7,1,1,6,0,6,11,32
2024-03-24 22:40:00,5,0,3,6,0,5,9,28
2024-03-24 22:50:00,9,1,1,5,0,6,5,27
2024-03-24 23:00:00,3,0,3,3,0,7,9,25
2024-03-24 23:10:00,2,1,3,8,0,8,10,32
2024-03-24 23:20:00,3,0,3,3,0,7,8,24
2024-03-24 23:30:00,7,0,1,4,0,7,9,28
2024-03-24 23:40:00,5,0,3,6,0,4,5,23
2024-03-24 23:50:00,2,0,1,2,0,6,3,14
2024-03-25 00:00:00,3,2,3,6,0,7,4,25
2024-03-25 00:10:00,3,0,1,2,0,2,5,13
2024-03-25 00:20:00,0,0,1,3,0,2,3,9
2024-03-25 00:30:00,0,0,0,2,1,3,1,7
2024-03-25 00:40:00,0,0,2,2,0,2,2,8
2024-03-25 00:50:00,2,0,1,3,0,5,2,13
2024-03-25 01:00:00,3,1,1,1,0,0,3,9
2024-03-25 01:10:00,2,0,0,0,0,2,4,8
2024-03-25 01:20:00,0,0,0,1,0,3,3,7
2024-03-25 01:30:00,1,1,2,4,1,2,1,12
2024-03-25 01:40:00,2,0,1,1,0,3,2,9
2024-03-25 01:50:00,1,0,0,1,0,0,3,5
2024-03-25 02:00:00,0,0,2,2,0,2,0,6
2024-03-25 02:10:00,4,0,0,1,0,3,3,11
2024-03-25 02:20:00,0,2,0,1,0,4,3,10
2024-03-25 02:30:00,2,0,0,1,3,2,1,9
2024-03-25 02:40:00,2,0,0,0,0,1,1,4
2024-03-25 02:50:00,1,0,0,1,0,3,0,5
2024-03-25 03:00:00,0,0,0,0,0,3,2,5
2024-03-25 03:10:00,0,0,2,3,0,2,1,8
2024-03-25 03:20:00,2,0,1,2,0,0,0,5
2024-03-25 03:30:00,0,0,1,1,0,2,1,5
2024-03-25 03:40:00,1,0,0,1,0,1,0,3
2024-03-25 03:50:00,1,0,1,2,0,6,1,11
2024-03-25 04:00:00,3,0,2,1,0,5,2,13
2024-03-25 04:10:00,2,1,2,2,0,0,2,9
2024-03-25 04:20:00,2,1,2,4,0,6,4,19
2024-03-25 04:30:00,5,0,1,1,0,3,1,11
2024-03-25 04:40:00,2,0,2,6,0,2,4,16
2024-03-25 04:50:00,2,0,1,3,0,3,4,13
2024-03-25 05:00:00,7,0,1,4,0,9,3,24
2024-03-25 05:10:00,1,2,5,12,0,5,4,29
2024-03-25 05:20:00,12,0,5,12,1,7,2,39
2024-03-25 05:30:00,13,1,6,11,1,20,6,58
2024-03-25 05:40:00,10,0,8,18,0,15,5,56
2024-03-25 05:50:00,14,1,5,13,2,6,7,48
2024-03-25 06:00:00,10,0,8,14,2,10,5,49
2024-03-25 06:10:00,23,0,12,30,0,12,13,90
2024-03-25 06:20:00,33,1,13,30,0,8,13,98
2024-03-25 06:30:00,19,3,24,42,0,6,16,110
2024-03-25 06:40:00,38,3,18,25,1,17,22,124
2024-03-25 06:50:00,31,4,10,26,1,17,14,103
2024-03-25 07:00:00,40,4,19,34,2,24,14,137
2024-03-25 07:10:00,55,3,19,40,2,31,25,175
2024-03-25 07:20:00,45,1,18,32,2,32,27,157
2024-03-25 07:30:00,40,3,26,47,2,33,28,179
2024-03-25 07:40:00,56,7,30,37,3,35,30,198
2024-03-25 07:50:00,52,2,25,36,2,29,26,172
2024-03-25 08:00:00,45,6,29,29,3,22,34,168
2024-03-25 08:10:00,53,9,21,39,1,31,39,193
2024-03-25 08:20:00,47,7,25,37,1,52,43,212
2024-03-25 08:30:00,61,15,35,28,3,31,35,208
2024-03-25 08:40:00,52,5,31,40,5,46,35,214
2024-03-25 08:50:00,49,7,31,32,4,48,42,213
2024-03-25 09:00:00,48,2,33,51,5,33,46,218
2024-03-25 09:10:00,59,1,28,33,5,35,38,199
2024-03-25 09:20:00,40,4,29,46,2,24,37,182
2024-03-25 09:30:00,45,4,25,37,0,30,44,185
2024-03-25 09:40:00,45,2,25,30,3,50,40,195
2024-03-25 09:50:00,53,9,26,28,9,39,38,202
2024-03-25 10:00:00,51,7,30,34,4,45,38,209
2024-03-25 10:10:00,53,5,26,34,7,24,34,183
2024-03-25 10:20:00,48,7,31,31,4,46,39,206
2024-03-25 10:30:00,49,9,38,31,4,33,46,210
2024-03-25 10:40:00,50,6,24,30,1,32,45,188
2024-03-25 10:50:00,54,3,26,28,1,28,47,187
2024-03-25 11:00:00,38,11,17,20,4,36,38,164
2024-03-25 11:10:00,39,3,21,25,5,25,46,164
2024-03-25 11:20:00,46,6,16,22,3,27,47,167
2024-03-25 11:30:00,54,8,28,26,4,31,52,203
2024-03-25 11:40:00,46,7,24,30,5,38,50,200
2024-03-25 11:50:00,41,5,29,31,3,37,39,185
2024-03-25 12:00:00,49,6,23,37,2,38,47,202
2024-03-25 12:10:00,46,11,25,23,6,24,42,177
2024-03-25 12:20:00,43,4,20,30,1,35,50,183
2024-03-25 12:30:00,42,7,26,20,8,40,48,191
2024-03-25 12:40:00,34,7,17,39,4,47,55,203
2024-03-25 12:50:00,40,5,19,34,1,39,52,190
2024-03-25 13:00:00,50,6,28,38,4,34,33,193
2024-03-25 13:10:00,58,5,21,33,3,36,34,190
2024-03-25 13:20:00,41,8,21,22,5,40,36,173
2024-03-25 13:30:00,38,2,26,33,2,29,50,180
2024-03-25 13:40:00,37,8,17,21,4,30,46,163
2024-03-25 13:50:00,56,4,18,20,4,40,39,181
2024-03-25 14:00:00,45,6,25,45,6,36,55,218
2024-03-25 14:10:00,31,2,29,37,4,30,42,175
2024-03-25 14:20:00,54,3,18,31,4,40,47,197
2024-03-25 14:30:00,47,3,21,22,4,41,41,179
2024-03-25 14:40:00,44,8,23,32,2,31,39,179
2024-03-25 14:50:00,43,2,20,30,8,40,51,194
2024-03-25 15:00:00,41,8,27,37,6,43,50,212
2024-03-25 15:10:00,47,4,26,22,9,38,49,195
2024-03-25 15:20:00,56,5,31,28,3,49,63,235
2024-03-25 15:30:00,35,9,18,40,5,39,62,208
2024-03-25 15:40:00,53,7,31,38,4,45,58,236
2024-03-25 15:50:00,55,3,21,28,9,57,62,235
2024-03-25 16:00:00,52,4,30,32,9,42,66,235
2024-03-25 16:10:00,44,4,33,36,11,45,57,230
2024-03-25 16:20:00,41,7,31,26,9,54,52,220
2024-03-25 16:30:00,46,8,27,30,8,56,57,232
2024-03-25 16:40:00,50,14,31,38,9,51,54,247
2024-03-25 16:50:00,63,11,24,28,2,54,59,241
2024-03-25 17:00:00,61,1,34,41,8,53,47,245
2024-03-25 17:10:00,48,8,39,41,4,51,64,255
2024-03-25 17:20:00,43,5,31,32,7,57,58,233
2024-03-25 17:30:00,49,6,24,24,3,42,64,212
2024-03-25 17:40:00,51,6,31,29,2,46,50,215
2024-03-25 17:50:00,44,7,27,30,7,51,55,221
2024-03-25 18:00:00,45,6,26,28,3,57,59,224
2024-03-25 18:10:00,48,4,21,26,5,52,58,214
2024-03-25 18:20:00,36,5,25,29,6,41,43,185
2024-03-25 18:30:00,52,5,27,29,6,41,51,211
2024-03-25 18:40:00,44,4,24,36,6,43,68,225
2024-03-25 18:50:00,45,7,19,24,3,56,46,200
2024-03-25 19:00:00,26,5,26,34,0,27,48,166
2024-03-25 19:10:00,23,6,14,22,5,30,47,147
2024-03-25 19:20:00,24,3,14,16,0,22,44,123
2024-03-25 19:30:00,20,1,12,13,0,30,39,115
2024-03-25 19:40:00,20,6,13,16,2,23,30,110
2024-03-25 19:50:00,13,1,7,17,0,20,34,92
2024-03-25 20:00:00,17,3,14,13,0,35,29,111
2024-03-25 20:10:00,15,5,14,19,0,19,31,103
2024-03-25 20:20:00,15,4,12,20,0,26,35,112
2024-03-25 20:30:00,19,2,13,19,2,17,26,98
2024-03-25 20:40:00,15,3,9,20,2,17,23,89
2024-03-25 20:50:00,13,3,3,7,0,22,16,64
2024-03-25 21:00:00,11,1,9,13,1,20,20,75
2024-03-25 21:10:00,13,3,6,8,0,8,17,55
2024-03-25 21:20:00,15,2,1,7,0,14,17,56
2024-03-25 21:30:00,12,2,10,12,0,15,14,65
2024-03-25 21:40:00,16,1,5,11,1,14,13,61
2024-03-25 21:50:00,10,1,7,15,0,9,13,55
2024-03-25 22:00:00,10,1,7,13,0,11,10,52
2024-03-25 22:10:00,10,0,12,20,0,7,25,74
2024-03-25 22:20:00,9,1,9,18,0,6,6,49
2024-03-25 22:30:00,6,2,6,13,1,7,10,45
2024-03-25 22:40:00,15,0,3,10,0,7,18,53
2024-03-25 22:50:00,8,1,6,12,0,8,14,49
2024-03-25 23:00:00,5,1,6,10,0,12,8,42
2024-03-25 23:10:00,6,0,5,6,0,5,4,26
2024-03-25 23:20:00,3,1,3,2,0,5,6,20
2024-03-25 23:30:00,7,0,1,1,0,5,6,20
2024-03-25 23:40:00,0,1,4,5,0,3,5,18
2024-03-25 23:50:00,5,0,1,4,1,5,9,25
2024-03-26 00:00:00,4,0,3,5,0,4,5,21
2024-03-26 00:10:00,4,0,0,3,0,4,3,14
2024-03-26 00:20:00,4,0,2,4,0,2,3,15
2024-03-26 00:30:00,6,1,3,4,0,2,2,18
2024-03-26 00:40:00,0,0,2,4,0,2,1,9
2024-03-26 00:50:00,0,0,0,0,1,4,7,12
2024-03-26 01:00:00,2,0,5,6,0,1,4,18
2024-03-26 01:10:00,1,1,0,0,0,2,1,5
2024-03-26 01:20:00,3,0,0,0,0,2,1,6
2024-03-26 01:30:00,1,0,0,1,0,4,2,8
2024-03-26 01:40:00,1,0,1,2,0,1,0,5
2024-03-26 01:50:00,1,0,0,3,0,2,1,7
2024-03-26 02:00:00,0,0,0,2,0,3,2,7
2024-03-26 02:10:00,0,0,0,1,0,1,0,2
2024-03-26 02:20:00,1,0,0,0,0,3,2,6
2024-03-26 02:30:00,2,0,0,0,0,1,0,3
2024-03-26 02:40:00,3,0,0,0,0,1,2,6
2024-03-26 02:50:00,1,0,1,1,0,0,2,5
2024-03-26 03:00:00,0,0,0,0,0,1,0,1
2024-03-26 03:10:00,0,0,2,2,0,3,0,7
2024-03-26 03:20:00,2,0,2,2,0,1,0,7
2024-03-26 03:30:00,1,0,1,2,0,1,0,5
2024-03-26 03:40:00,0,0,0,1,0,3,2,6
2024-03-26 03:50:00,2,0,2,1,0,5,1,11
2024-03-26 04:00:00,0,0,1,3,0,1,2,7
2024-03-26 04:10:00,1,1,0,0,0,1,1,4
2024-03-26 04:20:00,5,1,1,3,2,6,4,22
2024-03-26 04:30:00,0,0,2,2,0,1,2,7
2024-03-26 04:40:00,4,0,2,5,0,5,4,20
2024-03-26 04:50:00,1,0,2,4,0,3,5,15
2024-03-26 05:00:00,4,0,2,2,0,7,5,20
2024-03-26 05:10:00,7,1,4,12,0,4,5,33
2024-03-26 05:20:00,14,0,3,8,2,12,7,46
2024-03-26 05:30:00,10,2,3,11,0,15,6,47
2024-03-26 05:40:00,10,0,11,13,0,9,7,50
2024-03-26 05:50:00,13,2,4,16,1,8,6,50
2024-03-26 06:00:00,20,0,6,16,0,7,9,58
2024-03-26 06:10:00,24,1,5,21,0,10,9,70
2024-03-26 06:20:00,22,1,21,39,0,10,13,106
2024-03-26 06:30:00,27,2,16,24,0,17,15,101
2024-03-26 06:40:00,37,2,21,36,2,16,16,130
2024-03-26 06:50:00,45,4,14,35,1,19,21,139
2024-03-26 07:00:00,44,2,17,31,0,20,18,132
2024-03-26 07:10:00,31,2,21,36,1,20,16,127
2024-03-26 07:20:00,55,2,17,44,1,30,20,169
2024-03-26 07:30:00,43,2,22,43,2,39,25,176
2024-03-26 07:40:00,70,8,38,37,4,48,43,248
2024-03-26 07:50:00,48,7,19,30,3,32,35,174
2024-03-26 08:00:00,50,7,27,36,5,34,31,190
2024-03-26 08:10:00,60,6,26,35,1,49,38,215
2024-03-26 08:20:00,46,8,28,59,3,43,40,227
2024-03-26 08:30:00,47,6,34,43,3,36,33,202
2024-03-26 08:40:00,57,12,20,29,3,41,44,206
2024-03-26 08:50:00,46,12,26,39,4,45,47,219
2024-03-26 09:00:00,51,3,20,34,1,32,33,174
2024-03-26 09:10:00,41,7,30,44,4,34,41,201
2024-03-26 09:20:00,38,7,19,25,3,39,45,176
2024-03-26 09:30:00,44,3,27,44,3,24,30,175
2024-03-26 09:40:00,47,5,25,36,4,33,39,189
2024-03-26 09:50:00,38,5,19,24,3,36,33,158
2024-03-26 10:00:00,43,8,25,34,3,22,31,166
2024-03-26 10:10:00,53,8,31,38,0,26,44,200
2024-03-26 10:20:00,40,7,17,19,5,27,37,152
2024-03-26 10:30:00,56,8,26,34,3,32,34,193
2024-03-26 10:40:00,40,4,25,28,0,23,44,164
2024-03-26 10:50:00,52,7,18,31,3,34,42,187
2024-03-26 11:00:00,54,7,20,27,3,31,50,192
2024-03-26 11:10:00,42,10,26,34,0,37,51,200
2024-03-26 11:20:00,35,6,28,25,3,24,41,162
2024-03-26 11:30:00,44,4,26,34,2,46,55,211
2024-03-26 11:40:00,52,7,28,32,3,39,41,202
2024-03-26 11:50:00,45,3,21,28,5,33,52,187
2024-03-26 12:00:00,42,7,29,30,2,34,42,186
2024-03-26 12:10:00,43,6,23,32,1,35,44,184
2024-03-26 12:20:00,44,4,16,31,1,37,44,177
2024-03-26 12:30:00,45,6,26,34,6,30,53,200
2024-03-26 12:40:00,44,12,28,35,1,35,45,200
2024-03-26 12:50:00,38,9,29,26,3,38,50,193
2024-03-26 13:00:00,38,6,17,19,4,32,39,155
2024-03-26 13:10:00,44,1,18,27,3,38,40,171
2024-03-26 13:20:00,36,5,19,26,5,34,35,160
2024-03-26 13:30:00,35,9,24,31,2,34,46,181
2024-03-26 13:40:00,38,8,23,22,9,26,37,163
2024-03-26 13:50:00,37,4,20,23,3,31,48,166
2024-03-26 14:00:00,45,8,28,47,12,36,34,210
2024-03-26 14:10:00,42,2,28,39,3,37,43,194
2024-03-26 14:20:00,38,8,28,29,9,44,44,200
2024-03-26 14:30:00,38,6,22,21,7,40,49,183
2024-03-26 14:40:00,47,8,35,35,5,34,54,218
2024-03-26 14:50:00,43,6,27,35,4,35,45,195
2024-03-26 15:00:00,45,6,20,18,4,47,52,192
2024-03-26 15:10:00,55,7,20,30,7,28,45,192
2024-03-26 15:20:00,50,6,18,15,3,47,50,189
2024-03-26 15:30:00,53,8,26,33,3,42,46,211
2024-03-26 15:40:00,48,9,21,23,15,58,55,229
2024-03-26 15:50:00,46,5,34,24,10,47,55,221
2024-03-26 16:00:00,46,6,23,30,7,54,48,214
2024-03-26 16:10:00,40,5,27,23,7,40,53,195
2024-03-26 16:20:00,56,7,25,28,7,69,62,254
2024-03-26 16:30:00,40,5,26,36,10,56,38,211
2024-03-26 16:40:00,42,7,28,33,7,46,56,219
2024-03-26 16:50:00,53,9,29,31,7,61,55,245
2024-03-26 17:00:00,43,8,24,24,11,41,52,203
2024-03-26 17:10:00,52,7,33,22,11,56,62,243
2024-03-26 17:20:00,45,4,24,20,6,43,63,205
2024-03-26 17:30:00,44,5,32,28,11,53,58,231
2024-03-26 17:40:00,54,5,38,43,8,50,69,267
2024-03-26 17:50:00,50,2,24,28,10,41,64,219
2024-03-26 18:00:00,49,3,26,27,19,57,68,249
2024-03-26 18:10:00,67,6,32,33,7,46,43,234
2024-03-26 18:20:00,59,4,18,23,7,37,55,203
2024-03-26 18:30:00,40,7,16,24,9,42,54,192
2024-03-26 18:40:00,42,6,23,30,7,51,53,212
2024-03-26 18:50:00,35,5,17,27,4,63,50,201
2024-03-26 19:00:00,32,6,24,29,4,41,51,187
2024-03-26 19:10:00,26,4,8,20,3,38,46,145
2024-03-26 19:20:00,23,1,16,20,2,38,42,142
2024-03-26 19:30:00,29,4,14,24,1,21,34,127
2024-03-26 19:40:00,24,4,15,23,1,19,42,128
2024-03-26 19:50:00,21,3,9,15,4,27,41,120
2024-03-26 20:00:00,22,2,14,18,2,23,27,108
2024-03-26 20:10:00,21,2,10,13,1,22,23,92
2024-03-26 20:20:00,25,2,12,17,1,20,30,107
2024-03-26 20:30:00,22,1,13,16,0,21,16,89
2024-03-26 20:40:00,17,1,17,18,3,18,20,94
2024-03-26 20:50:00,21,1,10,17,0,17,19,85
2024-03-26 21:00:00,14,1,3,9,0,15,17,59
2024-03-26 21:10:00,6,1,9,14,0,13,18,61
2024-03-26 21:20:00,15,5,8,8,3,14,12,65
2024-03-26 21:30:00,6,1,3,9,1,18,16,54
2024-03-26 21:40:00,14,0,10,17,1,19,24,85
2024-03-26 21:50:00,8,3,6,8,1,18,18,62
2024-03-26 22:00:00,10,2,7,19,0,14,19,71
2024-03-26 22:10:00,5,1,11,20,0,17,13,67
2024-03-26 22:20:00,1,1,9,12,0,5,12,40
2024-03-26 22:30:00,7,3,4,6,0,4,10,34
2024-03-26 22:40:00,5,0,6,8,0,15,8,42
2024-03-26 22:50:00,9,3,3,8,0,13,17,53
2024-03-26 23:00:00,5,1,3,7,0,10,10,36
2024-03-26 23:10:00,3,0,3,5,0,8,16,35
2024-03-26 23:20:00,4,0,4,4,0,7,6,25
2024-03-26 23:30:00,7,1,2,4,0,11,13,38
2024-03-26 23:40:00,4,0,2,3,0,4,6,19
2024-03-26 23:50:00,6,1,0,3,3,6,7,26
2024-03-27 00:00:00,7,1,2,5,0,8,6,29
2024-03-27 00:10:00,1,1,3,4,0,7,7,23
2024-03-27 00:20:00,0,1,3,3,0,3,2,12
2024-03-27 00:30:00,3,1,0,0,1,1,2,8
2024-03-27 00:40:00,0,0,3,3,0,0,1,7
2024-03-27 00:50:00,2,0,0,0,0,2,3,7
2024-03-27 01:00:00,3,1,1,2,0,2,2,11
2024-03-27 01:10:00,0,0,2,2,0,5,2,11
2024-03-27 01:20:00,2,1,0,1,0,2,5,11
2024-03-27 01:30:00,4,0,0,1,0,1,3,9
2024-03-27 01:40:00,0,0,0,0,0,0,1,1
2024-03-27 01:50:00,0,0,0,1,0,1,4,6
2024-03-27 02:00:00,2,0,1,1,0,0,2,6
2024-03-27 02:10:00,1,1,0,0,0,1,2,5
2024-03-27 02:20:00,1,0,0,0,0,0,0,1
2024-03-27 02:30:00,1,0,0,0,0,2,0,3
2024-03-27 02:40:00,1,0,0,1,0,2,2,6
2024-03-27 02:50:00,1,0,0,0,0,1,2,4
2024-03-27 03:00:00,0,0,0,0,0,2,2,4
2024-03-27 03:10:00,3,1,1,1,0,2,0,8
2024-03-27 03:20:00,2,0,0,2,0,0,0,4
2024-03-27 03:30:00,2,0,1,3,0,0,0,6
2024-03-27 03:40:00,0,0,0,0,0,3,1,4
2024-03-27 03:50:00,1,0,2,2,1,5,4,15
2024-03-27 04:00:00,3,1,2,2,1,1,3,13
2024-03-27 04:10:00,2,1,1,0,0,5,2,11
2024-03-27 04:20:00,4,1,1,1,0,2,0,9
2024-03-27 04:30:00,2,0,2,2,0,2,2,10
2024-03-27 04:40:00,3,0,4,7,0,3,5,22
2024-03-27 04:50:00,2,0,3,9,0,2,3,19
2024-03-27 05:00:00,8,0,1,3,0,6,7,25
2024-03-27 05:10:00,5,1,2,9,0,8,3,28
2024-03-27 05:20:00,11,0,7,15,1,14,5,53
2024-03-27 05:30:00,10,0,5,15,1,15,4,50
2024-03-27 05:40:00,20,1,8,11,2,19,6,67
2024-03-27 05:50:00,12,0,5,15,0,5,6,43
2024-03-27 06:00:00,14,1,7,18,0,9,14,63
2024-03-27 06:10:00,24,2,13,25,0,10,11,85
2024-03-27 06:20:00,27,2,12,23,0,6,8,78
2024-03-27 06:30:00,29,1,11,32,0,16,14,103
2024-03-27 06:40:00,33,2,21,36,0,19,15,126
2024-03-27 06:50:00,47,4,18,26,3,17,21,136
2024-03-27 07:00:00,39,0,18,34,2,14,18,125
2024-03-27 07:10:00,39,1,13,28,1,20,15,117
2024-03-27 07:20:00,46,5,16,26,2,23,25,143
2024-03-27 07:30:00,57,7,31,42,4,39,32,212
2024-03-27 07:40:00,40,5,30,42,4,40,39,200
2024-03-27 07:50:00,61,2,22,32,4,38,41,200
2024-03-27 08:00:00,49,7,32,36,4,30,23,181
2024-03-27 08:10:00,56,2,20,37,1,41,38,195
2024-03-27 08:20:00,60,8,27,47,2,39,42,225
2024-03-27 08:30:00,33,6,25,30,2,30,39,165
2024-03-27 08:40:00,40,4,39,44,7,42,38,214
2024-03-27 08:50:00,43,9,29,37,3,56,33,210
2024-03-27 09:00:00,49,8,23,38,3,34,34,189
2024-03-27 09:10:00,58,8,38,43,2,33,32,214
2024-03-27 09:20:00,47,4,27,29,1,25,34,167
2024-03-27 09:30:00,33,7,24,38,1,25,38,166
2024-03-27 09:40:00,65,5,25,39,3,34,34,205
2024-03-27 09:50:00,41,3,32,32,1,32,48,189
2024-03-27 10:00:00,54,5,26,31,1,28,37,182
2024-03-27 10:10:00,52,5,30,29,1,41,27,185
2024-03-27 10:20:00,50,8,24,30,3,22,44,181
2024-03-27 10:30:00,40,7,38,38,3,29,39,194
2024-03-27 10:40:00,37,8,24,31,0,40,41,181
2024-03-27 10:50:00,55,6,25,38,2,41,43,210
2024-03-27 11:00:00,39,4,30,33,2,23,35,166
2024-03-27 11:10:00,57,6,24,35,2,43,38,205
2024-03-27 11:20:00,41,9,21,37,2,28,38,176
2024-03-27 11:30:00,47,7,34,38,5,41,54,226
2024-03-27 11:40:00,56,10,22,31,2,42,46,209
2024-03-27 11:50:00,51,8,28,23,5,45,46,206
2024-03-27 12:00:00,49,6,31,37,4,38,44,209
2024-03-27 12:10:00,39,2,23,29,3,40,55,191
2024-03-27 12:20:00,43,3,30,39,1,42,45,203
2024-03-27 12:30:00,45,7,21,34,1,32,38,178
2024-03-27 12:40:00,43,8,33,32,5,46,48,215
2024-03-27 12:50:00,50,1,24,31,4,35,45,190
2024-03-27 13:00:00,52,2,14,32,4,32,40,176
2024-03-27 13:10:00,41,2,22,27,3,20,52,167
2024-03-27 13:20:00,59,7,26,32,4,39,52,219
2024-03-27 13:30:00,43,4,31,36,5,46,40,205
2024-03-27 13:40:00,41,8,20,24,6,49,39,187
2024-03-27 13:50:00,35,12,28,37,7,44,61,224
2024-03-27 14:00:00,53,9,27,36,9,44,33,211
2024-03-27 14:10:00,29,7,38,46,8,38,42,208
2024-03-27 14:20:00,38,9,27,28,6,32,42,182
2024-03-27 14:30:00,38,5,29,40,7,46,41,206
2024-03-27 14:40:00,46,1,31,35,3,45,50,211
2024-03-27 14:50:00,42,8,26,28,6,56,44,210
2024-03-27 15:00:00,48,4,26,32,9,43,51,213
2024-03-27 15:10:00,49,7,33,37,6,38,35,205
2024-03-27 15:20:00,41,3,14,35,3,35,42,173
2024-03-27 15:30:00,48,7,28,40,10,47,48,228
2024-03-27 15:40:00,51,5,28,47,6,50,50,237
2024-03-27 15:50:00,45,11,23,27,12,64,76,258
2024-03-27 16:00:00,37,5,29,29,14,47,50,211
2024-03-27 16:10:00,47,6,27,27,4,49,48,208
2024-03-27 16:20:00,38,5,21,30,6,51,67,218
2024-03-27 16:30:00,51,7,37,41,9,40,49,234
2024-03-27 16:40:00,48,4,28,20,7,64,66,237
2024-03-27 16:50:00,40,7,27,24,8,47,77,230
2024-03-27 17:00:00,58,4,27,28,7,44,59,227
2024-03-27 17:10:00,52,7,31,28,6,51,68,243
2024-03-27 17:20:00,40,10,19,26,8,65,64,232
2024-03-27 17:30:00,46,7,22,28,16,50,70,239
2024-03-27 17:40:00,44,7,27,31,11,35,72,227
2024-03-27 17:50:00,44,6,17,30,9,56,68,230
2024-03-27 18:00:00,35,5,25,37,17,53,62,234
2024-03-27 18:10:00,50,4,24,32,7,57,58,232
2024-03-27 18:20:00,42,8,26,33,6,51,62,228
2024-03-27 18:30:00,43,4,21,28,10,35,70,211
2024-03-27 18:40:00,41,4,18,33,1,37,52,186
2024-03-27 18:50:00,35,4,11,17,4,37,62,170
2024-03-27 19:00:00,26,7,18,20,3,38,44,156
2024-03-27 19:10:00,31,3,19,23,3,25,42,146
2024-03-27 19:20:00,20,4,11,16,3,33,40,127
2024-03-27 19:30:00,34,4,13,15,3,30,39,138
2024-03-27 19:40:00,26,5,12,20,2,29,25,119
2024-03-27 19:50:00,25,2,14,19,2,37,40,139
2024-03-27 20:00:00,23,2,18,29,1,30,27,130
2024-03-27 20:10:00,17,3,16,18,1,20,32,107
2024-03-27 20:20:00,18,4,15,18,2,29,29,115
2024-03-27 20:30:00,16,7,10,14,2,23,26,98
2024-03-27 20:40:00,19,1,10,20,0,17,21,88
2024-03-27 20:50:00,15,2,15,15,0,22,20,89
2024-03-27 21:00:00,19,5,10,12,1,26,18,91
2024-03-27 21:10:00,12,2,13,24,2,14,22,89
2024-03-27 21:20:00,17,1,8,13,6,17,21,83
2024-03-27 21:30:00,24,6,8,16,1,17,21,93
2024-03-27 21:40:00,17,1,7,14,4,21,14,78
2024-03-27 21:50:00,13,2,4,12,1,16,19,67
2024-03-27 22:00:00,12,1,12,23,1,10,17,76
2024-03-27 22:10:00,16,1,8,22,0,20,22,89
2024-03-27 22:20:00,9,5,7,22,0,9,15,67
2024-03-27 22:30:00,21,2,4,11,3,14,10,65
2024-03-27 22:40:00,6,0,6,9,0,12,17,50
2024-03-27 22:50:00,5,1,4,11,0,7,10,38
2024-03-27 23:00:00,12,0,4,5,1,9,21,52
2024-03-27 23:10:00,8,4,1,9,2,9,11,44
2024-03-27 23:20:00,4,0,0,2,0,10,8,24
2024-03-27 23:30:00,9,0,3,3,0,5,4,24
2024-03-27 23:40:00,5,1,3,5,2,6,4,26
2024-03-27 23:50:00,2,0,1,3,0,2,8,16
2024-03-28 00:00:00,2,0,1,2,0,5,3,13
2024-03-28 00:10:00,0,0,0,1,0,3,4,8
2024-03-28 00:20:00,1,0,2,6,0,2,5,16
2024-03-28 00:30:00,4,0,0,0,0,3,3,10
2024-03-28 00:40:00,1,0,2,5,0,5,6,19
2024-03-28 00:50:00,1,0,1,0,0,2,5,9
2024-03-28 01:00:00,1,0,1,2,1,2,3,10
2024-03-28 01:10:00,2,1,0,0,0,1,3,7
2024-03-28 01:20:00,2,1,1,2,0,0,4,10
2024-03-28 01:30:00,1,0,0,1,0,2,2,6
2024-03-28 01:40:00,1,0,1,3,0,0,1,6
2024-03-28 01:50:00,1,0,0,4,0,3,0,8
2024-03-28 02:00:00,0,0,1,2,0,3,1,7
2024-03-28 02:10:00,1,0,0,0,0,3,1,5
2024-03-28 02:20:00,0,0,2,2,0,2,3,9
2024-03-28 02:30:00,3,0,0,0,0,0,0,3
2024-03-28 02:40:00,2,0,0,0,0,2,1,5
2024-03-28 02:50:00,0,0,1,1,0,1,1,4
2024-03-28 03:00:00,3,0,0,0,0,0,1,4
2024-03-28 03:10:00,0,0,1,2,0,0,1,4
2024-03-28 03:20:00,1,0,1,1,2,1,1,7
2024-03-28 03:30:00,1,0,1,1,0,0,1,4
2024-03-28 03:40:00,3,0,0,0,0,4,1,8
2024-03-28 03:50:00,0,0,1,2,0,3,0,6
2024-03-28 04:00:00,4,0,1,3,0,4,3,15
2024-03-28 04:10:00,2,1,3,2,0,1,1,10
2024-03-28 04:20:00,3,0,1,1,0,1,1,7
2024-03-28 04:30:00,2,1,3,3,0,4,2,15
2024-03-28 04:40:00,5,0,2,5,0,3,5,20
2024-03-28 04:50:00,2,0,3,6,0,3,4,18
2024-03-28 05:00:00,6,0,1,5,0,7,2,21
2024-03-28 05:10:00,9,1,4,8,0,8,7,37
2024-03-28 05:20:00,13,0,2,10,1,6,3,35
2024-03-28 05:30:00,14,3,12,14,1,25,6,75
2024-03-28 05:40:00,6,0,8,13,0,15,7,49
2024-03-28 05:50:00,16,1,6,12,0,9,4,48
2024-03-28 06:00:00,15,1,8,18,0,7,10,59
2024-03-28 06:10:00,19,0,11,29,1,9,10,79
2024-03-28 06:20:00,24,1,16,23,0,12,13,89
2024-03-28 06:30:00,23,2,10,18,0,10,6,69
2024-03-28 06:40:00,22,2,25,36,3,18,16,122
2024-03-28 06:50:00,44,0,14,22,0,19,13,112
2024-03-28 07:00:00,35,2,12,27,0,17,8,101
2024-03-28 07:10:00,47,3,23,36,1,24,19,153
2024-03-28 07:20:00,42,4,14,35,3,28,33,159
2024-03-28 07:30:00,59,6,30,39,4,23,27,188
2024-03-28 07:40:00,52,8,25,40,1,32,34,192
2024-03-28 07:50:00,47,7,35,37,1,28,40,195
2024-03-28 08:00:00,49,3,22,35,4,30,27,170
2024-03-28 08:10:00,57,11,32,45,2,34,44,225
2024-03-28 08:20:00,48,8,34,38,4,37,45,214
2024-03-28 08:30:00,44,13,34,34,2,31,38,196
2024-03-28 08:40:00,52,5,43,45,1,41,46,233
2024-03-28 08:50:00,60,7,26,28,1,39,40,201
2024-03-28 09:00:00,47,8,34,46,9,43,32,219
2024-03-28 09:10:00,61,3,31,44,5,30,44,218
2024-03-28 09:20:00,48,5,33,40,2,43,41,212
2024-03-28 09:30:00,53,3,31,46,2,38,28,201
2024-03-28 09:40:00,61,7,35,46,1,44,58,252
2024-03-28 09:50:00,60,10,23,27,4,40,58,222
2024-03-28 10:00:00,54,9,31,29,4,39,47,213
2024-03-28 10:10:00,55,2,36,42,2,32,44,213
2024-03-28 10:20:00,47,7,24,30,2,34,51,195
2024-03-28 10:30:00,45,6,36,41,2,32,42,204
2024-03-28 10:40:00,55,12,35,31,3,39,54,229
2024-03-28 10:50:00,53,9,31,26,0,39,53,211
2024-03-28 11:00:00,52,8,30,40,2,35,31,198
2024-03-28 11:10:00,47,7,33,30,3,36,49,205
2024-03-28 11:20:00,41,7,30,32,6,29,51,196
2024-03-28 11:30:00,55,5,28,42,3,40,48,221
2024-03-28 11:40:00,47,4,31,31,3,40,42,198
2024-03-28 11:50:00,54,6,31,35,1,54,50,231
2024-03-28 12:00:00,55,5,21,32,3,28,44,188
2024-03-28 12:10:00,65,9,24,34,5,43,67,247
2024-03-28 12:20:00,43,3,27,37,0,47,54,211
2024-03-28 12:30:00,46,5,25,22,5,27,43,173
2024-03-28 12:40:00,52,4,27,32,5,47,49,216
2024-03-28 12:50:00,51,7,17,25,3,47,53,203
2024-03-28 13:00:00,49,6,32,43,2,35,51,218
2024-03-28 13:10:00,51,5,17,29,6,26,44,178
2024-03-28 13:20:00,61,11,24,26,0,37,46,205
2024-03-28 13:30:00,55,7,26,29,3,25,35,180
2024-03-28 13:40:00,42,7,20,21,1,38,51,180
2024-03-28 13:50:00,34,6,27,35,3,27,58,190
2024-03-28 14:00:00,56,6,29,23,7,43,39,203
2024-03-28 14:10:00,61,7,38,46,7,46,40,245
2024-03-28 14:20:00,44,7,24,25,3,42,53,198
2024-03-28 14:30:00,52,8,20,21,8,43,54,206
2024-03-28 14:40:00,48,9,32,44,5,56,49,243
2024-03-28 14:50:00,54,2,26,44,6,38,52,222
2024-03-28 15:00:00,41,9,24,31,9,40,55,209
2024-03-28 15:10:00,51,6,27,29,5,45,57,220
2024-03-28 15:20:00,56,8,34,37,5,52,58,250
2024-03-28 15:30:00,42,7,37,37,8,51,53,235
2024-03-28 15:40:00,49,3,32,29,4,70,66,253
2024-03-28 15:50:00,42,12,18,29,4,56,57,218
2024-03-28 16:00:00,41,10,32,38,12,62,48,243
2024-03-28 16:10:00,48,5,28,34,6,58,63,242
2024-03-28 16:20:00,44,6,32,40,4,49,68,243
2024-03-28 16:30:00,64,11,33,47,2,54,54,265
2024-03-28 16:40:00,54,7,34,30,9,57,63,254
2024-03-28 16:50:00,52,8,37,33,5,54,57,246
2024-03-28 17:00:00,43,11,40,43,7,48,49,241
2024-03-28 17:10:00,57,4,25,35,5,48,56,230
2024-03-28 17:20:00,44,6,25,32,3,55,60,225
2024-03-28 17:30:00,59,19,26,31,5,58,61,259
2024-03-28 17:40:00,40,15,24,24,12,49,67,231
2024-03-28 17:50:00,41,13,24,23,2,54,66,223
2024-03-28 18:00:00,52,5,26,31,8,39,52,213
2024-03-28 18:10:00,66,2,33,39,3,46,51,240
2024-03-28 18:20:00,47,10,22,18,4,49,59,209
2024-03-28 18:30:00,34,7,27,32,1,43,58,202
2024-03-28 18:40:00,44,4,30,26,6,48,55,213
2024-03-28 18:50:00,47,4,18,30,0,43,54,196
2024-03-28 19:00:00,28,1,17,30,1,30,58,165
2024-03-28 19:10:00,34,4,19,22,2,37,40,158
2024-03-28 19:20:00,30,3,13,15,0,33,40,134
2024-03-28 19:30:00,32,7,28,34,2,25,45,173
2024-03-28 19:40:00,42,4,18,16,1,32,30,143
2024-03-28 19:50:00,26,2,16,18,1,40,47,150
2024-03-28 20:00:00,28,2,13,20,2,40,49,154
2024-03-28 20:10:00,19,6,14,21,0,28,37,125
2024-03-28 20:20:00,28,5,11,23,4,35,34,140
2024-03-28 20:30:00,27,7,17,15,1,29,39,135
2024-03-28 20:40:00,30,5,11,21,2,19,23,111
2024-03-28 20:50:00,17,3,11,14,0,16,30,91
2024-03-28 21:00:00,16,3,6,11,0,16,26,78
2024-03-28 21:10:00,15,4,13,16,0,17,19,84
2024-03-28 21:20:00,14,4,4,10,0,16,23,71
2024-03-28 21:30:00,17,1,9,11,1,19,21,79
2024-03-28 21:40:00,20,4,12,16,0,25,27,104
2024-03-28 21:50:00,15,1,11,16,0,9,22,74
2024-03-28 22:00:00,10,2,8,13,0,14,18,65
2024-03-28 22:10:00,10,2,7,15,0,10,12,56
2024-03-28 22:20:00,17,0,5,13,0,19,23,77
2024-03-28 22:30:00,13,1,7,13,1,10,10,55
2024-03-28 22:40:00,10,1,8,10,0,12,17,58
2024-03-28 22:50:00,7,2,6,18,0,13,14,60
2024-03-28 23:00:00,6,0,4,8,0,11,11,40
2024-03-28 23:10:00,9,1,4,8,0,11,20,53
2024-03-28 23:20:00,6,1,4,6,0,13,12,42
2024-03-28 23:30:00,6,1,1,3,0,4,9,24
2024-03-28 23:40:00,5,0,3,6,0,13,10,37
2024-03-28 23:50:00,5,0,3,6,3,10,9,36
2024-03-29 00:00:00,6,1,1,2,1,5,5,21
2024-03-29 00:10:00,6,0,1,3,0,6,4,20
2024-03-29 00:20:00,5,0,2,3,0,7,7,24
2024-03-29 00:30:00,3,0,1,3,1,3,6,17
2024-03-29 00:40:00,1,0,3,4,1,6,8,23
2024-03-29 00:50:00,3,2,2,4,0,11,9,31
2024-03-29 01:00:00,6,0,3,9,0,0,7,25
2024-03-29 01:10:00,2,0,0,1,0,4,2,9
2024-03-29 01:20:00,1,0,2,3,0,4,5,15
2024-03-29 01:30:00,3,0,1,4,0,6,3,17
2024-03-29 01:40:00,1,0,1,3,0,2,5,12
2024-03-29 01:50:00,3,0,0,2,0,3,4,12
2024-03-29 02:00:00,2,0,1,5,0,1,0,9
2024-03-29 02:10:00,3,0,1,2,0,1,3,10
2024-03-29 02:20:00,2,0,0,0,0,2,3,7
2024-03-29 02:30:00,1,0,0,1,1,4,3,10
2024-03-29 02:40:00,1,0,3,7,0,1,3,15
2024-03-29 02:50:00,1,0,1,1,0,1,1,5
2024-03-29 03:00:00,1,0,3,5,0,1,2,12
2024-03-29 03:10:00,2,0,1,1,0,1,1,6
2024-03-29 03:20:00,1,0,0,1,0,1,2,5
2024-03-29 03:30:00,1,0,0,1,0,1,2,5
2024-03-29 03:40:00,0,0,0,1,0,2,0,3
2024-03-29 03:50:00,3,0,0,1,0,0,1,5
2024-03-29 04:00:00,5,1,0,1,0,0,2,9
2024-03-29 04:10:00,2,0,0,0,0,0,1,3
2024-03-29 04:20:00,1,0,0,1,0,2,1,5
2024-03-29 04:30:00,3,0,0,0,0,1,2,6
2024-03-29 04:40:00,3,0,2,3,0,0,0,8
2024-03-29 04:50:00,3,0,0,1,0,3,4,11
2024-03-29 05:00:00,1,0,2,5,0,0,1,9
2024-03-29 05:10:00,2,0,1,3,1,2,2,11
2024-03-29 05:20:00,5,0,2,3,0,1,2,13
2024-03-29 05:30:00,3,0,1,2,1,4,3,14
2024-03-29 05:40:00,4,0,2,1,0,2,5,14
2024-03-29 05:50:00,5,0,0,2,0,2,4,13
2024-03-29 06:00:00,4,0,3,4,0,1,5,17
2024-03-29 06:10:00,1,0,0,1,0,2,3,7
2024-03-29 06:20:00,3,1,1,3,0,1,3,12
2024-03-29 06:30:00,5,1,3,5,0,3,4,21
2024-03-29 06:40:00,4,0,2,6,0,4,8,24
2024-03-29 06:50:00,5,1,1,2,0,2,2,13
2024-03-29 07:00:00,3,0,3,2,0,1,1,10
2024-03-29 07:10:00,4,1,0,1,0,2,3,11
2024-03-29 07:20:00,4,0,0,4,0,6,2,16
2024-03-29 07:30:00,5,1,4,6,0,1,5,22
2024-03-29 07:40:00,6,1,2,1,0,1,5,16
2024-03-29 07:50:00,9,1,1,2,1,3,8,25
2024-03-29 08:00:00,9,0,7,9,0,6,4,35
2024-03-29 08:10:00,8,0,8,6,0,2,4,28
2024-03-29 08:20:00,13,1,6,8,1,7,7,43
2024-03-29 08:30:00,14,1,3,11,0,4,14,47
2024-03-29 08:40:00,19,1,10,12,1,5,10,58
2024-03-29 08:50:00,11,3,10,11,1,5,8,49
2024-03-29 09:00:00,19,3,9,11,0,7,10,59
2024-03-29 09:10:00,13,3,5,10,1,2,15,49
2024-03-29 09:20:00,11,0,3,8,1,5,14,42
2024-03-29 09:30:00,26,1,11,17,0,6,22,83
2024-03-29 09:40:00,21,1,4,19,0,11,17,73
2024-03-29 09:50:00,23,0,10,23,0,17,16,89
2024-03-29 10:00:00,20,1,9,19,0,7,11,67
2024-03-29 10:10:00,25,4,8,14,2,7,16,76
2024-03-29 10:20:00,20,1,9,17,1,16,20,84
2024-03-29 10:30:00,24,1,7,18,0,13,17,80
2024-03-29 10:40:00,28,4,17,25,0,12,16,102
2024-03-29 10:50:00,24,1,12,15,0,22,19,93
2024-03-29 11:00:00,24,2,23,27,0,14,21,111
2024-03-29 11:10:00,25,1,16,21,1,15,16,95
2024-03-29 11:20:00,14,8,13,15,0,14,20,84
2024-03-29 11:30:00,35,6,7,11,0,14,21,94
2024-03-29 11:40:00,19,1,20,14,0,21,14,89
2024-03-29 11:50:00,25,4,10,13,0,27,25,104
2024-03-29 12:00:00,21,2,18,20,1,16,17,95
2024-03-29 12:10:00,20,1,21,16,3,16,21,98
2024-03-29 12:20:00,31,2,10,24,0,20,45,132
2024-03-29 12:30:00,37,4,13,21,2,16,15,108
2024-03-29 12:40:00,21,1,9,21,0,13,17,82
2024-03-29 12:50:00,24,3,12,15,1,14,29,98
2024-03-29 13:00:00,29,3,18,21,1,25,22,119
2024-03-29 13:10:00,23,2,10,15,0,14,21,85
2024-03-29 13:20:00,20,3,8,23,0,17,25,96
2024-03-29 13:30:00,33,1,7,17,0,20,25,103
2024-03-29 13:40:00,20,3,12,25,2,16,19,97
2024-03-29 13:50:00,28,3,18,24,0,18,33,124
2024-03-29 14:00:00,30,7,15,11,0,25,36,124
2024-03-29 14:10:00,27,3,13,21,0,22,33,119
2024-03-29 14:20:00,31,3,12,12,2,14,29,103
2024-03-29 14:30:00,23,2,16,27,0,19,29,116
2024-03-29 14:40:00,34,2,16,21,2,27,42,144
2024-03-29 14:50:00,25,5,15,25,1,27,39,137
2024-03-29 15:00:00,24,0,12,20,2,23,33,114
2024-03-29 15:10:00,20,3,12,20,1,27,36,119
2024-03-29 15:20:00,30,4,10,17,1,16,29,107
2024-03-29 15:30:00,25,4,14,22,1,18,20,104
2024-03-29 15:40:00,20,2,20,20,1,29,30,122
2024-03-29 15:50:00,32,6,10,19,1,21,30,119
2024-03-29 16:00:00,15,3,10,19,2,12,30,91
2024-03-29 16:10:00,30,2,15,15,0,29,13,104
2024-03-29 16:20:00,27,4,19,21,0,21,19,111
2024-03-29 16:30:00,26,5,10,20,1,16,33,111
2024-03-29 16:40:00,20,1,9,19,0,19,34,102
2024-03-29 16:50:00,21,3,13,23,0,18,24,102
2024-03-29 17:00:00,25,5,16,17,1,19,19,102
2024-03-29 17:10:00,24,1,16,26,0,19,31,117
2024-03-29 17:20:00,20,3,16,18,0,24,27,108
2024-03-29 17:30:00,17,7,16,23,1,18,29,111
2024-03-29 17:40:00,22,4,12,26,2,23,29,118
2024-03-29 17:50:00,27,7,14,17,3,13,38,119
2024-03-29 18:00:00,40,6,6,19,0,30,36,137
2024-03-29 18:10:00,29,3,11,21,0,27,26,117
2024-03-29 18:20:00,25,1,13,17,2,24,33,115
2024-03-29 18:30:00,22,2,13,22,0,21,26,106
2024-03-29 18:40:00,35,2,9,12,1,23,24,106
2024-03-29 18:50:00,21,4,7,16,0,16,30,94
2024-03-29 19:00:00,14,1,10,17,0,18,28,88
2024-03-29 19:10:00,19,6,14,21,0,17,22,99
2024-03-29 19:20:00,23,6,16,16,0,13,21,95
2024-03-29 19:30:00,18,0,17,24,1,22,26,108
2024-03-29 19:40:00,13,3,12,13,0,15,10,66
2024-03-29 19:50:00,23,4,10,11,1,14,23,86
2024-03-29 20:00:00,18,6,12,12,0,12,20,80
2024-03-29 20:10:00,12,4,10,17,0,19,16,78
2024-03-29 20:20:00,15,1,6,12,1,13,20,68
2024-03-29 20:30:00,16,0,5,9,0,11,16,57
2024-03-29 20:40:00,21,2,6,11,0,7,17,64
2024-03-29 20:50:00,20,1,7,17,0,7,10,62
2024-03-29 21:00:00,21,4,8,9,0,10,11,63
2024-03-29 21:10:00,6,1,10,20,0,18,18,73
2024-03-29 21:20:00,15,2,6,10,0,9,22,64
2024-03-29 21:30:00,23,6,7,13,0,11,13,73
2024-03-29 21:40:00,14,2,3,4,0,9,15,47
2024-03-29 21:50:00,13,1,1,8,0,9,12,44
2024-03-29 22:00:00,6,0,4,9,0,10,14,43
2024-03-29 22:10:00,9,0,5,7,0,7,13,41
2024-03-29 22:20:00,11,1,2,11,0,12,15,52
2024-03-29 22:30:00,8,1,5,11,0,13,11,49
2024-03-29 22:40:00,4,3,3,7,0,10,14,41
2024-03-29 22:50:00,10,1,0,3,0,13,13,40
2024-03-29 23:00:00,8,2,3,7,0,11,5,36
2024-03-29 23:10:00,7,1,1,2,1,8,14,34
2024-03-29 23:20:00,3,0,3,8,0,5,9,28
2024-03-29 23:30:00,4,3,3,3,1,9,14,37
2024-03-29 23:40:00,5,0,3,4,1,7,9,29
2024-03-29 23:50:00,8,0,1,3,0,5,4,21
2024-03-30 00:00:00,2,0,0,3,0,3,8,16
2024-03-30 00:10:00,6,0,3,6,0,8,7,30
2024-03-30 00:20:00,3,0,3,5,0,3,6,20
2024-03-30 00:30:00,5,0,3,7,0,5,3,23
2024-03-30 00:40:00,7,0,3,5,1,4,4,24
2024-03-30 00:50:00,1,0,2,2,0,4,6,15
2024-03-30 01:00:00,6,0,1,3,0,4,5,19
2024-03-30 01:10:00,0,0,2,1,0,4,4,11
2024-03-30 01:20:00,4,0,2,1,0,3,4,14
2024-03-30 01:30:00,7,0,0,2,0,3,4,16
2024-03-30 01:40:00,0,0,2,5,0,0,0,7
2024-03-30 01:50:00,4,0,0,3,0,3,5,15
2024-03-30 02:00:00,1,0,1,5,1,4,2,14
2024-03-30 02:10:00,4,0,1,1,0,3,2,11
2024-03-30 02:20:00,1,1,1,2,0,2,1,8
2024-03-30 02:30:00,3,0,0,0,0,2,1,6
2024-03-30 02:40:00,1,0,1,1,0,1,1,5
2024-03-30 02:50:00,0,0,0,0,0,1,0,1
2024-03-30 03:00:00,0,1,1,1,0,1,1,5
2024-03-30 03:10:00,1,1,1,2,1,4,3,13
2024-03-30 03:20:00,2,0,1,3,1,3,4,14
2024-03-30 03:30:00,0,0,1,1,0,4,1,7
2024-03-30 03:40:00,0,0,1,1,0,1,1,4
2024-03-30 03:50:00,3,0,1,2,0,4,0,10
2024-03-30 04:00:00,1,0,1,1,0,1,1,5
2024-03-30 04:10:00,1,1,0,0,0,1,1,4
2024-03-30 04:20:00,8,0,3,3,0,2,4,20
2024-03-30 04:30:00,4,0,2,5,0,2,2,15
2024-03-30 04:40:00,4,1,3,3,0,2,2,15
2024-03-30 04:50:00,1,0,1,3,0,2,3,10
2024-03-30 05:00:00,0,0,3,4,0,1,3,11
2024-03-30 05:10:00,0,0,3,6,0,3,3,15
2024-03-30 05:20:00,3,1,2,3,1,2,4,16
2024-03-30 05:30:00,2,0,5,8,1,5,4,25
2024-03-30 05:40:00,6,0,2,4,0,3,0,15
2024-03-30 05:50:00,2,0,3,3,0,4,6,18
2024-03-30 06:00:00,3,0,5,7,0,5,4,24
2024-03-30 06:10:00,2,0,3,5,0,3,4,17
2024-03-30 06:20:00,8,0,2,4,0,5,6,25
2024-03-30 06:30:00,7,0,1,5,0,5,6,24
2024-03-30 06:40:00,8,1,5,12,0,9,8,43
2024-03-30 06:50:00,17,1,10,9,1,9,5,52
2024-03-30 07:00:00,9,1,10,16,1,3,2,42
2024-03-30 07:10:00,20,2,9,14,0,4,8,57
2024-03-30 07:20:00,21,0,15,18,0,5,8,67
2024-03-30 07:30:00,20,1,5,17,1,8,16,68
2024-03-30 07:40:00,19,1,11,13,0,9,10,63
2024-03-30 07:50:00,20,3,14,17,1,12,16,83
2024-03-30 08:00:00,25,0,13,13,1,14,12,78
2024-03-30 08:10:00,33,5,17,19,0,16,17,107
2024-03-30 08:20:00,27,2,11,17,3,16,19,95
2024-03-30 08:30:00,32,2,12,19,0,17,23,105
2024-03-30 08:40:00,41,1,27,41,0,19,25,154
2024-03-30 08:50:00,40,6,26,22,4,23,25,146
2024-03-30 09:00:00,40,5,18,21,2,22,21,129
2024-03-30 09:10:00,42,5,30,31,2,18,28,156
2024-03-30 09:20:00,38,4,25,25,3,21,32,148
2024-03-30 09:30:00,38,2,26,26,3,20,35,150
2024-03-30 09:40:00,59,2,30,37,1,22,53,204
2024-03-30 09:50:00,66,4,25,36,1,45,56,233
2024-03-30 10:00:00,51,7,19,34,0,28,47,186
2024-03-30 10:10:00,51,11,20,41,4,30,48,205
2024-03-30 10:20:00,58,3,31,42,2,33,44,213
2024-03-30 10:30:00,58,4,30,49,2,33,33,209
2024-03-30 10:40:00,60,3,34,56,4,33,38,228
2024-03-30 10:50:00,52,3,24,40,1,32,43,195
2024-03-30 11:00:00,54,3,28,44,1,34,42,206
2024-03-30 11:10:00,33,5,23,37,1,35,49,183
2024-03-30 11:20:00,44,3,25,46,2,30,60,210
2024-03-30 11:30:00,60,1,24,35,6,26,49,201
2024-03-30 11:40:00,53,3,18,46,3,26,44,193
2024-03-30 11:50:00,47,3,22,38,0,29,40,179
2024-03-30 12:00:00,39,7,26,38,0,42,42,194
2024-03-30 12:10:00,51,6,28,37,2,45,39,208
2024-03-30 12:20:00,51,5,23,38,1,44,43,205
2024-03-30 12:30:00,55,5,26,35,1,28,50,200
2024-03-30 12:40:00,49,9,27,35,1,34,46,201
2024-03-30 12:50:00,59,6,22,36,1,36,47,207
2024-03-30 13:00:00,47,6,23,39,1,29,39,184
2024-03-30 13:10:00,36,1,20,33,0,37,50,177
2024-03-30 13:20:00,45,5,29,37,1,33,39,189
2024-03-30 13:30:00,48,5,19,28,1,34,51,186
2024-03-30 13:40:00,42,6,25,34,6,37,31,181
2024-03-30 13:50:00,45,0,21,37,2,26,39,170
2024-03-30 14:00:00,44,6,20,31,1,35,44,181
2024-03-30 14:10:00,47,2,21,31,2,30,39,172
2024-03-30 14:20:00,41,3,20,26,0,31,42,163
2024-03-30 14:30:00,34,7,16,21,0,27,38,143
2024-03-30 14:40:00,44,6,20,20,2,21,38,151
2024-03-30 14:50:00,44,4,14,21,0,36,43,162
2024-03-30 15:00:00,34,4,19,22,3,26,45,153
2024-03-30 15:10:00,39,3,19,19,2,32,45,159
2024-03-30 15:20:00,29,9,20,28,0,31,47,164
2024-03-30 15:30:00,40,3,14,25,1,34,43,160
2024-03-30 15:40:00,43,1,17,21,1,28,35,146
2024-03-30 15:50:00,28,5,19,29,0,23,34,138
2024-03-30 16:00:00,34,3,21,23,2,32,34,149
2024-03-30 16:10:00,41,4,18,19,5,30,36,153
2024-03-30 16:20:00,33,9,22,30,1,23,30,148
2024-03-30 16:30:00,39,4,21,27,1,26,34,152
2024-03-30 16:40:00,39,5,16,26,2,31,38,157
2024-03-30 16:50:00,27,4,14,23,0,22,35,125
2024-03-30 17:00:00,28,1,28,35,1,31,54,178
2024-03-30 17:10:00,33,3,19,18,0,40,54,167
2024-03-30 17:20:00,41,3,25,24,3,33,37,166
2024-03-30 17:30:00,46,4,12,22,1,21,51,157
2024-03-30 17:40:00,45,2,14,22,3,31,41,158
2024-03-30 17:50:00,22,1,13,19,0,41,51,147
2024-03-30 18:00:00,36,5,19,18,0,41,45,164
2024-03-30 18:10:00,26,5,17,24,1,35,43,151
2024-03-30 18:20:00,41,2,16,21,1,32,47,160
2024-03-30 18:30:00,27,6,16,16,1,28,34,128
2024-03-30 18:40:00,34,3,18,31,0,25,38,149
2024-03-30 18:50:00,27,3,15,22,1,27,40,135
2024-03-30 19:00:00,27,2,14,22,2,24,33,124
2024-03-30 19:10:00,27,5,8,20,1,16,39,116
2024-03-30 19:20:00,29,3,8,17,3,26,41,127
2024-03-30 19:30:00,32,3,7,27,1,26,28,124
2024-03-30 19:40:00,28,3,9,19,1,13,19,92
2024-03-30 19:50:00,18,1,8,12,0,20,33,92
2024-03-30 20:00:00,18,2,14,17,0,19,26,96
2024-03-30 20:10:00,26,4,7,13,0,19,30,99
2024-03-30 20:20:00,19,6,13,17,0,17,33,105
2024-03-30 20:30:00,21,4,10,11,0,23,23,92
2024-03-30 20:40:00,16,3,11,16,1,21,22,90
2024-03-30 20:50:00,14,3,8,14,0,14,13,66
2024-03-30 21:00:00,12,0,4,7,0,12,22,57
2024-03-30 21:10:00,14,2,8,21,2,12,17,76
2024-03-30 21:20:00,16,1,7,14,0,18,13,69
2024-03-30 21:30:00,13,0,5,10,0,11,18,57
2024-03-30 21:40:00,17,3,8,10,0,18,26,82
2024-03-30 21:50:00,8,2,9,13,0,15,14,61
2024-03-30 22:00:00,11,0,5,8,1,14,30,69
2024-03-30 22:10:00,19,3,7,10,0,9,17,65
2024-03-30 22:20:00,8,1,4,6,2,16,10,47
2024-03-30 22:30:00,7,1,8,15,0,10,16,57
2024-03-30 22:40:00,9,1,3,9,0,11,14,47
2024-03-30 22:50:00,7,3,7,14,0,12,15,58
2024-03-30 23:00:00,16,2,4,10,0,16,19,67
2024-03-30 23:10:00,13,1,5,7,0,6,13,45
2024-03-30 23:20:00,4,1,2,4,0,11,16,38
2024-03-30 23:30:00,10,0,4,4,0,6,15,39
2024-03-30 23:40:00,4,0,3,8,0,6,9,30
2024-03-30 23:50:00,5,1,1,3,0,6,11,27
2024-03-31 00:00:00,6,0,3,7,0,8,7,31
2024-03-31 00:10:00,6,0,2,5,0,7,3,23
2024-03-31 00:20:00,3,0,0,1,0,3,5,12
2024-03-31 00:30:00,3,0,2,4,0,8,9,26
2024-03-31 00:40:00,2,0,2,3,1,6,5,19
2024-03-31 00:50:00,4,0,1,7,0,14,7,33
2024-03-31 01:00:00,2,0,4,5,0,5,8,24
2024-03-31 01:10:00,5,1,2,5,0,4,7,24
2024-03-31 01:20:00,2,0,3,8,0,1,3,17
2024-03-31 01:30:00,3,0,1,4,0,3,1,12
2024-03-31 01:40:00,2,0,3,5,0,3,3,16
2024-03-31 01:50:00,1,0,1,3,1,4,3,13
2024-03-31 02:00:00,0,0,0,0,0,0,0,0
2024-03-31 02:10:00,0,0,0,0,0,0,0,0
2024-03-31 02:20:00,0,0,0,0,0,0,0,0
2024-03-31 02:30:00,0,0,0,0,0,0,0,0
2024-03-31 02:40:00,0,0,0,0,0,0,0,0
2024-03-31 02:50:00,0,0,0,0,0,0,0,0
2024-03-31 03:00:00,3,0,2,3,0,2,3,13
2024-03-31 03:10:00,1,0,1,4,3,4,6,19
2024-03-31 03:20:00,6,0,0,3,1,2,1,13
2024-03-31 03:30:00,1,0,1,2,0,5,1,10
2024-03-31 03:40:00,3,0,0,1,0,1,4,9
2024-03-31 03:50:00,0,0,1,1,0,6,4,12
2024-03-31 04:00:00,0,1,0,3,0,3,2,9
2024-03-31 04:10:00,5,0,1,3,0,1,3,13
2024-03-31 04:20:00,2,0,3,3,0,1,3,12
2024-03-31 04:30:00,4,0,2,4,0,2,7,19
2024-03-31 04:40:00,3,0,2,1,0,3,1,10
2024-03-31 04:50:00,2,0,2,3,0,3,3,13
2024-03-31 05:00:00,2,1,1,2,0,2,3,11
2024-03-31 05:10:00,2,0,3,3,0,2,3,13
2024-03-31 05:20:00,2,0,3,3,0,3,5,16
2024-03-31 05:30:00,2,0,0,2,0,0,2,6
2024-03-31 05:40:00,4,0,1,2,0,2,1,10
2024-03-31 05:50:00,1,1,0,2,1,7,3,15
2024-03-31 06:00:00,3,0,1,2,0,2,1,9
2024-03-31 06:10:00,1,0,0,2,0,2,2,7
2024-03-31 06:20:00,0,0,3,4,0,2,4,13
2024-03-31 06:30:00,1,0,1,3,0,0,1,6
2024-03-31 06:40:00,3,0,1,1,0,3,1,9
2024-03-31 06:50:00,2,0,2,4,0,5,3,16
2024-03-31 07:00:00,1,0,2,3,0,2,1,9
2024-03-31 07:10:00,4,1,2,3,0,2,3,15
2024-03-31 07:20:00,6,2,1,6,0,6,2,23
2024-03-31 07:30:00,3,0,0,2,0,2,3,10
2024-03-31 07:40:00,4,2,5,8,0,1,2,22
2024-03-31 07:50:00,5,0,5,6,0,2,3,21
2024-03-31 08:00:00,0,0,2,4,0,3,2,11
2024-03-31 08:10:00,4,2,2,4,0,1,7,20
2024-03-31 08:20:00,3,2,2,4,0,5,3,19
2024-03-31 08:30:00,6,1,7,10,1,2,5,32
2024-03-31 08:40:00,11,2,7,8,1,8,5,42
2024-03-31 08:50:00,6,0,5,5,3,6,6,31
2024-03-31 09:00:00,11,2,9,17,1,7,12,59
2024-03-31 09:10:00,9,2,5,11,0,6,12,45
2024-03-31 09:20:00,8,4,9,20,0,16,12,69
2024-03-31 09:30:00,20,2,8,13,3,11,14,71
2024-03-31 09:40:00,22,1,16,18,0,19,16,92
2024-03-31 09:50:00,25,5,15,12,0,12,19,88
2024-03-31 10:00:00,24,2,8,13,1,21,16,85
2024-03-31 10:10:00,19,4,10,15,1,6,12,67
2024-03-31 10:20:00,27,4,6,19,0,13,20,89
2024-03-31 10:30:00,26,2,8,22,3,11,19,91
2024-03-31 10:40:00,26,4,11,20,2,17,22,102
2024-03-31 10:50:00,25,2,17,19,0,10,22,95
2024-03-31 11:00:00,36,4,12,25,0,19,16,112
2024-03-31 11:10:00,20,6,10,19,2,18,20,95
2024-03-31 11:20:00,32,3,22,25,1,16,30,129
2024-03-31 11:30:00,36,1,17,20,1,20,23,118
2024-03-31 11:40:00,44,1,16,25,1,24,29,140
2024-03-31 11:50:00,39,9,13,14,2,27,28,132
2024-03-31 12:00:00,44,3,10,26,0,24,34,141
2024-03-31 12:10:00,17,13,14,22,3,22,25,116
2024-03-31 12:20:00,28,0,12,19,3,27,39,128
2024-03-31 12:30:00,25,2,12,21,2,23,36,121
2024-03-31 12:40:00,37,3,10,28,1,8,29,116
2024-03-31 12:50:00,28,1,8,12,1,29,39,118
2024-03-31 13:00:00,36,7,18,20,2,24,31,138
2024-03-31 13:10:00,34,4,13,18,2,19,28,118
2024-03-31 13:20:00,34,2,11,22,1,16,23,109
2024-03-31 13:30:00,29,2,15,18,0,21,31,116
2024-03-31 13:40:00,30,2,12,24,4,22,25,119
2024-03-31 13:50:00,26,7,15,13,4,16,37,118
2024-03-31 14:00:00,29,3,17,28,1,18,41,137
2024-03-31 14:10:00,31,5,14,21,1,19,34,125
2024-03-31 14:20:00,32,6,17,27,1,25,32,140
2024-03-31 14:30:00,34,4,17,33,1,28,24,141
2024-03-31 14:40:00,29,7,16,23,0,19,32,126
2024-03-31 14:50:00,42,6,17,24,1,27,30,147
2024-03-31 15:00:00,34,3,16,29,0,28,42,152
2024-03-31 15:10:00,25,1,7,13,0,22,32,100
2024-03-31 15:20:00,35,1,11,19,1,18,38,123
2024-03-31 15:30:00,27,3,5,18,2,19,30,104
2024-03-31 15:40:00,18,4,17,17,1,34,27,118
2024-03-31 15:50:00,27,4,11,20,1,20,28,111
2024-03-31 16:00:00,22,4,12,20,0,14,27,99
2024-03-31 16:10:00,33,4,10,13,0,15,29,104
2024-03-31 16:20:00,23,3,20,24,1,18,33,122
2024-03-31 16:30:00,31,3,9,20,4,24,23,114
2024-03-31 16:40:00,31,3,16,22,1,28,34,135
2024-03-31 16:50:00,29,6,8,18,3,21,27,112
2024-03-31 17:00:00,28,3,5,17,1,29,30,113
2024-03-31 17:10:00,29,3,20,31,0,17,33,133
2024-03-31 17:20:00,28,5,17,24,2,26,32,134
2024-03-31 17:30:00,23,4,11,20,1,20,32,111
2024-03-31 17:40:00,37,3,14,18,2,28,28,130
2024-03-31 17:50:00,28,3,19,16,1,22,33,122
2024-03-31 18:00:00,38,4,14,20,0,24,36,136
2024-03-31 18:10:00,29,4,17,30,4,25,32,141
2024-03-31 18:20:00,34,1,9,19,0,27,20,110
2024-03-31 18:30:00,21,2,11,25,0,24,29,112
2024-03-31 18:40:00,26,5,12,16,0,23,29,111
2024-03-31 18:50:00,29,1,17,24,3,19,24,117
2024-03-31 19:00:00,27,3,15,23,0,20,32,120
2024-03-31 19:10:00,29,4,13,13,0,30,30,119
2024-03-31 19:20:00,29,0,19,26,0,27,34,135
2024-03-31 19:30:00,23,4,12,18,2,21,36,116
2024-03-31 19:40:00,23,2,9,13,0,19,31,97
2024-03-31 19:50:00,28,4,10,16,0,24,32,114
2024-03-31 20:00:00,16,1,10,16,0,22,14,79
2024-03-31 20:10:00,13,3,7,13,0,19,36,91
2024-03-31 20:20:00,18,5,10,16,2,16,14,81
2024-03-31 20:30:00,15,2,6,10,0,14,18,65
2024-03-31 20:40:00,21,0,8,15,0,22,22,88
2024-03-31 20:50:00,22,2,4,12,0,18,22,80
2024-03-31 21:00:00,23,2,8,15,0,10,15,73
2024-03-31 21:10:00,17,2,12,15,1,12,22,81
2024-03-31 21:20:00,12,1,10,11,0,11,16,61
2024-03-31 21:30:00,15,3,9,10,2,12,22,73
2024-03-31 21:40:00,16,1,8,16,0,19,18,78
2024-03-31 21:50:00,14,1,4,8,1,18,22,68
2024-03-31 22:00:00,16,1,9,21,0,16,12,75
2024-03-31 22:10:00,12,0,6,9,0,7,16,50
2024-03-31 22:20:00,9,0,3,4,0,10,15,41
2024-03-31 22:30:00,12,1,4,10,1,12,12,52
2024-03-31 22:40:00,10,2,3,5,0,6,15,41
2024-03-31 22:50:00,4,0,9,12,0,10,14,49
2024-03-31 23:00:00,10,1,2,6,2,11,14,46
2024-03-31 23:10:00,5,0,3,9,0,12,11,40
2024-03-31 23:20:00,6,1,1,6,0,1,10,25
2024-03-31 23:30:00,9,1,2,4,0,9,8,33
2024-03-31 23:40:00,6,0,3,6,0,8,8,31
2024-03-31 23:50:00,4,0,2,3,0,6,8,23
2024-04-01 00:00:00,4,0,1,9,0,6,7,27
2024-04-01 00:10:00,2,0,2,2,0,4,4,14
2024-04-01 00:20:00,2,0,0,4,0,8,6,20
2024-04-01 00:30:00,2,0,3,3,0,4,8,20
2024-04-01 00:40:00,4,0,4,8,0,4,4,24
2024-04-01 00:50:00,2,0,1,4,0,3,9,19
2024-04-01 01:00:00,2,0,2,7,0,2,4,17
2024-04-01 01:10:00,2,0,1,3,0,4,10,20
2024-04-01 01:20:00,2,2,0,1,0,5,3,13
2024-04-01 01:30:00,5,2,0,2,0,6,4,19
2024-04-01 01:40:00,1,0,1,4,0,4,4,14
2024-04-01 01:50:00,2,0,1,5,0,3,3,14
2024-04-01 02:00:00,2,0,1,1,0,4,4,12
2024-04-01 02:10:00,2,0,1,5,0,3,5,16
2024-04-01 02:20:00,4,0,0,1,0,1,4,10
2024-04-01 02:30:00,2,0,1,2,0,1,4,10
2024-04-01 02:40:00,0,0,3,4,0,3,2,12
2024-04-01 02:50:00,4,0,0,3,0,2,7,16
2024-04-01 03:00:00,3,1,1,3,0,4,2,14
2024-04-01 03:10:00,2,0,1,1,0,2,4,10
2024-04-01 03:20:00,1,0,0,1,0,1,1,4
2024-04-01 03:30:00,1,0,0,1,0,5,4,11
2024-04-01 03:40:00,3,0,0,1,0,1,0,5
2024-04-01 03:50:00,1,0,1,1,0,2,2,7
2024-04-01 04:00:00,2,0,0,4,0,1,0,7
2024-04-01 04:10:00,1,0,0,1,0,1,3,6
2024-04-01 04:20:00,2,0,0,2,0,0,0,4
2024-04-01 04:30:00,3,0,0,0,0,1,1,5
2024-04-01 04:40:00,3,0,0,1,0,0,2,6
2024-04-01 04:50:00,1,0,0,0,0,1,1,3
2024-04-01 05:00:00,1,0,0,1,0,3,3,8
2024-04-01 05:10:00,4,0,3,6,0,2,1,16
2024-04-01 05:20:00,7,1,2,6,0,0,1,17
2024-04-01 05:30:00,2,0,1,3,0,2,4,12
2024-04-01 05:40:00,2,0,2,3,2,3,2,14
2024-04-01 05:50:00,2,0,1,2,0,2,2,9
2024-04-01 06:00:00,0,0,1,1,0,3,1,6
2024-04-01 06:10:00,1,0,1,1,0,1,2,6
2024-04-01 06:20:00,3,0,5,6,0,2,4,20
2024-04-01 06:30:00,3,0,1,3,0,1,2,10
2024-04-01 06:40:00,4,0,2,3,0,0,5,14
2024-04-01 06:50:00,1,1,1,3,0,3,4,13
2024-04-01 07:00:00,1,1,3,4,0,3,2,14
2024-04-01 07:10:00,3,0,1,2,0,1,3,10
2024-04-01 07:20:00,4,0,0,1,0,4,2,11
2024-04-01 07:30:00,1,0,1,2,0,1,2,7
2024-04-01 07:40:00,2,2,4,4,0,5,2,19
2024-04-01 07:50:00,3,0,0,3,0,1,3,10
2024-04-01 08:00:00,4,2,6,10,0,4,1,27
2024-04-01 08:10:00,7,1,4,6,1,1,2,22
2024-04-01 08:20:00,4,1,5,7,0,5,3,25
2024-04-01 08:30:00,4,0,3,2,1,2,4,16
2024-04-01 08:40:00,3,0,6,9,0,5,4,27
2024-04-01 08:50:00,7,0,4,6,0,2,6,25
2024-04-01 09:00:00,9,6,7,10,0,3,7,42
2024-04-01 09:10:00,7,2,12,13,0,6,10,50
2024-04-01 09:20:00,12,5,7,10,2,6,6,48
2024-04-01 09:30:00,16,2,9,8,0,5,11,51
2024-04-01 09:40:00,21,0,12,21,0,14,8,76
2024-04-01 09:50:00,24,3,6,11,0,17,12,73
2024-04-01 10:00:00,13,1,7,13,1,11,14,60
2024-04-01 10:10:00,14,1,7,18,0,11,9,60
2024-04-01 10:20:00,14,3,6,12,0,12,20,67
2024-04-01 10:30:00,21,3,12,19,1,15,6,77
2024-04-01 10:40:00,22,1,8,19,1,15,15,81
2024-04-01 10:50:00,28,4,18,23,3,17,16,109
2024-04-01 11:00:00,34,6,12,18,2,12,18,102
2024-04-01 11:10:00,19,2,10,16,0,22,20,89
2024-04-01 11:20:00,27,4,16,19,0,25,19,110
2024-04-01 11:30:00,31,4,19,21,2,13,14,104
2024-04-01 11:40:00,20,4,16,18,0,18,34,110
2024-04-01 11:50:00,33,3,13,17,0,20,22,108
2024-04-01 12:00:00,30,3,13,21,1,14,34,116
2024-04-01 12:10:00,23,9,14,16,2,21,34,119
2024-04-01 12:20:00,23,6,16,25,2,15,35,122
2024-04-01 12:30:00,20,2,18,18,2,16,32,108
2024-04-01 12:40:00,23,2,12,20,1,21,27,106
2024-04-01 12:50:00,23,1,13,22,0,24,28,111
2024-04-01 13:00:00,22,4,11,12,3,22,22,96
2024-04-01 13:10:00,25,5,8,14,0,25,24,101
2024-04-01 13:20:00,27,7,16,12,2,18,29,111
2024-04-01 13:30:00,29,2,14,20,1,23,24,113
2024-04-01 13:40:00,30,2,9,20,0,17,23,101
2024-04-01 13:50:00,23,2,16,19,1,24,43,128
2024-04-01 14:00:00,30,3,21,23,2,26,20,125
2024-04-01 14:10:00,36,3,17,24,0,22,25,127
2024-04-01 14:20:00,28,3,8,18,1,17,25,100
2024-04-01 14:30:00,31,8,17,23,0,13,26,118
2024-04-01 14:40:00,29,5,23,24,0,20,32,133
2024-04-01 14:50:00,28,5,12,21,2,19,36,123
2024-04-01 15:00:00,42,6,13,25,1,25,36,148
2024-04-01 15:10:00,34,9,14,17,1,27,40,142
2024-04-01 15:20:00,25,2,13,26,2,25,26,119
2024-04-01 15:30:00,24,4,12,20,0,23,32,115
2024-04-01 15:40:00,28,2,14,17,1,18,27,107
2024-04-01 15:50:00,24,3,12,13,1,18,25,96
2024-04-01 16:00:00,30,5,20,25,0,26,26,132
2024-04-01 16:10:00,28,4,11,21,0,19,33,116
2024-04-01 16:20:00,23,5,8,15,2,20,35,108
2024-04-01 16:30:00,25,6,8,16,3,22,25,105
2024-04-01 16:40:00,31,8,14,15,0,14,30,112
2024-04-01 16:50:00,34,3,18,21,0,32,23,131
2024-04-01 17:00:00,31,7,11,15,2,31,30,127
2024-04-01 17:10:00,26,3,21,19,3,23,32,127
2024-04-01 17:20:00,26,1,12,23,0,23,29,114
2024-04-01 17:30:00,30,9,26,27,2,23,34,151
2024-04-01 17:40:00,32,2,12,23,0,30,42,141
2024-04-01 17:50:00,27,6,15,25,1,30,33,137
2024-04-01 18:00:00,33,2,11,20,1,29,34,130
2024-04-01 18:10:00,19,3,17,22,0,32,34,127
2024-04-01 18:20:00,22,7,14,24,1,18,37,123
2024-04-01 18:30:00,27,5,12,18,3,17,31,113
2024-04-01 18:40:00,19,0,16,28,2,26,27,118
2024-04-01 18:50:00,30,0,16,17,1,18,23,105
2024-04-01 19:00:00,31,1,11,18,0,24,28,113
2024-04-01 19:10:00,24,0,17,21,0,24,22,108
2024-04-01 19:20:00,25,7,14,18,4,22,22,112
2024-04-01 19:30:00,18,2,12,18,1,15,39,105
2024-04-01 19:40:00,10,5,9,18,2,16,31,91
2024-04-01 19:50:00,21,8,12,19,0,15,27,102
2024-04-01 20:00:00,19,4,11,9,0,21,23,87
2024-04-01 20:10:00,24,4,6,9,1,14,36,94
2024-04-01 20:20:00,15,2,7,16,0,15,20,75
2024-04-01 20:30:00,20,1,11,14,0,13,15,74
2024-04-01 20:40:00,19,1,6,15,0,9,19,69
2024-04-01 20:50:00,28,3,3,8,1,16,18,77
2024-04-01 21:00:00,12,2,3,11,2,18,19,67
2024-04-01 21:10:00,11,1,8,16,0,13,13,62
2024-04-01 21:20:00,10,3,8,15,1,17,21,75
2024-04-01 21:30:00,14,1,7,11,0,15,16,64
2024-04-01 21:40:00,8,2,4,12,0,12,13,51
2024-04-01 21:50:00,10,1,5,12,0,10,28,66
2024-04-01 22:00:00,20,2,3,9,0,10,17,61
2024-04-01 22:10:00,11,0,3,10,0,14,21,59
2024-04-01 22:20:00,12,0,4,9,1,12,13,51
2024-04-01 22:30:00,10,1,3,4,0,12,16,46
2024-04-01 22:40:00,7,3,4,7,0,11,13,45
2024-04-01 22:50:00,3,2,6,9,1,14,12,47
2024-04-01 23:00:00,8,1,3,7,0,9,12,40
2024-04-01 23:10:00,5,0,4,2,0,6,4,21
2024-04-01 23:20:00,13,0,2,5,0,7,8,35
2024-04-01 23:30:00,8,0,3,6,0,9,9,35
2024-04-01 23:40:00,6,0,5,5,0,1,8,25
2024-04-01 23:50:00,6,0,4,8,0,11,11,40
2024-04-02 00:00:00,1,1,2,3,0,6,6,19
2024-04-02 00:10:00,3,0,2,7,0,4,7,23
2024-04-02 00:20:00,0,1,0,0,0,1,7,9
2024-04-02 00:30:00,4,0,1,2,1,2,4,14
2024-04-02 00:40:00,3,0,3,8,0,5,2,21
2024-04-02 00:50:00,6,0,1,2,0,2,5,16
2024-04-02 01:00:00,2,0,1,1,0,0,2,6
2024-04-02 01:10:00,4,0,0,2,0,4,2,12
2024-04-02 01:20:00,3,0,1,3,0,3,4,14
2024-04-02 01:30:00,0,0,0,0,0,1,1,2
2024-04-02 01:40:00,2,0,0,0,0,2,3,7
2024-04-02 01:50:00,1,0,0,2,0,1,2,6
2024-04-02 02:00:00,1,0,0,6,2,3,3,15
2024-04-02 02:10:00,1,1,0,0,0,1,1,4
2024-04-02 02:20:00,1,0,0,0,0,0,2,3
2024-04-02 02:30:00,2,0,0,0,0,1,0,3
2024-04-02 02:40:00,3,0,0,0,0,0,2,5
2024-04-02 02:50:00,0,0,0,0,0,3,3,6
2024-04-02 03:00:00,0,0,1,0,0,2,0,3
2024-04-02 03:10:00,1,0,1,1,0,2,2,7
2024-04-02 03:20:00,4,0,1,2,2,2,1,12
2024-04-02 03:30:00,1,1,1,2,0,1,0,6
2024-04-02 03:40:00,0,0,1,1,0,2,1,5
2024-04-02 03:50:00,0,0,3,3,0,7,2,15
2024-04-02 04:00:00,3,0,2,3,0,0,2,10
2024-04-02 04:10:00,3,1,2,2,0,2,3,13
2024-04-02 04:20:00,2,0,1,2,0,3,3,11
2024-04-02 04:30:00,0,0,1,2,0,3,4,10
2024-04-02 04:40:00,4,1,2,3,0,3,4,17
2024-04-02 04:50:00,2,0,2,7,0,4,3,18
2024-04-02 05:00:00,6,0,3,8,0,4,7,28
2024-04-02 05:10:00,12,0,3,8,0,5,8,36
2024-04-02 05:20:00,11,3,6,9,1,10,7,47
2024-04-02 05:30:00,18,0,6,15,1,15,6,61
2024-04-02 05:40:00,15,1,7,11,0,6,3,43
2024-04-02 05:50:00,15,0,4,15,2,11,5,52
2024-04-02 06:00:00,14,2,8,17,0,7,5,53
2024-04-02 06:10:00,22,1,14,24,0,11,8,80
2024-04-02 06:20:00,16,0,10,26,0,14,11,77
2024-04-02 06:30:00,32,1,13,32,0,7,24,109
2024-04-02 06:40:00,23,2,20,28,2,11,19,105
2024-04-02 06:50:00,37,1,18,30,2,14,14,116
2024-04-02 07:00:00,29,4,8,27,2,19,21,110
2024-04-02 07:10:00,40,0,18,27,3,18,14,120
2024-04-02 07:20:00,38,5,20,23,1,21,21,129
2024-04-02 07:30:00,46,4,20,32,2,25,25,154
2024-04-02 07:40:00,52,1,25,42,2,33,35,190
2024-04-02 07:50:00,43,4,21,38,3,35,29,173
2024-04-02 08:00:00,42,6,18,32,3,29,28,158
2024-04-02 08:10:00,40,5,19,28,2,33,34,161
2024-04-02 08:20:00,48,4,20,31,2,38,38,181
2024-04-02 08:30:00,55,8,25,29,1,32,39,189
2024-04-02 08:40:00,50,4,22,35,4,28,37,180
2024-04-02 08:50:00,47,7,20,29,6,45,43,197
2024-04-02 09:00:00,42,6,24,34,3,35,27,171
2024-04-02 09:10:00,42,4,26,28,2,27,26,155
2024-04-02 09:20:00,44,3,23,26,4,29,39,168
2024-04-02 09:30:00,49,1,21,30,6,26,28,161
2024-04-02 09:40:00,47,5,28,40,2,34,39,195
2024-04-02 09:50:00,46,5,19,23,2,30,45,170
2024-04-02 10:00:00,45,9,25,25,2,22,40,168
2024-04-02 10:10:00,43,4,34,29,1,25,38,174
2024-04-02 10:20:00,46,7,22,22,6,28,37,168
2024-04-02 10:30:00,54,4,28,33,4,32,47,202
2024-04-02 10:40:00,50,6,30,39,1,43,48,217
2024-04-02 10:50:00,57,3,21,31,1,31,41,185
2024-04-02 11:00:00,46,8,26,23,5,31,32,171
2024-04-02 11:10:00,33,6,27,33,0,20,45,164
2024-04-02 11:20:00,47,6,20,35,5,24,45,182
2024-04-02 11:30:00,48,8,28,37,2,34,48,205
2024-04-02 11:40:00,39,8,28,42,2,36,38,193
2024-04-02 11:50:00,37,2,26,27,1,31,45,169
2024-04-02 12:00:00,39,0,23,31,4,31,46,174
2024-04-02 12:10:00,41,7,22,33,2,32,42,179
2024-04-02 12:20:00,45,2,24,25,2,29,38,165
2024-04-02 12:30:00,47,6,23,29,1,31,44,181
2024-04-02 12:40:00,37,3,23,35,3,34,35,170
2024-04-02 12:50:00,36,6,27,36,1,33,36,175
2024-04-02 13:00:00,60,10,23,33,2,31,34,193
2024-04-02 13:10:00,36,5,28,43,2,41,41,196
2024-04-02 13:20:00,45,3,29,26,5,46,46,200
2024-04-02 13:30:00,40,9,26,20,5,46,38,184
2024-04-02 13:40:00,47,6,23,40,1,33,33,183
2024-04-02 13:50:00,35,4,19,19,9,43,34,163
2024-04-02 14:00:00,42,5,24,26,8,38,40,183
2024-04-02 14:10:00,22,6,27,41,5,39,37,177
2024-04-02 14:20:00,45,2,22,26,5,39,43,182
2024-04-02 14:30:00,48,3,24,28,4,41,44,192
2024-04-02 14:40:00,51,3,27,38,6,37,61,223
2024-04-02 14:50:00,48,6,23,24,4,40,50,195
2024-04-02 15:00:00,52,11,22,29,5,38,51,208
2024-04-02 15:10:00,49,5,25,27,6,60,50,222
2024-04-02 15:20:00,44,7,18,34,3,47,47,200
2024-04-02 15:30:00,39,5,27,28,8,44,52,203
2024-04-02 15:40:00,40,6,18,27,5,44,48,188
2024-04-02 15:50:00,38,5,25,23,7,54,57,209
2024-04-02 16:00:00,50,4,22,37,9,40,45,207
2024-04-02 16:10:00,42,3,28,27,5,50,52,207
2024-04-02 16:20:00,49,8,17,35,10,54,53,226
2024-04-02 16:30:00,67,6,21,33,6,50,59,242
2024-04-02 16:40:00,49,7,30,33,6,32,54,211
2024-04-02 16:50:00,43,4,27,27,9,55,66,231
2024-04-02 17:00:00,46,4,26,21,6,45,53,201
2024-04-02 17:10:00,41,6,26,32,6,37,50,198
2024-04-02 17:20:00,50,5,21,32,7,53,59,227
2024-04-02 17:30:00,47,12,29,30,2,45,59,224
2024-04-02 17:40:00,50,4,22,31,8,45,72,232
2024-04-02 17:50:00,37,10,29,32,3,51,63,225
2024-04-02 18:00:00,57,2,24,21,4,38,40,186
2024-04-02 18:10:00,49,9,24,25,4,44,47,202
2024-04-02 18:20:00,36,10,19,25,6,42,70,208
2024-04-02 18:30:00,38,6,19,22,3,43,55,186
2024-04-02 18:40:00,40,2,19,33,3,39,37,173
2024-04-02 18:50:00,26,6,16,17,5,56,53,179
2024-04-02 19:00:00,38,1,19,23,3,32,47,163
2024-04-02 19:10:00,36,3,24,20,3,32,42,160
2024-04-02 19:20:00,27,4,13,21,0,21,37,123
2024-04-02 19:30:00,28,4,16,18,0,36,48,150
2024-04-02 19:40:00,20,1,12,15,5,32,34,119
2024-04-02 19:50:00,23,3,11,12,1,31,30,111
2024-04-02 20:00:00,20,1,14,13,0,21,25,94
2024-04-02 20:10:00,21,1,13,23,3,21,21,103
2024-04-02 20:20:00,17,3,8,18,1,31,40,118
2024-04-02 20:30:00,23,0,4,6,2,23,21,79
2024-04-02 20:40:00,23,2,7,13,1,20,28,94
2024-04-02 20:50:00,16,2,7,11,1,18,26,81
2024-04-02 21:00:00,15,3,8,12,0,18,15,71
2024-04-02 21:10:00,11,1,8,12,0,19,17,68
2024-04-02 21:20:00,14,1,8,10,1,13,23,70
2024-04-02 21:30:00,18,3,4,10,0,18,20,73
2024-04-02 21:40:00,21,0,15,21,1,6,11,75
2024-04-02 21:50:00,7,1,6,10,2,19,16,61
2024-04-02 22:00:00,17,1,8,7,1,10,11,55
2024-04-02 22:10:00,16,1,10,21,1,8,20,77
2024-04-02 22:20:00,7,2,2,7,0,8,9,35
2024-04-02 22:30:00,6,0,4,6,0,13,19,48
2024-04-02 22:40:00,9,2,4,7,0,8,16,46
2024-04-02 22:50:00,5,0,6,11,1,7,9,39
2024-04-02 23:00:00,2,0,1,3,1,8,7,22
2024-04-02 23:10:00,0,1,5,8,0,11,8,33
2024-04-02 23:20:00,4,0,2,4,0,6,12,28
2024-04-02 23:30:00,5,0,1,5,0,9,9,29
2024-04-02 23:40:00,0,0,1,8,0,6,3,18
2024-04-02 23:50:00,3,0,2,2,0,7,8,22
2024-04-03 00:00:00,5,1,2,3,0,2,2,15
2024-04-03 00:10:00,2,0,0,1,0,3,3,9
2024-04-03 00:20:00,3,0,2,2,0,3,6,16
2024-04-03 00:30:00,3,0,1,3,0,5,2,14
2024-04-03 00:40:00,2,1,2,4,0,1,1,11
2024-04-03 00:50:00,1,0,2,3,1,1,3,11
2024-04-03 01:00:00,1,0,1,1,0,2,1,6
2024-04-03 01:10:00,1,0,1,3,0,4,5,14
2024-04-03 01:20:00,2,0,2,4,0,0,1,9
2024-04-03 01:30:00,2,0,2,1,0,4,0,9
2024-04-03 01:40:00,1,0,1,1,0,1,2,6
2024-04-03 01:50:00,1,0,0,2,0,4,5,12
2024-04-03 02:00:00,3,0,1,3,0,4,1,12
2024-04-03 02:10:00,3,1,2,4,0,4,1,15
2024-04-03 02:20:00,0,0,1,4,0,2,1,8
2024-04-03 02:30:00,1,0,1,0,0,1,1,4
2024-04-03 02:40:00,2,0,0,0,0,0,0,2
2024-04-03 02:50:00,2,0,0,1,0,1,0,4
2024-04-03 03:00:00,0,0,0,0,0,0,1,1
2024-04-03 03:10:00,0,0,1,1,0,2,2,6
2024-04-03 03:20:00,1,0,1,1,0,0,0,3
2024-04-03 03:30:00,2,0,0,0,0,1,0,3
2024-04-03 03:40:00,0,0,1,2,0,3,2,8
2024-04-03 03:50:00,2,0,2,3,0,4,2,13
2024-04-03 04:00:00,1,0,2,3,2,4,3,15
2024-04-03 04:10:00,3,1,2,2,0,2,5,15
2024-04-03 04:20:00,4,0,1,2,0,1,2,10
2024-04-03 04:30:00,1,0,2,2,0,4,2,11
2024-04-03 04:40:00,3,0,2,4,0,2,4,15
2024-04-03 04:50:00,2,0,4,8,0,3,6,23
2024-04-03 05:00:00,8,2,2,1,0,3,4,20
2024-04-03 05:10:00,12,0,5,5,1,4,5,32
2024-04-03 05:20:00,19,2,3,5,0,10,5,44
2024-04-03 05:30:00,10,1,9,16,2,17,5,60
2024-04-03 05:40:00,18,0,13,15,1,11,4,62
2024-04-03 05:50:00,12,0,2,12,1,11,9,47
2024-04-03 06:00:00,21,2,3,14,0,8,5,53
2024-04-03 06:10:00,26,0,14,22,0,9,13,84
2024-04-03 06:20:00,16,1,10,28,0,12,13,80
2024-04-03 06:30:00,22,2,16,28,0,15,20,103
2024-04-03 06:40:00,23,3,26,32,3,19,18,124
2024-04-03 06:50:00,27,0,11,21,4,19,19,101
2024-04-03 07:00:00,39,1,19,31,2,17,17,126
2024-04-03 07:10:00,42,3,20,27,0,19,25,136
2024-04-03 07:20:00,39,3,22,25,2,21,14,126
2024-04-03 07:30:00,47,3,23,51,1,15,32,172
2024-04-03 07:40:00,49,6,24,25,5,45,28,182
2024-04-03 07:50:00,49,5,17,34,1,31,31,168
2024-04-03 08:00:00,46,9,13,25,0,30,32,155
2024-04-03 08:10:00,51,3,20,36,2,21,32,165
2024-04-03 08:20:00,49,3,19,36,3,23,31,164
2024-04-03 08:30:00,47,4,21,37,1,26,28,164
2024-04-03 08:40:00,48,7,25,30,2,21,40,173
2024-04-03 08:50:00,43,6,31,35,1,41,40,197
2024-04-03 09:00:00,36,10,25,30,0,31,26,158
2024-04-03 09:10:00,44,6,24,28,1,35,42,180
2024-04-03 09:20:00,41,3,23,40,1,25,37,170
2024-04-03 09:30:00,39,10,21,21,4,36,32,163
2024-04-03 09:40:00,37,3,27,35,0,45,41,188
2024-04-03 09:50:00,38,5,21,23,1,36,31,155
2024-04-03 10:00:00,48,8,18,28,2,29,34,167
2024-04-03 10:10:00,33,4,23,31,2,24,34,151
2024-04-03 10:20:00,36,4,27,36,5,27,34,169
2024-04-03 10:30:00,49,2,35,32,2,37,37,194
2024-04-03 10:40:00,40,1,22,33,1,33,29,159
2024-04-03 10:50:00,37,5,23,22,3,25,29,144
2024-04-03 11:00:00,54,4,27,32,1,25,33,176
2024-04-03 11:10:00,45,4,27,47,0,27,35,185
2024-04-03 11:20:00,42,9,18,27,3,31,40,170
2024-04-03 11:30:00,36,9,30,30,2,25,37,169
2024-04-03 11:40:00,36,5,22,29,2,26,39,159
2024-04-03 11:50:00,54,7,30,29,2,37,51,210
2024-04-03 12:00:00,35,7,30,28,3,37,49,189
2024-04-03 12:10:00,50,3,23,35,0,31,37,179
2024-04-03 12:20:00,43,3,26,33,3,29,48,185
2024-04-03 12:30:00,53,4,31,37,1,42,37,205
2024-04-03 12:40:00,39,3,22,28,5,31,42,170
2024-04-03 12:50:00,38,8,22,16,7,43,39,173
2024-04-03 13:00:00,42,8,25,32,2,35,49,193
2024-04-03 13:10:00,42,3,24,37,0,30,37,173
2024-04-03 13:20:00,42,5,26,28,2,33,38,174
2024-04-03 13:30:00,42,7,27,26,2,38,48,190
2024-04-03 13:40:00,46,6,19,21,4,32,45,173
2024-04-03 13:50:00,35,7,21,27,1,34,43,168
2024-04-03 14:00:00,43,6,15,20,2,32,45,163
2024-04-03 14:10:00,48,2,34,35,5,40,44,208
2024-04-03 14:20:00,41,4,18,28,2,41,30,164
2024-04-03 14:30:00,42,1,23,35,1,26,52,180
2024-04-03 14:40:00,33,4,21,31,6,37,42,174
2024-04-03 14:50:00,41,6,26,37,4,41,40,195
2024-04-03 15:00:00,52,3,17,23,5,34,48,182
2024-04-03 15:10:00,41,1,20,35,5,36,49,187
2024-04-03 15:20:00,54,3,17,27,5,43,46,195
2024-04-03 15:30:00,38,3,32,39,4,36,49,201
2024-04-03 15:40:00,49,2,26,22,3,49,49,200
2024-04-03 15:50:00,29,6,31,28,5,49,52,200
2024-04-03 16:00:00,48,12,24,23,6,33,44,190
2024-04-03 16:10:00,39,6,31,24,5,38,40,183
2024-04-03 16:20:00,34,2,26,30,5,43,52,192
2024-04-03 16:30:00,41,7,35,40,3,43,48,217
2024-04-03 16:40:00,46,5,16,23,9,55,56,210
2024-04-03 16:50:00,38,6,25,36,8,45,62,220
2024-04-03 17:00:00,53,4,20,26,8,36,53,200
2024-04-03 17:10:00,47,5,24,25,7,47,64,219
2024-04-03 17:20:00,37,3,23,26,10,45,50,194
2024-04-03 17:30:00,33,5,22,17,1,57,57,192
2024-04-03 17:40:00,42,5,17,34,3,61,58,220
2024-04-03 17:50:00,35,7,29,33,7,48,64,223
2024-04-03 18:00:00,50,4,24,27,5,46,48,204
2024-04-03 18:10:00,32,5,27,28,6,42,73,213
2024-04-03 18:20:00,25,8,14,20,7,56,55,185
2024-04-03 18:30:00,31,6,22,24,1,37,55,176
2024-04-03 18:40:00,40,7,19,35,3,30,48,182
2024-04-03 18:50:00,29,6,15,30,2,35,42,159
2024-04-03 19:00:00,35,7,15,14,3,31,38,143
2024-04-03 19:10:00,30,5,17,25,3,36,42,158
2024-04-03 19:20:00,26,4,16,25,1,29,48,149
2024-04-03 19:30:00,28,3,23,26,3,26,32,141
2024-04-03 19:40:00,20,3,14,22,0,24,35,118
2024-04-03 19:50:00,16,7,16,20,2,24,43,128
2024-04-03 20:00:00,15,5,13,18,0,22,21,94
2024-04-03 20:10:00,12,4,13,13,2,22,31,97
2024-04-03 20:20:00,23,4,15,12,0,13,33,100
2024-04-03 20:30:00,17,1,9,19,1,12,25,84
2024-04-03 20:40:00,16,2,8,22,1,15,21,85
2024-04-03 20:50:00,21,3,6,12,0,20,14,76
2024-04-03 21:00:00,13,5,11,16,2,11,19,77
2024-04-03 21:10:00,17,1,12,22,0,12,23,87
2024-04-03 21:20:00,17,6,7,10,0,19,25,84
2024-04-03 21:30:00,18,9,4,13,0,20,19,83
2024-04-03 21:40:00,7,1,11,22,3,10,16,70
2024-04-03 21:50:00,14,2,6,14,2,8,20,66
2024-04-03 22:00:00,13,0,6,11,0,12,14,56
2024-04-03 22:10:00,12,1,16,28,1,16,16,90
2024-04-03 22:20:00,14,3,5,10,1,12,13,58
2024-04-03 22:30:00,14,1,5,10,1,12,9,52
2024-04-03 22:40:00,11,0,5,7,0,17,13,53
2024-04-03 22:50:00,8,2,4,8,0,15,13,50
2024-04-03 23:00:00,7,0,5,6,0,6,12,36
2024-04-03 23:10:00,4,0,3,5,0,5,11,28
2024-04-03 23:20:00,4,0,1,2,0,5,4,16
2024-04-03 23:30:00,2,0,3,4,0,9,11,29
2024-04-03 23:40:00,2,1,5,7,0,4,4,23
2024-04-03 23:50:00,8,0,3,6,0,2,7,26
2024-04-04 00:00:00,7,0,2,6,0,4,2,21
2024-04-04 00:10:00,1,0,2,3,0,5,3,14
2024-04-04 00:20:00,4,0,2,3,0,3,5,17
2024-04-04 00:30:00,2,0,0,1,0,2,4,9
2024-04-04 00:40:00,3,0,3,7,0,5,2,20
2024-04-04 00:50:00,2,0,0,1,0,4,5,12
2024-04-04 01:00:00,1,0,1,3,0,1,1,7
2024-04-04 01:10:00,2,0,0,3,1,4,4,14
2024-04-04 01:20:00,2,0,0,2,0,4,4,12
2024-04-04 01:30:00,2,1,2,2,0,2,2,11
2024-04-04 01:40:00,3,0,1,2,0,1,1,8
2024-04-04 01:50:00,2,0,0,1,0,1,2,6
2024-04-04 02:00:00,0,0,2,5,0,4,4,15
2024-04-04 02:10:00,0,0,0,0,0,3,1,4
2024-04-04 02:20:00,0,0,1,1,0,1,3,6
2024-04-04 02:30:00,2,0,0,0,0,2,3,7
2024-04-04 02:40:00,2,0,0,0,0,0,0,2
2024-04-04 02:50:00,1,0,0,0,0,0,0,1
2024-04-04 03:00:00,0,0,0,1,2,4,1,8
2024-04-04 03:10:00,2,0,1,1,0,1,0,5
2024-04-04 03:20:00,0,0,4,3,0,0,0,7
2024-04-04 03:30:00,2,0,0,0,0,0,1,3
2024-04-04 03:40:00,1,0,0,2,0,2,2,7
2024-04-04 03:50:00,2,0,1,2,0,5,1,11
2024-04-04 04:00:00,2,0,2,2,0,1,1,8
2024-04-04 04:10:00,2,1,2,3,0,2,3,13
2024-04-04 04:20:00,4,1,1,3,0,3,0,12
2024-04-04 04:30:00,1,0,1,5,1,2,5,15
2024-04-04 04:40:00,5,0,2,5,0,5,4,21
2024-04-04 04:50:00,4,1,1,4,0,1,5,16
2024-04-04 05:00:00,5,0,2,4,0,4,4,19
2024-04-04 05:10:00,4,1,2,3,0,6,4,20
2024-04-04 05:20:00,11,0,5,11,1,12,6,46
2024-04-04 05:30:00,15,1,6,12,0,16,5,55
2024-04-04 05:40:00,18,0,11,18,1,11,5,64
2024-04-04 05:50:00,9,0,3,15,1,16,3,47
2024-04-04 06:00:00,13,1,9,20,0,11,5,59
2024-04-04 06:10:00,19,1,12,28,0,12,13,85
2024-04-04 06:20:00,26,2,10,20,0,9,11,78
2024-04-04 06:30:00,25,2,16,27,0,14,14,98
2024-04-04 06:40:00,29,4,20,25,2,19,16,115
2024-04-04 06:50:00,33,4,12,19,3,25,18,114
2024-04-04 07:00:00,33,2,17,26,1,25,17,121
2024-04-04 07:10:00,35,4,20,30,1,15,13,118
2024-04-04 07:20:00,42,5,23,33,1,24,27,155
2024-04-04 07:30:00,45,3,31,42,1,19,23,164
2024-04-04 07:40:00,48,9,26,40,5,38,29,195
2024-04-04 07:50:00,40,3,19,23,1,31,26,143
2024-04-04 08:00:00,43,6,20,21,3,24,32,149
2024-04-04 08:10:00,54,6,22,21,2,32,33,170
2024-04-04 08:20:00,40,4,24,26,4,31,36,165
2024-04-04 08:30:00,47,10,20,25,2,32,22,158
2024-04-04 08:40:00,37,5,20,30,1,34,47,174
2024-04-04 08:50:00,43,7,30,23,1,39,40,183
2024-04-04 09:00:00,32,7,17,23,1,29,40,149
2024-04-04 09:10:00,41,3,25,34,8,35,32,178
2024-04-04 09:20:00,38,4,32,34,5,34,37,184
2024-04-04 09:30:00,42,7,30,39,1,25,40,184
2024-04-04 09:40:00,47,11,26,21,2,39,33,179
2024-04-04 09:50:00,47,4,24,20,4,30,39,168
2024-04-04 10:00:00,45,3,28,26,2,27,46,177
2024-04-04 10:10:00,40,4,25,30,3,25,37,164
2024-04-04 10:20:00,43,8,24,25,0,36,37,173
2024-04-04 10:30:00,52,6,28,35,2,21,36,180
2024-04-04 10:40:00,49,4,21,30,1,45,31,181
2024-04-04 10:50:00,42,3,32,37,0,28,44,186
2024-04-04 11:00:00,38,5,25,28,1,29,43,169
2024-04-04 11:10:00,44,4,33,38,2,37,42,200
2024-04-04 11:20:00,42,4,23,26,4,35,43,177
2024-04-04 11:30:00,47,4,26,19,2,32,36,166
2024-04-04 11:40:00,51,5,27,25,4,38,40,190
2024-04-04 11:50:00,33,5,27,21,4,33,55,178
2024-04-04 12:00:00,47,4,18,31,3,41,49,193
2024-04-04 12:10:00,39,8,21,25,4,40,34,171
2024-04-04 12:20:00,43,5,25,31,1,47,51,203
2024-04-04 12:30:00,51,5,26,35,3,48,41,209
2024-04-04 12:40:00,57,6,21,21,6,46,48,205
2024-04-04 12:50:00,48,11,25,18,2,40,38,182
2024-04-04 13:00:00,34,8,27,29,1,35,23,157
2024-04-04 13:10:00,38,4,21,18,3,40,29,153
2024-04-04 13:20:00,42,6,23,21,5,36,36,169
2024-04-04 13:30:00,44,8,24,21,2,42,46,187
2024-04-04 13:40:00,38,5,25,24,5,30,38,165
2024-04-04 13:50:00,40,8,23,34,4,36,46,191
2024-04-04 14:00:00,46,4,20,33,4,25,50,182
2024-04-04 14:10:00,37,12,32,34,2,26,36,179
2024-04-04 14:20:00,46,5,24,23,7,36,55,196
2024-04-04 14:30:00,48,2,23,43,3,34,30,183
2024-04-04 14:40:00,56,5,23,32,4,41,44,205
2024-04-04 14:50:00,39,1,36,47,2,34,57,216
2024-04-04 15:00:00,36,3,33,46,6,48,57,229
2024-04-04 15:10:00,43,6,28,32,5,37,41,192
2024-04-04 15:20:00,35,3,23,31,4,38,56,190
2024-04-04 15:30:00,40,5,29,31,7,58,46,216
2024-04-04 15:40:00,35,6,30,37,1,40,58,207
2024-04-04 15:50:00,38,3,21,31,5,41,66,205
2024-04-04 16:00:00,42,6,31,37,9,53,44,222
2024-04-04 16:10:00,42,6,19,33,2,33,46,181
2024-04-04 16:20:00,56,5,24,33,11,63,54,246
2024-04-04 16:30:00,58,4,29,36,5,43,64,239
2024-04-04 16:40:00,43,4,26,39,5,28,52,197
2024-04-04 16:50:00,42,6,25,24,11,45,61,214
2024-04-04 17:00:00,49,6,27,31,5,41,44,203
2024-04-04 17:10:00,38,10,20,20,5,40,50,183
2024-04-04 17:20:00,54,6,15,20,4,57,66,222
2024-04-04 17:30:00,48,4,25,24,8,44,70,223
2024-04-04 17:40:00,48,6,34,35,2,52,56,233
2024-04-04 17:50:00,27,3,23,29,5,43,65,195
2024-04-04 18:00:00,48,7,25,36,3,45,65,229
2024-04-04 18:10:00,55,5,20,24,6,50,52,212
2024-04-04 18:20:00,36,3,27,15,3,37,55,176
2024-04-04 18:30:00,45,5,28,19,1,37,46,181
2024-04-04 18:40:00,40,3,26,25,3,57,61,215
2024-04-04 18:50:00,27,3,18,17,6,48,56,175
2024-04-04 19:00:00,39,3,21,20,3,36,27,149
2024-04-04 19:10:00,42,3,15,25,2,41,37,165
2024-04-04 19:20:00,29,0,10,14,1,32,51,137
2024-04-04 19:30:00,19,8,23,12,2,34,32,130
2024-04-04 19:40:00,30,3,20,12,1,37,43,146
2024-04-04 19:50:00,20,2,13,5,0,26,28,94
2024-04-04 20:00:00,26,4,12,6,1,21,36,106
2024-04-04 20:10:00,20,4,8,18,3,20,19,92
2024-04-04 20:20:00,17,1,9,9,0,24,36,96
2024-04-04 20:30:00,24,5,11,7,2,18,21,88
2024-04-04 20:40:00,12,4,16,12,0,17,20,81
2024-04-04 20:50:00,20,3,9,8,1,15,19,75
2024-04-04 21:00:00,26,3,14,9,0,16,29,97
2024-04-04 21:10:00,18,0,14,15,0,19,16,82
2024-04-04 21:20:00,19,0,13,11,0,21,15,79
2024-04-04 21:30:00,26,0,10,10,0,17,24,87
2024-04-04 21:40:00,13,1,13,7,0,11,19,64
2024-04-04 21:50:00,13,1,9,5,0,11,17,56
2024-04-04 22:00:00,23,5,7,10,0,11,18,74
2024-04-04 22:10:00,11,1,15,22,0,18,24,91
2024-04-04 22:20:00,17,2,7,8,0,17,26,77
2024-04-04 22:30:00,3,3,5,12,0,14,20,57
2024-04-04 22:40:00,10,0,8,10,0,18,13,59
2024-04-04 22:50:00,10,0,6,5,1,15,21,58
2024-04-04 23:00:00,2,1,8,6,1,13,13,44
2024-04-04 23:10:00,4,1,5,4,0,8,16,38
2024-04-04 23:20:00,5,0,3,4,0,12,11,35
2024-04-04 23:30:00,5,0,1,4,0,7,7,24
2024-04-04 23:40:00,6,0,1,3,0,6,5,21
2024-04-04 23:50:00,4,2,3,1,0,7,7,24
2024-04-05 00:00:00,3,0,3,3,0,5,7,21
2024-04-05 00:10:00,2,1,1,3,1,2,6,16
2024-04-05 00:20:00,5,0,0,2,0,2,8,17
2024-04-05 00:30:00,5,0,2,1,0,5,3,16
2024-04-05 00:40:00,2,0,3,2,0,1,5,13
2024-04-05 00:50:00,4,0,1,2,0,6,5,18
2024-04-05 01:00:00,3,0,3,4,0,3,2,15
2024-04-05 01:10:00,1,1,1,2,0,1,2,8
2024-04-05 01:20:00,2,0,1,1,0,0,2,6
2024-04-05 01:30:00,1,0,2,1,0,1,2,7
2024-04-05 01:40:00,0,0,0,1,0,2,1,4
2024-04-05 01:50:00,1,0,0,2,0,3,3,9
2024-04-05 02:00:00,0,0,1,0,0,0,0,1
