datetime,V21Z,V81Z,V111Z,V112Z,Total
2024-03-01 01:00:00,3,2,2,1,8
2024-03-01 01:10:00,7,3,0,0,10
2024-03-01 01:20:00,1,2,0,0,3
2024-03-01 01:30:00,3,4,0,0,7
2024-03-01 01:40:00,5,1,3,2,11
2024-03-01 01:50:00,5,1,2,1,9
2024-03-01 02:00:00,1,2,1,1,5
2024-03-01 02:10:00,4,0,5,3,12
2024-03-01 02:20:00,4,3,2,1,10
2024-03-01 02:30:00,2,1,1,1,5
2024-03-01 02:40:00,1,0,0,0,1
2024-03-01 02:50:00,1,0,0,0,1
2024-03-01 03:00:00,0,1,0,0,1
2024-03-01 03:10:00,3,3,0,0,6
2024-03-01 03:20:00,0,2,0,0,2
2024-03-01 03:30:00,1,2,3,3,9
2024-03-01 03:40:00,1,3,0,0,4
2024-03-01 03:50:00,3,3,4,2,12
2024-03-01 04:00:00,1,3,1,1,6
2024-03-01 04:10:00,4,2,1,1,8
2024-03-01 04:20:00,1,1,2,2,6
2024-03-01 04:30:00,6,0,4,3,13
2024-03-01 04:40:00,3,3,3,2,11
2024-03-01 04:50:00,5,3,0,0,8
2024-03-01 05:00:00,7,3,1,2,13
2024-03-01 05:10:00,5,7,1,1,14
2024-03-01 05:20:00,12,7,2,1,22
2024-03-01 05:30:00,9,6,5,3,23
2024-03-01 05:40:00,13,7,5,5,30
2024-03-01 05:50:00,8,7,17,6,38
2024-03-01 06:00:00,13,5,12,7,37
2024-03-01 06:10:00,15,11,16,8,50
2024-03-01 06:20:00,16,10,15,10,51
2024-03-01 06:30:00,21,11,28,12,72
2024-03-01 06:40:00,26,19,19,15,79
2024-03-01 06:50:00,18,19,14,11,62
2024-03-01 07:00:00,34,15,9,10,68
2024-03-01 07:10:00,31,25,8,12,76
2024-03-01 07:20:00,22,16,12,16,66
2024-03-01 07:30:00,24,19,13,15,71
2024-03-01 07:40:00,32,10,21,17,80
2024-03-01 07:50:00,29,19,44,24,116
2024-03-01 08:00:00,33,23,16,15,87
2024-03-01 08:10:00,21,23,20,15,79
2024-03-01 08:20:00,27,15,19,14,75
2024-03-01 08:30:00,26,18,22,21,87
2024-03-01 08:40:00,27,15,18,17,77
2024-03-01 08:50:00,25,22,20,23,90
2024-03-01 09:00:00,35,12,15,13,75
2024-03-01 09:10:00,26,15,15,13,69
2024-03-01 09:20:00,27,18,22,19,86
2024-03-01 09:30:00,24,23,19,19,85
2024-03-01 09:40:00,35,16,22,23,96
2024-03-01 09:50:00,28,15,20,18,81
2024-03-01 10:00:00,29,18,16,19,82
2024-03-01 10:10:00,28,22,23,20,93
2024-03-01 10:20:00,22,18,26,19,85
2024-03-01 10:30:00,27,23,24,16,90
2024-03-01 10:40:00,23,18,20,17,78
2024-03-01 10:50:00,29,13,23,18,83
2024-03-01 11:00:00,39,15,19,20,93
2024-03-01 11:10:00,23,15,21,16,75
2024-03-01 11:20:00,24,18,19,16,77
2024-03-01 11:30:00,33,19,19,13,84
2024-03-01 11:40:00,25,23,30,15,93
2024-03-01 11:50:00,25,16,21,23,85
2024-03-01 12:00:00,23,19,29,19,90
2024-03-01 12:10:00,21,25,28,21,95
2024-03-01 12:20:00,28,14,27,17,86
2024-03-01 12:30:00,24,13,28,13,78
2024-03-01 12:40:00,24,23,23,22,92
2024-03-01 12:50:00,25,14,36,16,91
2024-03-01 13:00:00,27,20,35,14,96
2024-03-01 13:10:00,34,17,26,22,99
2024-03-01 13:20:00,25,18,22,13,78
2024-03-01 13:30:00,26,19,35,25,105
2024-03-01 13:40:00,17,12,22,14,65
2024-03-01 13:50:00,13,1,24,1,39
2024-03-01 14:00:00,21,7,27,5,60
2024-03-01 14:10:00,19,5,30,22,76
2024-03-01 14:20:00,16,17,27,17,77
2024-03-01 14:30:00,24,24,26,20,94
2024-03-01 14:40:00,17,19,31,16,83
2024-03-01 14:50:00,22,15,29,19,85
2024-03-01 15:00:00,16,18,22,13,69
2024-03-01 15:10:00,26,21,33,21,101
2024-03-01 15:20:00,23,20,39,10,92
2024-03-01 15:30:00,30,7,37,16,90
2024-03-01 15:40:00,40,16,31,10,97
2024-03-01 15:50:00,18,10,21,1,50
2024-03-01 16:00:00,24,24,26,21,95
2024-03-01 16:10:00,27,13,30,17,87
2024-03-01 16:20:00,28,17,22,14,81
2024-03-01 16:30:00,25,7,34,17,83
2024-03-01 16:40:00,22,16,23,19,80
2024-03-01 16:50:00,30,13,26,17,86
2024-03-01 17:00:00,23,25,25,22,95
2024-03-01 17:10:00,26,13,26,20,85
2024-03-01 17:20:00,29,22,23,20,94
2024-03-01 17:30:00,25,15,33,12,85
2024-03-01 17:40:00,28,18,25,20,91
2024-03-01 17:50:00,23,19,18,19,79
2024-03-01 18:00:00,21,13,24,22,80
2024-03-01 18:10:00,28,11,21,23,83
2024-03-01 18:20:00,28,12,36,25,101
2024-03-01 18:30:00,33,9,38,17,97
2024-03-01 18:40:00,33,17,25,20,95
2024-03-01 18:50:00,22,11,48,16,97
2024-03-01 19:00:00,19,22,36,19,96
2024-03-01 19:10:00,21,18,61,27,127
2024-03-01 19:20:00,27,18,53,22,120
2024-03-01 19:30:00,37,15,37,22,111
2024-03-01 19:40:00,31,22,39,22,114
2024-03-01 19:50:00,25,20,33,20,98
2024-03-01 20:00:00,23,12,23,17,75
2024-03-01 20:10:00,29,16,24,11,80
2024-03-01 20:20:00,25,17,31,14,87
2024-03-01 20:30:00,23,13,17,9,62
2024-03-01 20:40:00,14,16,22,12,64
2024-03-01 20:50:00,18,9,38,15,80
2024-03-01 21:00:00,18,13,20,12,63
2024-03-01 21:10:00,21,9,31,12,73
2024-03-01 21:20:00,15,7,23,15,60
2024-03-01 21:30:00,17,10,25,15,67
2024-03-01 21:40:00,18,12,23,9,62
2024-03-01 21:50:00,29,11,20,13,73
2024-03-01 22:00:00,15,12,14,9,50
2024-03-01 22:10:00,18,10,25,20,73
2024-03-01 22:20:00,16,5,19,13,53
2024-03-01 22:30:00,24,10,26,11,71
2024-03-01 22:40:00,16,7,17,8,48
2024-03-01 22:50:00,12,4,12,7,35
2024-03-01 23:00:00,12,11,11,8,42
2024-03-01 23:10:00,15,5,14,7,41
2024-03-01 23:20:00,12,4,21,9,46
2024-03-01 23:30:00,8,3,12,7,30
2024-03-01 23:40:00,11,8,14,7,40
2024-03-01 23:50:00,6,9,8,5,28
2024-03-02 00:00:00,8,2,5,3,18
2024-03-02 00:10:00,6,3,17,7,33
2024-03-02 00:20:00,4,2,23,7,36
2024-03-02 00:30:00,8,2,5,4,19
2024-03-02 00:40:00,8,2,1,1,12
2024-03-02 00:50:00,4,6,16,8,34
2024-03-02 01:00:00,8,3,20,9,40
2024-03-02 01:10:00,7,5,6,4,22
2024-03-02 01:20:00,4,7,9,5,25
2024-03-02 01:30:00,4,4,9,6,23
2024-03-02 01:40:00,3,3,4,2,12
2024-03-02 01:50:00,7,1,3,2,13
2024-03-02 02:00:00,7,1,11,5,24
2024-03-02 02:10:00,5,3,8,4,20
2024-03-02 02:20:00,2,1,1,1,5
2024-03-02 02:30:00,5,5,0,0,10
2024-03-02 02:40:00,3,0,4,3,10
2024-03-02 02:50:00,3,2,2,2,9
2024-03-02 03:00:00,2,2,5,2,11
2024-03-02 03:10:00,2,3,2,2,9
2024-03-02 03:20:00,2,3,0,0,5
2024-03-02 03:30:00,3,1,1,1,6
2024-03-02 03:40:00,2,0,5,3,10
2024-03-02 03:50:00,4,6,4,2,16
2024-03-02 04:00:00,4,1,1,1,7
2024-03-02 04:10:00,1,1,0,0,2
2024-03-02 04:20:00,3,2,2,1,8
2024-03-02 04:30:00,4,3,4,3,14
2024-03-02 04:40:00,5,3,7,3,18
2024-03-02 04:50:00,7,5,4,2,18
2024-03-02 05:00:00,7,1,0,0,8
2024-03-02 05:10:00,5,1,5,3,14
2024-03-02 05:20:00,3,7,2,3,15
2024-03-02 05:30:00,5,4,7,2,18
2024-03-02 05:40:00,7,1,34,5,47
2024-03-02 05:50:00,3,2,11,6,22
2024-03-02 06:00:00,10,3,4,4,21
2024-03-02 06:10:00,4,2,11,5,22
2024-03-02 06:20:00,9,3,3,3,18
2024-03-02 06:30:00,8,5,3,3,19
2024-03-02 06:40:00,14,3,9,6,32
2024-03-02 06:50:00,9,8,9,9,35
2024-03-02 07:00:00,12,5,3,3,23
2024-03-02 07:10:00,8,5,5,4,22
2024-03-02 07:20:00,14,10,4,5,33
2024-03-02 07:30:00,20,8,5,5,38
2024-03-02 07:40:00,13,13,7,8,41
2024-03-02 07:50:00,18,13,8,9,48
2024-03-02 08:00:00,18,11,9,9,47
2024-03-02 08:10:00,18,12,11,13,54
2024-03-02 08:20:00,21,15,10,10,56
2024-03-02 08:30:00,25,9,11,12,57
2024-03-02 08:40:00,21,16,9,10,56
2024-03-02 08:50:00,27,22,19,21,89
2024-03-02 09:00:00,21,18,20,15,74
2024-03-02 09:10:00,25,20,13,14,72
2024-03-02 09:20:00,26,20,11,13,70
2024-03-02 09:30:00,26,22,22,25,95
2024-03-02 09:40:00,37,27,12,13,89
2024-03-02 09:50:00,33,21,23,24,101
2024-03-02 10:00:00,28,16,30,19,93
2024-03-02 10:10:00,34,20,22,23,99
2024-03-02 10:20:00,22,21,21,22,86
2024-03-02 10:30:00,31,10,12,18,71
2024-03-02 10:40:00,33,22,26,21,102
2024-03-02 10:50:00,30,17,23,16,86
2024-03-02 11:00:00,37,26,22,20,105
2024-03-02 11:10:00,24,18,26,19,87
2024-03-02 11:20:00,27,19,17,16,79
2024-03-02 11:30:00,41,20,25,14,100
2024-03-02 11:40:00,34,18,30,25,107
2024-03-02 11:50:00,23,5,23,17,68
2024-03-02 12:00:00,27,28,21,34,110
2024-03-02 12:10:00,29,24,22,21,96
2024-03-02 12:20:00,29,20,25,18,92
2024-03-02 12:30:00,40,17,24,21,102
2024-03-02 12:40:00,37,30,14,9,90
2024-03-02 12:50:00,45,20,16,17,98
2024-03-02 13:00:00,28,31,35,17,111
2024-03-02 13:10:00,27,18,28,27,100
2024-03-02 13:20:00,19,27,27,26,99
2024-03-02 13:30:00,31,15,23,14,83
2024-03-02 13:40:00,24,26,24,18,92
2024-03-02 13:50:00,33,9,33,13,88
2024-03-02 14:00:00,35,17,50,25,127
2024-03-02 14:10:00,31,21,31,19,102
2024-03-02 14:20:00,32,18,22,17,89
2024-03-02 14:30:00,31,18,21,18,88
2024-03-02 14:40:00,32,16,21,15,84
2024-03-02 14:50:00,22,19,12,13,66
2024-03-02 15:00:00,29,10,23,21,83
2024-03-02 15:10:00,30,19,39,20,108
2024-03-02 15:20:00,27,23,17,16,83
2024-03-02 15:30:00,35,20,18,16,89
2024-03-02 15:40:00,32,15,22,20,89
2024-03-02 15:50:00,31,20,22,18,91
2024-03-02 16:00:00,24,19,25,20,88
2024-03-02 16:10:00,26,15,19,14,74
2024-03-02 16:20:00,27,18,24,28,97
2024-03-02 16:30:00,35,20,12,18,85
2024-03-02 16:40:00,32,25,16,17,90
2024-03-02 16:50:00,20,13,20,20,73
2024-03-02 17:00:00,23,24,25,25,97
2024-03-02 17:10:00,33,22,17,14,86
2024-03-02 17:20:00,17,27,14,13,71
2024-03-02 17:30:00,22,20,22,20,84
2024-03-02 17:40:00,23,19,18,22,82
2024-03-02 17:50:00,22,16,19,13,70
2024-03-02 18:00:00,26,19,18,17,80
2024-03-02 18:10:00,37,20,25,22,104
2024-03-02 18:20:00,22,14,34,19,89
2024-03-02 18:30:00,18,22,31,17,88
2024-03-02 18:40:00,27,19,47,17,110
2024-03-02 18:50:00,32,15,37,21,105
2024-03-02 19:00:00,25,18,28,19,90
2024-03-02 19:10:00,20,11,41,19,91
2024-03-02 19:20:00,31,17,25,16,89
2024-03-02 19:30:00,21,13,29,21,84
2024-03-02 19:40:00,22,18,18,11,69
2024-03-02 19:50:00,9,14,47,16,86
2024-03-02 20:00:00,15,11,44,19,89
2024-03-02 20:10:00,20,9,30,15,74
2024-03-02 20:20:00,16,16,23,16,71
2024-03-02 20:30:00,23,8,36,19,86
2024-03-02 20:40:00,19,13,20,10,62
2024-03-02 20:50:00,14,12,34,12,72
2024-03-02 21:00:00,22,12,24,13,71
2024-03-02 21:10:00,11,8,16,8,43
2024-03-02 21:20:00,18,13,33,16,80
2024-03-02 21:30:00,15,6,15,12,48
2024-03-02 21:40:00,17,8,13,7,45
2024-03-02 21:50:00,13,3,42,15,73
2024-03-02 22:00:00,15,12,16,11,54
2024-03-02 22:10:00,11,6,15,11,43
2024-03-02 22:20:00,9,5,19,11,44
2024-03-02 22:30:00,14,15,13,8,50
2024-03-02 22:40:00,10,3,14,9,36
2024-03-02 22:50:00,13,6,23,14,56
2024-03-02 23:00:00,18,8,18,9,53
2024-03-02 23:10:00,11,11,13,7,42
2024-03-02 23:20:00,15,6,19,11,51
2024-03-02 23:30:00,9,11,15,10,45
2024-03-02 23:40:00,9,2,9,6,26
2024-03-02 23:50:00,9,6,16,7,38
2024-03-03 00:00:00,10,5,8,5,28
2024-03-03 00:10:00,8,4,9,4,25
2024-03-03 00:20:00,2,4,8,8,22
2024-03-03 00:30:00,9,7,11,6,33
2024-03-03 00:40:00,6,7,11,6,30
2024-03-03 00:50:00,7,2,16,10,35
2024-03-03 01:00:00,4,10,10,5,29
2024-03-03 01:10:00,8,6,10,4,28
2024-03-03 01:20:00,3,3,8,5,19
2024-03-03 01:30:00,9,2,9,5,25
2024-03-03 01:40:00,4,2,6,4,16
2024-03-03 01:50:00,6,4,2,1,13
2024-03-03 02:00:00,8,1,4,2,15
2024-03-03 02:10:00,2,1,4,3,10
2024-03-03 02:20:00,6,5,3,3,17
2024-03-03 02:30:00,3,2,5,4,14
2024-03-03 02:40:00,4,2,11,3,20
2024-03-03 02:50:00,3,4,10,4,21
2024-03-03 03:00:00,7,2,0,0,9
2024-03-03 03:10:00,0,3,3,3,9
2024-03-03 03:20:00,4,5,9,5,23
2024-03-03 03:30:00,6,1,9,4,20
2024-03-03 03:40:00,2,2,2,1,7
2024-03-03 03:50:00,3,7,6,3,19
2024-03-03 04:00:00,5,2,0,0,7
2024-03-03 04:10:00,2,3,2,1,8
2024-03-03 04:20:00,4,1,2,1,8
2024-03-03 04:30:00,3,1,3,2,9
2024-03-03 04:40:00,4,1,3,3,11
2024-03-03 04:50:00,3,1,0,0,4
2024-03-03 05:00:00,6,0,0,0,6
2024-03-03 05:10:00,3,1,2,1,7
2024-03-03 05:20:00,1,5,0,0,6
2024-03-03 05:30:00,4,2,3,3,12
2024-03-03 05:40:00,4,2,1,1,8
2024-03-03 05:50:00,2,2,6,3,13
2024-03-03 06:00:00,6,2,2,1,11
2024-03-03 06:10:00,2,2,1,1,6
2024-03-03 06:20:00,3,1,5,4,13
2024-03-03 06:30:00,4,3,13,4,24
2024-03-03 06:40:00,8,1,1,1,11
2024-03-03 06:50:00,3,5,5,5,18
2024-03-03 07:00:00,7,1,2,2,12
2024-03-03 07:10:00,2,6,2,2,12
2024-03-03 07:20:00,5,4,1,1,11
2024-03-03 07:30:00,5,4,1,1,11
2024-03-03 07:40:00,10,5,4,3,22
2024-03-03 07:50:00,11,9,5,6,31
2024-03-03 08:00:00,7,6,4,4,21
2024-03-03 08:10:00,11,7,7,9,34
2024-03-03 08:20:00,13,5,8,8,34
2024-03-03 08:30:00,13,12,6,7,38
2024-03-03 08:40:00,11,7,8,9,35
2024-03-03 08:50:00,16,11,4,3,34
2024-03-03 09:00:00,14,12,4,5,35
2024-03-03 09:10:00,19,10,10,9,48
2024-03-03 09:20:00,15,14,10,10,49
2024-03-03 09:30:00,24,21,7,6,58
2024-03-03 09:40:00,21,18,10,14,63
2024-03-03 09:50:00,23,20,15,14,72
2024-03-03 10:00:00,16,19,15,16,66
2024-03-03 10:10:00,21,19,16,17,73
2024-03-03 10:20:00,18,18,21,22,79
2024-03-03 10:30:00,21,18,14,14,67
2024-03-03 10:40:00,21,20,8,9,58
2024-03-03 10:50:00,28,12,18,16,74
2024-03-03 11:00:00,25,12,22,26,85
2024-03-03 11:10:00,29,22,17,17,85
2024-03-03 11:20:00,36,16,17,17,86
2024-03-03 11:30:00,30,13,22,21,86
2024-03-03 11:40:00,28,13,22,24,87
2024-03-03 11:50:00,32,17,16,19,84
2024-03-03 12:00:00,26,16,20,19,81
2024-03-03 12:10:00,32,19,25,22,98
2024-03-03 12:20:00,32,23,15,18,88
2024-03-03 12:30:00,35,13,17,17,82
2024-03-03 12:40:00,33,22,27,30,112
2024-03-03 12:50:00,28,17,21,17,83
2024-03-03 13:00:00,33,21,22,19,95
2024-03-03 13:10:00,32,29,22,21,104
2024-03-03 13:20:00,23,17,25,17,82
2024-03-03 13:30:00,30,18,22,20,90
2024-03-03 13:40:00,36,14,21,20,91
2024-03-03 13:50:00,36,22,16,14,88
2024-03-03 14:00:00,25,14,20,17,76
2024-03-03 14:10:00,34,23,15,20,92
2024-03-03 14:20:00,35,8,28,21,92
2024-03-03 14:30:00,44,15,14,19,92
2024-03-03 14:40:00,36,14,15,13,78
2024-03-03 14:50:00,36,16,20,18,90
2024-03-03 15:00:00,31,19,21,19,90
2024-03-03 15:10:00,39,22,14,16,91
2024-03-03 15:20:00,30,9,17,15,71
2024-03-03 15:30:00,32,18,22,20,92
2024-03-03 15:40:00,31,14,21,23,89
2024-03-03 15:50:00,26,22,22,21,91
2024-03-03 16:00:00,30,22,26,15,93
2024-03-03 16:10:00,26,22,25,16,89
2024-03-03 16:20:00,23,24,38,19,104
2024-03-03 16:30:00,25,23,23,22,93
2024-03-03 16:40:00,38,19,19,18,94
2024-03-03 16:50:00,24,23,19,21,87
2024-03-03 17:00:00,29,19,16,16,80
2024-03-03 17:10:00,22,16,19,20,77
2024-03-03 17:20:00,24,14,16,14,68
2024-03-03 17:30:00,24,15,26,23,88
2024-03-03 17:40:00,33,23,18,19,93
2024-03-03 17:50:00,34,15,19,21,89
2024-03-03 18:00:00,28,21,21,25,95
2024-03-03 18:10:00,25,14,17,17,73
2024-03-03 18:20:00,25,17,17,14,73
2024-03-03 18:30:00,30,21,31,18,100
2024-03-03 18:40:00,19,17,34,19,89
2024-03-03 18:50:00,19,13,38,20,90
2024-03-03 19:00:00,24,18,18,13,73
2024-03-03 19:10:00,24,15,28,15,82
2024-03-03 19:20:00,20,20,35,20,95
2024-03-03 19:30:00,16,11,31,15,73
2024-03-03 19:40:00,24,11,25,10,70
2024-03-03 19:50:00,24,11,35,20,90
2024-03-03 20:00:00,23,15,38,15,91
2024-03-03 20:10:00,19,26,26,17,88
2024-03-03 20:20:00,13,15,36,17,81
2024-03-03 20:30:00,12,7,16,9,44
2024-03-03 20:40:00,11,6,24,10,51
2024-03-03 20:50:00,11,14,19,11,55
2024-03-03 21:00:00,12,10,10,7,39
2024-03-03 21:10:00,14,5,11,10,40
2024-03-03 21:20:00,11,9,12,8,40
2024-03-03 21:30:00,13,2,16,9,40
2024-03-03 21:40:00,15,8,16,10,49
2024-03-03 21:50:00,12,9,5,2,28
2024-03-03 22:00:00,17,4,15,9,45
2024-03-03 22:10:00,8,8,12,10,38
2024-03-03 22:20:00,11,4,9,7,31
2024-03-03 22:30:00,11,2,10,5,28
2024-03-03 22:40:00,12,4,14,8,38
2024-03-03 22:50:00,3,7,11,7,28
2024-03-03 23:00:00,6,6,14,7,33
2024-03-03 23:10:00,5,6,4,2,17
2024-03-03 23:20:00,7,1,5,4,17
2024-03-03 23:30:00,1,2,11,6,20
2024-03-03 23:40:00,6,2,5,3,16
2024-03-03 23:50:00,2,3,1,1,7
2024-03-04 00:00:00,3,0,3,2,8
2024-03-04 00:10:00,3,3,2,1,9
2024-03-04 00:20:00,3,2,0,0,5
2024-03-04 00:30:00,3,0,2,1,6
2024-03-04 00:40:00,3,0,2,1,6
2024-03-04 00:50:00,2,5,6,3,16
2024-03-04 01:00:00,3,2,0,0,5
2024-03-04 01:10:00,5,3,0,0,8
2024-03-04 01:20:00,3,3,0,0,6
2024-03-04 01:30:00,2,0,0,0,2
2024-03-04 01:40:00,3,1,2,1,7
2024-03-04 01:50:00,3,1,0,0,4
2024-03-04 02:00:00,0,2,2,2,6
2024-03-04 02:10:00,1,1,0,0,2
2024-03-04 02:20:00,1,0,2,1,4
2024-03-04 02:30:00,3,4,2,1,10
2024-03-04 02:40:00,1,0,0,0,1
2024-03-04 02:50:00,1,0,3,2,6
2024-03-04 03:00:00,0,0,0,0,0
2024-03-04 03:10:00,1,2,0,0,3
2024-03-04 03:20:00,0,0,0,0,0
2024-03-04 03:30:00,0,3,3,2,8
2024-03-04 03:40:00,1,4,1,1,7
2024-03-04 03:50:00,1,2,1,1,5
2024-03-04 04:00:00,4,0,1,1,6
2024-03-04 04:10:00,3,0,3,2,8
2024-03-04 04:20:00,2,2,2,1,7
2024-03-04 04:30:00,4,3,4,2,13
2024-03-04 04:40:00,4,2,3,3,12
2024-03-04 04:50:00,6,3,0,0,9
2024-03-04 05:00:00,8,2,0,0,10
2024-03-04 05:10:00,7,5,2,1,15
2024-03-04 05:20:00,5,7,1,1,14
2024-03-04 05:30:00,14,14,8,6,42
2024-03-04 05:40:00,8,8,7,5,28
2024-03-04 05:50:00,10,8,10,5,33
2024-03-04 06:00:00,14,6,9,7,36
2024-03-04 06:10:00,15,10,13,6,44
2024-03-04 06:20:00,19,11,19,8,57
2024-03-04 06:30:00,14,12,22,12,60
2024-03-04 06:40:00,39,16,13,10,78
2024-03-04 06:50:00,17,22,7,7,53
2024-03-04 07:00:00,38,20,12,13,83
2024-03-04 07:10:00,31,17,13,11,72
2024-03-04 07:20:00,32,11,14,16,73
2024-03-04 07:30:00,30,13,16,20,79
2024-03-04 07:40:00,35,8,22,16,81
2024-03-04 07:50:00,18,25,32,4,79
2024-03-04 08:00:00,26,17,28,14,85
2024-03-04 08:10:00,28,15,14,13,70
2024-03-04 08:20:00,29,20,20,21,90
2024-03-04 08:30:00,27,17,24,14,82
2024-03-04 08:40:00,26,20,24,18,88
2024-03-04 08:50:00,26,23,15,19,83
2024-03-04 09:00:00,26,23,29,17,95
2024-03-04 09:10:00,36,14,18,15,83
2024-03-04 09:20:00,21,22,17,20,80
2024-03-04 09:30:00,23,23,16,14,76
2024-03-04 09:40:00,29,26,19,21,95
2024-03-04 09:50:00,34,20,15,19,88
2024-03-04 10:00:00,24,22,15,14,75
2024-03-04 10:10:00,31,18,18,18,85
2024-03-04 10:20:00,24,20,18,19,81
2024-03-04 10:30:00,28,16,21,21,86
2024-03-04 10:40:00,29,19,13,15,76
2024-03-04 10:50:00,33,20,22,23,98
2024-03-04 11:00:00,27,23,12,11,73
2024-03-04 11:10:00,16,20,20,22,78
2024-03-04 11:20:00,17,19,20,19,75
2024-03-04 11:30:00,26,18,22,18,84
2024-03-04 11:40:00,25,18,21,20,84
2024-03-04 11:50:00,26,16,20,21,83
2024-03-04 12:00:00,31,19,18,15,83
2024-03-04 12:10:00,29,20,17,17,83
2024-03-04 12:20:00,28,20,17,22,87
2024-03-04 12:30:00,26,18,26,20,90
2024-03-04 12:40:00,22,20,15,21,78
2024-03-04 12:50:00,33,14,19,15,81
2024-03-04 13:00:00,26,18,21,22,87
2024-03-04 13:10:00,32,18,23,15,88
2024-03-04 13:20:00,25,9,27,19,80
2024-03-04 13:30:00,28,22,30,12,92
2024-03-04 13:40:00,26,20,27,25,98
2024-03-04 13:50:00,23,16,32,16,87
2024-03-04 14:00:00,24,13,28,25,90
2024-03-04 14:10:00,23,17,31,33,104
2024-03-04 14:20:00,18,22,32,17,89
2024-03-04 14:30:00,28,18,23,22,91
2024-03-04 14:40:00,33,20,25,26,104
2024-03-04 14:50:00,19,19,22,20,80
2024-03-04 15:00:00,30,10,25,20,85
2024-03-04 15:10:00,27,11,20,17,75
2024-03-04 15:20:00,26,13,33,24,96
2024-03-04 15:30:00,23,17,27,13,80
2024-03-04 15:40:00,29,14,27,18,88
2024-03-04 15:50:00,25,18,33,17,93
2024-03-04 16:00:00,31,15,23,13,82
2024-03-04 16:10:00,29,17,34,26,106
2024-03-04 16:20:00,27,3,36,16,82
2024-03-04 16:30:00,28,12,27,19,86
2024-03-04 16:40:00,25,24,22,26,97
2024-03-04 16:50:00,20,19,32,16,87
2024-03-04 17:00:00,20,21,28,20,89
2024-03-04 17:10:00,29,12,38,15,94
2024-03-04 17:20:00,21,17,41,3,82
2024-03-04 17:30:00,21,18,26,17,82
2024-03-04 17:40:00,35,23,28,22,108
2024-03-04 17:50:00,26,15,38,21,100
2024-03-04 18:00:00,36,20,26,12,94
2024-03-04 18:10:00,20,13,39,11,83
2024-03-04 18:20:00,27,15,55,15,112
2024-03-04 18:30:00,29,15,22,18,84
2024-03-04 18:40:00,35,21,46,14,116
2024-03-04 18:50:00,27,19,40,25,111
2024-03-04 19:00:00,28,14,39,23,104
2024-03-04 19:10:00,22,17,31,20,90
2024-03-04 19:20:00,24,21,36,21,102
2024-03-04 19:30:00,16,13,22,12,63
2024-03-04 19:40:00,29,9,15,11,64
2024-03-04 19:50:00,22,13,26,16,77
2024-03-04 20:00:00,18,16,32,14,80
2024-03-04 20:10:00,24,9,24,17,74
2024-03-04 20:20:00,18,13,31,17,79
2024-03-04 20:30:00,17,8,11,6,42
2024-03-04 20:40:00,19,6,45,12,82
2024-03-04 20:50:00,19,9,19,10,57
2024-03-04 21:00:00,25,8,26,16,75
2024-03-04 21:10:00,22,13,17,11,63
2024-03-04 21:20:00,16,5,22,9,52
2024-03-04 21:30:00,22,4,22,13,61
2024-03-04 21:40:00,15,11,42,12,80
2024-03-04 21:50:00,8,15,18,10,51
2024-03-04 22:00:00,18,6,10,7,41
2024-03-04 22:10:00,15,8,20,12,55
2024-03-04 22:20:00,18,6,11,8,43
2024-03-04 22:30:00,20,6,20,9,55
2024-03-04 22:40:00,22,3,7,3,35
2024-03-04 22:50:00,10,6,11,5,32
2024-03-04 23:00:00,19,4,24,13,60
2024-03-04 23:10:00,11,5,3,2,21
2024-03-04 23:20:00,5,2,5,3,15
2024-03-04 23:30:00,4,4,2,1,11
2024-03-04 23:40:00,4,2,10,6,22
2024-03-04 23:50:00,1,1,0,0,2
2024-03-05 00:00:00,4,1,3,2,10
2024-03-05 00:10:00,4,1,4,4,13
2024-03-05 00:20:00,2,1,0,0,3
2024-03-05 00:30:00,5,0,1,1,7
2024-03-05 00:40:00,3,0,0,0,3
2024-03-05 00:50:00,3,4,3,2,12
2024-03-05 01:00:00,2,3,0,0,5
2024-03-05 01:10:00,3,2,0,0,5
2024-03-05 01:20:00,2,2,6,3,13
2024-03-05 01:30:00,0,0,3,2,5
2024-03-05 01:40:00,3,0,1,1,5
2024-03-05 01:50:00,1,1,5,2,9
2024-03-05 02:00:00,0,0,1,1,2
2024-03-05 02:10:00,3,1,0,0,4
2024-03-05 02:20:00,0,0,2,1,3
2024-03-05 02:30:00,4,1,2,1,8
2024-03-05 02:40:00,4,1,1,1,7
2024-03-05 02:50:00,0,0,2,1,3
2024-03-05 03:00:00,1,0,4,2,7
2024-03-05 03:10:00,3,2,2,1,8
2024-03-05 03:20:00,0,0,2,1,3
2024-03-05 03:30:00,1,1,0,0,2
2024-03-05 03:40:00,2,7,1,1,11
2024-03-05 03:50:00,4,1,5,1,11
2024-03-05 04:00:00,3,0,2,2,7
2024-03-05 04:10:00,3,0,4,2,9
2024-03-05 04:20:00,4,2,4,2,12
2024-03-05 04:30:00,7,0,3,3,13
2024-03-05 04:40:00,3,3,0,0,6
2024-03-05 04:50:00,5,3,0,0,8
2024-03-05 05:00:00,11,2,12,3,28
2024-03-05 05:10:00,4,7,0,1,12
2024-03-05 05:20:00,10,7,5,2,24
2024-03-05 05:30:00,14,8,7,4,33
2024-03-05 05:40:00,7,5,3,2,17
2024-03-05 05:50:00,9,9,9,6,33
2024-03-05 06:00:00,15,10,10,9,44
2024-03-05 06:10:00,17,11,7,6,41
2024-03-05 06:20:00,16,16,20,10,62
2024-03-05 06:30:00,16,13,7,3,39
2024-03-05 06:40:00,24,16,19,14,73
2024-03-05 06:50:00,19,26,8,9,62
2024-03-05 07:00:00,27,21,15,17,80
2024-03-05 07:10:00,29,12,18,18,77
2024-03-05 07:20:00,30,25,15,14,84
2024-03-05 07:30:00,27,13,12,19,71
2024-03-05 07:40:00,29,20,31,26,106
2024-03-05 07:50:00,29,12,35,14,90
2024-03-05 08:00:00,24,20,26,22,92
2024-03-05 08:10:00,27,21,18,18,84
2024-03-05 08:20:00,35,24,21,16,96
2024-03-05 08:30:00,21,19,16,19,75
2024-03-05 08:40:00,25,31,16,21,93
2024-03-05 08:50:00,22,12,16,10,60
2024-03-05 09:00:00,26,24,22,19,91
2024-03-05 09:10:00,21,17,18,9,65
2024-03-05 09:20:00,25,13,11,17,66
2024-03-05 09:30:00,28,12,16,12,68
2024-03-05 09:40:00,30,23,21,22,96
2024-03-05 09:50:00,36,19,25,35,115
2024-03-05 10:00:00,28,16,23,14,81
2024-03-05 10:10:00,26,15,15,15,71
2024-03-05 10:20:00,29,23,13,20,85
2024-03-05 10:30:00,21,22,15,15,73
2024-03-05 10:40:00,27,15,24,24,90
2024-03-05 10:50:00,12,17,19,16,64
2024-03-05 11:00:00,28,21,21,24,94
2024-03-05 11:10:00,29,19,18,25,91
2024-03-05 11:20:00,15,20,15,15,65
2024-03-05 11:30:00,29,19,25,13,86
2024-03-05 11:40:00,30,19,20,23,92
2024-03-05 11:50:00,23,16,20,16,75
2024-03-05 12:00:00,23,25,19,18,85
2024-03-05 12:10:00,32,24,31,23,110
2024-03-05 12:20:00,27,21,15,20,83
2024-03-05 12:30:00,31,21,21,25,98
2024-03-05 12:40:00,24,21,21,15,81
2024-03-05 12:50:00,25,14,14,17,70
2024-03-05 13:00:00,25,16,21,23,85
2024-03-05 13:10:00,28,8,24,23,83
2024-03-05 13:20:00,23,21,28,11,83
2024-03-05 13:30:00,17,22,26,10,75
2024-03-05 13:40:00,19,13,17,18,67
2024-03-05 13:50:00,30,12,21,24,87
2024-03-05 14:00:00,28,18,22,20,88
2024-03-05 14:10:00,24,9,22,23,78
2024-03-05 14:20:00,26,15,23,19,83
2024-03-05 14:30:00,27,21,23,29,100
2024-03-05 14:40:00,28,21,25,17,91
2024-03-05 14:50:00,28,21,24,14,87
2024-03-05 15:00:00,26,23,18,15,82
2024-03-05 15:10:00,29,17,28,24,98
2024-03-05 15:20:00,22,16,20,1,59
2024-03-05 15:30:00,31,16,27,11,85
2024-03-05 15:40:00,33,16,21,14,84
2024-03-05 15:50:00,36,12,29,17,94
2024-03-05 16:00:00,27,25,33,21,106
2024-03-05 16:10:00,29,13,22,26,90
2024-03-05 16:20:00,25,13,35,17,90
2024-03-05 16:30:00,31,18,28,20,97
2024-03-05 16:40:00,21,22,17,14,74
2024-03-05 16:50:00,32,23,32,13,100
2024-03-05 17:00:00,29,20,24,22,95
2024-03-05 17:10:00,19,12,33,29,93
2024-03-05 17:20:00,24,27,29,25,105
2024-03-05 17:30:00,16,9,21,14,60
2024-03-05 17:40:00,19,18,25,27,89
2024-03-05 17:50:00,23,23,43,22,111
2024-03-05 18:00:00,26,21,29,17,93
2024-03-05 18:10:00,22,14,35,24,95
2024-03-05 18:20:00,23,19,40,20,102
2024-03-05 18:30:00,19,15,50,22,106
2024-03-05 18:40:00,27,20,42,26,115
2024-03-05 18:50:00,34,18,30,17,99
2024-03-05 19:00:00,40,13,31,16,100
2024-03-05 19:10:00,24,18,40,19,101
2024-03-05 19:20:00,18,10,40,22,90
2024-03-05 19:30:00,15,13,48,22,98
2024-03-05 19:40:00,26,16,30,23,95
2024-03-05 19:50:00,29,9,30,19,87
2024-03-05 20:00:00,26,10,33,20,89
2024-03-05 20:10:00,31,8,20,13,72
2024-03-05 20:20:00,24,11,29,19,83
2024-03-05 20:30:00,18,12,15,11,56
2024-03-05 20:40:00,21,6,22,17,66
2024-03-05 20:50:00,28,7,28,11,74
2024-03-05 21:00:00,24,14,27,14,79
2024-03-05 21:10:00,16,19,14,11,60
2024-03-05 21:20:00,18,9,25,16,68
2024-03-05 21:30:00,16,10,23,9,58
2024-03-05 21:40:00,16,14,20,12,62
2024-03-05 21:50:00,13,9,14,7,43
2024-03-05 22:00:00,13,12,23,17,65
2024-03-05 22:10:00,17,8,25,14,64
2024-03-05 22:20:00,9,5,21,12,47
2024-03-05 22:30:00,16,4,13,3,36
2024-03-05 22:40:00,14,5,15,7,41
2024-03-05 22:50:00,9,6,19,10,44
2024-03-05 23:00:00,15,5,17,8,45
2024-03-05 23:10:00,15,2,8,4,29
2024-03-05 23:20:00,9,6,5,4,24
2024-03-05 23:30:00,12,2,6,3,23
2024-03-05 23:40:00,5,0,7,5,17
2024-03-05 23:50:00,3,4,5,4,16
2024-03-06 00:00:00,4,3,3,3,13
2024-03-06 00:10:00,2,2,7,3,14
2024-03-06 00:20:00,3,3,0,0,6
2024-03-06 00:30:00,1,2,3,2,8
2024-03-06 00:40:00,1,0,3,2,6
2024-03-06 00:50:00,4,1,0,0,5
2024-03-06 01:00:00,6,2,3,2,13
2024-03-06 01:10:00,6,0,1,1,8
2024-03-06 01:20:00,6,4,5,2,17
2024-03-06 01:30:00,3,2,2,2,9
2024-03-06 01:40:00,4,0,6,3,13
2024-03-06 01:50:00,2,3,0,0,5
2024-03-06 02:00:00,0,1,2,1,4
2024-03-06 02:10:00,2,0,5,2,9
2024-03-06 02:20:00,0,2,6,3,11
2024-03-06 02:30:00,2,0,1,1,4
2024-03-06 02:40:00,1,0,3,2,6
2024-03-06 02:50:00,3,3,0,0,6
2024-03-06 03:00:00,1,1,4,3,9
2024-03-06 03:10:00,2,3,2,1,8
2024-03-06 03:20:00,3,1,2,2,8
2024-03-06 03:30:00,3,1,2,1,7
2024-03-06 03:40:00,3,5,2,3,13
2024-03-06 03:50:00,2,1,4,2,9
2024-03-06 04:00:00,5,0,2,1,8
2024-03-06 04:10:00,3,0,0,0,3
2024-03-06 04:20:00,2,2,3,1,8
2024-03-06 04:30:00,6,2,3,2,13
2024-03-06 04:40:00,6,3,0,0,9
2024-03-06 04:50:00,3,2,0,0,5
2024-03-06 05:00:00,4,2,1,1,8
2024-03-06 05:10:00,7,13,18,3,41
2024-03-06 05:20:00,10,5,5,5,25
2024-03-06 05:30:00,16,11,2,1,30
2024-03-06 05:40:00,7,5,10,8,30
2024-03-06 05:50:00,7,8,7,6,28
2024-03-06 06:00:00,10,10,7,6,33
2024-03-06 06:10:00,13,9,13,8,43
2024-03-06 06:20:00,11,9,12,10,42
2024-03-06 06:30:00,20,17,30,10,77
2024-03-06 06:40:00,17,20,16,12,65
2024-03-06 06:50:00,28,15,13,12,68
2024-03-06 07:00:00,22,26,9,9,66
2024-03-06 07:10:00,27,18,11,14,70
2024-03-06 07:20:00,23,21,10,12,66
2024-03-06 07:30:00,23,13,11,16,63
2024-03-06 07:40:00,27,10,22,15,74
2024-03-06 07:50:00,20,13,33,24,90
2024-03-06 08:00:00,32,16,24,22,94
2024-03-06 08:10:00,31,19,18,19,87
2024-03-06 08:20:00,28,23,17,13,81
2024-03-06 08:30:00,31,14,17,17,79
2024-03-06 08:40:00,32,27,21,21,101
2024-03-06 08:50:00,32,27,19,17,95
2024-03-06 09:00:00,29,22,17,18,86
2024-03-06 09:10:00,23,16,20,25,84
2024-03-06 09:20:00,38,26,21,20,105
2024-03-06 09:30:00,22,20,17,14,73
2024-03-06 09:40:00,36,14,16,19,85
2024-03-06 09:50:00,28,20,24,17,89
2024-03-06 10:00:00,34,19,20,18,91
2024-03-06 10:10:00,31,20,22,23,96
2024-03-06 10:20:00,19,16,21,21,77
2024-03-06 10:30:00,30,17,23,14,84
2024-03-06 10:40:00,33,16,15,19,83
2024-03-06 10:50:00,20,18,13,17,68
2024-03-06 11:00:00,27,25,23,19,94
2024-03-06 11:10:00,40,15,26,18,99
2024-03-06 11:20:00,24,30,20,15,89
2024-03-06 11:30:00,31,20,22,22,95
2024-03-06 11:40:00,27,18,15,22,82
2024-03-06 11:50:00,29,18,20,20,87
2024-03-06 12:00:00,18,20,26,18,82
2024-03-06 12:10:00,30,9,16,21,76
2024-03-06 12:20:00,31,29,19,16,95
2024-03-06 12:30:00,19,15,20,13,67
2024-03-06 12:40:00,18,18,22,13,71
2024-03-06 12:50:00,18,20,22,24,84
2024-03-06 13:00:00,25,22,21,17,85
2024-03-06 13:10:00,22,27,21,21,91
2024-03-06 13:20:00,27,13,14,5,59
2024-03-06 13:30:00,27,9,22,15,73
2024-03-06 13:40:00,24,17,15,15,71
2024-03-06 13:50:00,29,19,23,17,88
2024-03-06 14:00:00,31,18,32,15,96
2024-03-06 14:10:00,16,26,27,20,89
2024-03-06 14:20:00,25,17,27,24,93
2024-03-06 14:30:00,28,19,18,15,80
2024-03-06 14:40:00,27,18,33,16,94
2024-03-06 14:50:00,23,10,0,9,42
2024-03-06 15:00:00,17,20,0,16,53
2024-03-06 15:10:00,22,19,0,18,59
2024-03-06 15:20:00,15,19,1,16,51
2024-03-06 15:30:00,33,9,0,10,52
2024-03-06 15:40:00,30,18,0,2,50
2024-03-06 15:50:00,25,14,0,11,50
2024-03-06 16:00:00,27,18,0,23,68
2024-03-06 16:10:00,28,11,0,11,50
2024-03-06 16:20:00,22,20,0,10,52
2024-03-06 16:30:00,14,18,0,14,46
2024-03-06 16:40:00,21,23,0,20,64
2024-03-06 16:50:00,27,6,0,13,46
2024-03-06 17:00:00,22,14,0,19,55
2024-03-06 17:10:00,25,15,0,10,50
2024-03-06 17:20:00,25,21,0,16,62
2024-03-06 17:30:00,18,10,0,17,45
2024-03-06 17:40:00,19,15,0,16,50
2024-03-06 17:50:00,20,17,0,22,59
2024-03-06 18:00:00,22,16,0,21,59
2024-03-06 18:10:00,22,19,0,12,53
2024-03-06 18:20:00,28,19,17,25,89
2024-03-06 18:30:00,30,20,42,26,118
2024-03-06 18:40:00,25,25,31,22,103
2024-03-06 18:50:00,23,20,43,20,106
2024-03-06 19:00:00,26,14,60,15,115
2024-03-06 19:10:00,24,12,54,16,106
2024-03-06 19:20:00,20,14,34,26,94
2024-03-06 19:30:00,31,9,43,21,104
2024-03-06 19:40:00,31,18,41,25,115
2024-03-06 19:50:00,28,13,39,22,102
2024-03-06 20:00:00,24,16,28,15,83
2024-03-06 20:10:00,13,18,23,14,68
2024-03-06 20:20:00,17,12,33,19,81
2024-03-06 20:30:00,16,14,24,15,69
2024-03-06 20:40:00,24,12,39,14,89
2024-03-06 20:50:00,24,9,33,19,85
2024-03-06 21:00:00,17,12,35,17,81
2024-03-06 21:10:00,25,16,42,11,94
2024-03-06 21:20:00,15,10,19,15,59
2024-03-06 21:30:00,17,14,20,16,67
2024-03-06 21:40:00,16,12,27,10,65
2024-03-06 21:50:00,12,13,10,6,41
2024-03-06 22:00:00,18,7,19,12,56
2024-03-06 22:10:00,29,4,17,10,60
2024-03-06 22:20:00,16,10,26,20,72
2024-03-06 22:30:00,13,9,10,10,42
2024-03-06 22:40:00,14,3,21,12,50
2024-03-06 22:50:00,13,4,28,15,60
2024-03-06 23:00:00,16,1,8,6,31
2024-03-06 23:10:00,10,0,8,5,23
2024-03-06 23:20:00,8,9,11,4,32
2024-03-06 23:30:00,4,3,6,3,16
2024-03-06 23:40:00,5,3,7,5,20
2024-03-06 23:50:00,7,5,4,2,18
2024-03-07 00:00:00,5,2,3,2,12
2024-03-07 00:10:00,0,2,4,2,8
2024-03-07 00:20:00,3,2,4,3,12
2024-03-07 00:30:00,1,0,7,3,11
2024-03-07 00:40:00,2,0,0,0,2
2024-03-07 00:50:00,2,0,4,2,8
2024-03-07 01:00:00,6,3,7,3,19
2024-03-07 01:10:00,3,1,6,2,12
2024-03-07 01:20:00,4,4,0,0,8
2024-03-07 01:30:00,3,0,5,3,11
2024-03-07 01:40:00,1,0,2,1,4
2024-03-07 01:50:00,3,0,0,0,3
2024-03-07 02:00:00,2,2,0,0,4
2024-03-07 02:10:00,0,1,5,3,9
2024-03-07 02:20:00,1,3,1,1,6
2024-03-07 02:30:00,6,2,0,0,8
2024-03-07 02:40:00,2,2,4,2,10
2024-03-07 02:50:00,3,3,0,0,6
2024-03-07 03:00:00,1,1,5,2,9
2024-03-07 03:10:00,1,3,2,2,8
2024-03-07 03:20:00,2,0,2,1,5
2024-03-07 03:30:00,0,1,1,1,3
2024-03-07 03:40:00,1,3,2,1,7
2024-03-07 03:50:00,1,3,4,1,9
2024-03-07 04:00:00,4,1,15,3,23
2024-03-07 04:10:00,1,0,0,0,1
2024-03-07 04:20:00,1,1,0,0,2
2024-03-07 04:30:00,3,3,1,1,8
2024-03-07 04:40:00,2,1,0,0,3
2024-03-07 04:50:00,7,3,6,3,19
2024-03-07 05:00:00,4,4,3,2,13
2024-03-07 05:10:00,7,8,2,3,20
2024-03-07 05:20:00,5,8,9,7,29
2024-03-07 05:30:00,12,11,4,3,30
2024-03-07 05:40:00,16,12,17,9,54
2024-03-07 05:50:00,12,6,9,7,34
2024-03-07 06:00:00,12,8,5,6,31
2024-03-07 06:10:00,15,11,14,9,49
2024-03-07 06:20:00,16,16,16,7,55
2024-03-07 06:30:00,22,16,20,20,78
2024-03-07 06:40:00,27,11,26,33,97
2024-03-07 06:50:00,23,20,10,12,65
2024-03-07 07:00:00,19,19,9,11,58
2024-03-07 07:10:00,19,16,13,10,58
2024-03-07 07:20:00,21,21,10,10,62
2024-03-07 07:30:00,31,20,11,12,74
2024-03-07 07:40:00,29,12,23,13,77
2024-03-07 07:50:00,25,9,31,16,81
2024-03-07 08:00:00,23,20,21,14,78
2024-03-07 08:10:00,34,16,21,11,82
2024-03-07 08:20:00,23,18,17,17,75
2024-03-07 08:30:00,37,20,9,11,77
2024-03-07 08:40:00,25,23,17,15,80
2024-03-07 08:50:00,25,27,20,15,87
2024-03-07 09:00:00,32,21,13,11,77
2024-03-07 09:10:00,27,17,17,20,81
2024-03-07 09:20:00,45,24,20,17,106
2024-03-07 09:30:00,31,11,18,19,79
2024-03-07 09:40:00,34,19,25,18,96
2024-03-07 09:50:00,30,17,25,18,90
2024-03-07 10:00:00,34,17,17,18,86
2024-03-07 10:10:00,19,19,23,27,88
2024-03-07 10:20:00,27,21,13,15,76
2024-03-07 10:30:00,38,17,24,21,100
2024-03-07 10:40:00,30,19,16,19,84
2024-03-07 10:50:00,24,20,19,20,83
2024-03-07 11:00:00,36,10,25,22,93
2024-03-07 11:10:00,36,20,20,16,92
2024-03-07 11:20:00,32,20,20,18,90
2024-03-07 11:30:00,35,11,7,17,70
2024-03-07 11:40:00,32,25,2,21,80
2024-03-07 11:50:00,33,26,13,12,84
2024-03-07 12:00:00,40,24,21,22,107
2024-03-07 12:10:00,42,19,23,17,101
2024-03-07 12:20:00,27,15,17,21,80
2024-03-07 12:30:00,29,18,19,14,80
2024-03-07 12:40:00,29,17,20,19,85
2024-03-07 12:50:00,34,18,20,18,90
2024-03-07 13:00:00,34,16,23,21,94
2024-03-07 13:10:00,22,14,28,28,92
2024-03-07 13:20:00,27,16,26,16,85
2024-03-07 13:30:00,29,15,20,10,74
2024-03-07 13:40:00,34,16,23,18,91
2024-03-07 13:50:00,23,12,24,4,63
2024-03-07 14:00:00,22,17,29,19,87
2024-03-07 14:10:00,29,20,18,12,79
2024-03-07 14:20:00,27,26,20,17,90
2024-03-07 14:30:00,31,13,20,16,80
2024-03-07 14:40:00,31,24,23,14,92
2024-03-07 14:50:00,27,15,21,19,82
2024-03-07 15:00:00,28,14,25,9,76
2024-03-07 15:10:00,18,12,31,11,72
2024-03-07 15:20:00,19,13,37,17,86
2024-03-07 15:30:00,35,14,18,15,82
2024-03-07 15:40:00,25,15,28,9,77
2024-03-07 15:50:00,23,9,26,14,72
2024-03-07 16:00:00,28,17,30,21,96
2024-03-07 16:10:00,32,18,22,15,87
2024-03-07 16:20:00,21,19,50,14,104
2024-03-07 16:30:00,36,15,32,15,98
2024-03-07 16:40:00,28,15,44,14,101
2024-03-07 16:50:00,23,17,25,11,76
2024-03-07 17:00:00,25,15,27,22,89
2024-03-07 17:10:00,31,7,27,18,83
2024-03-07 17:20:00,21,18,29,18,86
2024-03-07 17:30:00,24,3,34,19,80
2024-03-07 17:40:00,26,12,37,21,96
2024-03-07 17:50:00,24,17,22,18,81
2024-03-07 18:00:00,22,19,37,26,104
2024-03-07 18:10:00,25,17,33,20,95
2024-03-07 18:20:00,23,16,26,8,73
2024-03-07 18:30:00,21,20,44,22,107
2024-03-07 18:40:00,33,23,55,26,137
2024-03-07 18:50:00,24,19,52,9,104
2024-03-07 19:00:00,34,22,58,25,139
2024-03-07 19:10:00,25,14,46,26,111
2024-03-07 19:20:00,19,16,43,15,93
2024-03-07 19:30:00,24,13,51,20,108
2024-03-07 19:40:00,22,13,57,23,115
2024-03-07 19:50:00,25,17,35,19,96
2024-03-07 20:00:00,22,16,21,13,72
2024-03-07 20:10:00,22,13,45,19,99
2024-03-07 20:20:00,20,12,65,15,112
2024-03-07 20:30:00,17,5,21,14,57
2024-03-07 20:40:00,24,15,41,19,99
2024-03-07 20:50:00,20,18,21,13,72
2024-03-07 21:00:00,20,9,29,14,72
2024-03-07 21:10:00,26,16,19,15,76
2024-03-07 21:20:00,27,8,23,12,70
2024-03-07 21:30:00,24,10,42,11,87
2024-03-07 21:40:00,18,7,23,10,58
2024-03-07 21:50:00,15,7,7,4,33
2024-03-07 22:00:00,28,9,11,5,53
2024-03-07 22:10:00,15,8,28,17,68
2024-03-07 22:20:00,13,8,24,16,61
2024-03-07 22:30:00,7,4,30,7,48
2024-03-07 22:40:00,16,10,12,9,47
2024-03-07 22:50:00,8,4,11,6,29
2024-03-07 23:00:00,11,11,18,6,46
2024-03-07 23:10:00,10,2,11,8,31
2024-03-07 23:20:00,9,4,8,3,24
2024-03-07 23:30:00,5,5,5,5,20
2024-03-07 23:40:00,7,0,32,4,43
2024-03-07 23:50:00,5,4,13,7,29
2024-03-08 00:00:00,6,0,4,2,12
2024-03-08 00:10:00,1,1,1,1,4
2024-03-08 00:20:00,2,3,2,1,8
2024-03-08 00:30:00,9,1,2,1,13
2024-03-08 00:40:00,5,1,0,0,6
2024-03-08 00:50:00,3,1,6,3,13
2024-03-08 01:00:00,2,0,4,3,9
2024-03-08 01:10:00,3,2,5,3,13
2024-03-08 01:20:00,1,3,4,1,9
2024-03-08 01:30:00,1,2,1,1,5
2024-03-08 01:40:00,8,1,1,1,11
2024-03-08 01:50:00,1,0,2,1,4
2024-03-08 02:00:00,1,2,0,0,3
2024-03-08 02:10:00,2,3,2,1,8
2024-03-08 02:20:00,1,1,4,2,8
2024-03-08 02:30:00,5,2,2,1,10
2024-03-08 02:40:00,0,1,4,2,7
2024-03-08 02:50:00,1,0,0,0,1
2024-03-08 03:00:00,0,0,0,0,0
2024-03-08 03:10:00,1,2,0,0,3
2024-03-08 03:20:00,1,0,2,1,4
2024-03-08 03:30:00,0,2,2,2,6
2024-03-08 03:40:00,0,3,1,1,5
2024-03-08 03:50:00,3,4,2,2,11
2024-03-08 04:00:00,4,9,0,0,13
2024-03-08 04:10:00,3,2,3,2,10
2024-03-08 04:20:00,3,2,23,3,31
2024-03-08 04:30:00,12,1,2,1,16
2024-03-08 04:40:00,2,3,1,1,7
2024-03-08 04:50:00,9,4,6,3,22
2024-03-08 05:00:00,6,2,1,2,11
2024-03-08 05:10:00,10,9,5,4,28
2024-03-08 05:20:00,11,6,5,2,24
2024-03-08 05:30:00,9,9,5,3,26
2024-03-08 05:40:00,10,8,24,7,49
2024-03-08 05:50:00,8,5,13,5,31
2024-03-08 06:00:00,13,7,9,7,36
2024-03-08 06:10:00,14,11,5,4,34
2024-03-08 06:20:00,20,11,7,4,42
2024-03-08 06:30:00,18,18,10,8,54
2024-03-08 06:40:00,18,16,16,14,64
2024-03-08 06:50:00,23,19,10,13,65
2024-03-08 07:00:00,31,23,6,6,66
2024-03-08 07:10:00,35,20,11,14,80
2024-03-08 07:20:00,20,18,8,11,57
2024-03-08 07:30:00,45,15,12,9,81
2024-03-08 07:40:00,38,19,14,19,90
2024-03-08 07:50:00,29,20,29,14,92
2024-03-08 08:00:00,27,21,23,14,85
2024-03-08 08:10:00,40,21,22,21,104
2024-03-08 08:20:00,27,18,15,12,72
2024-03-08 08:30:00,21,22,16,21,80
2024-03-08 08:40:00,30,23,21,16,90
2024-03-08 08:50:00,25,21,25,18,89
2024-03-08 09:00:00,25,17,14,30,86
2024-03-08 09:10:00,28,22,22,12,84
2024-03-08 09:20:00,24,16,19,18,77
2024-03-08 09:30:00,25,15,14,16,70
2024-03-08 09:40:00,29,15,30,29,103
2024-03-08 09:50:00,34,24,24,24,106
2024-03-08 10:00:00,27,22,21,27,97
2024-03-08 10:10:00,27,15,23,21,86
2024-03-08 10:20:00,26,17,25,16,84
2024-03-08 10:30:00,36,21,23,18,98
2024-03-08 10:40:00,31,17,15,17,80
2024-03-08 10:50:00,21,26,32,20,99
2024-03-08 11:00:00,29,24,17,24,94
2024-03-08 11:10:00,39,17,24,20,100
2024-03-08 11:20:00,28,20,17,14,79
2024-03-08 11:30:00,19,18,22,20,79
2024-03-08 11:40:00,22,16,4,12,54
2024-03-08 11:50:00,40,17,0,9,66
2024-03-08 12:00:00,31,9,50,13,103
2024-03-08 12:10:00,37,24,35,25,121
2024-03-08 12:20:00,34,23,22,14,93
2024-03-08 12:30:00,22,24,25,18,89
2024-03-08 12:40:00,27,18,0,21,66
2024-03-08 12:50:00,28,16,2,21,67
2024-03-08 13:00:00,32,19,23,16,90
2024-03-08 13:10:00,26,24,20,19,89
2024-03-08 13:20:00,38,11,26,8,83
2024-03-08 13:30:00,23,16,25,18,82
2024-03-08 13:40:00,27,19,29,18,93
2024-03-08 13:50:00,24,21,19,9,73
2024-03-08 14:00:00,28,11,27,13,79
2024-03-08 14:10:00,29,18,34,20,101
2024-03-08 14:20:00,24,19,28,16,87
2024-03-08 14:30:00,30,12,23,16,81
2024-03-08 14:40:00,27,17,24,11,79
2024-03-08 14:50:00,45,20,26,18,109
2024-03-08 15:00:00,43,21,13,9,86
2024-03-08 15:10:00,37,23,29,1,90
2024-03-08 15:20:00,29,18,28,12,87
2024-03-08 15:30:00,17,10,39,8,74
2024-03-08 15:40:00,23,9,26,8,66
2024-03-08 15:50:00,41,21,27,20,109
2024-03-08 16:00:00,29,21,46,23,119
2024-03-08 16:10:00,32,22,35,22,111
2024-03-08 16:20:00,29,17,29,22,97
2024-03-08 16:30:00,43,21,25,19,108
2024-03-08 16:40:00,37,16,25,20,98
2024-03-08 16:50:00,26,17,31,27,101
2024-03-08 17:00:00,28,5,26,8,67
2024-03-08 17:10:00,37,27,22,23,109
2024-03-08 17:20:00,27,17,22,9,75
2024-03-08 17:30:00,42,17,21,20,100
2024-03-08 17:40:00,29,18,30,18,95
2024-03-08 17:50:00,28,15,15,14,72
2024-03-08 18:00:00,25,27,25,17,94
2024-03-08 18:10:00,34,23,25,21,103
2024-03-08 18:20:00,27,13,28,22,90
2024-03-08 18:30:00,16,23,32,20,91
2024-03-08 18:40:00,26,23,36,18,103
2024-03-08 18:50:00,23,18,50,25,116
2024-03-08 19:00:00,38,25,47,23,133
2024-03-08 19:10:00,27,18,41,21,107
2024-03-08 19:20:00,23,16,53,31,123
2024-03-08 19:30:00,22,14,35,15,86
2024-03-08 19:40:00,25,21,36,14,96
2024-03-08 19:50:00,20,15,42,22,99
2024-03-08 20:00:00,19,21,22,17,79
2024-03-08 20:10:00,21,15,32,16,84
2024-03-08 20:20:00,20,15,59,19,113
2024-03-08 20:30:00,20,12,30,18,80
2024-03-08 20:40:00,25,19,39,17,100
2024-03-08 20:50:00,19,8,29,17,73
2024-03-08 21:00:00,19,9,15,6,49
2024-03-08 21:10:00,25,18,19,13,75
2024-03-08 21:20:00,11,6,19,11,47
2024-03-08 21:30:00,19,9,14,8,50
2024-03-08 21:40:00,15,12,24,14,65
2024-03-08 21:50:00,13,9,11,7,40
2024-03-08 22:00:00,19,10,17,10,56
2024-03-08 22:10:00,20,12,19,13,64
2024-03-08 22:20:00,17,10,14,12,53
2024-03-08 22:30:00,14,8,32,14,68
2024-03-08 22:40:00,24,6,17,12,59
2024-03-08 22:50:00,14,10,23,11,58
2024-03-08 23:00:00,10,8,19,10,47
2024-03-08 23:10:00,21,14,9,6,50
2024-03-08 23:20:00,10,7,22,9,48
2024-03-08 23:30:00,8,1,17,9,35
2024-03-08 23:40:00,8,0,33,9,50
2024-03-08 23:50:00,3,3,10,6,22
2024-03-09 00:00:00,11,2,9,9,31
2024-03-09 00:10:00,6,4,3,4,17
2024-03-09 00:20:00,17,3,9,6,35
2024-03-09 00:30:00,9,3,15,5,32
2024-03-09 00:40:00,13,1,14,7,35
2024-03-09 00:50:00,7,4,11,5,27
2024-03-09 01:00:00,5,2,8,5,20
2024-03-09 01:10:00,2,4,0,0,6
2024-03-09 01:20:00,4,4,5,4,17
2024-03-09 01:30:00,5,3,11,6,25
2024-03-09 01:40:00,10,5,3,1,19
2024-03-09 01:50:00,2,1,7,4,14
2024-03-09 02:00:00,4,2,3,2,11
2024-03-09 02:10:00,1,0,0,0,1
2024-03-09 02:20:00,5,2,2,1,10
2024-03-09 02:30:00,2,2,1,1,6
2024-03-09 02:40:00,5,0,0,0,5
2024-03-09 02:50:00,5,1,6,4,16
2024-03-09 03:00:00,6,3,0,0,9
2024-03-09 03:10:00,4,5,3,1,13
2024-03-09 03:20:00,4,2,0,0,6
2024-03-09 03:30:00,2,4,2,2,10
2024-03-09 03:40:00,4,0,3,2,9
2024-03-09 03:50:00,5,5,3,2,15
2024-03-09 04:00:00,4,1,1,1,7
2024-03-09 04:10:00,3,1,3,1,8
2024-03-09 04:20:00,3,1,11,2,17
2024-03-09 04:30:00,2,2,4,1,9
2024-03-09 04:40:00,4,2,4,2,12
2024-03-09 04:50:00,8,2,2,1,13
2024-03-09 05:00:00,7,2,0,0,9
2024-03-09 05:10:00,1,2,3,3,9
2024-03-09 05:20:00,4,2,2,2,10
2024-03-09 05:30:00,5,3,5,1,14
2024-03-09 05:40:00,6,1,7,5,19
2024-03-09 05:50:00,5,4,6,2,17
2024-03-09 06:00:00,7,2,6,4,19
2024-03-09 06:10:00,6,5,2,0,13
2024-03-09 06:20:00,4,8,8,4,24
2024-03-09 06:30:00,5,6,6,4,21
2024-03-09 06:40:00,12,5,8,7,32
2024-03-09 06:50:00,10,5,8,8,31
2024-03-09 07:00:00,12,13,5,5,35
2024-03-09 07:10:00,16,5,7,9,37
2024-03-09 07:20:00,9,5,6,6,26
2024-03-09 07:30:00,15,12,3,6,36
2024-03-09 07:40:00,17,13,6,8,44
2024-03-09 07:50:00,16,14,8,8,46
2024-03-09 08:00:00,16,10,10,11,47
2024-03-09 08:10:00,26,17,14,17,74
2024-03-09 08:20:00,16,16,14,14,60
2024-03-09 08:30:00,22,13,13,13,61
2024-03-09 08:40:00,34,18,13,15,80
2024-03-09 08:50:00,23,18,16,19,76
2024-03-09 09:00:00,19,20,18,20,77
2024-03-09 09:10:00,28,24,27,19,98
2024-03-09 09:20:00,29,20,15,19,83
2024-03-09 09:30:00,36,23,17,18,94
2024-03-09 09:40:00,41,24,21,17,103
2024-03-09 09:50:00,24,25,19,24,92
2024-03-09 10:00:00,30,21,22,15,88
2024-03-09 10:10:00,40,21,19,14,94
2024-03-09 10:20:00,33,29,32,26,120
2024-03-09 10:30:00,26,22,27,22,97
2024-03-09 10:40:00,36,22,23,32,113
2024-03-09 10:50:00,30,17,25,8,80
2024-03-09 11:00:00,29,22,27,27,105
2024-03-09 11:10:00,20,12,21,19,72
2024-03-09 11:20:00,41,24,17,17,99
2024-03-09 11:30:00,32,20,18,21,91
2024-03-09 11:40:00,34,26,30,18,108
2024-03-09 11:50:00,36,25,31,24,116
2024-03-09 12:00:00,45,23,25,22,115
2024-03-09 12:10:00,41,18,25,22,106
2024-03-09 12:20:00,29,22,18,20,89
2024-03-09 12:30:00,42,15,21,22,100
2024-03-09 12:40:00,40,23,23,28,114
2024-03-09 12:50:00,34,20,18,18,90
2024-03-09 13:00:00,38,13,25,26,102
2024-03-09 13:10:00,51,17,25,25,118
2024-03-09 13:20:00,33,23,16,13,85
2024-03-09 13:30:00,34,13,36,24,107
2024-03-09 13:40:00,40,16,24,21,101
2024-03-09 13:50:00,23,12,27,22,84
2024-03-09 14:00:00,30,11,17,19,77
2024-03-09 14:10:00,31,27,18,19,95
2024-03-09 14:20:00,29,20,16,15,80
2024-03-09 14:30:00,32,18,26,14,90
2024-03-09 14:40:00,46,26,18,15,105
2024-03-09 14:50:00,33,16,30,13,92
2024-03-09 15:00:00,28,28,19,24,99
2024-03-09 15:10:00,25,17,25,22,89
2024-03-09 15:20:00,18,16,29,16,79
2024-03-09 15:30:00,24,17,17,14,72
2024-03-09 15:40:00,31,25,23,20,99
2024-03-09 15:50:00,23,19,33,23,98
2024-03-09 16:00:00,21,19,28,19,87
2024-03-09 16:10:00,27,23,17,17,84
2024-03-09 16:20:00,26,21,23,19,89
2024-03-09 16:30:00,20,18,27,19,84
2024-03-09 16:40:00,33,19,16,11,79
2024-03-09 16:50:00,25,20,20,17,82
2024-03-09 17:00:00,37,16,28,19,100
2024-03-09 17:10:00,30,19,16,17,82
2024-03-09 17:20:00,35,19,20,18,92
2024-03-09 17:30:00,31,18,19,24,92
2024-03-09 17:40:00,28,20,23,19,90
2024-03-09 17:50:00,23,14,15,20,72
2024-03-09 18:00:00,29,22,21,15,87
2024-03-09 18:10:00,31,21,23,18,93
2024-03-09 18:20:00,21,21,17,13,72
2024-03-09 18:30:00,26,10,50,25,111
2024-03-09 18:40:00,21,21,42,20,104
2024-03-09 18:50:00,17,15,57,70,159
2024-03-09 19:00:00,20,17,70,16,123
2024-03-09 19:10:00,22,27,66,14,129
2024-03-09 19:20:00,19,19,46,14,98
2024-03-09 19:30:00,23,14,52,15,104
2024-03-09 19:40:00,23,11,45,24,103
2024-03-09 19:50:00,19,10,35,19,83
2024-03-09 20:00:00,22,16,44,19,101
2024-03-09 20:10:00,17,7,41,13,78
2024-03-09 20:20:00,25,15,14,5,59
2024-03-09 20:30:00,17,15,29,11,72
2024-03-09 20:40:00,30,10,29,19,88
2024-03-09 20:50:00,13,13,104,15,145
2024-03-09 21:00:00,14,8,31,15,68
2024-03-09 21:10:00,14,9,22,15,60
2024-03-09 21:20:00,19,7,19,9,54
2024-03-09 21:30:00,18,14,13,7,52
2024-03-09 21:40:00,14,7,16,9,46
2024-03-09 21:50:00,10,12,18,11,51
2024-03-09 22:00:00,17,15,26,14,72
2024-03-09 22:10:00,19,13,17,8,57
2024-03-09 22:20:00,17,4,14,8,43
2024-03-09 22:30:00,22,8,16,11,57
2024-03-09 22:40:00,28,7,21,11,67
2024-03-09 22:50:00,9,4,37,17,67
2024-03-09 23:00:00,17,3,12,5,37
2024-03-09 23:10:00,13,6,13,7,39
2024-03-09 23:20:00,12,5,29,15,61
2024-03-09 23:30:00,14,4,14,5,37
2024-03-09 23:40:00,20,6,16,9,51
2024-03-09 23:50:00,9,8,11,6,34
2024-03-10 00:00:00,10,7,16,10,43
2024-03-10 00:10:00,9,0,14,7,30
2024-03-10 00:20:00,13,4,5,3,25
2024-03-10 00:30:00,15,1,6,4,26
2024-03-10 00:40:00,10,5,8,3,26
2024-03-10 00:50:00,6,2,8,3,19
2024-03-10 01:00:00,8,5,6,6,25
2024-03-10 01:10:00,5,4,12,5,26
2024-03-10 01:20:00,6,2,7,4,19
2024-03-10 01:30:00,7,5,10,5,27
2024-03-10 01:40:00,5,0,15,9,29
2024-03-10 01:50:00,7,7,13,5,32
2024-03-10 02:00:00,5,1,6,4,16
2024-03-10 02:10:00,5,1,4,2,12
2024-03-10 02:20:00,5,5,2,1,13
2024-03-10 02:30:00,3,4,7,4,18
2024-03-10 02:40:00,5,0,3,2,10
2024-03-10 02:50:00,2,2,7,4,15
2024-03-10 03:00:00,6,1,1,1,9
2024-03-10 03:10:00,3,1,11,5,20
2024-03-10 03:20:00,2,2,1,1,6
2024-03-10 03:30:00,5,0,0,0,5
2024-03-10 03:40:00,4,2,3,1,10
2024-03-10 03:50:00,4,4,5,4,17
2024-03-10 04:00:00,5,0,3,1,9
2024-03-10 04:10:00,1,0,7,3,11
2024-03-10 04:20:00,0,1,0,0,1
2024-03-10 04:30:00,3,0,0,0,3
2024-03-10 04:40:00,3,1,3,1,8
2024-03-10 04:50:00,2,2,2,1,7
2024-03-10 05:00:00,2,1,2,1,6
2024-03-10 05:10:00,1,0,2,1,4
2024-03-10 05:20:00,5,3,1,1,10
2024-03-10 05:30:00,3,1,2,1,7
2024-03-10 05:40:00,3,1,6,2,12
2024-03-10 05:50:00,0,4,2,2,8
2024-03-10 06:00:00,3,2,1,0,6
2024-03-10 06:10:00,3,4,4,2,13
2024-03-10 06:20:00,5,4,1,1,11
2024-03-10 06:30:00,3,2,6,5,16
2024-03-10 06:40:00,7,4,5,5,21
2024-03-10 06:50:00,2,2,2,2,8
2024-03-10 07:00:00,5,2,1,1,9
2024-03-10 07:10:00,3,2,2,2,9
2024-03-10 07:20:00,4,4,3,3,14
2024-03-10 07:30:00,9,6,3,3,21
2024-03-10 07:40:00,6,3,4,6,19
2024-03-10 07:50:00,12,7,3,3,25
2024-03-10 08:00:00,15,5,4,4,28
2024-03-10 08:10:00,9,5,4,5,23
2024-03-10 08:20:00,10,6,6,6,28
2024-03-10 08:30:00,8,9,7,7,31
2024-03-10 08:40:00,11,14,8,9,42
2024-03-10 08:50:00,13,8,8,9,38
2024-03-10 09:00:00,18,20,5,8,51
2024-03-10 09:10:00,17,13,5,5,40
2024-03-10 09:20:00,10,19,7,7,43
2024-03-10 09:30:00,15,11,17,17,60
2024-03-10 09:40:00,20,16,13,13,62
2024-03-10 09:50:00,25,17,11,12,65
2024-03-10 10:00:00,19,20,9,11,59
2024-03-10 10:10:00,17,16,8,12,53
2024-03-10 10:20:00,19,14,12,11,56
2024-03-10 10:30:00,19,11,10,10,50
2024-03-10 10:40:00,16,9,12,15,52
2024-03-10 10:50:00,27,18,17,17,79
2024-03-10 11:00:00,27,20,12,15,74
2024-03-10 11:10:00,23,20,16,17,76
2024-03-10 11:20:00,19,12,11,15,57
2024-03-10 11:30:00,33,15,18,16,82
2024-03-10 11:40:00,23,16,20,20,79
2024-03-10 11:50:00,29,14,15,22,80
2024-03-10 12:00:00,25,13,18,19,75
2024-03-10 12:10:00,26,15,18,19,78
2024-03-10 12:20:00,20,17,18,20,75
2024-03-10 12:30:00,26,25,22,24,97
2024-03-10 12:40:00,32,14,20,18,84
2024-03-10 12:50:00,23,12,19,20,74
2024-03-10 13:00:00,28,20,18,9,75
2024-03-10 13:10:00,28,23,16,20,87
2024-03-10 13:20:00,24,16,21,16,77
2024-03-10 13:30:00,33,11,16,14,74
2024-03-10 13:40:00,27,16,17,16,76
2024-03-10 13:50:00,23,14,15,17,69
2024-03-10 14:00:00,25,22,19,21,87
2024-03-10 14:10:00,24,21,21,18,84
2024-03-10 14:20:00,18,26,19,18,81
2024-03-10 14:30:00,29,16,19,19,83
2024-03-10 14:40:00,21,18,15,15,69
2024-03-10 14:50:00,26,14,16,17,73
2024-03-10 15:00:00,27,21,21,23,92
2024-03-10 15:10:00,23,14,24,18,79
2024-03-10 15:20:00,18,11,26,25,80
2024-03-10 15:30:00,24,22,17,16,79
2024-03-10 15:40:00,27,22,23,17,89
2024-03-10 15:50:00,24,14,15,17,70
2024-03-10 16:00:00,25,21,18,17,81
2024-03-10 16:10:00,23,23,15,16,77
2024-03-10 16:20:00,24,9,21,22,76
2024-03-10 16:30:00,27,19,21,18,85
2024-03-10 16:40:00,25,17,21,17,80
2024-03-10 16:50:00,34,12,22,20,88
2024-03-10 17:00:00,32,20,14,17,83
2024-03-10 17:10:00,21,12,24,22,79
2024-03-10 17:20:00,22,18,22,21,83
2024-03-10 17:30:00,28,17,20,15,80
2024-03-10 17:40:00,30,22,19,17,88
2024-03-10 17:50:00,24,17,19,16,76
2024-03-10 18:00:00,33,23,16,20,92
2024-03-10 18:10:00,28,13,19,17,77
2024-03-10 18:20:00,21,17,25,19,82
2024-03-10 18:30:00,20,16,35,16,87
2024-03-10 18:40:00,28,20,29,19,96
2024-03-10 18:50:00,24,12,28,18,82
2024-03-10 19:00:00,27,11,40,19,97
2024-03-10 19:10:00,22,21,32,19,94
2024-03-10 19:20:00,23,21,65,20,129
2024-03-10 19:30:00,13,16,34,16,79
2024-03-10 19:40:00,18,13,16,11,58
2024-03-10 19:50:00,21,11,19,11,62
2024-03-10 20:00:00,13,16,43,19,91
2024-03-10 20:10:00,13,8,28,60,109
2024-03-10 20:20:00,15,11,23,13,62
2024-03-10 20:30:00,19,7,31,18,75
2024-03-10 20:40:00,16,9,30,16,71
2024-03-10 20:50:00,12,7,17,9,45
2024-03-10 21:00:00,16,6,6,6,34
2024-03-10 21:10:00,14,6,34,13,67
2024-03-10 21:20:00,13,7,29,11,60
2024-03-10 21:30:00,14,3,25,13,55
2024-03-10 21:40:00,14,8,17,11,50
2024-03-10 21:50:00,16,4,64,10,94
2024-03-10 22:00:00,11,11,6,5,33
2024-03-10 22:10:00,9,3,18,8,38
2024-03-10 22:20:00,8,5,9,7,29
2024-03-10 22:30:00,6,7,9,8,30
2024-03-10 22:40:00,7,4,9,6,26
2024-03-10 22:50:00,0,5,4,3,12
2024-03-10 23:00:00,3,4,19,4,30
2024-03-10 23:10:00,12,1,3,2,18
2024-03-10 23:20:00,3,1,26,3,33
2024-03-10 23:30:00,4,2,7,5,18
2024-03-10 23:40:00,6,0,3,2,11
2024-03-10 23:50:00,4,2,4,5,15
2024-03-11 00:00:00,6,1,7,5,19
2024-03-11 00:10:00,0,2,3,2,7
2024-03-11 00:20:00,3,3,1,1,8
2024-03-11 00:30:00,1,1,4,3,9
2024-03-11 00:40:00,1,0,1,1,3
2024-03-11 00:50:00,2,3,2,1,8
2024-03-11 01:00:00,5,3,2,1,11
2024-03-11 01:10:00,2,1,5,2,10
2024-03-11 01:20:00,1,1,0,0,2
2024-03-11 01:30:00,3,0,0,0,3
2024-03-11 01:40:00,3,0,1,1,5
2024-03-11 01:50:00,3,1,1,1,6
2024-03-11 02:00:00,2,1,2,1,6
2024-03-11 02:10:00,2,0,3,2,7
2024-03-11 02:20:00,4,1,1,1,7
2024-03-11 02:30:00,3,4,1,1,9
2024-03-11 02:40:00,1,0,2,1,4
2024-03-11 02:50:00,0,1,0,0,1
2024-03-11 03:00:00,0,0,0,0,0
2024-03-11 03:10:00,1,2,1,1,5
2024-03-11 03:20:00,1,0,0,0,1
2024-03-11 03:30:00,1,1,4,4,10
2024-03-11 03:40:00,1,6,0,1,8
2024-03-11 03:50:00,5,1,4,2,12
2024-03-11 04:00:00,2,1,1,1,5
2024-03-11 04:10:00,2,0,0,0,2
2024-03-11 04:20:00,2,2,1,1,6
2024-03-11 04:30:00,2,1,3,1,7
2024-03-11 04:40:00,3,4,0,0,7
2024-03-11 04:50:00,11,4,0,0,15
2024-03-11 05:00:00,6,3,4,2,15
2024-03-11 05:10:00,15,15,9,5,44
2024-03-11 05:20:00,7,9,10,1,27
2024-03-11 05:30:00,13,11,6,5,35
2024-03-11 05:40:00,10,10,9,7,36
2024-03-11 05:50:00,8,6,5,4,23
2024-03-11 06:00:00,11,5,5,4,25
2024-03-11 06:10:00,16,7,8,8,39
2024-03-11 06:20:00,15,13,13,8,49
2024-03-11 06:30:00,15,17,26,10,68
2024-03-11 06:40:00,24,18,22,9,73
2024-03-11 06:50:00,25,19,81,13,138
2024-03-11 07:00:00,27,18,5,4,54
2024-03-11 07:10:00,23,15,13,15,66
2024-03-11 07:20:00,32,17,13,17,79
2024-03-11 07:30:00,33,15,12,14,74
2024-03-11 07:40:00,31,16,16,34,97
2024-03-11 07:50:00,32,11,38,19,100
2024-03-11 08:00:00,22,25,17,18,82
2024-03-11 08:10:00,26,20,15,17,78
2024-03-11 08:20:00,35,17,17,17,86
2024-03-11 08:30:00,27,20,17,15,79
2024-03-11 08:40:00,29,17,27,20,93
2024-03-11 08:50:00,28,21,20,18,87
2024-03-11 09:00:00,23,22,16,20,81
2024-03-11 09:10:00,27,18,15,12,72
2024-03-11 09:20:00,26,24,19,19,88
2024-03-11 09:30:00,16,10,17,13,56
2024-03-11 09:40:00,32,18,17,16,83
2024-03-11 09:50:00,25,13,15,17,70
2024-03-11 10:00:00,26,27,16,19,88
2024-03-11 10:10:00,32,18,25,22,97
2024-03-11 10:20:00,34,22,12,16,84
2024-03-11 10:30:00,29,17,17,17,80
2024-03-11 10:40:00,27,22,16,16,81
2024-03-11 10:50:00,28,25,20,16,89
2024-03-11 11:00:00,29,24,14,13,80
2024-03-11 11:10:00,31,26,14,12,83
2024-03-11 11:20:00,34,13,16,9,72
2024-03-11 11:30:00,28,13,17,16,74
2024-03-11 11:40:00,26,19,31,19,95
2024-03-11 11:50:00,24,21,21,23,89
2024-03-11 12:00:00,28,31,18,14,91
2024-03-11 12:10:00,30,22,23,18,93
2024-03-11 12:20:00,24,19,9,13,65
2024-03-11 12:30:00,30,17,16,17,80
2024-03-11 12:40:00,30,21,14,11,76
2024-03-11 12:50:00,31,17,11,22,81
2024-03-11 13:00:00,35,27,17,16,95
2024-03-11 13:10:00,29,20,23,26,98
2024-03-11 13:20:00,27,21,17,17,82
2024-03-11 13:30:00,27,23,24,17,91
2024-03-11 13:40:00,23,17,25,40,105
2024-03-11 13:50:00,31,12,14,9,66
2024-03-11 14:00:00,23,15,31,10,79
2024-03-11 14:10:00,26,20,24,12,82
2024-03-11 14:20:00,31,14,25,18,88
2024-03-11 14:30:00,25,20,21,15,81
2024-03-11 14:40:00,21,18,24,21,84
2024-03-11 14:50:00,25,23,21,21,90
2024-03-11 15:00:00,19,17,31,18,85
2024-03-11 15:10:00,21,17,28,1,67
2024-03-11 15:20:00,27,22,22,2,73
2024-03-11 15:30:00,24,11,27,10,72
2024-03-11 15:40:00,25,15,21,17,78
2024-03-11 15:50:00,22,14,30,19,85
2024-03-11 16:00:00,23,19,22,17,81
2024-03-11 16:10:00,33,20,25,16,94
2024-03-11 16:20:00,25,21,31,14,91
2024-03-11 16:30:00,25,6,31,4,66
2024-03-11 16:40:00,26,14,21,7,68
2024-03-11 16:50:00,24,9,40,12,85
2024-03-11 17:00:00,30,18,31,14,93
2024-03-11 17:10:00,31,17,29,17,94
2024-03-11 17:20:00,23,13,31,9,76
2024-03-11 17:30:00,19,8,24,12,63
2024-03-11 17:40:00,27,17,18,22,84
2024-03-11 17:50:00,21,14,15,7,57
2024-03-11 18:00:00,21,19,37,18,95
2024-03-11 18:10:00,21,15,30,10,76
2024-03-11 18:20:00,20,22,23,17,82
2024-03-11 18:30:00,21,16,25,20,82
2024-03-11 18:40:00,33,14,60,37,144
2024-03-11 18:50:00,20,20,72,18,130
2024-03-11 19:00:00,17,16,49,20,102
2024-03-11 19:10:00,28,19,45,19,111
2024-03-11 19:20:00,23,22,47,20,112
2024-03-11 19:30:00,16,21,43,21,101
2024-03-11 19:40:00,28,11,32,14,85
2024-03-11 19:50:00,14,14,28,15,71
2024-03-11 20:00:00,24,20,20,12,76
2024-03-11 20:10:00,17,16,18,12,63
2024-03-11 20:20:00,20,5,27,16,68
2024-03-11 20:30:00,28,10,19,13,70
2024-03-11 20:40:00,18,10,19,12,59
2024-03-11 20:50:00,13,9,25,8,55
2024-03-11 21:00:00,23,14,20,11,68
2024-03-11 21:10:00,19,13,37,13,82
2024-03-11 21:20:00,22,11,60,8,101
2024-03-11 21:30:00,20,6,10,9,45
2024-03-11 21:40:00,28,8,26,5,67
2024-03-11 21:50:00,11,12,15,7,45
2024-03-11 22:00:00,20,8,41,12,81
2024-03-11 22:10:00,14,8,15,10,47
2024-03-11 22:20:00,11,2,13,7,33
2024-03-11 22:30:00,16,9,18,10,53
2024-03-11 22:40:00,14,7,25,9,55
2024-03-11 22:50:00,10,4,14,7,35
2024-03-11 23:00:00,14,0,13,6,33
2024-03-11 23:10:00,14,0,4,3,21
2024-03-11 23:20:00,4,6,12,7,29
2024-03-11 23:30:00,6,2,6,4,18
2024-03-11 23:40:00,3,2,8,5,18
2024-03-11 23:50:00,3,2,18,8,31
2024-03-12 00:00:00,7,2,2,1,12
2024-03-12 00:10:00,0,1,3,2,6
2024-03-12 00:20:00,1,3,3,2,9
2024-03-12 00:30:00,4,2,3,2,11
2024-03-12 00:40:00,7,0,0,0,7
2024-03-12 00:50:00,3,1,1,1,6
2024-03-12 01:00:00,7,1,0,0,8
2024-03-12 01:10:00,2,0,1,1,4
2024-03-12 01:20:00,1,3,0,0,4
2024-03-12 01:30:00,0,3,1,1,5
2024-03-12 01:40:00,3,0,0,0,3
2024-03-12 01:50:00,0,1,3,1,5
2024-03-12 02:00:00,1,1,0,0,2
2024-03-12 02:10:00,4,1,2,1,8
2024-03-12 02:20:00,0,0,3,1,4
2024-03-12 02:30:00,0,1,0,0,1
2024-03-12 02:40:00,3,0,3,1,7
2024-03-12 02:50:00,2,1,2,2,7
2024-03-12 03:00:00,1,0,0,0,1
2024-03-12 03:10:00,3,3,6,4,16
2024-03-12 03:20:00,1,1,0,0,2
2024-03-12 03:30:00,2,1,1,1,5
2024-03-12 03:40:00,2,4,0,0,6
2024-03-12 03:50:00,3,3,5,3,14
2024-03-12 04:00:00,1,1,0,1,3
2024-03-12 04:10:00,1,0,0,0,1
2024-03-12 04:20:00,2,1,2,1,6
2024-03-12 04:30:00,2,1,2,0,5
2024-03-12 04:40:00,6,3,0,0,9
2024-03-12 04:50:00,6,4,2,1,13
2024-03-12 05:00:00,7,5,0,0,12
2024-03-12 05:10:00,3,6,2,3,14
2024-03-12 05:20:00,8,13,8,5,34
2024-03-12 05:30:00,18,11,7,3,39
2024-03-12 05:40:00,12,14,5,3,34
2024-03-12 05:50:00,11,7,7,5,30
2024-03-12 06:00:00,11,5,29,11,56
2024-03-12 06:10:00,22,6,10,5,43
2024-03-12 06:20:00,18,16,9,7,50
2024-03-12 06:30:00,27,12,9,7,55
2024-03-12 06:40:00,26,17,13,10,66
2024-03-12 06:50:00,23,26,6,9,64
2024-03-12 07:00:00,24,20,11,12,67
2024-03-12 07:10:00,26,24,6,7,63
2024-03-12 07:20:00,35,23,18,18,94
2024-03-12 07:30:00,28,14,12,13,67
2024-03-12 07:40:00,21,14,20,18,73
2024-03-12 07:50:00,42,4,23,20,89
2024-03-12 08:00:00,31,13,28,9,81
2024-03-12 08:10:00,37,15,12,16,80
2024-03-12 08:20:00,34,15,25,19,93
2024-03-12 08:30:00,29,24,16,18,87
2024-03-12 08:40:00,35,21,18,17,91
2024-03-12 08:50:00,22,22,17,13,74
2024-03-12 09:00:00,32,21,17,18,88
2024-03-12 09:10:00,38,23,15,16,92
2024-03-12 09:20:00,23,16,15,16,70
2024-03-12 09:30:00,25,23,13,11,72
2024-03-12 09:40:00,30,21,21,14,86
2024-03-12 09:50:00,26,27,21,21,95
2024-03-12 10:00:00,27,19,19,21,86
2024-03-12 10:10:00,26,13,18,17,74
2024-03-12 10:20:00,28,18,15,14,75
2024-03-12 10:30:00,24,18,17,13,72
2024-03-12 10:40:00,22,19,19,20,80
2024-03-12 10:50:00,32,19,14,18,83
2024-03-12 11:00:00,23,22,15,18,78
2024-03-12 11:10:00,40,14,19,18,91
2024-03-12 11:20:00,18,15,15,21,69
2024-03-12 11:30:00,28,21,23,20,92
2024-03-12 11:40:00,33,12,14,15,74
2024-03-12 11:50:00,31,18,20,16,85
2024-03-12 12:00:00,33,7,22,14,76
2024-03-12 12:10:00,30,15,16,17,78
2024-03-12 12:20:00,25,21,11,3,60
2024-03-12 12:30:00,31,20,18,12,81
2024-03-12 12:40:00,27,19,15,13,74
2024-03-12 12:50:00,31,15,18,25,89
2024-03-12 13:00:00,30,19,16,18,83
2024-03-12 13:10:00,27,16,15,17,75
2024-03-12 13:20:00,23,21,23,20,87
2024-03-12 13:30:00,26,17,23,23,89
2024-03-12 13:40:00,25,22,21,25,93
2024-03-12 13:50:00,23,13,20,11,67
2024-03-12 14:00:00,27,21,20,19,87
2024-03-12 14:10:00,28,20,26,5,79
2024-03-12 14:20:00,24,19,34,13,90
2024-03-12 14:30:00,23,15,20,19,77
2024-03-12 14:40:00,20,11,26,21,78
2024-03-12 14:50:00,20,18,26,13,77
2024-03-12 15:00:00,25,23,20,18,86
2024-03-12 15:10:00,35,19,29,24,107
2024-03-12 15:20:00,26,15,21,19,81
2024-03-12 15:30:00,27,15,18,14,74
2024-03-12 15:40:00,26,16,28,20,90
2024-03-12 15:50:00,30,30,23,12,95
2024-03-12 16:00:00,19,16,37,22,94
2024-03-12 16:10:00,23,24,33,20,100
2024-03-12 16:20:00,30,20,27,19,96
2024-03-12 16:30:00,36,14,31,17,98
2024-03-12 16:40:00,27,2,32,8,69
2024-03-12 16:50:00,26,6,37,11,80
2024-03-12 17:00:00,27,6,25,14,72
2024-03-12 17:10:00,24,10,31,14,79
2024-03-12 17:20:00,30,14,37,25,106
2024-03-12 17:30:00,23,9,27,6,65
2024-03-12 17:40:00,21,18,36,28,103
2024-03-12 17:50:00,26,15,33,22,96
2024-03-12 18:00:00,12,10,31,13,66
2024-03-12 18:10:00,35,18,41,21,115
2024-03-12 18:20:00,24,23,43,30,120
2024-03-12 18:30:00,25,23,33,21,102
2024-03-12 18:40:00,33,27,58,28,146
2024-03-12 18:50:00,24,14,36,22,96
2024-03-12 19:00:00,32,17,44,23,116
2024-03-12 19:10:00,22,17,48,22,109
2024-03-12 19:20:00,37,8,114,21,180
2024-03-12 19:30:00,32,14,50,30,126
2024-03-12 19:40:00,23,13,44,18,98
2024-03-12 19:50:00,24,14,41,20,99
2024-03-12 20:00:00,24,15,25,18,82
2024-03-12 20:10:00,33,13,25,16,87
2024-03-12 20:20:00,22,16,31,17,86
2024-03-12 20:30:00,22,7,13,7,49
2024-03-12 20:40:00,21,6,14,15,56
2024-03-12 20:50:00,21,10,11,11,53
2024-03-12 21:00:00,15,11,19,15,60
2024-03-12 21:10:00,19,19,22,12,72
2024-03-12 21:20:00,16,14,16,15,61
2024-03-12 21:30:00,18,9,15,13,55
2024-03-12 21:40:00,17,8,12,8,45
2024-03-12 21:50:00,19,7,21,16,63
2024-03-12 22:00:00,17,5,17,13,52
2024-03-12 22:10:00,14,6,17,13,50
2024-03-12 22:20:00,10,12,7,7,36
2024-03-12 22:30:00,10,3,9,7,29
2024-03-12 22:40:00,14,6,7,7,34
2024-03-12 22:50:00,12,4,9,7,32
2024-03-12 23:00:00,9,2,7,8,26
2024-03-12 23:10:00,17,1,6,5,29
2024-03-12 23:20:00,9,3,2,2,16
2024-03-12 23:30:00,10,3,4,2,19
2024-03-12 23:40:00,6,4,6,4,20
2024-03-12 23:50:00,12,2,3,2,19
2024-03-13 00:00:00,4,2,2,2,10
2024-03-13 00:10:00,3,1,9,6,19
2024-03-13 00:20:00,3,4,3,2,12
2024-03-13 00:30:00,4,0,0,0,4
2024-03-13 00:40:00,5,0,1,2,8
2024-03-13 00:50:00,2,2,0,0,4
2024-03-13 01:00:00,3,0,2,2,7
2024-03-13 01:10:00,1,2,0,0,3
2024-03-13 01:20:00,3,2,0,0,5
2024-03-13 01:30:00,0,0,1,1,2
2024-03-13 01:40:00,3,0,1,1,5
2024-03-13 01:50:00,2,0,1,1,4
2024-03-13 02:00:00,1,2,0,0,3
2024-03-13 02:10:00,1,1,7,4,13
2024-03-13 02:20:00,3,2,0,0,5
2024-03-13 02:30:00,1,2,3,2,8
2024-03-13 02:40:00,2,2,0,0,4
2024-03-13 02:50:00,1,0,4,3,8
2024-03-13 03:00:00,1,2,0,0,3
2024-03-13 03:10:00,1,5,5,4,15
2024-03-13 03:20:00,0,0,3,2,5
2024-03-13 03:30:00,4,4,1,1,10
2024-03-13 03:40:00,3,2,0,0,5
2024-03-13 03:50:00,1,2,9,4,16
2024-03-13 04:00:00,2,0,2,2,6
2024-03-13 04:10:00,1,0,4,3,8
2024-03-13 04:20:00,0,3,0,0,3
2024-03-13 04:30:00,7,3,0,0,10
2024-03-13 04:40:00,5,4,1,0,10
2024-03-13 04:50:00,6,4,1,1,12
2024-03-13 05:00:00,10,4,3,1,18
2024-03-13 05:10:00,11,4,5,3,23
2024-03-13 05:20:00,6,9,3,2,20
2024-03-13 05:30:00,16,8,4,3,31
2024-03-13 05:40:00,9,9,8,5,31
2024-03-13 05:50:00,7,11,22,8,48
2024-03-13 06:00:00,18,10,6,5,39
2024-03-13 06:10:00,19,13,5,6,43
2024-03-13 06:20:00,17,10,12,7,46
2024-03-13 06:30:00,27,16,14,8,65
2024-03-13 06:40:00,32,20,9,10,71
2024-03-13 06:50:00,20,19,7,8,54
2024-03-13 07:00:00,22,24,9,9,64
2024-03-13 07:10:00,29,30,12,13,84
2024-03-13 07:20:00,28,18,18,22,86
2024-03-13 07:30:00,31,11,11,16,69
2024-03-13 07:40:00,31,11,15,16,73
2024-03-13 07:50:00,19,12,26,17,74
2024-03-13 08:00:00,36,16,23,15,90
2024-03-13 08:10:00,30,18,19,29,96
2024-03-13 08:20:00,30,31,18,16,95
2024-03-13 08:30:00,28,22,18,18,86
2024-03-13 08:40:00,33,21,12,14,80
2024-03-13 08:50:00,34,11,21,19,85
2024-03-13 09:00:00,24,14,20,16,74
2024-03-13 09:10:00,25,24,11,13,73
2024-03-13 09:20:00,30,23,19,16,88
2024-03-13 09:30:00,22,22,12,17,73
2024-03-13 09:40:00,24,23,19,19,85
2024-03-13 09:50:00,32,17,17,16,82
2024-03-13 10:00:00,32,28,19,20,99
2024-03-13 10:10:00,29,19,19,20,87
2024-03-13 10:20:00,24,17,20,22,83
2024-03-13 10:30:00,35,15,15,14,79
2024-03-13 10:40:00,26,16,11,20,73
2024-03-13 10:50:00,26,25,12,14,77
2024-03-13 11:00:00,15,18,22,17,72
2024-03-13 11:10:00,38,19,24,17,98
2024-03-13 11:20:00,27,15,13,14,69
2024-03-13 11:30:00,32,18,19,19,88
2024-03-13 11:40:00,26,14,13,13,66
2024-03-13 11:50:00,16,14,33,20,83
2024-03-13 12:00:00,29,15,25,16,85
2024-03-13 12:10:00,20,13,22,20,75
2024-03-13 12:20:00,22,24,21,21,88
2024-03-13 12:30:00,29,27,21,22,99
2024-03-13 12:40:00,21,19,25,16,81
2024-03-13 12:50:00,29,21,21,23,94
2024-03-13 13:00:00,21,23,17,13,74
2024-03-13 13:10:00,23,15,25,23,86
2024-03-13 13:20:00,26,14,20,18,78
2024-03-13 13:30:00,21,21,27,13,82
2024-03-13 13:40:00,22,22,23,18,85
2024-03-13 13:50:00,22,20,21,18,81
2024-03-13 14:00:00,30,17,21,14,82
2024-03-13 14:10:00,21,18,27,12,78
2024-03-13 14:20:00,26,16,32,14,88
2024-03-13 14:30:00,21,16,24,14,75
2024-03-13 14:40:00,28,25,16,20,89
2024-03-13 14:50:00,18,23,25,20,86
2024-03-13 15:00:00,20,22,21,17,80
2024-03-13 15:10:00,27,19,21,19,86
2024-03-13 15:20:00,28,22,18,11,79
2024-03-13 15:30:00,25,6,23,30,84
2024-03-13 15:40:00,22,10,26,18,76
2024-03-13 15:50:00,21,4,29,11,65
2024-03-13 16:00:00,27,10,25,27,89
2024-03-13 16:10:00,24,11,26,15,76
2024-03-13 16:20:00,17,13,23,10,63
2024-03-13 16:30:00,27,20,24,20,91
2024-03-13 16:40:00,25,11,21,11,68
2024-03-13 16:50:00,20,8,23,16,67
2024-03-13 17:00:00,27,4,22,11,64
2024-03-13 17:10:00,21,15,23,4,63
2024-03-13 17:20:00,26,14,25,8,73
2024-03-13 17:30:00,24,17,28,18,87
2024-03-13 17:40:00,28,18,18,25,89
2024-03-13 17:50:00,23,14,22,16,75
2024-03-13 18:00:00,21,18,29,22,90
2024-03-13 18:10:00,12,14,19,11,56
2024-03-13 18:20:00,26,30,21,13,90
2024-03-13 18:30:00,21,23,15,13,72
2024-03-13 18:40:00,21,20,23,18,82
2024-03-13 18:50:00,18,19,22,17,76
2024-03-13 19:00:00,25,17,33,23,98
2024-03-13 19:10:00,19,20,31,19,89
2024-03-13 19:20:00,21,22,14,12,69
2024-03-13 19:30:00,28,18,28,18,92
2024-03-13 19:40:00,22,22,37,18,99
2024-03-13 19:50:00,15,13,29,19,76
2024-03-13 20:00:00,23,16,17,15,71
2024-03-13 20:10:00,17,8,19,15,59
2024-03-13 20:20:00,19,12,19,13,63
2024-03-13 20:30:00,24,19,18,12,73
2024-03-13 20:40:00,26,9,15,14,64
2024-03-13 20:50:00,12,11,30,14,67
2024-03-13 21:00:00,19,7,28,15,69
2024-03-13 21:10:00,21,8,19,13,61
2024-03-13 21:20:00,25,11,37,10,83
2024-03-13 21:30:00,31,10,29,14,84
2024-03-13 21:40:00,26,7,15,8,56
2024-03-13 21:50:00,16,12,18,12,58
2024-03-13 22:00:00,21,10,26,11,68
2024-03-13 22:10:00,25,8,14,8,55
2024-03-13 22:20:00,21,10,24,11,66
2024-03-13 22:30:00,12,6,18,10,46
2024-03-13 22:40:00,14,5,15,10,44
2024-03-13 22:50:00,19,9,16,11,55
2024-03-13 23:00:00,13,7,7,6,33
2024-03-13 23:10:00,7,3,7,5,22
2024-03-13 23:20:00,16,1,11,5,33
2024-03-13 23:30:00,8,5,5,3,21
2024-03-13 23:40:00,9,2,11,6,28
2024-03-13 23:50:00,3,2,6,4,15
2024-03-14 00:00:00,9,3,7,4,23
2024-03-14 00:10:00,5,0,15,8,28
2024-03-14 00:20:00,4,5,0,0,9
2024-03-14 00:30:00,9,0,7,3,19
2024-03-14 00:40:00,9,1,2,1,13
2024-03-14 00:50:00,2,0,2,1,5
2024-03-14 01:00:00,5,4,2,1,12
2024-03-14 01:10:00,2,1,0,0,3
2024-03-14 01:20:00,3,1,1,1,6
2024-03-14 01:30:00,2,1,2,2,7
2024-03-14 01:40:00,2,0,4,2,8
2024-03-14 01:50:00,1,3,0,0,4
2024-03-14 02:00:00,2,1,6,3,12
2024-03-14 02:10:00,3,1,2,1,7
2024-03-14 02:20:00,1,4,2,1,8
2024-03-14 02:30:00,2,1,0,0,3
2024-03-14 02:40:00,1,0,0,0,1
2024-03-14 02:50:00,0,1,1,1,3
2024-03-14 03:00:00,2,1,2,1,6
2024-03-14 03:10:00,5,3,1,1,10
2024-03-14 03:20:00,0,1,1,1,3
2024-03-14 03:30:00,1,2,3,2,8
2024-03-14 03:40:00,0,3,5,3,11
2024-03-14 03:50:00,4,2,3,2,11
2024-03-14 04:00:00,3,2,0,1,6
2024-03-14 04:10:00,2,0,1,1,4
2024-03-14 04:20:00,1,1,0,0,2
2024-03-14 04:30:00,5,0,0,0,5
2024-03-14 04:40:00,7,4,2,1,14
2024-03-14 04:50:00,6,4,1,1,12
2024-03-14 05:00:00,5,2,3,2,12
2024-03-14 05:10:00,8,9,2,2,21
2024-03-14 05:20:00,13,9,3,7,32
2024-03-14 05:30:00,15,12,7,6,40
2024-03-14 05:40:00,11,5,13,7,36
2024-03-14 05:50:00,14,5,13,8,40
2024-03-14 06:00:00,17,6,9,6,38
2024-03-14 06:10:00,23,18,12,7,60
2024-03-14 06:20:00,18,11,8,4,41
2024-03-14 06:30:00,17,17,69,8,111
2024-03-14 06:40:00,26,14,39,11,90
2024-03-14 06:50:00,19,20,8,13,60
2024-03-14 07:00:00,26,24,12,8,70
2024-03-14 07:10:00,36,21,11,11,79
2024-03-14 07:20:00,31,18,17,18,84
2024-03-14 07:30:00,40,17,14,16,87
2024-03-14 07:40:00,45,18,21,74,158
2024-03-14 07:50:00,31,15,37,19,102
2024-03-14 08:00:00,36,13,20,14,83
2024-03-14 08:10:00,29,23,18,19,89
2024-03-14 08:20:00,26,17,19,17,79
2024-03-14 08:30:00,30,19,23,16,88
2024-03-14 08:40:00,33,31,17,16,97
2024-03-14 08:50:00,25,17,16,18,76
2024-03-14 09:00:00,35,21,14,15,85
2024-03-14 09:10:00,35,23,18,12,88
2024-03-14 09:20:00,30,17,26,15,88
2024-03-14 09:30:00,30,18,18,14,80
2024-03-14 09:40:00,26,18,28,22,94
2024-03-14 09:50:00,25,13,30,10,78
2024-03-14 10:00:00,34,24,16,14,88
2024-03-14 10:10:00,24,24,19,26,93
2024-03-14 10:20:00,36,23,17,16,92
2024-03-14 10:30:00,38,19,14,4,75
2024-03-14 10:40:00,27,24,11,11,73
2024-03-14 10:50:00,35,24,24,21,104
2024-03-14 11:00:00,30,23,12,17,82
2024-03-14 11:10:00,29,18,94,22,163
2024-03-14 11:20:00,34,19,13,24,90
2024-03-14 11:30:00,31,26,23,19,99
2024-03-14 11:40:00,38,18,20,18,94
2024-03-14 11:50:00,33,24,27,17,101
2024-03-14 12:00:00,31,14,28,30,103
2024-03-14 12:10:00,39,24,14,18,95
2024-03-14 12:20:00,34,41,16,19,110
2024-03-14 12:30:00,30,21,22,12,85
2024-03-14 12:40:00,25,21,24,23,93
2024-03-14 12:50:00,35,21,29,18,103
2024-03-14 13:00:00,28,15,23,19,85
2024-03-14 13:10:00,26,16,26,16,84
2024-03-14 13:20:00,23,24,35,20,102
2024-03-14 13:30:00,23,15,20,9,67
2024-03-14 13:40:00,31,24,17,69,141
2024-03-14 13:50:00,26,17,18,19,80
2024-03-14 14:00:00,32,22,15,11,80
2024-03-14 14:10:00,27,27,29,14,97
2024-03-14 14:20:00,27,28,26,17,98
2024-03-14 14:30:00,27,12,21,17,77
2024-03-14 14:40:00,25,19,19,18,81
2024-03-14 14:50:00,20,18,41,22,101
2024-03-14 15:00:00,26,24,22,9,81
2024-03-14 15:10:00,21,22,23,18,84
2024-03-14 15:20:00,23,15,27,16,81
2024-03-14 15:30:00,24,13,19,11,67
2024-03-14 15:40:00,23,11,34,15,83
2024-03-14 15:50:00,22,13,21,9,65
2024-03-14 16:00:00,26,21,26,18,91
2024-03-14 16:10:00,24,9,27,17,77
2024-03-14 16:20:00,31,16,18,7,72
2024-03-14 16:30:00,31,12,30,7,80
2024-03-14 16:40:00,29,18,41,15,103
2024-03-14 16:50:00,27,8,23,14,72
2024-03-14 17:00:00,23,20,25,8,76
2024-03-14 17:10:00,29,14,30,12,85
2024-03-14 17:20:00,25,22,22,10,79
2024-03-14 17:30:00,23,8,35,3,69
2024-03-14 17:40:00,26,24,25,13,88
2024-03-14 17:50:00,23,13,32,14,82
2024-03-14 18:00:00,31,17,29,18,95
2024-03-14 18:10:00,8,6,10,9,33
2024-03-14 18:20:00,9,8,15,7,39
2024-03-14 18:30:00,27,17,22,26,92
2024-03-14 18:40:00,33,21,41,20,115
2024-03-14 18:50:00,25,23,56,24,128
2024-03-14 19:00:00,27,17,63,22,129
2024-03-14 19:10:00,23,18,43,20,104
2024-03-14 19:20:00,33,14,32,16,95
2024-03-14 19:30:00,18,18,76,20,132
2024-03-14 19:40:00,26,18,38,16,98
2024-03-14 19:50:00,20,15,42,20,97
2024-03-14 20:00:00,19,19,20,15,73
2024-03-14 20:10:00,20,17,21,17,75
2024-03-14 20:20:00,19,6,33,17,75
2024-03-14 20:30:00,23,18,40,11,92
2024-03-14 20:40:00,16,14,42,21,93
2024-03-14 20:50:00,21,7,31,17,76
2024-03-14 21:00:00,19,14,22,13,68
2024-03-14 21:10:00,28,10,24,9,71
2024-03-14 21:20:00,27,14,60,14,115
2024-03-14 21:30:00,21,13,30,17,81
2024-03-14 21:40:00,18,7,23,14,62
2024-03-14 21:50:00,12,4,34,18,68
2024-03-14 22:00:00,19,12,35,17,83
2024-03-14 22:10:00,20,9,27,17,73
2024-03-14 22:20:00,13,10,15,8,46
2024-03-14 22:30:00,14,6,14,7,41
2024-03-14 22:40:00,9,8,21,12,50
2024-03-14 22:50:00,7,5,17,5,34
2024-03-14 23:00:00,8,4,20,11,43
2024-03-14 23:10:00,12,1,8,5,26
2024-03-14 23:20:00,12,3,12,5,32
2024-03-14 23:30:00,6,2,25,8,41
2024-03-14 23:40:00,3,3,6,4,16
2024-03-14 23:50:00,4,2,6,4,16
2024-03-15 00:00:00,8,4,5,4,21
2024-03-15 00:10:00,4,1,3,2,10
2024-03-15 00:20:00,3,2,6,3,14
2024-03-15 00:30:00,4,2,2,1,9
2024-03-15 00:40:00,6,2,5,1,14
2024-03-15 00:50:00,2,2,0,0,4
2024-03-15 01:00:00,2,1,0,0,3
2024-03-15 01:10:00,4,2,2,1,9
2024-03-15 01:20:00,7,1,0,0,8
2024-03-15 01:30:00,4,0,9,4,17
2024-03-15 01:40:00,5,1,3,2,11
2024-03-15 01:50:00,0,2,0,0,2
2024-03-15 02:00:00,4,2,2,1,9
2024-03-15 02:10:00,3,2,4,2,11
2024-03-15 02:20:00,6,2,0,0,8
2024-03-15 02:30:00,1,1,6,3,11
2024-03-15 02:40:00,2,1,2,1,6
2024-03-15 02:50:00,4,0,2,1,7
2024-03-15 03:00:00,0,0,2,1,3
2024-03-15 03:10:00,3,2,2,2,9
2024-03-15 03:20:00,1,0,0,0,1
2024-03-15 03:30:00,1,2,0,0,3
2024-03-15 03:40:00,1,5,1,1,8
2024-03-15 03:50:00,4,2,3,2,11
2024-03-15 04:00:00,4,1,2,2,9
2024-03-15 04:10:00,4,0,0,0,4
2024-03-15 04:20:00,2,3,6,3,14
2024-03-15 04:30:00,4,4,2,1,11
2024-03-15 04:40:00,7,5,0,0,12
2024-03-15 04:50:00,6,5,0,0,11
2024-03-15 05:00:00,8,9,3,2,22
2024-03-15 05:10:00,5,4,3,3,15
2024-03-15 05:20:00,8,10,1,0,19
2024-03-15 05:30:00,7,7,6,3,23
2024-03-15 05:40:00,9,6,18,9,42
2024-03-15 05:50:00,13,10,21,10,54
2024-03-15 06:00:00,12,14,11,4,41
2024-03-15 06:10:00,18,6,14,6,44
2024-03-15 06:20:00,23,13,7,7,50
2024-03-15 06:30:00,22,25,8,8,63
2024-03-15 06:40:00,30,10,10,10,60
2024-03-15 06:50:00,26,21,9,13,69
2024-03-15 07:00:00,33,24,9,11,77
2024-03-15 07:10:00,22,26,11,11,70
2024-03-15 07:20:00,17,19,13,15,64
2024-03-15 07:30:00,34,24,15,13,86
2024-03-15 07:40:00,30,18,22,19,89
2024-03-15 07:50:00,31,14,32,17,94
2024-03-15 08:00:00,28,18,24,10,80
2024-03-15 08:10:00,25,17,22,16,80
2024-03-15 08:20:00,25,23,20,17,85
2024-03-15 08:30:00,30,19,21,15,85
2024-03-15 08:40:00,27,23,18,28,96
2024-03-15 08:50:00,33,15,18,21,87
2024-03-15 09:00:00,29,23,57,21,130
2024-03-15 09:10:00,24,16,19,13,72
2024-03-15 09:20:00,29,21,12,11,73
2024-03-15 09:30:00,29,20,23,18,90
2024-03-15 09:40:00,23,19,20,19,81
2024-03-15 09:50:00,28,10,30,20,88
2024-03-15 10:00:00,25,16,15,16,72
2024-03-15 10:10:00,28,19,23,14,84
2024-03-15 10:20:00,27,21,23,12,83
2024-03-15 10:30:00,30,16,25,15,86
2024-03-15 10:40:00,24,22,20,19,85
2024-03-15 10:50:00,27,19,17,14,77
2024-03-15 11:00:00,30,21,21,19,91
2024-03-15 11:10:00,29,10,15,16,70
2024-03-15 11:20:00,23,22,15,18,78
2024-03-15 11:30:00,24,25,19,18,86
2024-03-15 11:40:00,19,17,29,22,87
2024-03-15 11:50:00,24,9,9,11,53
2024-03-15 12:00:00,28,24,21,22,95
2024-03-15 12:10:00,28,11,24,21,84
2024-03-15 12:20:00,25,13,44,21,103
2024-03-15 12:30:00,18,19,22,21,80
2024-03-15 12:40:00,25,21,19,20,85
2024-03-15 12:50:00,20,20,16,16,72
2024-03-15 13:00:00,22,14,27,17,80
2024-03-15 13:10:00,23,4,25,18,70
2024-03-15 13:20:00,20,21,15,9,65
2024-03-15 13:30:00,28,8,12,12,60
2024-03-15 13:40:00,30,19,18,14,81
2024-03-15 13:50:00,22,20,16,8,66
2024-03-15 14:00:00,22,19,20,17,78
2024-03-15 14:10:00,23,18,23,16,80
2024-03-15 14:20:00,15,16,27,16,74
2024-03-15 14:30:00,26,14,21,16,77
2024-03-15 14:40:00,27,18,25,10,80
2024-03-15 14:50:00,21,18,19,21,79
2024-03-15 15:00:00,21,15,18,10,64
2024-03-15 15:10:00,30,8,29,8,75
2024-03-15 15:20:00,30,15,18,20,83
2024-03-15 15:30:00,25,19,28,20,92
2024-03-15 15:40:00,18,16,32,19,85
2024-03-15 15:50:00,30,5,32,20,87
2024-03-15 16:00:00,37,28,26,14,105
2024-03-15 16:10:00,30,12,26,18,86
2024-03-15 16:20:00,17,24,24,21,86
2024-03-15 16:30:00,29,13,28,11,81
2024-03-15 16:40:00,23,11,20,12,66
2024-03-15 16:50:00,23,21,26,11,81
2024-03-15 17:00:00,24,13,22,13,72
2024-03-15 17:10:00,31,12,17,15,75
2024-03-15 17:20:00,27,14,15,11,67
2024-03-15 17:30:00,35,14,30,5,84
2024-03-15 17:40:00,30,21,24,23,98
2024-03-15 17:50:00,24,10,26,12,72
2024-03-15 18:00:00,21,21,33,14,89
2024-03-15 18:10:00,23,12,25,18,78
2024-03-15 18:20:00,20,13,33,19,85
2024-03-15 18:30:00,25,13,27,20,85
2024-03-15 18:40:00,34,15,42,17,108
2024-03-15 18:50:00,30,12,61,17,120
2024-03-15 19:00:00,25,25,51,22,123
2024-03-15 19:10:00,29,11,49,13,102
2024-03-15 19:20:00,19,12,39,24,94
2024-03-15 19:30:00,13,19,29,16,77
2024-03-15 19:40:00,28,10,42,18,98
2024-03-15 19:50:00,19,16,35,20,90
2024-03-15 20:00:00,27,15,34,15,91
2024-03-15 20:10:00,20,28,41,16,105
2024-03-15 20:20:00,24,12,22,18,76
2024-03-15 20:30:00,27,12,11,4,54
2024-03-15 20:40:00,26,15,54,14,109
2024-03-15 20:50:00,20,9,26,17,72
2024-03-15 21:00:00,24,13,35,13,85
2024-03-15 21:10:00,19,8,18,9,54
2024-03-15 21:20:00,15,23,28,15,81
2024-03-15 21:30:00,20,13,22,10,65
2024-03-15 21:40:00,20,12,59,10,101
2024-03-15 21:50:00,13,14,32,17,76
2024-03-15 22:00:00,19,15,18,11,63
2024-03-15 22:10:00,20,20,41,14,95
2024-03-15 22:20:00,10,9,34,12,65
2024-03-15 22:30:00,20,12,20,14,66
2024-03-15 22:40:00,14,12,26,11,63
2024-03-15 22:50:00,14,16,29,13,72
2024-03-15 23:00:00,17,9,25,13,64
2024-03-15 23:10:00,23,6,16,6,51
2024-03-15 23:20:00,10,7,8,4,29
2024-03-15 23:30:00,7,5,16,10,38
2024-03-15 23:40:00,13,9,8,5,35
2024-03-15 23:50:00,8,5,15,6,34
2024-03-16 00:00:00,20,2,12,5,39
2024-03-16 00:10:00,6,5,9,5,25
2024-03-16 00:20:00,9,4,14,7,34
2024-03-16 00:30:00,10,3,4,2,19
2024-03-16 00:40:00,7,2,2,1,12
2024-03-16 00:50:00,11,4,6,4,25
2024-03-16 01:00:00,11,7,10,4,32
2024-03-16 01:10:00,2,3,3,2,10
2024-03-16 01:20:00,8,2,5,3,18
2024-03-16 01:30:00,8,0,3,2,13
2024-03-16 01:40:00,7,5,6,2,20
2024-03-16 01:50:00,8,4,10,5,27
2024-03-16 02:00:00,8,0,3,1,12
2024-03-16 02:10:00,3,4,1,1,9
2024-03-16 02:20:00,3,2,10,3,18
2024-03-16 02:30:00,3,1,2,2,8
2024-03-16 02:40:00,3,1,2,0,6
2024-03-16 02:50:00,4,1,3,1,9
2024-03-16 03:00:00,6,1,7,4,18
2024-03-16 03:10:00,1,4,4,3,12
2024-03-16 03:20:00,3,3,7,3,16
2024-03-16 03:30:00,7,2,3,1,13
2024-03-16 03:40:00,0,0,0,0,0
2024-03-16 03:50:00,3,3,3,1,10
2024-03-16 04:00:00,4,1,4,4,13
2024-03-16 04:10:00,2,0,0,0,2
2024-03-16 04:20:00,3,1,2,1,7
2024-03-16 04:30:00,2,1,9,3,15
2024-03-16 04:40:00,5,2,2,2,11
2024-03-16 04:50:00,4,3,4,2,13
2024-03-16 05:00:00,5,6,0,0,11
2024-03-16 05:10:00,6,2,8,4,20
2024-03-16 05:20:00,2,3,0,0,5
2024-03-16 05:30:00,4,5,5,7,21
2024-03-16 05:40:00,9,2,6,4,21
2024-03-16 05:50:00,5,3,7,6,21
2024-03-16 06:00:00,8,1,5,4,18
2024-03-16 06:10:00,8,5,4,2,19
2024-03-16 06:20:00,2,5,2,2,11
2024-03-16 06:30:00,10,3,7,7,27
2024-03-16 06:40:00,6,9,7,7,29
2024-03-16 06:50:00,10,8,8,9,35
2024-03-16 07:00:00,13,8,4,5,30
2024-03-16 07:10:00,9,11,4,4,28
2024-03-16 07:20:00,16,5,12,12,45
2024-03-16 07:30:00,12,12,6,6,36
2024-03-16 07:40:00,16,9,5,6,36
2024-03-16 07:50:00,21,14,7,9,51
2024-03-16 08:00:00,16,15,7,10,48
2024-03-16 08:10:00,18,15,13,14,60
2024-03-16 08:20:00,21,15,15,15,66
2024-03-16 08:30:00,23,16,10,10,59
2024-03-16 08:40:00,16,12,10,13,51
2024-03-16 08:50:00,20,22,21,19,82
2024-03-16 09:00:00,23,17,11,8,59
2024-03-16 09:10:00,16,22,14,18,70
2024-03-16 09:20:00,27,15,17,19,78
2024-03-16 09:30:00,26,14,22,15,77
2024-03-16 09:40:00,25,25,16,19,85
2024-03-16 09:50:00,21,15,22,12,70
2024-03-16 10:00:00,34,21,13,14,82
2024-03-16 10:10:00,26,22,21,21,90
2024-03-16 10:20:00,30,19,27,21,97
2024-03-16 10:30:00,23,22,22,24,91
2024-03-16 10:40:00,27,21,21,20,89
2024-03-16 10:50:00,28,22,21,10,81
2024-03-16 11:00:00,24,20,40,17,101
2024-03-16 11:10:00,22,20,22,18,82
2024-03-16 11:20:00,29,18,23,29,99
2024-03-16 11:30:00,18,10,25,18,71
2024-03-16 11:40:00,26,22,21,19,88
2024-03-16 11:50:00,23,14,14,9,60
2024-03-16 12:00:00,22,18,17,20,77
2024-03-16 12:10:00,33,14,21,12,80
2024-03-16 12:20:00,27,20,17,15,79
2024-03-16 12:30:00,32,11,21,20,84
2024-03-16 12:40:00,29,17,14,16,76
2024-03-16 12:50:00,25,18,15,20,78
2024-03-16 13:00:00,26,23,25,23,97
2024-03-16 13:10:00,39,15,13,14,81
2024-03-16 13:20:00,28,21,24,26,99
2024-03-16 13:30:00,30,21,26,17,94
2024-03-16 13:40:00,32,22,30,20,104
2024-03-16 13:50:00,21,16,16,19,72
2024-03-16 14:00:00,25,15,26,10,76
2024-03-16 14:10:00,19,14,28,17,78
2024-03-16 14:20:00,25,18,21,22,86
2024-03-16 14:30:00,21,15,15,14,65
2024-03-16 14:40:00,35,19,34,17,105
2024-03-16 14:50:00,31,20,16,11,78
2024-03-16 15:00:00,34,20,19,21,94
2024-03-16 15:10:00,26,14,25,20,85
2024-03-16 15:20:00,20,24,13,16,73
2024-03-16 15:30:00,31,13,21,17,82
2024-03-16 15:40:00,21,17,23,16,77
2024-03-16 15:50:00,26,18,17,19,80
2024-03-16 16:00:00,20,19,16,13,68
2024-03-16 16:10:00,26,14,14,19,73
2024-03-16 16:20:00,23,18,20,19,80
2024-03-16 16:30:00,21,15,17,22,75
2024-03-16 16:40:00,28,16,15,15,74
2024-03-16 16:50:00,21,17,20,23,81
2024-03-16 17:00:00,28,16,26,24,94
2024-03-16 17:10:00,18,17,20,15,70
2024-03-16 17:20:00,21,19,17,17,74
2024-03-16 17:30:00,22,9,24,13,68
2024-03-16 17:40:00,30,13,13,16,72
2024-03-16 17:50:00,24,14,24,22,84
2024-03-16 18:00:00,31,21,24,6,82
2024-03-16 18:10:00,35,18,23,18,94
2024-03-16 18:20:00,30,19,26,20,95
2024-03-16 18:30:00,26,21,24,24,95
2024-03-16 18:40:00,31,14,26,22,93
2024-03-16 18:50:00,21,20,35,15,91
2024-03-16 19:00:00,31,21,41,19,112
2024-03-16 19:10:00,19,21,52,21,113
2024-03-16 19:20:00,27,26,44,12,109
2024-03-16 19:30:00,22,17,31,17,87
2024-03-16 19:40:00,26,15,35,15,91
2024-03-16 19:50:00,18,5,37,14,74
2024-03-16 20:00:00,18,15,43,13,89
2024-03-16 20:10:00,25,11,32,19,87
2024-03-16 20:20:00,23,15,26,13,77
2024-03-16 20:30:00,14,10,35,21,80
2024-03-16 20:40:00,26,16,24,13,79
2024-03-16 20:50:00,16,14,25,13,68
2024-03-16 21:00:00,15,10,29,12,66
2024-03-16 21:10:00,12,13,64,10,99
2024-03-16 21:20:00,18,8,19,12,57
2024-03-16 21:30:00,14,8,33,17,72
2024-03-16 21:40:00,19,8,21,13,61
2024-03-16 21:50:00,13,14,44,14,85
2024-03-16 22:00:00,13,10,22,14,59
2024-03-16 22:10:00,17,10,20,10,57
2024-03-16 22:20:00,12,7,19,9,47
2024-03-16 22:30:00,8,3,6,4,21
2024-03-16 22:40:00,25,6,13,9,53
2024-03-16 22:50:00,14,5,29,9,57
2024-03-16 23:00:00,15,2,16,7,40
2024-03-16 23:10:00,18,4,44,9,75
2024-03-16 23:20:00,7,6,8,6,27
2024-03-16 23:30:00,11,4,29,12,56
2024-03-16 23:40:00,13,3,9,4,29
2024-03-16 23:50:00,9,6,18,10,43
2024-03-17 00:00:00,13,2,19,10,44
2024-03-17 00:10:00,14,0,19,10,43
2024-03-17 00:20:00,9,6,7,4,26
2024-03-17 00:30:00,12,6,16,9,43
2024-03-17 00:40:00,12,4,9,6,31
2024-03-17 00:50:00,5,4,26,9,44
2024-03-17 01:00:00,16,3,8,5,32
2024-03-17 01:10:00,4,2,7,4,17
2024-03-17 01:20:00,9,3,8,4,24
2024-03-17 01:30:00,6,4,3,2,15
2024-03-17 01:40:00,6,1,10,4,21
2024-03-17 01:50:00,3,7,6,2,18
2024-03-17 02:00:00,9,1,0,0,10
2024-03-17 02:10:00,2,1,4,4,11
2024-03-17 02:20:00,0,3,0,0,3
2024-03-17 02:30:00,7,1,2,1,11
2024-03-17 02:40:00,2,1,2,1,6
2024-03-17 02:50:00,2,6,3,2,13
2024-03-17 03:00:00,5,2,5,2,14
2024-03-17 03:10:00,5,1,5,3,14
2024-03-17 03:20:00,2,2,6,2,12
2024-03-17 03:30:00,8,2,2,1,13
2024-03-17 03:40:00,2,1,2,1,6
2024-03-17 03:50:00,2,2,1,1,6
2024-03-17 04:00:00,3,0,1,1,5
2024-03-17 04:10:00,5,0,3,2,10
2024-03-17 04:20:00,0,2,0,0,2
2024-03-17 04:30:00,2,0,0,0,2
2024-03-17 04:40:00,1,0,15,3,19
2024-03-17 04:50:00,0,1,0,0,1
2024-03-17 05:00:00,6,1,1,1,9
2024-03-17 05:10:00,4,1,3,1,9
2024-03-17 05:20:00,1,2,3,2,8
2024-03-17 05:30:00,8,3,0,0,11
2024-03-17 05:40:00,5,0,3,1,9
2024-03-17 05:50:00,5,1,3,1,10
2024-03-17 06:00:00,7,4,6,3,20
2024-03-17 06:10:00,0,5,1,1,7
2024-03-17 06:20:00,2,2,0,0,4
2024-03-17 06:30:00,6,2,2,2,12
2024-03-17 06:40:00,6,1,4,3,14
2024-03-17 06:50:00,6,6,4,4,20
2024-03-17 07:00:00,4,2,2,2,10
2024-03-17 07:10:00,6,4,1,1,12
2024-03-17 07:20:00,1,7,3,3,14
2024-03-17 07:30:00,10,7,3,3,23
2024-03-17 07:40:00,13,2,4,4,23
2024-03-17 07:50:00,11,4,2,2,19
2024-03-17 08:00:00,8,7,4,4,23
2024-03-17 08:10:00,10,8,5,5,28
2024-03-17 08:20:00,17,6,3,4,30
2024-03-17 08:30:00,15,14,5,5,39
2024-03-17 08:40:00,10,13,6,3,32
2024-03-17 08:50:00,8,16,7,10,41
2024-03-17 09:00:00,11,8,11,10,40
2024-03-17 09:10:00,12,17,6,6,41
2024-03-17 09:20:00,16,15,10,10,51
2024-03-17 09:30:00,19,9,11,10,49
2024-03-17 09:40:00,23,16,8,9,56
2024-03-17 09:50:00,22,20,18,17,77
2024-03-17 10:00:00,30,16,10,12,68
2024-03-17 10:10:00,17,16,10,12,55
2024-03-17 10:20:00,17,15,20,19,71
2024-03-17 10:30:00,23,18,19,16,76
2024-03-17 10:40:00,20,16,15,16,67
2024-03-17 10:50:00,23,12,15,20,70
2024-03-17 11:00:00,22,22,21,20,85
2024-03-17 11:10:00,21,17,14,14,66
2024-03-17 11:20:00,32,13,18,20,83
2024-03-17 11:30:00,31,16,15,19,81
2024-03-17 11:40:00,29,13,7,8,57
2024-03-17 11:50:00,25,10,11,11,57
2024-03-17 12:00:00,29,24,26,20,99
2024-03-17 12:10:00,32,19,22,20,93
2024-03-17 12:20:00,20,16,26,23,85
2024-03-17 12:30:00,29,24,13,13,79
2024-03-17 12:40:00,29,14,17,19,79
2024-03-17 12:50:00,29,22,25,23,99
2024-03-17 13:00:00,36,13,19,21,89
2024-03-17 13:10:00,25,15,7,10,57
2024-03-17 13:20:00,24,22,22,24,92
2024-03-17 13:30:00,25,19,19,22,85
2024-03-17 13:40:00,32,15,12,13,72
2024-03-17 13:50:00,23,10,34,20,87
2024-03-17 14:00:00,32,22,23,23,100
2024-03-17 14:10:00,28,20,17,16,81
2024-03-17 14:20:00,24,27,20,17,88
2024-03-17 14:30:00,30,20,22,23,95
2024-03-17 14:40:00,34,18,27,21,100
2024-03-17 14:50:00,32,15,26,25,98
2024-03-17 15:00:00,35,18,17,20,90
2024-03-17 15:10:00,18,12,19,15,64
2024-03-17 15:20:00,35,18,13,15,81
2024-03-17 15:30:00,26,13,23,25,87
2024-03-17 15:40:00,26,22,18,19,85
2024-03-17 15:50:00,22,15,20,16,73
2024-03-17 16:00:00,27,20,12,15,74
2024-03-17 16:10:00,21,15,12,11,59
2024-03-17 16:20:00,27,18,20,16,81
2024-03-17 16:30:00,31,12,18,13,74
2024-03-17 16:40:00,22,15,14,12,63
2024-03-17 16:50:00,22,15,21,17,75
2024-03-17 17:00:00,34,32,16,17,99
2024-03-17 17:10:00,22,20,16,16,74
2024-03-17 17:20:00,23,22,18,22,85
2024-03-17 17:30:00,18,19,21,17,75
2024-03-17 17:40:00,30,22,18,17,87
2024-03-17 17:50:00,28,22,17,21,88
2024-03-17 18:00:00,22,16,20,19,77
2024-03-17 18:10:00,29,18,12,10,69
2024-03-17 18:20:00,22,14,30,20,86
2024-03-17 18:30:00,32,15,23,22,92
2024-03-17 18:40:00,32,16,13,13,74
2024-03-17 18:50:00,18,12,32,21,83
2024-03-17 19:00:00,25,11,26,18,80
2024-03-17 19:10:00,16,18,26,17,77
2024-03-17 19:20:00,18,12,22,12,64
2024-03-17 19:30:00,21,13,15,13,62
2024-03-17 19:40:00,23,15,14,10,62
2024-03-17 19:50:00,18,15,49,24,106
2024-03-17 20:00:00,24,18,34,15,91
2024-03-17 20:10:00,19,7,100,17,143
2024-03-17 20:20:00,20,11,22,12,65
2024-03-17 20:30:00,28,10,33,14,85
2024-03-17 20:40:00,23,12,23,10,68
2024-03-17 20:50:00,13,4,23,13,53
2024-03-17 21:00:00,10,4,38,13,65
2024-03-17 21:10:00,20,9,22,12,63
2024-03-17 21:20:00,11,12,10,6,39
2024-03-17 21:30:00,6,12,28,14,60
2024-03-17 21:40:00,16,7,21,13,57
2024-03-17 21:50:00,13,9,15,10,47
2024-03-17 22:00:00,23,7,34,13,77
2024-03-17 22:10:00,11,3,6,5,25
2024-03-17 22:20:00,7,4,13,7,31
2024-03-17 22:30:00,10,4,17,11,42
2024-03-17 22:40:00,9,0,7,5,21
2024-03-17 22:50:00,8,4,15,8,35
2024-03-17 23:00:00,6,4,10,5,25
2024-03-17 23:10:00,5,2,10,5,22
2024-03-17 23:20:00,5,3,4,2,14
2024-03-17 23:30:00,5,0,4,4,13
2024-03-17 23:40:00,3,1,3,1,8
2024-03-17 23:50:00,1,5,21,5,32
2024-03-18 00:00:00,9,3,10,5,27
2024-03-18 00:10:00,5,4,7,3,19
2024-03-18 00:20:00,2,3,2,1,8
2024-03-18 00:30:00,2,0,0,0,2
2024-03-18 00:40:00,7,2,2,1,12
2024-03-18 00:50:00,0,5,0,1,6
2024-03-18 01:00:00,6,1,3,2,12
2024-03-18 01:10:00,6,1,0,0,7
2024-03-18 01:20:00,5,1,3,1,10
2024-03-18 01:30:00,0,0,4,1,5
2024-03-18 01:40:00,3,0,11,2,16
2024-03-18 01:50:00,1,1,0,0,2
2024-03-18 02:00:00,2,2,2,1,7
2024-03-18 02:10:00,4,0,2,1,7
2024-03-18 02:20:00,0,4,0,0,4
2024-03-18 02:30:00,0,0,7,2,9
2024-03-18 02:40:00,0,0,3,2,5
2024-03-18 02:50:00,3,0,0,0,3
2024-03-18 03:00:00,0,1,0,0,1
2024-03-18 03:10:00,0,0,0,0,0
2024-03-18 03:20:00,4,0,0,0,4
2024-03-18 03:30:00,4,1,1,1,7
2024-03-18 03:40:00,2,3,0,0,5
2024-03-18 03:50:00,4,3,4,2,13
2024-03-18 04:00:00,3,2,0,0,5
2024-03-18 04:10:00,3,0,1,2,6
2024-03-18 04:20:00,4,2,1,1,8
2024-03-18 04:30:00,3,1,0,0,4
2024-03-18 04:40:00,7,2,0,0,9
2024-03-18 04:50:00,5,4,1,1,11
2024-03-18 05:00:00,8,4,3,2,17
2024-03-18 05:10:00,7,5,4,2,18
2024-03-18 05:20:00,11,5,1,2,19
2024-03-18 05:30:00,9,7,8,5,29
2024-03-18 05:40:00,7,8,23,6,44
2024-03-18 05:50:00,13,8,7,6,34
2024-03-18 06:00:00,13,5,9,6,33
2024-03-18 06:10:00,21,12,10,7,50
2024-03-18 06:20:00,28,17,10,8,63
2024-03-18 06:30:00,19,21,8,11,59
2024-03-18 06:40:00,24,15,15,9,63
2024-03-18 06:50:00,24,23,8,11,66
2024-03-18 07:00:00,31,13,14,12,70
2024-03-18 07:10:00,23,14,10,18,65
2024-03-18 07:20:00,28,18,19,15,80
2024-03-18 07:30:00,27,18,15,13,73
2024-03-18 07:40:00,25,11,16,16,68
2024-03-18 07:50:00,21,12,33,4,70
2024-03-18 08:00:00,21,15,25,22,83
2024-03-18 08:10:00,31,20,21,20,92
2024-03-18 08:20:00,22,16,16,17,71
2024-03-18 08:30:00,24,13,17,17,71
2024-03-18 08:40:00,28,22,19,17,86
2024-03-18 08:50:00,26,18,18,17,79
2024-03-18 09:00:00,31,26,17,22,96
2024-03-18 09:10:00,43,23,14,14,94
2024-03-18 09:20:00,29,12,23,26,90
2024-03-18 09:30:00,23,16,38,16,93
2024-03-18 09:40:00,27,20,16,15,78
2024-03-18 09:50:00,31,14,20,17,82
2024-03-18 10:00:00,22,21,18,30,91
2024-03-18 10:10:00,23,14,14,19,70
2024-03-18 10:20:00,21,21,22,16,80
2024-03-18 10:30:00,24,13,18,21,76
2024-03-18 10:40:00,29,12,20,18,79
2024-03-18 10:50:00,25,20,21,19,85
2024-03-18 11:00:00,23,19,19,17,78
2024-03-18 11:10:00,29,14,22,9,74
2024-03-18 11:20:00,22,16,20,18,76
2024-03-18 11:30:00,22,25,17,22,86
2024-03-18 11:40:00,41,10,15,24,90
2024-03-18 11:50:00,27,19,20,22,88
2024-03-18 12:00:00,27,16,24,21,88
2024-03-18 12:10:00,14,17,20,19,70
2024-03-18 12:20:00,30,17,18,23,88
2024-03-18 12:30:00,21,17,16,18,72
2024-03-18 12:40:00,20,17,17,15,69
2024-03-18 12:50:00,24,13,23,22,82
2024-03-18 13:00:00,27,16,14,19,76
2024-03-18 13:10:00,31,14,18,13,76
2024-03-18 13:20:00,32,17,11,16,76
2024-03-18 13:30:00,22,13,26,22,83
2024-03-18 13:40:00,19,13,26,33,91
2024-03-18 13:50:00,30,20,27,6,83
2024-03-18 14:00:00,24,12,17,19,72
2024-03-18 14:10:00,30,16,21,11,78
2024-03-18 14:20:00,30,11,15,7,63
2024-03-18 14:30:00,18,22,13,28,81
2024-03-18 14:40:00,16,18,24,1,59
2024-03-18 14:50:00,28,19,22,19,88
2024-03-18 15:00:00,22,15,20,18,75
2024-03-18 15:10:00,27,25,23,14,89
2024-03-18 15:20:00,29,13,26,9,77
2024-03-18 15:30:00,16,20,26,0,62
2024-03-18 15:40:00,29,23,19,9,80
2024-03-18 15:50:00,28,12,32,1,73
2024-03-18 16:00:00,28,24,27,3,82
2024-03-18 16:10:00,33,18,30,27,108
2024-03-18 16:20:00,24,18,30,24,96
2024-03-18 16:30:00,24,21,25,10,80
2024-03-18 16:40:00,19,14,47,8,88
2024-03-18 16:50:00,27,24,31,14,96
2024-03-18 17:00:00,28,21,18,9,76
2024-03-18 17:10:00,25,20,27,0,72
2024-03-18 17:20:00,29,19,14,9,71
2024-03-18 17:30:00,23,19,22,4,68
2024-03-18 17:40:00,34,21,30,22,107
2024-03-18 17:50:00,26,16,29,20,91
2024-03-18 18:00:00,31,24,20,17,92
2024-03-18 18:10:00,28,19,27,21,95
2024-03-18 18:20:00,20,22,23,19,84
2024-03-18 18:30:00,27,20,28,19,94
2024-03-18 18:40:00,28,14,30,24,96
2024-03-18 18:50:00,23,24,47,19,113
2024-03-18 19:00:00,24,15,42,17,98
2024-03-18 19:10:00,21,18,68,24,131
2024-03-18 19:20:00,24,19,35,25,103
2024-03-18 19:30:00,23,19,44,23,109
2024-03-18 19:40:00,33,13,46,22,114
2024-03-18 19:50:00,27,13,52,23,115
2024-03-18 20:00:00,13,13,32,19,77
2024-03-18 20:10:00,21,13,28,16,78
2024-03-18 20:20:00,24,16,83,19,142
2024-03-18 20:30:00,17,9,46,16,88
2024-03-18 20:40:00,20,7,31,13,71
2024-03-18 20:50:00,22,9,33,16,80
2024-03-18 21:00:00,21,14,45,14,94
2024-03-18 21:10:00,25,10,24,13,72
2024-03-18 21:20:00,15,14,27,15,71
2024-03-18 21:30:00,18,12,34,16,80
2024-03-18 21:40:00,15,11,12,8,46
2024-03-18 21:50:00,13,6,13,12,44
2024-03-18 22:00:00,12,10,21,10,53
2024-03-18 22:10:00,15,7,23,10,55
2024-03-18 22:20:00,10,10,21,13,54
2024-03-18 22:30:00,10,8,12,9,39
2024-03-18 22:40:00,15,6,8,8,37
2024-03-18 22:50:00,12,3,5,3,23
2024-03-18 23:00:00,8,3,9,6,26
2024-03-18 23:10:00,10,1,4,2,17
2024-03-18 23:20:00,6,3,10,7,26
2024-03-18 23:30:00,5,3,12,7,27
2024-03-18 23:40:00,7,2,4,2,15
2024-03-18 23:50:00,12,3,8,5,28
2024-03-19 00:00:00,4,2,4,2,12
2024-03-19 00:10:00,2,2,0,0,4
2024-03-19 00:20:00,4,4,3,3,14
2024-03-19 00:30:00,2,2,0,0,4
2024-03-19 00:40:00,8,6,2,1,17
2024-03-19 00:50:00,3,0,0,0,3
2024-03-19 01:00:00,4,1,1,1,7
2024-03-19 01:10:00,4,1,2,1,8
2024-03-19 01:20:00,5,3,2,2,12
2024-03-19 01:30:00,1,0,5,3,9
2024-03-19 01:40:00,4,0,0,0,4
2024-03-19 01:50:00,1,2,0,0,3
2024-03-19 02:00:00,2,1,1,1,5
2024-03-19 02:10:00,1,2,1,1,5
2024-03-19 02:20:00,1,1,2,1,5
2024-03-19 02:30:00,3,1,0,0,4
2024-03-19 02:40:00,1,0,1,1,3
2024-03-19 02:50:00,4,0,5,1,10
2024-03-19 03:00:00,0,2,2,1,5
2024-03-19 03:10:00,0,0,0,0,0
2024-03-19 03:20:00,2,1,0,0,3
2024-03-19 03:30:00,4,2,18,1,25
2024-03-19 03:40:00,1,3,0,0,4
2024-03-19 03:50:00,3,1,5,3,12
2024-03-19 04:00:00,6,1,1,2,10
2024-03-19 04:10:00,0,0,1,1,2
2024-03-19 04:20:00,7,1,0,0,8
2024-03-19 04:30:00,1,3,2,1,7
2024-03-19 04:40:00,4,2,2,2,10
2024-03-19 04:50:00,7,4,0,0,11
2024-03-19 05:00:00,5,3,0,0,8
2024-03-19 05:10:00,9,4,4,2,19
2024-03-19 05:20:00,10,8,1,1,20
2024-03-19 05:30:00,10,6,6,4,26
2024-03-19 05:40:00,6,9,13,7,35
2024-03-19 05:50:00,12,7,8,5,32
2024-03-19 06:00:00,12,8,7,4,31
2024-03-19 06:10:00,19,11,10,9,49
2024-03-19 06:20:00,15,16,8,8,47
2024-03-19 06:30:00,25,17,12,12,66
2024-03-19 06:40:00,21,19,8,13,61
2024-03-19 06:50:00,26,17,13,15,71
2024-03-19 07:00:00,22,18,7,10,57
2024-03-19 07:10:00,33,18,11,12,74
2024-03-19 07:20:00,33,28,19,18,98
2024-03-19 07:30:00,35,18,13,8,74
2024-03-19 07:40:00,48,11,21,19,99
2024-03-19 07:50:00,30,15,29,9,83
2024-03-19 08:00:00,13,12,22,9,56
2024-03-19 08:10:00,26,17,21,20,84
2024-03-19 08:20:00,27,25,33,22,107
2024-03-19 08:30:00,25,14,13,14,66
2024-03-19 08:40:00,19,18,26,17,80
2024-03-19 08:50:00,25,18,23,20,86
2024-03-19 09:00:00,29,19,17,18,83
2024-03-19 09:10:00,33,12,22,17,84
2024-03-19 09:20:00,32,17,20,18,87
2024-03-19 09:30:00,30,15,14,11,70
2024-03-19 09:40:00,30,16,15,13,74
2024-03-19 09:50:00,16,14,19,5,54
2024-03-19 10:00:00,21,25,15,18,79
2024-03-19 10:10:00,18,13,19,18,68
2024-03-19 10:20:00,24,20,22,15,81
2024-03-19 10:30:00,25,13,16,16,70
2024-03-19 10:40:00,22,16,17,12,67
2024-03-19 10:50:00,20,13,25,15,73
2024-03-19 11:00:00,28,18,19,20,85
2024-03-19 11:10:00,21,14,19,18,72
2024-03-19 11:20:00,27,16,16,14,73
2024-03-19 11:30:00,28,24,24,21,97
2024-03-19 11:40:00,26,15,19,12,72
2024-03-19 11:50:00,28,11,23,18,80
2024-03-19 12:00:00,29,21,19,20,89
2024-03-19 12:10:00,22,19,19,18,78
2024-03-19 12:20:00,26,14,15,19,74
2024-03-19 12:30:00,29,17,20,17,83
2024-03-19 12:40:00,22,11,22,18,73
2024-03-19 12:50:00,16,13,23,16,68
2024-03-19 13:00:00,33,12,18,11,74
2024-03-19 13:10:00,20,14,21,12,67
2024-03-19 13:20:00,27,16,29,29,101
2024-03-19 13:30:00,17,10,12,9,48
2024-03-19 13:40:00,26,13,20,10,69
2024-03-19 13:50:00,25,17,23,8,73
2024-03-19 14:00:00,27,13,22,14,76
2024-03-19 14:10:00,26,22,20,9,77
2024-03-19 14:20:00,27,16,16,12,71
2024-03-19 14:30:00,21,17,23,7,68
2024-03-19 14:40:00,30,12,23,14,79
2024-03-19 14:50:00,25,20,22,8,75
2024-03-19 15:00:00,19,22,28,6,75
2024-03-19 15:10:00,20,10,17,8,55
2024-03-19 15:20:00,22,12,25,3,62
2024-03-19 15:30:00,23,19,31,14,87
2024-03-19 15:40:00,24,17,17,2,60
2024-03-19 15:50:00,29,14,21,31,95
2024-03-19 16:00:00,39,23,19,15,96
2024-03-19 16:10:00,26,25,18,18,87
2024-03-19 16:20:00,27,25,39,1,92
2024-03-19 16:30:00,26,17,26,5,74
2024-03-19 16:40:00,23,27,33,12,95
2024-03-19 16:50:00,24,20,25,14,83
2024-03-19 17:00:00,29,24,22,24,99
2024-03-19 17:10:00,30,13,22,9,74
2024-03-19 17:20:00,25,25,19,17,86
2024-03-19 17:30:00,23,12,19,12,66
2024-03-19 17:40:00,21,24,10,23,78
2024-03-19 17:50:00,24,18,19,15,76
2024-03-19 18:00:00,31,20,37,22,110
2024-03-19 18:10:00,26,23,35,17,101
2024-03-19 18:20:00,24,22,28,22,96
2024-03-19 18:30:00,28,19,28,21,96
2024-03-19 18:40:00,32,18,30,19,99
2024-03-19 18:50:00,34,17,42,28,121
2024-03-19 19:00:00,36,22,37,14,109
2024-03-19 19:10:00,23,10,36,18,87
2024-03-19 19:20:00,31,13,47,26,117
2024-03-19 19:30:00,20,18,38,20,96
2024-03-19 19:40:00,26,10,42,18,96
2024-03-19 19:50:00,20,17,38,23,98
2024-03-19 20:00:00,19,10,29,16,74
2024-03-19 20:10:00,25,15,44,21,105
2024-03-19 20:20:00,23,11,14,12,60
2024-03-19 20:30:00,20,12,25,12,69
2024-03-19 20:40:00,11,11,11,6,39
2024-03-19 20:50:00,18,11,19,10,58
2024-03-19 21:00:00,15,11,32,14,72
2024-03-19 21:10:00,19,13,25,19,76
2024-03-19 21:20:00,22,8,29,15,74
2024-03-19 21:30:00,19,9,44,15,87
2024-03-19 21:40:00,16,13,27,15,71
2024-03-19 21:50:00,21,10,27,14,72
2024-03-19 22:00:00,9,11,27,8,55
2024-03-19 22:10:00,17,10,24,14,65
2024-03-19 22:20:00,13,9,40,14,76
2024-03-19 22:30:00,10,6,6,4,26
2024-03-19 22:40:00,9,6,9,6,30
2024-03-19 22:50:00,15,5,15,8,43
2024-03-19 23:00:00,11,6,10,7,34
2024-03-19 23:10:00,7,2,40,9,58
2024-03-19 23:20:00,8,3,3,2,16
2024-03-19 23:30:00,4,3,9,7,23
2024-03-19 23:40:00,7,5,8,4,24
2024-03-19 23:50:00,6,3,16,8,33
2024-03-20 00:00:00,5,1,5,3,14
2024-03-20 00:10:00,3,0,4,3,10
2024-03-20 00:20:00,2,2,7,3,14
2024-03-20 00:30:00,6,3,3,1,13
2024-03-20 00:40:00,3,2,5,2,12
2024-03-20 00:50:00,2,2,6,3,13
2024-03-20 01:00:00,5,1,0,0,6
2024-03-20 01:10:00,9,2,5,2,18
2024-03-20 01:20:00,0,2,0,0,2
2024-03-20 01:30:00,1,2,2,1,6
2024-03-20 01:40:00,2,2,4,2,10
2024-03-20 01:50:00,3,3,0,0,6
2024-03-20 02:00:00,3,0,2,1,6
2024-03-20 02:10:00,1,1,5,2,9
2024-03-20 02:20:00,2,0,2,1,5
2024-03-20 02:30:00,0,2,3,1,6
2024-03-20 02:40:00,1,0,2,1,4
2024-03-20 02:50:00,5,1,1,1,8
2024-03-20 03:00:00,2,2,0,0,4
2024-03-20 03:10:00,0,1,0,0,1
2024-03-20 03:20:00,5,0,0,0,5
2024-03-20 03:30:00,1,3,0,0,4
2024-03-20 03:40:00,2,1,0,0,3
2024-03-20 03:50:00,8,5,3,2,18
2024-03-20 04:00:00,4,0,2,2,8
2024-03-20 04:10:00,0,1,6,1,8
2024-03-20 04:20:00,4,1,0,0,5
2024-03-20 04:30:00,6,4,0,0,10
2024-03-20 04:40:00,5,4,7,2,18
2024-03-20 04:50:00,7,3,2,3,15
2024-03-20 05:00:00,7,0,3,3,13
2024-03-20 05:10:00,7,4,2,3,16
2024-03-20 05:20:00,15,5,4,3,27
2024-03-20 05:30:00,12,12,11,5,40
2024-03-20 05:40:00,9,8,8,5,30
2024-03-20 05:50:00,14,9,11,7,41
2024-03-20 06:00:00,11,2,7,8,28
2024-03-20 06:10:00,17,10,6,5,38
2024-03-20 06:20:00,20,12,7,6,45
2024-03-20 06:30:00,27,15,11,12,65
2024-03-20 06:40:00,27,16,13,13,69
2024-03-20 06:50:00,17,17,9,13,56
2024-03-20 07:00:00,24,20,9,13,66
2024-03-20 07:10:00,30,23,14,14,81
2024-03-20 07:20:00,32,20,15,14,81
2024-03-20 07:30:00,29,19,15,18,81
2024-03-20 07:40:00,37,12,15,11,75
2024-03-20 07:50:00,25,20,35,15,95
2024-03-20 08:00:00,22,12,28,19,81
2024-03-20 08:10:00,30,20,23,21,94
2024-03-20 08:20:00,31,12,16,18,77
2024-03-20 08:30:00,38,19,21,15,93
2024-03-20 08:40:00,35,21,17,18,91
2024-03-20 08:50:00,28,17,34,22,101
2024-03-20 09:00:00,31,22,19,20,92
2024-03-20 09:10:00,30,18,14,15,77
2024-03-20 09:20:00,30,19,13,17,79
2024-03-20 09:30:00,21,19,16,15,71
2024-03-20 09:40:00,38,17,18,19,92
2024-03-20 09:50:00,35,20,18,11,84
2024-03-20 10:00:00,41,21,15,12,89
2024-03-20 10:10:00,27,15,15,16,73
2024-03-20 10:20:00,33,20,20,15,88
2024-03-20 10:30:00,37,16,20,17,90
2024-03-20 10:40:00,27,17,26,15,85
2024-03-20 10:50:00,32,15,19,26,92
2024-03-20 11:00:00,28,15,20,19,82
2024-03-20 11:10:00,33,20,26,24,103
2024-03-20 11:20:00,32,14,20,21,87
2024-03-20 11:30:00,22,22,17,17,78
2024-03-20 11:40:00,24,23,23,19,89
2024-03-20 11:50:00,31,17,35,13,96
2024-03-20 12:00:00,32,18,28,19,97
2024-03-20 12:10:00,30,19,18,18,85
2024-03-20 12:20:00,20,22,19,17,78
2024-03-20 12:30:00,33,13,19,18,83
2024-03-20 12:40:00,34,21,23,20,98
2024-03-20 12:50:00,29,19,19,17,84
2024-03-20 13:00:00,34,22,16,16,88
2024-03-20 13:10:00,28,13,20,11,72
2024-03-20 13:20:00,29,12,17,15,73
2024-03-20 13:30:00,30,20,23,1,74
2024-03-20 13:40:00,26,15,37,20,98
2024-03-20 13:50:00,36,14,19,12,81
2024-03-20 14:00:00,29,24,17,12,82
2024-03-20 14:10:00,25,21,21,13,80
2024-03-20 14:20:00,21,11,31,15,78
2024-03-20 14:30:00,36,17,21,15,89
2024-03-20 14:40:00,35,15,18,13,81
2024-03-20 14:50:00,27,17,32,12,88
2024-03-20 15:00:00,31,21,18,5,75
2024-03-20 15:10:00,27,16,34,9,86
2024-03-20 15:20:00,21,17,19,9,66
2024-03-20 15:30:00,27,25,34,16,102
2024-03-20 15:40:00,36,24,21,17,98
2024-03-20 15:50:00,18,12,33,16,79
2024-03-20 16:00:00,26,24,23,20,93
2024-03-20 16:10:00,36,16,28,17,97
2024-03-20 16:20:00,24,19,29,18,90
2024-03-20 16:30:00,23,23,28,12,86
2024-03-20 16:40:00,26,17,26,24,93
2024-03-20 16:50:00,35,18,38,17,108
2024-03-20 17:00:00,28,16,16,10,70
2024-03-20 17:10:00,38,14,36,11,99
2024-03-20 17:20:00,27,20,26,12,85
2024-03-20 17:30:00,27,22,35,10,94
2024-03-20 17:40:00,40,16,26,20,102
2024-03-20 17:50:00,22,26,34,13,95
2024-03-20 18:00:00,18,22,24,13,77
2024-03-20 18:10:00,28,16,27,19,90
2024-03-20 18:20:00,36,18,27,19,100
2024-03-20 18:30:00,25,18,20,20,83
2024-03-20 18:40:00,25,21,21,14,81
2024-03-20 18:50:00,24,21,43,25,113
2024-03-20 19:00:00,23,15,57,23,118
2024-03-20 19:10:00,27,14,46,26,113
2024-03-20 19:20:00,15,22,48,26,111
2024-03-20 19:30:00,26,13,41,16,96
2024-03-20 19:40:00,24,13,30,18,85
2024-03-20 19:50:00,26,16,54,24,120
2024-03-20 20:00:00,22,22,28,15,87
2024-03-20 20:10:00,23,11,38,15,87
2024-03-20 20:20:00,21,9,176,19,225
2024-03-20 20:30:00,24,14,35,11,84
2024-03-20 20:40:00,17,11,29,14,71
2024-03-20 20:50:00,23,12,13,6,54
2024-03-20 21:00:00,19,6,60,19,104
2024-03-20 21:10:00,18,13,30,14,75
2024-03-20 21:20:00,16,12,29,17,74
2024-03-20 21:30:00,25,11,40,25,101
2024-03-20 21:40:00,20,15,19,12,66
2024-03-20 21:50:00,19,14,18,13,64
2024-03-20 22:00:00,14,11,17,11,53
2024-03-20 22:10:00,29,10,16,9,64
2024-03-20 22:20:00,9,10,34,25,78
2024-03-20 22:30:00,19,6,13,7,45
2024-03-20 22:40:00,15,4,16,11,46
2024-03-20 22:50:00,11,3,6,4,24
2024-03-20 23:00:00,11,6,11,4,32
2024-03-20 23:10:00,7,6,7,4,24
2024-03-20 23:20:00,17,6,14,9,46
2024-03-20 23:30:00,7,4,8,6,25
2024-03-20 23:40:00,7,3,7,3,20
2024-03-20 23:50:00,3,3,5,2,13
2024-03-21 00:00:00,4,3,3,1,11
2024-03-21 00:10:00,4,0,2,2,8
2024-03-21 00:20:00,4,1,6,3,14
2024-03-21 00:30:00,3,5,4,3,15
2024-03-21 00:40:00,7,6,3,1,17
2024-03-21 00:50:00,1,0,2,1,4
2024-03-21 01:00:00,4,3,0,0,7
2024-03-21 01:10:00,1,1,2,1,5
2024-03-21 01:20:00,6,3,1,1,11
2024-03-21 01:30:00,1,1,1,1,4
2024-03-21 01:40:00,5,3,3,1,12
2024-03-21 01:50:00,1,1,8,4,14
2024-03-21 02:00:00,1,3,6,3,13
2024-03-21 02:10:00,0,1,0,0,1
2024-03-21 02:20:00,0,0,2,1,3
2024-03-21 02:30:00,1,0,0,0,1
2024-03-21 02:40:00,6,1,0,0,7
2024-03-21 02:50:00,3,0,3,2,8
2024-03-21 03:00:00,3,1,2,1,7
2024-03-21 03:10:00,1,1,1,2,5
2024-03-21 03:20:00,3,1,0,0,4
2024-03-21 03:30:00,4,1,0,0,5
2024-03-21 03:40:00,3,3,1,1,8
2024-03-21 03:50:00,4,1,4,3,12
2024-03-21 04:00:00,6,1,3,2,12
2024-03-21 04:10:00,2,1,2,3,8
2024-03-21 04:20:00,2,3,0,0,5
2024-03-21 04:30:00,8,1,2,1,12
2024-03-21 04:40:00,2,2,0,0,4
2024-03-21 04:50:00,6,2,2,1,11
2024-03-21 05:00:00,9,4,1,1,15
2024-03-21 05:10:00,9,3,3,1,16
2024-03-21 05:20:00,10,2,2,4,18
2024-03-21 05:30:00,12,10,9,2,33
2024-03-21 05:40:00,13,12,19,11,55
2024-03-21 05:50:00,18,5,9,8,40
2024-03-21 06:00:00,17,12,7,7,43
2024-03-21 06:10:00,20,5,11,8,44
2024-03-21 06:20:00,19,14,5,6,44
2024-03-21 06:30:00,22,16,10,12,60
2024-03-21 06:40:00,23,19,7,14,63
2024-03-21 06:50:00,30,15,14,15,74
2024-03-21 07:00:00,22,12,12,12,58
2024-03-21 07:10:00,32,16,17,17,82
2024-03-21 07:20:00,33,12,13,15,73
2024-03-21 07:30:00,33,13,12,14,72
2024-03-21 07:40:00,30,17,22,17,86
2024-03-21 07:50:00,30,11,28,19,88
2024-03-21 08:00:00,32,16,26,18,92
2024-03-21 08:10:00,24,15,25,20,84
2024-03-21 08:20:00,35,16,14,17,82
2024-03-21 08:30:00,25,16,20,16,77
2024-03-21 08:40:00,19,24,22,14,79
2024-03-21 08:50:00,35,19,22,25,101
2024-03-21 09:00:00,25,21,20,17,83
2024-03-21 09:10:00,24,19,19,20,82
2024-03-21 09:20:00,24,19,22,18,83
2024-03-21 09:30:00,29,26,15,12,82
2024-03-21 09:40:00,21,22,26,23,92
2024-03-21 09:50:00,26,16,26,20,88
2024-03-21 10:00:00,37,26,16,16,95
2024-03-21 10:10:00,28,20,17,22,87
2024-03-21 10:20:00,24,23,21,27,95
2024-03-21 10:30:00,28,19,22,15,84
2024-03-21 10:40:00,32,17,20,20,89
2024-03-21 10:50:00,30,16,23,18,87
2024-03-21 11:00:00,32,27,18,17,94
2024-03-21 11:10:00,28,18,18,13,77
2024-03-21 11:20:00,28,18,18,22,86
2024-03-21 11:30:00,31,14,23,13,81
2024-03-21 11:40:00,29,18,23,20,90
2024-03-21 11:50:00,35,24,25,24,108
2024-03-21 12:00:00,37,17,20,23,97
2024-03-21 12:10:00,23,19,31,18,91
2024-03-21 12:20:00,21,21,18,18,78
2024-03-21 12:30:00,28,21,20,19,88
2024-03-21 12:40:00,28,24,22,19,93
2024-03-21 12:50:00,27,25,29,16,97
2024-03-21 13:00:00,25,17,20,22,84
2024-03-21 13:10:00,25,18,18,18,79
2024-03-21 13:20:00,35,25,23,15,98
2024-03-21 13:30:00,17,21,29,10,77
2024-03-21 13:40:00,30,21,28,13,92
2024-03-21 13:50:00,32,23,19,19,93
2024-03-21 14:00:00,22,24,20,9,75
2024-03-21 14:10:00,20,24,23,15,82
2024-03-21 14:20:00,24,24,28,20,96
2024-03-21 14:30:00,25,24,14,10,73
2024-03-21 14:40:00,33,13,25,4,75
2024-03-21 14:50:00,31,18,29,9,87
2024-03-21 15:00:00,40,24,28,21,113
2024-03-21 15:10:00,11,24,11,6,52
2024-03-21 15:20:00,17,9,1,7,34
2024-03-21 15:30:00,29,19,17,15,80
2024-03-21 15:40:00,24,18,36,25,103
2024-03-21 15:50:00,33,25,22,11,91
2024-03-21 16:00:00,31,19,22,15,87
2024-03-21 16:10:00,16,22,24,1,63
2024-03-21 16:20:00,34,16,23,6,79
2024-03-21 16:30:00,22,19,28,15,84
2024-03-21 16:40:00,29,22,18,15,84
2024-03-21 16:50:00,32,24,31,8,95
2024-03-21 17:00:00,29,27,26,13,95
2024-03-21 17:10:00,29,16,21,4,70
2024-03-21 17:20:00,20,23,38,15,96
2024-03-21 17:30:00,25,23,33,20,101
2024-03-21 17:40:00,35,20,32,22,109
2024-03-21 17:50:00,24,20,19,13,76
2024-03-21 18:00:00,26,20,30,18,94
2024-03-21 18:10:00,32,20,20,19,91
2024-03-21 18:20:00,25,26,38,21,110
2024-03-21 18:30:00,21,19,30,17,87
2024-03-21 18:40:00,26,20,32,20,98
2024-03-21 18:50:00,36,16,39,20,111
2024-03-21 19:00:00,23,18,36,18,95
2024-03-21 19:10:00,15,16,34,14,79
2024-03-21 19:20:00,21,25,59,20,125
2024-03-21 19:30:00,28,20,38,19,105
2024-03-21 19:40:00,23,18,46,21,108
2024-03-21 19:50:00,19,15,42,23,99
2024-03-21 20:00:00,28,26,33,14,101
2024-03-21 20:10:00,20,14,34,17,85
2024-03-21 20:20:00,27,13,32,21,93
2024-03-21 20:30:00,21,16,25,14,76
2024-03-21 20:40:00,26,9,24,15,74
2024-03-21 20:50:00,21,12,54,9,96
2024-03-21 21:00:00,12,11,22,12,57
2024-03-21 21:10:00,16,22,17,12,67
2024-03-21 21:20:00,23,12,35,19,89
2024-03-21 21:30:00,19,11,14,10,54
2024-03-21 21:40:00,23,10,29,15,77
2024-03-21 21:50:00,20,16,15,11,62
2024-03-21 22:00:00,15,11,15,7,48
2024-03-21 22:10:00,19,12,28,20,79
2024-03-21 22:20:00,19,7,21,15,62
2024-03-21 22:30:00,10,12,29,11,62
2024-03-21 22:40:00,18,7,30,10,65
2024-03-21 22:50:00,12,8,18,8,46
2024-03-21 23:00:00,8,4,6,3,21
2024-03-21 23:10:00,7,2,24,5,38
2024-03-21 23:20:00,12,5,10,5,32
2024-03-21 23:30:00,12,5,10,6,33
2024-03-21 23:40:00,10,3,5,2,20
2024-03-21 23:50:00,10,5,3,2,20
2024-03-22 00:00:00,8,1,7,3,19
2024-03-22 00:10:00,9,3,13,7,32
2024-03-22 00:20:00,6,3,6,4,19
2024-03-22 00:30:00,8,4,6,4,22
2024-03-22 00:40:00,6,1,7,2,16
2024-03-22 00:50:00,2,4,5,2,13
2024-03-22 01:00:00,7,3,8,3,21
2024-03-22 01:10:00,0,2,2,1,5
2024-03-22 01:20:00,1,3,0,0,4
2024-03-22 01:30:00,3,1,7,4,15
2024-03-22 01:40:00,4,2,9,3,18
2024-03-22 01:50:00,2,5,2,2,11
2024-03-22 02:00:00,7,2,5,5,19
2024-03-22 02:10:00,3,0,2,1,6
2024-03-22 02:20:00,5,2,4,2,13
2024-03-22 02:30:00,5,3,6,2,16
2024-03-22 02:40:00,1,3,2,1,7
2024-03-22 02:50:00,1,0,6,2,9
2024-03-22 03:00:00,0,0,0,0,0
2024-03-22 03:10:00,4,4,1,1,10
2024-03-22 03:20:00,1,1,2,1,5
2024-03-22 03:30:00,2,1,7,3,13
2024-03-22 03:40:00,1,3,1,1,6
2024-03-22 03:50:00,5,3,3,2,13
2024-03-22 04:00:00,3,2,2,2,9
2024-03-22 04:10:00,2,1,4,2,9
2024-03-22 04:20:00,3,4,0,0,7
2024-03-22 04:30:00,5,3,0,0,8
2024-03-22 04:40:00,2,3,0,0,5
2024-03-22 04:50:00,6,1,0,0,7
2024-03-22 05:00:00,9,3,0,0,12
2024-03-22 05:10:00,8,6,4,2,20
2024-03-22 05:20:00,11,8,6,3,28
2024-03-22 05:30:00,16,8,8,4,36
2024-03-22 05:40:00,6,9,18,8,41
2024-03-22 05:50:00,21,10,11,7,49
2024-03-22 06:00:00,10,8,10,7,35
2024-03-22 06:10:00,16,5,7,9,37
2024-03-22 06:20:00,18,18,6,5,47
2024-03-22 06:30:00,25,15,9,11,60
2024-03-22 06:40:00,21,21,13,13,68
2024-03-22 06:50:00,25,16,10,11,62
2024-03-22 07:00:00,20,18,10,10,58
2024-03-22 07:10:00,27,17,12,15,71
2024-03-22 07:20:00,34,23,15,15,87
2024-03-22 07:30:00,22,15,11,12,60
2024-03-22 07:40:00,42,8,13,15,78
2024-03-22 07:50:00,22,20,37,18,97
2024-03-22 08:00:00,28,25,20,22,95
2024-03-22 08:10:00,26,24,19,16,85
2024-03-22 08:20:00,25,23,24,19,91
2024-03-22 08:30:00,26,20,17,17,80
2024-03-22 08:40:00,29,18,15,16,78
2024-03-22 08:50:00,21,12,21,17,71
2024-03-22 09:00:00,30,18,19,18,85
2024-03-22 09:10:00,18,20,20,18,76
2024-03-22 09:20:00,29,31,22,17,99
2024-03-22 09:30:00,23,11,16,18,68
2024-03-22 09:40:00,23,19,23,11,76
2024-03-22 09:50:00,28,20,21,16,85
2024-03-22 10:00:00,29,17,19,22,87
2024-03-22 10:10:00,33,8,19,12,72
2024-03-22 10:20:00,31,21,24,8,84
2024-03-22 10:30:00,24,18,27,21,90
2024-03-22 10:40:00,33,17,25,10,85
2024-03-22 10:50:00,23,15,12,15,65
2024-03-22 11:00:00,27,18,28,20,93
2024-03-22 11:10:00,31,13,18,11,73
2024-03-22 11:20:00,26,17,19,15,77
2024-03-22 11:30:00,33,21,15,14,83
2024-03-22 11:40:00,30,15,26,20,91
2024-03-22 11:50:00,32,20,30,19,101
2024-03-22 12:00:00,38,18,31,12,99
2024-03-22 12:10:00,34,15,20,12,81
2024-03-22 12:20:00,20,19,26,17,82
2024-03-22 12:30:00,28,12,21,17,78
2024-03-22 12:40:00,30,17,31,25,103
2024-03-22 12:50:00,15,25,22,17,79
2024-03-22 13:00:00,30,19,27,18,94
2024-03-22 13:10:00,24,19,28,13,84
2024-03-22 13:20:00,29,15,30,7,81
2024-03-22 13:30:00,23,17,30,20,90
2024-03-22 13:40:00,21,15,28,16,80
2024-03-22 13:50:00,28,21,28,1,78
2024-03-22 14:00:00,25,22,36,16,99
2024-03-22 14:10:00,26,15,24,19,84
2024-03-22 14:20:00,25,15,25,15,80
2024-03-22 14:30:00,28,17,25,13,83
2024-03-22 14:40:00,24,21,24,7,76
2024-03-22 14:50:00,27,16,29,14,86
2024-03-22 15:00:00,16,18,32,18,84
2024-03-22 15:10:00,23,16,32,18,89
2024-03-22 15:20:00,26,19,29,6,80
2024-03-22 15:30:00,24,19,31,13,87
2024-03-22 15:40:00,33,16,33,18,100
2024-03-22 15:50:00,37,19,26,9,91
2024-03-22 16:00:00,30,26,31,18,105
2024-03-22 16:10:00,33,8,34,14,89
2024-03-22 16:20:00,25,19,26,14,84
2024-03-22 16:30:00,27,17,39,15,98
2024-03-22 16:40:00,29,18,27,16,90
2024-03-22 16:50:00,15,21,20,21,77
2024-03-22 17:00:00,18,22,19,13,72
2024-03-22 17:10:00,28,18,29,17,92
2024-03-22 17:20:00,23,15,17,19,74
2024-03-22 17:30:00,32,19,22,23,96
2024-03-22 17:40:00,31,22,11,15,79
2024-03-22 17:50:00,27,23,29,19,98
2024-03-22 18:00:00,25,22,16,15,78
2024-03-22 18:10:00,30,23,35,21,109
2024-03-22 18:20:00,18,16,21,22,77
2024-03-22 18:30:00,10,7,18,11,46
2024-03-22 18:40:00,9,11,12,8,40
2024-03-22 18:50:00,14,4,17,6,41
2024-03-22 19:00:00,33,19,37,23,112
2024-03-22 19:10:00,17,19,37,15,88
2024-03-22 19:20:00,31,14,36,17,98
2024-03-22 19:30:00,24,14,22,16,76
2024-03-22 19:40:00,23,8,37,19,87
2024-03-22 19:50:00,29,9,29,16,83
2024-03-22 20:00:00,19,27,65,16,127
2024-03-22 20:10:00,18,14,32,19,83
2024-03-22 20:20:00,29,15,34,18,96
2024-03-22 20:30:00,22,7,24,14,67
2024-03-22 20:40:00,26,8,29,16,79
2024-03-22 20:50:00,26,16,47,19,108
2024-03-22 21:00:00,20,10,21,14,65
2024-03-22 21:10:00,17,15,27,17,76
2024-03-22 21:20:00,13,11,28,14,66
2024-03-22 21:30:00,11,8,23,10,52
2024-03-22 21:40:00,29,7,10,7,53
2024-03-22 21:50:00,16,10,14,10,50
2024-03-22 22:00:00,15,13,20,10,58
2024-03-22 22:10:00,21,5,23,12,61
2024-03-22 22:20:00,19,11,22,13,65
2024-03-22 22:30:00,20,10,29,14,73
2024-03-22 22:40:00,12,3,16,10,41
2024-03-22 22:50:00,16,10,21,14,61
2024-03-22 23:00:00,16,7,19,11,53
2024-03-22 23:10:00,16,6,28,8,58
2024-03-22 23:20:00,9,11,16,9,45
2024-03-22 23:30:00,12,4,17,11,44
2024-03-22 23:40:00,15,5,28,6,54
2024-03-22 23:50:00,8,5,19,9,41
2024-03-23 00:00:00,11,2,4,2,19
2024-03-23 00:10:00,11,8,7,4,30
2024-03-23 00:20:00,8,4,3,1,16
2024-03-23 00:30:00,6,4,15,6,31
2024-03-23 00:40:00,4,2,6,3,15
2024-03-23 00:50:00,9,4,4,2,19
2024-03-23 01:00:00,5,4,8,3,20
2024-03-23 01:10:00,3,2,5,3,13
2024-03-23 01:20:00,3,1,9,3,16
2024-03-23 01:30:00,6,4,7,4,21
2024-03-23 01:40:00,6,1,7,3,17
2024-03-23 01:50:00,5,6,9,5,25
2024-03-23 02:00:00,4,0,1,1,6
2024-03-23 02:10:00,2,0,2,1,5
2024-03-23 02:20:00,1,2,6,2,11
2024-03-23 02:30:00,5,0,2,1,8
2024-03-23 02:40:00,5,1,2,1,9
2024-03-23 02:50:00,3,1,8,6,18
2024-03-23 03:00:00,4,4,8,5,21
2024-03-23 03:10:00,0,5,5,2,12
2024-03-23 03:20:00,4,1,3,2,10
2024-03-23 03:30:00,8,2,3,2,15
2024-03-23 03:40:00,3,1,5,3,12
2024-03-23 03:50:00,3,2,3,2,10
2024-03-23 04:00:00,4,1,1,2,8
2024-03-23 04:10:00,2,2,3,1,8
2024-03-23 04:20:00,5,1,0,0,6
2024-03-23 04:30:00,1,2,6,3,12
2024-03-23 04:40:00,5,2,2,1,10
2024-03-23 04:50:00,5,3,1,1,10
2024-03-23 05:00:00,8,1,0,0,9
2024-03-23 05:10:00,9,3,4,3,19
2024-03-23 05:20:00,6,2,1,2,11
2024-03-23 05:30:00,5,3,3,2,13
2024-03-23 05:40:00,1,2,1,1,5
2024-03-23 05:50:00,7,1,3,4,15
2024-03-23 06:00:00,4,1,4,4,13
2024-03-23 06:10:00,8,4,4,5,21
2024-03-23 06:20:00,8,2,2,3,15
2024-03-23 06:30:00,7,2,5,6,20
2024-03-23 06:40:00,12,9,3,5,29
2024-03-23 06:50:00,5,6,14,12,37
2024-03-23 07:00:00,11,13,6,9,39
2024-03-23 07:10:00,18,9,5,7,39
2024-03-23 07:20:00,11,9,7,10,37
2024-03-23 07:30:00,17,14,11,7,49
2024-03-23 07:40:00,20,7,10,10,47
2024-03-23 07:50:00,16,14,5,7,42
2024-03-23 08:00:00,17,11,6,9,43
2024-03-23 08:10:00,23,14,10,11,58
2024-03-23 08:20:00,25,16,9,13,63
2024-03-23 08:30:00,17,18,12,14,61
2024-03-23 08:40:00,21,10,11,15,57
2024-03-23 08:50:00,29,14,18,16,77
2024-03-23 09:00:00,17,15,14,14,60
2024-03-23 09:10:00,20,17,14,15,66
2024-03-23 09:20:00,28,21,19,19,87
2024-03-23 09:30:00,26,15,13,13,67
2024-03-23 09:40:00,22,19,29,19,89
2024-03-23 09:50:00,28,16,17,16,77
2024-03-23 10:00:00,32,27,20,20,99
2024-03-23 10:10:00,22,22,21,20,85
2024-03-23 10:20:00,25,20,13,14,72
2024-03-23 10:30:00,25,12,24,20,81
2024-03-23 10:40:00,31,16,19,20,86
2024-03-23 10:50:00,36,22,22,17,97
2024-03-23 11:00:00,24,24,23,23,94
2024-03-23 11:10:00,32,20,14,15,81
2024-03-23 11:20:00,34,25,23,18,100
2024-03-23 11:30:00,27,12,13,26,78
2024-03-23 11:40:00,26,23,16,23,88
2024-03-23 11:50:00,27,15,25,24,91
2024-03-23 12:00:00,26,27,26,15,94
2024-03-23 12:10:00,37,19,30,26,112
2024-03-23 12:20:00,27,18,22,25,92
2024-03-23 12:30:00,27,17,26,22,92
2024-03-23 12:40:00,35,22,27,21,105
2024-03-23 12:50:00,31,14,28,16,89
2024-03-23 13:00:00,30,23,28,13,94
2024-03-23 13:10:00,37,22,19,11,89
2024-03-23 13:20:00,24,26,20,16,86
2024-03-23 13:30:00,27,15,17,17,76
2024-03-23 13:40:00,23,21,24,23,91
2024-03-23 13:50:00,28,18,20,25,91
2024-03-23 14:00:00,26,23,26,17,92
2024-03-23 14:10:00,33,19,30,22,104
2024-03-23 14:20:00,30,24,18,18,90
2024-03-23 14:30:00,30,19,16,19,84
2024-03-23 14:40:00,24,19,19,18,80
2024-03-23 14:50:00,31,17,27,23,98
2024-03-23 15:00:00,36,20,19,20,95
2024-03-23 15:10:00,24,15,19,19,77
2024-03-23 15:20:00,23,17,21,20,81
2024-03-23 15:30:00,28,15,22,18,83
2024-03-23 15:40:00,23,16,21,19,79
2024-03-23 15:50:00,26,21,20,19,86
2024-03-23 16:00:00,28,22,22,26,98
2024-03-23 16:10:00,27,20,27,27,101
2024-03-23 16:20:00,28,13,27,22,90
2024-03-23 16:30:00,21,22,28,24,95
2024-03-23 16:40:00,34,21,20,18,93
2024-03-23 16:50:00,30,15,21,17,83
2024-03-23 17:00:00,29,23,17,19,88
2024-03-23 17:10:00,29,12,14,17,72
2024-03-23 17:20:00,23,23,16,20,82
2024-03-23 17:30:00,34,13,22,20,89
2024-03-23 17:40:00,25,16,22,13,76
2024-03-23 17:50:00,32,16,18,13,79
2024-03-23 18:00:00,29,21,25,22,97
2024-03-23 18:10:00,25,18,39,21,103
2024-03-23 18:20:00,16,17,31,14,78
2024-03-23 18:30:00,25,14,24,17,80
2024-03-23 18:40:00,25,18,19,15,77
2024-03-23 18:50:00,21,15,16,20,72
2024-03-23 19:00:00,27,9,32,17,85
2024-03-23 19:10:00,19,9,33,16,77
2024-03-23 19:20:00,29,13,29,20,91
2024-03-23 19:30:00,18,17,35,22,92
2024-03-23 19:40:00,20,11,23,14,68
2024-03-23 19:50:00,20,13,26,10,69
2024-03-23 20:00:00,19,18,21,14,72
2024-03-23 20:10:00,21,17,17,11,66
2024-03-23 20:20:00,20,12,12,7,51
2024-03-23 20:30:00,21,12,19,12,64
2024-03-23 20:40:00,22,11,21,11,65
2024-03-23 20:50:00,12,8,27,13,60
2024-03-23 21:00:00,15,11,27,14,67
2024-03-23 21:10:00,15,13,14,8,50
2024-03-23 21:20:00,14,8,24,12,58
2024-03-23 21:30:00,16,10,25,11,62
2024-03-23 21:40:00,20,12,19,10,61
2024-03-23 21:50:00,14,8,24,15,61
2024-03-23 22:00:00,13,8,25,12,58
2024-03-23 22:10:00,19,7,9,7,42
2024-03-23 22:20:00,18,4,19,12,53
2024-03-23 22:30:00,17,7,13,7,44
2024-03-23 22:40:00,20,8,13,12,53
2024-03-23 22:50:00,12,4,27,9,52
2024-03-23 23:00:00,16,7,8,5,36
2024-03-23 23:10:00,13,6,29,9,57
2024-03-23 23:20:00,10,8,22,6,46
2024-03-23 23:30:00,5,1,18,8,32
2024-03-23 23:40:00,16,6,16,12,50
2024-03-23 23:50:00,11,9,7,3,30
2024-03-24 00:00:00,10,0,18,10,38
2024-03-24 00:10:00,7,8,12,8,35
2024-03-24 00:20:00,10,3,4,6,23
2024-03-24 00:30:00,8,4,6,4,22
2024-03-24 00:40:00,13,4,7,5,29
2024-03-24 00:50:00,7,2,14,4,27
2024-03-24 01:00:00,6,7,11,7,31
2024-03-24 01:10:00,8,3,6,4,21
2024-03-24 01:20:00,6,5,6,4,21
2024-03-24 01:30:00,4,1,8,6,19
2024-03-24 01:40:00,6,0,4,3,13
2024-03-24 01:50:00,2,2,0,0,4
2024-03-24 02:00:00,4,1,4,2,11
2024-03-24 02:10:00,4,1,3,2,10
2024-03-24 02:20:00,8,3,0,0,11
2024-03-24 02:30:00,5,1,6,3,15
2024-03-24 02:40:00,10,1,4,1,16
2024-03-24 02:50:00,4,7,1,1,13
2024-03-24 03:00:00,2,3,3,2,10
2024-03-24 03:10:00,3,2,5,4,14
2024-03-24 03:20:00,3,1,1,1,6
2024-03-24 03:30:00,2,1,2,1,6
2024-03-24 03:40:00,0,2,2,1,5
2024-03-24 03:50:00,6,4,4,3,17
2024-03-24 04:00:00,3,1,1,1,6
2024-03-24 04:10:00,1,0,3,1,5
2024-03-24 04:20:00,0,3,0,0,3
2024-03-24 04:30:00,2,1,0,0,3
2024-03-24 04:40:00,6,0,2,1,9
2024-03-24 04:50:00,0,1,1,1,3
2024-03-24 05:00:00,3,4,2,3,12
2024-03-24 05:10:00,2,2,2,1,7
2024-03-24 05:20:00,1,3,2,1,7
2024-03-24 05:30:00,4,1,3,2,10
2024-03-24 05:40:00,2,2,12,4,20
2024-03-24 05:50:00,4,4,0,0,8
2024-03-24 06:00:00,6,2,3,3,14
2024-03-24 06:10:00,2,2,3,3,10
2024-03-24 06:20:00,2,5,2,2,11
2024-03-24 06:30:00,4,3,5,5,17
2024-03-24 06:40:00,6,1,4,4,15
2024-03-24 06:50:00,6,3,3,3,15
2024-03-24 07:00:00,8,2,4,4,18
2024-03-24 07:10:00,3,3,3,3,12
2024-03-24 07:20:00,5,4,3,3,15
2024-03-24 07:30:00,9,4,3,3,19
2024-03-24 07:40:00,5,4,3,3,15
2024-03-24 07:50:00,5,6,2,2,15
2024-03-24 08:00:00,13,7,2,2,24
2024-03-24 08:10:00,12,4,5,6,27
2024-03-24 08:20:00,13,7,6,6,32
2024-03-24 08:30:00,10,11,5,5,31
2024-03-24 08:40:00,7,7,8,6,28
2024-03-24 08:50:00,14,15,7,5,41
2024-03-24 09:00:00,7,8,4,4,23
2024-03-24 09:10:00,13,10,7,5,35
2024-03-24 09:20:00,14,12,4,4,34
2024-03-24 09:30:00,18,15,12,11,56
2024-03-24 09:40:00,21,19,9,11,60
2024-03-24 09:50:00,20,15,13,15,63
2024-03-24 10:00:00,19,20,12,13,64
2024-03-24 10:10:00,22,15,12,12,61
2024-03-24 10:20:00,14,15,13,11,53
2024-03-24 10:30:00,16,16,9,12,53
2024-03-24 10:40:00,27,15,11,14,67
2024-03-24 10:50:00,21,14,11,11,57
2024-03-24 11:00:00,23,19,17,16,75
2024-03-24 11:10:00,20,17,8,8,53
2024-03-24 11:20:00,19,19,13,15,66
2024-03-24 11:30:00,28,12,10,12,62
2024-03-24 11:40:00,29,20,14,14,77
2024-03-24 11:50:00,16,16,20,20,72
2024-03-24 12:00:00,20,22,14,16,72
2024-03-24 12:10:00,21,17,11,15,64
2024-03-24 12:20:00,23,13,16,16,68
2024-03-24 12:30:00,17,17,18,21,73
2024-03-24 12:40:00,26,22,15,16,79
2024-03-24 12:50:00,16,16,17,19,68
2024-03-24 13:00:00,21,14,20,24,79
2024-03-24 13:10:00,26,12,10,10,58
2024-03-24 13:20:00,22,9,14,17,62
2024-03-24 13:30:00,23,11,16,16,66
2024-03-24 13:40:00,22,12,16,15,65
2024-03-24 13:50:00,29,18,16,16,79
2024-03-24 14:00:00,25,12,19,21,77
2024-03-24 14:10:00,33,22,17,21,93
2024-03-24 14:20:00,28,16,20,17,81
2024-03-24 14:30:00,34,8,20,17,79
2024-03-24 14:40:00,30,13,16,18,77
2024-03-24 14:50:00,27,19,23,20,89
2024-03-24 15:00:00,24,20,13,17,74
2024-03-24 15:10:00,27,14,16,17,74
2024-03-24 15:20:00,23,16,12,15,66
2024-03-24 15:30:00,24,17,18,16,75
2024-03-24 15:40:00,18,18,21,17,74
2024-03-24 15:50:00,21,12,12,17,62
2024-03-24 16:00:00,22,17,14,22,75
2024-03-24 16:10:00,17,17,16,16,66
2024-03-24 16:20:00,16,18,14,14,62
2024-03-24 16:30:00,18,18,18,15,69
2024-03-24 16:40:00,26,15,12,16,69
2024-03-24 16:50:00,23,23,18,21,85
2024-03-24 17:00:00,26,11,19,22,78
2024-03-24 17:10:00,25,16,18,17,76
2024-03-24 17:20:00,25,9,13,10,57
2024-03-24 17:30:00,25,18,16,21,80
2024-03-24 17:40:00,28,23,20,17,88
2024-03-24 17:50:00,20,10,19,19,68
2024-03-24 18:00:00,29,18,22,12,81
2024-03-24 18:10:00,28,13,25,17,83
2024-03-24 18:20:00,23,13,10,8,54
2024-03-24 18:30:00,23,16,25,20,84
2024-03-24 18:40:00,25,11,12,17,65
2024-03-24 18:50:00,21,15,12,16,64
2024-03-24 19:00:00,25,10,15,14,64
2024-03-24 19:10:00,22,14,18,14,68
2024-03-24 19:20:00,14,16,17,14,61
2024-03-24 19:30:00,16,12,16,8,52
2024-03-24 19:40:00,14,3,25,14,56
2024-03-24 19:50:00,15,9,22,19,65
2024-03-24 20:00:00,30,15,24,16,85
2024-03-24 20:10:00,14,16,20,13,63
2024-03-24 20:20:00,16,6,18,8,48
2024-03-24 20:30:00,25,11,12,7,55
2024-03-24 20:40:00,21,9,10,10,50
2024-03-24 20:50:00,17,7,28,14,66
2024-03-24 21:00:00,16,8,17,9,50
2024-03-24 21:10:00,22,8,17,11,58
2024-03-24 21:20:00,15,10,30,13,68
2024-03-24 21:30:00,9,11,12,10,42
2024-03-24 21:40:00,11,12,17,9,49
2024-03-24 21:50:00,18,5,12,8,43
2024-03-24 22:00:00,13,6,25,10,54
2024-03-24 22:10:00,13,7,28,9,57
2024-03-24 22:20:00,15,7,18,7,47
2024-03-24 22:30:00,13,2,7,4,26
2024-03-24 22:40:00,5,3,3,2,13
2024-03-24 22:50:00,7,3,6,3,19
2024-03-24 23:00:00,10,1,8,5,24
2024-03-24 23:10:00,13,4,18,7,42
2024-03-24 23:20:00,10,6,7,5,28
2024-03-24 23:30:00,9,1,10,5,25
2024-03-24 23:40:00,8,2,7,4,21
2024-03-24 23:50:00,6,5,7,6,24
2024-03-25 00:00:00,4,2,7,4,17
2024-03-25 00:10:00,1,2,7,3,13
2024-03-25 00:20:00,4,2,4,3,13
2024-03-25 00:30:00,4,1,2,2,9
2024-03-25 00:40:00,4,1,0,0,5
2024-03-25 00:50:00,3,2,8,2,15
2024-03-25 01:00:00,6,5,0,0,11
2024-03-25 01:10:00,4,3,3,2,12
2024-03-25 01:20:00,2,2,0,0,4
2024-03-25 01:30:00,2,4,4,4,14
2024-03-25 01:40:00,4,1,3,2,10
2024-03-25 01:50:00,3,1,1,1,6
2024-03-25 02:00:00,7,3,0,0,10
2024-03-25 02:10:00,4,1,3,2,10
2024-03-25 02:20:00,3,2,6,3,14
2024-03-25 02:30:00,1,1,2,2,6
2024-03-25 02:40:00,2,1,2,1,6
2024-03-25 02:50:00,2,1,4,2,9
2024-03-25 03:00:00,1,2,3,2,8
2024-03-25 03:10:00,3,1,2,1,7
2024-03-25 03:20:00,2,0,0,0,2
2024-03-25 03:30:00,0,2,1,1,4
2024-03-25 03:40:00,3,3,2,1,9
2024-03-25 03:50:00,2,1,3,2,8
2024-03-25 04:00:00,5,1,2,2,10
2024-03-25 04:10:00,3,1,0,0,4
2024-03-25 04:20:00,0,4,2,1,7
2024-03-25 04:30:00,6,5,4,2,17
2024-03-25 04:40:00,9,1,0,0,10
2024-03-25 04:50:00,4,4,0,0,8
2024-03-25 05:00:00,2,1,3,2,8
2024-03-25 05:10:00,9,7,3,5,24
2024-03-25 05:20:00,6,10,1,1,18
2024-03-25 05:30:00,18,5,7,4,34
2024-03-25 05:40:00,11,9,17,8,45
2024-03-25 05:50:00,11,5,7,6,29
2024-03-25 06:00:00,13,7,5,11,36
2024-03-25 06:10:00,22,9,6,4,41
2024-03-25 06:20:00,14,15,11,7,47
2024-03-25 06:30:00,19,13,9,8,49
2024-03-25 06:40:00,11,12,8,9,40
2024-03-25 06:50:00,14,19,15,22,70
2024-03-25 07:00:00,27,17,7,9,60
2024-03-25 07:10:00,23,16,12,14,65
2024-03-25 07:20:00,19,19,11,14,63
2024-03-25 07:30:00,25,27,15,16,83
2024-03-25 07:40:00,31,20,16,20,87
2024-03-25 07:50:00,36,28,19,16,99
2024-03-25 08:00:00,23,18,18,21,80
2024-03-25 08:10:00,43,15,12,23,93
2024-03-25 08:20:00,22,24,25,24,95
2024-03-25 08:30:00,29,15,20,13,77
2024-03-25 08:40:00,35,21,16,25,97
2024-03-25 08:50:00,32,11,24,19,86
2024-03-25 09:00:00,40,27,18,14,99
2024-03-25 09:10:00,35,24,19,11,89
2024-03-25 09:20:00,30,14,19,17,80
2024-03-25 09:30:00,22,26,17,20,85
2024-03-25 09:40:00,31,29,19,19,98
2024-03-25 09:50:00,35,25,25,11,96
2024-03-25 10:00:00,38,21,17,20,96
2024-03-25 10:10:00,44,11,21,18,94
2024-03-25 10:20:00,39,20,16,13,88
2024-03-25 10:30:00,29,24,22,19,94
2024-03-25 10:40:00,34,22,26,19,101
2024-03-25 10:50:00,28,18,18,23,87
2024-03-25 11:00:00,22,17,27,30,96
2024-03-25 11:10:00,32,20,16,18,86
2024-03-25 11:20:00,23,21,19,21,84
2024-03-25 11:30:00,32,19,17,18,86
2024-03-25 11:40:00,31,26,13,9,79
2024-03-25 11:50:00,28,15,21,16,80
2024-03-25 12:00:00,24,17,23,14,78
2024-03-25 12:10:00,30,26,23,17,96
2024-03-25 12:20:00,27,22,19,17,85
2024-03-25 12:30:00,22,21,15,9,67
2024-03-25 12:40:00,26,24,20,17,87
2024-03-25 12:50:00,38,19,11,14,82
2024-03-25 13:00:00,34,26,16,19,95
2024-03-25 13:10:00,27,21,1,16,65
2024-03-25 13:20:00,16,14,5,22,57
2024-03-25 13:30:00,23,23,9,13,68
2024-03-25 13:40:00,17,18,21,14,70
2024-03-25 13:50:00,22,10,20,18,70
2024-03-25 14:00:00,33,6,15,22,76
2024-03-25 14:10:00,27,14,10,19,70
2024-03-25 14:20:00,29,19,25,15,88
2024-03-25 14:30:00,31,7,26,23,87
2024-03-25 14:40:00,33,9,20,13,75
2024-03-25 14:50:00,31,14,20,25,90
2024-03-25 15:00:00,31,20,31,27,109
2024-03-25 15:10:00,37,16,28,20,101
2024-03-25 15:20:00,39,14,35,11,99
2024-03-25 15:30:00,24,25,30,22,101
2024-03-25 15:40:00,23,19,38,6,86
2024-03-25 15:50:00,26,19,53,18,116
2024-03-25 16:00:00,16,27,36,22,101
2024-03-25 16:10:00,25,12,24,18,79
2024-03-25 16:20:00,27,21,29,20,97
2024-03-25 16:30:00,26,16,21,7,70
2024-03-25 16:40:00,21,22,2,3,48
2024-03-25 16:50:00,18,16,2,0,36
2024-03-25 17:00:00,30,11,0,4,45
2024-03-25 17:10:00,41,14,8,22,85
2024-03-25 17:20:00,34,23,19,31,107
2024-03-25 17:30:00,25,10,19,26,80
2024-03-25 17:40:00,27,19,18,17,81
2024-03-25 17:50:00,31,13,6,9,59
2024-03-25 18:00:00,21,14,37,5,77
2024-03-25 18:10:00,30,13,47,5,95
2024-03-25 18:20:00,22,23,32,24,101
2024-03-25 18:30:00,24,19,11,12,66
2024-03-25 18:40:00,25,20,19,22,86
2024-03-25 18:50:00,18,24,25,19,86
2024-03-25 19:00:00,29,20,15,14,78
2024-03-25 19:10:00,21,14,32,23,90
2024-03-25 19:20:00,25,11,33,15,84
2024-03-25 19:30:00,24,13,32,18,87
2024-03-25 19:40:00,26,10,27,15,78
2024-03-25 19:50:00,21,8,20,13,62
2024-03-25 20:00:00,16,19,21,13,69
2024-03-25 20:10:00,23,9,24,17,73
2024-03-25 20:20:00,24,16,23,14,77
2024-03-25 20:30:00,19,12,36,13,80
2024-03-25 20:40:00,20,12,28,15,75
2024-03-25 20:50:00,18,6,18,10,52
2024-03-25 21:00:00,9,13,22,9,53
2024-03-25 21:10:00,12,6,10,6,34
2024-03-25 21:20:00,12,5,19,9,45
2024-03-25 21:30:00,18,9,13,9,49
2024-03-25 21:40:00,16,10,16,12,54
2024-03-25 21:50:00,13,7,8,5,33
2024-03-25 22:00:00,16,6,20,12,54
2024-03-25 22:10:00,16,6,15,11,48
2024-03-25 22:20:00,12,9,7,3,31
2024-03-25 22:30:00,6,7,12,6,31
2024-03-25 22:40:00,14,2,18,9,43
2024-03-25 22:50:00,12,7,12,7,38
2024-03-25 23:00:00,13,4,10,7,34
2024-03-25 23:10:00,9,4,5,3,21
2024-03-25 23:20:00,9,1,12,6,28
2024-03-25 23:30:00,2,2,10,4,18
2024-03-25 23:40:00,8,3,11,6,28
2024-03-25 23:50:00,7,4,5,3,19
2024-03-26 00:00:00,10,0,4,3,17
2024-03-26 00:10:00,7,2,8,5,22
2024-03-26 00:20:00,8,4,3,1,16
2024-03-26 00:30:00,4,5,5,3,17
2024-03-26 00:40:00,7,2,3,2,14
2024-03-26 00:50:00,1,5,6,3,15
2024-03-26 01:00:00,3,2,0,1,6
2024-03-26 01:10:00,3,1,3,2,9
2024-03-26 01:20:00,3,1,4,2,10
2024-03-26 01:30:00,2,1,5,3,11
2024-03-26 01:40:00,5,0,5,2,12
2024-03-26 01:50:00,3,3,2,1,9
2024-03-26 02:00:00,1,2,2,2,7
2024-03-26 02:10:00,0,2,1,1,4
2024-03-26 02:20:00,2,1,11,3,17
2024-03-26 02:30:00,0,0,4,3,7
2024-03-26 02:40:00,1,0,0,0,1
2024-03-26 02:50:00,0,1,0,0,1
2024-03-26 03:00:00,0,1,1,1,3
2024-03-26 03:10:00,3,2,5,2,12
2024-03-26 03:20:00,2,1,0,0,3
2024-03-26 03:30:00,1,1,0,0,2
2024-03-26 03:40:00,2,3,3,3,11
2024-03-26 03:50:00,4,1,3,2,10
2024-03-26 04:00:00,4,3,0,0,7
2024-03-26 04:10:00,1,0,0,0,1
2024-03-26 04:20:00,2,4,0,0,6
2024-03-26 04:30:00,4,4,1,1,10
2024-03-26 04:40:00,7,2,4,4,17
2024-03-26 04:50:00,5,4,0,0,9
2024-03-26 05:00:00,6,2,0,0,8
2024-03-26 05:10:00,10,7,3,2,22
2024-03-26 05:20:00,8,11,8,5,32
2024-03-26 05:30:00,9,6,3,2,20
2024-03-26 05:40:00,10,9,12,17,48
2024-03-26 05:50:00,15,11,11,7,44
2024-03-26 06:00:00,14,11,2,2,29
2024-03-26 06:10:00,13,6,7,4,30
2024-03-26 06:20:00,21,15,6,4,46
2024-03-26 06:30:00,21,13,9,8,51
2024-03-26 06:40:00,21,14,11,12,58
2024-03-26 06:50:00,21,15,13,16,65
2024-03-26 07:00:00,21,19,8,9,57
2024-03-26 07:10:00,28,21,10,12,71
2024-03-26 07:20:00,20,22,11,13,66
2024-03-26 07:30:00,27,24,13,16,80
2024-03-26 07:40:00,27,22,20,22,91
2024-03-26 07:50:00,22,19,10,11,62
2024-03-26 08:00:00,26,20,17,16,79
2024-03-26 08:10:00,30,20,23,16,89
2024-03-26 08:20:00,22,27,18,19,86
2024-03-26 08:30:00,31,19,16,11,77
2024-03-26 08:40:00,29,19,18,18,84
2024-03-26 08:50:00,27,20,20,20,87
2024-03-26 09:00:00,21,22,17,16,76
2024-03-26 09:10:00,35,13,20,18,86
2024-03-26 09:20:00,31,17,18,20,86
2024-03-26 09:30:00,25,16,14,14,69
2024-03-26 09:40:00,24,22,21,20,87
2024-03-26 09:50:00,27,21,22,20,90
2024-03-26 10:00:00,30,12,16,14,72
2024-03-26 10:10:00,30,17,21,19,87
2024-03-26 10:20:00,21,15,22,13,71
2024-03-26 10:30:00,35,29,20,20,104
2024-03-26 10:40:00,31,19,19,21,90
2024-03-26 10:50:00,18,14,22,15,69
2024-03-26 11:00:00,26,22,14,16,78
2024-03-26 11:10:00,25,13,23,15,76
2024-03-26 11:20:00,25,20,7,5,57
2024-03-26 11:30:00,31,14,20,16,81
2024-03-26 11:40:00,29,14,25,20,88
2024-03-26 11:50:00,30,20,25,20,95
2024-03-26 12:00:00,28,23,16,17,84
2024-03-26 12:10:00,31,12,20,15,78
2024-03-26 12:20:00,25,14,21,20,80
2024-03-26 12:30:00,29,17,17,15,78
2024-03-26 12:40:00,27,14,22,19,82
2024-03-26 12:50:00,31,14,19,16,80
2024-03-26 13:00:00,28,20,17,16,81
2024-03-26 13:10:00,30,22,18,13,83
2024-03-26 13:20:00,25,23,19,17,84
2024-03-26 13:30:00,31,19,17,18,85
2024-03-26 13:40:00,21,18,15,16,70
2024-03-26 13:50:00,26,18,17,15,76
2024-03-26 14:00:00,25,26,20,14,85
2024-03-26 14:10:00,20,13,24,12,69
2024-03-26 14:20:00,24,22,21,17,84
2024-03-26 14:30:00,30,23,31,6,90
2024-03-26 14:40:00,32,15,21,21,89
2024-03-26 14:50:00,36,17,22,19,94
2024-03-26 15:00:00,36,13,23,19,91
2024-03-26 15:10:00,36,13,20,22,91
2024-03-26 15:20:00,16,13,26,19,74
2024-03-26 15:30:00,39,30,21,19,109
2024-03-26 15:40:00,24,11,38,19,92
2024-03-26 15:50:00,32,18,27,10,87
2024-03-26 16:00:00,29,22,21,14,86
2024-03-26 16:10:00,23,21,21,23,88
2024-03-26 16:20:00,29,15,25,13,82
2024-03-26 16:30:00,23,6,18,15,62
2024-03-26 16:40:00,38,22,22,25,107
2024-03-26 16:50:00,32,13,29,22,96
2024-03-26 17:00:00,27,22,20,15,84
2024-03-26 17:10:00,25,20,23,21,89
2024-03-26 17:20:00,26,17,15,7,65
2024-03-26 17:30:00,30,21,31,16,98
2024-03-26 17:40:00,25,15,23,20,83
2024-03-26 17:50:00,27,14,27,16,84
2024-03-26 18:00:00,27,18,27,15,87
2024-03-26 18:10:00,28,20,22,20,90
2024-03-26 18:20:00,25,13,17,11,66
2024-03-26 18:30:00,40,14,24,21,99
2024-03-26 18:40:00,30,17,35,23,105
2024-03-26 18:50:00,25,17,22,15,79
2024-03-26 19:00:00,21,16,30,26,93
2024-03-26 19:10:00,18,9,41,17,85
2024-03-26 19:20:00,26,14,34,20,94
2024-03-26 19:30:00,21,14,65,18,118
2024-03-26 19:40:00,21,8,39,18,86
2024-03-26 19:50:00,20,13,40,17,90
2024-03-26 20:00:00,15,10,28,86,139
2024-03-26 20:10:00,17,10,33,14,74
2024-03-26 20:20:00,24,10,15,11,60
2024-03-26 20:30:00,19,13,35,14,81
2024-03-26 20:40:00,18,15,19,12,64
2024-03-26 20:50:00,22,10,18,9,59
2024-03-26 21:00:00,17,5,16,12,50
2024-03-26 21:10:00,21,12,21,12,66
2024-03-26 21:20:00,16,11,16,10,53
2024-03-26 21:30:00,15,8,21,12,56
2024-03-26 21:40:00,15,12,29,12,68
2024-03-26 21:50:00,13,4,23,14,54
2024-03-26 22:00:00,18,17,21,10,66
2024-03-26 22:10:00,7,9,28,14,58
2024-03-26 22:20:00,18,7,8,5,38
2024-03-26 22:30:00,10,5,3,3,21
2024-03-26 22:40:00,17,6,10,5,38
2024-03-26 22:50:00,11,5,12,8,36
2024-03-26 23:00:00,10,7,21,9,47
2024-03-26 23:10:00,15,4,11,6,36
2024-03-26 23:20:00,9,5,4,2,20
2024-03-26 23:30:00,5,4,157,9,175
2024-03-26 23:40:00,12,4,12,3,31
2024-03-26 23:50:00,6,4,10,6,26
2024-03-27 00:00:00,6,4,12,6,28
2024-03-27 00:10:00,3,4,13,7,27
2024-03-27 00:20:00,7,3,6,3,19
2024-03-27 00:30:00,3,0,6,3,12
2024-03-27 00:40:00,7,3,0,0,10
2024-03-27 00:50:00,2,2,4,2,10
2024-03-27 01:00:00,6,1,5,2,14
2024-03-27 01:10:00,3,1,7,5,16
2024-03-27 01:20:00,1,1,2,1,5
2024-03-27 01:30:00,2,1,4,2,9
2024-03-27 01:40:00,3,0,3,2,8
2024-03-27 01:50:00,6,1,0,0,7
2024-03-27 02:00:00,2,1,0,0,3
2024-03-27 02:10:00,4,1,3,2,10
2024-03-27 02:20:00,0,0,0,0,0
2024-03-27 02:30:00,3,0,3,2,8
2024-03-27 02:40:00,2,3,1,2,8
2024-03-27 02:50:00,2,0,2,1,5
2024-03-27 03:00:00,3,2,3,2,10
2024-03-27 03:10:00,2,1,3,2,8
2024-03-27 03:20:00,3,1,0,0,4
2024-03-27 03:30:00,1,2,2,1,6
2024-03-27 03:40:00,0,5,0,0,5
2024-03-27 03:50:00,2,3,8,3,16
2024-03-27 04:00:00,5,3,2,1,11
2024-03-27 04:10:00,3,0,3,2,8
2024-03-27 04:20:00,4,3,0,0,7
2024-03-27 04:30:00,3,2,1,1,7
2024-03-27 04:40:00,6,4,3,3,16
2024-03-27 04:50:00,6,3,2,1,12
2024-03-27 05:00:00,6,2,5,2,15
2024-03-27 05:10:00,5,8,0,1,14
2024-03-27 05:20:00,11,9,4,2,26
2024-03-27 05:30:00,15,5,4,3,27
2024-03-27 05:40:00,13,9,18,16,56
2024-03-27 05:50:00,11,7,11,6,35
2024-03-27 06:00:00,22,8,2,2,34
2024-03-27 06:10:00,16,12,9,8,45
2024-03-27 06:20:00,20,11,5,5,41
2024-03-27 06:30:00,19,9,9,8,45
2024-03-27 06:40:00,21,12,8,12,53
2024-03-27 06:50:00,14,17,13,12,56
2024-03-27 07:00:00,27,15,3,3,48
2024-03-27 07:10:00,31,16,12,11,70
2024-03-27 07:20:00,25,19,9,10,63
2024-03-27 07:30:00,36,20,13,16,85
2024-03-27 07:40:00,29,17,29,20,95
2024-03-27 07:50:00,26,22,27,20,95
2024-03-27 08:00:00,29,26,14,15,84
2024-03-27 08:10:00,25,17,22,21,85
2024-03-27 08:20:00,28,19,18,14,79
2024-03-27 08:30:00,23,19,17,20,79
2024-03-27 08:40:00,32,28,15,16,91
2024-03-27 08:50:00,30,15,25,17,87
2024-03-27 09:00:00,29,17,14,12,72
2024-03-27 09:10:00,23,26,21,23,93
2024-03-27 09:20:00,13,21,14,14,62
2024-03-27 09:30:00,37,18,17,15,87
2024-03-27 09:40:00,29,17,22,20,88
2024-03-27 09:50:00,32,22,18,13,85
2024-03-27 10:00:00,27,21,15,12,75
2024-03-27 10:10:00,33,19,25,21,98
2024-03-27 10:20:00,19,19,12,18,68
2024-03-27 10:30:00,32,20,19,19,90
2024-03-27 10:40:00,21,17,22,17,77
2024-03-27 10:50:00,30,17,30,15,92
2024-03-27 11:00:00,30,21,14,15,80
2024-03-27 11:10:00,37,21,17,22,97
2024-03-27 11:20:00,37,14,18,17,86
2024-03-27 11:30:00,33,17,19,15,84
2024-03-27 11:40:00,24,23,19,18,84
2024-03-27 11:50:00,31,17,26,12,86
2024-03-27 12:00:00,30,16,25,16,87
2024-03-27 12:10:00,28,24,23,20,95
2024-03-27 12:20:00,32,19,19,12,82
2024-03-27 12:30:00,29,15,20,9,73
2024-03-27 12:40:00,32,16,16,19,83
2024-03-27 12:50:00,19,22,19,10,70
2024-03-27 13:00:00,24,19,18,16,77
2024-03-27 13:10:00,25,21,8,9,63
2024-03-27 13:20:00,28,24,17,17,86
2024-03-27 13:30:00,31,16,24,19,90
2024-03-27 13:40:00,25,17,20,20,82
2024-03-27 13:50:00,19,14,15,7,55
2024-03-27 14:00:00,31,15,26,20,92
2024-03-27 14:10:00,26,17,25,24,92
2024-03-27 14:20:00,26,22,21,13,82
2024-03-27 14:30:00,34,20,23,15,92
2024-03-27 14:40:00,23,19,20,19,81
2024-03-27 14:50:00,26,16,24,15,81
2024-03-27 15:00:00,28,19,28,22,97
2024-03-27 15:10:00,26,17,32,16,91
2024-03-27 15:20:00,23,16,25,19,83
2024-03-27 15:30:00,33,17,22,17,89
2024-03-27 15:40:00,27,18,33,25,103
2024-03-27 15:50:00,22,14,31,9,76
2024-03-27 16:00:00,29,18,26,15,88
2024-03-27 16:10:00,28,11,29,17,85
2024-03-27 16:20:00,18,17,25,1,61
2024-03-27 16:30:00,16,17,26,16,75
2024-03-27 16:40:00,26,10,32,17,85
2024-03-27 16:50:00,22,14,31,17,84
2024-03-27 17:00:00,25,21,27,24,97
2024-03-27 17:10:00,23,13,25,23,84
2024-03-27 17:20:00,23,25,26,14,88
2024-03-27 17:30:00,25,15,21,13,74
2024-03-27 17:40:00,33,17,25,23,98
2024-03-27 17:50:00,23,14,25,23,85
2024-03-27 18:00:00,27,18,19,17,81
2024-03-27 18:10:00,23,25,22,14,84
2024-03-27 18:20:00,24,21,18,21,84
2024-03-27 18:30:00,24,11,18,14,67
2024-03-27 18:40:00,23,18,21,20,82
2024-03-27 18:50:00,22,14,21,18,75
2024-03-27 19:00:00,26,14,21,15,76
2024-03-27 19:10:00,23,11,22,14,70
2024-03-27 19:20:00,26,13,15,15,69
2024-03-27 19:30:00,27,6,19,20,72
2024-03-27 19:40:00,24,22,26,23,95
2024-03-27 19:50:00,23,15,38,17,93
2024-03-27 20:00:00,21,17,45,16,99
2024-03-27 20:10:00,21,19,14,11,65
2024-03-27 20:20:00,21,17,24,17,79
2024-03-27 20:30:00,19,15,30,18,82
2024-03-27 20:40:00,19,5,16,11,51
2024-03-27 20:50:00,24,8,20,12,64
2024-03-27 21:00:00,11,10,29,20,70
2024-03-27 21:10:00,13,12,18,12,55
2024-03-27 21:20:00,18,5,14,14,51
2024-03-27 21:30:00,19,12,21,13,65
2024-03-27 21:40:00,16,5,15,10,46
2024-03-27 21:50:00,15,9,20,14,58
2024-03-27 22:00:00,22,12,21,10,65
2024-03-27 22:10:00,30,11,77,17,135
2024-03-27 22:20:00,15,9,14,9,47
2024-03-27 22:30:00,18,11,13,7,49
2024-03-27 22:40:00,10,5,9,6,30
2024-03-27 22:50:00,14,8,9,5,36
2024-03-27 23:00:00,10,5,8,5,28
2024-03-27 23:10:00,9,1,32,11,53
2024-03-27 23:20:00,7,1,27,8,43
2024-03-27 23:30:00,9,1,8,5,23
2024-03-27 23:40:00,3,4,9,5,21
2024-03-27 23:50:00,8,2,2,1,13
2024-03-28 00:00:00,8,3,5,3,19
2024-03-28 00:10:00,2,0,10,2,14
2024-03-28 00:20:00,3,5,3,2,13
2024-03-28 00:30:00,6,0,3,2,11
2024-03-28 00:40:00,7,4,10,5,26
2024-03-28 00:50:00,3,0,5,2,10
2024-03-28 01:00:00,8,1,5,2,16
2024-03-28 01:10:00,7,0,4,2,13
2024-03-28 01:20:00,4,1,2,1,8
2024-03-28 01:30:00,4,1,4,2,11
2024-03-28 01:40:00,6,3,0,0,9
2024-03-28 01:50:00,3,1,4,2,10
2024-03-28 02:00:00,1,3,2,1,7
2024-03-28 02:10:00,2,1,3,2,8
2024-03-28 02:20:00,0,2,5,3,10
2024-03-28 02:30:00,0,0,0,0,0
2024-03-28 02:40:00,3,0,0,0,3
2024-03-28 02:50:00,1,1,3,2,7
2024-03-28 03:00:00,0,2,0,0,2
2024-03-28 03:10:00,1,1,0,0,2
2024-03-28 03:20:00,2,2,0,0,4
2024-03-28 03:30:00,1,1,0,0,2
2024-03-28 03:40:00,0,3,4,2,9
2024-03-28 03:50:00,2,1,6,3,12
2024-03-28 04:00:00,5,0,2,2,9
2024-03-28 04:10:00,0,2,0,0,2
2024-03-28 04:20:00,1,3,3,3,10
2024-03-28 04:30:00,7,2,0,0,9
2024-03-28 04:40:00,6,1,3,1,11
2024-03-28 04:50:00,9,2,0,0,11
2024-03-28 05:00:00,4,3,4,2,13
2024-03-28 05:10:00,5,9,2,3,19
2024-03-28 05:20:00,9,5,5,3,22
2024-03-28 05:30:00,8,5,8,7,28
2024-03-28 05:40:00,14,5,16,9,44
2024-03-28 05:50:00,10,7,10,6,33
2024-03-28 06:00:00,17,5,2,2,26
2024-03-28 06:10:00,17,12,8,7,44
2024-03-28 06:20:00,14,9,5,5,33
2024-03-28 06:30:00,13,13,0,11,37
2024-03-28 06:40:00,18,17,3,10,48
2024-03-28 06:50:00,22,9,11,8,50
2024-03-28 07:00:00,14,20,9,68,111
2024-03-28 07:10:00,28,9,6,9,52
2024-03-28 07:20:00,22,17,11,13,63
2024-03-28 07:30:00,28,25,7,9,69
2024-03-28 07:40:00,26,29,17,17,89
2024-03-28 07:50:00,24,18,17,17,76
2024-03-28 08:00:00,20,20,18,17,75
2024-03-28 08:10:00,21,21,20,17,79
2024-03-28 08:20:00,23,7,22,23,75
2024-03-28 08:30:00,23,25,19,22,89
2024-03-28 08:40:00,36,31,19,13,99
2024-03-28 08:50:00,20,18,19,14,71
2024-03-28 09:00:00,32,24,19,24,99
2024-03-28 09:10:00,26,23,19,21,89
2024-03-28 09:20:00,23,28,15,16,82
2024-03-28 09:30:00,24,19,19,18,80
2024-03-28 09:40:00,36,24,20,17,97
2024-03-28 09:50:00,28,20,18,19,85
2024-03-28 10:00:00,26,17,22,19,84
2024-03-28 10:10:00,31,22,19,21,93
2024-03-28 10:20:00,23,21,15,13,72
2024-03-28 10:30:00,28,16,23,31,98
2024-03-28 10:40:00,36,19,19,22,96
2024-03-28 10:50:00,27,14,22,20,83
2024-03-28 11:00:00,26,26,19,19,90
2024-03-28 11:10:00,41,15,18,21,95
2024-03-28 11:20:00,22,18,19,16,75
2024-03-28 11:30:00,34,8,16,14,72
2024-03-28 11:40:00,33,23,24,18,98
2024-03-28 11:50:00,27,20,24,24,95
2024-03-28 12:00:00,33,24,25,24,106
2024-03-28 12:10:00,17,15,33,11,76
2024-03-28 12:20:00,25,20,18,15,78
2024-03-28 12:30:00,29,15,17,17,78
2024-03-28 12:40:00,26,21,14,15,76
2024-03-28 12:50:00,23,9,20,29,81
2024-03-28 13:00:00,28,19,13,28,88
2024-03-28 13:10:00,28,21,6,14,69
2024-03-28 13:20:00,23,18,21,11,73
2024-03-28 13:30:00,26,12,14,15,67
2024-03-28 13:40:00,17,15,14,48,94
2024-03-28 13:50:00,27,13,14,10,64
2024-03-28 14:00:00,19,10,5,76,110
2024-03-28 14:10:00,25,9,8,13,55
2024-03-28 14:20:00,23,14,17,40,94
2024-03-28 14:30:00,28,25,23,20,96
2024-03-28 14:40:00,31,21,21,13,86
2024-03-28 14:50:00,21,15,24,10,70
2024-03-28 15:00:00,25,21,18,18,82
2024-03-28 15:10:00,33,7,27,20,87
2024-03-28 15:20:00,28,19,17,17,81
2024-03-28 15:30:00,16,11,31,12,70
2024-03-28 15:40:00,25,11,25,14,75
2024-03-28 15:50:00,27,8,40,14,89
2024-03-28 16:00:00,22,13,20,6,61
2024-03-28 16:10:00,30,24,27,4,85
2024-03-28 16:20:00,27,26,18,14,85
2024-03-28 16:30:00,28,9,34,4,75
2024-03-28 16:40:00,21,14,30,16,81
2024-03-28 16:50:00,24,17,28,23,92
2024-03-28 17:00:00,29,10,15,17,71
2024-03-28 17:10:00,26,15,11,18,70
2024-03-28 17:20:00,28,21,19,18,86
2024-03-28 17:30:00,24,16,24,1,65
2024-03-28 17:40:00,31,13,12,28,84
2024-03-28 17:50:00,30,24,30,14,98
2024-03-28 18:00:00,24,15,20,18,77
2024-03-28 18:10:00,34,19,30,20,103
2024-03-28 18:20:00,15,12,20,19,66
2024-03-28 18:30:00,25,21,21,17,84
2024-03-28 18:40:00,31,19,23,24,97
2024-03-28 18:50:00,19,16,22,22,79
2024-03-28 19:00:00,30,13,18,13,74
2024-03-28 19:10:00,28,15,34,17,94
2024-03-28 19:20:00,21,20,42,17,100
2024-03-28 19:30:00,28,16,34,20,98
2024-03-28 19:40:00,33,18,109,17,177
2024-03-28 19:50:00,25,21,43,18,107
2024-03-28 20:00:00,26,21,39,20,106
2024-03-28 20:10:00,25,18,38,16,97
2024-03-28 20:20:00,21,18,43,20,102
2024-03-28 20:30:00,19,22,46,27,114
2024-03-28 20:40:00,26,11,21,16,74
2024-03-28 20:50:00,23,22,33,17,95
2024-03-28 21:00:00,20,9,42,11,82
2024-03-28 21:10:00,22,12,16,10,60
2024-03-28 21:20:00,26,9,22,14,71
2024-03-28 21:30:00,13,7,22,10,52
2024-03-28 21:40:00,22,8,30,20,80
2024-03-28 21:50:00,13,14,16,7,50
2024-03-28 22:00:00,26,4,14,8,52
2024-03-28 22:10:00,22,8,30,13,73
2024-03-28 22:20:00,22,8,28,12,70
2024-03-28 22:30:00,16,6,15,8,45
2024-03-28 22:40:00,14,11,18,9,52
2024-03-28 22:50:00,19,7,35,9,70
2024-03-28 23:00:00,12,7,20,10,49
2024-03-28 23:10:00,17,4,11,7,39
2024-03-28 23:20:00,16,3,17,11,47
2024-03-28 23:30:00,7,0,7,3,17
2024-03-28 23:40:00,7,3,11,7,28
2024-03-28 23:50:00,7,5,11,6,29
2024-03-29 00:00:00,9,4,9,5,27
2024-03-29 00:10:00,4,3,5,3,15
2024-03-29 00:20:00,11,2,4,2,19
2024-03-29 00:30:00,11,2,5,3,21
2024-03-29 00:40:00,3,7,7,3,20
2024-03-29 00:50:00,3,5,18,9,35
2024-03-29 01:00:00,9,3,0,0,12
2024-03-29 01:10:00,2,1,4,2,9
2024-03-29 01:20:00,2,2,5,3,12
2024-03-29 01:30:00,5,4,11,5,25
2024-03-29 01:40:00,6,3,5,3,17
2024-03-29 01:50:00,1,3,2,1,7
2024-03-29 02:00:00,11,6,2,1,20
2024-03-29 02:10:00,3,1,2,1,7
2024-03-29 02:20:00,3,0,0,0,3
2024-03-29 02:30:00,3,3,6,3,15
2024-03-29 02:40:00,7,2,3,1,13
2024-03-29 02:50:00,5,3,0,0,8
2024-03-29 03:00:00,3,7,2,1,13
2024-03-29 03:10:00,4,1,0,0,5
2024-03-29 03:20:00,3,0,2,1,6
2024-03-29 03:30:00,3,1,1,1,6
2024-03-29 03:40:00,1,2,1,1,5
2024-03-29 03:50:00,1,3,3,1,8
2024-03-29 04:00:00,2,1,0,0,3
2024-03-29 04:10:00,0,1,0,0,1
2024-03-29 04:20:00,1,1,4,1,7
2024-03-29 04:30:00,1,0,1,1,3
2024-03-29 04:40:00,1,2,0,0,3
2024-03-29 04:50:00,3,1,1,2,7
2024-03-29 05:00:00,2,3,0,0,5
2024-03-29 05:10:00,4,3,1,1,9
2024-03-29 05:20:00,5,3,2,1,11
2024-03-29 05:30:00,6,2,5,3,16
2024-03-29 05:40:00,2,2,3,3,10
2024-03-29 05:50:00,1,3,2,1,7
2024-03-29 06:00:00,5,1,1,1,8
2024-03-29 06:10:00,3,0,1,1,5
2024-03-29 06:20:00,4,8,0,0,12
2024-03-29 06:30:00,4,2,4,4,14
2024-03-29 06:40:00,4,3,1,1,9
2024-03-29 06:50:00,1,3,3,3,10
2024-03-29 07:00:00,6,2,1,1,10
2024-03-29 07:10:00,4,2,2,3,11
2024-03-29 07:20:00,7,5,10,6,28
2024-03-29 07:30:00,9,3,4,3,19
2024-03-29 07:40:00,3,2,1,1,7
2024-03-29 07:50:00,5,3,3,3,14
2024-03-29 08:00:00,8,7,4,4,23
2024-03-29 08:10:00,9,7,1,1,18
2024-03-29 08:20:00,10,6,7,7,30
2024-03-29 08:30:00,11,9,6,6,32
2024-03-29 08:40:00,11,8,3,4,26
2024-03-29 08:50:00,6,8,9,8,31
2024-03-29 09:00:00,11,12,9,10,42
2024-03-29 09:10:00,11,12,5,5,33
2024-03-29 09:20:00,9,9,2,3,23
2024-03-29 09:30:00,13,10,9,9,41
2024-03-29 09:40:00,20,12,6,8,46
2024-03-29 09:50:00,22,22,13,17,74
2024-03-29 10:00:00,16,10,9,11,46
2024-03-29 10:10:00,24,10,6,5,45
2024-03-29 10:20:00,17,13,9,9,48
2024-03-29 10:30:00,16,13,11,12,52
2024-03-29 10:40:00,26,12,12,12,62
2024-03-29 10:50:00,22,12,11,11,56
2024-03-29 11:00:00,26,19,15,15,75
2024-03-29 11:10:00,24,14,9,8,55
2024-03-29 11:20:00,17,14,15,15,61
2024-03-29 11:30:00,20,17,12,15,64
2024-03-29 11:40:00,20,17,9,11,57
2024-03-29 11:50:00,24,12,15,14,65
2024-03-29 12:00:00,27,15,11,15,68
2024-03-29 12:10:00,21,22,10,13,66
2024-03-29 12:20:00,22,10,13,20,65
2024-03-29 12:30:00,24,13,14,12,63
2024-03-29 12:40:00,22,12,10,11,55
2024-03-29 12:50:00,15,10,8,11,44
2024-03-29 13:00:00,21,12,19,22,74
2024-03-29 13:10:00,22,15,9,9,55
2024-03-29 13:20:00,21,13,18,22,74
2024-03-29 13:30:00,17,11,16,13,57
2024-03-29 13:40:00,16,15,15,15,61
2024-03-29 13:50:00,20,15,11,16,62
2024-03-29 14:00:00,23,12,21,21,77
2024-03-29 14:10:00,21,16,14,18,69
2024-03-29 14:20:00,11,16,16,20,63
2024-03-29 14:30:00,17,23,9,12,61
2024-03-29 14:40:00,20,19,20,21,80
2024-03-29 14:50:00,25,13,13,17,68
2024-03-29 15:00:00,26,15,10,13,64
2024-03-29 15:10:00,19,16,17,18,70
2024-03-29 15:20:00,19,15,13,20,67
2024-03-29 15:30:00,21,11,11,10,53
2024-03-29 15:40:00,18,17,16,16,67
2024-03-29 15:50:00,23,21,16,15,75
2024-03-29 16:00:00,24,15,14,16,69
2024-03-29 16:10:00,16,11,17,18,62
2024-03-29 16:20:00,18,16,16,19,69
2024-03-29 16:30:00,15,17,14,14,60
2024-03-29 16:40:00,15,17,12,13,57
2024-03-29 16:50:00,21,10,15,19,65
2024-03-29 17:00:00,22,12,11,16,61
2024-03-29 17:10:00,19,18,14,9,60
2024-03-29 17:20:00,23,14,14,21,72
2024-03-29 17:30:00,19,18,16,6,59
2024-03-29 17:40:00,25,14,11,15,65
2024-03-29 17:50:00,25,14,13,14,66
2024-03-29 18:00:00,21,6,18,15,60
2024-03-29 18:10:00,24,10,17,16,67
2024-03-29 18:20:00,23,19,17,23,82
2024-03-29 18:30:00,27,15,16,18,76
2024-03-29 18:40:00,21,12,15,19,67
2024-03-29 18:50:00,26,17,14,16,73
2024-03-29 19:00:00,16,10,11,11,48
2024-03-29 19:10:00,11,15,19,12,57
2024-03-29 19:20:00,16,11,19,11,57
2024-03-29 19:30:00,21,14,25,15,75
2024-03-29 19:40:00,16,11,17,10,54
2024-03-29 19:50:00,17,12,18,12,59
2024-03-29 20:00:00,18,17,24,16,75
2024-03-29 20:10:00,13,9,17,16,55
2024-03-29 20:20:00,14,10,18,12,54
2024-03-29 20:30:00,13,4,14,6,37
2024-03-29 20:40:00,10,16,22,7,55
2024-03-29 20:50:00,18,12,4,4,38
2024-03-29 21:00:00,12,13,37,12,74
2024-03-29 21:10:00,9,16,23,16,64
2024-03-29 21:20:00,15,8,10,8,41
2024-03-29 21:30:00,25,8,14,10,57
2024-03-29 21:40:00,20,4,10,6,40
2024-03-29 21:50:00,12,8,11,6,37
2024-03-29 22:00:00,6,10,16,8,40
2024-03-29 22:10:00,21,9,10,7,47
2024-03-29 22:20:00,12,9,14,10,45
2024-03-29 22:30:00,14,5,18,13,50
2024-03-29 22:40:00,12,5,16,4,37
2024-03-29 22:50:00,3,3,10,7,23
2024-03-29 23:00:00,14,5,17,9,45
2024-03-29 23:10:00,7,1,12,6,26
2024-03-29 23:20:00,11,8,5,3,27
2024-03-29 23:30:00,6,5,8,7,26
2024-03-29 23:40:00,3,4,13,5,25
2024-03-29 23:50:00,5,5,6,2,18
2024-03-30 00:00:00,9,1,4,6,20
2024-03-30 00:10:00,3,6,5,4,18
2024-03-30 00:20:00,14,3,4,2,23
2024-03-30 00:30:00,8,4,8,3,23
2024-03-30 00:40:00,6,2,7,4,19
2024-03-30 00:50:00,3,4,3,2,12
2024-03-30 01:00:00,10,1,5,2,18
2024-03-30 01:10:00,4,1,6,3,14
2024-03-30 01:20:00,4,3,5,2,14
2024-03-30 01:30:00,3,3,3,2,11
2024-03-30 01:40:00,3,4,0,0,7
2024-03-30 01:50:00,1,1,3,2,7
2024-03-30 02:00:00,4,1,4,2,11
2024-03-30 02:10:00,7,0,4,3,14
2024-03-30 02:20:00,6,2,6,3,17
2024-03-30 02:30:00,4,1,0,0,5
2024-03-30 02:40:00,6,1,2,2,11
2024-03-30 02:50:00,1,1,2,1,5
2024-03-30 03:00:00,0,2,9,1,12
2024-03-30 03:10:00,2,2,7,4,15
2024-03-30 03:20:00,3,2,6,3,14
2024-03-30 03:30:00,0,4,2,2,8
2024-03-30 03:40:00,2,2,3,1,8
2024-03-30 03:50:00,2,2,5,5,14
2024-03-30 04:00:00,7,1,1,1,10
2024-03-30 04:10:00,2,2,0,0,4
2024-03-30 04:20:00,2,3,1,1,7
2024-03-30 04:30:00,5,1,2,1,9
2024-03-30 04:40:00,5,1,2,1,9
2024-03-30 04:50:00,3,3,5,3,14
2024-03-30 05:00:00,3,1,2,1,7
2024-03-30 05:10:00,7,5,1,1,14
2024-03-30 05:20:00,1,4,4,2,11
2024-03-30 05:30:00,6,6,9,5,26
2024-03-30 05:40:00,4,2,4,2,12
2024-03-30 05:50:00,7,3,16,4,30
2024-03-30 06:00:00,10,4,6,5,25
2024-03-30 06:10:00,10,4,3,3,20
2024-03-30 06:20:00,4,5,4,4,17
2024-03-30 06:30:00,5,3,4,3,15
2024-03-30 06:40:00,9,7,8,10,34
2024-03-30 06:50:00,12,2,7,8,29
2024-03-30 07:00:00,13,10,5,5,33
2024-03-30 07:10:00,16,8,4,5,33
2024-03-30 07:20:00,15,14,4,4,37
2024-03-30 07:30:00,21,9,7,6,43
2024-03-30 07:40:00,13,11,8,9,41
2024-03-30 07:50:00,11,10,11,11,43
2024-03-30 08:00:00,22,15,8,8,53
2024-03-30 08:10:00,21,16,14,13,64
2024-03-30 08:20:00,17,12,13,11,53
2024-03-30 08:30:00,24,18,15,15,72
2024-03-30 08:40:00,29,22,8,10,69
2024-03-30 08:50:00,29,19,13,14,75
2024-03-30 09:00:00,28,16,14,13,71
2024-03-30 09:10:00,29,19,17,18,83
2024-03-30 09:20:00,27,29,11,13,80
2024-03-30 09:30:00,24,19,20,18,81
2024-03-30 09:40:00,35,26,12,11,84
2024-03-30 09:50:00,33,23,25,25,106
2024-03-30 10:00:00,31,26,19,21,97
2024-03-30 10:10:00,31,26,19,23,99
2024-03-30 10:20:00,26,18,20,15,79
2024-03-30 10:30:00,33,16,22,18,89
2024-03-30 10:40:00,35,23,18,13,89
2024-03-30 10:50:00,23,21,18,16,78
2024-03-30 11:00:00,40,29,23,11,103
2024-03-30 11:10:00,30,23,25,27,105
2024-03-30 11:20:00,38,26,21,16,101
2024-03-30 11:30:00,30,17,23,20,90
2024-03-30 11:40:00,30,21,14,10,75
2024-03-30 11:50:00,25,19,19,12,75
2024-03-30 12:00:00,37,22,27,20,106
2024-03-30 12:10:00,25,16,29,18,88
2024-03-30 12:20:00,23,15,27,19,84
2024-03-30 12:30:00,33,17,19,17,86
2024-03-30 12:40:00,30,23,24,25,102
2024-03-30 12:50:00,32,21,18,20,91
2024-03-30 13:00:00,33,18,14,17,82
2024-03-30 13:10:00,23,21,29,25,98
2024-03-30 13:20:00,29,20,22,24,95
2024-03-30 13:30:00,35,20,17,17,89
2024-03-30 13:40:00,25,15,26,24,90
2024-03-30 13:50:00,27,23,20,15,85
2024-03-30 14:00:00,24,22,17,17,80
2024-03-30 14:10:00,21,15,24,16,76
2024-03-30 14:20:00,30,17,18,15,80
2024-03-30 14:30:00,26,16,19,17,78
2024-03-30 14:40:00,22,20,12,12,66
2024-03-30 14:50:00,22,13,28,19,82
2024-03-30 15:00:00,27,28,22,14,91
2024-03-30 15:10:00,28,20,23,21,92
2024-03-30 15:20:00,21,19,27,13,80
2024-03-30 15:30:00,26,15,24,16,81
2024-03-30 15:40:00,24,18,18,21,81
2024-03-30 15:50:00,20,22,15,14,71
2024-03-30 16:00:00,20,13,23,20,76
2024-03-30 16:10:00,23,14,19,18,74
2024-03-30 16:20:00,31,19,23,22,95
2024-03-30 16:30:00,23,19,18,17,77
2024-03-30 16:40:00,31,16,21,16,84
2024-03-30 16:50:00,26,23,14,15,78
2024-03-30 17:00:00,24,21,21,17,83
2024-03-30 17:10:00,31,24,19,15,89
2024-03-30 17:20:00,25,17,20,15,77
2024-03-30 17:30:00,18,18,22,21,79
2024-03-30 17:40:00,32,13,14,18,77
2024-03-30 17:50:00,22,20,13,15,70
2024-03-30 18:00:00,23,21,20,22,86
2024-03-30 18:10:00,34,19,18,21,92
2024-03-30 18:20:00,19,21,19,22,81
2024-03-30 18:30:00,20,13,15,13,61
2024-03-30 18:40:00,26,21,15,16,78
2024-03-30 18:50:00,22,17,21,18,78
2024-03-30 19:00:00,19,13,12,17,61
2024-03-30 19:10:00,15,11,23,15,64
2024-03-30 19:20:00,24,11,39,21,95
2024-03-30 19:30:00,23,15,35,28,101
2024-03-30 19:40:00,25,18,32,13,88
2024-03-30 19:50:00,15,10,18,11,54
2024-03-30 20:00:00,18,16,25,17,76
2024-03-30 20:10:00,13,14,29,17,73
2024-03-30 20:20:00,18,11,25,9,63
2024-03-30 20:30:00,15,14,73,20,122
2024-03-30 20:40:00,21,15,22,16,74
2024-03-30 20:50:00,21,8,19,10,58
2024-03-30 21:00:00,16,9,19,9,53
2024-03-30 21:10:00,15,16,21,10,62
2024-03-30 21:20:00,22,8,13,11,54
2024-03-30 21:30:00,20,3,18,12,53
2024-03-30 21:40:00,18,5,21,11,55
2024-03-30 21:50:00,16,13,21,11,61
2024-03-30 22:00:00,16,9,15,6,46
2024-03-30 22:10:00,12,5,16,10,43
2024-03-30 22:20:00,13,3,26,12,54
2024-03-30 22:30:00,14,9,17,8,48
2024-03-30 22:40:00,12,16,22,11,61
2024-03-30 22:50:00,13,7,9,6,35
2024-03-30 23:00:00,14,7,17,12,50
2024-03-30 23:10:00,13,9,10,4,36
2024-03-30 23:20:00,13,7,17,8,45
2024-03-30 23:30:00,15,6,19,6,46
2024-03-30 23:40:00,8,2,7,3,20
2024-03-30 23:50:00,5,1,7,6,19
2024-03-31 00:00:00,8,4,12,4,28
2024-03-31 00:10:00,3,5,6,4,18
2024-03-31 00:20:00,4,2,9,4,19
2024-03-31 00:30:00,13,2,8,3,26
2024-03-31 00:40:00,5,3,9,5,22
2024-03-31 00:50:00,5,5,14,6,30
2024-03-31 01:00:00,6,1,26,8,41
2024-03-31 01:10:00,8,5,6,3,22
2024-03-31 01:20:00,9,2,1,1,13
2024-03-31 01:30:00,7,2,5,4,18
2024-03-31 01:40:00,6,6,3,3,18
2024-03-31 01:50:00,8,2,3,3,16
2024-03-31 02:00:00,0,0,0,0,0
2024-03-31 02:10:00,0,0,0,0,0
2024-03-31 02:20:00,0,0,0,0,0
2024-03-31 02:30:00,0,0,0,0,0
2024-03-31 02:40:00,0,0,0,0,0
2024-03-31 02:50:00,0,0,0,0,0
2024-03-31 03:00:00,0,0,0,0,0
2024-03-31 03:10:00,0,0,0,0,0
2024-03-31 03:20:00,0,0,0,0,0
2024-03-31 03:30:00,0,0,0,0,0
2024-03-31 03:40:00,0,0,0,0,0
2024-03-31 03:50:00,0,0,0,0,0
2024-03-31 04:00:00,2,2,5,4,13
2024-03-31 04:10:00,2,3,2,1,8
2024-03-31 04:20:00,5,4,1,1,11
2024-03-31 04:30:00,1,3,0,0,4
2024-03-31 04:40:00,4,2,4,2,12
2024-03-31 04:50:00,4,2,4,3,13
2024-03-31 05:00:00,5,4,0,0,9
2024-03-31 05:10:00,2,3,0,0,5
2024-03-31 05:20:00,2,3,6,2,13
2024-03-31 05:30:00,2,4,0,0,6
2024-03-31 05:40:00,7,4,4,3,18
2024-03-31 05:50:00,5,1,6,4,16
2024-03-31 06:00:00,3,0,0,1,4
2024-03-31 06:10:00,3,1,3,1,8
2024-03-31 06:20:00,3,6,1,1,11
2024-03-31 06:30:00,8,2,0,0,10
2024-03-31 06:40:00,3,0,14,3,20
2024-03-31 06:50:00,5,1,3,3,12
2024-03-31 07:00:00,5,1,1,1,8
2024-03-31 07:10:00,4,2,2,2,10
2024-03-31 07:20:00,2,7,5,5,19
2024-03-31 07:30:00,4,4,2,0,10
2024-03-31 07:40:00,6,7,3,4,20
2024-03-31 07:50:00,7,6,2,3,18
2024-03-31 08:00:00,5,4,3,3,15
2024-03-31 08:10:00,8,5,3,4,20
2024-03-31 08:20:00,8,6,5,5,24
2024-03-31 08:30:00,12,7,3,4,26
2024-03-31 08:40:00,8,6,8,7,29
2024-03-31 08:50:00,9,10,4,6,29
2024-03-31 09:00:00,14,5,7,7,33
2024-03-31 09:10:00,12,4,8,8,32
2024-03-31 09:20:00,21,15,8,9,53
2024-03-31 09:30:00,13,15,13,15,56
2024-03-31 09:40:00,19,10,9,10,48
2024-03-31 09:50:00,16,11,9,13,49
2024-03-31 10:00:00,18,12,12,13,55
2024-03-31 10:10:00,20,13,10,10,53
2024-03-31 10:20:00,24,9,8,9,50
2024-03-31 10:30:00,19,17,12,12,60
2024-03-31 10:40:00,26,15,15,21,77
2024-03-31 10:50:00,26,11,8,12,57
2024-03-31 11:00:00,26,12,19,19,76
2024-03-31 11:10:00,21,18,15,18,72
2024-03-31 11:20:00,37,16,19,17,89
2024-03-31 11:30:00,25,12,15,14,66
2024-03-31 11:40:00,22,21,21,22,86
2024-03-31 11:50:00,29,15,24,22,90
2024-03-31 12:00:00,25,17,17,13,72
2024-03-31 12:10:00,24,13,24,23,84
2024-03-31 12:20:00,32,19,21,20,92
2024-03-31 12:30:00,25,21,16,22,84
2024-03-31 12:40:00,22,18,12,15,67
2024-03-31 12:50:00,21,8,20,20,69
2024-03-31 13:00:00,35,8,13,17,73
2024-03-31 13:10:00,26,9,19,14,68
2024-03-31 13:20:00,24,19,11,14,68
2024-03-31 13:30:00,29,20,13,16,78
2024-03-31 13:40:00,24,9,13,21,67
2024-03-31 13:50:00,19,11,16,18,64
2024-03-31 14:00:00,25,19,19,18,81
2024-03-31 14:10:00,26,22,13,14,75
2024-03-31 14:20:00,24,17,25,19,85
2024-03-31 14:30:00,34,18,19,14,85
2024-03-31 14:40:00,20,9,15,17,61
2024-03-31 14:50:00,27,20,26,21,94
2024-03-31 15:00:00,34,12,17,20,83
2024-03-31 15:10:00,25,19,11,14,69
2024-03-31 15:20:00,20,18,19,15,72
2024-03-31 15:30:00,23,10,13,17,63
2024-03-31 15:40:00,28,20,26,25,99
2024-03-31 15:50:00,23,13,17,15,68
2024-03-31 16:00:00,23,18,14,14,69
2024-03-31 16:10:00,22,10,12,13,57
2024-03-31 16:20:00,28,21,14,18,81
2024-03-31 16:30:00,28,16,17,18,79
2024-03-31 16:40:00,22,16,21,14,73
2024-03-31 16:50:00,22,22,18,16,78
2024-03-31 17:00:00,20,21,17,18,76
2024-03-31 17:10:00,26,27,12,15,80
2024-03-31 17:20:00,16,14,17,24,71
2024-03-31 17:30:00,16,19,13,19,67
2024-03-31 17:40:00,25,17,22,21,85
2024-03-31 17:50:00,27,20,15,18,80
2024-03-31 18:00:00,22,22,18,17,79
2024-03-31 18:10:00,25,17,17,17,76
2024-03-31 18:20:00,27,13,14,20,74
2024-03-31 18:30:00,18,13,14,14,59
2024-03-31 18:40:00,16,22,18,15,71
2024-03-31 18:50:00,20,22,11,12,65
2024-03-31 19:00:00,14,17,17,18,66
2024-03-31 19:10:00,26,9,28,11,74
2024-03-31 19:20:00,26,13,16,14,69
2024-03-31 19:30:00,19,17,20,22,78
2024-03-31 19:40:00,15,17,15,15,62
2024-03-31 19:50:00,21,8,15,15,59
2024-03-31 20:00:00,21,10,18,14,63
2024-03-31 20:10:00,19,17,29,13,78
2024-03-31 20:20:00,14,6,22,12,54
2024-03-31 20:30:00,13,9,23,14,59
2024-03-31 20:40:00,23,9,15,10,57
2024-03-31 20:50:00,15,6,53,11,85
2024-03-31 21:00:00,20,5,16,10,51
2024-03-31 21:10:00,8,11,18,11,48
2024-03-31 21:20:00,8,13,7,6,34
2024-03-31 21:30:00,13,11,17,13,54
2024-03-31 21:40:00,18,9,15,10,52
2024-03-31 21:50:00,17,10,26,15,68
2024-03-31 22:00:00,21,9,40,13,83
2024-03-31 22:10:00,18,10,7,5,40
2024-03-31 22:20:00,9,4,9,4,26
2024-03-31 22:30:00,21,6,16,10,53
2024-03-31 22:40:00,14,5,11,7,37
2024-03-31 22:50:00,11,11,15,9,46
2024-03-31 23:00:00,10,5,15,8,38
2024-03-31 23:10:00,19,6,33,7,65
2024-03-31 23:20:00,9,3,25,4,41
2024-03-31 23:30:00,5,3,7,4,19
2024-03-31 23:40:00,10,5,19,9,43
2024-03-31 23:50:00,6,2,11,5,24
2024-04-01 00:00:00,12,4,15,4,35
2024-04-01 00:10:00,4,0,4,3,11
2024-04-01 00:20:00,7,7,7,4,25
2024-04-01 00:30:00,9,4,2,2,17
2024-04-01 00:40:00,2,7,3,3,15
2024-04-01 00:50:00,8,3,2,3,16
2024-04-01 01:00:00,6,4,4,2,16
2024-04-01 01:10:00,9,2,4,3,18
2024-04-01 01:20:00,4,3,9,6,22
2024-04-01 01:30:00,6,0,8,5,19
2024-04-01 01:40:00,5,1,6,2,14
2024-04-01 01:50:00,4,1,2,1,8
2024-04-01 02:00:00,3,0,2,2,7
2024-04-01 02:10:00,6,2,6,3,17
2024-04-01 02:20:00,4,1,2,1,8
2024-04-01 02:30:00,4,1,1,1,7
2024-04-01 02:40:00,7,2,1,1,11
2024-04-01 02:50:00,4,1,5,2,12
2024-04-01 03:00:00,4,5,4,3,16
2024-04-01 03:10:00,3,2,7,2,14
2024-04-01 03:20:00,2,2,1,1,6
2024-04-01 03:30:00,2,4,2,3,11
2024-04-01 03:40:00,3,2,0,0,5
2024-04-01 03:50:00,2,1,1,1,5
2024-04-01 04:00:00,4,1,0,0,5
2024-04-01 04:10:00,0,1,0,1,2
2024-04-01 04:20:00,2,2,0,0,4
2024-04-01 04:30:00,2,0,2,1,5
2024-04-01 04:40:00,0,0,0,0,0
2024-04-01 04:50:00,1,3,2,1,7
2024-04-01 05:00:00,2,0,0,0,2
2024-04-01 05:10:00,6,2,4,3,15
2024-04-01 05:20:00,2,3,1,1,7
2024-04-01 05:30:00,5,2,2,2,11
2024-04-01 05:40:00,3,1,3,2,9
2024-04-01 05:50:00,3,2,0,0,5
2024-04-01 06:00:00,1,0,4,3,8
2024-04-01 06:10:00,1,3,0,0,4
2024-04-01 06:20:00,6,4,1,1,12
2024-04-01 06:30:00,5,0,1,1,7
2024-04-01 06:40:00,6,1,0,0,7
2024-04-01 06:50:00,5,2,3,2,12
2024-04-01 07:00:00,5,2,3,3,13
2024-04-01 07:10:00,2,5,1,1,9
2024-04-01 07:20:00,1,6,2,2,11
2024-04-01 07:30:00,6,1,3,2,12
2024-04-01 07:40:00,6,1,4,6,17
2024-04-01 07:50:00,3,5,1,1,10
2024-04-01 08:00:00,8,9,6,5,28
2024-04-01 08:10:00,6,2,3,3,14
2024-04-01 08:20:00,3,4,6,6,19
2024-04-01 08:30:00,10,4,2,2,18
2024-04-01 08:40:00,13,4,3,3,23
2024-04-01 08:50:00,7,6,3,2,18
2024-04-01 09:00:00,12,12,4,2,30
2024-04-01 09:10:00,12,7,5,5,29
2024-04-01 09:20:00,17,9,7,10,43
2024-04-01 09:30:00,14,8,4,4,30
2024-04-01 09:40:00,21,11,8,8,48
2024-04-01 09:50:00,9,14,10,10,43
2024-04-01 10:00:00,20,13,10,11,54
2024-04-01 10:10:00,21,9,7,9,46
2024-04-01 10:20:00,16,8,7,7,38
2024-04-01 10:30:00,18,12,11,11,52
2024-04-01 10:40:00,14,11,11,12,48
2024-04-01 10:50:00,19,17,11,13,60
2024-04-01 11:00:00,21,10,9,10,50
2024-04-01 11:10:00,24,17,10,14,65
2024-04-01 11:20:00,17,10,17,22,66
2024-04-01 11:30:00,26,13,16,14,69
2024-04-01 11:40:00,20,13,10,9,52
2024-04-01 11:50:00,21,18,15,20,74
2024-04-01 12:00:00,23,15,11,10,59
2024-04-01 12:10:00,19,13,18,15,65
2024-04-01 12:20:00,30,13,17,15,75
2024-04-01 12:30:00,15,20,14,18,67
2024-04-01 12:40:00,19,10,13,15,57
2024-04-01 12:50:00,19,11,11,12,53
2024-04-01 13:00:00,17,14,17,15,63
2024-04-01 13:10:00,23,17,19,19,78
2024-04-01 13:20:00,22,9,13,11,55
2024-04-01 13:30:00,20,17,17,17,71
2024-04-01 13:40:00,24,15,12,12,63
2024-04-01 13:50:00,26,20,11,15,72
2024-04-01 14:00:00,33,12,18,23,86
2024-04-01 14:10:00,31,17,12,12,72
2024-04-01 14:20:00,16,15,20,12,63
2024-04-01 14:30:00,17,20,16,17,70
2024-04-01 14:40:00,32,20,16,13,81
2024-04-01 14:50:00,24,12,14,19,69
2024-04-01 15:00:00,28,24,17,18,87
2024-04-01 15:10:00,29,17,23,22,91
2024-04-01 15:20:00,27,17,12,16,72
2024-04-01 15:30:00,21,14,15,17,67
2024-04-01 15:40:00,21,18,13,11,63
2024-04-01 15:50:00,25,14,15,15,69
2024-04-01 16:00:00,22,26,21,22,91
2024-04-01 16:10:00,27,12,11,12,62
2024-04-01 16:20:00,20,14,14,18,66
2024-04-01 16:30:00,16,12,19,24,71
2024-04-01 16:40:00,18,16,12,18,64
2024-04-01 16:50:00,15,25,20,20,80
2024-04-01 17:00:00,18,14,18,18,68
2024-04-01 17:10:00,21,19,15,15,70
2024-04-01 17:20:00,19,16,20,15,70
2024-04-01 17:30:00,26,24,16,18,84
2024-04-01 17:40:00,19,14,14,17,64
2024-04-01 17:50:00,27,21,14,8,70
2024-04-01 18:00:00,21,15,13,13,62
2024-04-01 18:10:00,21,16,18,19,74
2024-04-01 18:20:00,18,21,17,24,80
2024-04-01 18:30:00,17,16,14,14,61
2024-04-01 18:40:00,14,15,15,13,57
2024-04-01 18:50:00,19,16,11,13,59
2024-04-01 19:00:00,26,14,10,10,60
2024-04-01 19:10:00,21,11,18,16,66
2024-04-01 19:20:00,18,16,15,20,69
2024-04-01 19:30:00,22,18,13,13,66
2024-04-01 19:40:00,21,14,16,14,65
2024-04-01 19:50:00,22,11,15,18,66
2024-04-01 20:00:00,16,9,21,19,65
2024-04-01 20:10:00,21,5,15,8,49
2024-04-01 20:20:00,21,10,15,8,54
2024-04-01 20:30:00,18,12,16,10,56
2024-04-01 20:40:00,15,11,14,4,44
2024-04-01 20:50:00,11,7,20,12,50
2024-04-01 21:00:00,19,12,23,11,65
2024-04-01 21:10:00,12,9,26,12,59
2024-04-01 21:20:00,14,11,14,11,50
2024-04-01 21:30:00,13,4,27,9,53
2024-04-01 21:40:00,17,8,18,8,51
2024-04-01 21:50:00,12,9,11,5,37
2024-04-01 22:00:00,16,6,17,8,47
2024-04-01 22:10:00,13,4,6,3,26
2024-04-01 22:20:00,9,5,11,9,34
2024-04-01 22:30:00,11,3,21,11,46
2024-04-01 22:40:00,17,2,14,6,39
2024-04-01 22:50:00,9,5,17,13,44
2024-04-01 23:00:00,8,1,11,7,27
2024-04-01 23:10:00,19,2,16,5,42
2024-04-01 23:20:00,11,4,25,7,47
2024-04-01 23:30:00,11,3,8,4,26
2024-04-01 23:40:00,6,6,1,1,14
2024-04-01 23:50:00,10,4,6,4,24
2024-04-02 00:00:00,11,3,11,4,29
2024-04-02 00:10:00,3,5,6,3,17
2024-04-02 00:20:00,5,3,4,2,14
2024-04-02 00:30:00,8,1,2,1,12
2024-04-02 00:40:00,8,3,17,6,34
2024-04-02 00:50:00,5,2,2,1,10
2024-04-02 01:00:00,7,1,0,0,8
2024-04-02 01:10:00,5,2,7,3,17
2024-04-02 01:20:00,6,4,3,1,14
2024-04-02 01:30:00,0,0,1,1,2
2024-04-02 01:40:00,4,1,3,2,10
2024-04-02 01:50:00,4,2,0,0,6
2024-04-02 02:00:00,1,2,3,3,9
2024-04-02 02:10:00,1,2,3,2,8
2024-04-02 02:20:00,3,0,0,0,3
2024-04-02 02:30:00,1,0,2,1,4
2024-04-02 02:40:00,2,1,0,0,3
2024-04-02 02:50:00,1,2,1,1,5
2024-04-02 03:00:00,0,3,3,2,8
2024-04-02 03:10:00,1,1,2,1,5
2024-04-02 03:20:00,3,0,1,1,5
2024-04-02 03:30:00,2,2,4,2,10
2024-04-02 03:40:00,2,3,1,1,7
2024-04-02 03:50:00,4,3,1,1,9
2024-04-02 04:00:00,6,1,1,1,9
2024-04-02 04:10:00,2,3,0,0,5
2024-04-02 04:20:00,2,2,4,2,10
2024-04-02 04:30:00,3,3,4,2,12
2024-04-02 04:40:00,6,1,0,0,7
2024-04-02 04:50:00,4,3,1,2,10
2024-04-02 05:00:00,10,3,0,0,13
2024-04-02 05:10:00,5,6,1,5,17
2024-04-02 05:20:00,9,10,3,2,24
2024-04-02 05:30:00,11,11,7,6,35
2024-04-02 05:40:00,15,5,10,9,39
2024-04-02 05:50:00,11,8,11,6,36
2024-04-02 06:00:00,10,12,8,6,36
2024-04-02 06:10:00,23,17,10,6,56
2024-04-02 06:20:00,22,10,12,8,52
2024-04-02 06:30:00,28,12,1,1,42
2024-04-02 06:40:00,23,16,12,9,60
2024-04-02 06:50:00,11,15,7,8,41
2024-04-02 07:00:00,23,15,9,10,57
2024-04-02 07:10:00,20,13,11,15,59
2024-04-02 07:20:00,22,21,7,7,57
2024-04-02 07:30:00,26,17,17,14,74
2024-04-02 07:40:00,30,15,8,10,63
2024-04-02 07:50:00,25,17,18,12,72
2024-04-02 08:00:00,20,23,13,16,72
2024-04-02 08:10:00,34,21,16,11,82
2024-04-02 08:20:00,28,20,17,16,81
2024-04-02 08:30:00,21,16,16,15,68
2024-04-02 08:40:00,34,23,18,13,88
2024-04-02 08:50:00,24,20,19,20,83
2024-04-02 09:00:00,22,18,17,15,72
2024-04-02 09:10:00,32,13,16,21,82
2024-04-02 09:20:00,22,12,13,12,59
2024-04-02 09:30:00,26,16,12,12,66
2024-04-02 09:40:00,28,24,19,16,87
2024-04-02 09:50:00,21,25,14,14,74
2024-04-02 10:00:00,26,17,13,14,70
2024-04-02 10:10:00,27,18,17,15,77
2024-04-02 10:20:00,17,21,16,17,71
2024-04-02 10:30:00,30,12,22,20,84
2024-04-02 10:40:00,28,19,11,14,72
2024-04-02 10:50:00,17,20,18,21,76
2024-04-02 11:00:00,31,17,15,19,82
2024-04-02 11:10:00,30,17,18,13,78
2024-04-02 11:20:00,27,21,13,14,75
2024-04-02 11:30:00,32,18,18,15,83
2024-04-02 11:40:00,29,10,16,13,68
2024-04-02 11:50:00,32,21,20,11,84
2024-04-02 12:00:00,26,16,19,21,82
2024-04-02 12:10:00,31,17,27,22,97
2024-04-02 12:20:00,22,21,23,19,85
2024-04-02 12:30:00,27,22,20,17,86
2024-04-02 12:40:00,22,20,15,24,81
2024-04-02 12:50:00,24,23,20,14,81
2024-04-02 13:00:00,19,19,13,18,69
2024-04-02 13:10:00,31,17,24,20,92
2024-04-02 13:20:00,21,24,20,20,85
2024-04-02 13:30:00,24,13,22,22,81
2024-04-02 13:40:00,23,14,16,20,73
2024-04-02 13:50:00,24,15,19,19,77
2024-04-02 14:00:00,24,21,15,13,73
2024-04-02 14:10:00,22,13,22,16,73
2024-04-02 14:20:00,20,18,23,18,79
2024-04-02 14:30:00,24,19,21,16,80
2024-04-02 14:40:00,31,22,17,15,85
2024-04-02 14:50:00,33,19,20,20,92
2024-04-02 15:00:00,20,23,22,13,78
2024-04-02 15:10:00,25,15,30,18,88
2024-04-02 15:20:00,31,19,20,16,86
2024-04-02 15:30:00,38,24,22,20,104
2024-04-02 15:40:00,27,14,19,7,67
2024-04-02 15:50:00,26,13,23,23,85
2024-04-02 16:00:00,25,17,18,15,75
2024-04-02 16:10:00,29,14,28,11,82
2024-04-02 16:20:00,26,8,23,16,73
2024-04-02 16:30:00,19,17,30,14,80
2024-04-02 16:40:00,24,25,19,13,81
2024-04-02 16:50:00,27,24,26,7,84
2024-04-02 17:00:00,29,17,38,14,98
2024-04-02 17:10:00,17,17,20,23,77
2024-04-02 17:20:00,33,33,17,15,98
2024-04-02 17:30:00,34,24,15,19,92
2024-04-02 17:40:00,23,26,20,13,82
2024-04-02 17:50:00,29,20,23,22,94
2024-04-02 18:00:00,31,19,16,16,82
2024-04-02 18:10:00,36,20,20,21,97
2024-04-02 18:20:00,28,20,17,25,90
2024-04-02 18:30:00,33,25,22,25,105
2024-04-02 18:40:00,25,20,20,27,92
2024-04-02 18:50:00,17,17,18,27,79
2024-04-02 19:00:00,34,14,22,16,86
2024-04-02 19:10:00,26,15,22,19,82
2024-04-02 19:20:00,29,11,19,13,72
2024-04-02 19:30:00,20,14,20,13,67
2024-04-02 19:40:00,22,12,14,14,62
2024-04-02 19:50:00,21,16,17,17,71
2024-04-02 20:00:00,18,14,16,13,61
2024-04-02 20:10:00,20,17,15,18,70
2024-04-02 20:20:00,18,11,24,28,81
2024-04-02 20:30:00,10,12,21,16,59
2024-04-02 20:40:00,22,11,28,11,72
2024-04-02 20:50:00,20,10,21,16,67
2024-04-02 21:00:00,21,9,18,14,62
2024-04-02 21:10:00,11,10,33,11,65
2024-04-02 21:20:00,14,10,19,10,53
2024-04-02 21:30:00,19,10,16,10,55
2024-04-02 21:40:00,26,9,10,7,52
2024-04-02 21:50:00,11,8,33,15,67
2024-04-02 22:00:00,13,8,17,11,49
2024-04-02 22:10:00,9,17,17,14,57
2024-04-02 22:20:00,5,7,12,7,31
2024-04-02 22:30:00,14,3,15,9,41
2024-04-02 22:40:00,13,6,12,8,39
2024-04-02 22:50:00,9,5,6,3,23
2024-04-02 23:00:00,5,1,13,8,27
2024-04-02 23:10:00,7,3,21,8,39
2024-04-02 23:20:00,13,3,9,6,31
2024-04-02 23:30:00,9,5,16,9,39
2024-04-02 23:40:00,12,4,9,6,31
2024-04-02 23:50:00,4,5,3,2,14
2024-04-03 00:00:00,7,2,3,3,15
2024-04-03 00:10:00,3,1,0,0,4
2024-04-03 00:20:00,6,3,6,4,19
2024-04-03 00:30:00,4,2,7,3,16
2024-04-03 00:40:00,4,2,4,1,11
2024-04-03 00:50:00,1,0,1,1,3
2024-04-03 01:00:00,7,0,1,1,9
2024-04-03 01:10:00,7,2,0,0,9
2024-04-03 01:20:00,1,6,1,1,9
2024-04-03 01:30:00,2,0,3,2,7
2024-04-03 01:40:00,4,2,2,1,9
2024-04-03 01:50:00,3,0,5,2,10
2024-04-03 02:00:00,9,2,5,3,19
2024-04-03 02:10:00,4,5,5,4,18
2024-04-03 02:20:00,3,4,6,3,16
2024-04-03 02:30:00,6,3,2,1,12
2024-04-03 02:40:00,2,4,0,0,6
2024-04-03 02:50:00,2,0,1,1,4
2024-04-03 03:00:00,0,2,0,0,2
2024-04-03 03:10:00,3,1,4,2,10
2024-04-03 03:20:00,5,0,0,0,5
2024-04-03 03:30:00,4,1,0,0,5
2024-04-03 03:40:00,2,4,5,3,14
2024-04-03 03:50:00,3,2,1,1,7
2024-04-03 04:00:00,7,1,4,3,15
2024-04-03 04:10:00,5,0,2,1,8
2024-04-03 04:20:00,4,3,0,0,7
2024-04-03 04:30:00,3,2,3,1,9
2024-04-03 04:40:00,5,3,0,0,8
2024-04-03 04:50:00,8,1,1,2,12
2024-04-03 05:00:00,8,2,1,1,12
2024-04-03 05:10:00,5,4,0,2,11
2024-04-03 05:20:00,7,7,5,4,23
2024-04-03 05:30:00,15,11,7,6,39
2024-04-03 05:40:00,11,11,10,7,39
2024-04-03 05:50:00,11,4,8,5,28
2024-04-03 06:00:00,5,4,5,3,17
2024-04-03 06:10:00,16,9,13,9,47
2024-04-03 06:20:00,19,11,8,6,44
2024-04-03 06:30:00,17,13,11,8,49
2024-04-03 06:40:00,32,12,13,13,70
2024-04-03 06:50:00,21,12,9,11,53
2024-04-03 07:00:00,17,10,7,7,41
2024-04-03 07:10:00,17,12,9,15,53
2024-04-03 07:20:00,22,13,3,4,42
2024-04-03 07:30:00,32,13,7,10,62
2024-04-03 07:40:00,26,14,22,21,83
2024-04-03 07:50:00,22,13,22,24,81
2024-04-03 08:00:00,22,18,11,16,67
2024-04-03 08:10:00,26,20,13,17,76
2024-04-03 08:20:00,32,26,15,18,91
2024-04-03 08:30:00,18,20,15,15,68
2024-04-03 08:40:00,31,18,12,13,74
2024-04-03 08:50:00,25,22,23,19,89
2024-04-03 09:00:00,31,19,10,8,68
2024-04-03 09:10:00,23,21,23,21,88
2024-04-03 09:20:00,29,27,14,16,86
2024-04-03 09:30:00,30,20,18,18,86
2024-04-03 09:40:00,37,23,15,21,96
2024-04-03 09:50:00,25,11,16,12,64
2024-04-03 10:00:00,22,15,20,18,75
2024-04-03 10:10:00,27,15,14,17,73
2024-04-03 10:20:00,28,21,16,14,79
2024-04-03 10:30:00,32,20,18,23,93
2024-04-03 10:40:00,28,19,16,16,79
2024-04-03 10:50:00,22,15,18,21,76
2024-04-03 11:00:00,20,16,16,22,74
2024-04-03 11:10:00,29,12,15,20,76
2024-04-03 11:20:00,22,28,19,20,89
2024-04-03 11:30:00,25,15,18,13,71
2024-04-03 11:40:00,25,25,16,16,82
2024-04-03 11:50:00,24,15,18,20,77
2024-04-03 12:00:00,30,22,21,19,92
2024-04-03 12:10:00,19,30,17,16,82
2024-04-03 12:20:00,34,22,12,12,80
2024-04-03 12:30:00,25,15,22,15,77
2024-04-03 12:40:00,19,11,23,18,71
2024-04-03 12:50:00,25,32,16,14,87
2024-04-03 13:00:00,28,23,25,14,90
2024-04-03 13:10:00,24,14,18,11,67
2024-04-03 13:20:00,24,18,12,7,61
2024-04-03 13:30:00,26,22,12,13,73
2024-04-03 13:40:00,25,15,13,15,68
2024-04-03 13:50:00,16,17,18,16,67
2024-04-03 14:00:00,32,15,17,16,80
2024-04-03 14:10:00,20,19,20,16,75
2024-04-03 14:20:00,22,16,23,18,79
2024-04-03 14:30:00,28,17,9,11,65
2024-04-03 14:40:00,26,18,18,21,83
2024-04-03 14:50:00,27,20,20,21,88
2024-04-03 15:00:00,24,16,15,18,73
2024-04-03 15:10:00,25,14,24,16,79
2024-04-03 15:20:00,22,23,21,18,84
2024-04-03 15:30:00,21,20,18,14,73
2024-04-03 15:40:00,29,19,27,24,99
2024-04-03 15:50:00,25,21,23,19,88
2024-04-03 16:00:00,23,16,15,16,70
2024-04-03 16:10:00,24,20,25,17,86
2024-04-03 16:20:00,28,18,18,23,87
2024-04-03 16:30:00,35,15,22,17,89
2024-04-03 16:40:00,20,22,17,13,72
2024-04-03 16:50:00,22,11,28,20,81
2024-04-03 17:00:00,20,17,21,16,74
2024-04-03 17:10:00,28,19,25,18,90
2024-04-03 17:20:00,25,26,18,16,85
2024-04-03 17:30:00,26,10,27,30,93
2024-04-03 17:40:00,27,15,24,16,82
2024-04-03 17:50:00,36,16,29,22,103
2024-04-03 18:00:00,23,20,26,23,92
2024-04-03 18:10:00,22,18,27,21,88
2024-04-03 18:20:00,27,14,12,28,81
2024-04-03 18:30:00,24,19,18,22,83
2024-04-03 18:40:00,16,15,18,19,68
2024-04-03 18:50:00,19,22,25,20,86
2024-04-03 19:00:00,23,10,16,26,75
2024-04-03 19:10:00,20,13,17,18,68
2024-04-03 19:20:00,19,11,17,20,67
2024-04-03 19:30:00,23,16,11,13,63
2024-04-03 19:40:00,26,11,14,15,66
2024-04-03 19:50:00,20,18,16,21,75
2024-04-03 20:00:00,18,14,18,19,69
2024-04-03 20:10:00,18,6,16,18,58
2024-04-03 20:20:00,16,16,21,12,65
2024-04-03 20:30:00,23,18,13,10,64
2024-04-03 20:40:00,24,14,17,13,68
2024-04-03 20:50:00,17,8,34,20,79
2024-04-03 21:00:00,20,11,17,13,61
2024-04-03 21:10:00,24,10,10,9,53
2024-04-03 21:20:00,23,9,21,15,68
2024-04-03 21:30:00,15,14,22,15,66
2024-04-03 21:40:00,24,13,23,14,74
2024-04-03 21:50:00,24,6,20,8,58
2024-04-03 22:00:00,16,7,20,11,54
2024-04-03 22:10:00,27,12,38,20,97
2024-04-03 22:20:00,18,5,23,16,62
2024-04-03 22:30:00,11,3,16,9,39
2024-04-03 22:40:00,9,2,12,10,33
2024-04-03 22:50:00,8,2,13,11,34
2024-04-03 23:00:00,9,6,5,4,24
2024-04-03 23:10:00,9,1,2,2,14
2024-04-03 23:20:00,6,8,5,4,23
2024-04-03 23:30:00,8,1,7,6,22
2024-04-03 23:40:00,5,2,1,4,12
2024-04-03 23:50:00,4,6,0,0,10
2024-04-04 00:00:00,8,4,3,3,18
2024-04-04 00:10:00,1,1,4,3,9
2024-04-04 00:20:00,9,2,5,3,19
2024-04-04 00:30:00,3,4,6,3,16
2024-04-04 00:40:00,7,2,4,4,17
2024-04-04 00:50:00,1,3,3,4,11
2024-04-04 01:00:00,5,4,2,1,12
2024-04-04 01:10:00,4,2,0,0,6
2024-04-04 01:20:00,2,3,5,4,14
2024-04-04 01:30:00,2,1,2,2,7
2024-04-04 01:40:00,6,2,1,1,10
2024-04-04 01:50:00,1,2,0,0,3
2024-04-04 02:00:00,1,2,4,3,10
2024-04-04 02:10:00,0,0,1,1,2
2024-04-04 02:20:00,1,0,0,0,1
2024-04-04 02:30:00,0,1,2,1,4
2024-04-04 02:40:00,2,1,0,0,3
2024-04-04 02:50:00,2,0,0,0,2
2024-04-04 03:00:00,2,3,5,3,13
2024-04-04 03:10:00,3,2,1,1,7
2024-04-04 03:20:00,1,0,0,0,1
2024-04-04 03:30:00,1,2,0,0,3
2024-04-04 03:40:00,3,3,0,0,6
2024-04-04 03:50:00,3,2,6,4,15
2024-04-04 04:00:00,5,0,3,3,11
2024-04-04 04:10:00,2,4,4,1,11
2024-04-04 04:20:00,3,3,0,0,6
2024-04-04 04:30:00,6,4,2,4,16
2024-04-04 04:40:00,7,2,2,1,12
2024-04-04 04:50:00,4,1,2,3,10
2024-04-04 05:00:00,5,2,1,1,9
2024-04-04 05:10:00,4,9,2,4,19
2024-04-04 05:20:00,8,8,3,3,22
2024-04-04 05:30:00,15,6,7,5,33
2024-04-04 05:40:00,11,10,8,7,36
2024-04-04 05:50:00,9,7,11,10,37
2024-04-04 06:00:00,23,6,5,3,37
2024-04-04 06:10:00,21,9,9,5,44
2024-04-04 06:20:00,13,14,45,7,79
2024-04-04 06:30:00,19,14,16,9,58
2024-04-04 06:40:00,17,11,16,14,58
2024-04-04 06:50:00,18,15,6,15,54
2024-04-04 07:00:00,16,9,0,17,42
2024-04-04 07:10:00,19,19,0,14,52
2024-04-04 07:20:00,16,16,5,14,51
2024-04-04 07:30:00,29,11,9,10,59
2024-04-04 07:40:00,34,19,17,15,85
2024-04-04 07:50:00,21,12,19,18,70
2024-04-04 08:00:00,27,13,12,14,66
2024-04-04 08:10:00,27,18,16,20,81
2024-04-04 08:20:00,25,21,12,13,71
2024-04-04 08:30:00,30,11,14,15,70
2024-04-04 08:40:00,30,22,17,20,89
2024-04-04 08:50:00,36,24,19,16,95
2024-04-04 09:00:00,22,16,12,14,64
2024-04-04 09:10:00,31,23,16,14,84
2024-04-04 09:20:00,29,18,17,15,79
2024-04-04 09:30:00,39,18,19,16,92
2024-04-04 09:40:00,29,13,19,15,76
2024-04-04 09:50:00,24,9,10,11,54
2024-04-04 10:00:00,23,15,14,13,65
2024-04-04 10:10:00,25,18,14,17,74
2024-04-04 10:20:00,20,27,22,22,91
2024-04-04 10:30:00,28,16,15,13,72
2024-04-04 10:40:00,27,20,19,15,81
2024-04-04 10:50:00,25,14,19,18,76
2024-04-04 11:00:00,28,28,18,18,92
2024-04-04 11:10:00,28,22,15,22,87
2024-04-04 11:20:00,27,22,20,18,87
2024-04-04 11:30:00,25,19,20,15,79
2024-04-04 11:40:00,24,14,16,16,70
2024-04-04 11:50:00,30,17,19,7,73
2024-04-04 12:00:00,23,16,19,17,75
2024-04-04 12:10:00,25,16,19,20,80
2024-04-04 12:20:00,21,16,19,5,61
2024-04-04 12:30:00,24,13,30,14,81
2024-04-04 12:40:00,23,19,20,9,71
2024-04-04 12:50:00,25,18,19,16,78
2024-04-04 13:00:00,21,21,18,13,73
2024-04-04 13:10:00,19,23,19,20,81
2024-04-04 13:20:00,20,20,15,15,70
2024-04-04 13:30:00,23,15,16,16,70
2024-04-04 13:40:00,28,16,18,12,74
2024-04-04 13:50:00,22,13,16,20,71
2024-04-04 14:00:00,22,19,16,35,92
2024-04-04 14:10:00,28,20,21,25,94
2024-04-04 14:20:00,24,17,15,14,70
2024-04-04 14:30:00,21,17,23,18,79
2024-04-04 14:40:00,25,21,21,23,90
2024-04-04 14:50:00,27,7,15,19,68
2024-04-04 15:00:00,32,16,20,22,90
2024-04-04 15:10:00,24,14,27,16,81
2024-04-04 15:20:00,24,28,17,20,89
2024-04-04 15:30:00,22,23,35,33,113
2024-04-04 15:40:00,24,31,20,29,104
2024-04-04 15:50:00,30,27,21,21,99
2024-04-04 16:00:00,31,16,20,12,79
2024-04-04 16:10:00,33,13,20,20,86
2024-04-04 16:20:00,16,24,26,11,77
2024-04-04 16:30:00,35,19,21,8,83
2024-04-04 16:40:00,22,26,14,14,76
2024-04-04 16:50:00,29,27,21,26,103
2024-04-04 17:00:00,27,21,20,22,90
2024-04-04 17:10:00,31,19,17,20,87
2024-04-04 17:20:00,22,16,24,14,76
2024-04-04 17:30:00,29,21,20,16,86
2024-04-04 17:40:00,33,21,17,10,81
2024-04-04 17:50:00,24,23,20,9,76
2024-04-04 18:00:00,28,21,9,27,85
2024-04-04 18:10:00,24,21,28,19,92
2024-04-04 18:20:00,27,18,20,13,78
2024-04-04 18:30:00,19,15,24,24,82
2024-04-04 18:40:00,25,19,32,21,97
2024-04-04 18:50:00,26,17,12,12,67
2024-04-04 19:00:00,28,20,23,18,89
2024-04-04 19:10:00,24,15,25,19,83
2024-04-04 19:20:00,21,14,15,16,66
2024-04-04 19:30:00,23,14,25,20,82
2024-04-04 19:40:00,22,20,22,25,89
2024-04-04 19:50:00,21,18,13,15,67
2024-04-04 20:00:00,14,17,13,19,63
2024-04-04 20:10:00,20,15,18,20,73
2024-04-04 20:20:00,17,9,17,14,57
2024-04-04 20:30:00,23,8,22,13,66
2024-04-04 20:40:00,14,11,33,20,78
2024-04-04 20:50:00,14,6,15,11,46
2024-04-04 21:00:00,16,9,17,11,53
2024-04-04 21:10:00,21,13,8,8,50
2024-04-04 21:20:00,15,10,14,11,50
2024-04-04 21:30:00,15,9,12,9,45
2024-04-04 21:40:00,16,10,5,4,35
2024-04-04 21:50:00,14,10,12,9,45
2024-04-04 22:00:00,17,8,16,14,55
2024-04-04 22:10:00,23,3,18,14,58
2024-04-04 22:20:00,12,9,19,11,51
2024-04-04 22:30:00,16,5,15,15,51
2024-04-04 22:40:00,14,11,15,12,52
2024-04-04 22:50:00,9,7,13,14,43
2024-04-04 23:00:00,13,7,16,10,46
2024-04-04 23:10:00,8,6,12,9,35
2024-04-04 23:20:00,14,3,9,7,33
2024-04-04 23:30:00,9,0,3,4,16
2024-04-04 23:40:00,12,0,4,4,20
2024-04-04 23:50:00,5,4,5,5,19
2024-04-05 00:00:00,10,2,6,3,21
2024-04-05 00:10:00,7,1,1,2,11
2024-04-05 00:20:00,6,4,1,2,13
2024-04-05 00:30:00,6,4,5,3,18
2024-04-05 00:40:00,5,1,1,0,7
2024-04-05 00:50:00,2,7,3,3,15
2024-04-05 01:00:00,7,3,6,4,20
2024-04-05 01:10:00,11,2,3,2,18
2024-04-05 01:20:00,3,3,0,0,6
2024-04-05 01:30:00,3,2,2,1,8
2024-04-05 01:40:00,6,0,0,0,6
2024-04-05 01:50:00,4,3,1,2,10
2024-04-05 02:00:00,0,0,0,0,0
