datetime,D21Z,D22Z,D51Z,D52Z,D81Z,D111Z,D112Z,Total
2024-03-01 01:00:00,1,1,0,2,1,3,2,10
2024-03-01 01:10:00,0,2,3,3,2,1,3,14
2024-03-01 01:20:00,0,0,0,0,3,0,0,3
2024-03-01 01:30:00,0,0,0,1,1,3,3,8
2024-03-01 01:40:00,0,1,1,1,3,7,5,18
2024-03-01 01:50:00,0,1,1,1,1,1,4,9
2024-03-01 02:00:00,0,0,0,0,1,0,1,2
2024-03-01 02:10:00,0,1,1,2,3,2,2,11
2024-03-01 02:20:00,0,1,1,2,3,4,3,14
2024-03-01 02:30:00,0,1,2,2,2,1,2,10
2024-03-01 02:40:00,0,0,0,0,2,1,0,3
2024-03-01 02:50:00,0,0,0,1,0,2,2,5
2024-03-01 03:00:00,0,1,1,3,0,7,10,22
2024-03-01 03:10:00,0,1,1,2,2,2,5,13
2024-03-01 03:20:00,0,1,0,0,4,4,3,12
2024-03-01 03:30:00,0,1,1,1,1,2,4,10
2024-03-01 03:40:00,0,0,0,1,1,4,4,10
2024-03-01 03:50:00,0,0,0,3,3,5,5,16
2024-03-01 04:00:00,0,0,0,0,3,1,1,5
2024-03-01 04:10:00,0,1,1,1,2,12,3,20
2024-03-01 04:20:00,0,0,1,2,0,3,3,9
2024-03-01 04:30:00,0,0,0,3,4,3,5,15
2024-03-01 04:40:00,0,0,0,1,2,4,0,7
2024-03-01 04:50:00,0,3,2,3,8,5,6,27
2024-03-01 05:00:00,0,1,5,6,9,4,5,30
2024-03-01 05:10:00,0,1,6,4,9,3,8,31
2024-03-01 05:20:00,0,2,6,4,10,5,10,37
2024-03-01 05:30:00,0,5,1,6,20,12,14,58
2024-03-01 05:40:00,0,2,6,7,21,10,14,60
2024-03-01 05:50:00,2,7,10,5,31,18,25,98
2024-03-01 06:00:00,1,5,7,8,24,18,24,87
2024-03-01 06:10:00,0,2,7,7,21,12,21,70
2024-03-01 06:20:00,0,2,10,10,33,15,13,83
2024-03-01 06:30:00,0,1,11,13,41,23,17,106
2024-03-01 06:40:00,1,7,16,10,45,21,19,119
2024-03-01 06:50:00,5,4,9,4,38,19,31,110
2024-03-01 07:00:00,0,5,9,11,49,26,23,123
2024-03-01 07:10:00,0,6,25,19,52,48,30,180
2024-03-01 07:20:00,1,4,17,24,41,42,31,160
2024-03-01 07:30:00,2,2,24,22,47,52,27,176
2024-03-01 07:40:00,2,5,20,19,52,55,31,184
2024-03-01 07:50:00,2,13,24,20,58,49,34,200
2024-03-01 08:00:00,1,6,16,18,39,32,26,138
2024-03-01 08:10:00,0,2,11,11,45,46,23,138
2024-03-01 08:20:00,1,3,18,17,41,33,24,137
2024-03-01 08:30:00,1,4,15,21,52,39,18,150
2024-03-01 08:40:00,0,4,15,16,31,44,29,139
2024-03-01 08:50:00,0,6,20,19,49,40,24,158
2024-03-01 09:00:00,5,2,26,18,46,33,16,146
2024-03-01 09:10:00,1,6,12,12,48,37,30,146
2024-03-01 09:20:00,0,2,23,13,33,34,23,128
2024-03-01 09:30:00,1,6,19,24,43,37,26,156
2024-03-01 09:40:00,2,5,23,12,45,29,30,146
2024-03-01 09:50:00,1,11,19,17,44,33,27,152
2024-03-01 10:00:00,3,4,16,16,36,26,25,126
2024-03-01 10:10:00,2,19,10,13,36,37,24,141
2024-03-01 10:20:00,3,8,18,14,29,31,33,136
2024-03-01 10:30:00,2,6,13,12,47,25,30,135
2024-03-01 10:40:00,8,13,19,18,46,31,25,160
2024-03-01 10:50:00,1,1,17,10,41,22,25,117
2024-03-01 11:00:00,1,6,21,18,44,31,31,152
2024-03-01 11:10:00,2,7,15,15,52,25,22,138
2024-03-01 11:20:00,0,15,12,16,51,30,39,163
2024-03-01 11:30:00,1,7,19,11,54,29,26,147
2024-03-01 11:40:00,1,10,26,16,41,34,37,165
2024-03-01 11:50:00,3,10,13,18,45,31,25,145
2024-03-01 12:00:00,7,4,19,12,44,46,31,163
2024-03-01 12:10:00,7,8,25,19,54,57,39,209
2024-03-01 12:20:00,4,5,29,18,50,38,41,185
2024-03-01 12:30:00,61,9,30,18,50,45,33,246
2024-03-01 12:40:00,7,7,36,21,53,49,36,209
2024-03-01 12:50:00,3,6,24,12,53,31,31,160
2024-03-01 13:00:00,8,8,26,18,58,33,29,180
2024-03-01 13:10:00,3,12,15,11,31,16,18,106
2024-03-01 13:20:00,4,4,25,14,53,36,40,176
2024-03-01 13:30:00,5,4,38,24,60,55,34,220
2024-03-01 13:40:00,29,2,16,7,49,30,41,174
2024-03-01 13:50:00,5,7,19,18,50,36,30,165
2024-03-01 14:00:00,7,4,32,13,62,42,31,191
2024-03-01 14:10:00,4,5,26,9,64,29,30,167
2024-03-01 14:20:00,12,5,27,5,46,44,62,201
2024-03-01 14:30:00,10,9,27,13,55,52,31,197
2024-03-01 14:40:00,18,5,30,12,40,52,25,182
2024-03-01 14:50:00,13,8,28,15,44,40,35,183
2024-03-01 15:00:00,6,8,26,11,31,29,25,136
2024-03-01 15:10:00,10,9,40,13,49,46,28,195
2024-03-01 15:20:00,13,4,27,12,33,38,27,154
2024-03-01 15:30:00,7,7,31,13,61,44,40,203
2024-03-01 15:40:00,7,9,31,16,47,45,26,181
2024-03-01 15:50:00,2,6,25,11,34,25,23,126
2024-03-01 16:00:00,5,2,21,8,42,33,16,127
2024-03-01 16:10:00,12,7,22,9,38,33,25,146
2024-03-01 16:20:00,7,4,22,13,61,38,35,180
2024-03-01 16:30:00,4,11,26,14,36,38,30,159
2024-03-01 16:40:00,5,3,32,16,41,49,31,177
2024-03-01 16:50:00,4,8,24,10,37,49,35,167
2024-03-01 17:00:00,8,4,29,12,47,44,26,170
2024-03-01 17:10:00,5,15,26,16,55,41,41,199
2024-03-01 17:20:00,6,4,9,9,24,36,19,107
2024-03-01 17:30:00,5,4,22,7,44,47,33,162
2024-03-01 17:40:00,3,2,13,9,30,44,31,132
2024-03-01 17:50:00,2,7,16,20,37,125,29,236
2024-03-01 18:00:00,9,4,23,27,46,53,27,189
2024-03-01 18:10:00,4,2,16,7,46,36,28,139
2024-03-01 18:20:00,0,6,17,5,50,23,24,125
2024-03-01 18:30:00,2,2,17,14,49,45,23,152
2024-03-01 18:40:00,0,4,13,11,46,29,18,121
2024-03-01 18:50:00,0,3,17,10,35,33,23,121
2024-03-01 19:00:00,2,2,17,12,35,36,24,128
2024-03-01 19:10:00,2,2,15,12,37,33,34,135
2024-03-01 19:20:00,4,7,12,10,32,35,23,123
2024-03-01 19:30:00,0,2,11,12,22,36,23,106
2024-03-01 19:40:00,1,3,9,9,20,31,20,93
2024-03-01 19:50:00,1,2,15,13,20,29,9,89
2024-03-01 20:00:00,3,1,3,6,26,22,13,74
2024-03-01 20:10:00,0,1,5,6,21,17,16,66
2024-03-01 20:20:00,0,5,11,10,17,22,19,84
2024-03-01 20:30:00,2,7,11,9,20,24,20,93
2024-03-01 20:40:00,1,2,9,9,30,22,21,94
2024-03-01 20:50:00,0,2,3,5,17,27,14,68
2024-03-01 21:00:00,1,0,5,6,27,64,17,120
2024-03-01 21:10:00,0,1,3,3,23,58,10,98
2024-03-01 21:20:00,3,1,6,5,16,19,11,61
2024-03-01 21:30:00,0,0,4,5,15,11,6,41
2024-03-01 21:40:00,0,5,4,7,15,14,18,63
2024-03-01 21:50:00,1,2,4,9,15,16,14,61
2024-03-01 22:00:00,4,8,2,2,8,18,19,61
2024-03-01 22:10:00,2,1,7,4,15,9,11,49
2024-03-01 22:20:00,1,2,5,7,17,19,16,67
2024-03-01 22:30:00,0,3,4,2,13,15,19,56
2024-03-01 22:40:00,1,2,4,9,12,19,21,68
2024-03-01 22:50:00,0,0,3,5,15,9,14,46
2024-03-01 23:00:00,0,5,2,5,20,12,17,61
2024-03-01 23:10:00,0,1,1,3,12,6,9,32
2024-03-01 23:20:00,0,2,4,5,20,17,18,66
2024-03-01 23:30:00,0,2,3,4,6,8,12,35
2024-03-01 23:40:00,0,4,5,7,9,9,12,46
2024-03-01 23:50:00,1,3,4,6,10,10,13,47
2024-03-02 00:00:00,0,5,5,6,9,12,14,51
2024-03-02 00:10:00,0,4,0,1,13,8,8,34
2024-03-02 00:20:00,0,0,4,2,3,3,8,20
2024-03-02 00:30:00,0,4,1,4,10,6,6,31
2024-03-02 00:40:00,0,0,1,3,5,5,4,18
2024-03-02 00:50:00,0,0,1,1,2,4,6,14
2024-03-02 01:00:00,0,3,4,3,7,4,4,25
2024-03-02 01:10:00,0,0,2,1,5,6,5,19
2024-03-02 01:20:00,2,2,1,2,3,3,4,17
2024-03-02 01:30:00,0,0,0,1,3,2,4,10
2024-03-02 01:40:00,0,4,0,4,6,5,7,26
2024-03-02 01:50:00,0,0,2,2,5,3,4,16
2024-03-02 02:00:00,1,3,1,1,11,7,5,29
2024-03-02 02:10:00,0,0,1,1,3,6,2,13
2024-03-02 02:20:00,0,0,0,0,3,3,7,13
2024-03-02 02:30:00,0,1,0,1,3,3,3,11
2024-03-02 02:40:00,0,0,1,0,4,2,2,9
2024-03-02 02:50:00,1,0,0,3,2,7,3,16
2024-03-02 03:00:00,1,1,0,0,2,1,2,7
2024-03-02 03:10:00,0,1,1,1,3,7,5,18
2024-03-02 03:20:00,0,3,1,3,4,2,4,17
2024-03-02 03:30:00,0,0,2,2,4,2,2,12
2024-03-02 03:40:00,0,4,1,1,1,7,5,19
2024-03-02 03:50:00,0,0,0,3,4,7,4,18
2024-03-02 04:00:00,0,0,0,0,6,1,5,12
2024-03-02 04:10:00,0,2,3,2,2,5,2,16
2024-03-02 04:20:00,0,1,0,0,0,0,1,2
2024-03-02 04:30:00,0,1,0,0,0,5,6,12
2024-03-02 04:40:00,0,0,0,2,4,6,6,18
2024-03-02 04:50:00,0,3,0,0,1,8,8,20
2024-03-02 05:00:00,0,0,1,3,0,4,2,10
2024-03-02 05:10:00,0,0,1,2,4,1,2,10
2024-03-02 05:20:00,0,1,1,2,2,5,3,14
2024-03-02 05:30:00,0,0,1,2,4,3,3,13
2024-03-02 05:40:00,0,3,1,1,9,4,11,29
2024-03-02 05:50:00,1,1,0,2,13,6,2,25
2024-03-02 06:00:00,1,1,1,2,4,4,6,19
2024-03-02 06:10:00,0,1,0,1,5,3,8,18
2024-03-02 06:20:00,0,2,0,0,6,2,7,17
2024-03-02 06:30:00,0,3,0,4,7,5,12,31
2024-03-02 06:40:00,1,1,2,2,11,4,4,25
2024-03-02 06:50:00,1,3,1,2,8,9,7,31
2024-03-02 07:00:00,2,4,3,1,8,9,7,34
2024-03-02 07:10:00,0,0,3,4,12,3,7,29
2024-03-02 07:20:00,2,5,0,1,5,17,7,37
2024-03-02 07:30:00,0,2,2,3,5,13,10,35
2024-03-02 07:40:00,1,2,4,4,16,8,6,41
2024-03-02 07:50:00,0,2,3,4,10,14,11,44
2024-03-02 08:00:00,0,3,5,3,11,4,6,32
2024-03-02 08:10:00,0,2,1,1,7,5,10,26
2024-03-02 08:20:00,0,3,2,2,20,13,10,50
2024-03-02 08:30:00,0,4,8,4,16,6,9,47
2024-03-02 08:40:00,0,0,2,3,23,13,15,56
2024-03-02 08:50:00,1,3,10,6,32,7,19,78
2024-03-02 09:00:00,0,2,11,4,20,10,17,64
2024-03-02 09:10:00,0,6,9,6,34,7,22,84
2024-03-02 09:20:00,1,3,7,4,33,20,18,86
2024-03-02 09:30:00,0,5,2,2,43,11,32,95
2024-03-02 09:40:00,0,5,6,5,29,19,23,87
2024-03-02 09:50:00,1,6,15,11,35,21,32,121
2024-03-02 10:00:00,2,2,13,5,57,20,22,121
2024-03-02 10:10:00,2,7,9,0,46,24,27,115
2024-03-02 10:20:00,0,1,9,6,51,24,35,126
2024-03-02 10:30:00,1,4,12,6,42,23,29,117
2024-03-02 10:40:00,0,3,12,8,46,20,20,109
2024-03-02 10:50:00,1,5,16,6,35,24,23,110
2024-03-02 11:00:00,1,2,10,9,44,31,31,128
2024-03-02 11:10:00,1,4,13,11,50,30,33,142
2024-03-02 11:20:00,0,6,20,8,60,33,25,152
2024-03-02 11:30:00,1,7,19,5,44,25,31,132
2024-03-02 11:40:00,2,7,10,2,52,26,25,124
2024-03-02 11:50:00,2,8,11,10,49,39,29,148
2024-03-02 12:00:00,0,2,16,14,64,27,24,147
2024-03-02 12:10:00,2,4,15,9,57,97,20,204
2024-03-02 12:20:00,0,5,14,9,44,28,32,132
2024-03-02 12:30:00,3,7,17,7,47,29,26,136
2024-03-02 12:40:00,5,4,17,4,29,36,28,123
2024-03-02 12:50:00,2,6,12,10,33,34,26,123
2024-03-02 13:00:00,0,2,16,10,48,39,33,148
2024-03-02 13:10:00,3,12,17,11,35,30,30,138
2024-03-02 13:20:00,0,2,23,16,50,42,26,159
2024-03-02 13:30:00,4,6,15,8,35,34,21,123
2024-03-02 13:40:00,2,10,17,10,27,47,35,148
2024-03-02 13:50:00,1,4,13,9,42,39,27,135
2024-03-02 14:00:00,0,5,16,8,39,32,27,127
2024-03-02 14:10:00,0,3,10,7,42,42,24,128
2024-03-02 14:20:00,3,2,14,2,43,35,26,125
2024-03-02 14:30:00,2,6,8,8,51,37,27,139
2024-03-02 14:40:00,1,10,5,5,37,34,21,113
2024-03-02 14:50:00,1,6,19,13,46,39,33,157
2024-03-02 15:00:00,3,3,7,5,43,28,23,112
2024-03-02 15:10:00,0,2,13,8,40,26,22,111
2024-03-02 15:20:00,4,7,15,12,41,33,25,137
2024-03-02 15:30:00,3,3,14,10,36,24,18,108
2024-03-02 15:40:00,0,2,9,6,36,32,23,108
2024-03-02 15:50:00,0,5,15,7,38,35,22,122
2024-03-02 16:00:00,2,1,11,5,31,29,23,102
2024-03-02 16:10:00,0,5,6,6,40,29,28,114
2024-03-02 16:20:00,1,1,13,8,32,27,22,104
2024-03-02 16:30:00,0,4,9,4,40,37,30,124
2024-03-02 16:40:00,2,5,9,2,34,24,15,91
2024-03-02 16:50:00,1,5,16,8,35,38,28,131
2024-03-02 17:00:00,1,7,7,10,42,29,32,128
2024-03-02 17:10:00,3,9,11,6,50,32,24,135
2024-03-02 17:20:00,1,4,11,5,43,30,20,114
2024-03-02 17:30:00,0,2,8,3,40,17,17,87
2024-03-02 17:40:00,1,5,9,4,34,30,22,105
2024-03-02 17:50:00,1,5,11,4,46,32,25,124
2024-03-02 18:00:00,0,5,14,9,39,18,21,106
2024-03-02 18:10:00,2,4,14,8,39,38,22,127
2024-03-02 18:20:00,0,6,14,9,58,29,31,147
2024-03-02 18:30:00,0,3,11,6,50,26,17,113
2024-03-02 18:40:00,2,5,8,6,34,28,20,103
2024-03-02 18:50:00,1,3,11,6,32,25,15,93
2024-03-02 19:00:00,1,3,10,8,36,34,18,110
2024-03-02 19:10:00,0,2,10,10,28,18,17,85
2024-03-02 19:20:00,0,1,10,6,30,31,17,95
2024-03-02 19:30:00,0,2,3,6,30,26,24,91
2024-03-02 19:40:00,0,5,6,6,34,22,26,99
2024-03-02 19:50:00,0,2,7,5,28,18,16,76
2024-03-02 20:00:00,0,6,5,6,28,36,17,98
2024-03-02 20:10:00,0,2,2,7,14,16,21,62
2024-03-02 20:20:00,0,0,6,5,24,16,10,61
2024-03-02 20:30:00,2,4,7,7,24,29,22,95
2024-03-02 20:40:00,0,6,4,5,18,15,20,68
2024-03-02 20:50:00,0,5,5,4,24,17,16,71
2024-03-02 21:00:00,1,4,1,1,19,14,16,56
2024-03-02 21:10:00,0,3,4,6,15,17,19,64
2024-03-02 21:20:00,0,2,3,2,11,13,14,45
2024-03-02 21:30:00,1,4,4,4,11,14,15,53
2024-03-02 21:40:00,0,1,7,7,21,19,18,73
2024-03-02 21:50:00,0,1,6,5,17,15,14,58
2024-03-02 22:00:00,0,3,3,5,18,9,12,50
2024-03-02 22:10:00,2,1,4,4,11,13,16,51
2024-03-02 22:20:00,0,0,1,2,16,14,5,38
2024-03-02 22:30:00,0,1,3,2,14,16,9,45
2024-03-02 22:40:00,1,0,7,4,11,8,11,42
2024-03-02 22:50:00,0,3,3,3,10,11,12,42
2024-03-02 23:00:00,2,4,4,7,13,64,12,106
2024-03-02 23:10:00,1,2,2,2,15,13,14,49
2024-03-02 23:20:00,0,1,1,1,14,10,10,37
2024-03-02 23:30:00,0,3,4,3,12,5,9,36
2024-03-02 23:40:00,0,1,6,4,9,14,12,46
2024-03-02 23:50:00,0,4,0,2,10,12,16,44
2024-03-03 00:00:00,0,1,3,2,12,3,4,25
2024-03-03 00:10:00,0,1,1,3,6,8,10,29
2024-03-03 00:20:00,0,3,3,3,10,11,10,40
2024-03-03 00:30:00,1,2,3,3,9,1,4,23
2024-03-03 00:40:00,0,2,0,1,5,10,5,23
2024-03-03 00:50:00,0,4,1,3,5,11,12,36
2024-03-03 01:00:00,0,4,2,3,6,12,6,33
2024-03-03 01:10:00,0,4,1,2,5,5,9,26
2024-03-03 01:20:00,0,0,0,2,6,7,5,20
2024-03-03 01:30:00,0,3,6,5,7,2,4,27
2024-03-03 01:40:00,0,3,1,1,2,5,4,16
2024-03-03 01:50:00,0,4,3,6,2,11,8,34
2024-03-03 02:00:00,0,4,2,4,3,12,10,35
2024-03-03 02:10:00,0,0,0,0,4,4,4,12
2024-03-03 02:20:00,0,1,1,4,0,9,8,23
2024-03-03 02:30:00,0,2,0,0,5,5,6,18
2024-03-03 02:40:00,0,1,1,1,1,2,7,13
2024-03-03 02:50:00,0,1,0,0,1,1,1,4
2024-03-03 03:00:00,1,0,0,1,1,2,1,6
2024-03-03 03:10:00,0,0,0,0,0,2,2,4
2024-03-03 03:20:00,0,1,0,2,6,6,4,19
2024-03-03 03:30:00,0,1,2,1,3,0,3,10
2024-03-03 03:40:00,0,1,1,1,3,2,1,9
2024-03-03 03:50:00,0,2,1,1,2,2,2,10
2024-03-03 04:00:00,0,2,1,2,1,4,6,16
2024-03-03 04:10:00,1,4,1,1,1,11,8,27
2024-03-03 04:20:00,0,2,1,2,1,4,4,14
2024-03-03 04:30:00,0,0,1,2,1,5,9,18
2024-03-03 04:40:00,0,3,4,5,2,2,1,17
2024-03-03 04:50:00,1,6,0,0,1,11,7,26
2024-03-03 05:00:00,0,1,0,2,1,3,4,11
2024-03-03 05:10:00,0,1,0,0,2,4,4,11
2024-03-03 05:20:00,0,2,0,0,1,6,3,12
2024-03-03 05:30:00,0,1,1,1,1,2,5,11
2024-03-03 05:40:00,0,0,0,0,2,2,2,6
2024-03-03 05:50:00,0,0,0,1,5,13,6,25
2024-03-03 06:00:00,1,0,0,0,4,1,4,10
2024-03-03 06:10:00,0,2,0,2,3,4,5,16
2024-03-03 06:20:00,0,3,0,1,3,1,3,11
2024-03-03 06:30:00,0,2,0,0,1,1,3,7
2024-03-03 06:40:00,0,1,1,3,2,4,6,17
2024-03-03 06:50:00,1,0,1,1,5,9,4,21
2024-03-03 07:00:00,0,0,3,3,4,1,2,13
2024-03-03 07:10:00,2,0,1,1,3,3,3,13
2024-03-03 07:20:00,0,0,0,0,0,0,2,2
2024-03-03 07:30:00,0,1,1,0,2,0,1,5
2024-03-03 07:40:00,0,1,1,1,1,2,2,8
2024-03-03 07:50:00,0,0,0,0,5,4,3,12
2024-03-03 08:00:00,1,3,2,3,10,6,7,32
2024-03-03 08:10:00,0,3,0,0,4,2,4,13
2024-03-03 08:20:00,0,2,0,1,3,2,5,13
2024-03-03 08:30:00,0,1,1,1,6,4,4,17
2024-03-03 08:40:00,0,2,0,0,7,3,5,17
2024-03-03 08:50:00,1,5,4,1,9,16,6,42
2024-03-03 09:00:00,0,2,1,2,6,5,5,21
2024-03-03 09:10:00,2,1,4,4,16,7,5,39
2024-03-03 09:20:00,1,4,11,7,19,10,13,65
2024-03-03 09:30:00,0,3,5,2,20,6,11,47
2024-03-03 09:40:00,1,3,7,4,26,37,7,85
2024-03-03 09:50:00,0,2,3,2,12,21,13,53
2024-03-03 10:00:00,0,5,3,1,12,9,7,37
2024-03-03 10:10:00,1,1,5,4,22,11,11,55
2024-03-03 10:20:00,1,4,4,5,21,9,17,61
2024-03-03 10:30:00,0,2,3,5,17,17,14,58
2024-03-03 10:40:00,0,5,5,3,17,10,10,50
2024-03-03 10:50:00,0,1,6,2,17,12,9,47
2024-03-03 11:00:00,0,1,9,6,15,11,12,54
2024-03-03 11:10:00,3,2,6,0,15,13,14,53
2024-03-03 11:20:00,0,2,4,2,10,12,11,41
2024-03-03 11:30:00,1,1,3,3,20,12,11,51
2024-03-03 11:40:00,0,3,12,2,18,12,16,63
2024-03-03 11:50:00,1,1,9,7,22,33,16,89
2024-03-03 12:00:00,1,4,10,5,14,27,23,84
2024-03-03 12:10:00,0,1,8,7,19,22,13,70
2024-03-03 12:20:00,0,1,2,4,23,24,21,75
2024-03-03 12:30:00,0,2,10,7,16,19,19,73
2024-03-03 12:40:00,0,4,8,8,18,26,18,82
2024-03-03 12:50:00,1,7,9,5,20,27,18,87
2024-03-03 13:00:00,1,2,7,5,22,28,15,80
2024-03-03 13:10:00,1,6,10,6,26,26,24,99
2024-03-03 13:20:00,2,2,11,4,21,20,13,73
2024-03-03 13:30:00,0,5,1,2,22,18,21,69
2024-03-03 13:40:00,0,3,9,2,17,17,15,63
2024-03-03 13:50:00,0,4,9,7,22,13,14,69
2024-03-03 14:00:00,0,5,5,6,23,25,15,79
2024-03-03 14:10:00,0,2,7,9,26,27,12,83
2024-03-03 14:20:00,1,4,10,6,19,67,17,124
2024-03-03 14:30:00,0,1,8,6,26,20,14,75
2024-03-03 14:40:00,0,0,19,8,25,17,11,80
2024-03-03 14:50:00,3,3,6,2,17,24,17,72
2024-03-03 15:00:00,1,1,6,2,16,17,9,52
2024-03-03 15:10:00,1,0,3,1,19,22,15,61
2024-03-03 15:20:00,0,8,5,3,18,27,23,84
2024-03-03 15:30:00,0,3,7,4,22,25,22,83
2024-03-03 15:40:00,0,1,5,2,22,17,15,62
2024-03-03 15:50:00,0,2,11,6,17,25,23,84
2024-03-03 16:00:00,1,1,5,6,22,15,12,62
2024-03-03 16:10:00,0,3,9,4,29,18,22,85
2024-03-03 16:20:00,0,3,9,10,25,25,27,99
2024-03-03 16:30:00,0,3,7,4,26,26,22,88
2024-03-03 16:40:00,0,2,7,3,19,12,14,57
2024-03-03 16:50:00,0,5,7,4,30,24,13,83
2024-03-03 17:00:00,1,4,6,1,27,18,17,74
2024-03-03 17:10:00,0,1,14,8,17,33,16,89
2024-03-03 17:20:00,1,1,9,6,22,19,9,67
2024-03-03 17:30:00,0,5,10,7,24,22,22,90
2024-03-03 17:40:00,0,2,8,5,19,26,14,74
2024-03-03 17:50:00,0,5,6,5,31,31,23,101
2024-03-03 18:00:00,3,2,6,3,39,17,19,89
2024-03-03 18:10:00,1,5,14,8,19,19,17,83
2024-03-03 18:20:00,0,3,6,3,22,18,15,67
2024-03-03 18:30:00,0,1,7,6,21,15,15,65
2024-03-03 18:40:00,0,1,10,10,12,30,20,83
2024-03-03 18:50:00,0,1,6,8,9,24,14,62
2024-03-03 19:00:00,1,1,5,9,20,20,14,70
2024-03-03 19:10:00,1,4,7,7,17,48,15,99
2024-03-03 19:20:00,0,1,10,9,26,9,10,65
2024-03-03 19:30:00,0,2,4,4,15,16,15,56
2024-03-03 19:40:00,0,6,7,5,20,18,18,74
2024-03-03 19:50:00,0,3,4,4,16,26,17,70
2024-03-03 20:00:00,0,1,8,8,18,17,14,66
2024-03-03 20:10:00,1,3,6,10,15,24,12,71
2024-03-03 20:20:00,1,2,5,4,20,18,11,61
2024-03-03 20:30:00,1,3,5,5,19,10,14,57
2024-03-03 20:40:00,1,3,6,9,13,15,19,66
2024-03-03 20:50:00,0,1,3,10,15,22,17,68
2024-03-03 21:00:00,1,2,3,2,21,14,13,56
2024-03-03 21:10:00,0,3,0,3,16,14,14,50
2024-03-03 21:20:00,0,3,3,2,18,20,9,55
2024-03-03 21:30:00,0,6,5,4,6,11,9,41
2024-03-03 21:40:00,0,0,3,5,12,15,5,40
2024-03-03 21:50:00,0,2,8,6,12,12,4,44
2024-03-03 22:00:00,3,3,3,4,8,13,8,42
2024-03-03 22:10:00,0,1,5,4,8,9,13,40
2024-03-03 22:20:00,1,3,3,4,12,10,17,50
2024-03-03 22:30:00,0,2,2,4,11,7,8,34
2024-03-03 22:40:00,0,0,0,1,10,6,7,24
2024-03-03 22:50:00,0,3,1,3,5,9,8,29
2024-03-03 23:00:00,0,1,0,0,3,2,6,12
2024-03-03 23:10:00,0,2,1,1,7,7,7,25
2024-03-03 23:20:00,0,2,4,5,6,3,6,26
2024-03-03 23:30:00,0,0,1,1,2,7,6,17
2024-03-03 23:40:00,0,2,1,1,7,3,5,19
2024-03-03 23:50:00,0,2,0,0,1,3,7,13
2024-03-04 00:00:00,0,2,1,4,2,4,7,20
2024-03-04 00:10:00,0,0,0,0,2,2,2,6
2024-03-04 00:20:00,2,3,0,0,0,2,4,11
2024-03-04 00:30:00,0,1,0,1,3,2,3,10
2024-03-04 00:40:00,0,1,1,0,4,8,5,19
2024-03-04 00:50:00,0,1,1,1,0,4,4,11
2024-03-04 01:00:00,0,1,0,0,3,1,1,6
2024-03-04 01:10:00,0,0,0,1,3,1,1,6
2024-03-04 01:20:00,0,1,0,1,2,1,2,7
2024-03-04 01:30:00,0,1,0,1,1,2,3,8
2024-03-04 01:40:00,1,1,1,3,1,2,5,14
2024-03-04 01:50:00,0,0,0,1,1,1,4,7
2024-03-04 02:00:00,0,0,0,0,3,3,1,7
2024-03-04 02:10:00,0,0,1,1,0,2,0,4
2024-03-04 02:20:00,0,1,2,2,0,3,1,9
2024-03-04 02:30:00,0,0,0,0,0,1,1,2
2024-03-04 02:40:00,0,0,1,1,1,0,0,3
2024-03-04 02:50:00,0,0,0,0,2,0,0,2
2024-03-04 03:00:00,0,0,0,0,1,0,0,1
2024-03-04 03:10:00,0,0,2,2,1,2,3,10
2024-03-04 03:20:00,0,1,0,0,1,1,1,4
2024-03-04 03:30:00,0,4,0,0,1,2,1,8
2024-03-04 03:40:00,0,0,0,3,2,2,2,9
2024-03-04 03:50:00,0,0,0,2,2,1,3,8
2024-03-04 04:00:00,0,1,0,1,2,4,2,10
2024-03-04 04:10:00,0,0,1,0,1,1,0,3
2024-03-04 04:20:00,0,0,1,1,1,4,2,9
2024-03-04 04:30:00,0,1,0,1,2,2,4,10
2024-03-04 04:40:00,0,1,0,0,3,2,1,7
2024-03-04 04:50:00,0,0,1,3,3,1,4,12
2024-03-04 05:00:00,0,1,3,2,6,7,5,24
2024-03-04 05:10:00,0,2,4,5,8,2,7,28
2024-03-04 05:20:00,0,2,2,4,10,8,11,37
2024-03-04 05:30:00,0,2,3,4,21,8,14,52
2024-03-04 05:40:00,0,4,11,11,33,13,21,93
2024-03-04 05:50:00,2,5,11,3,25,16,25,87
2024-03-04 06:00:00,1,0,14,13,27,19,26,100
2024-03-04 06:10:00,2,2,7,10,27,15,32,95
2024-03-04 06:20:00,1,7,10,12,29,30,24,113
2024-03-04 06:30:00,0,3,9,11,49,20,14,106
2024-03-04 06:40:00,0,3,20,16,41,31,27,138
2024-03-04 06:50:00,0,6,15,12,50,29,23,135
2024-03-04 07:00:00,1,2,13,15,32,33,37,133
2024-03-04 07:10:00,1,2,23,18,40,47,21,152
2024-03-04 07:20:00,1,6,19,23,45,58,32,184
2024-03-04 07:30:00,1,4,19,25,48,53,30,180
2024-03-04 07:40:00,2,6,23,33,36,70,26,196
2024-03-04 07:50:00,2,3,24,17,55,51,35,187
2024-03-04 08:00:00,2,10,13,12,61,41,34,173
2024-03-04 08:10:00,2,1,18,19,57,113,33,243
2024-03-04 08:20:00,2,4,15,16,52,44,30,163
2024-03-04 08:30:00,0,2,21,15,52,45,33,168
2024-03-04 08:40:00,0,5,22,11,35,37,30,140
2024-03-04 08:50:00,1,3,17,18,48,39,26,152
2024-03-04 09:00:00,1,6,13,14,39,60,33,166
2024-03-04 09:10:00,3,5,14,16,41,37,25,141
2024-03-04 09:20:00,1,5,21,24,27,43,35,156
2024-03-04 09:30:00,0,7,23,14,45,25,27,141
2024-03-04 09:40:00,1,7,20,10,52,30,29,149
2024-03-04 09:50:00,1,4,17,17,54,108,25,226
2024-03-04 10:00:00,1,3,20,17,43,39,26,149
2024-03-04 10:10:00,1,5,7,10,30,28,21,102
2024-03-04 10:20:00,0,4,22,12,35,35,29,137
2024-03-04 10:30:00,1,1,12,21,37,36,22,130
2024-03-04 10:40:00,1,0,24,18,38,39,23,143
2024-03-04 10:50:00,5,6,17,17,48,38,26,157
2024-03-04 11:00:00,3,7,26,16,45,29,32,158
2024-03-04 11:10:00,3,6,12,22,37,24,36,140
2024-03-04 11:20:00,2,6,25,15,44,23,29,144
2024-03-04 11:30:00,5,10,16,11,37,28,18,125
2024-03-04 11:40:00,3,6,18,18,44,32,25,146
2024-03-04 11:50:00,2,9,19,19,53,37,27,166
2024-03-04 12:00:00,2,6,21,14,58,30,28,159
2024-03-04 12:10:00,5,12,16,10,60,34,38,175
2024-03-04 12:20:00,2,6,18,17,46,37,31,157
2024-03-04 12:30:00,5,5,21,13,41,30,32,147
2024-03-04 12:40:00,2,7,20,19,41,33,33,155
2024-03-04 12:50:00,3,8,30,16,48,160,32,297
2024-03-04 13:00:00,2,3,16,17,57,29,33,157
2024-03-04 13:10:00,2,6,22,17,44,31,27,149
2024-03-04 13:20:00,4,5,27,24,57,32,27,176
2024-03-04 13:30:00,4,3,15,12,42,43,31,150
2024-03-04 13:40:00,18,3,10,12,31,32,24,130
2024-03-04 13:50:00,4,11,13,23,36,52,32,171
2024-03-04 14:00:00,8,6,16,12,57,28,24,151
2024-03-04 14:10:00,9,8,22,3,27,26,33,128
2024-03-04 14:20:00,5,2,15,6,45,36,28,137
2024-03-04 14:30:00,11,9,12,14,47,32,25,150
2024-03-04 14:40:00,8,7,20,13,42,48,38,176
2024-03-04 14:50:00,11,4,21,16,49,34,31,166
2024-03-04 15:00:00,7,7,28,14,48,51,31,186
2024-03-04 15:10:00,13,10,32,16,42,38,35,186
2024-03-04 15:20:00,11,5,25,9,47,47,27,171
2024-03-04 15:30:00,16,12,29,12,45,31,23,168
2024-03-04 15:40:00,17,10,30,16,43,37,23,176
2024-03-04 15:50:00,7,10,23,11,48,59,29,187
2024-03-04 16:00:00,9,6,32,13,57,43,29,189
2024-03-04 16:10:00,6,4,29,14,66,42,24,185
2024-03-04 16:20:00,16,8,46,18,45,52,30,215
2024-03-04 16:30:00,8,9,34,25,52,43,33,204
2024-03-04 16:40:00,13,5,28,13,33,41,21,154
2024-03-04 16:50:00,13,7,30,14,52,54,29,199
2024-03-04 17:00:00,11,10,32,15,50,45,39,202
2024-03-04 17:10:00,11,6,25,15,54,42,34,187
2024-03-04 17:20:00,5,15,17,14,42,42,30,165
2024-03-04 17:30:00,15,9,31,13,54,50,26,198
2024-03-04 17:40:00,8,4,23,16,48,32,29,160
2024-03-04 17:50:00,3,3,24,11,33,42,38,154
2024-03-04 18:00:00,6,11,18,10,38,42,24,149
2024-03-04 18:10:00,4,9,19,15,46,50,25,168
2024-03-04 18:20:00,7,8,20,3,34,34,27,133
2024-03-04 18:30:00,2,3,11,10,43,50,21,140
2024-03-04 18:40:00,2,2,27,8,43,36,24,142
2024-03-04 18:50:00,3,6,11,8,42,35,27,132
2024-03-04 19:00:00,2,4,13,8,31,34,18,110
2024-03-04 19:10:00,4,3,7,4,28,25,22,93
2024-03-04 19:20:00,3,9,12,8,27,31,21,111
2024-03-04 19:30:00,1,8,11,11,16,18,19,84
2024-03-04 19:40:00,2,0,4,2,31,27,16,82
2024-03-04 19:50:00,4,3,7,6,25,22,11,78
2024-03-04 20:00:00,1,2,6,4,17,13,12,55
2024-03-04 20:10:00,1,4,11,9,26,20,13,84
2024-03-04 20:20:00,1,4,5,4,15,22,15,66
2024-03-04 20:30:00,1,3,7,9,13,20,16,69
2024-03-04 20:40:00,0,3,4,4,14,13,8,46
2024-03-04 20:50:00,2,5,5,6,13,19,23,73
2024-03-04 21:00:00,0,4,5,4,17,12,11,53
2024-03-04 21:10:00,2,4,2,2,15,17,16,58
2024-03-04 21:20:00,1,4,1,1,15,16,14,52
2024-03-04 21:30:00,0,5,0,4,20,18,16,63
2024-03-04 21:40:00,0,1,5,2,18,13,8,47
2024-03-04 21:50:00,0,3,5,7,15,17,12,59
2024-03-04 22:00:00,3,3,3,8,7,12,10,46
2024-03-04 22:10:00,1,2,1,5,10,16,15,50
2024-03-04 22:20:00,2,2,1,2,11,17,15,50
2024-03-04 22:30:00,0,2,2,4,6,10,4,28
2024-03-04 22:40:00,0,4,2,3,8,13,12,42
2024-03-04 22:50:00,0,3,3,5,3,13,11,38
2024-03-04 23:00:00,0,0,3,3,4,11,9,30
2024-03-04 23:10:00,0,1,0,1,6,8,5,21
2024-03-04 23:20:00,1,1,3,2,3,3,10,23
2024-03-04 23:30:00,0,0,4,3,5,4,7,23
2024-03-04 23:40:00,0,2,3,3,2,3,3,16
2024-03-04 23:50:00,0,0,0,0,6,4,2,12
2024-03-05 00:00:00,0,0,1,1,3,6,4,15
2024-03-05 00:10:00,0,1,2,3,3,4,8,21
2024-03-05 00:20:00,0,0,2,1,3,2,2,10
2024-03-05 00:30:00,0,0,0,0,4,1,2,7
2024-03-05 00:40:00,0,0,0,0,2,2,2,6
2024-03-05 00:50:00,0,3,2,2,6,2,5,20
2024-03-05 01:00:00,0,1,0,0,3,5,2,11
2024-03-05 01:10:00,0,0,1,1,2,0,1,5
2024-03-05 01:20:00,0,0,0,0,1,1,2,4
2024-03-05 01:30:00,0,4,1,1,0,3,7,16
2024-03-05 01:40:00,0,0,0,0,0,0,1,1
2024-03-05 01:50:00,0,0,0,0,2,0,1,3
2024-03-05 02:00:00,0,0,0,1,1,3,4,9
2024-03-05 02:10:00,0,2,0,0,2,3,3,10
2024-03-05 02:20:00,0,1,1,1,1,1,2,7
2024-03-05 02:30:00,0,2,1,2,3,3,3,14
2024-03-05 02:40:00,1,0,2,2,0,1,0,6
2024-03-05 02:50:00,0,0,0,1,0,1,1,3
2024-03-05 03:00:00,0,0,0,0,0,1,1,2
2024-03-05 03:10:00,0,2,2,2,2,5,5,18
2024-03-05 03:20:00,0,0,0,1,2,4,3,10
2024-03-05 03:30:00,0,0,0,2,0,4,3,9
2024-03-05 03:40:00,0,0,0,0,0,1,1,2
2024-03-05 03:50:00,0,1,1,3,1,5,4,15
2024-03-05 04:00:00,0,0,0,3,0,3,3,9
2024-03-05 04:10:00,0,0,1,2,0,3,2,8
2024-03-05 04:20:00,0,1,2,0,0,3,1,7
2024-03-05 04:30:00,0,0,0,1,3,1,3,8
2024-03-05 04:40:00,0,1,1,3,3,3,4,15
2024-03-05 04:50:00,0,0,0,3,4,2,3,12
2024-03-05 05:00:00,0,0,3,3,4,4,3,17
2024-03-05 05:10:00,0,1,4,4,11,3,14,37
2024-03-05 05:20:00,0,1,5,2,10,4,10,32
2024-03-05 05:30:00,1,1,5,3,13,9,10,42
2024-03-05 05:40:00,0,1,12,12,28,12,18,83
2024-03-05 05:50:00,0,3,8,9,34,12,23,89
2024-03-05 06:00:00,6,7,12,9,26,20,17,97
2024-03-05 06:10:00,0,4,8,6,32,17,17,84
2024-03-05 06:20:00,0,3,8,10,34,25,22,102
2024-03-05 06:30:00,0,2,16,11,48,23,23,123
2024-03-05 06:40:00,0,4,16,22,42,43,27,154
2024-03-05 06:50:00,5,6,24,13,34,29,23,134
2024-03-05 07:00:00,1,1,11,16,47,37,34,147
2024-03-05 07:10:00,3,9,19,13,44,37,23,148
2024-03-05 07:20:00,1,12,21,19,47,59,25,184
2024-03-05 07:30:00,1,3,19,22,54,59,38,196
2024-03-05 07:40:00,3,7,28,26,33,70,33,200
2024-03-05 07:50:00,5,2,23,15,63,34,33,175
2024-03-05 08:00:00,0,6,21,26,50,57,35,195
2024-03-05 08:10:00,2,4,16,6,39,40,36,143
2024-03-05 08:20:00,0,7,17,12,43,37,28,144
2024-03-05 08:30:00,3,8,15,18,58,54,27,183
2024-03-05 08:40:00,2,8,25,20,47,51,38,191
2024-03-05 08:50:00,2,8,18,16,47,30,20,141
2024-03-05 09:00:00,0,1,19,17,46,41,31,155
2024-03-05 09:10:00,1,0,15,17,52,37,29,151
2024-03-05 09:20:00,1,1,19,14,37,32,25,129
2024-03-05 09:30:00,2,6,17,20,39,43,34,161
2024-03-05 09:40:00,1,4,13,16,37,31,28,130
2024-03-05 09:50:00,0,4,20,20,51,36,25,156
2024-03-05 10:00:00,2,4,19,17,40,33,34,149
2024-03-05 10:10:00,0,6,18,16,50,26,22,138
2024-03-05 10:20:00,3,3,17,19,44,38,27,151
2024-03-05 10:30:00,2,5,17,12,36,25,35,132
2024-03-05 10:40:00,0,9,19,12,48,35,40,163
2024-03-05 10:50:00,0,4,19,21,51,23,33,151
2024-03-05 11:00:00,1,6,9,7,53,27,30,133
2024-03-05 11:10:00,1,8,15,13,45,29,33,144
2024-03-05 11:20:00,3,4,24,17,33,32,22,135
2024-03-05 11:30:00,0,8,12,15,36,62,38,171
2024-03-05 11:40:00,2,4,16,22,45,40,28,157
2024-03-05 11:50:00,5,6,22,17,58,41,36,185
2024-03-05 12:00:00,6,8,18,13,45,28,26,144
2024-03-05 12:10:00,2,10,27,11,53,42,31,176
2024-03-05 12:20:00,4,8,19,14,42,47,27,161
2024-03-05 12:30:00,4,3,23,18,46,41,19,154
2024-03-05 12:40:00,5,11,28,22,40,141,29,276
2024-03-05 12:50:00,3,6,25,22,50,43,27,176
2024-03-05 13:00:00,7,11,19,19,43,38,29,166
2024-03-05 13:10:00,3,11,27,13,38,37,31,160
2024-03-05 13:20:00,2,11,24,20,57,40,39,193
2024-03-05 13:30:00,7,5,20,17,48,42,21,160
2024-03-05 13:40:00,3,5,19,22,32,36,25,142
2024-03-05 13:50:00,5,6,18,17,43,34,27,150
2024-03-05 14:00:00,6,6,21,13,45,24,44,159
2024-03-05 14:10:00,8,1,18,11,41,38,31,148
2024-03-05 14:20:00,10,4,15,7,40,40,17,133
2024-03-05 14:30:00,6,10,17,9,51,24,27,144
2024-03-05 14:40:00,6,9,25,17,40,41,28,166
2024-03-05 14:50:00,27,4,30,17,28,47,30,183
2024-03-05 15:00:00,9,2,16,7,40,42,18,134
2024-03-05 15:10:00,13,7,26,10,61,45,34,196
2024-03-05 15:20:00,19,9,29,14,61,46,30,208
2024-03-05 15:30:00,14,6,24,11,47,36,29,167
2024-03-05 15:40:00,11,5,36,15,43,40,29,179
2024-03-05 15:50:00,33,5,32,15,41,55,36,217
2024-03-05 16:00:00,7,12,59,17,50,35,36,216
2024-03-05 16:10:00,15,7,43,25,56,48,24,218
2024-03-05 16:20:00,8,4,32,18,57,48,30,197
2024-03-05 16:30:00,12,11,25,16,39,55,26,184
2024-03-05 16:40:00,11,16,34,15,41,58,29,204
2024-03-05 16:50:00,8,3,38,18,60,42,34,203
2024-03-05 17:00:00,7,4,37,16,45,42,23,174
2024-03-05 17:10:00,11,5,40,17,41,41,30,185
2024-03-05 17:20:00,9,12,27,13,40,49,28,178
2024-03-05 17:30:00,5,8,23,8,52,54,30,180
2024-03-05 17:40:00,5,3,25,13,49,49,26,170
2024-03-05 17:50:00,6,10,22,8,53,40,32,171
2024-03-05 18:00:00,10,7,33,16,44,48,31,189
2024-03-05 18:10:00,5,6,25,14,45,45,29,169
2024-03-05 18:20:00,3,3,22,10,45,36,31,150
2024-03-05 18:30:00,5,3,20,25,43,49,29,174
2024-03-05 18:40:00,3,1,18,21,37,38,33,151
2024-03-05 18:50:00,3,9,12,14,48,29,29,144
2024-03-05 19:00:00,4,7,14,18,25,34,24,126
2024-03-05 19:10:00,3,5,13,17,27,27,28,120
2024-03-05 19:20:00,3,5,10,18,31,36,34,137
2024-03-05 19:30:00,1,1,11,16,32,31,20,112
2024-03-05 19:40:00,2,1,14,6,29,21,18,91
2024-03-05 19:50:00,1,2,10,12,21,24,16,86
2024-03-05 20:00:00,0,4,7,6,38,24,23,102
2024-03-05 20:10:00,1,6,4,8,25,13,17,74
2024-03-05 20:20:00,1,5,8,10,24,20,18,86
2024-03-05 20:30:00,0,2,5,5,19,21,25,77
2024-03-05 20:40:00,1,1,6,10,17,20,11,66
2024-03-05 20:50:00,1,3,8,9,15,40,11,87
2024-03-05 21:00:00,0,3,4,5,12,14,22,60
2024-03-05 21:10:00,0,1,4,10,16,17,11,59
2024-03-05 21:20:00,0,3,3,8,11,18,12,55
2024-03-05 21:30:00,1,2,2,9,14,16,13,57
2024-03-05 21:40:00,1,1,3,7,13,19,12,56
2024-03-05 21:50:00,5,4,6,12,12,18,18,75
2024-03-05 22:00:00,1,4,5,7,14,17,15,63
2024-03-05 22:10:00,1,1,4,8,15,13,11,53
2024-03-05 22:20:00,1,6,3,6,12,8,19,55
2024-03-05 22:30:00,1,3,3,7,9,9,7,39
2024-03-05 22:40:00,0,2,1,6,12,16,18,55
2024-03-05 22:50:00,0,1,2,5,9,17,12,46
2024-03-05 23:00:00,0,1,2,5,5,6,9,28
2024-03-05 23:10:00,0,1,6,15,9,13,10,54
2024-03-05 23:20:00,0,2,2,4,4,6,12,30
2024-03-05 23:30:00,0,0,1,3,3,5,8,20
2024-03-05 23:40:00,0,0,2,6,5,4,4,21
2024-03-05 23:50:00,0,2,0,0,4,1,3,10
2024-03-06 00:00:00,0,1,1,2,2,3,6,15
2024-03-06 00:10:00,0,0,1,1,3,1,4,10
2024-03-06 00:20:00,0,0,1,1,3,0,2,7
2024-03-06 00:30:00,0,3,1,1,4,0,1,10
2024-03-06 00:40:00,0,2,0,2,1,5,7,17
2024-03-06 00:50:00,0,4,3,3,3,2,7,22
2024-03-06 01:00:00,0,1,0,1,5,3,3,13
2024-03-06 01:10:00,0,2,1,0,1,1,3,8
2024-03-06 01:20:00,0,0,1,1,2,2,2,8
2024-03-06 01:30:00,1,1,0,1,1,1,5,10
2024-03-06 01:40:00,0,0,0,1,2,2,3,8
2024-03-06 01:50:00,0,0,1,2,2,2,5,12
2024-03-06 02:00:00,0,0,0,1,1,1,1,4
2024-03-06 02:10:00,0,1,0,2,0,3,4,10
2024-03-06 02:20:00,0,0,1,1,2,0,0,4
2024-03-06 02:30:00,0,0,0,0,1,0,0,1
2024-03-06 02:40:00,0,0,0,2,0,2,2,6
2024-03-06 02:50:00,0,0,0,1,2,1,2,6
2024-03-06 03:00:00,0,0,0,0,0,0,0,0
2024-03-06 03:10:00,0,0,1,3,0,2,3,9
2024-03-06 03:20:00,0,0,0,0,1,3,3,7
2024-03-06 03:30:00,0,0,0,2,2,2,2,8
2024-03-06 03:40:00,0,1,0,1,2,3,5,12
2024-03-06 03:50:00,0,1,0,4,2,3,4,14
2024-03-06 04:00:00,0,1,0,1,1,3,3,9
2024-03-06 04:10:00,0,1,1,2,0,2,2,8
2024-03-06 04:20:00,1,0,1,0,1,0,0,3
2024-03-06 04:30:00,0,0,1,3,4,2,2,12
2024-03-06 04:40:00,0,1,1,2,2,3,4,13
2024-03-06 04:50:00,0,1,2,2,6,2,7,20
2024-03-06 05:00:00,0,1,3,5,4,3,6,22
2024-03-06 05:10:00,1,3,1,2,10,3,7,27
2024-03-06 05:20:00,0,3,1,5,12,7,12,40
2024-03-06 05:30:00,2,3,5,5,18,11,14,58
2024-03-06 05:40:00,0,0,6,10,28,12,12,68
2024-03-06 05:50:00,0,4,13,10,25,23,22,97
2024-03-06 06:00:00,3,4,7,13,21,20,21,89
2024-03-06 06:10:00,1,8,15,11,27,17,25,104
2024-03-06 06:20:00,0,6,9,12,42,23,22,114
2024-03-06 06:30:00,0,2,9,5,42,16,20,94
2024-03-06 06:40:00,0,4,19,23,36,29,22,133
2024-03-06 06:50:00,0,7,22,21,51,35,36,172
2024-03-06 07:00:00,4,7,22,18,46,27,28,152
2024-03-06 07:10:00,5,4,15,18,51,50,38,181
2024-03-06 07:20:00,1,5,17,19,51,60,21,174
2024-03-06 07:30:00,1,5,23,34,46,64,34,207
2024-03-06 07:40:00,3,8,24,37,48,76,39,235
2024-03-06 07:50:00,3,4,16,26,60,196,40,345
2024-03-06 08:00:00,2,4,13,23,47,54,29,172
2024-03-06 08:10:00,0,10,23,22,51,48,29,183
2024-03-06 08:20:00,2,4,22,23,54,42,23,170
2024-03-06 08:30:00,2,6,14,16,63,43,43,187
2024-03-06 08:40:00,34,4,22,29,33,46,30,198
2024-03-06 08:50:00,1,3,20,23,52,38,26,163
2024-03-06 09:00:00,1,4,13,16,35,39,23,131
2024-03-06 09:10:00,3,3,25,20,53,33,24,161
2024-03-06 09:20:00,0,3,21,17,32,29,19,121
2024-03-06 09:30:00,2,3,17,19,39,45,32,157
2024-03-06 09:40:00,1,4,25,24,34,44,23,155
2024-03-06 09:50:00,0,4,15,19,39,37,34,148
2024-03-06 10:00:00,0,6,17,24,45,29,22,143
2024-03-06 10:10:00,0,7,16,20,39,30,26,138
2024-03-06 10:20:00,5,11,11,19,37,31,36,150
2024-03-06 10:30:00,3,3,16,14,30,17,25,108
2024-03-06 10:40:00,2,4,14,11,45,22,21,119
2024-03-06 10:50:00,1,5,21,18,31,34,31,141
2024-03-06 11:00:00,3,6,21,20,44,29,32,155
2024-03-06 11:10:00,1,4,16,19,46,17,24,127
2024-03-06 11:20:00,1,5,14,29,46,34,22,151
2024-03-06 11:30:00,2,8,22,17,42,35,29,155
2024-03-06 11:40:00,3,2,31,31,38,40,30,175
2024-03-06 11:50:00,4,7,13,13,49,25,27,138
2024-03-06 12:00:00,6,11,26,25,44,39,34,185
2024-03-06 12:10:00,5,4,22,32,40,41,38,182
2024-03-06 12:20:00,4,7,19,17,45,36,30,158
2024-03-06 12:30:00,3,5,15,26,42,46,31,168
2024-03-06 12:40:00,2,9,22,20,53,36,33,175
2024-03-06 12:50:00,3,2,16,12,43,28,37,141
2024-03-06 13:00:00,7,7,28,23,46,23,38,172
2024-03-06 13:10:00,1,3,31,21,51,30,33,170
2024-03-06 13:20:00,8,10,16,16,46,28,24,148
2024-03-06 13:30:00,7,7,22,15,48,32,29,160
2024-03-06 13:40:00,5,4,20,15,58,35,29,166
2024-03-06 13:50:00,8,6,18,25,59,34,27,177
2024-03-06 14:00:00,6,9,25,21,38,29,27,155
2024-03-06 14:10:00,10,10,22,14,52,32,31,171
2024-03-06 14:20:00,5,4,21,20,44,37,31,162
2024-03-06 14:30:00,8,6,17,12,52,37,27,159
2024-03-06 14:40:00,5,10,31,25,59,51,28,209
2024-03-06 14:50:00,12,8,20,20,60,34,30,184
2024-03-06 15:00:00,7,10,28,19,39,42,31,176
2024-03-06 15:10:00,10,10,24,22,36,36,32,170
2024-03-06 15:20:00,16,7,29,21,37,44,27,181
2024-03-06 15:30:00,9,11,25,26,43,61,35,210
2024-03-06 15:40:00,19,10,42,32,58,36,30,227
2024-03-06 15:50:00,13,6,23,18,40,46,23,169
2024-03-06 16:00:00,15,7,30,29,48,141,27,297
2024-03-06 16:10:00,17,7,30,18,52,54,26,204
2024-03-06 16:20:00,7,8,33,25,52,47,29,201
2024-03-06 16:30:00,6,14,28,20,55,52,33,208
2024-03-06 16:40:00,15,5,35,24,54,52,32,217
2024-03-06 16:50:00,5,5,32,15,41,41,24,163
2024-03-06 17:00:00,12,8,25,20,43,56,32,196
2024-03-06 17:10:00,10,7,28,23,51,36,36,191
2024-03-06 17:20:00,9,10,28,19,32,42,26,166
2024-03-06 17:30:00,10,9,31,22,45,40,23,180
2024-03-06 17:40:00,11,10,29,24,36,41,32,183
2024-03-06 17:50:00,2,7,18,18,39,38,34,156
2024-03-06 18:00:00,2,8,18,22,42,41,27,160
2024-03-06 18:10:00,6,4,27,23,39,54,40,193
2024-03-06 18:20:00,5,9,21,17,38,34,20,144
2024-03-06 18:30:00,4,6,24,17,53,31,27,162
2024-03-06 18:40:00,4,5,12,11,40,30,25,127
2024-03-06 18:50:00,5,6,23,17,33,33,24,141
2024-03-06 19:00:00,0,4,16,12,26,20,19,97
2024-03-06 19:10:00,1,3,14,20,38,37,20,133
2024-03-06 19:20:00,0,2,20,15,30,30,26,123
2024-03-06 19:30:00,2,5,16,12,34,27,22,118
2024-03-06 19:40:00,2,4,10,12,25,26,18,97
2024-03-06 19:50:00,0,2,7,12,18,30,16,85
2024-03-06 20:00:00,0,7,4,9,19,30,27,96
2024-03-06 20:10:00,2,3,7,19,21,30,24,106
2024-03-06 20:20:00,2,3,3,14,23,21,20,86
2024-03-06 20:30:00,0,1,10,12,20,22,19,84
2024-03-06 20:40:00,0,3,7,7,14,19,20,70
2024-03-06 20:50:00,1,3,6,8,20,14,14,66
2024-03-06 21:00:00,1,4,6,8,20,20,17,76
2024-03-06 21:10:00,0,4,3,7,20,17,12,63
2024-03-06 21:20:00,1,3,4,8,18,18,13,65
2024-03-06 21:30:00,3,2,5,10,14,47,12,93
2024-03-06 21:40:00,0,0,1,6,12,16,9,44
2024-03-06 21:50:00,3,1,9,9,17,17,13,69
2024-03-06 22:00:00,5,3,5,9,14,13,18,67
2024-03-06 22:10:00,3,3,3,5,8,8,10,40
2024-03-06 22:20:00,0,2,6,9,8,11,15,51
2024-03-06 22:30:00,1,0,0,3,9,13,12,38
2024-03-06 22:40:00,0,2,3,6,6,14,12,43
2024-03-06 22:50:00,0,0,2,4,6,12,8,32
2024-03-06 23:00:00,0,2,2,8,8,11,7,38
2024-03-06 23:10:00,0,2,1,4,9,9,12,37
2024-03-06 23:20:00,1,0,2,4,2,9,7,25
2024-03-06 23:30:00,0,4,2,5,8,9,11,39
2024-03-06 23:40:00,0,0,0,2,7,4,8,21
2024-03-06 23:50:00,0,1,1,4,4,5,7,22
2024-03-07 00:00:00,0,4,3,6,5,6,8,32
2024-03-07 00:10:00,2,0,3,3,3,3,4,18
2024-03-07 00:20:00,0,0,1,1,4,1,2,9
2024-03-07 00:30:00,0,0,0,1,2,3,2,8
2024-03-07 00:40:00,0,0,0,0,2,4,5,11
2024-03-07 00:50:00,0,1,0,1,3,4,5,14
2024-03-07 01:00:00,0,2,4,4,4,2,7,23
2024-03-07 01:10:00,0,3,0,0,0,4,5,12
2024-03-07 01:20:00,0,1,0,1,1,2,3,8
2024-03-07 01:30:00,1,1,0,0,0,0,3,5
2024-03-07 01:40:00,0,2,1,1,2,2,2,10
2024-03-07 01:50:00,0,1,0,0,2,1,2,6
2024-03-07 02:00:00,0,1,0,0,1,1,1,4
2024-03-07 02:10:00,0,1,1,2,3,2,4,13
2024-03-07 02:20:00,0,1,0,0,2,0,2,5
2024-03-07 02:30:00,0,1,1,1,1,0,0,4
2024-03-07 02:40:00,0,0,0,0,1,2,2,5
2024-03-07 02:50:00,0,0,0,1,2,1,1,5
2024-03-07 03:00:00,0,1,0,2,0,2,3,8
2024-03-07 03:10:00,0,0,1,1,1,0,3,6
2024-03-07 03:20:00,0,0,0,0,2,2,2,6
2024-03-07 03:30:00,0,1,0,1,1,2,3,8
2024-03-07 03:40:00,0,1,0,1,0,1,3,6
2024-03-07 03:50:00,1,0,0,4,2,7,4,18
2024-03-07 04:00:00,0,0,0,2,2,3,3,10
2024-03-07 04:10:00,0,0,2,3,1,3,3,12
2024-03-07 04:20:00,0,1,2,3,0,3,2,11
2024-03-07 04:30:00,0,0,0,1,3,3,4,11
2024-03-07 04:40:00,0,2,1,2,2,1,3,11
2024-03-07 04:50:00,0,0,1,2,5,0,2,10
2024-03-07 05:00:00,0,2,3,4,4,3,9,25
2024-03-07 05:10:00,0,0,2,6,9,6,10,33
2024-03-07 05:20:00,0,2,1,2,12,5,11,33
2024-03-07 05:30:00,1,3,7,6,10,10,10,47
2024-03-07 05:40:00,0,1,6,8,26,11,18,70
2024-03-07 05:50:00,0,1,13,11,38,20,15,98
2024-03-07 06:00:00,5,4,8,10,24,18,22,91
2024-03-07 06:10:00,0,3,8,7,30,11,20,79
2024-03-07 06:20:00,0,4,13,19,37,22,24,119
2024-03-07 06:30:00,0,5,9,14,39,27,31,125
2024-03-07 06:40:00,2,2,23,25,38,28,20,138
2024-03-07 06:50:00,3,6,13,11,45,24,18,120
2024-03-07 07:00:00,2,4,17,12,53,33,33,154
2024-03-07 07:10:00,2,2,17,22,34,41,34,152
2024-03-07 07:20:00,4,5,18,30,45,52,33,187
2024-03-07 07:30:00,2,2,31,45,44,68,39,231
2024-03-07 07:40:00,2,7,20,40,52,80,37,238
2024-03-07 07:50:00,0,3,21,24,67,55,35,205
2024-03-07 08:00:00,4,6,23,24,37,65,36,195
2024-03-07 08:10:00,1,7,12,26,51,51,40,188
2024-03-07 08:20:00,1,6,19,31,39,60,36,192
2024-03-07 08:30:00,0,6,22,22,55,55,36,196
2024-03-07 08:40:00,2,6,19,32,50,46,26,181
2024-03-07 08:50:00,2,3,19,28,26,52,26,156
2024-03-07 09:00:00,0,7,20,24,51,38,26,166
2024-03-07 09:10:00,3,3,26,19,45,38,26,160
2024-03-07 09:20:00,1,3,16,17,44,33,31,145
2024-03-07 09:30:00,1,5,18,22,49,36,23,154
2024-03-07 09:40:00,0,3,18,18,35,29,18,121
2024-03-07 09:50:00,1,9,14,18,44,36,33,155
2024-03-07 10:00:00,0,4,19,23,45,34,29,154
2024-03-07 10:10:00,4,10,11,15,47,25,26,138
2024-03-07 10:20:00,1,6,17,19,43,30,28,144
2024-03-07 10:30:00,0,2,20,28,38,38,29,155
2024-03-07 10:40:00,2,2,22,15,56,23,19,139
2024-03-07 10:50:00,3,4,16,25,30,35,27,140
2024-03-07 11:00:00,0,4,20,24,32,32,22,134
2024-03-07 11:10:00,1,5,21,20,45,30,20,142
2024-03-07 11:20:00,3,18,21,23,52,39,22,178
2024-03-07 11:30:00,2,2,20,21,50,24,28,147
2024-03-07 11:40:00,2,3,27,26,51,45,29,183
2024-03-07 11:50:00,1,3,15,19,54,29,40,161
2024-03-07 12:00:00,5,12,21,13,41,36,35,163
2024-03-07 12:10:00,7,7,17,24,48,46,47,196
2024-03-07 12:20:00,4,6,20,23,51,28,30,162
2024-03-07 12:30:00,3,2,26,32,45,45,30,183
2024-03-07 12:40:00,4,3,22,28,59,45,30,191
2024-03-07 12:50:00,3,2,19,15,51,31,29,150
2024-03-07 13:00:00,5,7,24,17,44,27,31,155
2024-03-07 13:10:00,7,10,33,26,58,45,32,211
2024-03-07 13:20:00,5,7,16,23,60,46,31,188
2024-03-07 13:30:00,4,3,24,21,45,27,18,142
2024-03-07 13:40:00,5,4,21,19,46,40,33,168
2024-03-07 13:50:00,8,13,25,26,42,40,30,184
2024-03-07 14:00:00,5,5,25,27,35,42,25,164
2024-03-07 14:10:00,5,6,19,18,36,31,29,144
2024-03-07 14:20:00,10,7,25,24,45,42,35,188
2024-03-07 14:30:00,10,8,27,20,51,37,33,186
2024-03-07 14:40:00,21,10,28,21,34,138,37,289
2024-03-07 14:50:00,12,7,15,23,51,43,32,183
2024-03-07 15:00:00,7,5,33,28,47,40,42,202
2024-03-07 15:10:00,10,7,25,21,46,36,38,183
2024-03-07 15:20:00,18,8,26,20,51,38,32,193
2024-03-07 15:30:00,13,7,30,21,50,149,33,303
2024-03-07 15:40:00,13,8,20,20,33,38,28,160
2024-03-07 15:50:00,13,6,28,25,63,39,27,201
2024-03-07 16:00:00,10,3,25,18,50,48,34,188
2024-03-07 16:10:00,12,11,46,17,69,45,32,232
2024-03-07 16:20:00,12,8,37,17,47,29,32,182
2024-03-07 16:30:00,8,3,31,16,61,45,33,197
2024-03-07 16:40:00,12,4,41,27,38,55,30,207
2024-03-07 16:50:00,8,7,34,37,50,66,40,242
2024-03-07 17:00:00,9,2,24,33,55,62,33,218
2024-03-07 17:10:00,9,11,31,26,56,39,34,206
2024-03-07 17:20:00,13,9,29,24,58,50,31,214
2024-03-07 17:30:00,11,5,34,21,49,35,31,186
2024-03-07 17:40:00,6,7,27,12,53,52,41,198
2024-03-07 17:50:00,3,4,24,17,51,55,31,185
2024-03-07 18:00:00,4,6,33,26,45,63,32,209
2024-03-07 18:10:00,2,6,33,31,60,52,30,214
2024-03-07 18:20:00,9,7,21,27,36,53,37,190
2024-03-07 18:30:00,6,8,26,18,37,40,27,162
2024-03-07 18:40:00,4,6,19,18,44,31,30,152
2024-03-07 18:50:00,1,2,15,9,46,27,17,117
2024-03-07 19:00:00,1,6,28,16,42,29,23,145
2024-03-07 19:10:00,2,7,13,22,37,26,32,139
2024-03-07 19:20:00,0,3,13,11,22,29,17,95
2024-03-07 19:30:00,1,1,22,16,37,26,17,120
2024-03-07 19:40:00,2,3,10,10,36,33,34,128
2024-03-07 19:50:00,0,2,12,15,26,31,23,109
2024-03-07 20:00:00,0,2,11,13,27,24,17,94
2024-03-07 20:10:00,0,2,4,11,21,19,18,75
2024-03-07 20:20:00,1,1,8,7,22,23,22,84
2024-03-07 20:30:00,0,4,8,7,30,16,12,77
2024-03-07 20:40:00,0,2,4,8,19,16,21,70
2024-03-07 20:50:00,1,3,8,9,12,18,16,67
2024-03-07 21:00:00,1,5,4,10,24,21,19,84
2024-03-07 21:10:00,0,4,4,12,17,29,22,88
2024-03-07 21:20:00,2,4,0,9,12,18,22,67
2024-03-07 21:30:00,0,2,3,4,13,24,21,67
2024-03-07 21:40:00,0,2,8,5,10,14,20,59
2024-03-07 21:50:00,1,2,3,8,17,14,13,58
2024-03-07 22:00:00,6,4,5,9,18,10,12,64
2024-03-07 22:10:00,2,4,6,10,13,10,11,56
2024-03-07 22:20:00,1,1,2,31,23,15,14,87
2024-03-07 22:30:00,0,3,2,7,17,14,13,56
2024-03-07 22:40:00,0,2,6,9,11,14,9,51
2024-03-07 22:50:00,0,2,5,7,7,13,11,45
2024-03-07 23:00:00,1,5,2,2,10,4,11,35
2024-03-07 23:10:00,0,2,6,12,6,17,12,55
2024-03-07 23:20:00,0,2,2,4,2,4,7,21
2024-03-07 23:30:00,1,1,2,3,7,5,5,24
2024-03-07 23:40:00,0,0,1,4,6,2,5,18
2024-03-07 23:50:00,1,2,2,4,6,4,3,22
2024-03-08 00:00:00,0,3,0,3,4,5,8,23
2024-03-08 00:10:00,1,2,0,2,5,2,4,16
2024-03-08 00:20:00,0,0,3,6,4,8,6,27
2024-03-08 00:30:00,0,2,1,3,1,4,4,15
2024-03-08 00:40:00,0,0,0,0,1,1,2,4
2024-03-08 00:50:00,0,0,0,2,3,3,4,12
2024-03-08 01:00:00,0,1,1,1,1,2,3,9
2024-03-08 01:10:00,0,1,0,0,1,0,1,3
2024-03-08 01:20:00,0,1,0,0,3,0,2,6
2024-03-08 01:30:00,0,2,1,1,1,1,2,8
2024-03-08 01:40:00,0,0,1,2,0,2,2,7
2024-03-08 01:50:00,0,0,1,0,2,0,0,3
2024-03-08 02:00:00,0,0,0,1,0,1,1,3
2024-03-08 02:10:00,0,3,0,0,2,0,2,7
2024-03-08 02:20:00,0,0,1,1,0,0,0,2
2024-03-08 02:30:00,0,1,0,1,1,2,2,7
2024-03-08 02:40:00,0,0,1,1,1,0,0,3
2024-03-08 02:50:00,0,0,0,2,1,3,3,9
2024-03-08 03:00:00,0,1,1,3,0,3,4,12
2024-03-08 03:10:00,0,0,1,2,0,2,3,8
2024-03-08 03:20:00,0,0,0,0,1,2,0,3
2024-03-08 03:30:00,0,0,0,1,1,1,3,6
2024-03-08 03:40:00,0,1,1,3,2,4,5,16
2024-03-08 03:50:00,0,0,0,3,2,4,3,12
2024-03-08 04:00:00,0,0,0,1,3,1,1,6
2024-03-08 04:10:00,0,1,1,2,3,4,3,14
2024-03-08 04:20:00,0,1,5,4,1,3,1,15
2024-03-08 04:30:00,0,0,0,1,2,1,2,6
2024-03-08 04:40:00,0,5,1,2,3,1,8,20
2024-03-08 04:50:00,0,1,0,0,4,2,3,10
2024-03-08 05:00:00,0,1,5,6,8,2,11,33
2024-03-08 05:10:00,0,7,1,3,8,3,13,35
2024-03-08 05:20:00,0,0,2,4,9,2,7,24
2024-03-08 05:30:00,0,2,3,3,19,9,11,47
2024-03-08 05:40:00,0,3,8,5,24,8,15,63
2024-03-08 05:50:00,0,5,8,7,29,13,29,91
2024-03-08 06:00:00,2,4,10,12,25,17,25,95
2024-03-08 06:10:00,1,3,6,6,24,16,17,73
2024-03-08 06:20:00,0,1,10,11,32,17,24,95
2024-03-08 06:30:00,0,5,9,17,35,34,29,129
2024-03-08 06:40:00,0,5,20,18,43,26,19,131
2024-03-08 06:50:00,1,2,15,23,43,31,27,142
2024-03-08 07:00:00,0,4,16,17,38,32,26,133
2024-03-08 07:10:00,2,4,10,18,34,35,32,135
2024-03-08 07:20:00,0,3,11,15,39,41,25,134
2024-03-08 07:30:00,2,3,19,35,49,50,34,192
2024-03-08 07:40:00,0,4,25,37,42,66,31,205
2024-03-08 07:50:00,1,2,17,25,56,49,33,183
2024-03-08 08:00:00,0,10,10,17,52,38,25,152
2024-03-08 08:10:00,1,6,17,15,49,38,32,158
2024-03-08 08:20:00,1,7,24,27,55,40,26,180
2024-03-08 08:30:00,1,3,19,21,53,31,27,155
2024-03-08 08:40:00,0,7,8,18,36,42,26,137
2024-03-08 08:50:00,1,4,19,21,45,32,24,146
2024-03-08 09:00:00,0,2,20,21,41,31,23,138
2024-03-08 09:10:00,1,4,20,24,39,45,20,153
2024-03-08 09:20:00,1,9,20,18,42,40,27,157
2024-03-08 09:30:00,0,3,19,23,39,35,22,141
2024-03-08 09:40:00,2,4,18,16,41,28,31,140
2024-03-08 09:50:00,2,5,19,14,46,30,24,140
2024-03-08 10:00:00,3,9,19,20,49,34,26,160
2024-03-08 10:10:00,2,7,20,18,53,36,39,175
2024-03-08 10:20:00,2,3,21,26,39,30,30,151
2024-03-08 10:30:00,3,6,22,20,54,35,23,163
2024-03-08 10:40:00,6,5,18,14,42,25,30,140
2024-03-08 10:50:00,0,3,15,18,57,21,29,143
2024-03-08 11:00:00,0,2,16,23,43,34,29,147
2024-03-08 11:10:00,4,7,17,16,90,33,32,199
2024-03-08 11:20:00,1,2,19,16,133,32,33,236
2024-03-08 11:30:00,1,11,26,17,39,20,25,139
2024-03-08 11:40:00,0,4,23,29,40,40,27,163
2024-03-08 11:50:00,2,5,31,18,54,35,35,180
2024-03-08 12:00:00,4,8,28,22,47,43,34,186
2024-03-08 12:10:00,3,5,18,23,58,61,46,214
2024-03-08 12:20:00,4,9,29,13,65,34,34,188
2024-03-08 12:30:00,5,6,25,20,55,41,27,179
2024-03-08 12:40:00,1,7,24,17,47,39,29,164
2024-03-08 12:50:00,5,6,28,26,68,52,37,222
2024-03-08 13:00:00,11,6,22,33,59,50,39,220
2024-03-08 13:10:00,5,5,19,21,69,35,42,196
2024-03-08 13:20:00,8,4,31,25,42,33,32,175
2024-03-08 13:30:00,5,9,23,19,126,39,40,261
2024-03-08 13:40:00,9,6,14,17,51,45,36,178
2024-03-08 13:50:00,6,10,21,21,47,57,32,194
2024-03-08 14:00:00,5,6,27,13,55,35,30,171
2024-03-08 14:10:00,13,2,23,19,50,56,29,192
2024-03-08 14:20:00,14,10,18,17,56,48,35,198
2024-03-08 14:30:00,14,9,22,15,48,48,31,187
2024-03-08 14:40:00,15,8,19,28,49,43,23,185
2024-03-08 14:50:00,12,9,35,17,63,30,25,191
2024-03-08 15:00:00,10,8,30,18,40,31,33,170
2024-03-08 15:10:00,6,7,24,19,46,45,29,176
2024-03-08 15:20:00,10,4,24,16,54,38,24,170
2024-03-08 15:30:00,8,5,30,13,59,44,35,194
2024-03-08 15:40:00,8,1,22,25,54,55,31,196
2024-03-08 15:50:00,10,5,22,20,56,32,36,181
2024-03-08 16:00:00,10,12,28,22,40,36,39,187
2024-03-08 16:10:00,8,5,29,26,46,43,38,195
2024-03-08 16:20:00,48,8,26,16,41,44,29,212
2024-03-08 16:30:00,5,8,21,19,32,40,32,157
2024-03-08 16:40:00,5,1,20,22,48,43,40,179
2024-03-08 16:50:00,2,7,25,22,43,38,33,170
2024-03-08 17:00:00,6,5,18,17,43,39,26,154
2024-03-08 17:10:00,7,9,17,21,44,46,27,171
2024-03-08 17:20:00,5,7,23,20,45,37,34,171
2024-03-08 17:30:00,3,4,20,15,48,38,30,158
2024-03-08 17:40:00,1,4,15,16,44,43,32,155
2024-03-08 17:50:00,2,5,25,25,62,39,34,192
2024-03-08 18:00:00,4,5,15,27,38,44,27,160
2024-03-08 18:10:00,5,8,20,12,44,30,40,159
2024-03-08 18:20:00,5,4,22,20,54,36,26,167
2024-03-08 18:30:00,2,6,17,19,47,41,28,160
2024-03-08 18:40:00,1,4,20,25,31,35,33,149
2024-03-08 18:50:00,1,0,11,14,51,35,28,140
2024-03-08 19:00:00,4,3,13,11,32,24,22,109
2024-03-08 19:10:00,2,0,10,13,45,30,21,121
2024-03-08 19:20:00,0,6,9,10,27,24,26,102
2024-03-08 19:30:00,0,6,6,9,37,22,24,104
2024-03-08 19:40:00,1,4,23,15,35,31,23,132
2024-03-08 19:50:00,0,2,11,13,29,23,28,106
2024-03-08 20:00:00,0,3,7,10,25,21,11,77
2024-03-08 20:10:00,1,1,10,13,35,18,16,94
2024-03-08 20:20:00,0,5,11,11,28,22,22,99
2024-03-08 20:30:00,0,3,7,10,20,22,18,80
2024-03-08 20:40:00,1,6,12,7,32,27,16,101
2024-03-08 20:50:00,0,6,2,6,17,13,12,56
2024-03-08 21:00:00,1,4,4,9,20,22,13,73
2024-03-08 21:10:00,1,4,3,3,20,12,15,58
2024-03-08 21:20:00,0,3,6,5,24,13,11,62
2024-03-08 21:30:00,0,1,7,10,13,16,17,64
2024-03-08 21:40:00,1,4,3,5,11,11,13,48
2024-03-08 21:50:00,0,2,3,7,18,16,13,59
2024-03-08 22:00:00,0,2,6,11,23,20,20,82
2024-03-08 22:10:00,1,2,7,12,12,15,16,65
2024-03-08 22:20:00,0,5,4,10,12,10,19,60
2024-03-08 22:30:00,0,1,7,12,13,16,11,60
2024-03-08 22:40:00,0,3,4,10,12,16,8,53
2024-03-08 22:50:00,2,0,2,8,14,19,14,59
2024-03-08 23:00:00,0,1,1,5,12,12,16,47
2024-03-08 23:10:00,0,2,6,10,13,13,13,57
2024-03-08 23:20:00,0,3,4,13,12,21,12,65
2024-03-08 23:30:00,0,2,0,5,13,15,12,47
2024-03-08 23:40:00,0,0,1,4,6,11,11,33
2024-03-08 23:50:00,0,1,4,3,10,2,8,28
2024-03-09 00:00:00,0,2,3,4,5,7,8,29
2024-03-09 00:10:00,0,1,3,2,7,4,7,24
2024-03-09 00:20:00,0,2,3,10,4,11,9,39
2024-03-09 00:30:00,1,3,7,9,6,7,5,38
2024-03-09 00:40:00,1,1,2,2,6,2,3,17
2024-03-09 00:50:00,0,2,0,6,5,8,9,30
2024-03-09 01:00:00,1,1,2,4,6,4,5,23
2024-03-09 01:10:00,0,1,2,4,4,7,8,26
2024-03-09 01:20:00,0,1,1,1,5,3,5,16
2024-03-09 01:30:00,0,2,2,1,2,1,3,11
2024-03-09 01:40:00,0,2,1,3,3,4,2,15
2024-03-09 01:50:00,0,2,0,1,5,3,5,16
2024-03-09 02:00:00,0,0,1,2,1,1,0,5
2024-03-09 02:10:00,0,1,2,5,6,5,2,21
2024-03-09 02:20:00,0,2,2,1,4,1,3,13
2024-03-09 02:30:00,1,1,0,2,2,6,4,16
2024-03-09 02:40:00,0,2,1,1,2,3,3,12
2024-03-09 02:50:00,1,1,1,3,1,2,5,14
2024-03-09 03:00:00,0,1,0,4,6,6,7,24
2024-03-09 03:10:00,0,0,0,5,1,7,2,15
2024-03-09 03:20:00,0,1,0,1,2,1,2,7
2024-03-09 03:30:00,0,0,2,6,3,4,3,18
2024-03-09 03:40:00,0,3,2,4,2,7,5,23
2024-03-09 03:50:00,0,1,0,0,4,2,3,10
2024-03-09 04:00:00,0,2,2,5,2,6,7,24
2024-03-09 04:10:00,1,2,0,1,0,2,4,10
2024-03-09 04:20:00,0,2,1,3,1,4,4,15
2024-03-09 04:30:00,0,3,0,0,3,6,10,22
2024-03-09 04:40:00,0,1,0,1,2,1,2,7
2024-03-09 04:50:00,0,2,0,0,3,0,6,11
2024-03-09 05:00:00,0,2,0,1,2,2,4,11
2024-03-09 05:10:00,0,0,1,1,3,0,3,8
2024-03-09 05:20:00,0,0,0,2,5,2,4,13
2024-03-09 05:30:00,0,4,1,6,2,8,11,32
2024-03-09 05:40:00,0,3,4,8,6,6,8,35
2024-03-09 05:50:00,2,0,0,0,9,2,5,18
2024-03-09 06:00:00,0,1,0,1,2,5,6,15
2024-03-09 06:10:00,0,1,0,1,9,2,4,17
2024-03-09 06:20:00,0,1,0,0,20,9,9,39
2024-03-09 06:30:00,0,1,0,0,12,1,6,20
2024-03-09 06:40:00,0,0,4,5,15,7,8,39
2024-03-09 06:50:00,4,2,1,4,9,19,5,44
2024-03-09 07:00:00,2,3,1,2,10,3,2,23
2024-03-09 07:10:00,1,5,2,3,9,6,6,32
2024-03-09 07:20:00,0,1,2,2,10,5,3,23
2024-03-09 07:30:00,0,2,0,2,9,8,14,35
2024-03-09 07:40:00,0,3,3,3,9,6,9,33
2024-03-09 07:50:00,1,0,3,2,19,9,7,41
2024-03-09 08:00:00,1,2,5,6,10,10,7,41
2024-03-09 08:10:00,0,3,1,9,18,14,13,58
2024-03-09 08:20:00,0,1,4,8,15,11,14,53
2024-03-09 08:30:00,0,5,3,6,20,10,16,60
2024-03-09 08:40:00,1,1,5,4,14,10,9,44
2024-03-09 08:50:00,1,4,6,5,25,12,18,71
2024-03-09 09:00:00,1,3,5,4,23,8,21,65
2024-03-09 09:10:00,0,2,6,3,33,12,24,80
2024-03-09 09:20:00,0,3,6,8,49,15,17,98
2024-03-09 09:30:00,0,3,4,9,44,22,28,110
2024-03-09 09:40:00,0,3,11,4,26,14,25,83
2024-03-09 09:50:00,0,4,10,3,47,19,25,108
2024-03-09 10:00:00,1,3,10,3,45,27,21,110
2024-03-09 10:10:00,0,6,11,6,59,20,23,125
2024-03-09 10:20:00,1,4,11,9,50,30,19,124
2024-03-09 10:30:00,0,3,14,12,49,25,22,125
2024-03-09 10:40:00,1,3,14,10,38,29,29,124
2024-03-09 10:50:00,2,4,13,9,55,26,26,135
2024-03-09 11:00:00,0,7,16,5,51,25,32,136
2024-03-09 11:10:00,3,4,20,12,38,23,27,127
2024-03-09 11:20:00,1,6,19,18,62,33,28,167
2024-03-09 11:30:00,1,5,11,5,50,32,23,127
2024-03-09 11:40:00,1,7,23,12,45,34,37,159
2024-03-09 11:50:00,1,7,13,14,48,30,32,145
2024-03-09 12:00:00,0,7,17,6,51,24,26,131
2024-03-09 12:10:00,2,6,16,7,46,27,38,142
2024-03-09 12:20:00,3,3,18,12,67,25,29,157
2024-03-09 12:30:00,1,3,13,11,63,29,22,142
2024-03-09 12:40:00,1,5,18,5,61,41,27,158
2024-03-09 12:50:00,1,9,25,11,55,45,25,171
2024-03-09 13:00:00,1,5,16,14,61,43,29,169
2024-03-09 13:10:00,0,3,21,18,51,38,31,162
2024-03-09 13:20:00,0,1,12,5,55,25,28,126
2024-03-09 13:30:00,1,4,13,13,43,25,20,119
2024-03-09 13:40:00,0,8,16,10,41,26,25,126
2024-03-09 13:50:00,1,2,14,9,70,26,29,151
2024-03-09 14:00:00,0,2,13,19,47,39,33,153
2024-03-09 14:10:00,3,6,16,20,58,36,27,166
2024-03-09 14:20:00,0,2,14,15,54,35,33,153
2024-03-09 14:30:00,0,3,16,11,46,35,24,135
2024-03-09 14:40:00,2,6,11,14,46,40,35,154
2024-03-09 14:50:00,0,1,22,17,45,37,33,155
2024-03-09 15:00:00,2,7,13,13,45,33,23,136
2024-03-09 15:10:00,1,6,15,14,52,35,31,154
2024-03-09 15:20:00,1,4,9,12,27,33,28,114
2024-03-09 15:30:00,1,3,10,11,33,27,23,108
2024-03-09 15:40:00,0,1,7,8,33,16,25,90
2024-03-09 15:50:00,3,7,13,12,48,22,40,145
2024-03-09 16:00:00,0,6,16,11,55,35,22,145
2024-03-09 16:10:00,3,3,11,8,44,32,25,126
2024-03-09 16:20:00,1,4,16,11,43,36,31,142
2024-03-09 16:30:00,1,3,17,12,39,39,28,139
2024-03-09 16:40:00,2,4,17,5,31,21,16,96
2024-03-09 16:50:00,0,1,6,9,38,21,25,100
2024-03-09 17:00:00,0,0,7,5,37,21,25,95
2024-03-09 17:10:00,1,2,13,6,30,23,26,101
2024-03-09 17:20:00,1,4,16,14,45,29,23,132
2024-03-09 17:30:00,2,1,12,12,39,34,27,127
2024-03-09 17:40:00,0,4,12,8,27,29,28,108
2024-03-09 17:50:00,1,5,16,8,43,31,32,136
2024-03-09 18:00:00,1,2,9,6,37,26,18,99
2024-03-09 18:10:00,1,9,11,6,43,26,33,129
2024-03-09 18:20:00,1,2,13,11,28,32,15,102
2024-03-09 18:30:00,3,5,9,9,36,40,24,126
2024-03-09 18:40:00,3,4,9,9,43,30,22,120
2024-03-09 18:50:00,2,6,7,12,24,21,24,96
2024-03-09 19:00:00,0,3,8,9,37,30,23,110
2024-03-09 19:10:00,0,3,4,7,22,21,19,76
2024-03-09 19:20:00,0,1,11,8,37,16,24,97
2024-03-09 19:30:00,2,8,10,7,24,15,21,87
2024-03-09 19:40:00,2,4,7,8,31,20,32,104
2024-03-09 19:50:00,0,2,7,4,23,18,16,70
2024-03-09 20:00:00,0,5,12,8,21,21,16,83
2024-03-09 20:10:00,0,1,6,8,26,24,17,82
2024-03-09 20:20:00,0,2,10,8,19,13,13,65
2024-03-09 20:30:00,0,2,4,6,21,17,19,69
2024-03-09 20:40:00,0,5,4,8,19,19,20,75
2024-03-09 20:50:00,1,0,2,6,20,22,20,71
2024-03-09 21:00:00,2,5,3,6,22,19,17,74
2024-03-09 21:10:00,0,1,4,4,17,15,17,58
2024-03-09 21:20:00,0,1,1,8,17,21,16,64
2024-03-09 21:30:00,0,1,3,4,9,17,17,51
2024-03-09 21:40:00,1,3,5,3,15,13,16,56
2024-03-09 21:50:00,1,1,5,8,12,15,15,57
2024-03-09 22:00:00,0,4,1,2,13,9,17,46
2024-03-09 22:10:00,1,6,3,6,17,16,21,70
2024-03-09 22:20:00,0,3,1,4,21,15,12,56
2024-03-09 22:30:00,1,1,3,3,21,8,10,47
2024-03-09 22:40:00,0,0,5,5,13,11,10,44
2024-03-09 22:50:00,0,1,6,7,17,13,12,56
2024-03-09 23:00:00,1,1,2,3,17,16,22,62
2024-03-09 23:10:00,0,2,7,5,10,6,6,36
2024-03-09 23:20:00,0,4,1,1,9,19,15,49
2024-03-09 23:30:00,1,4,1,2,11,8,11,38
2024-03-09 23:40:00,0,3,2,5,17,9,13,49
2024-03-09 23:50:00,0,0,4,5,14,10,10,43
2024-03-10 00:00:00,0,4,0,5,10,11,10,40
2024-03-10 00:10:00,0,1,3,4,4,6,4,22
2024-03-10 00:20:00,1,4,0,1,8,9,9,32
2024-03-10 00:30:00,1,3,1,0,4,4,9,22
2024-03-10 00:40:00,0,4,1,2,11,6,10,34
2024-03-10 00:50:00,0,1,2,4,10,6,9,32
2024-03-10 01:00:00,0,2,0,1,5,5,10,23
2024-03-10 01:10:00,0,1,1,1,5,3,3,14
2024-03-10 01:20:00,0,0,0,1,8,4,3,16
2024-03-10 01:30:00,0,1,2,2,5,1,5,16
2024-03-10 01:40:00,0,1,2,2,6,15,8,34
2024-03-10 01:50:00,0,1,1,1,7,4,7,21
2024-03-10 02:00:00,0,0,0,0,2,3,5,10
2024-03-10 02:10:00,0,0,0,2,4,3,4,13
2024-03-10 02:20:00,0,0,0,2,3,5,7,17
2024-03-10 02:30:00,0,0,0,0,3,4,2,9
2024-03-10 02:40:00,0,1,1,1,5,2,4,14
2024-03-10 02:50:00,0,0,0,2,2,4,8,16
2024-03-10 03:00:00,1,1,2,2,0,0,1,7
2024-03-10 03:10:00,0,0,0,0,4,1,2,7
2024-03-10 03:20:00,0,3,0,0,0,1,5,9
2024-03-10 03:30:00,0,0,0,3,1,4,2,10
2024-03-10 03:40:00,0,3,0,0,3,5,9,20
2024-03-10 03:50:00,0,4,2,2,1,1,2,12
2024-03-10 04:00:00,0,1,0,0,2,3,6,12
2024-03-10 04:10:00,0,1,1,3,4,6,4,19
2024-03-10 04:20:00,2,2,1,1,4,6,6,22
2024-03-10 04:30:00,0,2,1,2,0,3,2,10
2024-03-10 04:40:00,0,2,0,1,2,1,4,10
2024-03-10 04:50:00,0,2,0,2,3,5,7,19
2024-03-10 05:00:00,0,1,1,1,6,0,7,16
2024-03-10 05:10:00,0,3,2,2,1,0,2,10
2024-03-10 05:20:00,0,1,1,1,2,2,2,9
2024-03-10 05:30:00,0,3,0,2,0,2,7,14
2024-03-10 05:40:00,0,0,0,1,3,4,4,12
2024-03-10 05:50:00,0,1,1,3,0,3,5,13
2024-03-10 06:00:00,0,3,1,2,5,3,5,19
2024-03-10 06:10:00,0,0,0,1,3,0,2,6
2024-03-10 06:20:00,0,1,0,0,5,5,7,18
2024-03-10 06:30:00,0,0,1,1,2,2,4,10
2024-03-10 06:40:00,0,0,1,0,0,2,5,8
2024-03-10 06:50:00,0,0,1,1,4,2,3,11
2024-03-10 07:00:00,1,0,1,1,3,1,4,11
2024-03-10 07:10:00,1,2,1,2,6,1,2,15
2024-03-10 07:20:00,0,1,3,1,3,1,1,10
2024-03-10 07:30:00,0,1,1,0,2,1,1,6
2024-03-10 07:40:00,0,0,1,1,5,2,1,10
2024-03-10 07:50:00,0,2,0,1,4,2,3,12
2024-03-10 08:00:00,0,0,1,2,4,2,2,11
2024-03-10 08:10:00,0,1,1,4,5,7,4,22
2024-03-10 08:20:00,0,1,5,4,3,0,0,13
2024-03-10 08:30:00,0,0,5,5,5,5,4,24
2024-03-10 08:40:00,1,1,1,2,11,1,5,22
2024-03-10 08:50:00,0,1,3,4,6,4,6,24
2024-03-10 09:00:00,0,0,2,2,5,4,8,21
2024-03-10 09:10:00,0,0,5,3,9,2,8,27
2024-03-10 09:20:00,1,1,13,5,16,9,9,54
2024-03-10 09:30:00,0,2,3,3,11,4,4,27
2024-03-10 09:40:00,0,3,4,3,19,10,11,50
2024-03-10 09:50:00,0,2,4,2,7,27,11,53
2024-03-10 10:00:00,0,1,3,1,12,4,9,30
2024-03-10 10:10:00,0,0,1,3,13,8,10,35
2024-03-10 10:20:00,0,3,9,3,15,13,12,55
2024-03-10 10:30:00,0,0,9,1,12,4,4,30
2024-03-10 10:40:00,0,1,4,2,14,11,4,36
2024-03-10 10:50:00,1,0,4,4,19,9,8,45
2024-03-10 11:00:00,0,2,5,3,14,8,9,41
2024-03-10 11:10:00,0,0,5,8,10,10,8,41
2024-03-10 11:20:00,0,5,6,4,18,11,10,54
2024-03-10 11:30:00,1,0,4,5,14,9,9,42
2024-03-10 11:40:00,0,1,7,2,17,14,14,55
2024-03-10 11:50:00,0,0,4,5,19,17,12,57
2024-03-10 12:00:00,1,4,7,7,17,14,15,65
2024-03-10 12:10:00,1,3,4,8,20,30,23,89
2024-03-10 12:20:00,1,2,3,8,20,25,22,81
2024-03-10 12:30:00,0,3,10,9,15,32,19,88
2024-03-10 12:40:00,1,5,6,4,15,10,22,63
2024-03-10 12:50:00,0,4,9,7,23,27,18,88
2024-03-10 13:00:00,0,2,4,4,29,23,21,83
2024-03-10 13:10:00,0,2,12,8,21,15,16,74
2024-03-10 13:20:00,0,1,7,11,34,15,14,82
2024-03-10 13:30:00,1,3,6,9,23,19,21,82
2024-03-10 13:40:00,1,1,2,2,25,13,15,59
2024-03-10 13:50:00,0,3,8,5,27,36,17,96
2024-03-10 14:00:00,2,3,9,8,23,51,20,116
2024-03-10 14:10:00,1,3,8,3,29,17,11,72
2024-03-10 14:20:00,0,1,8,6,28,17,14,74
2024-03-10 14:30:00,0,1,6,3,35,25,19,89
2024-03-10 14:40:00,0,2,13,10,23,30,19,97
2024-03-10 14:50:00,1,2,4,6,28,18,14,73
2024-03-10 15:00:00,1,5,5,3,15,19,18,66
2024-03-10 15:10:00,1,4,8,3,16,17,17,66
2024-03-10 15:20:00,0,4,6,2,29,20,17,78
2024-03-10 15:30:00,0,1,8,6,23,22,19,79
2024-03-10 15:40:00,0,3,9,5,16,23,21,77
2024-03-10 15:50:00,0,2,7,4,20,23,17,73
2024-03-10 16:00:00,2,2,8,5,34,19,11,81
2024-03-10 16:10:00,0,4,6,5,18,24,12,69
2024-03-10 16:20:00,1,1,9,5,28,21,14,79
2024-03-10 16:30:00,1,4,7,2,25,16,21,76
2024-03-10 16:40:00,0,1,6,6,21,14,24,72
2024-03-10 16:50:00,0,3,10,3,29,13,22,80
2024-03-10 17:00:00,0,4,8,0,26,17,22,77
2024-03-10 17:10:00,0,5,7,4,17,16,19,68
2024-03-10 17:20:00,0,5,6,10,20,30,31,102
2024-03-10 17:30:00,0,3,5,0,29,44,18,99
2024-03-10 17:40:00,0,5,7,3,20,10,18,63
2024-03-10 17:50:00,2,2,2,3,19,11,15,54
2024-03-10 18:00:00,0,3,6,8,25,19,25,86
2024-03-10 18:10:00,0,1,5,7,18,16,10,57
2024-03-10 18:20:00,0,2,12,5,18,20,13,70
2024-03-10 18:30:00,0,7,7,6,25,15,21,81
2024-03-10 18:40:00,0,4,10,10,20,20,23,87
2024-03-10 18:50:00,0,0,7,6,18,17,14,62
2024-03-10 19:00:00,0,4,9,8,19,24,22,86
2024-03-10 19:10:00,0,3,4,7,18,15,20,67
2024-03-10 19:20:00,1,3,5,6,14,19,17,65
2024-03-10 19:30:00,0,7,5,9,16,15,23,75
2024-03-10 19:40:00,2,4,7,8,23,26,22,92
2024-03-10 19:50:00,0,7,12,10,11,14,26,80
2024-03-10 20:00:00,1,3,3,3,14,19,13,56
2024-03-10 20:10:00,1,3,5,6,14,16,14,59
2024-03-10 20:20:00,0,4,1,4,15,18,15,57
2024-03-10 20:30:00,0,1,5,3,14,20,9,52
2024-03-10 20:40:00,0,2,4,4,16,13,20,59
2024-03-10 20:50:00,0,0,3,5,13,13,12,46
2024-03-10 21:00:00,0,4,1,3,19,18,16,61
2024-03-10 21:10:00,0,2,5,5,12,11,14,49
2024-03-10 21:20:00,1,3,4,5,14,14,10,51
2024-03-10 21:30:00,0,4,2,2,10,8,14,40
2024-03-10 21:40:00,0,2,3,7,14,19,14,59
2024-03-10 21:50:00,0,3,2,6,13,18,15,57
2024-03-10 22:00:00,0,5,3,2,6,10,19,45
2024-03-10 22:10:00,0,2,2,1,9,9,13,36
2024-03-10 22:20:00,0,3,2,5,9,9,7,35
2024-03-10 22:30:00,0,3,0,1,13,10,8,35
2024-03-10 22:40:00,0,1,0,1,10,4,6,22
2024-03-10 22:50:00,0,3,0,0,5,4,8,20
2024-03-10 23:00:00,0,1,2,1,6,3,6,19
2024-03-10 23:10:00,0,1,2,1,2,5,4,15
2024-03-10 23:20:00,1,1,1,1,5,1,4,14
2024-03-10 23:30:00,0,5,0,1,4,3,10,23
2024-03-10 23:40:00,0,2,0,0,2,5,7,16
2024-03-10 23:50:00,0,1,0,0,5,2,2,10
2024-03-11 00:00:00,0,1,1,3,5,5,7,22
2024-03-11 00:10:00,0,0,0,1,7,3,5,16
2024-03-11 00:20:00,0,0,0,2,1,3,4,10
2024-03-11 00:30:00,0,2,2,3,2,3,4,16
2024-03-11 00:40:00,0,1,0,1,1,3,3,9
2024-03-11 00:50:00,0,2,0,0,2,0,4,8
2024-03-11 01:00:00,0,0,0,0,1,3,3,7
2024-03-11 01:10:00,0,1,1,1,1,0,1,5
2024-03-11 01:20:00,1,1,0,0,2,0,1,5
2024-03-11 01:30:00,0,1,0,0,2,3,4,10
2024-03-11 01:40:00,0,0,0,1,2,3,3,9
2024-03-11 01:50:00,0,2,0,2,2,2,4,12
2024-03-11 02:00:00,0,1,0,0,1,2,2,6
2024-03-11 02:10:00,0,0,0,0,2,3,4,9
2024-03-11 02:20:00,0,1,0,0,2,0,2,5
2024-03-11 02:30:00,0,1,1,0,1,3,3,9
2024-03-11 02:40:00,0,0,0,0,1,0,0,1
2024-03-11 02:50:00,0,0,1,1,0,1,1,4
2024-03-11 03:00:00,0,0,0,0,1,1,2,4
2024-03-11 03:10:00,0,0,1,1,0,0,0,2
2024-03-11 03:20:00,0,2,0,0,3,2,3,10
2024-03-11 03:30:00,0,1,0,0,0,1,1,3
2024-03-11 03:40:00,0,0,0,1,4,1,1,7
2024-03-11 03:50:00,0,0,0,3,0,3,4,10
2024-03-11 04:00:00,0,0,1,4,4,3,4,16
2024-03-11 04:10:00,0,0,1,1,2,3,3,10
2024-03-11 04:20:00,0,0,0,0,1,2,5,8
2024-03-11 04:30:00,0,1,2,2,5,4,8,22
2024-03-11 04:40:00,0,3,0,0,9,3,7,22
2024-03-11 04:50:00,0,2,1,2,5,1,5,16
2024-03-11 05:00:00,0,2,6,8,6,3,7,32
2024-03-11 05:10:00,2,4,2,2,13,2,10,35
2024-03-11 05:20:00,1,0,3,5,13,9,12,43
2024-03-11 05:30:00,0,3,2,6,14,6,17,48
2024-03-11 05:40:00,0,2,10,6,29,11,14,72
2024-03-11 05:50:00,2,6,10,5,38,14,26,101
2024-03-11 06:00:00,0,4,11,11,23,19,20,88
2024-03-11 06:10:00,1,3,5,7,29,15,18,78
2024-03-11 06:20:00,0,4,6,4,27,17,28,86
2024-03-11 06:30:00,0,2,12,10,52,20,19,115
2024-03-11 06:40:00,0,3,14,19,32,23,36,127
2024-03-11 06:50:00,4,1,15,12,47,23,20,122
2024-03-11 07:00:00,0,2,17,19,51,40,34,163
2024-03-11 07:10:00,2,6,20,15,40,39,29,151
2024-03-11 07:20:00,2,5,20,24,46,51,36,184
2024-03-11 07:30:00,5,5,30,26,41,70,39,216
2024-03-11 07:40:00,0,8,33,35,55,76,30,237
2024-03-11 07:50:00,1,4,30,27,48,53,25,188
2024-03-11 08:00:00,2,4,13,16,38,45,23,141
2024-03-11 08:10:00,0,8,14,14,60,38,44,178
2024-03-11 08:20:00,0,3,20,20,58,52,36,189
2024-03-11 08:30:00,1,5,21,25,49,50,34,185
2024-03-11 08:40:00,0,5,22,25,37,55,32,176
2024-03-11 08:50:00,3,5,16,20,57,46,27,174
2024-03-11 09:00:00,0,1,18,22,52,31,21,145
2024-03-11 09:10:00,0,4,20,16,38,37,25,140
2024-03-11 09:20:00,3,4,17,21,39,37,22,143
2024-03-11 09:30:00,1,7,19,15,32,34,31,139
2024-03-11 09:40:00,0,3,17,16,44,35,25,140
2024-03-11 09:50:00,0,6,11,12,47,38,25,139
2024-03-11 10:00:00,1,4,13,19,32,24,19,112
2024-03-11 10:10:00,1,6,16,14,34,22,28,121
2024-03-11 10:20:00,1,5,16,21,44,39,39,165
2024-03-11 10:30:00,1,9,23,17,42,25,20,137
2024-03-11 10:40:00,2,6,20,10,44,35,35,152
2024-03-11 10:50:00,2,4,11,18,35,34,30,134
2024-03-11 11:00:00,3,5,14,14,44,30,27,137
2024-03-11 11:10:00,3,13,23,17,42,27,31,156
2024-03-11 11:20:00,2,7,16,20,33,32,30,140
2024-03-11 11:30:00,0,3,16,12,44,33,22,130
2024-03-11 11:40:00,1,5,19,20,34,34,28,141
2024-03-11 11:50:00,2,6,18,16,48,36,38,164
2024-03-11 12:00:00,3,6,25,18,39,30,31,152
2024-03-11 12:10:00,5,7,17,14,47,30,28,148
2024-03-11 12:20:00,1,8,20,13,40,30,30,142
2024-03-11 12:30:00,1,4,17,15,51,33,31,152
2024-03-11 12:40:00,6,3,20,12,38,25,27,131
2024-03-11 12:50:00,3,3,15,13,52,41,29,156
2024-03-11 13:00:00,2,3,20,18,50,36,35,164
2024-03-11 13:10:00,5,3,21,20,39,38,30,156
2024-03-11 13:20:00,1,3,25,26,51,29,28,163
2024-03-11 13:30:00,3,5,28,16,45,32,27,156
2024-03-11 13:40:00,1,3,24,16,41,44,25,154
2024-03-11 13:50:00,4,5,14,9,47,102,27,208
2024-03-11 14:00:00,7,4,17,14,35,31,20,128
2024-03-11 14:10:00,7,5,23,9,45,40,36,165
2024-03-11 14:20:00,5,6,24,11,49,35,33,163
2024-03-11 14:30:00,15,9,25,15,42,106,30,242
2024-03-11 14:40:00,16,7,22,11,49,39,32,176
2024-03-11 14:50:00,6,10,20,10,50,34,37,167
2024-03-11 15:00:00,15,9,14,7,51,55,26,177
2024-03-11 15:10:00,15,6,23,10,45,45,34,178
2024-03-11 15:20:00,13,8,25,15,38,58,33,190
2024-03-11 15:30:00,12,7,31,17,44,37,34,182
2024-03-11 15:40:00,5,6,32,19,52,46,32,192
2024-03-11 15:50:00,10,7,27,12,52,127,32,267
2024-03-11 16:00:00,15,9,35,13,52,53,32,209
2024-03-11 16:10:00,13,6,34,10,49,86,32,230
2024-03-11 16:20:00,8,9,31,16,55,49,29,197
2024-03-11 16:30:00,7,3,34,10,59,37,28,178
2024-03-11 16:40:00,9,8,26,7,52,44,45,191
2024-03-11 16:50:00,18,7,26,18,47,43,35,194
2024-03-11 17:00:00,12,10,31,17,44,77,31,222
2024-03-11 17:10:00,8,5,36,14,52,40,31,186
2024-03-11 17:20:00,8,6,25,16,49,55,32,191
2024-03-11 17:30:00,8,6,22,11,51,39,21,158
2024-03-11 17:40:00,8,31,24,9,43,43,34,192
2024-03-11 17:50:00,5,7,25,16,35,37,33,158
2024-03-11 18:00:00,6,4,25,14,43,44,32,168
2024-03-11 18:10:00,4,5,26,11,53,33,35,167
2024-03-11 18:20:00,7,9,24,15,43,44,19,161
2024-03-11 18:30:00,4,5,16,7,50,28,23,133
2024-03-11 18:40:00,3,6,20,10,34,32,26,131
2024-03-11 18:50:00,4,4,17,15,39,24,21,124
2024-03-11 19:00:00,0,6,19,9,27,31,22,114
2024-03-11 19:10:00,1,10,9,11,23,22,14,90
2024-03-11 19:20:00,0,6,12,9,24,23,17,91
2024-03-11 19:30:00,1,3,11,6,25,20,14,80
2024-03-11 19:40:00,0,2,13,10,32,25,22,104
2024-03-11 19:50:00,1,2,12,8,32,28,16,99
2024-03-11 20:00:00,0,3,7,3,32,22,21,88
2024-03-11 20:10:00,1,4,9,11,20,21,16,82
2024-03-11 20:20:00,1,3,5,9,28,20,22,88
2024-03-11 20:30:00,0,5,3,3,13,11,15,50
2024-03-11 20:40:00,2,4,4,6,16,18,14,64
2024-03-11 20:50:00,0,6,4,2,20,12,17,61
2024-03-11 21:00:00,0,2,5,7,21,17,11,63
2024-03-11 21:10:00,0,3,8,11,17,16,9,64
2024-03-11 21:20:00,2,0,2,10,14,19,14,61
2024-03-11 21:30:00,0,1,4,3,14,19,16,57
2024-03-11 21:40:00,1,1,5,9,7,18,16,57
2024-03-11 21:50:00,1,5,2,6,17,14,11,56
2024-03-11 22:00:00,2,3,7,8,12,13,14,59
2024-03-11 22:10:00,2,2,18,18,14,16,10,80
2024-03-11 22:20:00,2,2,2,3,9,9,8,35
2024-03-11 22:30:00,1,1,4,8,7,12,10,43
2024-03-11 22:40:00,1,3,1,6,10,15,10,46
2024-03-11 22:50:00,0,2,5,4,4,8,7,30
2024-03-11 23:00:00,1,2,1,2,9,9,12,36
2024-03-11 23:10:00,0,0,1,2,5,10,9,27
2024-03-11 23:20:00,0,1,2,3,2,5,3,16
2024-03-11 23:30:00,0,0,1,4,4,7,6,22
2024-03-11 23:40:00,1,1,3,3,1,5,5,19
2024-03-11 23:50:00,1,0,1,1,6,3,1,13
2024-03-12 00:00:00,0,2,2,2,8,6,7,27
2024-03-12 00:10:00,0,1,2,9,5,10,7,34
2024-03-12 00:20:00,0,0,0,2,4,3,3,12
2024-03-12 00:30:00,0,0,1,3,5,8,10,27
2024-03-12 00:40:00,1,0,1,2,1,2,0,7
2024-03-12 00:50:00,0,0,1,1,1,1,2,6
2024-03-12 01:00:00,0,0,0,0,2,1,2,5
2024-03-12 01:10:00,0,0,0,2,3,3,2,10
2024-03-12 01:20:00,0,3,0,1,1,5,5,15
2024-03-12 01:30:00,0,0,1,3,0,3,4,11
2024-03-12 01:40:00,1,0,2,2,1,1,3,10
2024-03-12 01:50:00,0,0,1,5,0,3,4,13
2024-03-12 02:00:00,0,0,0,0,0,1,0,1
2024-03-12 02:10:00,0,0,0,0,1,2,0,3
2024-03-12 02:20:00,1,2,0,2,0,4,7,16
2024-03-12 02:30:00,0,0,0,0,1,0,0,1
2024-03-12 02:40:00,0,0,0,0,0,0,0,0
2024-03-12 02:50:00,0,0,0,0,1,1,1,3
2024-03-12 03:00:00,0,0,2,3,0,2,2,9
2024-03-12 03:10:00,0,0,0,2,2,3,3,10
2024-03-12 03:20:00,0,0,0,0,3,3,4,10
2024-03-12 03:30:00,0,1,0,1,2,2,1,7
2024-03-12 03:40:00,0,0,0,0,1,1,1,3
2024-03-12 03:50:00,0,0,0,2,1,2,3,8
2024-03-12 04:00:00,0,0,1,2,2,4,2,11
2024-03-12 04:10:00,0,0,0,0,2,1,1,4
2024-03-12 04:20:00,0,0,0,0,1,2,1,4
2024-03-12 04:30:00,0,1,2,4,4,6,4,21
2024-03-12 04:40:00,0,0,0,1,3,1,4,9
2024-03-12 04:50:00,0,0,3,2,4,1,5,15
2024-03-12 05:00:00,0,1,4,5,8,0,7,25
2024-03-12 05:10:00,0,4,4,3,10,6,9,36
2024-03-12 05:20:00,1,2,4,8,14,6,8,43
2024-03-12 05:30:00,0,3,4,5,13,7,14,46
2024-03-12 05:40:00,1,0,7,7,36,8,14,73
2024-03-12 05:50:00,0,2,9,17,32,25,28,113
2024-03-12 06:00:00,1,4,9,9,29,15,20,87
2024-03-12 06:10:00,2,2,6,4,26,9,31,80
2024-03-12 06:20:00,0,2,10,11,31,25,25,104
2024-03-12 06:30:00,2,3,15,10,44,16,19,109
2024-03-12 06:40:00,0,5,11,14,42,41,34,147
2024-03-12 06:50:00,0,5,24,14,50,26,23,142
2024-03-12 07:00:00,0,3,15,9,50,32,27,136
2024-03-12 07:10:00,1,7,12,16,46,53,41,176
2024-03-12 07:20:00,3,7,22,19,52,40,34,177
2024-03-12 07:30:00,4,4,18,17,65,55,37,200
2024-03-12 07:40:00,2,4,28,28,43,74,25,204
2024-03-12 07:50:00,2,6,31,21,57,64,46,227
2024-03-12 08:00:00,1,6,28,18,48,38,30,169
2024-03-12 08:10:00,1,4,20,15,53,40,37,170
2024-03-12 08:20:00,2,7,17,19,49,50,33,177
2024-03-12 08:30:00,1,8,26,31,45,65,51,227
2024-03-12 08:40:00,0,5,24,18,43,49,36,175
2024-03-12 08:50:00,1,9,16,16,39,49,35,165
2024-03-12 09:00:00,2,5,18,20,52,35,25,157
2024-03-12 09:10:00,2,2,16,26,51,37,33,167
2024-03-12 09:20:00,2,3,16,25,44,54,28,172
2024-03-12 09:30:00,0,5,11,6,22,22,14,80
2024-03-12 09:40:00,1,7,10,19,40,30,22,129
2024-03-12 09:50:00,1,1,10,13,19,23,14,81
2024-03-12 10:00:00,1,4,19,20,27,23,19,113
2024-03-12 10:10:00,0,9,16,15,37,24,24,125
2024-03-12 10:20:00,0,3,17,21,29,42,27,139
2024-03-12 10:30:00,0,8,18,18,44,21,23,132
2024-03-12 10:40:00,2,7,22,21,53,39,27,171
2024-03-12 10:50:00,2,9,20,25,51,30,30,167
2024-03-12 11:00:00,2,3,17,15,52,34,26,149
2024-03-12 11:10:00,3,2,10,19,47,35,22,138
2024-03-12 11:20:00,3,4,17,20,51,23,29,147
2024-03-12 11:30:00,2,4,16,18,42,35,26,143
2024-03-12 11:40:00,4,14,12,21,33,32,29,145
2024-03-12 11:50:00,2,6,20,13,56,30,30,157
2024-03-12 12:00:00,5,5,31,21,41,32,30,165
2024-03-12 12:10:00,4,5,17,14,46,31,33,150
2024-03-12 12:20:00,5,20,26,17,37,36,23,164
2024-03-12 12:30:00,7,7,26,25,41,28,26,160
2024-03-12 12:40:00,3,7,25,24,45,41,26,171
2024-03-12 12:50:00,6,10,24,13,50,40,45,188
2024-03-12 13:00:00,0,5,20,19,57,33,36,170
2024-03-12 13:10:00,4,5,24,21,50,39,38,181
2024-03-12 13:20:00,3,4,23,20,35,35,40,160
2024-03-12 13:30:00,3,3,22,12,39,28,21,128
2024-03-12 13:40:00,5,4,21,23,45,39,30,167
2024-03-12 13:50:00,3,10,14,15,46,43,27,158
2024-03-12 14:00:00,3,8,21,20,42,30,30,154
2024-03-12 14:10:00,5,6,16,12,45,33,33,150
2024-03-12 14:20:00,8,8,17,23,48,58,30,192
2024-03-12 14:30:00,9,9,22,19,57,28,29,173
2024-03-12 14:40:00,17,4,26,11,49,39,31,177
2024-03-12 14:50:00,11,9,27,14,42,37,39,179
2024-03-12 15:00:00,7,9,28,19,29,46,29,167
2024-03-12 15:10:00,7,8,29,18,60,47,43,212
2024-03-12 15:20:00,11,7,36,23,52,49,38,216
2024-03-12 15:30:00,9,10,32,20,42,34,37,184
2024-03-12 15:40:00,14,5,28,22,47,58,40,214
2024-03-12 15:50:00,9,7,34,26,37,51,43,207
2024-03-12 16:00:00,14,11,27,22,58,46,25,203
2024-03-12 16:10:00,12,7,32,23,43,48,27,192
2024-03-12 16:20:00,22,6,35,15,53,36,28,195
2024-03-12 16:30:00,10,11,34,25,57,62,41,240
2024-03-12 16:40:00,12,6,43,29,36,93,31,250
2024-03-12 16:50:00,7,8,31,20,57,64,36,223
2024-03-12 17:00:00,9,5,29,22,38,47,23,173
2024-03-12 17:10:00,93,8,30,12,53,41,38,275
2024-03-12 17:20:00,9,4,42,13,35,49,33,185
2024-03-12 17:30:00,9,4,28,21,59,60,38,219
2024-03-12 17:40:00,3,5,25,12,52,63,34,194
2024-03-12 17:50:00,5,9,28,12,36,122,29,241
2024-03-12 18:00:00,5,5,30,20,44,43,30,177
2024-03-12 18:10:00,3,6,29,19,40,47,31,175
2024-03-12 18:20:00,3,0,19,10,60,44,24,160
2024-03-12 18:30:00,2,5,21,7,32,34,25,126
2024-03-12 18:40:00,7,5,17,5,41,28,19,122
2024-03-12 18:50:00,1,4,16,11,31,27,31,121
2024-03-12 19:00:00,2,7,12,10,26,19,19,95
2024-03-12 19:10:00,0,5,14,12,32,21,25,109
2024-03-12 19:20:00,2,3,9,12,38,18,14,96
2024-03-12 19:30:00,3,5,14,13,19,27,18,99
2024-03-12 19:40:00,0,5,13,13,26,26,22,105
2024-03-12 19:50:00,1,5,8,7,31,32,32,116
2024-03-12 20:00:00,0,2,9,7,13,24,18,73
2024-03-12 20:10:00,0,3,7,7,9,19,24,69
2024-03-12 20:20:00,67,1,10,10,14,16,14,132
2024-03-12 20:30:00,0,2,11,10,15,19,15,72
2024-03-12 20:40:00,0,3,6,6,30,26,15,86
2024-03-12 20:50:00,0,1,4,10,6,21,15,57
2024-03-12 21:00:00,0,2,7,6,19,17,14,65
2024-03-12 21:10:00,2,3,5,1,24,18,9,62
2024-03-12 21:20:00,4,3,6,6,7,6,14,46
2024-03-12 21:30:00,0,2,4,7,15,13,8,49
2024-03-12 21:40:00,0,3,4,7,18,14,21,67
2024-03-12 21:50:00,2,0,4,1,10,12,7,36
2024-03-12 22:00:00,4,2,3,10,8,25,13,65
2024-03-12 22:10:00,2,2,2,5,10,11,9,41
2024-03-12 22:20:00,1,2,5,7,11,7,10,43
2024-03-12 22:30:00,1,3,1,5,10,7,13,40
2024-03-12 22:40:00,0,1,1,5,11,12,10,40
2024-03-12 22:50:00,0,2,4,4,5,13,11,39
2024-03-12 23:00:00,0,2,1,2,5,8,12,30
2024-03-12 23:10:00,0,5,2,3,4,7,5,26
2024-03-12 23:20:00,0,2,0,0,4,6,4,16
2024-03-12 23:30:00,0,1,2,2,4,5,6,20
2024-03-12 23:40:00,0,0,0,1,6,4,6,17
2024-03-12 23:50:00,0,2,0,2,1,4,8,17
2024-03-13 00:00:00,0,3,2,2,5,3,4,19
2024-03-13 00:10:00,0,0,0,0,0,1,1,2
2024-03-13 00:20:00,0,1,1,4,1,2,3,12
2024-03-13 00:30:00,0,1,1,2,1,4,5,14
2024-03-13 00:40:00,0,1,0,1,0,2,3,7
2024-03-13 00:50:00,0,1,1,1,0,1,1,5
2024-03-13 01:00:00,0,0,0,1,0,1,2,4
2024-03-13 01:10:00,0,2,1,1,1,2,5,12
2024-03-13 01:20:00,0,0,0,0,1,0,1,2
2024-03-13 01:30:00,0,0,0,0,0,1,1,2
2024-03-13 01:40:00,0,0,0,0,1,0,0,1
2024-03-13 01:50:00,0,0,0,0,1,0,0,1
2024-03-13 02:00:00,0,0,0,1,2,2,2,7
2024-03-13 02:10:00,0,2,0,0,1,2,4,9
2024-03-13 02:20:00,0,0,1,0,2,2,2,7
2024-03-13 02:30:00,0,0,0,0,1,1,1,3
2024-03-13 02:40:00,0,0,1,1,1,1,0,4
2024-03-13 02:50:00,0,0,0,1,0,1,1,3
2024-03-13 03:00:00,0,1,0,1,1,1,3,7
2024-03-13 03:10:00,0,0,2,3,0,1,2,8
2024-03-13 03:20:00,0,0,0,0,3,3,3,9
2024-03-13 03:30:00,0,1,0,0,1,1,2,5
2024-03-13 03:40:00,0,0,0,1,0,1,1,3
2024-03-13 03:50:00,0,0,1,3,1,3,3,11
2024-03-13 04:00:00,0,1,0,3,1,3,5,13
2024-03-13 04:10:00,1,0,1,1,2,3,3,11
2024-03-13 04:20:00,0,1,1,1,2,3,4,12
2024-03-13 04:30:00,0,0,1,2,5,2,4,14
2024-03-13 04:40:00,0,2,0,2,4,3,7,18
2024-03-13 04:50:00,0,4,2,2,5,0,6,19
2024-03-13 05:00:00,0,1,3,5,5,3,6,23
2024-03-13 05:10:00,0,1,2,3,12,7,9,34
2024-03-13 05:20:00,1,0,4,6,14,3,11,39
2024-03-13 05:30:00,1,2,7,5,18,5,10,48
2024-03-13 05:40:00,0,1,6,6,35,14,17,79
2024-03-13 05:50:00,0,3,9,5,28,22,25,92
2024-03-13 06:00:00,1,3,14,11,29,12,23,93
2024-03-13 06:10:00,3,4,3,8,26,18,27,89
2024-03-13 06:20:00,0,1,9,10,29,40,22,111
2024-03-13 06:30:00,2,8,13,12,48,26,30,139
2024-03-13 06:40:00,1,0,17,21,32,30,20,121
2024-03-13 06:50:00,4,4,17,18,62,33,36,174
2024-03-13 07:00:00,4,0,18,27,55,48,27,179
2024-03-13 07:10:00,1,6,17,23,39,42,28,156
2024-03-13 07:20:00,1,3,15,16,42,55,33,165
2024-03-13 07:30:00,1,6,31,26,51,66,27,208
2024-03-13 07:40:00,1,8,20,26,50,66,41,212
2024-03-13 07:50:00,3,2,16,20,61,52,29,183
2024-03-13 08:00:00,3,7,24,27,39,57,34,191
2024-03-13 08:10:00,3,9,14,28,53,50,34,191
2024-03-13 08:20:00,2,5,17,18,47,51,30,170
2024-03-13 08:30:00,3,9,30,26,48,62,43,221
2024-03-13 08:40:00,1,6,23,19,31,60,36,176
2024-03-13 08:50:00,0,5,19,21,49,49,25,168
2024-03-13 09:00:00,1,4,12,18,49,44,28,156
2024-03-13 09:10:00,2,5,20,25,45,33,23,153
2024-03-13 09:20:00,3,7,19,27,37,116,29,238
2024-03-13 09:30:00,0,4,20,22,42,26,25,139
2024-03-13 09:40:00,2,11,19,21,36,23,23,135
2024-03-13 09:50:00,3,3,11,13,53,24,30,137
2024-03-13 10:00:00,2,8,20,24,37,32,38,161
2024-03-13 10:10:00,2,7,20,29,41,33,26,158
2024-03-13 10:20:00,1,5,21,26,28,42,28,151
2024-03-13 10:30:00,1,10,20,25,47,31,34,168
2024-03-13 10:40:00,5,4,11,18,31,34,29,132
2024-03-13 10:50:00,1,8,13,16,37,30,17,122
2024-03-13 11:00:00,3,4,22,21,35,29,28,142
2024-03-13 11:10:00,4,10,15,23,45,37,27,161
2024-03-13 11:20:00,4,4,21,20,49,23,22,143
2024-03-13 11:30:00,1,7,14,10,52,31,34,149
2024-03-13 11:40:00,1,9,23,19,43,31,25,151
2024-03-13 11:50:00,3,9,16,20,40,31,31,150
2024-03-13 12:00:00,3,8,23,21,54,30,34,173
2024-03-13 12:10:00,3,7,23,18,42,49,27,169
2024-03-13 12:20:00,3,6,21,12,42,52,33,169
2024-03-13 12:30:00,3,6,12,12,56,34,26,149
2024-03-13 12:40:00,5,2,27,22,37,29,31,153
2024-03-13 12:50:00,3,6,27,23,33,40,33,165
2024-03-13 13:00:00,6,9,21,16,44,38,30,164
2024-03-13 13:10:00,3,2,24,16,53,38,27,163
2024-03-13 13:20:00,3,5,30,17,43,27,27,152
2024-03-13 13:30:00,4,7,17,17,46,28,38,157
2024-03-13 13:40:00,6,8,18,5,47,28,22,134
2024-03-13 13:50:00,6,8,19,21,38,37,33,162
2024-03-13 14:00:00,8,9,25,23,51,40,25,181
2024-03-13 14:10:00,3,6,20,19,37,42,33,160
2024-03-13 14:20:00,10,9,18,22,40,33,30,162
2024-03-13 14:30:00,12,11,21,18,62,46,40,210
2024-03-13 14:40:00,119,7,27,26,42,39,34,294
2024-03-13 14:50:00,5,4,25,23,63,50,41,211
2024-03-13 15:00:00,9,8,22,28,29,49,38,183
2024-03-13 15:10:00,11,6,41,27,51,36,28,200
2024-03-13 15:20:00,22,6,31,19,48,37,30,193
2024-03-13 15:30:00,12,4,33,18,41,45,34,187
2024-03-13 15:40:00,13,8,35,24,45,53,27,205
2024-03-13 15:50:00,18,9,39,21,45,39,36,207
2024-03-13 16:00:00,14,5,29,14,50,32,25,169
2024-03-13 16:10:00,13,9,33,15,41,43,31,185
2024-03-13 16:20:00,12,4,39,18,44,51,35,203
2024-03-13 16:30:00,8,6,44,21,61,62,31,233
2024-03-13 16:40:00,8,4,25,11,48,36,30,162
2024-03-13 16:50:00,7,4,19,11,36,41,26,144
2024-03-13 17:00:00,9,6,38,18,37,39,25,172
2024-03-13 17:10:00,9,5,27,10,52,53,20,176
2024-03-13 17:20:00,12,6,30,14,46,51,29,188
2024-03-13 17:30:00,13,8,24,15,61,48,24,193
2024-03-13 17:40:00,9,8,32,22,39,54,37,201
2024-03-13 17:50:00,3,4,27,19,45,200,22,320
2024-03-13 18:00:00,5,4,30,15,40,41,21,156
2024-03-13 18:10:00,4,4,35,12,32,40,23,150
2024-03-13 18:20:00,4,6,17,8,29,36,26,126
2024-03-13 18:30:00,6,1,26,15,36,31,21,136
2024-03-13 18:40:00,1,4,22,9,30,29,25,120
2024-03-13 18:50:00,1,2,17,9,40,38,26,133
2024-03-13 19:00:00,1,2,13,11,37,26,18,108
2024-03-13 19:10:00,5,10,9,10,38,19,27,118
2024-03-13 19:20:00,1,2,8,6,17,27,20,81
2024-03-13 19:30:00,0,1,11,9,27,28,18,94
2024-03-13 19:40:00,0,3,5,5,30,27,23,93
2024-03-13 19:50:00,1,3,16,16,27,28,26,117
2024-03-13 20:00:00,1,1,7,13,21,27,23,93
2024-03-13 20:10:00,2,5,8,5,20,23,18,81
2024-03-13 20:20:00,2,3,8,7,23,23,20,86
2024-03-13 20:30:00,0,3,2,2,14,25,15,61
2024-03-13 20:40:00,0,3,5,8,21,25,16,78
2024-03-13 20:50:00,0,1,8,8,14,20,24,75
2024-03-13 21:00:00,0,3,3,5,21,22,19,73
2024-03-13 21:10:00,3,3,6,5,14,17,14,62
2024-03-13 21:20:00,1,4,9,7,18,17,16,72
2024-03-13 21:30:00,0,3,5,8,18,15,14,63
2024-03-13 21:40:00,1,0,3,3,17,13,19,56
2024-03-13 21:50:00,0,3,6,11,10,18,15,63
2024-03-13 22:00:00,1,0,3,8,17,20,14,63
2024-03-13 22:10:00,2,2,4,8,13,21,15,65
2024-03-13 22:20:00,0,1,6,10,7,11,15,50
2024-03-13 22:30:00,1,6,4,7,16,12,10,56
2024-03-13 22:40:00,0,1,1,1,13,15,16,47
2024-03-13 22:50:00,0,1,1,2,9,8,8,29
2024-03-13 23:00:00,0,0,4,7,7,14,12,44
2024-03-13 23:10:00,1,1,4,9,4,13,11,43
2024-03-13 23:20:00,1,2,6,6,5,5,4,29
2024-03-13 23:30:00,0,1,0,2,6,4,5,18
2024-03-13 23:40:00,0,1,2,5,4,4,15,31
2024-03-13 23:50:00,0,2,2,3,3,3,3,16
2024-03-14 00:00:00,0,1,1,1,2,3,6,14
2024-03-14 00:10:00,0,2,0,0,4,1,2,9
2024-03-14 00:20:00,0,0,1,1,3,4,2,11
2024-03-14 00:30:00,0,1,2,4,1,3,6,17
2024-03-14 00:40:00,0,0,1,0,1,1,2,5
2024-03-14 00:50:00,0,0,0,1,1,3,2,7
2024-03-14 01:00:00,0,1,1,0,5,5,7,19
2024-03-14 01:10:00,0,1,0,0,1,2,1,5
2024-03-14 01:20:00,0,0,0,0,3,1,2,6
2024-03-14 01:30:00,0,0,0,0,4,2,2,8
2024-03-14 01:40:00,0,0,1,1,0,4,3,9
2024-03-14 01:50:00,0,1,0,2,0,2,3,8
2024-03-14 02:00:00,0,1,0,1,0,4,3,9
2024-03-14 02:10:00,0,0,0,0,2,0,0,2
2024-03-14 02:20:00,0,1,1,1,2,2,1,8
2024-03-14 02:30:00,0,0,1,0,3,1,1,6
2024-03-14 02:40:00,0,0,0,0,2,1,2,5
2024-03-14 02:50:00,0,1,0,0,2,0,1,4
2024-03-14 03:00:00,0,0,0,0,2,0,1,3
2024-03-14 03:10:00,0,1,0,1,5,2,1,10
2024-03-14 03:20:00,0,1,0,3,2,7,5,18
2024-03-14 03:30:00,0,0,0,0,1,2,3,6
2024-03-14 03:40:00,0,0,0,0,1,0,0,1
2024-03-14 03:50:00,0,0,0,1,1,2,2,6
2024-03-14 04:00:00,0,0,1,4,1,4,3,13
2024-03-14 04:10:00,0,0,1,1,2,2,1,7
2024-03-14 04:20:00,0,0,1,0,2,2,1,6
2024-03-14 04:30:00,0,1,0,2,6,3,11,23
2024-03-14 04:40:00,0,0,3,3,1,0,2,9
2024-03-14 04:50:00,0,0,2,7,12,5,7,33
2024-03-14 05:00:00,0,0,2,3,6,5,6,22
2024-03-14 05:10:00,0,2,1,4,11,4,9,31
2024-03-14 05:20:00,1,2,4,3,12,5,13,40
2024-03-14 05:30:00,1,4,7,8,20,13,15,68
2024-03-14 05:40:00,0,4,6,9,26,9,13,67
2024-03-14 05:50:00,0,1,11,6,34,16,24,92
2024-03-14 06:00:00,2,1,10,10,38,18,15,94
2024-03-14 06:10:00,4,4,3,10,24,14,27,86
2024-03-14 06:20:00,0,3,6,7,31,20,19,86
2024-03-14 06:30:00,0,1,11,15,43,27,22,119
2024-03-14 06:40:00,1,3,16,12,30,25,30,117
2024-03-14 06:50:00,0,8,13,9,43,25,36,134
2024-03-14 07:00:00,1,4,20,10,58,34,26,153
2024-03-14 07:10:00,3,3,15,14,46,47,27,155
2024-03-14 07:20:00,1,1,18,16,41,53,26,156
2024-03-14 07:30:00,3,11,28,25,40,69,31,207
2024-03-14 07:40:00,3,5,22,25,61,69,39,224
2024-03-14 07:50:00,0,1,22,18,52,50,25,168
2024-03-14 08:00:00,0,8,19,27,55,58,26,193
2024-03-14 08:10:00,1,9,23,19,48,56,35,191
2024-03-14 08:20:00,2,8,24,16,57,57,19,183
2024-03-14 08:30:00,2,9,22,29,45,62,35,204
2024-03-14 08:40:00,1,2,25,30,40,55,35,188
2024-03-14 08:50:00,2,6,20,15,44,40,29,156
2024-03-14 09:00:00,1,6,19,13,40,26,29,134
2024-03-14 09:10:00,2,9,21,24,38,42,31,167
2024-03-14 09:20:00,2,3,26,22,45,34,22,154
2024-03-14 09:30:00,0,4,16,11,42,30,25,128
2024-03-14 09:40:00,0,3,13,15,34,31,23,119
2024-03-14 09:50:00,1,4,15,13,40,102,23,198
2024-03-14 10:00:00,1,5,12,7,38,35,28,126
2024-03-14 10:10:00,0,4,20,13,45,27,31,140
2024-03-14 10:20:00,1,6,15,11,42,28,27,130
2024-03-14 10:30:00,1,3,19,14,43,31,25,136
2024-03-14 10:40:00,2,6,25,16,48,32,24,153
2024-03-14 10:50:00,1,5,15,15,36,36,32,140
2024-03-14 11:00:00,1,4,16,13,35,28,29,126
2024-03-14 11:10:00,0,9,18,13,46,38,33,157
2024-03-14 11:20:00,3,6,17,10,53,37,38,164
2024-03-14 11:30:00,1,7,23,19,52,37,33,172
2024-03-14 11:40:00,1,4,13,14,42,93,28,195
2024-03-14 11:50:00,3,7,19,21,49,33,31,163
2024-03-14 12:00:00,1,10,23,17,35,27,33,146
2024-03-14 12:10:00,4,9,29,18,52,34,30,176
2024-03-14 12:20:00,8,7,29,22,38,34,17,155
2024-03-14 12:30:00,3,5,30,17,50,41,23,169
2024-03-14 12:40:00,3,2,18,19,37,36,35,150
2024-03-14 12:50:00,1,2,25,22,53,35,29,167
2024-03-14 13:00:00,2,5,26,18,48,48,25,172
2024-03-14 13:10:00,2,4,31,16,59,38,33,183
2024-03-14 13:20:00,7,5,20,17,39,37,34,159
2024-03-14 13:30:00,1,5,31,26,49,32,25,169
2024-03-14 13:40:00,8,7,23,8,54,34,25,159
2024-03-14 13:50:00,10,10,13,17,38,33,28,149
2024-03-14 14:00:00,8,7,18,12,50,41,32,168
2024-03-14 14:10:00,4,3,23,12,37,34,28,141
2024-03-14 14:20:00,8,4,17,11,37,132,29,238
2024-03-14 14:30:00,11,11,22,18,40,35,37,174
2024-03-14 14:40:00,11,4,28,23,38,44,28,176
2024-03-14 14:50:00,10,7,16,21,50,43,34,181
2024-03-14 15:00:00,11,8,23,13,36,40,28,159
2024-03-14 15:10:00,13,6,30,18,46,48,29,190
2024-03-14 15:20:00,8,5,33,19,42,51,31,189
2024-03-14 15:30:00,12,10,29,12,53,35,30,181
2024-03-14 15:40:00,8,5,23,11,53,49,30,179
2024-03-14 15:50:00,13,3,32,23,58,98,35,262
2024-03-14 16:00:00,6,8,40,24,57,51,33,219
2024-03-14 16:10:00,4,4,25,17,61,43,23,177
2024-03-14 16:20:00,15,9,38,21,60,45,28,216
2024-03-14 16:30:00,10,10,42,31,53,60,33,239
2024-03-14 16:40:00,24,9,37,24,47,80,29,250
2024-03-14 16:50:00,6,6,40,24,51,57,36,220
2024-03-14 17:00:00,11,10,45,26,48,55,35,230
2024-03-14 17:10:00,11,10,25,27,50,53,31,207
2024-03-14 17:20:00,8,8,33,16,42,59,35,201
2024-03-14 17:30:00,9,10,22,18,57,42,30,188
2024-03-14 17:40:00,7,5,27,16,54,44,34,187
2024-03-14 17:50:00,9,11,37,16,49,47,21,190
2024-03-14 18:00:00,5,8,35,21,44,41,19,173
2024-03-14 18:10:00,7,7,23,12,40,49,27,165
2024-03-14 18:20:00,5,2,16,13,32,36,34,138
2024-03-14 18:30:00,3,4,24,18,50,33,21,153
2024-03-14 18:40:00,5,8,12,6,33,35,24,123
2024-03-14 18:50:00,4,4,18,14,36,31,25,132
2024-03-14 19:00:00,3,3,20,18,22,30,12,108
2024-03-14 19:10:00,0,1,16,9,29,38,30,123
2024-03-14 19:20:00,2,3,15,16,33,23,13,105
2024-03-14 19:30:00,2,5,13,6,36,34,22,118
2024-03-14 19:40:00,0,5,13,12,30,24,23,107
2024-03-14 19:50:00,1,1,14,14,23,28,21,102
2024-03-14 20:00:00,0,6,6,11,32,30,28,113
2024-03-14 20:10:00,2,6,8,12,22,41,26,117
2024-03-14 20:20:00,0,5,8,9,24,14,21,81
2024-03-14 20:30:00,1,1,6,6,22,15,13,64
2024-03-14 20:40:00,0,3,7,7,23,12,19,71
2024-03-14 20:50:00,0,2,7,8,15,20,22,74
2024-03-14 21:00:00,0,3,3,8,11,26,19,70
2024-03-14 21:10:00,1,3,6,7,22,17,14,70
2024-03-14 21:20:00,1,1,3,3,21,15,11,55
2024-03-14 21:30:00,1,5,4,7,22,23,19,81
2024-03-14 21:40:00,3,4,2,5,18,36,14,82
2024-03-14 21:50:00,1,2,2,3,15,22,11,56
2024-03-14 22:00:00,3,3,3,6,11,11,9,46
2024-03-14 22:10:00,1,0,4,8,9,16,18,56
2024-03-14 22:20:00,2,1,2,5,11,17,11,49
2024-03-14 22:30:00,0,3,7,10,9,16,18,63
2024-03-14 22:40:00,0,1,1,6,8,17,15,48
2024-03-14 22:50:00,0,1,1,3,8,12,11,36
2024-03-14 23:00:00,0,3,2,6,12,8,9,40
2024-03-14 23:10:00,0,2,4,6,10,7,7,36
2024-03-14 23:20:00,0,1,0,4,9,8,7,29
2024-03-14 23:30:00,0,1,3,4,6,6,9,29
2024-03-14 23:40:00,0,1,1,1,6,8,7,24
2024-03-14 23:50:00,0,2,2,3,4,7,12,30
2024-03-15 00:00:00,0,1,0,1,4,8,7,21
2024-03-15 00:10:00,0,1,1,1,3,4,4,14
2024-03-15 00:20:00,0,1,0,1,6,5,5,18
2024-03-15 00:30:00,0,1,0,2,5,4,5,17
2024-03-15 00:40:00,0,0,1,1,5,6,4,17
2024-03-15 00:50:00,0,0,1,1,3,4,5,14
2024-03-15 01:00:00,0,4,0,1,2,1,1,9
2024-03-15 01:10:00,0,2,1,2,2,7,9,23
2024-03-15 01:20:00,0,1,0,0,1,1,2,5
2024-03-15 01:30:00,1,0,2,2,5,4,2,16
2024-03-15 01:40:00,0,0,0,2,1,2,3,8
2024-03-15 01:50:00,0,0,0,2,2,5,3,12
2024-03-15 02:00:00,0,1,0,0,1,1,2,5
2024-03-15 02:10:00,0,3,0,0,0,1,4,8
2024-03-15 02:20:00,0,1,0,1,0,1,1,4
2024-03-15 02:30:00,0,0,0,0,1,2,0,3
2024-03-15 02:40:00,0,1,0,0,0,0,1,2
2024-03-15 02:50:00,0,1,0,2,2,3,3,11
2024-03-15 03:00:00,0,0,0,0,2,0,0,2
2024-03-15 03:10:00,0,0,1,0,0,2,2,5
2024-03-15 03:20:00,0,0,0,0,3,3,1,7
2024-03-15 03:30:00,0,2,0,0,2,1,3,8
2024-03-15 03:40:00,0,1,0,0,0,0,2,3
2024-03-15 03:50:00,0,1,0,2,2,2,3,10
2024-03-15 04:00:00,0,0,0,3,1,3,2,9
2024-03-15 04:10:00,0,0,1,0,2,1,1,5
2024-03-15 04:20:00,0,0,1,0,5,3,3,12
2024-03-15 04:30:00,0,1,1,3,2,2,6,15
2024-03-15 04:40:00,0,1,0,2,3,2,7,15
2024-03-15 04:50:00,1,2,4,2,3,1,5,18
2024-03-15 05:00:00,0,0,2,3,8,3,3,19
2024-03-15 05:10:00,0,0,3,4,7,6,7,27
2024-03-15 05:20:00,0,3,6,5,13,2,14,43
2024-03-15 05:30:00,0,4,4,5,17,11,7,48
2024-03-15 05:40:00,0,1,10,8,29,8,6,62
2024-03-15 05:50:00,0,1,8,3,18,13,12,55
2024-03-15 06:00:00,1,4,10,8,30,16,26,95
2024-03-15 06:10:00,3,3,6,15,28,16,25,96
2024-03-15 06:20:00,0,3,13,11,30,44,18,119
2024-03-15 06:30:00,0,1,9,15,36,23,26,110
2024-03-15 06:40:00,0,3,11,9,31,19,24,97
2024-03-15 06:50:00,4,3,13,16,44,25,24,129
2024-03-15 07:00:00,2,3,12,12,43,38,23,133
2024-03-15 07:10:00,1,6,15,13,48,63,21,167
2024-03-15 07:20:00,2,3,16,13,39,41,23,137
2024-03-15 07:30:00,1,4,15,12,41,44,22,139
2024-03-15 07:40:00,1,5,20,17,56,56,29,184
2024-03-15 07:50:00,0,6,13,23,41,44,25,152
2024-03-15 08:00:00,1,6,11,13,34,45,35,145
2024-03-15 08:10:00,0,2,14,11,38,44,29,138
2024-03-15 08:20:00,1,7,21,11,34,41,26,141
2024-03-15 08:30:00,0,4,23,19,51,39,28,164
2024-03-15 08:40:00,0,2,14,13,38,40,26,133
2024-03-15 08:50:00,2,4,24,18,37,123,23,231
2024-03-15 09:00:00,0,4,17,17,43,33,30,144
2024-03-15 09:10:00,1,2,11,16,38,35,21,124
2024-03-15 09:20:00,1,3,13,14,42,27,23,123
2024-03-15 09:30:00,1,4,16,14,49,32,22,138
2024-03-15 09:40:00,2,5,16,19,52,39,31,164
2024-03-15 09:50:00,2,3,12,18,34,31,23,123
2024-03-15 10:00:00,1,5,19,18,43,30,33,149
2024-03-15 10:10:00,3,3,11,6,30,22,20,95
2024-03-15 10:20:00,1,5,17,16,40,30,27,136
2024-03-15 10:30:00,1,4,14,15,45,33,30,142
2024-03-15 10:40:00,4,6,19,14,39,27,40,149
2024-03-15 10:50:00,2,8,19,19,34,35,23,140
2024-03-15 11:00:00,1,1,17,19,39,23,25,125
2024-03-15 11:10:00,4,8,16,18,53,23,24,146
2024-03-15 11:20:00,1,5,23,12,31,37,24,133
2024-03-15 11:30:00,6,4,16,12,47,23,38,146
2024-03-15 11:40:00,2,5,23,17,41,30,25,143
2024-03-15 11:50:00,3,3,13,12,56,26,31,144
2024-03-15 12:00:00,3,7,17,13,52,37,33,162
2024-03-15 12:10:00,7,9,27,17,47,37,30,174
2024-03-15 12:20:00,13,5,23,25,58,47,33,204
2024-03-15 12:30:00,4,4,20,17,44,35,30,154
2024-03-15 12:40:00,3,5,25,22,45,42,39,181
2024-03-15 12:50:00,5,5,19,12,53,39,35,168
2024-03-15 13:00:00,9,7,19,12,63,29,40,179
2024-03-15 13:10:00,2,9,25,18,55,53,54,216
2024-03-15 13:20:00,7,4,26,17,58,45,35,192
2024-03-15 13:30:00,2,5,23,17,61,42,46,196
2024-03-15 13:40:00,3,4,21,10,60,32,28,158
2024-03-15 13:50:00,4,6,18,14,48,37,31,158
2024-03-15 14:00:00,7,8,38,23,50,42,17,185
2024-03-15 14:10:00,8,11,21,18,40,42,29,169
2024-03-15 14:20:00,8,7,21,30,43,49,36,194
2024-03-15 14:30:00,8,7,35,20,42,38,34,184
2024-03-15 14:40:00,7,6,24,22,54,47,34,194
2024-03-15 14:50:00,10,7,24,19,42,44,36,182
2024-03-15 15:00:00,9,5,40,17,42,46,22,181
2024-03-15 15:10:00,13,7,34,25,58,44,37,218
2024-03-15 15:20:00,9,6,23,21,55,39,32,185
2024-03-15 15:30:00,13,10,31,22,46,41,27,190
2024-03-15 15:40:00,7,5,24,22,45,40,28,171
2024-03-15 15:50:00,8,7,19,14,52,36,29,165
2024-03-15 16:00:00,8,6,21,13,33,38,27,146
2024-03-15 16:10:00,3,6,19,12,54,39,35,168
2024-03-15 16:20:00,10,2,13,17,57,44,29,172
2024-03-15 16:30:00,7,4,16,15,40,44,28,154
2024-03-15 16:40:00,5,9,28,16,56,50,36,200
2024-03-15 16:50:00,4,9,19,13,54,35,40,174
2024-03-15 17:00:00,1,4,25,13,34,45,27,149
2024-03-15 17:10:00,10,7,31,21,51,42,32,194
2024-03-15 17:20:00,6,8,25,12,34,46,19,150
2024-03-15 17:30:00,2,5,16,19,44,33,21,140
2024-03-15 17:40:00,2,4,22,16,32,33,34,143
2024-03-15 17:50:00,5,6,25,17,68,34,38,193
2024-03-15 18:00:00,3,7,22,13,64,35,16,160
2024-03-15 18:10:00,1,8,26,20,43,52,35,185
2024-03-15 18:20:00,0,3,8,11,52,39,33,146
2024-03-15 18:30:00,2,3,17,13,45,28,26,134
2024-03-15 18:40:00,4,4,11,8,25,29,21,102
2024-03-15 18:50:00,0,2,11,9,25,28,18,93
2024-03-15 19:00:00,3,5,6,6,28,28,17,93
2024-03-15 19:10:00,1,7,9,10,24,54,21,126
2024-03-15 19:20:00,2,2,10,12,18,30,24,98
2024-03-15 19:30:00,0,7,12,10,37,24,19,109
2024-03-15 19:40:00,0,3,8,11,31,34,28,115
2024-03-15 19:50:00,2,8,6,11,25,37,34,123
2024-03-15 20:00:00,3,5,12,10,20,20,20,90
2024-03-15 20:10:00,1,2,11,11,31,27,17,100
2024-03-15 20:20:00,1,2,9,9,25,18,17,81
2024-03-15 20:30:00,0,4,3,6,21,19,20,73
2024-03-15 20:40:00,4,3,3,8,19,21,17,75
2024-03-15 20:50:00,0,2,10,9,19,13,11,64
2024-03-15 21:00:00,1,3,8,6,21,21,18,78
2024-03-15 21:10:00,1,3,3,4,25,15,9,60
2024-03-15 21:20:00,2,2,2,9,16,20,12,63
2024-03-15 21:30:00,0,2,8,10,14,24,19,77
2024-03-15 21:40:00,1,6,6,5,24,18,17,77
2024-03-15 21:50:00,1,2,8,12,20,19,15,77
2024-03-15 22:00:00,2,1,5,6,12,17,11,54
2024-03-15 22:10:00,1,3,6,8,15,16,12,61
2024-03-15 22:20:00,0,2,4,5,10,12,13,46
2024-03-15 22:30:00,1,2,4,7,9,21,13,57
2024-03-15 22:40:00,0,5,4,8,11,13,9,50
2024-03-15 22:50:00,0,3,3,6,17,18,14,61
2024-03-15 23:00:00,1,4,5,5,9,15,15,54
2024-03-15 23:10:00,0,2,5,8,10,16,17,58
2024-03-15 23:20:00,0,2,2,5,9,13,14,45
2024-03-15 23:30:00,1,2,4,7,5,11,11,41
2024-03-15 23:40:00,0,1,2,2,8,10,9,32
2024-03-15 23:50:00,0,4,4,6,11,13,11,49
2024-03-16 00:00:00,1,3,4,5,8,10,13,44
2024-03-16 00:10:00,0,3,7,6,10,12,9,47
2024-03-16 00:20:00,0,1,5,3,6,5,2,22
2024-03-16 00:30:00,0,1,0,4,11,7,9,32
2024-03-16 00:40:00,0,3,0,0,7,5,8,23
2024-03-16 00:50:00,0,2,1,1,2,3,7,16
2024-03-16 01:00:00,0,1,1,0,3,2,2,9
2024-03-16 01:10:00,0,0,1,0,7,3,3,14
2024-03-16 01:20:00,0,0,2,6,3,6,7,24
2024-03-16 01:30:00,1,4,2,5,8,8,7,35
2024-03-16 01:40:00,0,2,4,4,3,4,10,27
2024-03-16 01:50:00,0,1,2,4,1,5,6,19
2024-03-16 02:00:00,0,1,1,1,4,2,4,13
2024-03-16 02:10:00,0,1,2,5,4,4,4,20
2024-03-16 02:20:00,0,2,2,3,1,2,3,13
2024-03-16 02:30:00,0,1,1,2,2,1,3,10
2024-03-16 02:40:00,0,0,0,3,1,5,4,13
2024-03-16 02:50:00,0,0,0,2,6,4,4,16
2024-03-16 03:00:00,1,1,1,1,1,1,4,10
2024-03-16 03:10:00,0,1,2,4,3,5,6,21
2024-03-16 03:20:00,0,1,2,3,4,5,3,18
2024-03-16 03:30:00,0,2,0,0,2,2,4,10
2024-03-16 03:40:00,0,1,1,2,1,1,4,10
2024-03-16 03:50:00,0,2,1,1,4,1,6,15
2024-03-16 04:00:00,0,0,0,1,2,3,3,9
2024-03-16 04:10:00,0,1,1,1,4,3,3,13
2024-03-16 04:20:00,0,0,1,2,0,1,1,5
2024-03-16 04:30:00,0,1,0,1,0,1,4,7
2024-03-16 04:40:00,0,1,0,3,3,8,8,23
2024-03-16 04:50:00,0,1,0,0,1,0,1,3
2024-03-16 05:00:00,0,1,0,1,2,1,1,6
2024-03-16 05:10:00,0,1,1,2,7,3,5,19
2024-03-16 05:20:00,0,1,0,2,6,4,4,17
2024-03-16 05:30:00,0,0,1,1,4,1,6,13
2024-03-16 05:40:00,0,1,1,3,8,3,3,19
2024-03-16 05:50:00,1,2,1,3,5,6,7,25
2024-03-16 06:00:00,0,2,0,0,7,1,4,14
2024-03-16 06:10:00,2,2,0,0,11,2,4,21
2024-03-16 06:20:00,0,0,1,2,11,5,2,21
2024-03-16 06:30:00,0,5,0,0,5,3,7,20
2024-03-16 06:40:00,1,0,1,2,6,7,8,25
2024-03-16 06:50:00,0,3,1,2,5,5,7,23
2024-03-16 07:00:00,0,2,1,3,5,5,11,27
2024-03-16 07:10:00,1,0,1,0,11,2,6,21
2024-03-16 07:20:00,0,1,1,3,14,6,5,30
2024-03-16 07:30:00,0,1,2,6,9,7,6,31
2024-03-16 07:40:00,0,3,3,4,7,13,7,37
2024-03-16 07:50:00,1,1,2,3,16,6,11,40
2024-03-16 08:00:00,0,3,5,5,11,6,2,32
2024-03-16 08:10:00,0,1,5,3,10,5,6,30
2024-03-16 08:20:00,0,0,3,4,20,10,5,42
2024-03-16 08:30:00,0,2,3,4,16,6,13,44
2024-03-16 08:40:00,0,2,8,4,23,9,12,58
2024-03-16 08:50:00,1,1,7,5,20,11,26,71
2024-03-16 09:00:00,0,2,3,3,25,7,21,61
2024-03-16 09:10:00,0,1,5,3,33,10,24,76
2024-03-16 09:20:00,0,10,4,4,20,19,26,83
2024-03-16 09:30:00,1,3,7,9,31,19,24,94
2024-03-16 09:40:00,2,3,7,9,33,18,29,101
2024-03-16 09:50:00,0,2,9,7,33,17,19,87
2024-03-16 10:00:00,3,2,7,7,55,26,21,121
2024-03-16 10:10:00,3,4,12,10,29,22,23,103
2024-03-16 10:20:00,0,3,23,11,39,23,27,126
2024-03-16 10:30:00,2,6,12,8,51,26,30,135
2024-03-16 10:40:00,1,3,11,8,30,25,28,106
2024-03-16 10:50:00,4,4,17,5,65,23,26,144
2024-03-16 11:00:00,0,4,18,12,49,23,34,140
2024-03-16 11:10:00,2,3,25,12,63,29,32,166
2024-03-16 11:20:00,1,4,12,7,40,28,25,117
2024-03-16 11:30:00,3,5,13,10,60,23,31,145
2024-03-16 11:40:00,1,2,13,6,33,22,33,110
2024-03-16 11:50:00,0,7,17,11,59,25,31,150
2024-03-16 12:00:00,2,4,14,13,38,36,21,128
2024-03-16 12:10:00,1,8,20,14,38,32,24,137
2024-03-16 12:20:00,0,4,17,12,51,32,36,152
2024-03-16 12:30:00,3,1,12,11,52,36,25,140
2024-03-16 12:40:00,1,1,16,10,47,35,36,146
2024-03-16 12:50:00,2,3,14,18,38,41,30,146
2024-03-16 13:00:00,2,3,15,17,40,43,30,150
2024-03-16 13:10:00,1,7,15,11,53,44,37,168
2024-03-16 13:20:00,0,5,17,15,42,48,35,162
2024-03-16 13:30:00,2,7,15,14,37,33,35,143
2024-03-16 13:40:00,2,6,18,14,43,30,33,146
2024-03-16 13:50:00,0,3,13,19,43,25,24,127
2024-03-16 14:00:00,2,6,17,14,45,82,34,200
2024-03-16 14:10:00,0,4,14,13,38,30,28,127
2024-03-16 14:20:00,1,4,16,9,52,34,28,144
2024-03-16 14:30:00,2,4,15,12,43,37,24,137
2024-03-16 14:40:00,1,3,13,10,66,43,25,161
2024-03-16 14:50:00,3,8,14,5,47,22,32,131
2024-03-16 15:00:00,1,1,13,11,45,35,32,138
2024-03-16 15:10:00,1,3,10,11,47,21,25,118
2024-03-16 15:20:00,0,2,12,9,37,35,20,115
2024-03-16 15:30:00,0,2,11,7,43,27,21,111
2024-03-16 15:40:00,2,5,18,12,34,24,30,125
2024-03-16 15:50:00,1,3,10,9,41,40,27,131
2024-03-16 16:00:00,4,1,8,7,32,24,17,93
2024-03-16 16:10:00,1,6,14,14,39,23,22,119
2024-03-16 16:20:00,1,3,7,6,36,31,22,106
2024-03-16 16:30:00,1,1,14,6,45,27,21,115
2024-03-16 16:40:00,2,6,10,12,36,63,30,159
2024-03-16 16:50:00,0,3,11,10,34,30,29,117
2024-03-16 17:00:00,3,2,8,6,35,19,19,92
2024-03-16 17:10:00,0,4,5,10,25,36,16,96
2024-03-16 17:20:00,1,4,10,8,40,31,28,122
2024-03-16 17:30:00,0,6,12,7,40,17,19,101
2024-03-16 17:40:00,5,4,13,9,46,31,26,134
2024-03-16 17:50:00,3,2,15,9,54,24,18,125
2024-03-16 18:00:00,1,3,14,10,50,28,29,135
2024-03-16 18:10:00,1,1,15,13,47,23,17,117
2024-03-16 18:20:00,1,7,11,10,36,28,25,118
2024-03-16 18:30:00,0,1,12,9,43,23,17,105
2024-03-16 18:40:00,1,4,8,11,31,38,19,112
2024-03-16 18:50:00,2,2,6,7,27,30,21,95
2024-03-16 19:00:00,1,3,9,7,24,20,18,82
2024-03-16 19:10:00,1,6,9,11,27,28,24,106
2024-03-16 19:20:00,1,5,13,8,24,28,21,100
2024-03-16 19:30:00,0,6,3,11,30,24,32,106
2024-03-16 19:40:00,1,8,13,9,32,24,25,112
2024-03-16 19:50:00,0,8,17,16,33,23,23,120
2024-03-16 20:00:00,0,5,5,6,21,24,25,86
2024-03-16 20:10:00,0,3,3,7,23,30,14,80
2024-03-16 20:20:00,0,5,7,5,22,21,19,79
2024-03-16 20:30:00,0,4,11,5,23,32,14,89
2024-03-16 20:40:00,0,5,9,9,22,10,15,70
2024-03-16 20:50:00,0,3,3,5,15,19,16,61
2024-03-16 21:00:00,0,1,9,12,21,17,9,69
2024-03-16 21:10:00,0,3,10,7,21,15,17,73
2024-03-16 21:20:00,0,0,8,8,22,17,8,63
2024-03-16 21:30:00,0,2,4,7,14,9,12,48
2024-03-16 21:40:00,1,1,6,7,26,15,11,67
2024-03-16 21:50:00,1,3,6,7,21,8,11,57
2024-03-16 22:00:00,1,3,4,8,16,11,9,52
2024-03-16 22:10:00,1,3,3,8,18,14,16,63
2024-03-16 22:20:00,1,1,5,9,20,18,12,66
2024-03-16 22:30:00,0,0,0,2,11,10,6,29
2024-03-16 22:40:00,0,1,3,3,12,11,8,38
2024-03-16 22:50:00,2,1,3,6,10,8,10,40
2024-03-16 23:00:00,0,2,1,1,12,10,10,36
2024-03-16 23:10:00,0,2,1,5,15,16,12,51
2024-03-16 23:20:00,0,2,2,3,8,13,8,36
2024-03-16 23:30:00,1,0,4,5,9,9,8,36
2024-03-16 23:40:00,0,3,5,4,7,7,9,35
2024-03-16 23:50:00,0,2,2,3,9,6,9,31
2024-03-17 00:00:00,0,1,2,6,10,11,11,41
2024-03-17 00:10:00,0,3,2,5,8,9,9,36
2024-03-17 00:20:00,0,2,2,6,9,15,11,45
2024-03-17 00:30:00,0,2,2,4,8,7,6,29
2024-03-17 00:40:00,0,2,3,6,11,8,11,41
2024-03-17 00:50:00,1,2,3,2,6,3,5,22
2024-03-17 01:00:00,1,1,2,4,5,7,9,29
2024-03-17 01:10:00,0,0,4,5,7,4,5,25
2024-03-17 01:20:00,0,0,1,0,2,4,4,11
2024-03-17 01:30:00,0,1,1,3,11,7,6,29
2024-03-17 01:40:00,0,0,0,1,4,6,7,18
2024-03-17 01:50:00,0,2,1,7,4,13,7,34
2024-03-17 02:00:00,0,1,1,0,7,5,5,19
2024-03-17 02:10:00,0,1,2,3,6,3,5,20
2024-03-17 02:20:00,0,0,0,0,6,3,3,12
2024-03-17 02:30:00,0,1,1,1,2,5,5,15
2024-03-17 02:40:00,0,2,2,4,6,4,8,26
2024-03-17 02:50:00,1,0,0,1,7,2,3,14
2024-03-17 03:00:00,0,2,1,0,6,4,1,14
2024-03-17 03:10:00,0,2,2,4,1,6,7,22
2024-03-17 03:20:00,0,1,1,2,1,1,5,11
2024-03-17 03:30:00,0,0,0,0,5,2,4,11
2024-03-17 03:40:00,0,1,0,1,2,2,5,11
2024-03-17 03:50:00,0,0,0,0,1,1,1,3
2024-03-17 04:00:00,0,0,1,0,1,0,0,2
2024-03-17 04:10:00,0,2,0,1,1,2,4,10
2024-03-17 04:20:00,0,0,0,0,1,0,1,2
2024-03-17 04:30:00,0,0,0,2,2,4,3,11
2024-03-17 04:40:00,0,1,1,3,4,5,3,17
2024-03-17 04:50:00,0,0,2,3,2,3,2,12
2024-03-17 05:00:00,2,2,2,2,2,1,4,15
2024-03-17 05:10:00,0,1,0,3,3,5,4,16
2024-03-17 05:20:00,0,0,3,5,1,4,4,17
2024-03-17 05:30:00,0,1,0,1,3,4,5,14
2024-03-17 05:40:00,0,1,0,2,4,2,4,13
2024-03-17 05:50:00,0,0,0,1,3,5,4,13
2024-03-17 06:00:00,0,3,0,4,2,5,7,21
2024-03-17 06:10:00,1,0,0,2,5,4,3,15
2024-03-17 06:20:00,0,0,4,4,4,5,4,21
2024-03-17 06:30:00,0,0,0,1,2,3,5,11
2024-03-17 06:40:00,0,2,3,6,2,4,5,22
2024-03-17 06:50:00,4,4,0,2,3,2,3,18
2024-03-17 07:00:00,1,2,0,0,4,1,2,10
2024-03-17 07:10:00,0,0,1,0,4,1,4,10
2024-03-17 07:20:00,0,3,0,0,1,2,5,11
2024-03-17 07:30:00,1,1,3,2,2,1,3,13
2024-03-17 07:40:00,0,1,3,1,5,3,1,14
2024-03-17 07:50:00,0,1,1,3,3,6,6,20
2024-03-17 08:00:00,0,1,2,2,6,2,1,14
2024-03-17 08:10:00,1,2,0,3,5,3,3,17
2024-03-17 08:20:00,1,1,2,1,4,4,6,19
2024-03-17 08:30:00,0,2,0,0,6,2,5,15
2024-03-17 08:40:00,0,2,0,4,6,6,5,23
2024-03-17 08:50:00,0,1,6,4,7,3,8,29
2024-03-17 09:00:00,0,3,2,1,10,2,4,22
2024-03-17 09:10:00,0,2,5,2,11,4,9,33
2024-03-17 09:20:00,0,1,13,4,16,1,6,41
2024-03-17 09:30:00,0,2,1,1,18,14,5,41
2024-03-17 09:40:00,0,2,2,4,28,11,14,61
2024-03-17 09:50:00,0,2,2,5,18,15,10,52
2024-03-17 10:00:00,0,5,8,5,16,10,9,53
2024-03-17 10:10:00,0,0,8,5,11,7,10,41
2024-03-17 10:20:00,0,3,2,2,23,9,11,50
2024-03-17 10:30:00,0,2,10,7,19,7,10,55
2024-03-17 10:40:00,0,1,5,4,15,11,9,45
2024-03-17 10:50:00,1,1,9,5,22,20,13,71
2024-03-17 11:00:00,0,3,4,5,18,14,26,70
2024-03-17 11:10:00,0,1,3,3,25,13,12,57
2024-03-17 11:20:00,0,4,7,4,22,8,14,59
2024-03-17 11:30:00,0,2,6,5,16,10,9,48
2024-03-17 11:40:00,0,3,3,3,21,15,16,61
2024-03-17 11:50:00,1,4,5,5,28,12,9,64
2024-03-17 12:00:00,1,3,6,5,24,26,22,87
2024-03-17 12:10:00,0,6,10,7,18,19,22,82
2024-03-17 12:20:00,0,0,10,6,21,30,28,95
2024-03-17 12:30:00,0,1,7,5,24,20,20,77
2024-03-17 12:40:00,0,5,7,10,32,26,24,104
2024-03-17 12:50:00,2,5,9,9,22,27,22,96
2024-03-17 13:00:00,1,3,10,9,20,31,16,90
2024-03-17 13:10:00,2,4,7,2,31,18,14,78
2024-03-17 13:20:00,0,2,9,7,26,26,16,86
2024-03-17 13:30:00,0,2,2,5,22,19,18,68
2024-03-17 13:40:00,0,0,5,4,15,16,17,57
2024-03-17 13:50:00,0,5,9,5,29,16,28,92
2024-03-17 14:00:00,1,4,9,7,29,23,15,88
2024-03-17 14:10:00,1,4,3,5,18,17,19,67
2024-03-17 14:20:00,0,2,7,8,16,20,23,76
2024-03-17 14:30:00,0,2,6,6,21,23,18,76
2024-03-17 14:40:00,1,6,7,10,25,21,21,91
2024-03-17 14:50:00,0,2,6,7,19,22,17,73
2024-03-17 15:00:00,0,4,8,7,17,15,19,70
2024-03-17 15:10:00,0,6,14,11,16,16,25,88
2024-03-17 15:20:00,0,4,8,8,22,21,20,83
2024-03-17 15:30:00,0,2,5,5,23,30,17,82
2024-03-17 15:40:00,0,4,13,5,14,17,15,68
2024-03-17 15:50:00,1,10,9,10,23,16,20,89
2024-03-17 16:00:00,0,1,8,7,24,17,17,74
2024-03-17 16:10:00,1,1,7,8,17,10,13,57
2024-03-17 16:20:00,0,2,11,7,22,33,23,98
2024-03-17 16:30:00,0,0,7,10,23,15,18,73
2024-03-17 16:40:00,0,2,10,6,20,14,10,62
2024-03-17 16:50:00,2,0,11,8,24,15,16,76
2024-03-17 17:00:00,1,5,9,6,20,12,15,68
2024-03-17 17:10:00,1,0,8,5,16,9,9,48
2024-03-17 17:20:00,0,0,6,9,18,49,24,106
2024-03-17 17:30:00,2,3,10,5,28,32,17,97
2024-03-17 17:40:00,0,1,6,9,26,24,23,89
2024-03-17 17:50:00,0,4,5,7,30,20,18,84
2024-03-17 18:00:00,1,2,9,9,18,28,19,86
2024-03-17 18:10:00,1,4,9,9,22,21,14,80
2024-03-17 18:20:00,1,6,6,11,29,33,26,112
2024-03-17 18:30:00,0,4,6,9,22,22,14,77
2024-03-17 18:40:00,0,1,7,5,16,21,10,60
2024-03-17 18:50:00,1,2,3,7,22,19,21,75
2024-03-17 19:00:00,0,3,3,3,18,17,17,61
2024-03-17 19:10:00,0,0,4,9,20,11,12,56
2024-03-17 19:20:00,0,0,2,7,15,18,7,49
2024-03-17 19:30:00,0,3,2,6,13,17,14,55
2024-03-17 19:40:00,1,6,3,7,16,17,26,76
2024-03-17 19:50:00,0,5,5,8,18,24,23,83
2024-03-17 20:00:00,0,5,3,6,23,25,25,87
2024-03-17 20:10:00,0,2,5,4,16,13,14,54
2024-03-17 20:20:00,1,3,4,5,22,25,13,73
2024-03-17 20:30:00,2,4,2,2,22,13,16,61
2024-03-17 20:40:00,0,1,3,8,18,17,9,56
2024-03-17 20:50:00,1,3,3,3,20,15,14,59
2024-03-17 21:00:00,0,3,1,6,12,9,5,36
2024-03-17 21:10:00,2,4,6,6,14,14,15,61
2024-03-17 21:20:00,0,3,6,6,19,17,10,61
2024-03-17 21:30:00,0,3,3,2,11,12,11,42
2024-03-17 21:40:00,0,2,1,2,16,7,7,35
2024-03-17 21:50:00,0,3,4,6,13,10,7,43
2024-03-17 22:00:00,1,3,2,5,13,12,10,46
2024-03-17 22:10:00,0,2,3,3,8,9,17,42
2024-03-17 22:20:00,0,3,2,6,9,11,11,42
2024-03-17 22:30:00,0,0,0,6,4,14,10,34
2024-03-17 22:40:00,0,1,3,5,9,8,9,35
2024-03-17 22:50:00,0,2,0,3,6,9,12,32
2024-03-17 23:00:00,0,0,0,6,8,13,8,35
2024-03-17 23:10:00,1,0,1,2,7,4,7,22
2024-03-17 23:20:00,0,0,0,1,5,3,5,14
2024-03-17 23:30:00,0,1,1,1,6,5,5,19
2024-03-17 23:40:00,0,2,1,2,3,2,6,16
2024-03-17 23:50:00,3,3,0,0,2,2,5,15
2024-03-18 00:00:00,0,1,1,2,4,3,5,16
2024-03-18 00:10:00,0,0,0,1,2,2,2,7
2024-03-18 00:20:00,0,1,1,2,3,2,6,15
2024-03-18 00:30:00,1,3,0,0,1,2,4,11
2024-03-18 00:40:00,0,0,1,2,2,2,2,9
2024-03-18 00:50:00,0,3,0,0,5,2,6,16
2024-03-18 01:00:00,0,1,1,2,5,3,3,15
2024-03-18 01:10:00,0,0,1,1,1,0,2,5
2024-03-18 01:20:00,0,0,0,0,0,1,2,3
2024-03-18 01:30:00,0,0,0,1,3,1,2,7
2024-03-18 01:40:00,0,0,0,0,3,1,0,4
2024-03-18 01:50:00,0,0,0,1,0,2,3,6
2024-03-18 02:00:00,0,0,0,0,1,0,0,1
2024-03-18 02:10:00,0,0,0,1,1,1,1,4
2024-03-18 02:20:00,0,1,0,1,1,1,2,6
2024-03-18 02:30:00,0,1,1,3,0,4,6,15
2024-03-18 02:40:00,0,2,0,0,0,3,2,7
2024-03-18 02:50:00,0,0,0,0,0,0,1,1
2024-03-18 03:00:00,0,0,1,1,0,1,2,5
2024-03-18 03:10:00,0,1,0,1,0,2,3,7
2024-03-18 03:20:00,0,0,0,0,4,1,1,6
2024-03-18 03:30:00,0,2,0,1,1,2,4,10
2024-03-18 03:40:00,0,0,0,1,2,1,3,7
2024-03-18 03:50:00,0,1,0,3,0,6,7,17
2024-03-18 04:00:00,0,1,1,1,1,1,2,7
2024-03-18 04:10:00,0,0,1,2,1,3,3,10
2024-03-18 04:20:00,0,1,1,2,1,1,1,7
2024-03-18 04:30:00,0,0,1,1,2,2,3,9
2024-03-18 04:40:00,0,0,0,0,3,0,6,9
2024-03-18 04:50:00,0,1,3,3,4,0,2,13
2024-03-18 05:00:00,0,3,3,5,7,2,7,27
2024-03-18 05:10:00,0,3,2,1,9,7,8,30
2024-03-18 05:20:00,0,2,3,5,15,5,18,48
2024-03-18 05:30:00,1,2,6,5,15,8,13,50
2024-03-18 05:40:00,1,1,7,14,35,9,10,77
2024-03-18 05:50:00,0,4,12,9,31,22,28,106
2024-03-18 06:00:00,1,1,12,8,24,10,18,74
2024-03-18 06:10:00,1,5,5,9,38,17,28,103
2024-03-18 06:20:00,0,2,13,10,26,22,25,98
2024-03-18 06:30:00,0,3,8,7,42,18,25,103
2024-03-18 06:40:00,1,3,13,8,46,31,31,133
2024-03-18 06:50:00,1,2,18,8,38,24,28,119
2024-03-18 07:00:00,2,4,14,16,55,32,23,146
2024-03-18 07:10:00,2,3,15,17,52,56,26,171
2024-03-18 07:20:00,1,5,23,10,24,43,25,131
2024-03-18 07:30:00,5,11,23,26,40,64,37,206
2024-03-18 07:40:00,1,6,20,18,44,69,33,191
2024-03-18 07:50:00,0,7,27,19,44,71,35,203
2024-03-18 08:00:00,1,4,28,14,48,47,21,163
2024-03-18 08:10:00,1,8,18,14,55,41,32,169
2024-03-18 08:20:00,0,2,20,17,41,49,27,156
2024-03-18 08:30:00,0,7,26,22,38,46,43,182
2024-03-18 08:40:00,4,10,18,19,45,46,28,170
2024-03-18 08:50:00,0,7,22,12,48,42,28,159
2024-03-18 09:00:00,0,5,23,24,50,51,34,187
2024-03-18 09:10:00,0,2,15,14,42,34,34,141
2024-03-18 09:20:00,5,0,15,12,41,32,21,126
2024-03-18 09:30:00,0,7,17,20,45,35,34,158
2024-03-18 09:40:00,2,5,25,18,45,29,29,153
2024-03-18 09:50:00,3,10,19,12,42,28,26,140
2024-03-18 10:00:00,4,6,29,23,48,39,29,178
2024-03-18 10:10:00,2,4,15,14,52,29,28,144
2024-03-18 10:20:00,1,4,10,16,49,28,28,136
2024-03-18 10:30:00,5,8,17,16,40,22,30,138
2024-03-18 10:40:00,1,7,19,17,45,27,25,141
2024-03-18 10:50:00,0,6,15,12,22,25,26,106
2024-03-18 11:00:00,0,5,12,17,41,27,20,122
2024-03-18 11:10:00,1,6,20,17,53,28,29,154
2024-03-18 11:20:00,1,6,19,15,40,34,29,144
2024-03-18 11:30:00,2,6,23,14,45,32,29,151
2024-03-18 11:40:00,2,3,17,14,63,34,41,174
2024-03-18 11:50:00,1,7,19,17,41,48,24,157
2024-03-18 12:00:00,2,6,29,17,44,26,22,146
2024-03-18 12:10:00,5,7,27,15,43,29,27,153
2024-03-18 12:20:00,3,3,19,14,52,34,35,160
2024-03-18 12:30:00,2,2,28,23,40,42,23,160
2024-03-18 12:40:00,5,6,24,9,39,43,25,151
2024-03-18 12:50:00,5,15,21,15,42,41,34,173
2024-03-18 13:00:00,4,7,19,19,48,110,34,241
2024-03-18 13:10:00,2,4,24,14,53,27,27,151
2024-03-18 13:20:00,1,6,30,10,41,35,23,146
2024-03-18 13:30:00,3,3,21,17,52,32,24,152
2024-03-18 13:40:00,4,4,18,16,39,42,28,151
2024-03-18 13:50:00,9,0,11,15,37,35,32,139
2024-03-18 14:00:00,9,6,28,21,47,24,28,163
2024-03-18 14:10:00,5,7,20,17,45,40,25,159
2024-03-18 14:20:00,4,14,16,15,37,30,26,142
2024-03-18 14:30:00,6,2,26,19,55,42,37,187
2024-03-18 14:40:00,8,13,24,11,42,41,36,175
2024-03-18 14:50:00,18,8,20,15,51,41,29,182
2024-03-18 15:00:00,13,2,28,24,26,31,28,152
2024-03-18 15:10:00,12,5,21,16,54,39,26,173
2024-03-18 15:20:00,10,9,30,15,46,49,29,188
2024-03-18 15:30:00,11,10,31,21,56,56,29,214
2024-03-18 15:40:00,15,7,31,19,38,41,23,174
2024-03-18 15:50:00,9,8,31,16,64,39,27,194
2024-03-18 16:00:00,12,8,32,19,45,43,29,188
2024-03-18 16:10:00,18,7,38,20,67,41,29,220
2024-03-18 16:20:00,6,11,29,15,74,85,34,254
2024-03-18 16:30:00,9,3,40,18,60,48,29,207
2024-03-18 16:40:00,8,3,37,18,40,57,31,194
2024-03-18 16:50:00,12,8,34,18,37,50,29,188
2024-03-18 17:00:00,9,4,31,13,62,46,27,192
2024-03-18 17:10:00,8,3,25,9,46,44,29,164
2024-03-18 17:20:00,4,3,34,17,37,49,22,166
2024-03-18 17:30:00,11,17,30,17,39,54,37,205
2024-03-18 17:40:00,11,12,19,7,54,38,36,177
2024-03-18 17:50:00,6,5,24,7,58,41,26,167
2024-03-18 18:00:00,8,4,19,8,37,47,31,154
2024-03-18 18:10:00,6,6,20,10,36,36,26,140
2024-03-18 18:20:00,49,3,26,10,43,49,29,209
2024-03-18 18:30:00,2,4,17,18,36,37,25,139
2024-03-18 18:40:00,1,2,15,7,36,31,16,108
2024-03-18 18:50:00,0,2,11,12,36,30,24,115
2024-03-18 19:00:00,2,1,17,8,21,25,23,97
2024-03-18 19:10:00,2,3,14,9,40,27,17,112
2024-03-18 19:20:00,1,4,8,5,20,24,21,83
2024-03-18 19:30:00,1,2,13,8,26,24,15,89
2024-03-18 19:40:00,0,2,15,9,23,25,20,94
2024-03-18 19:50:00,1,5,7,6,19,22,22,82
2024-03-18 20:00:00,2,4,3,6,20,26,24,85
2024-03-18 20:10:00,1,5,6,2,22,19,18,73
2024-03-18 20:20:00,1,3,4,8,17,18,14,65
2024-03-18 20:30:00,0,0,6,8,18,18,15,65
2024-03-18 20:40:00,0,0,10,4,20,17,12,63
2024-03-18 20:50:00,1,3,9,10,10,15,11,59
2024-03-18 21:00:00,0,2,8,5,14,17,11,57
2024-03-18 21:10:00,1,2,5,5,16,29,14,72
2024-03-18 21:20:00,2,2,4,2,23,11,12,56
2024-03-18 21:30:00,0,1,3,3,15,14,10,46
2024-03-18 21:40:00,0,2,4,4,15,12,10,47
2024-03-18 21:50:00,0,1,3,3,12,8,8,35
2024-03-18 22:00:00,3,4,8,6,12,21,13,67
2024-03-18 22:10:00,0,2,1,4,14,12,11,44
2024-03-18 22:20:00,1,3,3,6,12,14,9,48
2024-03-18 22:30:00,2,1,1,8,13,15,13,53
2024-03-18 22:40:00,0,2,2,2,6,10,8,30
2024-03-18 22:50:00,0,2,2,2,9,14,10,39
2024-03-18 23:00:00,1,1,1,2,5,8,5,23
2024-03-18 23:10:00,1,3,1,2,3,20,10,40
2024-03-18 23:20:00,0,1,5,6,2,6,8,28
2024-03-18 23:30:00,0,1,3,4,4,7,7,26
2024-03-18 23:40:00,1,0,0,3,8,4,3,19
2024-03-18 23:50:00,0,0,0,3,4,4,5,16
2024-03-19 00:00:00,0,0,1,2,5,2,3,13
2024-03-19 00:10:00,0,1,0,0,1,3,2,7
2024-03-19 00:20:00,0,1,1,2,2,2,3,11
2024-03-19 00:30:00,0,0,1,1,0,2,1,5
2024-03-19 00:40:00,0,2,0,0,0,2,5,9
2024-03-19 00:50:00,0,1,1,0,3,1,1,7
2024-03-19 01:00:00,1,0,1,1,4,0,2,9
2024-03-19 01:10:00,0,1,0,1,1,5,2,10
2024-03-19 01:20:00,0,0,0,1,1,2,2,6
2024-03-19 01:30:00,0,1,0,0,1,1,2,5
2024-03-19 01:40:00,0,0,0,1,2,3,2,8
2024-03-19 01:50:00,0,0,1,3,0,2,4,10
2024-03-19 02:00:00,0,0,0,0,0,0,0,0
2024-03-19 02:10:00,0,0,0,0,2,0,0,2
2024-03-19 02:20:00,0,0,1,3,0,3,4,11
2024-03-19 02:30:00,0,0,1,2,2,2,3,10
2024-03-19 02:40:00,0,1,1,1,0,0,1,4
2024-03-19 02:50:00,0,1,1,1,1,0,2,6
2024-03-19 03:00:00,0,0,0,0,1,1,1,3
2024-03-19 03:10:00,0,0,0,1,1,1,2,5
2024-03-19 03:20:00,1,0,0,1,4,3,2,11
2024-03-19 03:30:00,0,0,0,1,1,1,2,5
2024-03-19 03:40:00,0,0,0,1,3,1,0,5
2024-03-19 03:50:00,0,0,0,4,1,4,6,15
2024-03-19 04:00:00,0,2,1,0,1,3,5,12
2024-03-19 04:10:00,0,2,2,3,0,2,4,13
2024-03-19 04:20:00,0,1,1,2,1,2,2,9
2024-03-19 04:30:00,0,2,1,2,3,5,4,17
2024-03-19 04:40:00,0,0,0,1,3,5,4,13
2024-03-19 04:50:00,0,2,1,4,5,4,6,22
2024-03-19 05:00:00,0,1,2,5,6,4,8,26
2024-03-19 05:10:00,0,1,4,7,13,5,11,41
2024-03-19 05:20:00,0,1,6,3,14,6,11,41
2024-03-19 05:30:00,2,2,4,8,24,10,22,72
2024-03-19 05:40:00,0,3,7,6,28,14,17,75
2024-03-19 05:50:00,2,10,10,10,30,24,28,114
2024-03-19 06:00:00,2,2,12,8,36,13,17,90
2024-03-19 06:10:00,0,2,5,6,27,15,25,80
2024-03-19 06:20:00,0,0,8,12,35,20,19,94
2024-03-19 06:30:00,0,5,17,19,48,26,28,143
2024-03-19 06:40:00,0,2,23,18,48,25,28,144
2024-03-19 06:50:00,4,4,19,15,53,27,34,156
2024-03-19 07:00:00,3,4,20,10,53,25,21,136
2024-03-19 07:10:00,3,5,8,17,54,40,31,158
2024-03-19 07:20:00,3,2,20,16,42,50,28,161
2024-03-19 07:30:00,2,2,19,14,42,54,28,161
2024-03-19 07:40:00,1,7,29,21,54,79,34,225
2024-03-19 07:50:00,2,4,24,22,48,49,31,180
2024-03-19 08:00:00,0,4,18,16,48,36,25,147
2024-03-19 08:10:00,2,5,20,23,49,49,35,183
2024-03-19 08:20:00,3,7,18,21,56,61,31,197
2024-03-19 08:30:00,4,4,13,17,38,53,28,157
2024-03-19 08:40:00,0,4,25,14,40,50,34,167
2024-03-19 08:50:00,0,3,14,18,38,32,25,130
2024-03-19 09:00:00,2,5,14,10,41,40,34,146
2024-03-19 09:10:00,2,6,17,13,59,31,37,165
2024-03-19 09:20:00,4,6,21,19,42,46,30,168
2024-03-19 09:30:00,1,6,29,14,41,29,24,144
2024-03-19 09:40:00,0,7,18,15,32,32,25,129
2024-03-19 09:50:00,2,3,10,9,42,34,17,117
2024-03-19 10:00:00,2,10,14,9,39,24,23,121
2024-03-19 10:10:00,5,4,23,18,38,23,33,144
2024-03-19 10:20:00,3,4,16,18,31,26,30,128
2024-03-19 10:30:00,2,3,14,18,55,33,22,147
2024-03-19 10:40:00,1,14,8,12,46,21,29,131
2024-03-19 10:50:00,6,6,21,11,36,28,30,138
2024-03-19 11:00:00,0,8,16,11,34,32,31,132
2024-03-19 11:10:00,2,4,17,14,37,26,23,123
2024-03-19 11:20:00,3,7,16,15,39,39,25,144
2024-03-19 11:30:00,0,2,26,20,45,34,31,158
2024-03-19 11:40:00,4,7,23,13,45,22,31,145
2024-03-19 11:50:00,5,6,21,21,46,44,30,173
2024-03-19 12:00:00,2,3,31,14,56,32,25,163
2024-03-19 12:10:00,2,6,20,16,53,17,43,157
2024-03-19 12:20:00,1,7,16,19,58,72,31,204
2024-03-19 12:30:00,4,8,25,11,46,35,28,157
2024-03-19 12:40:00,2,4,15,21,45,39,38,164
2024-03-19 12:50:00,2,2,11,22,43,38,30,148
2024-03-19 13:00:00,1,9,20,23,45,25,35,158
2024-03-19 13:10:00,2,5,20,21,59,33,32,172
2024-03-19 13:20:00,5,5,27,29,50,41,22,179
2024-03-19 13:30:00,6,5,14,25,42,38,38,168
2024-03-19 13:40:00,9,0,14,16,46,29,30,144
2024-03-19 13:50:00,2,5,21,21,55,32,25,161
2024-03-19 14:00:00,8,4,23,24,46,112,35,252
2024-03-19 14:10:00,7,5,20,24,41,26,34,157
2024-03-19 14:20:00,5,7,16,26,41,42,37,174
2024-03-19 14:30:00,10,7,21,27,48,37,25,175
2024-03-19 14:40:00,8,6,30,37,46,46,25,198
2024-03-19 14:50:00,6,9,27,20,49,36,32,179
2024-03-19 15:00:00,12,10,31,24,47,34,31,189
2024-03-19 15:10:00,8,8,34,23,44,34,30,181
2024-03-19 15:20:00,21,9,27,30,46,38,28,199
2024-03-19 15:30:00,13,5,34,25,50,40,29,196
2024-03-19 15:40:00,13,4,29,22,37,36,35,176
2024-03-19 15:50:00,20,9,24,24,54,44,26,201
2024-03-19 16:00:00,10,3,32,29,46,55,33,208
2024-03-19 16:10:00,18,9,34,21,55,49,37,223
2024-03-19 16:20:00,11,10,37,21,48,38,32,197
2024-03-19 16:30:00,13,12,34,37,52,61,41,250
2024-03-19 16:40:00,9,11,27,21,53,46,27,194
2024-03-19 16:50:00,12,9,21,31,42,61,32,208
2024-03-19 17:00:00,6,3,36,33,37,54,21,190
2024-03-19 17:10:00,13,6,32,28,46,44,28,197
2024-03-19 17:20:00,10,4,32,11,60,44,28,189
2024-03-19 17:30:00,4,7,23,17,42,51,31,175
2024-03-19 17:40:00,9,7,27,13,36,39,33,164
2024-03-19 17:50:00,0,4,22,13,59,57,27,182
2024-03-19 18:00:00,5,4,19,7,35,41,21,132
2024-03-19 18:10:00,4,4,16,12,58,48,37,179
2024-03-19 18:20:00,2,2,27,16,35,34,25,141
2024-03-19 18:30:00,0,5,25,20,47,29,24,150
2024-03-19 18:40:00,5,3,23,8,53,29,29,150
2024-03-19 18:50:00,2,4,10,9,30,26,26,107
2024-03-19 19:00:00,1,4,17,11,22,18,24,97
2024-03-19 19:10:00,3,2,10,12,26,28,23,104
2024-03-19 19:20:00,1,2,15,6,29,26,22,101
2024-03-19 19:30:00,1,9,9,8,28,21,21,97
2024-03-19 19:40:00,0,6,13,10,27,25,25,106
2024-03-19 19:50:00,1,6,7,9,15,33,27,98
2024-03-19 20:00:00,0,4,11,12,25,23,29,104
2024-03-19 20:10:00,3,2,9,7,23,17,20,81
2024-03-19 20:20:00,0,6,6,8,25,25,18,88
2024-03-19 20:30:00,1,1,5,10,21,19,14,71
2024-03-19 20:40:00,0,2,6,9,13,42,20,92
2024-03-19 20:50:00,1,7,2,6,18,25,16,75
2024-03-19 21:00:00,1,4,5,7,16,20,18,71
2024-03-19 21:10:00,0,1,4,5,22,13,8,53
2024-03-19 21:20:00,0,2,3,5,20,22,14,66
2024-03-19 21:30:00,0,0,2,8,21,16,15,62
2024-03-19 21:40:00,1,1,2,3,21,17,16,61
2024-03-19 21:50:00,0,4,7,9,12,18,10,60
2024-03-19 22:00:00,2,4,2,5,19,14,14,60
2024-03-19 22:10:00,0,3,5,2,16,10,10,46
2024-03-19 22:20:00,1,1,3,4,11,5,6,31
2024-03-19 22:30:00,1,3,1,4,16,14,11,50
2024-03-19 22:40:00,0,0,1,2,12,12,16,43
2024-03-19 22:50:00,1,1,3,5,10,16,13,49
2024-03-19 23:00:00,0,3,4,4,6,11,11,39
2024-03-19 23:10:00,0,1,2,1,9,5,6,24
2024-03-19 23:20:00,1,0,1,1,1,4,5,13
2024-03-19 23:30:00,0,0,2,2,6,6,4,20
2024-03-19 23:40:00,3,2,2,2,5,2,4,20
2024-03-19 23:50:00,0,1,2,6,7,6,7,29
2024-03-20 00:00:00,0,0,1,3,3,3,3,13
2024-03-20 00:10:00,0,1,0,0,1,1,4,7
2024-03-20 00:20:00,0,0,1,3,3,2,3,12
2024-03-20 00:30:00,0,0,2,1,2,4,2,11
2024-03-20 00:40:00,1,0,1,2,3,3,5,15
2024-03-20 00:50:00,0,3,0,0,3,2,4,12
2024-03-20 01:00:00,0,1,0,2,3,2,5,13
2024-03-20 01:10:00,0,1,0,1,3,2,5,12
2024-03-20 01:20:00,0,0,0,1,3,1,1,6
2024-03-20 01:30:00,0,0,0,0,2,4,5,11
2024-03-20 01:40:00,0,0,1,1,4,6,5,17
2024-03-20 01:50:00,0,1,1,1,0,0,1,4
2024-03-20 02:00:00,0,1,1,1,1,0,2,6
2024-03-20 02:10:00,0,1,0,0,3,3,4,11
2024-03-20 02:20:00,0,0,0,0,3,1,0,4
2024-03-20 02:30:00,0,0,0,0,1,2,2,5
2024-03-20 02:40:00,0,1,0,2,0,2,4,9
2024-03-20 02:50:00,0,0,0,0,1,1,0,2
2024-03-20 03:00:00,0,0,0,0,0,0,0,0
2024-03-20 03:10:00,0,0,0,1,0,1,2,4
2024-03-20 03:20:00,0,1,0,5,2,10,7,25
2024-03-20 03:30:00,0,0,1,2,1,2,4,10
2024-03-20 03:40:00,0,0,1,4,2,2,2,11
2024-03-20 03:50:00,0,0,1,3,2,4,4,14
2024-03-20 04:00:00,0,1,0,2,0,2,1,6
2024-03-20 04:10:00,0,1,1,1,1,4,2,10
2024-03-20 04:20:00,0,1,2,3,2,3,3,14
2024-03-20 04:30:00,1,0,3,2,3,3,5,17
2024-03-20 04:40:00,0,2,0,0,2,4,4,12
2024-03-20 04:50:00,0,2,3,4,5,0,3,17
2024-03-20 05:00:00,0,2,4,3,7,5,9,30
2024-03-20 05:10:00,0,3,2,1,9,5,12,32
2024-03-20 05:20:00,0,3,6,2,13,4,8,36
2024-03-20 05:30:00,2,3,3,8,21,10,13,60
2024-03-20 05:40:00,1,2,4,9,25,13,13,67
2024-03-20 05:50:00,1,4,8,2,31,18,18,82
2024-03-20 06:00:00,0,1,5,9,34,18,15,82
2024-03-20 06:10:00,1,3,6,13,30,21,25,99
2024-03-20 06:20:00,0,4,10,6,31,22,29,102
2024-03-20 06:30:00,1,3,16,15,38,25,19,117
2024-03-20 06:40:00,0,1,12,9,53,26,28,129
2024-03-20 06:50:00,1,3,15,12,36,25,30,122
2024-03-20 07:00:00,1,4,17,17,46,32,21,138
2024-03-20 07:10:00,2,8,21,20,54,47,33,185
2024-03-20 07:20:00,2,5,21,18,48,53,28,175
2024-03-20 07:30:00,3,7,28,21,66,59,26,210
2024-03-20 07:40:00,2,10,19,17,53,58,39,198
2024-03-20 07:50:00,0,7,25,14,57,51,35,189
2024-03-20 08:00:00,3,3,25,25,50,51,38,195
2024-03-20 08:10:00,2,11,24,23,43,49,31,183
2024-03-20 08:20:00,0,8,13,21,71,49,39,201
2024-03-20 08:30:00,3,8,17,18,44,45,32,167
2024-03-20 08:40:00,2,5,17,15,57,56,37,189
2024-03-20 08:50:00,0,8,14,21,42,53,32,170
2024-03-20 09:00:00,2,3,20,21,45,48,25,164
2024-03-20 09:10:00,3,6,20,18,40,39,24,150
2024-03-20 09:20:00,1,3,18,20,34,36,27,139
2024-03-20 09:30:00,3,6,24,22,39,34,36,164
2024-03-20 09:40:00,3,2,16,12,42,28,28,131
2024-03-20 09:50:00,1,3,16,12,39,30,28,129
2024-03-20 10:00:00,1,2,18,11,49,33,21,135
2024-03-20 10:10:00,1,7,10,10,33,28,35,124
2024-03-20 10:20:00,2,3,13,15,48,24,22,127
2024-03-20 10:30:00,3,7,19,20,41,38,28,156
2024-03-20 10:40:00,3,7,19,15,31,46,25,146
2024-03-20 10:50:00,2,9,26,22,47,30,29,165
2024-03-20 11:00:00,0,4,13,13,50,30,36,146
2024-03-20 11:10:00,0,2,17,20,41,29,12,121
2024-03-20 11:20:00,3,6,11,15,36,29,25,125
2024-03-20 11:30:00,2,4,20,18,41,37,29,151
2024-03-20 11:40:00,1,2,21,16,45,33,28,146
2024-03-20 11:50:00,5,10,22,14,34,36,39,160
2024-03-20 12:00:00,7,5,31,21,42,38,40,184
2024-03-20 12:10:00,3,7,18,16,43,37,32,156
2024-03-20 12:20:00,2,6,12,7,47,44,37,155
2024-03-20 12:30:00,2,6,19,15,45,36,32,155
2024-03-20 12:40:00,6,6,30,16,38,31,29,156
2024-03-20 12:50:00,3,5,15,10,46,30,22,131
2024-03-20 13:00:00,3,4,17,14,48,33,31,150
2024-03-20 13:10:00,0,3,24,3,46,31,34,141
2024-03-20 13:20:00,8,8,21,13,47,33,35,165
2024-03-20 13:30:00,8,8,23,10,49,32,31,161
2024-03-20 13:40:00,6,9,28,18,44,36,31,172
2024-03-20 13:50:00,4,3,13,14,44,40,32,150
2024-03-20 14:00:00,1,5,19,13,47,27,28,140
2024-03-20 14:10:00,7,6,29,17,52,29,38,178
2024-03-20 14:20:00,8,10,18,13,29,34,27,139
2024-03-20 14:30:00,5,10,26,11,44,34,29,159
2024-03-20 14:40:00,11,5,25,11,41,61,33,187
2024-03-20 14:50:00,11,7,23,9,57,33,32,172
2024-03-20 15:00:00,8,9,32,25,33,50,25,182
2024-03-20 15:10:00,9,7,30,20,40,34,32,172
2024-03-20 15:20:00,12,6,28,21,37,50,31,185
2024-03-20 15:30:00,9,10,49,17,57,42,32,216
2024-03-20 15:40:00,18,7,32,11,52,41,29,190
2024-03-20 15:50:00,10,8,31,14,59,43,37,202
2024-03-20 16:00:00,8,9,31,15,47,143,32,285
2024-03-20 16:10:00,6,8,26,10,38,48,28,164
2024-03-20 16:20:00,16,10,37,15,55,39,32,204
2024-03-20 16:30:00,11,6,44,26,35,50,19,191
2024-03-20 16:40:00,11,7,26,22,52,49,32,199
2024-03-20 16:50:00,12,5,26,18,46,55,36,198
2024-03-20 17:00:00,9,5,33,20,34,55,26,182
2024-03-20 17:10:00,6,7,19,8,58,51,26,175
2024-03-20 17:20:00,9,7,21,6,46,56,35,180
2024-03-20 17:30:00,10,8,22,15,54,51,27,187
2024-03-20 17:40:00,8,5,21,9,44,40,26,153
2024-03-20 17:50:00,3,3,35,15,47,41,25,169
2024-03-20 18:00:00,5,7,20,10,50,36,39,167
2024-03-20 18:10:00,7,7,30,14,54,34,28,174
2024-03-20 18:20:00,6,3,25,15,29,131,23,232
2024-03-20 18:30:00,0,3,18,12,41,34,22,130
2024-03-20 18:40:00,3,3,22,10,39,40,26,143
2024-03-20 18:50:00,2,5,19,10,23,27,32,118
2024-03-20 19:00:00,4,6,12,9,35,33,23,122
2024-03-20 19:10:00,2,2,13,11,29,27,20,104
2024-03-20 19:20:00,0,5,13,11,16,32,26,103
2024-03-20 19:30:00,4,6,12,8,22,21,16,89
2024-03-20 19:40:00,3,6,6,5,28,25,21,94
2024-03-20 19:50:00,2,3,10,4,21,24,27,91
2024-03-20 20:00:00,1,4,5,9,22,24,25,90
2024-03-20 20:10:00,2,6,6,4,13,10,19,60
2024-03-20 20:20:00,1,0,5,8,24,22,18,78
2024-03-20 20:30:00,2,2,6,7,22,20,16,75
2024-03-20 20:40:00,1,3,4,7,22,27,18,82
2024-03-20 20:50:00,0,2,9,4,19,17,12,63
2024-03-20 21:00:00,0,1,2,1,17,13,13,47
2024-03-20 21:10:00,0,2,3,8,15,29,23,80
2024-03-20 21:20:00,0,3,12,13,22,29,21,100
2024-03-20 21:30:00,0,2,6,4,19,14,18,63
2024-03-20 21:40:00,0,2,7,7,11,13,12,52
2024-03-20 21:50:00,0,3,7,7,14,12,5,48
2024-03-20 22:00:00,1,3,4,5,8,9,11,41
2024-03-20 22:10:00,4,3,5,7,12,15,15,61
2024-03-20 22:20:00,2,8,6,10,10,18,19,73
2024-03-20 22:30:00,2,3,2,6,15,10,18,56
2024-03-20 22:40:00,1,4,3,4,11,12,16,51
2024-03-20 22:50:00,1,4,2,6,11,9,12,45
2024-03-20 23:00:00,0,0,1,2,10,5,3,21
2024-03-20 23:10:00,1,1,2,2,8,5,10,29
2024-03-20 23:20:00,0,0,3,3,8,4,3,21
2024-03-20 23:30:00,0,3,2,3,6,4,3,21
2024-03-20 23:40:00,0,0,0,1,4,6,8,19
2024-03-20 23:50:00,0,0,1,0,4,2,4,11
2024-03-21 00:00:00,0,0,3,2,0,4,4,13
2024-03-21 00:10:00,0,2,1,2,4,2,3,14
2024-03-21 00:20:00,0,0,1,0,2,1,1,5
2024-03-21 00:30:00,0,0,0,1,2,4,3,10
2024-03-21 00:40:00,0,2,0,0,1,1,1,5
2024-03-21 00:50:00,0,0,0,0,3,1,4,8
2024-03-21 01:00:00,0,2,0,1,2,1,3,9
2024-03-21 01:10:00,0,0,1,0,1,4,2,8
2024-03-21 01:20:00,1,0,0,1,1,2,2,7
2024-03-21 01:30:00,0,0,0,1,1,3,1,6
2024-03-21 01:40:00,0,1,0,1,2,3,4,11
2024-03-21 01:50:00,0,3,1,2,0,2,4,12
2024-03-21 02:00:00,0,0,0,2,1,3,4,10
2024-03-21 02:10:00,0,1,0,0,1,5,6,13
2024-03-21 02:20:00,0,1,0,0,1,3,2,7
2024-03-21 02:30:00,0,0,0,0,2,1,0,3
2024-03-21 02:40:00,0,1,0,0,1,0,1,3
2024-03-21 02:50:00,0,0,0,2,1,2,2,7
2024-03-21 03:00:00,0,0,0,3,2,3,4,12
2024-03-21 03:10:00,0,1,1,0,2,0,1,5
2024-03-21 03:20:00,0,1,1,0,2,3,4,11
2024-03-21 03:30:00,0,1,2,3,1,3,6,16
2024-03-21 03:40:00,0,2,0,1,0,1,3,7
2024-03-21 03:50:00,0,1,0,1,2,4,3,11
2024-03-21 04:00:00,1,1,1,5,1,5,6,20
2024-03-21 04:10:00,0,0,0,0,0,2,2,4
2024-03-21 04:20:00,0,0,2,2,1,4,5,14
2024-03-21 04:30:00,0,1,1,1,2,1,4,10
2024-03-21 04:40:00,0,0,0,0,2,3,3,8
2024-03-21 04:50:00,0,2,0,0,4,5,6,17
2024-03-21 05:00:00,0,4,4,5,10,6,7,36
2024-03-21 05:10:00,0,4,5,4,12,3,8,36
2024-03-21 05:20:00,0,1,0,1,12,6,11,31
2024-03-21 05:30:00,1,0,3,5,28,8,13,58
2024-03-21 05:40:00,0,3,8,7,27,9,11,65
2024-03-21 05:50:00,1,6,9,1,23,19,18,77
2024-03-21 06:00:00,1,4,13,10,36,16,19,99
2024-03-21 06:10:00,0,6,6,7,18,17,22,76
2024-03-21 06:20:00,0,5,10,9,43,19,25,111
2024-03-21 06:30:00,1,4,11,7,42,22,27,114
2024-03-21 06:40:00,0,2,20,15,42,27,25,131
2024-03-21 06:50:00,5,6,10,8,50,19,27,125
2024-03-21 07:00:00,2,3,11,13,46,39,27,141
2024-03-21 07:10:00,2,3,14,17,60,110,42,248
2024-03-21 07:20:00,2,1,16,9,42,105,25,200
2024-03-21 07:30:00,1,10,25,22,61,64,29,212
2024-03-21 07:40:00,2,6,36,26,36,74,29,209
2024-03-21 07:50:00,1,3,17,23,56,70,40,210
2024-03-21 08:00:00,0,4,20,14,36,157,35,266
2024-03-21 08:10:00,1,2,21,26,48,67,32,197
2024-03-21 08:20:00,2,5,22,16,49,33,20,147
2024-03-21 08:30:00,0,4,18,15,47,57,26,167
2024-03-21 08:40:00,0,2,20,16,31,43,42,154
2024-03-21 08:50:00,1,2,30,24,45,44,31,177
2024-03-21 09:00:00,1,5,15,13,47,36,27,144
2024-03-21 09:10:00,1,9,15,13,38,41,36,153
2024-03-21 09:20:00,1,9,22,7,29,36,30,134
2024-03-21 09:30:00,2,7,16,12,54,41,30,162
2024-03-21 09:40:00,4,3,17,19,56,29,21,149
2024-03-21 09:50:00,1,7,18,25,30,45,29,155
2024-03-21 10:00:00,1,6,13,15,45,35,34,149
2024-03-21 10:10:00,0,3,22,19,41,26,30,141
2024-03-21 10:20:00,1,3,9,8,19,19,10,69
2024-03-21 10:30:00,0,4,19,23,39,30,30,145
2024-03-21 10:40:00,3,5,12,21,40,31,24,136
2024-03-21 10:50:00,2,3,24,16,42,29,24,140
2024-03-21 11:00:00,2,4,19,20,46,24,31,146
2024-03-21 11:10:00,0,4,14,9,39,38,27,131
2024-03-21 11:20:00,2,5,19,9,38,35,34,142
2024-03-21 11:30:00,4,3,16,16,41,26,28,134
2024-03-21 11:40:00,1,5,18,14,42,31,36,147
2024-03-21 11:50:00,5,8,20,14,48,34,39,168
2024-03-21 12:00:00,3,6,23,11,38,22,22,125
2024-03-21 12:10:00,4,3,23,12,33,38,37,150
2024-03-21 12:20:00,5,4,20,16,41,36,33,155
2024-03-21 12:30:00,6,10,33,9,52,28,28,166
2024-03-21 12:40:00,1,9,20,11,42,34,33,150
2024-03-21 12:50:00,3,8,19,9,33,35,29,136
2024-03-21 13:00:00,4,8,27,16,45,32,37,169
2024-03-21 13:10:00,3,7,29,11,42,30,26,148
2024-03-21 13:20:00,5,9,35,15,36,30,28,158
2024-03-21 13:30:00,8,6,19,9,46,65,28,181
2024-03-21 13:40:00,2,7,14,5,50,33,30,141
2024-03-21 13:50:00,4,2,21,13,45,24,26,135
2024-03-21 14:00:00,7,8,22,10,58,32,27,164
2024-03-21 14:10:00,9,8,19,9,50,42,23,160
2024-03-21 14:20:00,11,5,32,12,34,33,33,160
2024-03-21 14:30:00,10,6,18,15,39,37,33,158
2024-03-21 14:40:00,11,5,29,10,45,42,43,185
2024-03-21 14:50:00,8,6,22,12,56,48,34,186
2024-03-21 15:00:00,10,9,30,11,55,32,28,175
2024-03-21 15:10:00,7,10,29,13,39,39,31,168
2024-03-21 15:20:00,7,5,33,21,32,52,27,177
2024-03-21 15:30:00,10,12,34,13,57,55,33,214
2024-03-21 15:40:00,13,6,31,12,69,34,27,192
2024-03-21 15:50:00,17,9,32,16,46,48,29,197
2024-03-21 16:00:00,10,7,34,19,49,47,37,203
2024-03-21 16:10:00,11,5,27,14,40,53,33,183
2024-03-21 16:20:00,13,11,37,21,53,47,32,214
2024-03-21 16:30:00,16,7,37,16,46,43,29,194
2024-03-21 16:40:00,13,7,29,16,52,53,36,206
2024-03-21 16:50:00,13,8,31,11,41,34,28,166
2024-03-21 17:00:00,9,5,34,15,47,55,35,200
2024-03-21 17:10:00,18,6,28,12,55,32,29,180
2024-03-21 17:20:00,9,6,20,9,57,50,30,181
2024-03-21 17:30:00,8,8,38,11,41,54,29,189
2024-03-21 17:40:00,9,25,29,10,44,95,30,242
2024-03-21 17:50:00,8,9,38,17,43,52,26,193
2024-03-21 18:00:00,4,3,23,12,38,43,23,146
2024-03-21 18:10:00,3,4,23,17,42,33,23,145
2024-03-21 18:20:00,3,14,25,21,32,35,24,154
2024-03-21 18:30:00,2,6,15,8,48,37,38,154
2024-03-21 18:40:00,3,6,20,15,34,42,26,146
2024-03-21 18:50:00,4,7,16,10,45,33,19,134
2024-03-21 19:00:00,2,6,17,15,23,27,21,111
2024-03-21 19:10:00,0,4,9,6,32,33,28,112
2024-03-21 19:20:00,0,1,7,9,21,22,23,83
2024-03-21 19:30:00,2,6,9,4,31,22,18,92
2024-03-21 19:40:00,3,2,7,7,28,20,26,93
2024-03-21 19:50:00,1,2,8,5,20,24,26,86
2024-03-21 20:00:00,1,2,13,13,23,25,26,103
2024-03-21 20:10:00,3,3,8,5,24,24,26,93
2024-03-21 20:20:00,1,7,6,10,17,21,18,80
2024-03-21 20:30:00,0,2,6,8,17,18,17,68
2024-03-21 20:40:00,0,0,7,6,16,26,15,70
2024-03-21 20:50:00,0,0,6,9,18,10,15,58
2024-03-21 21:00:00,0,2,7,7,15,22,10,63
2024-03-21 21:10:00,0,0,7,7,16,18,10,58
2024-03-21 21:20:00,2,8,9,5,9,16,15,64
2024-03-21 21:30:00,1,2,6,2,11,16,11,49
2024-03-21 21:40:00,1,2,3,1,19,14,11,51
2024-03-21 21:50:00,2,3,1,2,13,9,13,43
2024-03-21 22:00:00,0,2,5,4,15,13,17,56
2024-03-21 22:10:00,6,3,3,7,17,11,12,59
2024-03-21 22:20:00,0,2,3,6,10,19,15,55
2024-03-21 22:30:00,0,2,5,6,9,8,8,38
2024-03-21 22:40:00,0,1,1,0,10,11,13,36
2024-03-21 22:50:00,0,1,2,8,15,20,16,62
2024-03-21 23:00:00,0,2,1,4,6,8,8,29
2024-03-21 23:10:00,0,2,6,2,5,7,8,30
2024-03-21 23:20:00,1,1,1,1,7,6,7,24
2024-03-21 23:30:00,0,0,3,2,3,6,5,19
2024-03-21 23:40:00,0,0,1,3,2,9,11,26
2024-03-21 23:50:00,0,0,1,4,8,12,9,34
2024-03-22 00:00:00,0,2,3,4,6,7,9,31
2024-03-22 00:10:00,0,1,2,4,3,5,3,18
2024-03-22 00:20:00,0,1,0,0,4,1,1,7
2024-03-22 00:30:00,0,1,0,1,4,4,3,13
2024-03-22 00:40:00,0,1,1,1,3,3,4,13
2024-03-22 00:50:00,0,0,0,1,1,3,3,8
2024-03-22 01:00:00,0,2,1,1,2,1,2,9
2024-03-22 01:10:00,0,0,1,1,0,2,3,7
2024-03-22 01:20:00,0,0,1,1,1,2,1,6
2024-03-22 01:30:00,0,0,0,0,1,1,1,3
2024-03-22 01:40:00,0,1,0,1,1,1,3,7
2024-03-22 01:50:00,0,1,1,1,1,3,3,10
2024-03-22 02:00:00,0,1,0,2,1,5,4,13
2024-03-22 02:10:00,0,0,0,1,3,2,3,9
2024-03-22 02:20:00,0,0,0,0,2,1,1,4
2024-03-22 02:30:00,0,0,0,1,3,1,1,6
2024-03-22 02:40:00,0,1,1,2,1,3,6,14
2024-03-22 02:50:00,0,2,0,1,1,3,3,10
2024-03-22 03:00:00,0,0,0,0,0,2,2,4
2024-03-22 03:10:00,0,1,0,0,2,1,3,7
2024-03-22 03:20:00,0,0,0,1,3,4,3,11
2024-03-22 03:30:00,0,0,0,0,1,2,2,5
2024-03-22 03:40:00,0,4,0,2,2,3,4,15
2024-03-22 03:50:00,0,1,0,1,1,2,3,8
2024-03-22 04:00:00,0,0,1,4,2,4,4,15
2024-03-22 04:10:00,1,0,1,1,3,2,2,10
2024-03-22 04:20:00,1,0,1,1,1,4,3,11
2024-03-22 04:30:00,0,1,1,4,2,4,7,19
2024-03-22 04:40:00,0,2,0,1,3,5,3,14
2024-03-22 04:50:00,0,1,1,1,6,5,9,23
2024-03-22 05:00:00,0,1,5,4,10,4,7,31
2024-03-22 05:10:00,0,2,3,5,10,6,9,35
2024-03-22 05:20:00,0,2,6,4,10,4,8,34
2024-03-22 05:30:00,0,0,4,5,16,9,7,41
2024-03-22 05:40:00,0,2,5,1,33,9,17,67
2024-03-22 05:50:00,2,3,10,6,30,13,18,82
2024-03-22 06:00:00,2,2,9,8,20,14,18,73
2024-03-22 06:10:00,0,2,2,8,35,26,23,96
2024-03-22 06:20:00,0,4,8,7,33,14,16,82
2024-03-22 06:30:00,1,0,18,13,47,26,20,125
2024-03-22 06:40:00,0,4,13,8,34,26,29,114
2024-03-22 06:50:00,1,5,17,10,42,21,27,123
2024-03-22 07:00:00,2,6,13,9,43,35,26,134
2024-03-22 07:10:00,3,3,12,8,38,23,26,113
2024-03-22 07:20:00,1,5,19,15,48,45,28,161
2024-03-22 07:30:00,2,4,24,19,39,56,25,169
2024-03-22 07:40:00,0,4,22,25,39,112,38,240
2024-03-22 07:50:00,2,3,19,16,38,53,30,161
2024-03-22 08:00:00,0,4,18,17,51,40,22,152
2024-03-22 08:10:00,2,3,13,14,46,41,36,155
2024-03-22 08:20:00,0,6,21,16,33,35,21,132
2024-03-22 08:30:00,1,4,16,10,57,43,27,158
2024-03-22 08:40:00,3,8,26,14,42,37,26,156
2024-03-22 08:50:00,1,5,12,12,48,32,26,136
2024-03-22 09:00:00,4,3,16,12,36,28,25,124
2024-03-22 09:10:00,1,4,11,10,35,28,24,113
2024-03-22 09:20:00,0,2,16,5,33,25,20,101
2024-03-22 09:30:00,0,1,19,21,33,38,22,134
2024-03-22 09:40:00,2,8,17,10,45,31,24,137
2024-03-22 09:50:00,0,0,10,10,31,29,28,108
2024-03-22 10:00:00,3,6,20,12,51,29,20,141
2024-03-22 10:10:00,1,4,17,16,48,22,31,139
2024-03-22 10:20:00,1,6,12,9,50,44,20,142
2024-03-22 10:30:00,0,2,30,17,45,26,25,145
2024-03-22 10:40:00,1,3,18,15,39,32,21,129
2024-03-22 10:50:00,1,4,18,23,45,37,28,156
2024-03-22 11:00:00,0,3,23,10,41,29,25,131
2024-03-22 11:10:00,3,3,25,13,50,29,37,160
2024-03-22 11:20:00,3,1,26,13,57,32,24,156
2024-03-22 11:30:00,1,7,18,11,50,22,31,140
2024-03-22 11:40:00,1,4,16,15,51,36,26,149
2024-03-22 11:50:00,0,4,22,15,51,26,38,156
2024-03-22 12:00:00,3,4,20,9,44,25,28,133
2024-03-22 12:10:00,3,5,29,16,50,42,21,166
2024-03-22 12:20:00,1,7,33,17,60,46,41,205
2024-03-22 12:30:00,4,5,17,12,58,36,41,173
2024-03-22 12:40:00,10,6,16,8,47,48,30,165
2024-03-22 12:50:00,11,15,24,13,57,28,31,179
2024-03-22 13:00:00,6,12,31,13,57,29,44,192
2024-03-22 13:10:00,6,3,20,14,54,42,41,180
2024-03-22 13:20:00,3,7,20,9,62,31,31,163
2024-03-22 13:30:00,3,10,25,16,53,56,36,199
2024-03-22 13:40:00,11,10,29,16,52,91,31,240
2024-03-22 13:50:00,7,7,28,21,44,49,16,172
2024-03-22 14:00:00,13,3,22,9,52,41,22,162
2024-03-22 14:10:00,10,5,38,14,62,147,36,312
2024-03-22 14:20:00,8,6,27,12,51,54,24,182
2024-03-22 14:30:00,9,9,39,12,52,40,32,193
2024-03-22 14:40:00,17,9,34,15,50,59,37,221
2024-03-22 14:50:00,8,6,22,14,47,33,40,170
2024-03-22 15:00:00,17,7,22,7,60,41,26,180
2024-03-22 15:10:00,6,8,25,8,35,31,29,142
2024-03-22 15:20:00,8,5,15,6,47,52,29,162
2024-03-22 15:30:00,7,5,18,7,39,44,28,148
2024-03-22 15:40:00,6,6,18,10,43,35,37,155
2024-03-22 15:50:00,8,5,19,9,45,42,37,165
2024-03-22 16:00:00,7,8,27,14,64,45,30,195
2024-03-22 16:10:00,9,8,30,17,51,37,31,183
2024-03-22 16:20:00,13,6,21,9,52,50,39,190
2024-03-22 16:30:00,3,2,22,12,53,53,28,173
2024-03-22 16:40:00,4,6,15,8,53,35,34,155
2024-03-22 16:50:00,5,4,22,10,39,46,20,146
2024-03-22 17:00:00,3,5,29,14,57,36,25,169
2024-03-22 17:10:00,1,7,23,7,39,35,29,141
2024-03-22 17:20:00,1,5,13,5,41,31,26,122
2024-03-22 17:30:00,1,1,20,15,42,35,22,136
2024-03-22 17:40:00,7,7,14,9,40,42,27,146
2024-03-22 17:50:00,2,6,15,9,39,25,29,125
2024-03-22 18:00:00,5,2,12,12,49,30,22,132
2024-03-22 18:10:00,1,5,22,20,40,31,21,140
2024-03-22 18:20:00,2,0,13,9,34,30,20,108
2024-03-22 18:30:00,0,2,7,4,17,20,11,61
2024-03-22 18:40:00,2,3,6,5,14,12,5,47
2024-03-22 18:50:00,0,5,6,6,22,13,20,72
2024-03-22 19:00:00,2,3,10,8,30,31,16,100
2024-03-22 19:10:00,1,4,14,8,32,30,18,107
2024-03-22 19:20:00,0,2,6,5,23,19,24,79
2024-03-22 19:30:00,1,1,14,11,22,15,21,85
2024-03-22 19:40:00,5,8,12,6,26,17,26,100
2024-03-22 19:50:00,0,9,7,12,11,32,36,107
2024-03-22 20:00:00,0,5,7,9,33,22,25,101
2024-03-22 20:10:00,1,3,6,9,22,32,24,97
2024-03-22 20:20:00,0,4,8,7,26,34,22,101
2024-03-22 20:30:00,2,1,8,8,25,22,18,84
2024-03-22 20:40:00,0,2,5,5,20,20,12,64
2024-03-22 20:50:00,0,3,9,7,23,19,16,77
2024-03-22 21:00:00,1,3,1,4,22,16,18,65
2024-03-22 21:10:00,0,1,6,6,16,14,21,64
2024-03-22 21:20:00,3,3,7,6,14,16,13,62
2024-03-22 21:30:00,2,5,2,3,12,14,15,53
2024-03-22 21:40:00,0,2,4,6,16,21,11,60
2024-03-22 21:50:00,2,0,6,8,17,16,14,63
2024-03-22 22:00:00,1,3,5,6,16,14,14,59
2024-03-22 22:10:00,4,3,5,9,14,11,7,53
2024-03-22 22:20:00,0,5,5,4,16,13,14,57
2024-03-22 22:30:00,0,0,3,6,17,12,11,49
2024-03-22 22:40:00,0,0,5,8,13,12,11,49
2024-03-22 22:50:00,1,3,4,4,19,20,15,66
2024-03-22 23:00:00,0,6,3,3,9,9,10,40
2024-03-22 23:10:00,0,3,6,7,11,6,7,40
2024-03-22 23:20:00,1,4,4,7,13,15,18,62
2024-03-22 23:30:00,0,1,0,3,6,15,9,34
2024-03-22 23:40:00,1,4,1,3,7,10,10,36
2024-03-22 23:50:00,1,1,1,6,9,10,9,37
2024-03-23 00:00:00,0,0,2,3,10,6,9,30
2024-03-23 00:10:00,0,4,2,3,6,8,6,29
2024-03-23 00:20:00,0,2,2,2,9,8,10,33
2024-03-23 00:30:00,0,3,2,1,3,7,7,23
2024-03-23 00:40:00,0,1,2,5,4,9,6,27
2024-03-23 00:50:00,0,3,0,1,10,4,8,26
2024-03-23 01:00:00,0,2,3,3,2,7,5,22
2024-03-23 01:10:00,0,1,2,3,7,11,17,41
2024-03-23 01:20:00,0,0,3,2,6,1,0,12
2024-03-23 01:30:00,0,1,0,0,4,4,2,11
2024-03-23 01:40:00,0,2,1,2,2,5,5,17
2024-03-23 01:50:00,0,0,2,6,5,8,8,29
2024-03-23 02:00:00,0,0,0,1,7,2,2,12
2024-03-23 02:10:00,0,0,1,0,7,2,3,13
2024-03-23 02:20:00,0,0,0,0,2,4,5,11
2024-03-23 02:30:00,0,0,1,1,3,0,4,9
2024-03-23 02:40:00,0,3,0,1,3,4,6,17
2024-03-23 02:50:00,0,3,1,3,5,2,4,18
2024-03-23 03:00:00,0,0,1,6,3,5,4,19
2024-03-23 03:10:00,1,1,0,1,2,4,5,14
2024-03-23 03:20:00,0,0,1,2,1,2,3,9
2024-03-23 03:30:00,0,0,1,1,1,3,4,10
2024-03-23 03:40:00,1,0,1,1,2,3,3,11
2024-03-23 03:50:00,0,0,1,1,2,1,2,7
2024-03-23 04:00:00,0,0,0,1,4,3,3,11
2024-03-23 04:10:00,0,1,1,2,0,3,3,10
2024-03-23 04:20:00,0,1,0,1,4,5,7,18
2024-03-23 04:30:00,0,1,0,1,4,3,5,14
2024-03-23 04:40:00,0,1,1,1,3,2,4,12
2024-03-23 04:50:00,0,1,1,3,1,5,7,18
2024-03-23 05:00:00,0,2,0,0,2,3,5,12
2024-03-23 05:10:00,0,0,2,4,3,1,1,11
2024-03-23 05:20:00,0,1,1,2,5,3,6,18
2024-03-23 05:30:00,0,0,1,1,3,4,7,16
2024-03-23 05:40:00,0,2,0,0,5,8,10,25
2024-03-23 05:50:00,0,1,3,3,10,5,5,27
2024-03-23 06:00:00,1,0,1,3,5,2,4,16
2024-03-23 06:10:00,0,0,1,2,10,4,5,22
2024-03-23 06:20:00,0,2,0,2,5,6,8,23
2024-03-23 06:30:00,0,3,1,0,10,2,5,21
2024-03-23 06:40:00,0,1,0,2,10,8,6,27
2024-03-23 06:50:00,7,3,2,1,12,4,6,35
2024-03-23 07:00:00,0,0,1,1,4,2,3,11
2024-03-23 07:10:00,1,7,1,2,11,4,6,32
2024-03-23 07:20:00,0,4,2,2,10,10,11,39
2024-03-23 07:30:00,0,1,0,3,7,6,10,27
2024-03-23 07:40:00,0,0,1,2,9,7,10,29
2024-03-23 07:50:00,0,3,5,4,7,8,10,37
2024-03-23 08:00:00,0,5,5,3,10,7,15,45
2024-03-23 08:10:00,0,0,2,2,11,8,12,35
2024-03-23 08:20:00,0,3,1,0,11,11,12,38
2024-03-23 08:30:00,0,3,1,2,16,14,16,52
2024-03-23 08:40:00,0,1,6,5,26,10,11,59
2024-03-23 08:50:00,0,6,3,4,22,8,17,60
2024-03-23 09:00:00,0,2,8,5,15,9,21,60
2024-03-23 09:10:00,0,4,8,4,26,11,20,73
2024-03-23 09:20:00,0,8,4,4,28,17,31,92
2024-03-23 09:30:00,2,5,10,2,28,17,21,85
2024-03-23 09:40:00,0,1,8,9,34,18,28,98
2024-03-23 09:50:00,2,5,9,6,39,19,22,102
2024-03-23 10:00:00,1,2,7,7,42,21,18,98
2024-03-23 10:10:00,1,4,9,6,42,19,26,107
2024-03-23 10:20:00,2,4,10,7,41,14,17,95
2024-03-23 10:30:00,0,2,13,7,33,25,26,106
2024-03-23 10:40:00,0,2,11,9,44,18,25,109
2024-03-23 10:50:00,3,4,8,8,36,19,24,102
2024-03-23 11:00:00,1,3,22,14,51,22,26,139
2024-03-23 11:10:00,2,2,22,10,44,77,28,185
2024-03-23 11:20:00,1,4,13,11,52,32,30,143
2024-03-23 11:30:00,1,2,15,7,41,19,27,112
2024-03-23 11:40:00,0,3,18,6,39,26,33,125
2024-03-23 11:50:00,1,1,13,5,58,27,25,130
2024-03-23 12:00:00,0,2,20,9,49,50,34,164
2024-03-23 12:10:00,1,6,18,11,48,35,31,150
2024-03-23 12:20:00,0,3,22,8,49,23,25,130
2024-03-23 12:30:00,3,6,11,7,45,43,31,146
2024-03-23 12:40:00,2,6,17,12,45,28,31,141
2024-03-23 12:50:00,2,4,15,7,37,23,20,108
2024-03-23 13:00:00,2,5,18,15,55,40,29,164
2024-03-23 13:10:00,1,1,10,6,48,54,30,150
2024-03-23 13:20:00,0,1,18,15,50,27,31,142
2024-03-23 13:30:00,2,1,16,5,38,26,26,114
2024-03-23 13:40:00,1,3,18,10,45,36,19,132
2024-03-23 13:50:00,9,5,16,6,41,37,36,150
2024-03-23 14:00:00,0,6,9,4,47,20,24,110
2024-03-23 14:10:00,2,6,16,10,53,31,23,141
2024-03-23 14:20:00,0,1,22,11,42,33,28,137
2024-03-23 14:30:00,1,1,17,10,46,29,22,126
2024-03-23 14:40:00,1,8,10,5,38,23,21,106
2024-03-23 14:50:00,2,8,13,10,46,34,30,143
2024-03-23 15:00:00,2,3,16,11,46,31,21,130
2024-03-23 15:10:00,1,2,5,4,50,34,31,127
2024-03-23 15:20:00,2,5,13,8,39,32,25,124
2024-03-23 15:30:00,0,3,9,5,38,42,34,131
2024-03-23 15:40:00,3,3,17,6,24,22,20,95
2024-03-23 15:50:00,3,5,8,6,23,29,29,103
2024-03-23 16:00:00,3,4,18,11,34,20,21,111
2024-03-23 16:10:00,0,9,10,12,38,28,30,127
2024-03-23 16:20:00,2,2,13,9,33,29,30,118
2024-03-23 16:30:00,0,4,15,7,46,27,22,121
2024-03-23 16:40:00,2,5,9,9,29,26,24,104
2024-03-23 16:50:00,0,4,10,6,38,51,22,131
2024-03-23 17:00:00,1,7,10,7,45,25,27,122
2024-03-23 17:10:00,0,3,10,7,37,24,20,101
2024-03-23 17:20:00,1,4,8,4,29,35,22,103
2024-03-23 17:30:00,0,6,13,8,37,29,26,119
2024-03-23 17:40:00,2,4,7,6,38,30,27,114
2024-03-23 17:50:00,2,5,13,6,45,33,26,130
2024-03-23 18:00:00,2,1,14,10,38,40,30,135
2024-03-23 18:10:00,1,2,9,8,30,31,24,105
2024-03-23 18:20:00,1,6,7,6,31,28,22,101
2024-03-23 18:30:00,2,9,8,7,33,30,29,118
2024-03-23 18:40:00,1,8,6,8,38,26,17,104
2024-03-23 18:50:00,2,4,7,5,26,22,14,80
2024-03-23 19:00:00,1,3,2,3,22,23,14,68
2024-03-23 19:10:00,1,3,4,3,28,22,20,81
2024-03-23 19:20:00,0,5,6,4,27,21,25,88
2024-03-23 19:30:00,0,2,8,5,14,17,16,62
2024-03-23 19:40:00,1,4,4,2,18,24,23,76
2024-03-23 19:50:00,0,2,8,4,31,24,20,89
2024-03-23 20:00:00,0,5,5,6,22,30,24,92
2024-03-23 20:10:00,0,1,8,4,18,31,21,83
2024-03-23 20:20:00,2,1,4,7,24,21,10,69
2024-03-23 20:30:00,2,4,4,4,22,12,13,61
2024-03-23 20:40:00,1,2,3,3,20,17,11,57
2024-03-23 20:50:00,0,2,1,2,14,16,20,55
2024-03-23 21:00:00,0,2,3,1,19,12,16,53
2024-03-23 21:10:00,0,5,6,7,9,7,13,47
2024-03-23 21:20:00,0,2,3,3,22,41,16,87
2024-03-23 21:30:00,0,2,4,2,18,15,15,56
2024-03-23 21:40:00,0,3,5,5,17,20,15,65
2024-03-23 21:50:00,0,1,3,3,24,21,13,65
2024-03-23 22:00:00,2,0,8,8,17,18,8,61
2024-03-23 22:10:00,0,1,3,4,11,11,12,42
2024-03-23 22:20:00,1,0,6,5,11,10,8,41
2024-03-23 22:30:00,1,2,2,3,12,10,9,39
2024-03-23 22:40:00,0,0,1,4,13,16,13,47
2024-03-23 22:50:00,0,4,4,4,11,14,14,51
2024-03-23 23:00:00,0,1,5,7,9,12,13,47
2024-03-23 23:10:00,0,3,3,3,20,11,18,58
2024-03-23 23:20:00,0,3,4,4,9,7,6,33
2024-03-23 23:30:00,0,1,7,7,2,8,11,36
2024-03-23 23:40:00,0,1,4,5,14,9,11,44
2024-03-23 23:50:00,0,1,2,2,11,16,14,46
2024-03-24 00:00:00,2,1,3,2,9,4,8,29
2024-03-24 00:10:00,0,1,3,2,8,9,6,29
2024-03-24 00:20:00,0,0,2,3,8,11,8,32
2024-03-24 00:30:00,0,1,2,4,1,10,8,26
2024-03-24 00:40:00,0,2,0,0,5,6,8,21
2024-03-24 00:50:00,0,0,1,1,4,4,4,14
2024-03-24 01:00:00,0,0,3,3,5,5,6,22
2024-03-24 01:10:00,0,3,1,2,8,11,11,36
2024-03-24 01:20:00,0,1,1,3,3,4,3,15
2024-03-24 01:30:00,0,2,2,5,6,9,7,31
2024-03-24 01:40:00,0,0,2,2,2,2,7,15
2024-03-24 01:50:00,0,1,0,1,0,6,3,11
2024-03-24 02:00:00,0,2,2,3,4,2,4,17
2024-03-24 02:10:00,0,1,2,3,3,1,2,12
2024-03-24 02:20:00,0,0,0,1,4,4,4,13
2024-03-24 02:30:00,0,0,1,1,2,3,3,10
2024-03-24 02:40:00,0,2,1,0,2,4,3,12
2024-03-24 02:50:00,0,1,0,0,1,2,2,6
2024-03-24 03:00:00,2,0,1,1,0,3,5,12
2024-03-24 03:10:00,0,0,0,0,3,2,0,5
2024-03-24 03:20:00,0,0,0,1,1,4,4,10
2024-03-24 03:30:00,0,1,1,1,4,0,2,9
2024-03-24 03:40:00,0,1,0,0,2,0,1,4
2024-03-24 03:50:00,0,0,0,2,0,3,3,8
2024-03-24 04:00:00,0,1,1,0,1,2,3,8
2024-03-24 04:10:00,0,1,0,1,1,2,4,9
2024-03-24 04:20:00,0,1,0,0,0,1,2,4
2024-03-24 04:30:00,0,0,0,1,0,2,3,6
2024-03-24 04:40:00,0,1,0,1,2,3,5,12
2024-03-24 04:50:00,0,0,0,1,1,3,3,8
2024-03-24 05:00:00,0,0,1,1,2,3,3,10
2024-03-24 05:10:00,1,0,3,3,3,5,4,19
2024-03-24 05:20:00,0,1,1,2,4,4,6,18
2024-03-24 05:30:00,0,0,0,0,0,2,1,3
2024-03-24 05:40:00,0,1,1,1,5,3,6,17
2024-03-24 05:50:00,0,0,1,1,1,3,4,10
2024-03-24 06:00:00,1,0,0,1,2,1,2,7
2024-03-24 06:10:00,0,3,1,3,3,5,7,22
2024-03-24 06:20:00,0,0,1,0,5,1,2,9
2024-03-24 06:30:00,0,0,0,0,4,1,0,5
2024-03-24 06:40:00,0,0,1,3,3,4,3,14
2024-03-24 06:50:00,0,0,1,1,9,1,4,16
2024-03-24 07:00:00,0,2,1,2,1,3,3,12
2024-03-24 07:10:00,0,0,0,4,1,5,3,13
2024-03-24 07:20:00,0,0,0,1,1,5,4,11
2024-03-24 07:30:00,0,1,2,1,2,2,5,13
2024-03-24 07:40:00,0,0,2,4,5,4,3,18
2024-03-24 07:50:00,0,0,2,2,4,1,2,11
2024-03-24 08:00:00,0,2,2,2,3,3,6,18
2024-03-24 08:10:00,0,0,1,3,5,6,7,22
2024-03-24 08:20:00,0,2,0,0,6,4,8,20
2024-03-24 08:30:00,0,0,2,1,5,2,3,13
2024-03-24 08:40:00,0,0,0,2,8,5,3,18
2024-03-24 08:50:00,0,1,3,4,8,6,4,26
2024-03-24 09:00:00,0,2,2,2,7,3,3,19
2024-03-24 09:10:00,0,1,5,2,6,7,10,31
2024-03-24 09:20:00,0,3,10,3,19,2,6,43
2024-03-24 09:30:00,0,3,5,2,12,3,6,31
2024-03-24 09:40:00,0,1,4,1,14,11,6,37
2024-03-24 09:50:00,0,0,3,5,9,11,11,39
2024-03-24 10:00:00,0,1,4,4,18,16,9,52
2024-03-24 10:10:00,2,1,6,6,12,9,9,45
2024-03-24 10:20:00,0,1,6,8,14,16,10,55
2024-03-24 10:30:00,0,1,9,2,23,14,11,60
2024-03-24 10:40:00,0,0,7,6,11,7,7,38
2024-03-24 10:50:00,0,3,2,1,14,11,11,42
2024-03-24 11:00:00,1,1,8,4,17,8,14,53
2024-03-24 11:10:00,0,2,3,5,21,13,15,59
2024-03-24 11:20:00,0,1,5,2,12,8,6,34
2024-03-24 11:30:00,0,2,5,2,22,21,17,69
2024-03-24 11:40:00,0,2,8,6,22,16,14,68
2024-03-24 11:50:00,0,0,12,6,17,7,7,49
2024-03-24 12:00:00,0,2,10,8,13,13,13,59
2024-03-24 12:10:00,0,1,3,4,17,21,14,60
2024-03-24 12:20:00,2,4,7,6,13,20,17,69
2024-03-24 12:30:00,1,3,5,6,17,16,19,67
2024-03-24 12:40:00,1,1,3,3,10,16,14,48
2024-03-24 12:50:00,0,1,11,6,18,11,15,62
2024-03-24 13:00:00,0,1,7,8,21,15,11,63
2024-03-24 13:10:00,2,2,8,6,15,13,12,58
2024-03-24 13:20:00,1,5,7,3,17,10,16,59
2024-03-24 13:30:00,1,4,8,9,21,25,11,79
2024-03-24 13:40:00,0,1,11,7,17,15,14,65
2024-03-24 13:50:00,1,4,7,4,22,40,10,88
2024-03-24 14:00:00,0,4,4,1,34,16,18,77
2024-03-24 14:10:00,2,3,5,0,22,14,16,62
2024-03-24 14:20:00,0,2,4,7,18,17,15,63
2024-03-24 14:30:00,1,4,4,3,28,26,15,81
2024-03-24 14:40:00,0,1,5,4,17,9,5,41
2024-03-24 14:50:00,0,3,5,2,14,17,23,64
2024-03-24 15:00:00,0,1,3,2,19,14,11,50
2024-03-24 15:10:00,0,2,11,6,15,45,19,98
2024-03-24 15:20:00,1,1,5,3,19,22,12,63
2024-03-24 15:30:00,0,1,3,2,14,25,15,60
2024-03-24 15:40:00,1,3,5,6,16,12,21,64
2024-03-24 15:50:00,0,2,4,3,20,22,15,66
2024-03-24 16:00:00,1,3,3,4,19,26,20,76
2024-03-24 16:10:00,0,3,5,4,27,16,21,76
2024-03-24 16:20:00,0,3,2,2,29,22,21,79
2024-03-24 16:30:00,0,3,3,1,25,11,12,55
2024-03-24 16:40:00,0,3,9,7,22,13,14,68
2024-03-24 16:50:00,0,3,2,3,23,15,16,62
2024-03-24 17:00:00,0,0,9,5,24,18,19,75
2024-03-24 17:10:00,0,2,7,7,17,25,13,71
2024-03-24 17:20:00,0,5,5,4,24,19,8,65
2024-03-24 17:30:00,0,5,5,5,9,117,16,157
2024-03-24 17:40:00,0,2,11,7,28,18,21,87
2024-03-24 17:50:00,0,1,8,2,19,19,12,61
2024-03-24 18:00:00,0,2,11,8,22,14,9,66
2024-03-24 18:10:00,0,3,10,8,22,15,15,73
2024-03-24 18:20:00,0,1,6,6,25,30,13,81
2024-03-24 18:30:00,1,3,3,3,31,22,20,83
2024-03-24 18:40:00,0,3,5,6,18,20,19,71
2024-03-24 18:50:00,1,2,12,7,12,19,13,66
2024-03-24 19:00:00,1,6,8,2,14,16,12,59
2024-03-24 19:10:00,1,2,4,1,15,8,6,37
2024-03-24 19:20:00,1,0,2,3,16,20,13,55
2024-03-24 19:30:00,0,4,4,4,16,17,20,65
2024-03-24 19:40:00,0,1,9,6,21,23,17,77
2024-03-24 19:50:00,0,4,8,5,18,19,21,75
2024-03-24 20:00:00,0,3,6,7,17,16,20,69
2024-03-24 20:10:00,0,6,3,0,21,14,22,66
2024-03-24 20:20:00,1,1,4,4,19,19,16,64
2024-03-24 20:30:00,0,0,3,2,14,13,18,50
2024-03-24 20:40:00,1,3,6,3,10,9,11,43
2024-03-24 20:50:00,0,1,0,2,13,14,14,44
2024-03-24 21:00:00,0,3,3,5,26,8,15,60
2024-03-24 21:10:00,0,4,1,1,14,13,9,42
2024-03-24 21:20:00,1,1,2,2,21,21,11,59
2024-03-24 21:30:00,1,6,4,2,15,13,11,52
2024-03-24 21:40:00,0,2,4,6,11,11,12,46
2024-03-24 21:50:00,1,0,3,2,16,11,10,43
2024-03-24 22:00:00,0,2,2,4,10,16,12,46
2024-03-24 22:10:00,0,2,2,2,8,6,9,29
2024-03-24 22:20:00,0,1,2,3,1,11,7,25
2024-03-24 22:30:00,0,0,5,6,5,5,4,25
2024-03-24 22:40:00,0,1,1,1,6,6,6,21
2024-03-24 22:50:00,0,4,2,3,12,8,5,34
2024-03-24 23:00:00,0,1,1,1,8,4,9,24
2024-03-24 23:10:00,0,0,0,0,10,5,3,18
2024-03-24 23:20:00,0,1,1,1,4,6,8,21
2024-03-24 23:30:00,0,1,2,3,3,3,2,14
2024-03-24 23:40:00,0,0,0,0,3,2,6,11
2024-03-24 23:50:00,0,1,3,4,3,8,8,27
2024-03-25 00:00:00,0,0,0,0,4,1,2,7
2024-03-25 00:10:00,0,2,1,2,3,2,6,16
2024-03-25 00:20:00,1,2,0,1,3,2,2,11
2024-03-25 00:30:00,0,2,1,1,4,5,8,21
2024-03-25 00:40:00,0,0,0,0,1,0,0,1
2024-03-25 00:50:00,1,0,0,1,2,3,2,9
2024-03-25 01:00:00,0,3,0,0,1,1,8,13
2024-03-25 01:10:00,0,2,0,0,2,1,3,8
2024-03-25 01:20:00,1,1,1,0,3,3,4,13
2024-03-25 01:30:00,0,1,1,3,8,2,3,18
2024-03-25 01:40:00,0,0,0,0,1,1,1,3
2024-03-25 01:50:00,0,1,0,1,0,2,3,7
2024-03-25 02:00:00,0,0,1,2,0,1,2,6
2024-03-25 02:10:00,0,0,1,0,3,0,0,4
2024-03-25 02:20:00,0,0,0,2,3,3,3,11
2024-03-25 02:30:00,0,0,0,0,0,1,0,1
2024-03-25 02:40:00,0,2,0,0,0,2,3,7
2024-03-25 02:50:00,0,0,0,0,0,1,1,2
2024-03-25 03:00:00,0,0,0,1,0,1,2,4
2024-03-25 03:10:00,0,1,2,2,1,0,1,7
2024-03-25 03:20:00,0,0,0,0,2,1,0,3
2024-03-25 03:30:00,0,0,0,0,0,0,1,1
2024-03-25 03:40:00,0,0,0,2,1,1,1,5
2024-03-25 03:50:00,0,1,0,1,1,1,1,5
2024-03-25 04:00:00,0,2,2,3,4,2,4,17
2024-03-25 04:10:00,0,1,1,0,3,3,4,12
2024-03-25 04:20:00,1,0,2,0,0,1,1,5
2024-03-25 04:30:00,0,2,0,1,4,1,4,12
2024-03-25 04:40:00,0,2,1,1,7,4,4,19
2024-03-25 04:50:00,0,1,1,0,5,1,3,11
2024-03-25 05:00:00,0,0,4,4,11,4,4,27
2024-03-25 05:10:00,0,1,5,12,11,8,14,51
2024-03-25 05:20:00,0,2,4,3,10,1,10,30
2024-03-25 05:30:00,0,0,5,6,16,7,12,46
2024-03-25 05:40:00,0,2,8,9,28,13,12,72
2024-03-25 05:50:00,1,4,12,7,22,15,23,84
2024-03-25 06:00:00,1,1,5,4,25,15,21,72
2024-03-25 06:10:00,0,0,10,5,29,22,21,87
2024-03-25 06:20:00,2,4,13,7,36,21,27,110
2024-03-25 06:30:00,3,3,14,8,44,25,18,115
2024-03-25 06:40:00,0,3,15,13,41,25,18,115
2024-03-25 06:50:00,5,6,14,10,42,23,28,128
2024-03-25 07:00:00,0,2,14,16,37,32,30,131
2024-03-25 07:10:00,0,4,12,9,49,33,24,131
2024-03-25 07:20:00,0,7,18,17,56,42,28,168
2024-03-25 07:30:00,0,7,17,24,38,195,28,309
2024-03-25 07:40:00,1,1,20,22,61,50,33,188
2024-03-25 07:50:00,0,5,12,29,38,58,35,177
2024-03-25 08:00:00,1,3,17,24,41,46,23,155
2024-03-25 08:10:00,1,4,16,21,45,92,16,195
2024-03-25 08:20:00,4,6,14,21,32,53,37,167
2024-03-25 08:30:00,0,6,20,19,45,41,24,155
2024-03-25 08:40:00,2,9,29,14,35,35,36,160
2024-03-25 08:50:00,6,3,25,16,44,51,18,163
2024-03-25 09:00:00,0,7,27,25,40,44,28,171
2024-03-25 09:10:00,1,5,17,17,38,32,26,136
2024-03-25 09:20:00,3,6,15,17,39,34,31,145
2024-03-25 09:30:00,1,4,21,21,45,26,33,151
2024-03-25 09:40:00,1,6,13,12,36,25,22,115
2024-03-25 09:50:00,1,6,20,12,38,34,29,140
2024-03-25 10:00:00,2,9,13,11,46,32,33,146
2024-03-25 10:10:00,4,7,13,18,44,30,25,141
2024-03-25 10:20:00,0,6,20,17,42,23,27,135
2024-03-25 10:30:00,3,6,11,16,42,30,32,140
2024-03-25 10:40:00,1,4,11,13,54,21,30,134
2024-03-25 10:50:00,1,9,15,18,40,26,26,135
2024-03-25 11:00:00,1,7,15,11,48,35,43,160
2024-03-25 11:10:00,1,2,12,9,43,21,23,111
2024-03-25 11:20:00,1,4,14,14,44,31,27,135
2024-03-25 11:30:00,1,6,20,14,47,38,38,164
2024-03-25 11:40:00,2,6,14,15,49,34,29,149
2024-03-25 11:50:00,4,7,18,16,42,43,36,166
2024-03-25 12:00:00,5,2,23,11,45,30,30,146
2024-03-25 12:10:00,2,13,23,17,49,29,28,161
2024-03-25 12:20:00,1,1,18,19,40,37,32,148
2024-03-25 12:30:00,0,5,21,20,41,39,29,155
2024-03-25 12:40:00,4,6,15,9,46,32,27,139
2024-03-25 12:50:00,3,5,17,13,39,109,28,214
2024-03-25 13:00:00,3,4,17,15,58,35,31,163
2024-03-25 13:10:00,2,3,26,20,42,22,30,145
2024-03-25 13:20:00,7,5,21,19,36,31,19,138
2024-03-25 13:30:00,6,6,20,13,43,47,17,152
2024-03-25 13:40:00,3,3,16,11,35,29,27,124
2024-03-25 13:50:00,3,9,24,9,37,41,27,150
2024-03-25 14:00:00,7,4,19,14,47,37,29,157
2024-03-25 14:10:00,8,7,12,8,45,39,31,150
2024-03-25 14:20:00,6,7,16,12,44,28,30,143
2024-03-25 14:30:00,7,2,28,21,41,35,27,161
2024-03-25 14:40:00,7,10,25,21,44,46,26,179
2024-03-25 14:50:00,15,9,13,13,54,40,37,181
2024-03-25 15:00:00,11,5,22,14,37,40,28,157
2024-03-25 15:10:00,10,6,20,23,48,40,25,172
2024-03-25 15:20:00,12,8,33,18,42,57,32,202
2024-03-25 15:30:00,10,5,37,17,50,49,24,192
2024-03-25 15:40:00,6,7,24,18,55,90,33,233
2024-03-25 15:50:00,10,9,30,19,51,54,34,207
2024-03-25 16:00:00,17,61,27,19,53,61,38,276
2024-03-25 16:10:00,15,10,29,21,49,39,26,189
2024-03-25 16:20:00,5,7,30,14,42,45,33,176
2024-03-25 16:30:00,8,5,30,16,47,35,34,175
2024-03-25 16:40:00,11,8,34,21,70,44,40,228
2024-03-25 16:50:00,8,5,29,20,49,55,28,194
2024-03-25 17:00:00,3,4,22,14,49,46,30,168
2024-03-25 17:10:00,13,10,22,18,46,70,28,207
2024-03-25 17:20:00,7,9,29,14,45,42,32,178
2024-03-25 17:30:00,4,7,20,10,38,48,28,155
2024-03-25 17:40:00,8,5,27,18,55,47,30,190
2024-03-25 17:50:00,5,7,21,14,26,37,39,149
2024-03-25 18:00:00,5,6,19,10,42,41,28,151
2024-03-25 18:10:00,8,4,23,16,36,25,29,141
2024-03-25 18:20:00,4,5,24,15,37,31,27,143
2024-03-25 18:30:00,3,4,18,5,33,23,19,105
2024-03-25 18:40:00,1,5,22,12,34,31,21,126
2024-03-25 18:50:00,3,9,16,10,32,39,26,135
2024-03-25 19:00:00,0,10,11,15,25,35,24,120
2024-03-25 19:10:00,1,1,13,18,23,35,19,110
2024-03-25 19:20:00,3,2,7,11,22,27,19,91
2024-03-25 19:30:00,1,4,8,9,24,23,18,87
2024-03-25 19:40:00,1,3,10,8,21,23,14,80
2024-03-25 19:50:00,2,3,8,7,27,15,19,81
2024-03-25 20:00:00,1,1,11,8,26,19,28,94
2024-03-25 20:10:00,1,3,7,7,36,31,23,108
2024-03-25 20:20:00,3,0,7,9,16,15,19,69
2024-03-25 20:30:00,1,3,1,3,23,25,19,75
2024-03-25 20:40:00,0,1,7,7,17,17,22,71
2024-03-25 20:50:00,4,2,2,7,16,20,16,67
2024-03-25 21:00:00,1,2,3,8,18,18,11,61
2024-03-25 21:10:00,3,1,4,9,24,16,14,71
2024-03-25 21:20:00,0,6,5,5,16,16,14,62
2024-03-25 21:30:00,1,3,7,6,14,14,17,62
2024-03-25 21:40:00,2,1,8,8,11,14,3,47
2024-03-25 21:50:00,2,2,4,4,19,13,5,49
2024-03-25 22:00:00,5,6,4,5,15,16,16,67
2024-03-25 22:10:00,3,3,6,6,15,18,9,60
2024-03-25 22:20:00,1,2,2,8,13,16,13,55
2024-03-25 22:30:00,2,2,4,11,12,16,11,58
2024-03-25 22:40:00,2,4,1,5,9,12,13,46
2024-03-25 22:50:00,0,1,2,3,8,7,4,25
2024-03-25 23:00:00,0,1,0,0,11,11,9,32
2024-03-25 23:10:00,0,0,2,5,11,7,10,35
2024-03-25 23:20:00,1,1,3,1,4,5,6,21
2024-03-25 23:30:00,0,1,1,4,10,9,5,30
2024-03-25 23:40:00,2,2,2,4,5,6,9,30
2024-03-25 23:50:00,0,1,2,1,5,4,4,17
2024-03-26 00:00:00,0,1,2,4,3,2,5,17
2024-03-26 00:10:00,0,0,1,2,1,3,5,12
2024-03-26 00:20:00,1,1,0,2,4,3,1,12
2024-03-26 00:30:00,0,0,1,2,7,2,2,14
2024-03-26 00:40:00,0,1,1,1,1,3,4,11
2024-03-26 00:50:00,0,0,1,0,2,2,0,5
2024-03-26 01:00:00,0,1,0,1,3,3,3,11
2024-03-26 01:10:00,0,2,0,2,5,2,4,15
2024-03-26 01:20:00,0,1,1,1,1,1,2,7
2024-03-26 01:30:00,0,0,0,1,3,1,1,6
2024-03-26 01:40:00,0,1,2,2,0,1,0,6
2024-03-26 01:50:00,0,0,0,1,1,3,4,9
2024-03-26 02:00:00,0,0,1,1,3,0,0,5
2024-03-26 02:10:00,0,1,0,0,0,0,3,4
2024-03-26 02:20:00,0,1,1,1,1,0,1,5
2024-03-26 02:30:00,0,0,0,1,1,1,4,7
2024-03-26 02:40:00,0,1,0,0,0,1,2,4
2024-03-26 02:50:00,0,1,0,1,2,3,3,10
2024-03-26 03:00:00,0,0,1,3,0,3,3,10
2024-03-26 03:10:00,0,0,1,3,2,2,3,11
2024-03-26 03:20:00,0,1,0,0,2,4,4,11
2024-03-26 03:30:00,0,0,0,0,0,1,1,2
2024-03-26 03:40:00,0,0,0,1,1,2,2,6
2024-03-26 03:50:00,0,0,0,2,1,2,4,9
2024-03-26 04:00:00,0,1,1,3,0,3,3,11
2024-03-26 04:10:00,0,0,0,1,0,2,3,6
2024-03-26 04:20:00,0,0,1,2,1,3,2,9
2024-03-26 04:30:00,0,1,1,1,2,1,4,10
2024-03-26 04:40:00,0,3,1,3,4,2,6,19
2024-03-26 04:50:00,0,0,1,2,6,1,2,12
2024-03-26 05:00:00,0,0,3,4,6,3,3,19
2024-03-26 05:10:00,0,2,5,3,9,2,7,28
2024-03-26 05:20:00,1,2,4,1,11,6,12,37
2024-03-26 05:30:00,0,3,5,8,14,9,11,50
2024-03-26 05:40:00,0,0,6,7,25,10,9,57
2024-03-26 05:50:00,1,5,13,6,35,18,24,102
2024-03-26 06:00:00,0,2,9,15,33,25,24,108
2024-03-26 06:10:00,3,4,6,5,22,12,20,72
2024-03-26 06:20:00,1,0,16,17,29,27,25,115
2024-03-26 06:30:00,2,3,17,13,37,22,26,120
2024-03-26 06:40:00,0,2,12,16,40,29,25,124
2024-03-26 06:50:00,0,2,16,12,50,28,37,145
2024-03-26 07:00:00,1,4,16,8,51,32,25,137
2024-03-26 07:10:00,4,5,9,16,36,38,26,134
2024-03-26 07:20:00,0,2,17,18,43,43,22,145
2024-03-26 07:30:00,2,5,20,12,38,46,26,149
2024-03-26 07:40:00,3,6,16,11,66,44,23,169
2024-03-26 07:50:00,1,5,18,13,46,59,31,173
2024-03-26 08:00:00,0,2,21,22,53,45,29,172
2024-03-26 08:10:00,2,3,19,21,38,46,33,162
2024-03-26 08:20:00,0,10,20,13,49,40,29,161
2024-03-26 08:30:00,0,8,26,16,35,40,33,158
2024-03-26 08:40:00,1,9,21,19,49,56,41,196
2024-03-26 08:50:00,0,2,19,14,48,36,21,140
2024-03-26 09:00:00,2,4,21,16,41,32,24,140
2024-03-26 09:10:00,1,7,19,18,32,31,27,135
2024-03-26 09:20:00,1,5,26,18,32,27,29,138
2024-03-26 09:30:00,2,4,19,17,32,31,21,126
2024-03-26 09:40:00,1,6,13,12,33,28,28,121
2024-03-26 09:50:00,2,7,18,12,39,37,30,145
2024-03-26 10:00:00,3,3,16,17,42,38,27,146
2024-03-26 10:10:00,1,9,11,8,47,28,29,133
2024-03-26 10:20:00,1,4,23,17,35,31,17,128
2024-03-26 10:30:00,1,5,17,18,33,26,29,129
2024-03-26 10:40:00,1,4,18,14,42,37,32,148
2024-03-26 10:50:00,3,7,16,18,48,29,25,146
2024-03-26 11:00:00,0,2,17,14,40,32,30,135
2024-03-26 11:10:00,0,4,15,11,51,24,26,131
2024-03-26 11:20:00,7,7,15,16,32,37,32,146
2024-03-26 11:30:00,3,4,28,14,48,26,32,155
2024-03-26 11:40:00,3,5,18,10,49,19,26,130
2024-03-26 11:50:00,2,7,19,14,44,38,30,154
2024-03-26 12:00:00,4,4,24,17,47,34,29,159
2024-03-26 12:10:00,1,11,25,17,50,29,34,167
2024-03-26 12:20:00,1,6,17,10,54,30,26,144
2024-03-26 12:30:00,3,3,27,16,42,32,27,150
2024-03-26 12:40:00,2,6,23,12,45,39,37,164
2024-03-26 12:50:00,2,7,23,11,27,23,23,116
2024-03-26 13:00:00,3,1,24,17,56,35,23,159
2024-03-26 13:10:00,4,6,21,14,38,36,23,142
2024-03-26 13:20:00,6,8,21,19,56,36,29,175
2024-03-26 13:30:00,4,4,13,15,37,37,23,133
2024-03-26 13:40:00,6,4,21,12,42,33,26,144
2024-03-26 13:50:00,7,6,16,17,36,28,39,149
2024-03-26 14:00:00,6,13,25,15,32,30,37,158
2024-03-26 14:10:00,8,8,22,13,45,35,25,156
2024-03-26 14:20:00,13,8,24,16,38,34,31,164
2024-03-26 14:30:00,17,4,18,12,55,39,21,166
2024-03-26 14:40:00,5,5,24,15,53,44,38,184
2024-03-26 14:50:00,4,4,16,11,50,84,21,190
2024-03-26 15:00:00,5,7,20,18,36,43,33,162
2024-03-26 15:10:00,15,12,19,12,40,37,33,168
2024-03-26 15:20:00,7,5,34,22,54,36,24,182
2024-03-26 15:30:00,24,8,36,15,50,36,28,197
2024-03-26 15:40:00,16,11,36,19,61,51,28,222
2024-03-26 15:50:00,5,6,23,15,42,44,38,173
2024-03-26 16:00:00,10,8,29,19,66,40,37,209
2024-03-26 16:10:00,16,5,41,22,37,51,37,209
2024-03-26 16:20:00,7,5,28,16,55,58,37,206
2024-03-26 16:30:00,7,4,30,11,49,38,37,176
2024-03-26 16:40:00,13,8,31,11,42,52,36,193
2024-03-26 16:50:00,10,6,27,8,56,50,28,185
2024-03-26 17:00:00,11,16,25,10,39,36,27,164
2024-03-26 17:10:00,17,4,37,23,44,58,34,217
2024-03-26 17:20:00,2,3,19,11,44,51,26,156
2024-03-26 17:30:00,5,8,23,10,45,36,22,149
2024-03-26 17:40:00,7,8,29,9,52,44,33,182
2024-03-26 17:50:00,7,3,19,8,47,46,28,158
2024-03-26 18:00:00,8,5,25,11,45,33,21,148
2024-03-26 18:10:00,3,6,36,16,40,160,29,290
2024-03-26 18:20:00,1,4,24,12,48,36,27,152
2024-03-26 18:30:00,4,6,30,13,48,32,25,158
2024-03-26 18:40:00,4,5,23,16,43,32,31,154
2024-03-26 18:50:00,0,4,18,16,28,27,23,116
2024-03-26 19:00:00,1,4,8,11,39,24,22,109
2024-03-26 19:10:00,0,5,14,9,25,30,19,102
2024-03-26 19:20:00,0,0,13,8,23,26,15,85
2024-03-26 19:30:00,0,3,11,6,24,29,19,92
2024-03-26 19:40:00,2,7,13,13,20,21,29,105
2024-03-26 19:50:00,1,2,7,10,18,20,14,72
2024-03-26 20:00:00,2,7,13,12,17,30,32,113
2024-03-26 20:10:00,0,6,9,10,28,28,23,104
2024-03-26 20:20:00,2,3,7,6,22,20,22,82
2024-03-26 20:30:00,2,5,3,7,8,16,19,60
2024-03-26 20:40:00,1,5,8,7,14,19,15,69
2024-03-26 20:50:00,1,3,4,7,20,16,9,60
2024-03-26 21:00:00,1,1,2,7,18,17,15,61
2024-03-26 21:10:00,2,3,5,8,9,16,9,52
2024-03-26 21:20:00,1,3,4,5,15,12,10,50
2024-03-26 21:30:00,2,3,3,7,22,26,21,84
2024-03-26 21:40:00,0,1,7,3,14,12,9,46
2024-03-26 21:50:00,1,0,2,3,7,9,11,33
2024-03-26 22:00:00,3,2,1,5,24,15,16,66
2024-03-26 22:10:00,2,2,4,5,10,15,12,50
2024-03-26 22:20:00,2,2,6,8,6,11,15,50
2024-03-26 22:30:00,1,1,5,9,7,11,13,47
2024-03-26 22:40:00,0,5,0,3,15,15,11,49
2024-03-26 22:50:00,0,1,4,5,10,8,8,36
2024-03-26 23:00:00,0,1,2,3,16,11,9,42
2024-03-26 23:10:00,1,0,4,4,8,9,6,32
2024-03-26 23:20:00,0,3,2,2,8,6,10,31
2024-03-26 23:30:00,0,3,0,3,5,6,11,28
2024-03-26 23:40:00,0,0,2,2,5,4,6,19
2024-03-26 23:50:00,0,2,0,2,5,5,2,16
2024-03-27 00:00:00,1,0,0,2,5,6,6,20
2024-03-27 00:10:00,0,1,0,1,2,3,3,10
2024-03-27 00:20:00,1,0,2,2,6,8,5,24
2024-03-27 00:30:00,0,5,0,1,4,2,5,17
2024-03-27 00:40:00,0,0,0,0,0,5,4,9
2024-03-27 00:50:00,0,1,1,2,2,2,3,11
2024-03-27 01:00:00,0,0,0,0,2,1,4,7
2024-03-27 01:10:00,0,0,2,3,0,1,2,8
2024-03-27 01:20:00,0,1,0,1,3,2,4,11
2024-03-27 01:30:00,0,0,0,1,3,2,1,7
2024-03-27 01:40:00,0,0,0,0,0,1,1,2
2024-03-27 01:50:00,0,0,1,1,1,0,0,3
2024-03-27 02:00:00,0,0,1,2,1,1,4,9
2024-03-27 02:10:00,0,0,0,2,3,4,5,14
2024-03-27 02:20:00,0,1,1,2,0,2,3,9
2024-03-27 02:30:00,0,2,0,0,2,0,2,6
2024-03-27 02:40:00,0,0,0,2,1,2,3,8
2024-03-27 02:50:00,0,0,0,0,2,0,0,2
2024-03-27 03:00:00,0,0,1,3,2,3,4,13
2024-03-27 03:10:00,0,1,0,2,0,2,5,10
2024-03-27 03:20:00,0,0,1,1,3,4,4,13
2024-03-27 03:30:00,0,0,0,0,1,0,1,2
2024-03-27 03:40:00,0,3,0,2,2,2,4,13
2024-03-27 03:50:00,0,0,0,3,2,4,3,12
2024-03-27 04:00:00,0,2,2,4,3,5,5,21
2024-03-27 04:10:00,1,0,1,0,0,1,1,4
2024-03-27 04:20:00,0,0,0,0,1,1,2,4
2024-03-27 04:30:00,0,2,1,1,3,1,6,14
2024-03-27 04:40:00,0,0,0,0,4,2,2,8
2024-03-27 04:50:00,0,1,1,1,5,4,3,15
2024-03-27 05:00:00,0,1,5,8,4,2,7,27
2024-03-27 05:10:00,0,3,2,2,13,1,4,25
2024-03-27 05:20:00,0,1,7,4,16,6,10,44
2024-03-27 05:30:00,0,1,3,6,13,8,10,41
2024-03-27 05:40:00,0,2,5,7,19,9,18,60
2024-03-27 05:50:00,1,4,8,3,33,17,22,88
2024-03-27 06:00:00,2,4,8,16,32,24,29,115
2024-03-27 06:10:00,0,2,7,7,28,18,27,89
2024-03-27 06:20:00,0,5,12,13,31,16,20,97
2024-03-27 06:30:00,1,1,9,5,36,24,24,100
2024-03-27 06:40:00,0,3,13,15,27,23,21,102
2024-03-27 06:50:00,6,3,21,15,41,27,28,141
2024-03-27 07:00:00,3,1,19,12,49,28,30,142
2024-03-27 07:10:00,4,1,11,9,36,41,20,122
2024-03-27 07:20:00,3,7,24,20,36,26,22,138
2024-03-27 07:30:00,1,3,18,24,44,122,33,245
2024-03-27 07:40:00,1,6,22,9,46,49,30,163
2024-03-27 07:50:00,2,6,13,19,42,45,37,164
2024-03-27 08:00:00,3,14,15,14,47,37,28,158
2024-03-27 08:10:00,2,7,16,16,37,41,20,139
2024-03-27 08:20:00,0,3,16,17,46,79,21,182
2024-03-27 08:30:00,0,6,19,20,40,38,29,152
2024-03-27 08:40:00,1,5,12,14,50,48,37,167
2024-03-27 08:50:00,2,2,26,19,38,44,32,163
2024-03-27 09:00:00,0,2,16,19,35,33,31,136
2024-03-27 09:10:00,2,6,13,14,33,28,21,117
2024-03-27 09:20:00,1,3,16,7,42,27,28,124
2024-03-27 09:30:00,1,5,11,12,50,33,17,129
2024-03-27 09:40:00,0,8,21,11,38,25,35,138
2024-03-27 09:50:00,0,3,15,14,35,31,21,119
2024-03-27 10:00:00,2,4,24,21,33,27,36,147
2024-03-27 10:10:00,1,4,23,16,55,28,25,152
2024-03-27 10:20:00,2,7,22,13,47,33,25,149
2024-03-27 10:30:00,3,4,16,14,46,38,28,149
2024-03-27 10:40:00,1,2,18,11,51,36,25,144
2024-03-27 10:50:00,0,4,17,10,58,29,31,149
2024-03-27 11:00:00,0,5,13,20,41,31,28,138
2024-03-27 11:10:00,1,5,15,14,45,29,34,143
2024-03-27 11:20:00,2,4,25,15,43,32,34,155
2024-03-27 11:30:00,2,10,17,17,42,32,37,157
2024-03-27 11:40:00,4,8,22,11,44,21,34,144
2024-03-27 11:50:00,6,8,19,11,52,26,36,158
2024-03-27 12:00:00,2,7,20,15,50,20,31,145
2024-03-27 12:10:00,1,6,20,15,51,39,27,159
2024-03-27 12:20:00,2,1,21,13,49,35,38,159
2024-03-27 12:30:00,2,7,25,19,53,31,27,164
2024-03-27 12:40:00,4,3,23,15,43,37,36,161
2024-03-27 12:50:00,3,8,25,19,60,37,22,174
2024-03-27 13:00:00,0,3,18,15,54,37,35,162
2024-03-27 13:10:00,17,8,25,20,44,33,33,180
2024-03-27 13:20:00,2,4,17,9,41,32,26,131
2024-03-27 13:30:00,6,7,20,27,66,46,32,204
2024-03-27 13:40:00,2,9,20,15,42,33,37,158
2024-03-27 13:50:00,3,3,19,17,49,39,36,166
2024-03-27 14:00:00,5,3,24,16,48,25,30,151
2024-03-27 14:10:00,8,4,22,14,38,21,27,134
2024-03-27 14:20:00,7,9,18,12,55,35,39,175
2024-03-27 14:30:00,11,5,21,14,44,39,30,164
2024-03-27 14:40:00,10,6,20,18,40,38,29,161
2024-03-27 14:50:00,9,2,33,19,41,41,25,170
2024-03-27 15:00:00,7,10,22,13,43,42,35,172
2024-03-27 15:10:00,10,8,22,17,48,49,33,187
2024-03-27 15:20:00,7,4,24,11,36,32,36,150
2024-03-27 15:30:00,12,7,28,17,41,47,29,181
2024-03-27 15:40:00,20,11,24,29,37,49,28,198
2024-03-27 15:50:00,11,5,35,17,55,47,28,198
2024-03-27 16:00:00,10,4,33,23,50,53,26,199
2024-03-27 16:10:00,13,6,34,27,48,50,25,203
2024-03-27 16:20:00,17,6,27,27,52,50,36,215
2024-03-27 16:30:00,6,6,35,22,54,46,22,191
2024-03-27 16:40:00,7,4,34,16,60,56,32,209
2024-03-27 16:50:00,7,1,23,8,44,52,35,170
2024-03-27 17:00:00,8,7,19,12,49,46,32,173
2024-03-27 17:10:00,6,7,30,11,45,33,36,168
2024-03-27 17:20:00,8,11,27,10,41,58,34,189
2024-03-27 17:30:00,2,8,30,5,49,48,26,168
2024-03-27 17:40:00,4,3,29,20,38,42,31,167
2024-03-27 17:50:00,3,4,27,14,35,41,25,149
2024-03-27 18:00:00,7,6,15,6,42,42,25,143
2024-03-27 18:10:00,4,7,17,11,35,31,28,133
2024-03-27 18:20:00,6,2,21,9,44,46,27,155
2024-03-27 18:30:00,0,3,15,10,31,31,28,118
2024-03-27 18:40:00,1,8,16,7,39,48,21,140
2024-03-27 18:50:00,4,4,14,8,33,22,24,109
2024-03-27 19:00:00,1,4,15,4,30,25,12,91
2024-03-27 19:10:00,0,3,10,3,18,29,20,83
2024-03-27 19:20:00,0,3,10,8,29,31,20,101
2024-03-27 19:30:00,1,6,5,3,23,16,27,81
2024-03-27 19:40:00,5,4,15,4,26,25,22,101
2024-03-27 19:50:00,0,4,10,4,25,21,18,82
2024-03-27 20:00:00,2,3,7,4,26,26,29,97
2024-03-27 20:10:00,0,4,10,5,22,23,28,92
2024-03-27 20:20:00,3,5,2,4,30,25,21,90
2024-03-27 20:30:00,0,4,6,4,7,16,20,57
2024-03-27 20:40:00,1,2,8,2,22,16,16,67
2024-03-27 20:50:00,0,2,8,4,17,12,12,55
2024-03-27 21:00:00,0,4,3,2,17,12,10,48
2024-03-27 21:10:00,0,2,5,5,15,14,16,57
2024-03-27 21:20:00,1,2,4,4,17,18,14,60
2024-03-27 21:30:00,0,4,4,3,19,18,18,66
2024-03-27 21:40:00,0,4,6,4,10,15,15,54
2024-03-27 21:50:00,3,2,4,3,11,9,15,47
2024-03-27 22:00:00,6,3,4,3,22,22,19,79
2024-03-27 22:10:00,14,1,3,4,12,17,13,64
2024-03-27 22:20:00,0,5,4,7,8,19,12,55
2024-03-27 22:30:00,1,3,3,3,14,10,7,41
2024-03-27 22:40:00,1,3,7,8,12,12,11,54
2024-03-27 22:50:00,1,1,5,1,9,11,9,37
2024-03-27 23:00:00,0,0,1,1,11,11,16,40
2024-03-27 23:10:00,0,1,4,4,7,6,7,29
2024-03-27 23:20:00,0,4,1,1,5,7,8,26
2024-03-27 23:30:00,0,3,1,2,6,7,6,25
2024-03-27 23:40:00,0,0,0,0,7,4,3,14
2024-03-27 23:50:00,0,2,1,2,7,9,11,32
2024-03-28 00:00:00,0,5,2,1,3,4,7,22
2024-03-28 00:10:00,0,0,0,0,2,2,2,6
2024-03-28 00:20:00,0,1,0,0,1,3,3,8
2024-03-28 00:30:00,0,1,2,2,2,3,4,14
2024-03-28 00:40:00,0,0,1,1,2,4,5,13
2024-03-28 00:50:00,1,4,0,0,3,3,6,17
2024-03-28 01:00:00,0,3,0,0,3,4,7,17
2024-03-28 01:10:00,0,1,0,0,1,1,1,4
2024-03-28 01:20:00,0,1,0,0,2,1,3,7
2024-03-28 01:30:00,0,0,0,0,1,1,3,5
2024-03-28 01:40:00,0,0,0,0,1,2,2,5
2024-03-28 01:50:00,0,0,1,1,2,2,2,8
2024-03-28 02:00:00,0,0,1,1,1,0,5,8
2024-03-28 02:10:00,0,0,0,0,1,2,2,5
2024-03-28 02:20:00,0,0,0,0,1,0,1,2
2024-03-28 02:30:00,0,1,0,0,0,2,4,7
2024-03-28 02:40:00,0,0,1,3,1,2,4,11
2024-03-28 02:50:00,0,0,0,1,0,1,1,3
2024-03-28 03:00:00,0,1,2,1,1,0,1,6
2024-03-28 03:10:00,0,0,0,1,2,1,1,5
2024-03-28 03:20:00,0,0,0,1,4,4,4,13
2024-03-28 03:30:00,0,0,0,0,0,0,0,0
2024-03-28 03:40:00,0,0,0,1,2,3,3,9
2024-03-28 03:50:00,0,2,0,2,1,4,5,14
2024-03-28 04:00:00,0,0,1,2,0,2,2,7
2024-03-28 04:10:00,0,0,1,1,0,0,1,3
2024-03-28 04:20:00,0,0,2,0,1,2,2,7
2024-03-28 04:30:00,0,0,1,2,2,1,3,9
2024-03-28 04:40:00,0,0,0,0,4,1,2,7
2024-03-28 04:50:00,0,1,1,3,5,1,4,15
2024-03-28 05:00:00,0,1,4,3,4,3,5,20
2024-03-28 05:10:00,0,1,4,3,9,4,5,26
2024-03-28 05:20:00,0,1,3,3,5,2,12,26
2024-03-28 05:30:00,0,2,3,5,12,7,8,37
2024-03-28 05:40:00,0,2,8,3,32,8,12,65
2024-03-28 05:50:00,0,3,10,7,33,45,22,120
2024-03-28 06:00:00,0,2,10,14,35,9,14,84
2024-03-28 06:10:00,1,2,8,11,24,14,22,82
2024-03-28 06:20:00,0,2,9,4,25,18,21,79
2024-03-28 06:30:00,0,3,13,7,38,22,13,96
2024-03-28 06:40:00,0,1,13,11,32,35,25,117
2024-03-28 06:50:00,1,2,23,13,38,23,33,133
2024-03-28 07:00:00,2,4,13,17,42,40,28,146
2024-03-28 07:10:00,2,3,15,12,39,27,25,123
2024-03-28 07:20:00,2,4,14,15,34,33,23,125
2024-03-28 07:30:00,1,3,17,15,38,43,24,141
2024-03-28 07:40:00,5,12,17,14,46,48,25,167
2024-03-28 07:50:00,1,5,25,16,35,33,32,147
2024-03-28 08:00:00,1,2,10,13,36,39,26,127
2024-03-28 08:10:00,12,4,11,9,39,33,24,132
2024-03-28 08:20:00,1,3,14,8,41,32,26,125
2024-03-28 08:30:00,1,8,16,12,35,43,24,139
2024-03-28 08:40:00,0,3,14,20,37,37,30,141
2024-03-28 08:50:00,0,4,25,12,46,35,32,154
2024-03-28 09:00:00,1,4,18,13,42,34,24,136
2024-03-28 09:10:00,2,6,16,14,35,34,28,135
2024-03-28 09:20:00,2,2,20,13,37,24,25,123
2024-03-28 09:30:00,3,6,12,11,38,29,32,131
2024-03-28 09:40:00,1,1,17,8,49,26,28,130
2024-03-28 09:50:00,0,7,15,18,38,26,25,129
2024-03-28 10:00:00,1,9,18,11,38,30,27,134
2024-03-28 10:10:00,3,9,13,16,57,36,32,166
2024-03-28 10:20:00,3,9,14,13,45,29,27,140
2024-03-28 10:30:00,2,8,23,15,43,30,32,153
2024-03-28 10:40:00,2,6,23,14,41,28,30,144
2024-03-28 10:50:00,0,4,15,11,50,21,31,132
2024-03-28 11:00:00,1,5,13,13,57,28,30,147
2024-03-28 11:10:00,3,5,12,8,44,41,29,142
2024-03-28 11:20:00,1,4,14,11,58,33,40,161
2024-03-28 11:30:00,4,6,18,16,43,27,41,155
2024-03-28 11:40:00,1,5,22,14,51,33,36,162
2024-03-28 11:50:00,5,4,22,15,48,33,34,161
2024-03-28 12:00:00,2,3,27,25,47,45,38,187
2024-03-28 12:10:00,9,8,25,11,41,31,38,163
2024-03-28 12:20:00,4,9,19,12,58,35,34,171
2024-03-28 12:30:00,1,3,24,10,49,24,36,147
2024-03-28 12:40:00,3,8,20,14,51,39,37,172
2024-03-28 12:50:00,3,5,34,13,49,39,36,179
2024-03-28 13:00:00,3,1,22,18,47,39,31,161
2024-03-28 13:10:00,7,8,12,16,48,36,33,160
2024-03-28 13:20:00,8,5,24,21,38,47,35,178
2024-03-28 13:30:00,5,5,26,18,51,37,30,172
2024-03-28 13:40:00,2,6,21,19,41,45,28,162
2024-03-28 13:50:00,7,2,19,14,51,29,26,148
2024-03-28 14:00:00,7,4,32,20,56,37,27,183
2024-03-28 14:10:00,3,6,18,14,48,39,34,162
2024-03-28 14:20:00,8,9,19,14,74,37,40,201
2024-03-28 14:30:00,5,7,24,16,55,45,32,184
2024-03-28 14:40:00,4,10,25,18,56,44,28,185
2024-03-28 14:50:00,9,4,21,16,50,45,33,178
2024-03-28 15:00:00,1,5,26,10,57,37,34,170
2024-03-28 15:10:00,9,5,30,12,39,59,41,195
2024-03-28 15:20:00,12,6,30,12,41,41,36,178
2024-03-28 15:30:00,11,14,31,12,62,70,41,241
2024-03-28 15:40:00,9,5,33,12,61,38,27,185
2024-03-28 15:50:00,6,9,36,11,50,43,31,186
2024-03-28 16:00:00,8,4,29,9,45,56,32,183
2024-03-28 16:10:00,9,4,30,7,59,57,41,207
2024-03-28 16:20:00,9,4,25,14,67,50,32,201
2024-03-28 16:30:00,8,3,22,10,56,51,37,187
2024-03-28 16:40:00,10,7,30,14,42,49,40,192
2024-03-28 16:50:00,9,8,33,14,58,97,28,247
2024-03-28 17:00:00,2,4,23,10,53,48,38,178
2024-03-28 17:10:00,4,8,33,23,46,48,34,196
2024-03-28 17:20:00,6,5,31,16,58,52,30,198
2024-03-28 17:30:00,3,6,22,9,52,45,40,177
2024-03-28 17:40:00,3,3,19,10,52,60,40,187
2024-03-28 17:50:00,2,6,35,18,41,47,39,188
2024-03-28 18:00:00,5,6,32,8,52,44,28,175
2024-03-28 18:10:00,4,9,21,13,57,42,34,180
2024-03-28 18:20:00,3,6,18,10,57,55,27,176
2024-03-28 18:30:00,0,5,17,11,52,25,27,137
2024-03-28 18:40:00,2,2,19,15,57,43,33,171
2024-03-28 18:50:00,3,4,11,8,37,35,30,128
2024-03-28 19:00:00,2,8,17,13,34,28,24,126
2024-03-28 19:10:00,2,4,16,9,37,38,15,121
2024-03-28 19:20:00,0,4,5,7,30,18,23,87
2024-03-28 19:30:00,1,3,11,9,28,32,25,109
2024-03-28 19:40:00,1,2,8,6,32,26,22,97
2024-03-28 19:50:00,2,9,11,7,27,25,25,106
2024-03-28 20:00:00,1,1,9,8,28,26,22,95
2024-03-28 20:10:00,0,4,14,11,27,25,27,108
2024-03-28 20:20:00,0,2,10,7,22,29,29,99
2024-03-28 20:30:00,0,2,10,9,32,20,16,89
2024-03-28 20:40:00,0,7,9,5,27,27,24,99
2024-03-28 20:50:00,3,2,9,1,21,18,23,77
2024-03-28 21:00:00,0,0,10,5,25,27,16,83
2024-03-28 21:10:00,1,2,3,4,16,22,10,58
2024-03-28 21:20:00,0,3,4,2,17,21,12,59
2024-03-28 21:30:00,0,3,10,5,20,16,15,69
2024-03-28 21:40:00,0,4,8,8,25,14,21,80
2024-03-28 21:50:00,0,3,6,6,13,17,15,60
2024-03-28 22:00:00,0,2,5,2,16,20,12,57
2024-03-28 22:10:00,1,2,2,2,16,16,22,61
2024-03-28 22:20:00,0,2,2,3,18,14,15,54
2024-03-28 22:30:00,1,0,4,2,20,15,12,54
2024-03-28 22:40:00,0,1,2,3,7,18,10,41
2024-03-28 22:50:00,1,3,3,5,16,11,8,47
2024-03-28 23:00:00,1,3,7,6,15,18,20,70
2024-03-28 23:10:00,0,3,4,4,11,10,14,46
2024-03-28 23:20:00,0,0,5,3,11,22,7,48
2024-03-28 23:30:00,0,3,6,3,15,10,16,53
2024-03-28 23:40:00,0,0,1,2,6,5,5,19
2024-03-28 23:50:00,1,2,6,5,10,7,8,39
2024-03-29 00:00:00,0,3,6,4,5,7,8,33
2024-03-29 00:10:00,0,3,5,4,4,9,14,39
2024-03-29 00:20:00,0,0,1,2,11,6,6,26
2024-03-29 00:30:00,0,1,4,1,7,9,6,28
2024-03-29 00:40:00,0,1,2,4,2,11,8,28
2024-03-29 00:50:00,0,5,1,2,6,7,9,30
2024-03-29 01:00:00,0,1,2,2,4,3,4,16
2024-03-29 01:10:00,0,1,0,1,7,7,4,20
2024-03-29 01:20:00,0,1,1,2,4,7,0,15
2024-03-29 01:30:00,0,0,1,2,3,4,5,15
2024-03-29 01:40:00,0,0,2,1,4,4,4,15
2024-03-29 01:50:00,0,2,2,3,5,5,7,24
2024-03-29 02:00:00,0,0,0,2,4,4,4,14
2024-03-29 02:10:00,0,0,2,2,6,2,3,15
2024-03-29 02:20:00,0,0,0,1,4,2,1,8
2024-03-29 02:30:00,1,15,0,0,3,5,6,30
2024-03-29 02:40:00,0,1,1,1,0,2,2,7
2024-03-29 02:50:00,0,1,1,3,0,7,4,16
2024-03-29 03:00:00,0,1,1,1,2,0,0,5
2024-03-29 03:10:00,0,0,0,0,1,5,3,9
2024-03-29 03:20:00,0,0,1,2,2,4,5,14
2024-03-29 03:30:00,0,1,1,1,6,5,4,18
2024-03-29 03:40:00,0,0,1,2,0,2,3,8
2024-03-29 03:50:00,0,0,2,2,4,2,1,11
2024-03-29 04:00:00,0,0,1,1,1,3,3,9
2024-03-29 04:10:00,0,0,0,0,1,1,3,5
2024-03-29 04:20:00,0,0,1,2,0,2,2,7
2024-03-29 04:30:00,0,1,1,2,5,3,6,18
2024-03-29 04:40:00,0,3,0,0,3,3,4,13
2024-03-29 04:50:00,0,0,2,3,5,3,5,18
2024-03-29 05:00:00,0,0,1,2,2,5,5,15
2024-03-29 05:10:00,0,1,0,0,3,0,3,7
2024-03-29 05:20:00,0,0,1,1,5,2,3,12
2024-03-29 05:30:00,1,0,0,2,5,3,4,15
2024-03-29 05:40:00,0,1,3,2,8,7,7,28
2024-03-29 05:50:00,0,2,1,0,10,4,8,25
2024-03-29 06:00:00,1,0,1,3,6,3,5,19
2024-03-29 06:10:00,0,0,1,1,7,2,1,12
2024-03-29 06:20:00,0,3,0,2,6,3,5,19
2024-03-29 06:30:00,1,0,0,1,7,2,3,14
2024-03-29 06:40:00,0,1,2,1,7,2,4,17
2024-03-29 06:50:00,7,5,0,0,4,2,3,21
2024-03-29 07:00:00,1,1,0,1,7,7,6,23
2024-03-29 07:10:00,0,0,0,0,5,4,5,14
2024-03-29 07:20:00,0,1,1,2,2,2,3,11
2024-03-29 07:30:00,0,0,0,0,4,2,1,7
2024-03-29 07:40:00,0,1,1,1,5,0,3,11
2024-03-29 07:50:00,0,1,0,1,5,3,3,13
2024-03-29 08:00:00,0,1,1,0,4,5,2,13
2024-03-29 08:10:00,11,2,2,2,5,1,4,27
2024-03-29 08:20:00,0,0,0,0,8,5,3,16
2024-03-29 08:30:00,0,1,4,4,5,1,6,21
2024-03-29 08:40:00,0,1,1,1,5,6,4,18
2024-03-29 08:50:00,0,1,1,3,10,1,8,24
2024-03-29 09:00:00,0,1,4,2,11,4,3,25
2024-03-29 09:10:00,0,0,1,1,9,3,4,18
2024-03-29 09:20:00,0,0,7,6,12,5,9,39
2024-03-29 09:30:00,0,0,5,2,15,6,9,37
2024-03-29 09:40:00,0,0,5,5,7,5,7,29
2024-03-29 09:50:00,1,0,3,1,8,4,8,25
2024-03-29 10:00:00,0,2,3,1,12,11,9,38
2024-03-29 10:10:00,0,0,2,1,10,3,5,21
2024-03-29 10:20:00,0,0,3,2,10,5,6,26
2024-03-29 10:30:00,0,1,1,1,11,4,1,19
2024-03-29 10:40:00,0,0,3,2,10,7,11,33
2024-03-29 10:50:00,0,1,4,3,15,11,8,42
2024-03-29 11:00:00,0,2,5,2,10,11,9,39
2024-03-29 11:10:00,0,2,3,2,7,10,6,30
2024-03-29 11:20:00,1,2,2,2,16,4,7,34
2024-03-29 11:30:00,1,2,10,6,16,7,12,54
2024-03-29 11:40:00,1,0,3,1,12,14,11,42
2024-03-29 11:50:00,1,2,2,0,12,16,5,38
2024-03-29 12:00:00,0,2,6,4,30,14,14,70
2024-03-29 12:10:00,0,5,4,3,18,16,13,59
2024-03-29 12:20:00,1,1,9,5,15,12,11,54
2024-03-29 12:30:00,0,1,3,1,23,13,12,53
2024-03-29 12:40:00,2,1,6,4,24,18,16,71
2024-03-29 12:50:00,1,6,8,3,18,13,23,72
2024-03-29 13:00:00,3,9,11,2,16,10,15,66
2024-03-29 13:10:00,1,3,5,2,21,25,23,80
2024-03-29 13:20:00,4,3,5,5,18,29,31,95
2024-03-29 13:30:00,2,5,1,1,17,18,18,62
2024-03-29 13:40:00,0,0,5,3,34,13,9,64
2024-03-29 13:50:00,0,0,5,4,22,18,15,64
2024-03-29 14:00:00,0,1,10,10,25,21,14,81
2024-03-29 14:10:00,1,0,7,4,12,20,12,56
2024-03-29 14:20:00,1,6,9,5,27,22,17,87
2024-03-29 14:30:00,1,3,8,5,20,19,10,66
2024-03-29 14:40:00,0,2,5,2,21,5,8,43
2024-03-29 14:50:00,1,3,9,9,17,18,14,71
2024-03-29 15:00:00,1,4,8,6,22,16,20,77
2024-03-29 15:10:00,0,2,6,2,15,16,15,56
2024-03-29 15:20:00,1,1,8,2,19,17,12,60
2024-03-29 15:30:00,2,2,4,3,22,10,13,56
2024-03-29 15:40:00,0,1,3,2,30,22,14,72
2024-03-29 15:50:00,1,2,6,3,30,12,8,62
2024-03-29 16:00:00,1,3,9,4,16,14,12,59
2024-03-29 16:10:00,0,0,2,1,20,13,12,48
2024-03-29 16:20:00,2,3,4,5,9,12,9,44
2024-03-29 16:30:00,2,4,4,2,12,11,10,45
2024-03-29 16:40:00,10,4,6,12,21,14,16,83
2024-03-29 16:50:00,5,5,5,4,19,12,12,62
2024-03-29 17:00:00,2,2,5,2,11,18,12,52
2024-03-29 17:10:00,4,7,6,6,13,46,18,100
2024-03-29 17:20:00,2,1,6,6,15,24,19,73
2024-03-29 17:30:00,1,1,7,8,11,14,11,53
2024-03-29 17:40:00,0,0,4,3,14,17,10,48
2024-03-29 17:50:00,0,3,7,4,17,14,13,58
2024-03-29 18:00:00,1,2,8,5,19,9,12,56
2024-03-29 18:10:00,0,4,6,6,19,20,10,65
2024-03-29 18:20:00,0,5,3,4,17,22,12,63
2024-03-29 18:30:00,1,3,1,0,22,17,13,57
2024-03-29 18:40:00,0,4,3,0,27,22,21,77
2024-03-29 18:50:00,0,4,3,3,17,23,17,67
2024-03-29 19:00:00,0,4,4,2,14,14,18,56
2024-03-29 19:10:00,0,2,7,3,26,14,11,63
2024-03-29 19:20:00,0,2,6,4,15,16,19,62
2024-03-29 19:30:00,0,2,3,4,12,15,11,47
2024-03-29 19:40:00,0,2,5,2,16,11,11,47
2024-03-29 19:50:00,0,4,8,6,18,15,19,70
2024-03-29 20:00:00,0,2,2,4,12,12,16,48
2024-03-29 20:10:00,0,3,6,4,22,18,13,66
2024-03-29 20:20:00,0,5,10,3,16,13,22,69
2024-03-29 20:30:00,1,2,5,4,18,18,16,64
2024-03-29 20:40:00,0,6,6,4,19,13,13,61
2024-03-29 20:50:00,0,1,1,3,14,13,8,40
2024-03-29 21:00:00,0,3,4,4,9,10,14,44
2024-03-29 21:10:00,1,1,2,3,12,7,5,31
2024-03-29 21:20:00,0,0,3,3,11,10,13,40
2024-03-29 21:30:00,0,4,2,2,14,5,6,33
2024-03-29 21:40:00,0,5,3,4,9,11,11,43
2024-03-29 21:50:00,0,1,2,1,15,8,5,32
2024-03-29 22:00:00,1,4,2,2,19,13,20,61
2024-03-29 22:10:00,0,1,5,6,13,13,13,51
2024-03-29 22:20:00,0,2,3,4,5,9,9,32
2024-03-29 22:30:00,0,1,5,8,10,9,10,43
2024-03-29 22:40:00,0,2,4,5,5,4,5,25
2024-03-29 22:50:00,0,4,0,0,15,8,11,38
2024-03-29 23:00:00,0,6,0,2,11,16,15,50
2024-03-29 23:10:00,0,1,1,3,11,8,8,32
2024-03-29 23:20:00,0,0,4,5,14,6,11,40
2024-03-29 23:30:00,0,3,5,6,8,11,15,48
2024-03-29 23:40:00,0,3,1,1,7,12,9,33
2024-03-29 23:50:00,0,2,4,1,9,4,3,23
2024-03-30 00:00:00,0,3,2,2,3,4,6,20
2024-03-30 00:10:00,0,2,0,0,5,4,7,18
2024-03-30 00:20:00,0,2,0,0,3,3,6,14
2024-03-30 00:30:00,0,1,1,2,4,3,7,18
2024-03-30 00:40:00,1,0,2,4,3,7,10,27
2024-03-30 00:50:00,0,1,3,2,4,2,6,18
2024-03-30 01:00:00,0,0,3,4,4,3,3,17
2024-03-30 01:10:00,0,0,1,2,0,2,2,7
2024-03-30 01:20:00,0,2,1,2,2,6,4,17
2024-03-30 01:30:00,0,2,0,1,5,10,5,23
2024-03-30 01:40:00,0,1,0,2,6,6,7,22
2024-03-30 01:50:00,0,0,1,2,1,2,3,9
2024-03-30 02:00:00,0,0,0,0,4,3,3,10
2024-03-30 02:10:00,0,0,0,0,0,4,5,9
2024-03-30 02:20:00,0,1,0,0,3,1,3,8
2024-03-30 02:30:00,0,0,2,3,3,4,4,16
2024-03-30 02:40:00,0,0,0,2,4,3,0,9
2024-03-30 02:50:00,0,3,0,0,4,3,6,16
2024-03-30 03:00:00,1,0,0,0,3,1,1,6
2024-03-30 03:10:00,0,0,0,1,1,5,2,9
2024-03-30 03:20:00,0,1,0,1,1,2,2,7
2024-03-30 03:30:00,0,3,1,1,3,2,2,12
2024-03-30 03:40:00,0,1,0,0,1,0,2,4
2024-03-30 03:50:00,0,0,1,1,1,2,3,8
2024-03-30 04:00:00,0,0,1,2,0,1,3,7
2024-03-30 04:10:00,0,1,0,1,1,3,1,7
2024-03-30 04:20:00,0,1,2,4,2,7,4,20
2024-03-30 04:30:00,0,2,1,1,1,4,6,15
2024-03-30 04:40:00,0,2,0,0,0,4,7,13
2024-03-30 04:50:00,0,2,2,1,2,2,5,14
2024-03-30 05:00:00,0,1,1,0,4,1,4,11
2024-03-30 05:10:00,0,1,1,1,3,1,2,9
2024-03-30 05:20:00,0,1,2,1,5,4,1,14
2024-03-30 05:30:00,0,0,0,3,3,4,7,17
2024-03-30 05:40:00,0,3,0,1,14,6,11,35
2024-03-30 05:50:00,2,0,1,1,13,8,7,32
2024-03-30 06:00:00,0,1,0,2,9,7,10,29
2024-03-30 06:10:00,0,1,2,2,9,7,5,26
2024-03-30 06:20:00,0,0,0,1,10,3,8,22
2024-03-30 06:30:00,0,3,1,1,8,3,6,22
2024-03-30 06:40:00,0,2,1,1,7,8,7,26
2024-03-30 06:50:00,3,2,3,5,8,5,5,31
2024-03-30 07:00:00,3,2,2,2,10,3,10,32
2024-03-30 07:10:00,2,3,3,1,8,1,7,25
2024-03-30 07:20:00,1,0,0,1,16,6,9,33
2024-03-30 07:30:00,0,6,1,1,10,6,13,37
2024-03-30 07:40:00,0,1,3,2,9,3,7,25
2024-03-30 07:50:00,1,2,3,0,17,9,11,43
2024-03-30 08:00:00,1,3,2,2,15,3,9,35
2024-03-30 08:10:00,0,3,1,1,19,2,12,38
2024-03-30 08:20:00,0,2,0,0,15,3,10,30
2024-03-30 08:30:00,1,1,5,1,19,10,9,46
2024-03-30 08:40:00,2,3,0,2,23,13,18,61
2024-03-30 08:50:00,1,4,2,5,30,14,24,80
2024-03-30 09:00:00,0,3,4,5,24,11,19,66
2024-03-30 09:10:00,1,5,8,5,24,15,29,87
2024-03-30 09:20:00,1,5,7,7,27,12,18,77
2024-03-30 09:30:00,2,5,7,3,28,11,22,78
2024-03-30 09:40:00,2,5,9,9,18,17,24,84
2024-03-30 09:50:00,1,5,10,9,37,18,20,100
2024-03-30 10:00:00,1,2,18,10,34,15,27,107
2024-03-30 10:10:00,0,6,7,7,42,31,27,120
2024-03-30 10:20:00,3,3,10,11,36,50,35,148
2024-03-30 10:30:00,0,5,9,4,38,26,33,115
2024-03-30 10:40:00,0,3,12,7,56,18,33,129
2024-03-30 10:50:00,1,3,16,9,47,16,41,133
2024-03-30 11:00:00,2,4,22,13,41,18,26,126
2024-03-30 11:10:00,1,7,13,11,37,22,34,125
2024-03-30 11:20:00,0,4,17,10,45,13,30,119
2024-03-30 11:30:00,0,6,14,13,54,90,22,199
2024-03-30 11:40:00,4,3,13,17,46,32,32,147
2024-03-30 11:50:00,1,6,22,21,42,31,34,157
2024-03-30 12:00:00,5,7,10,8,57,35,29,151
2024-03-30 12:10:00,1,1,13,9,60,22,28,134
2024-03-30 12:20:00,0,13,15,10,48,29,33,148
2024-03-30 12:30:00,2,1,21,18,42,32,26,142
2024-03-30 12:40:00,1,4,10,13,49,30,30,137
2024-03-30 12:50:00,3,6,24,11,50,52,23,169
2024-03-30 13:00:00,1,6,15,13,44,36,36,151
2024-03-30 13:10:00,4,9,11,8,53,23,29,137
2024-03-30 13:20:00,1,5,14,17,51,31,25,144
2024-03-30 13:30:00,2,5,15,14,40,32,22,130
2024-03-30 13:40:00,5,5,20,18,53,36,25,162
2024-03-30 13:50:00,1,3,13,13,51,29,33,143
2024-03-30 14:00:00,1,6,14,16,35,27,22,121
2024-03-30 14:10:00,3,4,20,24,44,36,28,159
2024-03-30 14:20:00,6,4,9,8,49,40,27,143
2024-03-30 14:30:00,1,3,17,8,47,33,23,132
2024-03-30 14:40:00,2,6,10,10,40,26,36,130
2024-03-30 14:50:00,1,1,11,6,55,23,25,122
2024-03-30 15:00:00,1,3,8,7,41,35,17,112
2024-03-30 15:10:00,2,5,14,16,39,31,32,139
2024-03-30 15:20:00,20,3,10,7,36,17,18,111
2024-03-30 15:30:00,2,9,10,12,41,29,21,124
2024-03-30 15:40:00,2,3,12,4,49,17,25,112
2024-03-30 15:50:00,2,9,13,12,34,34,33,137
2024-03-30 16:00:00,3,2,13,6,40,27,14,105
2024-03-30 16:10:00,4,5,14,6,40,29,28,126
2024-03-30 16:20:00,5,3,11,8,32,22,17,98
2024-03-30 16:30:00,4,1,14,9,36,25,28,117
2024-03-30 16:40:00,1,6,5,1,28,16,24,81
2024-03-30 16:50:00,0,1,8,3,42,19,25,98
2024-03-30 17:00:00,2,3,5,2,43,33,19,107
2024-03-30 17:10:00,0,4,5,3,27,26,19,84
2024-03-30 17:20:00,0,5,12,7,42,26,19,111
2024-03-30 17:30:00,0,3,16,7,28,18,19,91
2024-03-30 17:40:00,2,0,9,6,31,20,19,87
2024-03-30 17:50:00,0,2,5,2,24,13,12,58
2024-03-30 18:00:00,0,0,6,3,19,19,20,67
2024-03-30 18:10:00,2,3,8,4,28,21,20,86
2024-03-30 18:20:00,2,2,5,3,32,18,27,89
2024-03-30 18:30:00,1,6,2,1,29,22,15,76
2024-03-30 18:40:00,1,1,8,4,20,25,16,75
2024-03-30 18:50:00,2,2,4,4,22,16,12,62
2024-03-30 19:00:00,2,1,5,6,22,17,13,66
2024-03-30 19:10:00,0,6,8,4,15,15,19,67
2024-03-30 19:20:00,0,1,3,3,9,16,13,45
2024-03-30 19:30:00,0,2,4,4,22,16,16,64
2024-03-30 19:40:00,0,0,5,6,13,8,12,44
2024-03-30 19:50:00,0,5,5,3,21,11,17,62
2024-03-30 20:00:00,0,2,5,5,20,11,15,58
2024-03-30 20:10:00,0,1,2,1,29,15,20,68
2024-03-30 20:20:00,1,4,6,4,22,9,22,68
2024-03-30 20:30:00,0,4,2,3,18,26,19,72
2024-03-30 20:40:00,0,3,5,6,16,14,11,55
2024-03-30 20:50:00,0,2,4,4,17,14,10,51
2024-03-30 21:00:00,0,1,7,6,21,11,9,55
2024-03-30 21:10:00,0,1,4,6,20,11,7,49
2024-03-30 21:20:00,0,1,3,5,11,9,10,39
2024-03-30 21:30:00,0,1,5,3,11,12,11,43
2024-03-30 21:40:00,0,7,6,6,11,11,17,58
2024-03-30 21:50:00,0,1,2,1,14,16,13,47
2024-03-30 22:00:00,0,1,5,4,22,14,6,52
2024-03-30 22:10:00,0,1,1,0,18,9,10,39
2024-03-30 22:20:00,0,2,5,4,15,8,4,38
2024-03-30 22:30:00,1,1,4,2,7,18,13,46
2024-03-30 22:40:00,0,1,2,3,9,10,6,31
2024-03-30 22:50:00,0,3,4,3,11,8,7,36
2024-03-30 23:00:00,0,1,0,0,11,15,7,34
2024-03-30 23:10:00,0,3,2,3,5,7,9,29
2024-03-30 23:20:00,0,2,2,2,13,9,9,37
2024-03-30 23:30:00,0,2,1,0,9,9,13,34
2024-03-30 23:40:00,0,2,2,3,9,15,9,40
2024-03-30 23:50:00,0,1,1,1,7,7,9,26
2024-03-31 00:00:00,0,4,3,1,7,7,8,30
2024-03-31 00:10:00,0,3,0,0,6,7,8,24
2024-03-31 00:20:00,0,0,5,4,7,5,3,24
2024-03-31 00:30:00,0,1,1,1,5,8,7,23
2024-03-31 00:40:00,1,3,0,0,11,8,11,34
2024-03-31 00:50:00,0,4,2,5,8,7,6,32
2024-03-31 01:00:00,0,1,2,1,5,4,7,20
2024-03-31 01:10:00,0,1,2,3,4,5,3,18
2024-03-31 01:20:00,0,0,1,1,5,3,1,11
2024-03-31 01:30:00,0,0,0,0,8,7,6,21
2024-03-31 01:40:00,0,1,1,0,2,5,6,15
2024-03-31 01:50:00,0,1,0,1,3,1,4,10
2024-03-31 02:00:00,0,0,0,0,0,0,0,0
2024-03-31 02:10:00,0,0,0,0,0,0,0,0
2024-03-31 02:20:00,0,0,0,0,0,0,0,0
2024-03-31 02:30:00,0,0,0,0,0,0,0,0
2024-03-31 02:40:00,0,0,0,0,0,0,0,0
2024-03-31 02:50:00,0,0,0,0,0,0,0,0
2024-03-31 03:00:00,0,0,0,0,0,0,0,0
2024-03-31 03:10:00,0,0,0,0,0,0,0,0
2024-03-31 03:20:00,0,0,0,0,0,0,0,0
2024-03-31 03:30:00,0,0,0,0,0,0,0,0
2024-03-31 03:40:00,0,0,0,0,0,0,0,0
2024-03-31 03:50:00,0,0,0,0,0,0,0,0
2024-03-31 04:00:00,1,1,1,1,2,0,5,11
2024-03-31 04:10:00,0,1,2,2,2,4,5,16
2024-03-31 04:20:00,0,2,0,2,3,6,7,20
2024-03-31 04:30:00,0,3,3,3,3,6,3,21
2024-03-31 04:40:00,1,1,0,2,1,2,4,11
2024-03-31 04:50:00,0,2,0,0,3,0,2,7
2024-03-31 05:00:00,0,0,0,0,6,4,1,11
2024-03-31 05:10:00,0,1,1,2,3,6,3,16
2024-03-31 05:20:00,0,3,0,1,4,4,5,17
2024-03-31 05:30:00,0,1,1,1,7,7,5,22
2024-03-31 05:40:00,0,2,2,4,4,10,11,33
2024-03-31 05:50:00,2,6,2,1,11,7,15,44
2024-03-31 06:00:00,0,1,2,5,9,4,10,31
2024-03-31 06:10:00,0,0,1,0,5,1,1,8
2024-03-31 06:20:00,0,1,1,2,7,5,5,21
2024-03-31 06:30:00,0,1,0,0,4,4,6,15
2024-03-31 06:40:00,1,0,0,0,5,1,4,11
2024-03-31 06:50:00,4,3,0,0,7,0,4,18
2024-03-31 07:00:00,2,3,0,0,3,2,3,13
2024-03-31 07:10:00,0,0,0,2,3,3,5,13
2024-03-31 07:20:00,2,1,0,2,4,3,4,16
2024-03-31 07:30:00,0,0,0,0,3,3,3,9
2024-03-31 07:40:00,1,0,0,0,3,2,4,10
2024-03-31 07:50:00,0,0,2,1,1,1,2,7
2024-03-31 08:00:00,0,1,1,1,7,3,3,16
2024-03-31 08:10:00,0,0,0,0,1,4,3,8
2024-03-31 08:20:00,0,0,3,0,3,3,3,12
2024-03-31 08:30:00,1,1,0,1,0,1,4,8
2024-03-31 08:40:00,3,1,2,2,1,4,5,18
2024-03-31 08:50:00,0,0,3,3,10,5,5,26
2024-03-31 09:00:00,0,0,1,0,3,3,2,9
2024-03-31 09:10:00,0,1,1,1,14,4,5,26
2024-03-31 09:20:00,0,1,4,3,14,4,7,33
2024-03-31 09:30:00,0,3,0,1,11,4,7,26
2024-03-31 09:40:00,0,1,4,1,15,9,6,36
2024-03-31 09:50:00,0,2,1,1,6,5,4,19
2024-03-31 10:00:00,2,2,2,2,8,5,5,26
2024-03-31 10:10:00,0,2,5,4,12,7,9,39
2024-03-31 10:20:00,1,0,6,2,12,6,8,35
2024-03-31 10:30:00,2,2,2,2,9,9,8,34
2024-03-31 10:40:00,2,0,2,3,13,9,8,37
2024-03-31 10:50:00,2,5,7,6,14,14,11,59
2024-03-31 11:00:00,1,0,3,3,7,5,10,29
2024-03-31 11:10:00,0,1,2,3,13,10,7,36
2024-03-31 11:20:00,1,2,3,4,16,11,11,48
2024-03-31 11:30:00,0,0,3,1,13,12,4,33
2024-03-31 11:40:00,0,1,2,4,16,11,10,44
2024-03-31 11:50:00,0,1,3,1,21,8,8,42
2024-03-31 12:00:00,0,1,4,2,18,11,12,48
2024-03-31 12:10:00,0,3,3,2,13,14,17,52
2024-03-31 12:20:00,1,4,3,1,21,16,10,56
2024-03-31 12:30:00,1,9,8,5,19,18,14,74
2024-03-31 12:40:00,0,9,4,4,13,17,27,74
2024-03-31 12:50:00,0,2,3,1,13,17,12,48
2024-03-31 13:00:00,0,2,3,3,21,19,14,62
2024-03-31 13:10:00,3,3,6,3,10,12,16,53
2024-03-31 13:20:00,0,2,4,4,14,10,15,49
2024-03-31 13:30:00,1,1,3,2,14,15,14,50
2024-03-31 13:40:00,0,3,8,6,12,11,18,58
2024-03-31 13:50:00,1,0,5,4,17,12,8,47
2024-03-31 14:00:00,0,1,3,3,19,17,16,59
2024-03-31 14:10:00,2,1,2,1,18,11,6,41
2024-03-31 14:20:00,1,2,7,2,27,7,13,59
2024-03-31 14:30:00,1,3,4,5,21,16,8,58
2024-03-31 14:40:00,0,0,3,4,18,9,8,42
2024-03-31 14:50:00,0,2,3,0,18,12,12,47
2024-03-31 15:00:00,0,1,7,5,17,10,9,49
2024-03-31 15:10:00,0,3,6,2,17,13,14,55
2024-03-31 15:20:00,1,2,3,2,20,14,13,55
2024-03-31 15:30:00,0,4,8,2,19,8,14,55
2024-03-31 15:40:00,3,2,5,2,18,11,11,52
2024-03-31 15:50:00,0,3,5,3,16,10,9,46
2024-03-31 16:00:00,0,4,4,1,20,12,11,52
2024-03-31 16:10:00,0,1,2,1,15,15,11,45
2024-03-31 16:20:00,0,1,9,5,14,11,12,52
2024-03-31 16:30:00,1,2,7,3,21,19,13,66
2024-03-31 16:40:00,6,4,2,4,27,11,10,64
2024-03-31 16:50:00,4,4,3,3,22,12,15,63
2024-03-31 17:00:00,5,3,3,0,10,9,9,39
2024-03-31 17:10:00,1,4,0,1,21,16,14,57
2024-03-31 17:20:00,0,3,4,2,19,8,10,46
2024-03-31 17:30:00,2,2,5,5,21,16,11,62
2024-03-31 17:40:00,0,1,4,4,17,19,16,61
2024-03-31 17:50:00,2,2,5,1,16,13,11,50
2024-03-31 18:00:00,2,2,1,1,18,11,11,46
2024-03-31 18:10:00,0,4,4,2,22,13,15,60
2024-03-31 18:20:00,0,1,4,5,20,19,14,63
2024-03-31 18:30:00,0,2,3,2,23,10,9,49
2024-03-31 18:40:00,0,0,4,1,13,14,13,45
2024-03-31 18:50:00,1,2,3,3,22,17,11,59
2024-03-31 19:00:00,1,2,4,3,21,15,16,62
2024-03-31 19:10:00,0,0,2,2,9,18,11,42
2024-03-31 19:20:00,0,1,4,3,16,12,13,49
2024-03-31 19:30:00,0,2,3,3,18,13,16,55
2024-03-31 19:40:00,1,2,0,5,12,20,22,62
2024-03-31 19:50:00,0,1,7,3,16,13,11,51
2024-03-31 20:00:00,0,0,2,4,13,12,10,41
2024-03-31 20:10:00,0,3,3,4,12,10,13,45
2024-03-31 20:20:00,0,1,4,6,8,9,11,39
2024-03-31 20:30:00,1,3,1,1,15,11,10,42
2024-03-31 20:40:00,0,3,3,4,13,13,10,46
2024-03-31 20:50:00,0,4,3,2,15,10,11,45
2024-03-31 21:00:00,0,4,2,3,17,14,16,56
2024-03-31 21:10:00,0,8,10,10,15,11,21,75
2024-03-31 21:20:00,0,3,1,4,16,16,19,59
2024-03-31 21:30:00,0,2,6,4,13,10,14,49
2024-03-31 21:40:00,0,1,2,3,26,8,8,48
2024-03-31 21:50:00,0,1,3,3,8,6,11,32
2024-03-31 22:00:00,0,4,6,3,15,13,13,54
2024-03-31 22:10:00,0,2,3,3,11,8,12,39
2024-03-31 22:20:00,1,2,1,4,14,9,13,44
2024-03-31 22:30:00,0,1,3,2,12,9,6,33
2024-03-31 22:40:00,0,1,0,3,13,7,8,32
2024-03-31 22:50:00,0,3,3,1,14,9,7,37
2024-03-31 23:00:00,0,2,3,3,13,3,7,31
2024-03-31 23:10:00,0,1,1,1,10,9,15,37
2024-03-31 23:20:00,0,2,1,1,11,5,10,30
2024-03-31 23:30:00,0,2,1,4,8,8,9,32
2024-03-31 23:40:00,0,3,1,1,6,2,4,17
2024-03-31 23:50:00,0,1,2,3,8,10,10,34
2024-04-01 00:00:00,0,1,1,2,13,6,5,28
2024-04-01 00:10:00,0,3,1,1,4,2,7,18
2024-04-01 00:20:00,0,2,1,2,1,4,3,13
2024-04-01 00:30:00,0,4,0,1,7,6,8,26
2024-04-01 00:40:00,0,1,0,0,3,5,5,14
2024-04-01 00:50:00,3,4,1,1,5,5,7,26
2024-04-01 01:00:00,0,1,0,2,0,4,6,13
2024-04-01 01:10:00,0,2,1,3,5,6,5,22
2024-04-01 01:20:00,0,1,0,1,3,5,5,15
2024-04-01 01:30:00,0,2,0,0,5,1,6,14
2024-04-01 01:40:00,2,0,2,1,3,1,2,11
2024-04-01 01:50:00,0,0,1,1,6,0,3,11
2024-04-01 02:00:00,0,1,1,1,5,2,2,12
2024-04-01 02:10:00,0,1,1,1,4,2,3,12
2024-04-01 02:20:00,1,2,1,1,1,3,4,13
2024-04-01 02:30:00,0,0,1,2,5,1,1,10
2024-04-01 02:40:00,0,1,0,0,3,0,3,7
2024-04-01 02:50:00,0,0,1,0,6,1,1,9
2024-04-01 03:00:00,0,0,1,1,1,3,2,8
2024-04-01 03:10:00,0,1,1,0,3,0,1,6
2024-04-01 03:20:00,0,1,1,1,1,1,2,7
2024-04-01 03:30:00,0,1,0,0,3,2,2,8
2024-04-01 03:40:00,0,2,0,0,1,1,2,6
2024-04-01 03:50:00,0,3,0,0,2,3,5,13
2024-04-01 04:00:00,0,3,2,2,8,43,8,66
2024-04-01 04:10:00,0,0,0,0,0,2,3,5
2024-04-01 04:20:00,0,0,0,0,1,3,3,7
2024-04-01 04:30:00,0,1,1,0,3,1,3,9
2024-04-01 04:40:00,1,0,0,0,3,2,4,10
2024-04-01 04:50:00,0,2,1,1,0,1,6,11
2024-04-01 05:00:00,1,1,1,1,0,3,3,10
2024-04-01 05:10:00,0,0,1,1,2,1,1,6
2024-04-01 05:20:00,0,2,0,0,4,3,3,12
2024-04-01 05:30:00,0,2,1,2,3,2,4,14
2024-04-01 05:40:00,0,1,0,3,8,9,10,31
2024-04-01 05:50:00,1,2,5,4,10,4,10,36
2024-04-01 06:00:00,0,0,3,3,6,6,8,26
2024-04-01 06:10:00,0,0,4,3,5,2,6,20
2024-04-01 06:20:00,0,3,0,0,5,6,8,22
2024-04-01 06:30:00,0,0,0,0,5,0,2,7
2024-04-01 06:40:00,0,0,1,2,5,4,4,16
2024-04-01 06:50:00,2,0,1,1,4,3,7,18
2024-04-01 07:00:00,1,2,0,1,2,3,5,14
2024-04-01 07:10:00,1,0,0,0,2,1,2,6
2024-04-01 07:20:00,0,0,0,1,1,1,3,6
2024-04-01 07:30:00,2,2,0,0,3,0,4,11
2024-04-01 07:40:00,0,0,0,0,6,0,2,8
2024-04-01 07:50:00,1,0,0,0,5,1,3,10
2024-04-01 08:00:00,0,0,0,0,1,2,1,4
2024-04-01 08:10:00,0,2,4,3,2,2,3,16
2024-04-01 08:20:00,0,1,1,0,6,1,2,11
2024-04-01 08:30:00,0,0,2,2,5,2,3,14
2024-04-01 08:40:00,0,0,0,2,6,3,7,18
2024-04-01 08:50:00,0,0,0,0,3,4,2,9
2024-04-01 09:00:00,0,2,2,0,6,3,3,16
2024-04-01 09:10:00,0,1,2,1,5,3,5,17
2024-04-01 09:20:00,0,1,1,2,4,2,6,16
2024-04-01 09:30:00,0,0,0,0,11,3,6,20
2024-04-01 09:40:00,0,1,2,1,9,2,4,19
2024-04-01 09:50:00,2,1,3,2,10,5,9,32
2024-04-01 10:00:00,0,1,2,1,12,2,4,22
2024-04-01 10:10:00,2,1,6,8,4,6,7,34
2024-04-01 10:20:00,1,0,5,3,7,3,6,25
2024-04-01 10:30:00,0,1,2,1,7,29,10,50
2024-04-01 10:40:00,2,0,2,1,8,7,4,24
2024-04-01 10:50:00,0,0,4,3,11,10,7,35
2024-04-01 11:00:00,0,2,2,1,11,6,7,29
2024-04-01 11:10:00,1,0,0,0,4,7,8,20
2024-04-01 11:20:00,0,2,4,4,11,5,9,35
2024-04-01 11:30:00,0,1,4,5,9,9,14,42
2024-04-01 11:40:00,0,0,6,2,12,7,5,32
2024-04-01 11:50:00,1,1,2,2,8,10,9,33
2024-04-01 12:00:00,0,3,5,2,21,11,12,54
2024-04-01 12:10:00,0,0,4,2,12,13,13,44
2024-04-01 12:20:00,2,6,6,7,15,14,19,69
2024-04-01 12:30:00,0,1,5,2,16,11,8,43
2024-04-01 12:40:00,0,2,3,4,16,12,14,51
2024-04-01 12:50:00,0,1,2,5,19,13,11,51
2024-04-01 13:00:00,3,8,4,3,17,13,10,58
2024-04-01 13:10:00,1,5,3,1,23,12,10,55
2024-04-01 13:20:00,1,5,2,3,24,73,8,116
2024-04-01 13:30:00,1,5,4,2,20,9,23,64
2024-04-01 13:40:00,0,4,5,2,17,9,18,55
2024-04-01 13:50:00,1,0,5,3,15,10,12,46
2024-04-01 14:00:00,0,2,3,3,11,10,11,40
2024-04-01 14:10:00,0,4,8,6,24,18,16,76
2024-04-01 14:20:00,2,2,11,8,19,21,18,81
2024-04-01 14:30:00,2,4,9,3,14,7,11,50
2024-04-01 14:40:00,1,0,3,3,17,14,10,48
2024-04-01 14:50:00,0,2,6,7,20,16,15,66
2024-04-01 15:00:00,0,0,7,8,21,14,11,61
2024-04-01 15:10:00,1,1,4,2,16,20,11,55
2024-04-01 15:20:00,1,3,3,3,20,15,17,62
2024-04-01 15:30:00,0,2,10,8,24,17,11,72
2024-04-01 15:40:00,0,1,1,4,26,14,13,59
2024-04-01 15:50:00,0,1,6,2,19,13,8,49
2024-04-01 16:00:00,1,2,8,5,24,16,12,68
2024-04-01 16:10:00,1,0,5,2,21,12,16,57
2024-04-01 16:20:00,0,2,8,6,22,18,9,65
2024-04-01 16:30:00,2,4,8,4,24,21,12,75
2024-04-01 16:40:00,0,2,7,7,15,23,19,73
2024-04-01 16:50:00,0,3,5,5,22,15,11,61
2024-04-01 17:00:00,2,9,7,5,35,37,18,113
2024-04-01 17:10:00,2,1,6,2,14,19,11,55
2024-04-01 17:20:00,3,5,4,6,29,20,14,81
2024-04-01 17:30:00,2,5,4,3,16,22,16,68
2024-04-01 17:40:00,2,2,7,5,25,18,14,73
2024-04-01 17:50:00,3,2,8,6,13,71,16,119
2024-04-01 18:00:00,0,0,1,1,20,9,12,43
2024-04-01 18:10:00,0,1,3,3,10,22,17,56
2024-04-01 18:20:00,0,2,6,4,20,20,15,67
2024-04-01 18:30:00,0,2,5,3,21,32,21,84
2024-04-01 18:40:00,1,4,3,2,21,14,7,52
2024-04-01 18:50:00,0,1,5,3,21,13,12,55
2024-04-01 19:00:00,2,2,3,2,26,16,16,67
2024-04-01 19:10:00,0,1,7,5,24,22,12,71
2024-04-01 19:20:00,1,3,2,3,16,20,17,62
2024-04-01 19:30:00,2,3,4,5,26,21,17,78
2024-04-01 19:40:00,0,5,3,5,24,12,16,65
2024-04-01 19:50:00,0,2,9,9,19,13,12,64
2024-04-01 20:00:00,0,1,8,7,12,13,8,49
2024-04-01 20:10:00,2,0,2,2,18,10,12,46
2024-04-01 20:20:00,0,2,5,5,12,16,12,52
2024-04-01 20:30:00,0,3,1,1,13,8,7,33
2024-04-01 20:40:00,0,1,3,3,14,4,8,33
2024-04-01 20:50:00,0,4,1,2,16,13,17,53
2024-04-01 21:00:00,0,1,3,3,17,11,15,50
2024-04-01 21:10:00,0,6,5,5,10,20,31,77
2024-04-01 21:20:00,1,8,4,3,22,15,23,76
2024-04-01 21:30:00,0,1,5,3,14,18,11,52
2024-04-01 21:40:00,0,2,6,9,19,9,7,52
2024-04-01 21:50:00,0,2,5,5,12,7,7,38
2024-04-01 22:00:00,0,1,1,2,10,17,13,44
2024-04-01 22:10:00,0,3,3,4,14,10,12,46
2024-04-01 22:20:00,0,0,1,3,9,11,8,32
2024-04-01 22:30:00,0,2,3,2,14,9,7,37
2024-04-01 22:40:00,0,0,0,0,14,20,6,40
2024-04-01 22:50:00,0,1,6,7,7,8,11,40
2024-04-01 23:00:00,0,1,3,5,15,8,11,43
2024-04-01 23:10:00,0,0,1,4,9,12,9,35
2024-04-01 23:20:00,1,0,0,2,11,7,8,29
2024-04-01 23:30:00,0,3,1,2,6,8,9,29
2024-04-01 23:40:00,0,1,1,4,6,8,11,31
2024-04-01 23:50:00,0,2,3,3,4,5,8,25
2024-04-02 00:00:00,0,1,2,2,4,4,6,19
2024-04-02 00:10:00,0,1,1,1,6,1,5,15
2024-04-02 00:20:00,0,2,1,1,4,6,11,25
2024-04-02 00:30:00,0,2,1,1,1,1,8,14
2024-04-02 00:40:00,0,0,0,0,0,1,1,2
2024-04-02 00:50:00,0,2,0,1,4,3,8,18
2024-04-02 01:00:00,0,1,0,0,2,1,1,5
2024-04-02 01:10:00,0,1,2,2,3,1,3,12
2024-04-02 01:20:00,0,0,0,0,5,0,2,7
2024-04-02 01:30:00,0,0,1,1,1,2,1,6
2024-04-02 01:40:00,0,0,0,0,2,0,2,4
2024-04-02 01:50:00,0,0,0,1,2,4,2,9
2024-04-02 02:00:00,0,0,1,1,0,1,3,6
2024-04-02 02:10:00,0,2,2,1,6,2,5,18
2024-04-02 02:20:00,0,3,1,1,2,2,4,13
2024-04-02 02:30:00,0,0,0,0,1,2,2,5
2024-04-02 02:40:00,0,0,0,0,2,1,1,4
2024-04-02 02:50:00,0,0,1,1,4,3,3,12
2024-04-02 03:00:00,0,0,1,1,0,0,2,4
2024-04-02 03:10:00,0,0,1,2,0,1,2,6
2024-04-02 03:20:00,0,2,0,2,3,4,5,16
2024-04-02 03:30:00,0,0,0,2,0,3,3,8
2024-04-02 03:40:00,0,1,0,2,2,1,5,11
2024-04-02 03:50:00,0,1,0,3,1,3,6,14
2024-04-02 04:00:00,0,1,0,0,2,2,4,9
2024-04-02 04:10:00,0,0,1,1,0,1,2,5
2024-04-02 04:20:00,0,0,1,1,4,3,2,11
2024-04-02 04:30:00,0,1,1,1,1,2,6,12
2024-04-02 04:40:00,0,0,1,0,8,2,1,12
2024-04-02 04:50:00,0,1,0,0,5,4,3,13
2024-04-02 05:00:00,0,1,5,5,3,2,9,25
2024-04-02 05:10:00,0,1,7,5,8,4,4,29
2024-04-02 05:20:00,0,5,3,3,10,6,23,50
2024-04-02 05:30:00,0,0,3,3,16,5,10,37
2024-04-02 05:40:00,0,1,8,4,19,9,14,55
2024-04-02 05:50:00,0,5,8,5,26,13,24,81
2024-04-02 06:00:00,1,1,11,8,27,10,16,74
2024-04-02 06:10:00,0,4,3,6,23,13,23,72
2024-04-02 06:20:00,1,6,5,6,34,19,25,96
2024-04-02 06:30:00,0,3,15,10,35,22,15,100
2024-04-02 06:40:00,0,5,7,7,43,21,20,103
2024-04-02 06:50:00,4,5,6,7,32,23,22,99
2024-04-02 07:00:00,1,7,15,5,34,27,26,115
2024-04-02 07:10:00,3,2,9,8,28,43,25,118
2024-04-02 07:20:00,2,6,14,12,26,39,29,128
2024-04-02 07:30:00,2,4,19,16,44,31,27,143
2024-04-02 07:40:00,1,8,23,22,52,45,21,172
2024-04-02 07:50:00,3,2,24,25,46,37,38,175
2024-04-02 08:00:00,3,5,15,13,35,37,18,126
2024-04-02 08:10:00,2,4,14,16,40,38,35,149
2024-04-02 08:20:00,1,4,14,13,43,43,31,149
2024-04-02 08:30:00,3,3,18,22,43,47,26,162
2024-04-02 08:40:00,3,2,10,10,35,41,17,118
2024-04-02 08:50:00,2,6,12,14,44,44,34,156
2024-04-02 09:00:00,0,4,9,13,29,34,29,118
2024-04-02 09:10:00,3,3,14,17,38,29,20,124
2024-04-02 09:20:00,0,3,14,14,41,28,26,126
2024-04-02 09:30:00,1,11,14,8,35,23,28,120
2024-04-02 09:40:00,0,7,15,12,38,24,28,124
2024-04-02 09:50:00,0,3,12,14,34,30,33,126
2024-04-02 10:00:00,1,3,8,7,29,15,26,89
2024-04-02 10:10:00,1,4,13,12,35,22,21,108
2024-04-02 10:20:00,1,3,21,16,38,23,24,126
2024-04-02 10:30:00,0,3,20,17,36,27,22,125
2024-04-02 10:40:00,1,16,17,15,43,29,17,138
2024-04-02 10:50:00,1,6,25,17,47,27,22,145
2024-04-02 11:00:00,1,3,16,15,40,22,21,118
2024-04-02 11:10:00,1,6,24,19,45,28,28,151
2024-04-02 11:20:00,0,3,18,9,36,16,27,109
2024-04-02 11:30:00,3,8,14,13,36,16,23,113
2024-04-02 11:40:00,0,2,19,13,36,26,29,125
2024-04-02 11:50:00,2,4,24,17,47,31,36,161
2024-04-02 12:00:00,2,7,14,11,44,21,21,120
2024-04-02 12:10:00,2,3,19,15,35,26,26,126
2024-04-02 12:20:00,2,4,19,15,52,34,25,151
2024-04-02 12:30:00,2,6,14,13,36,22,40,133
2024-04-02 12:40:00,2,2,15,11,46,24,24,124
2024-04-02 12:50:00,2,7,22,13,36,27,27,134
2024-04-02 13:00:00,2,4,13,17,35,29,33,133
2024-04-02 13:10:00,3,6,14,19,47,26,36,151
2024-04-02 13:20:00,3,5,10,6,39,22,25,110
2024-04-02 13:30:00,0,3,19,12,38,32,26,130
2024-04-02 13:40:00,3,6,11,13,39,37,32,141
2024-04-02 13:50:00,1,4,22,19,47,28,21,142
2024-04-02 14:00:00,6,6,15,9,43,92,21,192
2024-04-02 14:10:00,3,4,18,13,37,27,32,134
2024-04-02 14:20:00,8,2,23,17,43,36,25,154
2024-04-02 14:30:00,11,5,14,16,43,35,38,162
2024-04-02 14:40:00,10,3,23,11,30,38,29,144
2024-04-02 14:50:00,9,10,27,16,45,37,28,172
2024-04-02 15:00:00,4,6,25,16,37,44,22,154
2024-04-02 15:10:00,7,11,25,12,53,36,25,169
2024-04-02 15:20:00,7,3,22,12,47,27,41,159
2024-04-02 15:30:00,5,6,29,13,36,33,36,158
2024-04-02 15:40:00,9,9,19,18,54,101,26,236
2024-04-02 15:50:00,8,9,26,13,40,26,34,156
2024-04-02 16:00:00,6,3,40,10,57,43,31,190
2024-04-02 16:10:00,17,6,34,14,59,32,39,201
2024-04-02 16:20:00,13,8,35,11,43,116,23,249
2024-04-02 16:30:00,13,4,28,7,56,58,37,203
2024-04-02 16:40:00,10,11,26,7,63,58,43,218
2024-04-02 16:50:00,10,11,30,8,68,45,23,195
2024-04-02 17:00:00,7,10,37,10,48,40,35,187
2024-04-02 17:10:00,8,6,32,14,39,28,28,155
2024-04-02 17:20:00,8,6,27,10,55,38,24,168
2024-04-02 17:30:00,8,8,28,15,46,33,25,163
2024-04-02 17:40:00,3,4,22,7,48,41,29,154
2024-04-02 17:50:00,4,7,25,11,42,49,34,172
2024-04-02 18:00:00,6,4,22,13,37,36,23,141
2024-04-02 18:10:00,5,2,9,5,42,38,36,137
2024-04-02 18:20:00,2,0,16,5,38,37,22,120
2024-04-02 18:30:00,2,2,15,9,50,46,25,149
2024-04-02 18:40:00,2,4,20,9,33,22,20,110
2024-04-02 18:50:00,2,2,17,5,40,33,21,120
2024-04-02 19:00:00,2,1,16,13,32,30,21,115
2024-04-02 19:10:00,1,4,11,4,31,27,24,102
2024-04-02 19:20:00,0,4,13,10,37,41,24,129
2024-04-02 19:30:00,1,2,14,12,28,28,17,102
2024-04-02 19:40:00,1,2,12,12,30,26,17,100
2024-04-02 19:50:00,1,2,6,1,27,20,10,67
2024-04-02 20:00:00,0,4,13,13,22,39,23,114
2024-04-02 20:10:00,1,1,9,4,15,19,8,57
2024-04-02 20:20:00,0,0,3,4,18,20,16,61
2024-04-02 20:30:00,0,4,4,3,18,12,15,56
2024-04-02 20:40:00,1,2,2,3,10,17,17,52
2024-04-02 20:50:00,0,3,3,5,11,18,13,53
2024-04-02 21:00:00,1,1,1,2,24,9,9,47
2024-04-02 21:10:00,0,6,1,1,18,17,28,71
2024-04-02 21:20:00,1,3,1,7,21,20,23,76
2024-04-02 21:30:00,0,4,4,3,11,16,17,55
2024-04-02 21:40:00,0,0,2,1,15,15,10,43
2024-04-02 21:50:00,1,4,3,3,10,10,11,42
2024-04-02 22:00:00,19,2,3,6,15,11,14,70
2024-04-02 22:10:00,1,1,5,6,11,22,16,62
2024-04-02 22:20:00,2,4,5,4,14,8,8,45
2024-04-02 22:30:00,2,2,2,6,8,13,13,46
2024-04-02 22:40:00,5,1,4,1,17,17,13,58
2024-04-02 22:50:00,0,1,2,0,11,16,5,35
2024-04-02 23:00:00,0,1,4,3,13,15,13,49
2024-04-02 23:10:00,0,1,6,8,13,10,5,43
2024-04-02 23:20:00,0,2,2,4,8,5,3,24
2024-04-02 23:30:00,0,1,3,2,6,5,8,25
2024-04-02 23:40:00,0,1,2,3,5,7,5,23
2024-04-02 23:50:00,0,1,2,2,4,7,9,25
2024-04-03 00:00:00,0,2,1,1,1,4,7,16
2024-04-03 00:10:00,1,1,1,2,9,5,5,24
2024-04-03 00:20:00,0,2,2,2,3,3,7,19
2024-04-03 00:30:00,0,1,0,0,2,4,4,11
2024-04-03 00:40:00,0,2,0,1,6,4,7,20
2024-04-03 00:50:00,0,1,0,0,3,2,3,9
2024-04-03 01:00:00,0,0,0,1,2,0,1,4
2024-04-03 01:10:00,0,1,0,0,3,1,6,11
2024-04-03 01:20:00,0,0,1,2,3,4,3,13
2024-04-03 01:30:00,0,0,0,0,1,1,1,3
2024-04-03 01:40:00,0,0,2,2,2,1,1,8
2024-04-03 01:50:00,0,4,0,1,7,8,5,25
2024-04-03 02:00:00,0,0,0,1,1,3,3,8
2024-04-03 02:10:00,0,1,1,1,1,0,0,4
2024-04-03 02:20:00,0,1,0,0,3,2,3,9
2024-04-03 02:30:00,1,3,0,0,3,1,5,13
2024-04-03 02:40:00,0,0,2,2,2,1,3,10
2024-04-03 02:50:00,0,0,0,0,0,0,0,0
2024-04-03 03:00:00,0,0,0,0,0,1,0,1
2024-04-03 03:10:00,0,1,2,3,3,3,4,16
2024-04-03 03:20:00,0,0,0,1,3,2,5,11
2024-04-03 03:30:00,0,0,0,1,0,3,2,6
2024-04-03 03:40:00,0,2,0,3,3,5,5,18
2024-04-03 03:50:00,0,2,0,0,2,1,3,8
2024-04-03 04:00:00,0,2,0,1,2,5,6,16
2024-04-03 04:10:00,0,2,2,2,1,0,3,10
2024-04-03 04:20:00,0,1,2,1,0,3,2,9
2024-04-03 04:30:00,0,1,1,0,2,2,4,10
2024-04-03 04:40:00,0,1,0,1,4,4,5,15
2024-04-03 04:50:00,0,3,2,3,4,2,3,17
2024-04-03 05:00:00,0,1,2,1,2,3,7,16
2024-04-03 05:10:00,0,3,2,2,9,3,11,30
2024-04-03 05:20:00,0,1,2,2,11,4,9,29
2024-04-03 05:30:00,0,0,1,3,17,10,10,41
2024-04-03 05:40:00,0,3,10,7,29,9,9,67
2024-04-03 05:50:00,0,4,6,7,30,21,24,92
2024-04-03 06:00:00,0,3,10,10,18,11,18,70
2024-04-03 06:10:00,3,1,7,6,22,12,18,69
2024-04-03 06:20:00,1,3,4,10,30,32,30,110
2024-04-03 06:30:00,2,2,15,7,36,16,61,139
2024-04-03 06:40:00,0,1,15,16,33,38,26,129
2024-04-03 06:50:00,1,1,9,10,41,25,19,106
2024-04-03 07:00:00,1,3,13,10,41,26,30,124
2024-04-03 07:10:00,3,5,33,13,39,31,43,167
2024-04-03 07:20:00,3,7,18,9,40,46,29,152
2024-04-03 07:30:00,0,5,11,8,51,35,36,146
2024-04-03 07:40:00,5,6,14,14,43,49,26,157
2024-04-03 07:50:00,0,4,18,13,43,37,33,148
2024-04-03 08:00:00,0,4,15,9,46,45,23,142
2024-04-03 08:10:00,0,5,16,15,46,39,21,142
2024-04-03 08:20:00,0,6,16,12,41,37,29,141
2024-04-03 08:30:00,0,7,14,17,28,51,31,148
2024-04-03 08:40:00,0,3,15,19,47,47,30,161
2024-04-03 08:50:00,1,3,14,15,43,38,20,134
2024-04-03 09:00:00,4,2,13,14,36,28,26,123
2024-04-03 09:10:00,1,3,19,15,22,30,25,115
2024-04-03 09:20:00,2,7,14,9,37,31,26,126
2024-04-03 09:30:00,0,3,24,21,41,40,27,156
2024-04-03 09:40:00,0,3,15,13,40,23,26,120
2024-04-03 09:50:00,3,3,17,7,43,27,21,121
2024-04-03 10:00:00,2,4,17,8,36,21,27,115
2024-04-03 10:10:00,1,4,14,11,43,30,23,126
2024-04-03 10:20:00,2,7,12,9,38,28,27,123
2024-04-03 10:30:00,2,5,17,15,35,25,25,124
2024-04-03 10:40:00,1,3,22,14,37,38,27,142
2024-04-03 10:50:00,2,2,17,9,42,25,25,122
2024-04-03 11:00:00,1,5,13,9,43,24,28,123
2024-04-03 11:10:00,3,4,15,12,49,25,30,138
2024-04-03 11:20:00,1,2,13,11,34,25,27,113
2024-04-03 11:30:00,5,50,29,14,46,30,28,202
2024-04-03 11:40:00,3,3,13,9,50,27,22,127
2024-04-03 11:50:00,2,6,15,2,42,26,31,124
2024-04-03 12:00:00,3,6,9,13,36,30,30,127
2024-04-03 12:10:00,3,7,24,17,47,30,33,161
2024-04-03 12:20:00,5,9,14,10,44,33,28,143
2024-04-03 12:30:00,1,6,22,11,47,23,16,126
2024-04-03 12:40:00,6,7,18,13,51,42,22,159
2024-04-03 12:50:00,3,3,8,2,44,22,25,107
2024-04-03 13:00:00,2,5,14,10,38,49,20,138
2024-04-03 13:10:00,4,5,23,11,44,31,25,143
2024-04-03 13:20:00,1,6,29,20,53,36,31,176
2024-04-03 13:30:00,4,7,11,13,57,35,21,148
2024-04-03 13:40:00,3,4,16,14,40,32,23,132
2024-04-03 13:50:00,2,5,21,22,47,33,25,155
2024-04-03 14:00:00,4,5,20,13,31,27,32,132
2024-04-03 14:10:00,6,2,21,12,41,39,28,149
2024-04-03 14:20:00,7,4,19,11,34,26,21,122
2024-04-03 14:30:00,8,6,26,10,46,32,28,156
2024-04-03 14:40:00,4,6,26,15,55,33,23,162
2024-04-03 14:50:00,11,5,17,12,38,35,27,145
2024-04-03 15:00:00,5,5,25,9,45,39,19,147
2024-04-03 15:10:00,9,7,30,17,46,39,37,185
2024-04-03 15:20:00,9,8,28,15,30,44,26,160
2024-04-03 15:30:00,11,3,29,18,65,41,27,194
2024-04-03 15:40:00,17,7,31,17,50,49,28,199
2024-04-03 15:50:00,10,9,29,17,49,37,29,180
2024-04-03 16:00:00,10,11,29,14,41,74,24,203
2024-04-03 16:10:00,12,12,30,15,67,31,30,197
2024-04-03 16:20:00,15,3,27,25,55,47,30,202
2024-04-03 16:30:00,14,3,30,12,45,47,28,179
2024-04-03 16:40:00,7,8,41,29,48,41,32,206
2024-04-03 16:50:00,7,5,28,26,39,64,26,195
2024-04-03 17:00:00,10,9,27,12,43,59,35,195
2024-04-03 17:10:00,12,7,35,19,48,47,33,201
2024-04-03 17:20:00,4,5,32,22,34,50,26,173
2024-04-03 17:30:00,5,12,28,10,50,56,38,199
2024-04-03 17:40:00,6,8,28,22,59,46,25,194
2024-04-03 17:50:00,6,8,22,21,32,42,26,157
2024-04-03 18:00:00,5,5,25,24,36,40,19,154
2024-04-03 18:10:00,6,4,25,20,54,35,24,168
2024-04-03 18:20:00,9,20,23,14,32,27,30,155
2024-04-03 18:30:00,2,2,17,16,42,36,22,137
2024-04-03 18:40:00,2,5,16,9,50,44,17,143
2024-04-03 18:50:00,2,4,27,12,26,34,24,129
2024-04-03 19:00:00,1,7,25,17,24,33,29,136
2024-04-03 19:10:00,0,5,17,7,37,24,16,106
2024-04-03 19:20:00,1,6,22,12,34,27,23,125
2024-04-03 19:30:00,0,2,10,6,34,25,26,103
2024-04-03 19:40:00,2,1,11,8,18,29,13,82
2024-04-03 19:50:00,1,4,11,5,25,19,20,85
2024-04-03 20:00:00,2,5,10,3,26,22,16,84
2024-04-03 20:10:00,0,6,8,3,17,12,13,59
2024-04-03 20:20:00,4,3,6,5,13,21,9,61
2024-04-03 20:30:00,0,3,8,6,22,35,11,85
2024-04-03 20:40:00,2,3,10,7,16,32,13,83
2024-04-03 20:50:00,2,4,4,3,19,15,13,60
2024-04-03 21:00:00,0,3,4,1,21,22,8,59
2024-04-03 21:10:00,2,5,2,4,17,19,18,67
2024-04-03 21:20:00,1,2,4,4,19,46,30,106
2024-04-03 21:30:00,0,5,3,6,19,30,31,94
2024-04-03 21:40:00,0,3,5,6,14,19,15,62
2024-04-03 21:50:00,1,0,2,3,14,20,7,47
2024-04-03 22:00:00,15,4,4,3,22,16,13,77
2024-04-03 22:10:00,1,3,5,4,13,18,10,54
2024-04-03 22:20:00,1,3,5,4,20,14,17,64
2024-04-03 22:30:00,0,0,2,2,12,12,8,36
2024-04-03 22:40:00,1,4,1,4,14,12,12,48
2024-04-03 22:50:00,0,1,4,3,20,14,10,52
2024-04-03 23:00:00,0,1,4,4,9,8,9,35
2024-04-03 23:10:00,0,3,1,3,11,11,8,37
2024-04-03 23:20:00,0,0,3,2,6,5,2,18
2024-04-03 23:30:00,0,2,4,3,7,6,8,30
2024-04-03 23:40:00,0,2,1,2,10,12,10,37
2024-04-03 23:50:00,0,4,1,3,9,5,7,29
2024-04-04 00:00:00,0,0,1,2,2,6,5,16
2024-04-04 00:10:00,0,0,0,0,5,8,5,18
2024-04-04 00:20:00,0,2,0,0,4,5,7,18
2024-04-04 00:30:00,0,0,1,1,6,3,3,14
2024-04-04 00:40:00,0,0,2,2,1,4,5,14
2024-04-04 00:50:00,0,1,0,0,3,3,7,14
2024-04-04 01:00:00,0,1,2,3,2,3,1,12
2024-04-04 01:10:00,0,0,3,2,4,3,3,15
2024-04-04 01:20:00,0,0,0,0,0,0,1,1
2024-04-04 01:30:00,0,2,1,1,1,1,3,9
2024-04-04 01:40:00,0,0,1,0,1,1,1,4
2024-04-04 01:50:00,0,0,0,2,2,4,4,12
2024-04-04 02:00:00,0,1,1,1,4,1,2,10
2024-04-04 02:10:00,0,1,1,0,3,1,2,8
2024-04-04 02:20:00,0,1,0,0,0,1,1,3
2024-04-04 02:30:00,0,4,0,0,4,6,6,20
2024-04-04 02:40:00,0,0,0,0,1,1,2,4
2024-04-04 02:50:00,0,1,1,3,2,4,5,16
2024-04-04 03:00:00,1,0,1,3,1,3,3,12
2024-04-04 03:10:00,0,0,0,0,1,0,1,2
2024-04-04 03:20:00,0,1,0,1,2,7,6,17
2024-04-04 03:30:00,0,2,0,0,1,2,2,7
2024-04-04 03:40:00,0,1,1,1,0,0,2,5
2024-04-04 03:50:00,0,3,0,4,3,4,12,26
2024-04-04 04:00:00,0,2,2,2,0,4,3,13
2024-04-04 04:10:00,0,0,3,3,1,3,4,14
2024-04-04 04:20:00,0,1,4,3,4,1,1,14
2024-04-04 04:30:00,0,1,0,1,2,1,4,9
2024-04-04 04:40:00,0,0,1,0,3,4,6,14
2024-04-04 04:50:00,0,2,3,1,4,1,5,16
2024-04-04 05:00:00,1,0,3,3,4,2,5,18
2024-04-04 05:10:00,0,1,4,3,6,5,6,25
2024-04-04 05:20:00,0,3,3,2,10,5,8,31
2024-04-04 05:30:00,0,3,3,4,20,12,10,52
2024-04-04 05:40:00,0,2,11,4,32,8,11,68
2024-04-04 05:50:00,0,4,4,5,31,14,22,80
2024-04-04 06:00:00,1,3,10,7,19,15,17,72
2024-04-04 06:10:00,0,1,5,4,24,14,19,67
2024-04-04 06:20:00,0,4,5,5,22,14,21,71
2024-04-04 06:30:00,0,1,14,19,31,25,18,108
2024-04-04 06:40:00,0,2,11,12,44,33,28,130
2024-04-04 06:50:00,5,3,13,12,38,28,24,123
2024-04-04 07:00:00,1,3,15,7,42,21,11,100
2024-04-04 07:10:00,2,6,18,16,41,43,31,157
2024-04-04 07:20:00,2,14,16,14,37,44,33,160
2024-04-04 07:30:00,2,3,19,13,50,46,21,154
2024-04-04 07:40:00,1,3,23,13,49,41,33,163
2024-04-04 07:50:00,0,4,16,15,36,41,21,133
2024-04-04 08:00:00,1,3,22,14,25,37,25,127
2024-04-04 08:10:00,0,7,11,10,34,35,23,120
2024-04-04 08:20:00,0,3,16,15,33,30,19,116
2024-04-04 08:30:00,9,4,14,14,28,33,22,124
2024-04-04 08:40:00,28,4,14,13,51,34,28,172
2024-04-04 08:50:00,3,5,11,16,28,50,25,138
2024-04-04 09:00:00,3,4,12,11,27,27,29,113
2024-04-04 09:10:00,1,5,18,18,38,25,19,124
2024-04-04 09:20:00,3,2,15,16,41,33,20,130
2024-04-04 09:30:00,1,5,16,15,35,31,23,126
2024-04-04 09:40:00,0,3,15,17,41,23,20,119
2024-04-04 09:50:00,1,8,27,18,36,40,34,164
2024-04-04 10:00:00,0,4,13,9,41,23,24,114
2024-04-04 10:10:00,1,2,14,10,33,18,22,100
2024-04-04 10:20:00,1,5,17,17,44,26,33,143
2024-04-04 10:30:00,2,2,13,11,22,25,18,93
2024-04-04 10:40:00,1,1,9,14,34,27,17,103
2024-04-04 10:50:00,2,6,15,12,35,29,25,124
2024-04-04 11:00:00,2,5,19,17,39,28,29,139
2024-04-04 11:10:00,1,5,12,12,37,32,33,132
2024-04-04 11:20:00,5,4,17,13,35,27,30,131
2024-04-04 11:30:00,1,6,18,17,42,20,27,131
2024-04-04 11:40:00,1,5,12,11,43,32,37,141
2024-04-04 11:50:00,5,2,15,14,49,33,20,138
2024-04-04 12:00:00,1,6,19,11,62,32,25,156
2024-04-04 12:10:00,5,2,15,11,41,30,29,133
2024-04-04 12:20:00,1,2,15,4,51,27,19,119
2024-04-04 12:30:00,2,3,20,14,43,24,23,129
2024-04-04 12:40:00,2,7,24,16,53,24,23,149
2024-04-04 12:50:00,2,6,13,18,57,27,29,152
2024-04-04 13:00:00,4,6,17,17,41,37,30,152
2024-04-04 13:10:00,4,15,15,11,43,30,32,150
2024-04-04 13:20:00,4,4,13,16,44,32,38,151
2024-04-04 13:30:00,4,16,19,15,42,30,27,153
2024-04-04 13:40:00,3,6,15,14,41,40,29,148
2024-04-04 13:50:00,5,4,30,20,51,62,32,204
2024-04-04 14:00:00,1,3,19,14,45,34,20,136
2024-04-04 14:10:00,8,5,15,13,29,34,26,130
2024-04-04 14:20:00,5,6,22,11,40,36,27,147
2024-04-04 14:30:00,7,6,19,14,51,41,26,164
2024-04-04 14:40:00,5,7,22,24,47,93,28,226
2024-04-04 14:50:00,8,7,21,14,37,41,29,157
2024-04-04 15:00:00,10,9,24,17,42,40,34,176
2024-04-04 15:10:00,7,10,30,22,55,36,24,184
2024-04-04 15:20:00,9,6,24,11,45,29,43,167
2024-04-04 15:30:00,8,9,28,13,51,42,35,186
2024-04-04 15:40:00,13,3,26,17,50,39,29,177
2024-04-04 15:50:00,11,4,23,9,46,39,26,158
2024-04-04 16:00:00,10,6,30,13,45,48,31,183
2024-04-04 16:10:00,16,4,25,13,46,46,31,181
2024-04-04 16:20:00,13,19,30,15,38,40,20,175
2024-04-04 16:30:00,13,10,35,20,53,43,23,197
2024-04-04 16:40:00,8,7,18,12,45,42,34,166
2024-04-04 16:50:00,5,4,30,17,45,159,23,283
2024-04-04 17:00:00,5,5,21,14,44,53,28,170
2024-04-04 17:10:00,6,8,27,13,51,76,36,217
2024-04-04 17:20:00,6,4,26,12,58,51,24,181
2024-04-04 17:30:00,2,6,25,17,35,51,20,156
2024-04-04 17:40:00,6,6,28,18,41,209,32,340
2024-04-04 17:50:00,7,6,25,16,31,69,27,181
2024-04-04 18:00:00,1,1,22,16,37,69,22,168
2024-04-04 18:10:00,4,4,18,17,49,32,32,156
2024-04-04 18:20:00,6,6,17,6,48,41,34,158
2024-04-04 18:30:00,3,5,24,17,26,48,29,152
2024-04-04 18:40:00,3,6,18,9,41,24,35,136
2024-04-04 18:50:00,2,6,25,10,28,37,22,130
2024-04-04 19:00:00,1,3,16,10,39,30,27,126
2024-04-04 19:10:00,1,5,14,14,23,23,22,102
2024-04-04 19:20:00,2,5,16,13,32,35,20,123
2024-04-04 19:30:00,2,4,8,6,30,45,28,123
2024-04-04 19:40:00,1,2,9,6,25,25,21,89
2024-04-04 19:50:00,1,4,7,3,28,24,17,84
2024-04-04 20:00:00,1,1,10,4,22,15,15,68
2024-04-04 20:10:00,0,0,2,4,14,22,15,57
2024-04-04 20:20:00,1,2,3,6,24,24,12,72
2024-04-04 20:30:00,0,3,6,6,23,18,19,75
2024-04-04 20:40:00,0,5,4,6,9,21,24,69
2024-04-04 20:50:00,0,2,3,0,19,18,11,53
2024-04-04 21:00:00,0,5,1,2,21,18,16,63
2024-04-04 21:10:00,0,6,6,6,20,30,28,96
2024-04-04 21:20:00,1,2,2,6,22,27,19,79
2024-04-04 21:30:00,0,2,4,7,27,20,25,85
2024-04-04 21:40:00,1,1,7,2,12,18,14,55
2024-04-04 21:50:00,4,1,8,5,13,12,14,57
2024-04-04 22:00:00,5,3,3,8,11,21,11,62
2024-04-04 22:10:00,3,3,2,6,7,16,15,52
2024-04-04 22:20:00,0,3,2,2,22,16,15,60
2024-04-04 22:30:00,2,2,3,3,9,13,7,39
2024-04-04 22:40:00,0,4,2,4,11,11,14,46
2024-04-04 22:50:00,0,0,3,2,17,10,5,37
2024-04-04 23:00:00,0,2,6,4,10,11,15,48
2024-04-04 23:10:00,0,3,4,5,13,12,15,52
2024-04-04 23:20:00,2,0,1,3,10,7,8,31
2024-04-04 23:30:00,0,4,3,5,8,17,12,49
2024-04-04 23:40:00,0,2,4,3,7,9,8,33
2024-04-04 23:50:00,0,1,0,0,6,2,5,14
2024-04-05 00:00:00,0,0,2,2,1,4,5,14
2024-04-05 00:10:00,0,2,1,0,4,6,6,19
2024-04-05 00:20:00,0,0,0,1,3,3,5,12
2024-04-05 00:30:00,0,0,1,2,3,4,4,14
2024-04-05 00:40:00,0,0,1,1,2,0,0,4
2024-04-05 00:50:00,0,1,1,0,4,3,5,14
2024-04-05 01:00:00,0,0,0,0,3,2,2,7
2024-04-05 01:10:00,0,1,1,2,3,1,3,11
2024-04-05 01:20:00,0,0,1,1,3,4,3,12
2024-04-05 01:30:00,0,0,2,2,0,2,4,10
2024-04-05 01:40:00,0,1,1,2,1,5,6,16
2024-04-05 01:50:00,0,0,0,2,2,5,2,11
2024-04-05 02:00:00,0,0,0,0,0,0,0,0
