datetime,V21Z,V22Z,V81Z,V82Z,D11Z,D12Z,Total
2024-03-01 01:00:00,0,3,0,3,0,0,6
2024-03-01 01:10:00,0,5,0,11,0,0,16
2024-03-01 01:20:00,0,1,0,9,0,0,10
2024-03-01 01:30:00,0,2,0,5,1,0,8
2024-03-01 01:40:00,0,5,0,13,0,0,18
2024-03-01 01:50:00,0,4,0,1,0,0,5
2024-03-01 02:00:00,0,2,0,3,0,0,5
2024-03-01 02:10:00,0,5,0,8,0,0,13
2024-03-01 02:20:00,0,4,0,7,0,0,11
2024-03-01 02:30:00,0,4,0,5,0,0,9
2024-03-01 02:40:00,0,1,0,0,0,0,1
2024-03-01 02:50:00,0,0,0,2,0,0,2
2024-03-01 03:00:00,0,3,0,8,0,0,11
2024-03-01 03:10:00,0,0,0,3,0,0,3
2024-03-01 03:20:00,0,6,0,6,0,0,12
2024-03-01 03:30:00,0,2,0,11,1,0,14
2024-03-01 03:40:00,0,1,0,15,0,0,16
2024-03-01 03:50:00,0,5,0,5,0,0,10
2024-03-01 04:00:00,0,3,0,7,0,0,10
2024-03-01 04:10:00,0,4,0,16,0,0,20
2024-03-01 04:20:00,0,6,0,11,0,0,17
2024-03-01 04:30:00,0,3,0,20,1,0,24
2024-03-01 04:40:00,0,5,0,28,1,0,34
2024-03-01 04:50:00,0,4,0,32,0,0,36
2024-03-01 05:00:00,0,11,0,37,1,0,49
2024-03-01 05:10:00,0,14,0,48,0,0,62
2024-03-01 05:20:00,0,20,0,56,0,0,76
2024-03-01 05:30:00,0,28,0,66,0,0,94
2024-03-01 05:40:00,0,19,0,72,3,0,94
2024-03-01 05:50:00,0,23,0,64,4,0,91
2024-03-01 06:00:00,0,33,0,81,0,0,114
2024-03-01 06:10:00,0,39,0,61,3,0,103
2024-03-01 06:20:00,0,41,0,65,9,0,115
2024-03-01 06:30:00,0,30,0,93,10,0,133
2024-03-01 06:40:00,0,41,0,71,6,0,118
2024-03-01 06:50:00,0,43,0,78,13,0,134
2024-03-01 07:00:00,0,28,0,41,12,0,81
2024-03-01 07:10:00,0,27,0,44,7,0,78
2024-03-01 07:20:00,0,26,0,27,15,0,68
2024-03-01 07:30:00,0,33,0,29,7,0,69
2024-03-01 07:40:00,0,24,0,26,16,0,66
2024-03-01 07:50:00,0,28,0,25,8,0,61
2024-03-01 08:00:00,0,36,0,43,6,0,85
2024-03-01 08:10:00,0,35,0,26,4,0,65
2024-03-01 08:20:00,0,23,0,34,6,0,63
2024-03-01 08:30:00,0,31,0,30,11,0,72
2024-03-01 08:40:00,0,30,0,39,14,0,83
2024-03-01 08:50:00,0,26,0,34,7,0,67
2024-03-01 09:00:00,0,36,0,36,3,0,75
2024-03-01 09:10:00,0,25,0,30,9,0,64
2024-03-01 09:20:00,0,0,0,29,3,0,32
2024-03-01 09:30:00,0,17,0,33,3,0,53
2024-03-01 09:40:00,0,46,0,36,2,0,84
2024-03-01 09:50:00,0,22,0,24,6,0,52
2024-03-01 10:00:00,0,34,0,25,5,0,64
2024-03-01 10:10:00,0,32,0,24,2,0,58
2024-03-01 10:20:00,0,30,0,29,0,0,59
2024-03-01 10:30:00,0,37,0,38,6,0,81
2024-03-01 10:40:00,0,40,0,24,3,0,67
2024-03-01 10:50:00,0,39,0,34,2,0,75
2024-03-01 11:00:00,0,35,0,25,1,0,61
2024-03-01 11:10:00,0,33,0,28,2,0,63
2024-03-01 11:20:00,0,35,0,36,5,0,76
2024-03-01 11:30:00,0,25,0,37,4,0,66
2024-03-01 11:40:00,0,31,0,31,3,0,65
2024-03-01 11:50:00,0,32,0,31,3,0,66
2024-03-01 12:00:00,0,32,0,34,2,0,68
2024-03-01 12:10:00,0,41,0,32,1,0,74
2024-03-01 12:20:00,0,35,0,30,3,0,68
2024-03-01 12:30:00,0,35,0,36,2,0,73
2024-03-01 12:40:00,0,35,0,45,5,0,85
2024-03-01 12:50:00,0,33,0,24,1,0,58
2024-03-01 13:00:00,0,34,0,31,4,0,69
2024-03-01 13:10:00,0,23,0,20,4,0,47
2024-03-01 13:20:00,0,38,0,36,3,0,77
2024-03-01 13:30:00,0,36,0,34,6,0,76
2024-03-01 13:40:00,0,33,0,29,2,0,64
2024-03-01 13:50:00,0,44,0,27,4,0,75
2024-03-01 14:00:00,0,47,0,31,1,0,79
2024-03-01 14:10:00,0,40,0,25,2,0,67
2024-03-01 14:20:00,0,49,0,31,2,0,82
2024-03-01 14:30:00,0,34,0,37,4,0,75
2024-03-01 14:40:00,0,42,0,27,2,0,71
2024-03-01 14:50:00,0,51,0,28,1,0,80
2024-03-01 15:00:00,0,46,0,28,1,0,75
2024-03-01 15:10:00,0,39,0,33,0,0,72
2024-03-01 15:20:00,0,48,0,33,219,0,300
2024-03-01 15:30:00,0,49,0,28,3,0,80
2024-03-01 15:40:00,0,35,0,32,6,0,73
2024-03-01 15:50:00,0,32,0,29,3,0,64
2024-03-01 16:00:00,0,42,0,26,1,0,69
2024-03-01 16:10:00,0,38,0,29,2,0,69
2024-03-01 16:20:00,0,35,0,33,2,0,70
2024-03-01 16:30:00,0,38,0,35,1,0,74
2024-03-01 16:40:00,0,32,0,39,0,0,71
2024-03-01 16:50:00,0,39,0,43,0,0,82
2024-03-01 17:00:00,0,46,0,31,1,0,78
2024-03-01 17:10:00,0,50,0,39,17,0,106
2024-03-01 17:20:00,0,39,0,34,3,0,76
2024-03-01 17:30:00,0,41,0,43,2,0,86
2024-03-01 17:40:00,0,38,0,33,0,0,71
2024-03-01 17:50:00,0,36,0,38,0,0,74
2024-03-01 18:00:00,0,43,0,26,2,0,71
2024-03-01 18:10:00,0,36,0,43,3,0,82
2024-03-01 18:20:00,0,53,0,49,1,0,103
2024-03-01 18:30:00,0,56,0,49,1,0,106
2024-03-01 18:40:00,0,43,0,64,2,0,109
2024-03-01 18:50:00,0,47,0,65,1,0,113
2024-03-01 19:00:00,0,47,0,64,2,0,113
2024-03-01 19:10:00,0,38,0,51,4,0,93
2024-03-01 19:20:00,0,49,0,69,1,0,119
2024-03-01 19:30:00,0,59,0,60,0,0,119
2024-03-01 19:40:00,0,48,0,48,2,0,98
2024-03-01 19:50:00,0,53,0,67,2,0,122
2024-03-01 20:00:00,0,36,0,55,0,0,91
2024-03-01 20:10:00,0,33,0,66,0,0,99
2024-03-01 20:20:00,0,47,0,53,0,0,100
2024-03-01 20:30:00,0,35,0,63,1,0,99
2024-03-01 20:40:00,0,37,0,60,2,0,99
2024-03-01 20:50:00,0,27,0,55,1,0,83
2024-03-01 21:00:00,0,31,0,63,0,0,94
2024-03-01 21:10:00,0,34,0,47,0,0,81
2024-03-01 21:20:00,0,33,0,48,0,0,81
2024-03-01 21:30:00,0,31,0,53,0,0,84
2024-03-01 21:40:00,0,27,0,63,2,0,92
2024-03-01 21:50:00,0,36,0,57,1,0,94
2024-03-01 22:00:00,0,22,0,46,0,0,68
2024-03-01 22:10:00,0,30,0,54,0,0,84
2024-03-01 22:20:00,0,36,0,42,1,0,79
2024-03-01 22:30:00,0,25,0,57,0,0,82
2024-03-01 22:40:00,0,25,0,45,0,0,70
2024-03-01 22:50:00,0,16,0,42,3,0,61
2024-03-01 23:00:00,0,18,0,36,0,0,54
2024-03-01 23:10:00,0,30,0,42,0,0,72
2024-03-01 23:20:00,0,22,0,50,0,0,72
2024-03-01 23:30:00,0,16,0,50,0,0,66
2024-03-01 23:40:00,0,12,0,47,0,0,59
2024-03-01 23:50:00,0,27,0,33,1,0,61
2024-03-02 00:00:00,0,7,0,43,0,0,50
2024-03-02 00:10:00,0,13,0,27,0,0,40
2024-03-02 00:20:00,0,22,0,33,0,0,55
2024-03-02 00:30:00,0,10,0,39,0,0,49
2024-03-02 00:40:00,0,8,0,28,0,0,36
2024-03-02 00:50:00,0,6,0,20,0,0,26
2024-03-02 01:00:00,0,7,0,24,0,0,31
2024-03-02 01:10:00,0,3,0,17,0,0,20
2024-03-02 01:20:00,0,8,0,17,0,0,25
2024-03-02 01:30:00,0,3,0,18,0,0,21
2024-03-02 01:40:00,0,6,0,21,0,0,27
2024-03-02 01:50:00,0,5,0,15,0,0,20
2024-03-02 02:00:00,0,10,0,28,0,0,38
2024-03-02 02:10:00,0,5,0,11,2,0,18
2024-03-02 02:20:00,0,1,0,2,0,0,3
2024-03-02 02:30:00,0,11,0,7,1,0,19
2024-03-02 02:40:00,0,3,0,7,0,0,10
2024-03-02 02:50:00,0,2,0,13,0,0,15
2024-03-02 03:00:00,0,4,0,13,0,0,17
2024-03-02 03:10:00,0,11,0,12,0,0,23
2024-03-02 03:20:00,0,5,0,10,0,0,15
2024-03-02 03:30:00,0,4,0,7,0,0,11
2024-03-02 03:40:00,0,5,0,12,0,0,17
2024-03-02 03:50:00,0,9,0,1,1,0,11
2024-03-02 04:00:00,0,3,0,21,0,0,24
2024-03-02 04:10:00,0,5,0,6,1,0,12
2024-03-02 04:20:00,0,3,0,9,0,0,12
2024-03-02 04:30:00,0,7,0,15,0,0,22
2024-03-02 04:40:00,0,1,0,10,0,0,11
2024-03-02 04:50:00,0,5,0,19,4,0,28
2024-03-02 05:00:00,0,8,0,35,0,0,43
2024-03-02 05:10:00,0,14,0,39,0,0,53
2024-03-02 05:20:00,0,6,0,13,0,0,19
2024-03-02 05:30:00,0,11,0,31,0,0,42
2024-03-02 05:40:00,0,9,0,28,0,0,37
2024-03-02 05:50:00,0,12,0,34,0,0,46
2024-03-02 06:00:00,0,6,0,21,0,0,27
2024-03-02 06:10:00,0,9,0,18,2,0,29
2024-03-02 06:20:00,0,9,0,24,0,0,33
2024-03-02 06:30:00,0,15,0,27,0,0,42
2024-03-02 06:40:00,0,16,0,30,1,0,47
2024-03-02 06:50:00,0,5,0,28,3,0,36
2024-03-02 07:00:00,0,3,0,20,1,0,24
2024-03-02 07:10:00,0,8,0,15,0,0,23
2024-03-02 07:20:00,0,13,0,15,0,0,28
2024-03-02 07:30:00,0,16,0,13,0,0,29
2024-03-02 07:40:00,0,12,0,13,0,0,25
2024-03-02 07:50:00,0,13,0,18,2,0,33
2024-03-02 08:00:00,0,7,0,21,1,0,29
2024-03-02 08:10:00,0,15,0,17,0,0,32
2024-03-02 08:20:00,0,20,0,24,0,0,44
2024-03-02 08:30:00,0,17,0,24,1,0,42
2024-03-02 08:40:00,0,24,0,23,1,0,48
2024-03-02 08:50:00,0,27,0,25,0,0,52
2024-03-02 09:00:00,0,21,0,25,0,0,46
2024-03-02 09:10:00,0,28,0,28,1,0,57
2024-03-02 09:20:00,0,24,0,22,0,0,46
2024-03-02 09:30:00,0,24,0,26,0,0,50
2024-03-02 09:40:00,0,33,0,27,0,0,60
2024-03-02 09:50:00,0,37,0,33,0,0,70
2024-03-02 10:00:00,0,31,0,29,0,0,60
2024-03-02 10:10:00,0,31,0,24,3,0,58
2024-03-02 10:20:00,0,37,0,24,2,0,63
2024-03-02 10:30:00,0,42,0,22,1,0,65
2024-03-02 10:40:00,0,39,0,26,0,0,65
2024-03-02 10:50:00,0,35,0,24,0,0,59
2024-03-02 11:00:00,0,32,0,29,1,0,62
2024-03-02 11:10:00,0,30,0,33,0,0,63
2024-03-02 11:20:00,0,39,0,35,0,0,74
2024-03-02 11:30:00,0,37,0,30,0,0,67
2024-03-02 11:40:00,0,36,0,39,3,0,78
2024-03-02 11:50:00,0,32,0,32,1,0,65
2024-03-02 12:00:00,0,38,0,40,0,0,78
2024-03-02 12:10:00,0,40,0,37,1,0,78
2024-03-02 12:20:00,0,33,0,35,1,0,69
2024-03-02 12:30:00,0,3,0,32,0,0,35
2024-03-02 12:40:00,0,0,0,32,0,0,32
2024-03-02 12:50:00,0,11,0,35,0,0,46
2024-03-02 13:00:00,0,2,0,41,2,0,45
2024-03-02 13:10:00,0,9,0,26,0,0,35
2024-03-02 13:20:00,0,5,0,38,1,0,44
2024-03-02 13:30:00,0,0,0,36,0,0,36
2024-03-02 13:40:00,0,4,0,38,0,0,42
2024-03-02 13:50:00,0,0,0,25,2,0,27
2024-03-02 14:00:00,0,0,0,38,1,0,39
2024-03-02 14:10:00,0,0,0,33,1,0,34
2024-03-02 14:20:00,0,0,0,43,1,0,44
2024-03-02 14:30:00,0,0,0,41,1,0,42
2024-03-02 14:40:00,0,0,0,35,1,0,36
2024-03-02 14:50:00,0,10,0,33,1,0,44
2024-03-02 15:00:00,0,5,0,31,2,0,38
2024-03-02 15:10:00,0,17,0,34,1,0,52
2024-03-02 15:20:00,0,33,0,38,0,0,71
2024-03-02 15:30:00,0,13,0,27,1,0,41
2024-03-02 15:40:00,0,8,0,34,1,0,43
2024-03-02 15:50:00,0,6,0,37,2,0,45
2024-03-02 16:00:00,0,0,0,32,1,0,33
2024-03-02 16:10:00,0,66,0,37,4,0,107
2024-03-02 16:20:00,0,6,0,37,3,0,46
2024-03-02 16:30:00,0,2,0,32,0,0,34
2024-03-02 16:40:00,0,0,0,35,1,0,36
2024-03-02 16:50:00,0,15,0,40,3,0,58
2024-03-02 17:00:00,0,19,0,32,0,0,51
2024-03-02 17:10:00,0,19,0,38,3,0,60
2024-03-02 17:20:00,0,9,0,32,1,0,42
2024-03-02 17:30:00,0,23,0,35,0,0,58
2024-03-02 17:40:00,0,35,0,35,1,0,71
2024-03-02 17:50:00,0,38,0,36,1,0,75
2024-03-02 18:00:00,0,36,0,34,0,0,70
2024-03-02 18:10:00,0,33,0,37,2,0,72
2024-03-02 18:20:00,0,41,0,58,3,0,102
2024-03-02 18:30:00,0,39,0,75,1,0,115
2024-03-02 18:40:00,0,34,0,60,1,0,95
2024-03-02 18:50:00,0,52,0,70,1,0,123
2024-03-02 19:00:00,0,40,0,64,1,0,105
2024-03-02 19:10:00,0,41,0,60,2,0,103
2024-03-02 19:20:00,0,41,0,50,3,0,94
2024-03-02 19:30:00,0,45,0,45,0,0,90
2024-03-02 19:40:00,0,31,0,74,0,0,105
2024-03-02 19:50:00,0,36,0,80,3,0,119
2024-03-02 20:00:00,0,35,0,60,3,0,98
2024-03-02 20:10:00,0,26,0,57,7,0,90
2024-03-02 20:20:00,0,27,0,35,0,0,62
2024-03-02 20:30:00,0,24,0,45,0,0,69
2024-03-02 20:40:00,0,20,0,62,0,0,82
2024-03-02 20:50:00,0,37,0,59,1,0,97
2024-03-02 21:00:00,0,24,0,48,0,0,72
2024-03-02 21:10:00,0,27,0,56,1,0,84
2024-03-02 21:20:00,0,32,0,60,0,0,92
2024-03-02 21:30:00,0,35,0,53,0,0,88
2024-03-02 21:40:00,0,26,0,50,1,0,77
2024-03-02 21:50:00,0,21,0,29,1,0,51
2024-03-02 22:00:00,0,25,0,55,0,0,80
2024-03-02 22:10:00,0,27,0,50,0,0,77
2024-03-02 22:20:00,0,25,0,60,0,0,85
2024-03-02 22:30:00,0,15,0,47,1,0,63
2024-03-02 22:40:00,0,28,0,41,0,0,69
2024-03-02 22:50:00,0,27,0,35,0,0,62
2024-03-02 23:00:00,0,14,0,56,1,0,71
2024-03-02 23:10:00,0,24,0,41,0,0,65
2024-03-02 23:20:00,0,20,0,39,0,0,59
2024-03-02 23:30:00,0,16,0,24,0,0,40
2024-03-02 23:40:00,0,19,0,51,0,0,70
2024-03-02 23:50:00,0,21,0,29,2,0,52
2024-03-03 00:00:00,0,8,0,35,0,0,43
2024-03-03 00:10:00,0,14,0,42,0,0,56
2024-03-03 00:20:00,0,13,0,39,0,0,52
2024-03-03 00:30:00,0,19,0,27,0,0,46
2024-03-03 00:40:00,0,13,0,27,0,0,40
2024-03-03 00:50:00,0,4,0,38,0,0,42
2024-03-03 01:00:00,0,7,0,22,0,0,29
2024-03-03 01:10:00,0,15,0,31,0,0,46
2024-03-03 01:20:00,0,6,0,22,0,0,28
2024-03-03 01:30:00,0,18,0,34,0,0,52
2024-03-03 01:40:00,0,8,0,22,0,0,30
2024-03-03 01:50:00,0,11,0,21,0,0,32
2024-03-03 02:00:00,0,13,0,17,0,0,30
2024-03-03 02:10:00,0,6,0,21,0,0,27
2024-03-03 02:20:00,0,5,0,15,0,0,20
2024-03-03 02:30:00,0,11,0,14,0,0,25
2024-03-03 02:40:00,0,5,0,24,0,0,29
2024-03-03 02:50:00,0,3,0,10,0,0,13
2024-03-03 03:00:00,0,7,0,18,0,0,25
2024-03-03 03:10:00,0,8,0,7,0,0,15
2024-03-03 03:20:00,0,2,0,8,1,0,11
2024-03-03 03:30:00,0,4,0,13,0,0,17
2024-03-03 03:40:00,0,4,0,4,0,0,8
2024-03-03 03:50:00,0,8,0,10,0,0,18
2024-03-03 04:00:00,0,2,0,3,0,0,5
2024-03-03 04:10:00,0,2,0,11,0,0,13
2024-03-03 04:20:00,0,1,0,12,0,0,13
2024-03-03 04:30:00,0,11,0,16,0,0,27
2024-03-03 04:40:00,0,4,0,21,1,0,26
2024-03-03 04:50:00,0,8,0,31,0,0,39
2024-03-03 05:00:00,0,8,0,38,0,0,46
2024-03-03 05:10:00,0,2,0,28,1,0,31
2024-03-03 05:20:00,0,9,0,20,0,0,29
2024-03-03 05:30:00,0,13,0,15,0,0,28
2024-03-03 05:40:00,0,8,0,25,0,0,33
2024-03-03 05:50:00,0,7,0,17,0,0,24
2024-03-03 06:00:00,0,3,0,21,1,0,25
2024-03-03 06:10:00,0,8,0,17,0,0,25
2024-03-03 06:20:00,0,4,0,15,1,0,20
2024-03-03 06:30:00,0,11,0,13,0,0,24
2024-03-03 06:40:00,0,12,0,16,0,0,28
2024-03-03 06:50:00,0,4,0,10,1,0,15
2024-03-03 07:00:00,0,6,0,11,0,0,17
2024-03-03 07:10:00,0,5,0,15,0,0,20
2024-03-03 07:20:00,0,7,0,4,0,0,11
2024-03-03 07:30:00,0,5,0,12,0,0,17
2024-03-03 07:40:00,0,10,0,3,0,0,13
2024-03-03 07:50:00,0,7,0,17,0,0,24
2024-03-03 08:00:00,0,5,0,6,0,0,11
2024-03-03 08:10:00,0,6,0,10,0,0,16
2024-03-03 08:20:00,0,4,0,11,0,0,15
2024-03-03 08:30:00,0,10,0,17,0,0,27
2024-03-03 08:40:00,0,16,0,12,1,0,29
2024-03-03 08:50:00,0,15,0,24,0,0,39
2024-03-03 09:00:00,0,14,0,21,0,0,35
2024-03-03 09:10:00,0,20,0,18,0,0,38
2024-03-03 09:20:00,0,25,0,23,0,0,48
2024-03-03 09:30:00,0,25,0,27,0,0,52
2024-03-03 09:40:00,0,25,0,26,2,0,53
2024-03-03 09:50:00,0,28,0,27,1,0,56
2024-03-03 10:00:00,0,22,0,20,0,0,42
2024-03-03 10:10:00,0,25,0,25,0,0,50
2024-03-03 10:20:00,0,29,0,24,0,0,53
2024-03-03 10:30:00,0,19,0,25,1,0,45
2024-03-03 10:40:00,0,28,0,22,2,0,52
2024-03-03 10:50:00,0,28,0,28,0,0,56
2024-03-03 11:00:00,0,24,0,18,0,0,42
2024-03-03 11:10:00,0,22,0,21,1,0,44
2024-03-03 11:20:00,0,32,0,30,0,0,62
2024-03-03 11:30:00,0,32,0,24,0,0,56
2024-03-03 11:40:00,0,26,0,30,1,0,57
2024-03-03 11:50:00,0,26,0,26,0,0,52
2024-03-03 12:00:00,0,31,0,31,0,0,62
2024-03-03 12:10:00,0,36,0,30,4,0,70
2024-03-03 12:20:00,0,31,0,36,0,0,67
2024-03-03 12:30:00,0,36,0,33,0,0,69
2024-03-03 12:40:00,0,32,0,24,0,0,56
2024-03-03 12:50:00,0,34,0,26,0,0,60
2024-03-03 13:00:00,0,27,0,33,1,0,61
2024-03-03 13:10:00,0,24,0,36,3,0,63
2024-03-03 13:20:00,0,27,0,35,0,0,62
2024-03-03 13:30:00,0,38,0,22,1,0,61
2024-03-03 13:40:00,0,25,0,27,0,0,52
2024-03-03 13:50:00,0,31,0,30,1,0,62
2024-03-03 14:00:00,0,24,0,31,0,0,55
2024-03-03 14:10:00,0,33,0,38,2,0,73
2024-03-03 14:20:00,0,30,0,42,0,0,72
2024-03-03 14:30:00,0,41,0,38,1,0,80
2024-03-03 14:40:00,0,33,0,27,0,0,60
2024-03-03 14:50:00,0,30,0,36,0,0,66
2024-03-03 15:00:00,0,32,0,33,0,0,65
2024-03-03 15:10:00,0,29,0,29,1,0,59
2024-03-03 15:20:00,0,36,0,26,2,0,64
2024-03-03 15:30:00,0,30,0,25,1,0,56
2024-03-03 15:40:00,0,43,0,32,0,0,75
2024-03-03 15:50:00,0,29,0,34,2,0,65
2024-03-03 16:00:00,0,35,0,36,1,0,72
2024-03-03 16:10:00,0,37,0,37,1,0,75
2024-03-03 16:20:00,0,30,0,37,2,0,69
2024-03-03 16:30:00,0,39,0,32,2,0,73
2024-03-03 16:40:00,0,34,0,35,0,0,69
2024-03-03 16:50:00,0,31,0,38,1,0,70
2024-03-03 17:00:00,0,38,0,34,2,0,74
2024-03-03 17:10:00,0,36,0,32,0,0,68
2024-03-03 17:20:00,0,28,0,32,4,0,64
2024-03-03 17:30:00,0,37,0,31,0,0,68
2024-03-03 17:40:00,0,44,0,29,1,0,74
2024-03-03 17:50:00,0,37,0,36,1,0,74
2024-03-03 18:00:00,0,32,0,41,1,0,74
2024-03-03 18:10:00,0,27,0,37,0,0,64
2024-03-03 18:20:00,0,35,0,42,2,0,79
2024-03-03 18:30:00,0,37,0,55,18,0,110
2024-03-03 18:40:00,0,48,0,61,1,0,110
2024-03-03 18:50:00,0,45,0,58,1,0,104
2024-03-03 19:00:00,0,31,0,68,0,0,99
2024-03-03 19:10:00,0,45,0,61,2,0,108
2024-03-03 19:20:00,0,34,0,67,0,0,101
2024-03-03 19:30:00,0,29,0,39,1,0,69
2024-03-03 19:40:00,0,38,0,36,3,0,77
2024-03-03 19:50:00,0,25,0,66,1,0,92
2024-03-03 20:00:00,0,42,0,50,2,0,94
2024-03-03 20:10:00,0,38,0,42,1,0,81
2024-03-03 20:20:00,0,29,0,36,3,0,68
2024-03-03 20:30:00,0,25,0,58,1,0,84
2024-03-03 20:40:00,0,20,0,55,0,0,75
2024-03-03 20:50:00,0,30,0,67,5,0,102
2024-03-03 21:00:00,0,31,0,52,0,0,83
2024-03-03 21:10:00,0,10,0,53,0,0,63
2024-03-03 21:20:00,0,16,0,43,0,0,59
2024-03-03 21:30:00,0,20,0,55,0,0,75
2024-03-03 21:40:00,0,12,0,39,0,0,51
2024-03-03 21:50:00,0,15,0,44,0,0,59
2024-03-03 22:00:00,0,22,0,36,0,0,58
2024-03-03 22:10:00,0,20,0,46,0,0,66
2024-03-03 22:20:00,0,20,0,52,0,0,72
2024-03-03 22:30:00,0,10,0,26,1,0,37
2024-03-03 22:40:00,0,21,0,32,0,0,53
2024-03-03 22:50:00,0,25,0,22,0,0,47
2024-03-03 23:00:00,0,14,0,32,0,0,46
2024-03-03 23:10:00,0,13,0,36,0,0,49
2024-03-03 23:20:00,0,5,0,26,0,0,31
2024-03-03 23:30:00,0,11,0,20,0,0,31
2024-03-03 23:40:00,0,7,0,29,0,0,36
2024-03-03 23:50:00,0,11,0,18,0,0,29
2024-03-04 00:00:00,0,3,0,10,0,0,13
2024-03-04 00:10:00,0,9,0,17,1,0,27
2024-03-04 00:20:00,0,9,0,20,0,0,29
2024-03-04 00:30:00,0,3,0,17,1,0,21
2024-03-04 00:40:00,0,4,0,15,0,0,19
2024-03-04 00:50:00,0,7,0,6,0,0,13
2024-03-04 01:00:00,0,5,0,22,0,0,27
2024-03-04 01:10:00,0,3,0,9,0,0,12
2024-03-04 01:20:00,0,4,0,5,0,0,9
2024-03-04 01:30:00,0,1,0,8,0,0,9
2024-03-04 01:40:00,0,0,0,4,0,0,4
2024-03-04 01:50:00,0,2,0,16,0,0,18
2024-03-04 02:00:00,0,2,0,2,0,0,4
2024-03-04 02:10:00,0,4,0,6,0,0,10
2024-03-04 02:20:00,0,1,0,2,0,0,3
2024-03-04 02:30:00,0,1,0,3,0,0,4
2024-03-04 02:40:00,0,2,0,10,0,0,12
2024-03-04 02:50:00,0,5,0,7,0,0,12
2024-03-04 03:00:00,0,2,0,8,0,0,10
2024-03-04 03:10:00,0,2,0,8,0,0,10
2024-03-04 03:20:00,0,1,0,4,0,0,5
2024-03-04 03:30:00,0,3,0,10,0,0,13
2024-03-04 03:40:00,0,3,0,6,0,0,9
2024-03-04 03:50:00,0,2,0,0,0,0,2
2024-03-04 04:00:00,0,2,0,3,0,0,5
2024-03-04 04:10:00,0,4,0,19,1,0,24
2024-03-04 04:20:00,0,2,0,23,0,0,25
2024-03-04 04:30:00,0,3,0,28,0,0,31
2024-03-04 04:40:00,0,0,0,41,0,0,41
2024-03-04 04:50:00,0,8,0,56,0,0,64
2024-03-04 05:00:00,0,9,0,63,0,0,72
2024-03-04 05:10:00,0,14,0,79,1,0,94
2024-03-04 05:20:00,0,11,0,57,0,0,68
2024-03-04 05:30:00,0,22,0,79,0,0,101
2024-03-04 05:40:00,0,26,0,75,3,0,104
2024-03-04 05:50:00,0,33,0,71,4,0,108
2024-03-04 06:00:00,0,35,0,85,3,0,123
2024-03-04 06:10:00,0,31,0,69,4,0,104
2024-03-04 06:20:00,0,40,0,59,10,0,109
2024-03-04 06:30:00,0,48,0,71,25,0,144
2024-03-04 06:40:00,0,55,0,78,9,0,142
2024-03-04 06:50:00,0,27,0,62,18,0,107
2024-03-04 07:00:00,0,36,0,34,15,0,85
2024-03-04 07:10:00,0,27,0,37,11,0,75
2024-03-04 07:20:00,0,39,0,27,71,0,137
2024-03-04 07:30:00,0,31,0,31,6,0,68
2024-03-04 07:40:00,0,26,0,36,13,0,75
2024-03-04 07:50:00,0,31,0,29,12,0,72
2024-03-04 08:00:00,0,34,0,36,11,0,81
2024-03-04 08:10:00,0,37,0,30,16,0,83
2024-03-04 08:20:00,0,30,0,35,14,0,79
2024-03-04 08:30:00,0,34,0,40,7,0,81
2024-03-04 08:40:00,0,33,0,31,11,0,75
2024-03-04 08:50:00,0,44,0,36,139,0,219
2024-03-04 09:00:00,0,38,0,35,10,0,83
2024-03-04 09:10:00,0,43,0,36,4,0,83
2024-03-04 09:20:00,0,35,0,32,4,0,71
2024-03-04 09:30:00,0,29,0,32,3,0,64
2024-03-04 09:40:00,0,36,0,25,6,0,67
2024-03-04 09:50:00,0,28,0,35,6,0,69
2024-03-04 10:00:00,0,33,0,46,5,0,84
2024-03-04 10:10:00,0,32,0,39,1,0,72
2024-03-04 10:20:00,0,27,0,29,3,0,59
2024-03-04 10:30:00,0,24,0,22,4,0,50
2024-03-04 10:40:00,0,40,0,24,1,0,65
2024-03-04 10:50:00,0,37,0,33,2,0,72
2024-03-04 11:00:00,0,35,0,30,5,0,70
2024-03-04 11:10:00,0,33,0,29,3,0,65
2024-03-04 11:20:00,0,25,0,28,2,0,55
2024-03-04 11:30:00,0,29,0,35,5,0,69
2024-03-04 11:40:00,0,31,0,36,6,0,73
2024-03-04 11:50:00,0,33,0,24,0,0,57
2024-03-04 12:00:00,0,38,0,33,1,0,72
2024-03-04 12:10:00,0,36,0,28,3,0,67
2024-03-04 12:20:00,0,37,0,36,2,0,75
2024-03-04 12:30:00,0,37,0,32,3,0,72
2024-03-04 12:40:00,0,25,0,27,3,0,55
2024-03-04 12:50:00,0,27,0,28,6,0,61
2024-03-04 13:00:00,0,33,0,38,4,0,75
2024-03-04 13:10:00,0,35,0,33,5,0,73
2024-03-04 13:20:00,0,34,0,33,5,0,72
2024-03-04 13:30:00,0,40,0,27,3,0,70
2024-03-04 13:40:00,0,35,0,34,4,0,73
2024-03-04 13:50:00,0,39,0,35,3,0,77
2024-03-04 14:00:00,0,25,0,33,8,0,66
2024-03-04 14:10:00,0,45,0,32,0,0,77
2024-03-04 14:20:00,0,47,0,32,4,0,83
2024-03-04 14:30:00,0,31,0,27,3,0,61
2024-03-04 14:40:00,0,36,0,33,1,0,70
2024-03-04 14:50:00,0,32,0,25,3,0,60
2024-03-04 15:00:00,0,38,0,35,5,0,78
2024-03-04 15:10:00,0,41,0,44,0,0,85
2024-03-04 15:20:00,0,43,0,39,1,0,83
2024-03-04 15:30:00,0,41,0,39,1,0,81
2024-03-04 15:40:00,0,34,0,40,4,0,78
2024-03-04 15:50:00,0,41,0,29,4,0,74
2024-03-04 16:00:00,0,35,0,39,0,0,74
2024-03-04 16:10:00,0,39,0,40,1,0,80
2024-03-04 16:20:00,0,39,0,45,3,0,87
2024-03-04 16:30:00,0,40,0,31,2,0,73
2024-03-04 16:40:00,0,44,0,44,0,0,88
2024-03-04 16:50:00,0,39,0,39,1,0,79
2024-03-04 17:00:00,0,41,0,36,0,0,77
2024-03-04 17:10:00,0,37,0,36,2,0,75
2024-03-04 17:20:00,0,38,0,43,2,0,83
2024-03-04 17:30:00,0,34,0,37,0,0,71
2024-03-04 17:40:00,0,46,0,39,1,0,86
2024-03-04 17:50:00,0,35,0,42,2,0,79
2024-03-04 18:00:00,0,45,0,38,0,0,83
2024-03-04 18:10:00,0,43,0,40,0,0,83
2024-03-04 18:20:00,0,43,0,67,1,0,111
2024-03-04 18:30:00,0,52,0,76,1,0,129
2024-03-04 18:40:00,0,51,0,70,2,0,123
2024-03-04 18:50:00,0,36,0,77,1,0,114
2024-03-04 19:00:00,0,36,0,60,1,0,97
2024-03-04 19:10:00,0,40,0,64,0,0,104
2024-03-04 19:20:00,0,43,0,61,4,0,108
2024-03-04 19:30:00,0,37,0,61,0,0,98
2024-03-04 19:40:00,0,35,0,44,2,0,81
2024-03-04 19:50:00,0,45,0,44,1,0,90
2024-03-04 20:00:00,0,43,0,58,1,0,102
2024-03-04 20:10:00,0,35,0,49,0,0,84
2024-03-04 20:20:00,0,35,0,55,2,0,92
2024-03-04 20:30:00,0,24,0,40,2,0,66
2024-03-04 20:40:00,0,28,0,52,0,0,80
2024-03-04 20:50:00,0,21,0,69,0,0,90
2024-03-04 21:00:00,0,28,0,52,0,0,80
2024-03-04 21:10:00,0,23,0,50,1,0,74
2024-03-04 21:20:00,0,19,0,47,0,0,66
2024-03-04 21:30:00,0,24,0,42,2,0,68
2024-03-04 21:40:00,0,18,0,40,2,0,60
2024-03-04 21:50:00,0,19,0,33,1,0,53
2024-03-04 22:00:00,0,18,0,34,0,0,52
2024-03-04 22:10:00,0,22,0,35,1,0,58
2024-03-04 22:20:00,0,21,0,46,0,0,67
2024-03-04 22:30:00,0,26,0,47,0,0,73
2024-03-04 22:40:00,0,20,0,35,0,0,55
2024-03-04 22:50:00,0,18,0,35,0,0,53
2024-03-04 23:00:00,0,12,0,32,1,0,45
2024-03-04 23:10:00,0,19,0,23,0,0,42
2024-03-04 23:20:00,0,11,0,16,0,0,27
2024-03-04 23:30:00,0,4,0,18,1,0,23
2024-03-04 23:40:00,0,4,0,19,0,0,23
2024-03-04 23:50:00,0,5,0,21,0,0,26
2024-03-05 00:00:00,0,13,0,24,1,0,38
2024-03-05 00:10:00,0,6,0,14,1,0,21
2024-03-05 00:20:00,0,2,0,14,0,0,16
2024-03-05 00:30:00,0,3,0,10,0,0,13
2024-03-05 00:40:00,0,5,0,1,0,0,6
2024-03-05 00:50:00,0,1,0,6,0,0,7
2024-03-05 01:00:00,0,1,0,8,0,0,9
2024-03-05 01:10:00,0,2,0,13,0,0,15
2024-03-05 01:20:00,0,9,0,9,0,0,18
2024-03-05 01:30:00,0,2,0,7,0,0,9
2024-03-05 01:40:00,0,4,0,5,0,0,9
2024-03-05 01:50:00,0,0,0,6,0,0,6
2024-03-05 02:00:00,0,3,0,7,0,0,10
2024-03-05 02:10:00,0,0,0,4,0,0,4
2024-03-05 02:20:00,0,2,0,12,0,0,14
2024-03-05 02:30:00,0,0,0,4,2,0,6
2024-03-05 02:40:00,0,3,0,7,0,0,10
2024-03-05 02:50:00,0,0,0,2,0,0,2
2024-03-05 03:00:00,0,0,0,6,0,0,6
2024-03-05 03:10:00,0,1,0,7,0,0,8
2024-03-05 03:20:00,0,3,0,3,0,0,6
2024-03-05 03:30:00,0,2,0,4,0,0,6
2024-03-05 03:40:00,0,1,0,6,0,0,7
2024-03-05 03:50:00,0,2,0,6,0,0,8
2024-03-05 04:00:00,0,3,0,3,0,0,6
2024-03-05 04:10:00,0,0,0,19,0,0,19
2024-03-05 04:20:00,0,1,0,18,0,0,19
2024-03-05 04:30:00,0,6,0,39,0,0,45
2024-03-05 04:40:00,0,1,0,46,0,0,47
2024-03-05 04:50:00,0,9,0,40,1,0,50
2024-03-05 05:00:00,0,10,0,60,1,0,71
2024-03-05 05:10:00,0,12,0,56,1,0,69
2024-03-05 05:20:00,0,16,0,71,0,0,87
2024-03-05 05:30:00,0,17,0,78,1,0,96
2024-03-05 05:40:00,0,25,0,74,4,0,103
2024-03-05 05:50:00,0,34,0,78,5,0,117
2024-03-05 06:00:00,0,23,0,84,3,0,110
2024-03-05 06:10:00,0,32,0,75,4,0,111
2024-03-05 06:20:00,0,29,0,68,6,0,103
2024-03-05 06:30:00,0,34,0,78,11,0,123
2024-03-05 06:40:00,0,47,0,75,8,0,130
2024-03-05 06:50:00,0,37,0,90,13,0,140
2024-03-05 07:00:00,0,26,0,41,16,0,83
2024-03-05 07:10:00,0,36,0,37,4,0,77
2024-03-05 07:20:00,0,26,0,41,22,0,89
2024-03-05 07:30:00,0,11,0,30,17,0,58
2024-03-05 07:40:00,0,26,0,27,12,0,65
2024-03-05 07:50:00,0,39,0,45,12,0,96
2024-03-05 08:00:00,0,31,0,37,17,0,85
2024-03-05 08:10:00,0,29,0,40,12,0,81
2024-03-05 08:20:00,0,35,0,24,16,0,75
2024-03-05 08:30:00,0,34,0,32,11,0,77
2024-03-05 08:40:00,0,33,0,36,5,0,74
2024-03-05 08:50:00,0,37,0,40,7,0,84
2024-03-05 09:00:00,0,34,0,36,11,0,81
2024-03-05 09:10:00,0,38,0,24,3,0,65
2024-03-05 09:20:00,0,33,0,40,5,0,78
2024-03-05 09:30:00,0,43,0,35,6,0,84
2024-03-05 09:40:00,0,40,0,32,4,0,76
2024-03-05 09:50:00,0,30,0,24,7,0,61
2024-03-05 10:00:00,0,34,0,26,4,0,64
2024-03-05 10:10:00,0,43,0,35,2,0,80
2024-03-05 10:20:00,0,20,0,29,8,0,57
2024-03-05 10:30:00,0,36,0,30,3,0,69
2024-03-05 10:40:00,0,34,0,26,4,0,64
2024-03-05 10:50:00,0,34,0,31,2,0,67
2024-03-05 11:00:00,0,35,0,27,2,0,64
2024-03-05 11:10:00,0,37,0,25,4,0,66
2024-03-05 11:20:00,0,36,0,67,4,0,107
2024-03-05 11:30:00,0,38,0,30,2,0,70
2024-03-05 11:40:00,0,35,0,35,3,0,73
2024-03-05 11:50:00,0,30,0,28,3,0,61
2024-03-05 12:00:00,0,31,0,37,7,0,75
2024-03-05 12:10:00,0,36,0,29,0,0,65
2024-03-05 12:20:00,0,44,0,31,2,0,77
2024-03-05 12:30:00,0,39,0,33,5,0,77
2024-03-05 12:40:00,0,34,0,28,3,0,65
2024-03-05 12:50:00,0,39,0,30,3,0,72
2024-03-05 13:00:00,0,42,0,37,5,0,84
2024-03-05 13:10:00,0,34,0,23,0,0,57
2024-03-05 13:20:00,0,38,0,24,12,0,74
2024-03-05 13:30:00,0,39,0,30,3,0,72
2024-03-05 13:40:00,0,39,0,35,4,0,78
2024-03-05 13:50:00,0,28,0,27,1,0,56
2024-03-05 14:00:00,0,36,0,27,1,0,64
2024-03-05 14:10:00,0,38,0,33,4,0,75
2024-03-05 14:20:00,0,29,0,33,2,0,64
2024-03-05 14:30:00,0,40,0,35,1,0,76
2024-03-05 14:40:00,0,36,0,30,3,0,69
2024-03-05 14:50:00,0,41,0,26,1,0,68
2024-03-05 15:00:00,0,37,0,33,2,0,72
2024-03-05 15:10:00,0,44,0,32,1,0,77
2024-03-05 15:20:00,0,40,0,31,6,0,77
2024-03-05 15:30:00,0,41,0,34,1,0,76
2024-03-05 15:40:00,0,36,0,38,1,0,75
2024-03-05 15:50:00,0,39,0,24,2,0,65
2024-03-05 16:00:00,0,49,0,32,0,0,81
2024-03-05 16:10:00,0,31,0,36,1,0,68
2024-03-05 16:20:00,0,48,0,40,2,0,90
2024-03-05 16:30:00,0,40,0,30,1,0,71
2024-03-05 16:40:00,0,34,0,37,1,0,72
2024-03-05 16:50:00,0,40,0,33,3,0,76
2024-03-05 17:00:00,0,49,0,32,1,0,82
2024-03-05 17:10:00,0,35,0,39,3,0,77
2024-03-05 17:20:00,0,45,0,34,1,0,80
2024-03-05 17:30:00,0,51,0,28,1,0,80
2024-03-05 17:40:00,0,28,0,42,2,0,72
2024-03-05 17:50:00,0,32,0,48,2,0,82
2024-03-05 18:00:00,0,40,0,36,0,0,76
2024-03-05 18:10:00,0,46,0,44,3,0,93
2024-03-05 18:20:00,0,45,0,61,0,0,106
2024-03-05 18:30:00,0,51,0,73,0,0,124
2024-03-05 18:40:00,0,51,0,76,2,0,129
2024-03-05 18:50:00,0,70,0,72,1,0,143
2024-03-05 19:00:00,0,46,0,81,3,0,130
2024-03-05 19:10:00,0,49,0,58,0,0,107
2024-03-05 19:20:00,0,30,0,77,4,0,111
2024-03-05 19:30:00,0,38,0,64,2,0,104
2024-03-05 19:40:00,0,29,0,58,0,0,87
2024-03-05 19:50:00,0,36,0,60,0,0,96
2024-03-05 20:00:00,0,30,0,52,0,0,82
2024-03-05 20:10:00,0,30,0,50,0,0,80
2024-03-05 20:20:00,0,36,0,57,0,0,93
2024-03-05 20:30:00,0,27,0,59,0,0,86
2024-03-05 20:40:00,0,47,0,60,1,0,108
2024-03-05 20:50:00,0,26,0,55,0,0,81
2024-03-05 21:00:00,0,41,0,65,0,0,106
2024-03-05 21:10:00,0,28,0,53,1,0,82
2024-03-05 21:20:00,0,40,0,52,3,0,95
2024-03-05 21:30:00,0,31,0,51,0,0,82
2024-03-05 21:40:00,0,36,0,30,0,0,66
2024-03-05 21:50:00,0,36,0,40,0,0,76
2024-03-05 22:00:00,0,38,0,41,0,0,79
2024-03-05 22:10:00,0,25,0,47,0,0,72
2024-03-05 22:20:00,0,33,0,40,0,0,73
2024-03-05 22:30:00,0,35,0,46,0,0,81
2024-03-05 22:40:00,0,27,0,25,0,0,52
2024-03-05 22:50:00,0,16,0,37,0,0,53
2024-03-05 23:00:00,0,9,0,28,1,0,38
2024-03-05 23:10:00,0,25,0,36,0,0,61
2024-03-05 23:20:00,0,16,0,20,0,0,36
2024-03-05 23:30:00,0,13,0,19,0,0,32
2024-03-05 23:40:00,0,9,0,18,0,0,27
2024-03-05 23:50:00,0,9,0,20,0,0,29
2024-03-06 00:00:00,0,15,0,16,0,0,31
2024-03-06 00:10:00,0,7,0,22,0,0,29
2024-03-06 00:20:00,0,3,0,13,0,0,16
2024-03-06 00:30:00,0,6,0,17,0,0,23
2024-03-06 00:40:00,0,3,0,11,1,0,15
2024-03-06 00:50:00,0,8,0,14,0,0,22
2024-03-06 01:00:00,0,4,0,16,0,0,20
2024-03-06 01:10:00,0,1,0,12,0,0,13
2024-03-06 01:20:00,0,0,0,6,0,0,6
2024-03-06 01:30:00,0,5,0,4,0,0,9
2024-03-06 01:40:00,0,0,0,5,0,0,5
2024-03-06 01:50:00,0,3,0,6,0,0,9
2024-03-06 02:00:00,0,1,0,5,0,0,6
2024-03-06 02:10:00,0,5,0,4,0,0,9
2024-03-06 02:20:00,0,4,0,6,0,0,10
2024-03-06 02:30:00,0,0,0,4,0,0,4
2024-03-06 02:40:00,0,2,0,22,0,0,24
2024-03-06 02:50:00,0,1,0,6,0,0,7
2024-03-06 03:00:00,0,4,0,7,0,0,11
2024-03-06 03:10:00,0,2,0,4,0,0,6
2024-03-06 03:20:00,0,0,0,4,0,0,4
2024-03-06 03:30:00,0,3,0,2,0,0,5
2024-03-06 03:40:00,0,1,0,6,0,0,7
2024-03-06 03:50:00,0,3,0,0,0,0,3
2024-03-06 04:00:00,0,4,0,5,0,0,9
2024-03-06 04:10:00,0,2,0,15,0,0,17
2024-03-06 04:20:00,0,4,0,12,0,0,16
2024-03-06 04:30:00,0,9,0,27,1,0,37
2024-03-06 04:40:00,0,2,0,34,1,0,37
2024-03-06 04:50:00,0,5,0,36,0,0,41
2024-03-06 05:00:00,0,12,0,68,0,0,80
2024-03-06 05:10:00,0,14,0,52,0,0,66
2024-03-06 05:20:00,0,26,0,54,2,0,82
2024-03-06 05:30:00,0,22,0,103,0,0,125
2024-03-06 05:40:00,0,41,0,93,2,0,136
2024-03-06 05:50:00,0,20,0,72,6,0,98
2024-03-06 06:00:00,0,21,0,68,7,0,96
2024-03-06 06:10:00,0,34,0,79,5,0,118
2024-03-06 06:20:00,0,26,0,60,5,0,91
2024-03-06 06:30:00,0,41,0,92,57,0,190
2024-03-06 06:40:00,0,45,0,49,7,0,101
2024-03-06 06:50:00,0,27,0,30,13,0,70
2024-03-06 07:00:00,0,34,0,38,11,0,83
2024-03-06 07:10:00,0,28,0,39,19,0,86
2024-03-06 07:20:00,0,23,0,40,16,0,79
2024-03-06 07:30:00,0,29,0,33,6,0,68
2024-03-06 07:40:00,0,33,0,34,15,0,82
2024-03-06 07:50:00,0,39,0,46,15,0,100
2024-03-06 08:00:00,0,32,0,38,13,0,83
2024-03-06 08:10:00,0,29,0,30,14,0,73
2024-03-06 08:20:00,0,26,0,45,20,0,91
2024-03-06 08:30:00,0,30,0,40,9,0,79
2024-03-06 08:40:00,0,33,0,46,7,0,86
2024-03-06 08:50:00,0,32,0,34,7,0,73
2024-03-06 09:00:00,0,39,0,28,5,0,72
2024-03-06 09:10:00,0,36,0,31,5,0,72
2024-03-06 09:20:00,0,31,0,33,2,0,66
2024-03-06 09:30:00,0,29,0,27,6,0,62
2024-03-06 09:40:00,0,43,0,24,6,0,73
2024-03-06 09:50:00,0,39,0,28,4,0,71
2024-03-06 10:00:00,0,30,0,26,8,0,64
2024-03-06 10:10:00,0,37,0,26,7,0,70
2024-03-06 10:20:00,0,30,0,30,4,0,64
2024-03-06 10:30:00,0,38,0,26,3,0,67
2024-03-06 10:40:00,0,36,0,28,1,0,65
2024-03-06 10:50:00,0,40,0,23,7,0,70
2024-03-06 11:00:00,0,40,0,24,1,0,65
2024-03-06 11:10:00,0,37,0,24,3,0,64
2024-03-06 11:20:00,0,27,0,40,2,0,69
2024-03-06 11:30:00,0,38,0,35,5,0,78
2024-03-06 11:40:00,0,30,0,25,2,0,57
2024-03-06 11:50:00,0,34,0,36,4,0,74
2024-03-06 12:00:00,0,41,0,27,2,0,70
2024-03-06 12:10:00,0,37,0,30,6,0,73
2024-03-06 12:20:00,0,35,0,32,5,0,72
2024-03-06 12:30:00,0,47,0,34,5,0,86
2024-03-06 12:40:00,0,31,0,27,4,0,62
2024-03-06 12:50:00,0,32,0,22,4,0,58
2024-03-06 13:00:00,0,28,0,33,4,0,65
2024-03-06 13:10:00,0,33,0,28,7,0,68
2024-03-06 13:20:00,0,27,0,28,3,0,58
2024-03-06 13:30:00,0,34,0,26,8,0,68
2024-03-06 13:40:00,0,40,0,33,4,0,77
2024-03-06 13:50:00,0,34,0,28,5,0,67
2024-03-06 14:00:00,0,31,0,34,4,0,69
2024-03-06 14:10:00,0,41,0,28,1,0,70
2024-03-06 14:20:00,0,30,0,36,5,0,71
2024-03-06 14:30:00,0,36,0,29,6,0,71
2024-03-06 14:40:00,0,44,0,33,4,0,81
2024-03-06 14:50:00,0,30,0,19,2,0,51
2024-03-06 15:00:00,0,40,0,30,1,0,71
2024-03-06 15:10:00,0,54,0,30,0,0,84
2024-03-06 15:20:00,0,30,0,38,1,0,69
2024-03-06 15:30:00,0,41,0,34,5,0,80
2024-03-06 15:40:00,0,33,0,42,4,0,79
2024-03-06 15:50:00,0,29,0,32,5,0,66
2024-03-06 16:00:00,0,38,0,27,2,0,67
2024-03-06 16:10:00,0,49,0,39,1,0,89
2024-03-06 16:20:00,0,42,0,44,1,0,87
2024-03-06 16:30:00,0,51,0,24,1,0,76
2024-03-06 16:40:00,0,47,0,41,0,0,88
2024-03-06 16:50:00,0,39,0,31,2,0,72
2024-03-06 17:00:00,0,49,0,32,1,0,82
2024-03-06 17:10:00,0,45,0,41,3,0,89
2024-03-06 17:20:00,0,39,0,32,1,0,72
2024-03-06 17:30:00,0,44,0,35,3,0,82
2024-03-06 17:40:00,0,35,0,25,0,0,60
2024-03-06 17:50:00,0,38,0,40,3,0,81
2024-03-06 18:00:00,0,48,0,35,0,0,83
2024-03-06 18:10:00,0,39,0,43,0,0,82
2024-03-06 18:20:00,0,44,0,47,0,0,91
2024-03-06 18:30:00,0,59,0,60,0,0,119
2024-03-06 18:40:00,0,40,0,60,1,0,101
2024-03-06 18:50:00,0,55,0,67,2,0,124
2024-03-06 19:00:00,0,44,0,76,0,0,120
2024-03-06 19:10:00,0,36,0,57,0,0,93
2024-03-06 19:20:00,0,36,0,74,2,0,112
2024-03-06 19:30:00,0,41,0,69,4,0,114
2024-03-06 19:40:00,0,37,0,62,4,0,103
2024-03-06 19:50:00,0,37,0,59,3,0,99
2024-03-06 20:00:00,0,33,0,57,1,0,91
2024-03-06 20:10:00,0,23,0,42,1,0,66
2024-03-06 20:20:00,0,36,0,53,0,0,89
2024-03-06 20:30:00,0,25,0,59,2,0,86
2024-03-06 20:40:00,0,35,0,57,1,0,93
2024-03-06 20:50:00,0,26,0,50,1,0,77
2024-03-06 21:00:00,0,23,0,54,1,0,78
2024-03-06 21:10:00,0,27,0,48,0,0,75
2024-03-06 21:20:00,0,30,0,47,0,0,77
2024-03-06 21:30:00,0,20,0,35,0,0,55
2024-03-06 21:40:00,0,24,0,53,1,0,78
2024-03-06 21:50:00,0,26,0,53,2,0,81
2024-03-06 22:00:00,0,21,0,39,1,0,61
2024-03-06 22:10:00,0,18,0,57,0,0,75
2024-03-06 22:20:00,0,24,0,29,0,0,53
2024-03-06 22:30:00,0,19,0,56,0,0,75
2024-03-06 22:40:00,0,16,0,22,1,0,39
2024-03-06 22:50:00,0,12,0,41,0,0,53
2024-03-06 23:00:00,0,9,0,40,0,0,49
2024-03-06 23:10:00,0,17,0,39,0,0,56
2024-03-06 23:20:00,0,9,0,33,3,0,45
2024-03-06 23:30:00,0,10,0,28,1,0,39
2024-03-06 23:40:00,0,7,0,20,0,0,27
2024-03-06 23:50:00,0,6,0,17,1,0,24
2024-03-07 00:00:00,0,2,0,20,1,0,23
2024-03-07 00:10:00,0,9,0,8,0,0,17
2024-03-07 00:20:00,0,2,0,20,0,0,22
2024-03-07 00:30:00,0,8,0,19,0,0,27
2024-03-07 00:40:00,0,5,0,10,0,0,15
2024-03-07 00:50:00,0,5,0,6,0,0,11
2024-03-07 01:00:00,0,3,0,12,0,0,15
2024-03-07 01:10:00,0,2,0,7,0,0,9
2024-03-07 01:20:00,0,1,0,11,0,0,12
2024-03-07 01:30:00,0,7,0,7,0,0,14
2024-03-07 01:40:00,0,7,0,9,0,0,16
2024-03-07 01:50:00,0,8,0,17,0,0,25
2024-03-07 02:00:00,0,3,0,12,0,0,15
2024-03-07 02:10:00,0,1,0,3,0,0,4
2024-03-07 02:20:00,0,3,0,0,0,0,3
2024-03-07 02:30:00,0,3,0,8,0,0,11
2024-03-07 02:40:00,0,5,0,10,0,0,15
2024-03-07 02:50:00,0,0,0,0,0,0,0
2024-03-07 03:00:00,0,2,0,8,0,0,10
2024-03-07 03:10:00,0,0,0,2,0,0,2
2024-03-07 03:20:00,0,0,0,7,0,0,7
2024-03-07 03:30:00,0,3,0,0,0,0,3
2024-03-07 03:40:00,0,1,0,3,0,0,4
2024-03-07 03:50:00,0,0,0,3,0,0,3
2024-03-07 04:00:00,0,2,0,5,2,0,9
2024-03-07 04:10:00,0,0,0,12,1,0,13
2024-03-07 04:20:00,0,1,0,20,0,0,21
2024-03-07 04:30:00,0,6,0,34,0,0,40
2024-03-07 04:40:00,0,11,0,22,0,0,33
2024-03-07 04:50:00,0,3,0,55,0,0,58
2024-03-07 05:00:00,0,13,0,56,1,0,70
2024-03-07 05:10:00,0,10,0,50,0,0,60
2024-03-07 05:20:00,0,22,0,71,0,0,93
2024-03-07 05:30:00,0,28,0,51,2,0,81
2024-03-07 05:40:00,0,18,0,93,1,0,112
2024-03-07 05:50:00,0,34,0,53,5,0,92
2024-03-07 06:00:00,0,27,0,67,3,0,97
2024-03-07 06:10:00,0,31,0,53,7,0,91
2024-03-07 06:20:00,0,24,0,82,6,0,112
2024-03-07 06:30:00,0,34,0,70,14,0,118
2024-03-07 06:40:00,0,31,0,56,10,0,97
2024-03-07 06:50:00,0,26,0,39,16,0,81
2024-03-07 07:00:00,0,39,0,32,13,0,84
2024-03-07 07:10:00,0,40,0,32,8,0,80
2024-03-07 07:20:00,0,36,0,33,14,0,83
2024-03-07 07:30:00,0,27,0,28,6,0,61
2024-03-07 07:40:00,0,25,0,21,13,0,59
2024-03-07 07:50:00,0,23,0,40,17,0,80
2024-03-07 08:00:00,0,28,0,32,14,0,74
2024-03-07 08:10:00,0,37,0,37,11,0,85
2024-03-07 08:20:00,0,29,0,35,16,0,80
2024-03-07 08:30:00,0,38,0,36,10,0,84
2024-03-07 08:40:00,0,51,0,27,6,0,84
2024-03-07 08:50:00,0,43,0,32,10,0,85
2024-03-07 09:00:00,0,33,0,25,7,0,65
2024-03-07 09:10:00,0,37,0,31,11,0,79
2024-03-07 09:20:00,0,43,0,34,7,0,84
2024-03-07 09:30:00,0,30,0,44,2,0,76
2024-03-07 09:40:00,0,39,0,28,7,0,74
2024-03-07 09:50:00,0,32,0,26,2,0,60
2024-03-07 10:00:00,0,31,0,41,3,0,75
2024-03-07 10:10:00,0,29,0,30,2,0,61
2024-03-07 10:20:00,0,37,0,18,5,0,60
2024-03-07 10:30:00,0,35,0,33,4,0,72
2024-03-07 10:40:00,0,33,0,37,2,0,72
2024-03-07 10:50:00,0,33,0,24,4,0,61
2024-03-07 11:00:00,0,35,0,28,5,0,68
2024-03-07 11:10:00,0,33,0,28,5,0,66
2024-03-07 11:20:00,0,34,0,26,3,0,63
2024-03-07 11:30:00,0,47,0,30,3,0,80
2024-03-07 11:40:00,0,43,0,38,6,0,87
2024-03-07 11:50:00,0,28,0,29,4,0,61
2024-03-07 12:00:00,0,41,0,34,10,0,85
2024-03-07 12:10:00,0,36,0,24,1,0,61
2024-03-07 12:20:00,0,36,0,32,5,0,73
2024-03-07 12:30:00,0,38,0,29,4,0,71
2024-03-07 12:40:00,0,35,0,27,4,0,66
2024-03-07 12:50:00,0,34,0,32,4,0,70
2024-03-07 13:00:00,0,27,0,28,2,0,57
2024-03-07 13:10:00,0,41,0,33,2,0,76
2024-03-07 13:20:00,0,32,0,29,1,0,62
2024-03-07 13:30:00,0,39,0,45,1,0,85
2024-03-07 13:40:00,0,30,0,34,4,0,68
2024-03-07 13:50:00,0,37,0,21,2,0,60
2024-03-07 14:00:00,0,31,0,28,2,0,61
2024-03-07 14:10:00,0,41,0,25,2,0,68
2024-03-07 14:20:00,0,41,0,28,4,0,73
2024-03-07 14:30:00,0,41,0,35,2,0,78
2024-03-07 14:40:00,0,34,0,30,2,0,66
2024-03-07 14:50:00,0,41,0,32,0,0,73
2024-03-07 15:00:00,0,48,0,26,7,0,81
2024-03-07 15:10:00,0,45,0,37,2,0,84
2024-03-07 15:20:00,0,34,0,30,2,0,66
2024-03-07 15:30:00,0,43,0,29,2,0,74
2024-03-07 15:40:00,0,36,0,38,2,0,76
2024-03-07 15:50:00,0,50,0,36,2,0,88
2024-03-07 16:00:00,0,40,0,30,1,0,71
2024-03-07 16:10:00,0,31,0,33,2,0,66
2024-03-07 16:20:00,0,40,0,32,1,0,73
2024-03-07 16:30:00,0,49,0,31,1,0,81
2024-03-07 16:40:00,0,45,0,33,2,0,80
2024-03-07 16:50:00,0,40,0,36,3,0,79
2024-03-07 17:00:00,0,38,0,29,2,0,69
2024-03-07 17:10:00,0,45,0,43,4,0,92
2024-03-07 17:20:00,0,34,0,37,1,0,72
2024-03-07 17:30:00,0,44,0,29,4,0,77
2024-03-07 17:40:00,0,49,0,36,2,0,87
2024-03-07 17:50:00,0,40,0,34,5,0,79
2024-03-07 18:00:00,0,40,0,40,1,0,81
2024-03-07 18:10:00,0,39,0,39,1,0,79
2024-03-07 18:20:00,0,39,0,42,1,0,82
2024-03-07 18:30:00,0,68,0,55,0,0,123
2024-03-07 18:40:00,0,52,0,61,1,0,114
2024-03-07 18:50:00,0,45,0,61,4,0,110
2024-03-07 19:00:00,0,39,0,56,2,0,97
2024-03-07 19:10:00,0,41,0,50,2,0,93
2024-03-07 19:20:00,0,43,0,54,3,0,100
2024-03-07 19:30:00,0,42,0,60,2,0,104
2024-03-07 19:40:00,0,35,0,44,17,0,96
2024-03-07 19:50:00,0,43,0,62,5,0,110
2024-03-07 20:00:00,0,43,0,53,0,0,96
2024-03-07 20:10:00,0,43,0,64,1,0,108
2024-03-07 20:20:00,0,37,0,64,1,0,102
2024-03-07 20:30:00,0,26,0,55,4,0,85
2024-03-07 20:40:00,0,24,0,70,2,0,96
2024-03-07 20:50:00,0,26,0,32,0,0,58
2024-03-07 21:00:00,0,38,0,49,0,0,87
2024-03-07 21:10:00,0,31,0,50,1,0,82
2024-03-07 21:20:00,0,18,0,44,0,0,62
2024-03-07 21:30:00,0,27,0,50,0,0,77
2024-03-07 21:40:00,0,27,0,47,0,0,74
2024-03-07 21:50:00,0,21,0,48,0,0,69
2024-03-07 22:00:00,0,23,0,50,1,0,74
2024-03-07 22:10:00,0,18,0,50,1,0,69
2024-03-07 22:20:00,0,24,0,40,0,0,64
2024-03-07 22:30:00,0,20,0,43,1,0,64
2024-03-07 22:40:00,0,22,0,43,0,0,65
2024-03-07 22:50:00,0,18,0,43,0,0,61
2024-03-07 23:00:00,0,9,0,29,1,0,39
2024-03-07 23:10:00,0,14,0,23,0,0,37
2024-03-07 23:20:00,0,19,0,41,0,0,60
2024-03-07 23:30:00,0,11,0,37,0,0,48
2024-03-07 23:40:00,0,9,0,33,0,0,42
2024-03-07 23:50:00,0,6,0,23,0,0,29
2024-03-08 00:00:00,0,7,0,24,1,0,32
2024-03-08 00:10:00,0,5,0,14,1,0,20
2024-03-08 00:20:00,0,11,0,26,0,0,37
2024-03-08 00:30:00,0,6,0,16,1,0,23
2024-03-08 00:40:00,0,2,0,22,0,0,24
2024-03-08 00:50:00,0,7,0,10,0,0,17
2024-03-08 01:00:00,0,6,0,11,0,0,17
2024-03-08 01:10:00,0,4,0,11,0,0,15
2024-03-08 01:20:00,0,0,0,10,0,0,10
2024-03-08 01:30:00,0,2,0,7,0,0,9
2024-03-08 01:40:00,0,3,0,11,0,0,14
2024-03-08 01:50:00,0,3,0,8,0,0,11
2024-03-08 02:00:00,0,5,0,7,0,0,12
2024-03-08 02:10:00,0,2,0,8,0,0,10
2024-03-08 02:20:00,0,2,0,4,0,0,6
2024-03-08 02:30:00,0,5,0,4,0,0,9
2024-03-08 02:40:00,0,4,0,4,0,0,8
2024-03-08 02:50:00,0,3,0,2,0,0,5
2024-03-08 03:00:00,0,5,0,7,0,0,12
2024-03-08 03:10:00,0,1,0,3,0,0,4
2024-03-08 03:20:00,0,3,0,4,0,0,7
2024-03-08 03:30:00,0,1,0,4,0,0,5
2024-03-08 03:40:00,0,1,0,6,0,0,7
2024-03-08 03:50:00,0,1,0,4,0,0,5
2024-03-08 04:00:00,0,4,0,5,1,0,10
2024-03-08 04:10:00,0,3,0,13,0,0,16
2024-03-08 04:20:00,0,7,0,14,0,0,21
2024-03-08 04:30:00,0,4,0,32,1,0,37
2024-03-08 04:40:00,0,5,0,36,0,0,41
2024-03-08 04:50:00,0,2,0,27,1,0,30
2024-03-08 05:00:00,0,15,0,55,0,0,70
2024-03-08 05:10:00,0,11,0,53,0,0,64
2024-03-08 05:20:00,0,17,0,67,0,0,84
2024-03-08 05:30:00,0,19,0,75,1,0,95
2024-03-08 05:40:00,0,21,0,79,2,0,102
2024-03-08 05:50:00,0,18,0,100,1,0,119
2024-03-08 06:00:00,0,31,0,72,2,0,105
2024-03-08 06:10:00,0,16,0,64,8,0,88
2024-03-08 06:20:00,0,23,0,88,3,0,114
2024-03-08 06:30:00,0,45,0,70,15,0,130
2024-03-08 06:40:00,0,38,0,42,18,0,98
2024-03-08 06:50:00,0,38,0,38,9,0,85
2024-03-08 07:00:00,0,30,0,28,8,0,66
2024-03-08 07:10:00,0,41,0,23,4,0,68
2024-03-08 07:20:00,0,41,0,36,9,0,86
2024-03-08 07:30:00,0,30,0,38,2,0,70
2024-03-08 07:40:00,0,42,0,33,6,0,81
2024-03-08 07:50:00,0,38,0,34,4,0,76
2024-03-08 08:00:00,0,43,0,32,7,0,82
2024-03-08 08:10:00,0,33,0,25,5,0,63
2024-03-08 08:20:00,0,25,0,39,10,0,74
2024-03-08 08:30:00,0,37,0,38,5,0,80
2024-03-08 08:40:00,0,29,0,31,12,0,72
2024-03-08 08:50:00,0,31,0,37,3,0,71
2024-03-08 09:00:00,0,35,0,28,3,0,66
2024-03-08 09:10:00,0,32,0,39,3,0,74
2024-03-08 09:20:00,0,37,0,39,4,0,80
2024-03-08 09:30:00,0,20,0,37,10,0,67
2024-03-08 09:40:00,0,34,0,33,4,0,71
2024-03-08 09:50:00,0,41,0,35,4,0,80
2024-03-08 10:00:00,0,39,0,35,4,0,78
2024-03-08 10:10:00,0,29,0,38,3,0,70
2024-03-08 10:20:00,0,43,0,27,2,0,72
2024-03-08 10:30:00,0,32,0,26,3,0,61
2024-03-08 10:40:00,0,33,0,34,2,0,69
2024-03-08 10:50:00,0,33,0,27,1,0,61
2024-03-08 11:00:00,0,38,0,25,4,0,67
2024-03-08 11:10:00,0,37,0,27,5,0,69
2024-03-08 11:20:00,0,32,0,30,2,0,64
2024-03-08 11:30:00,0,36,0,23,3,0,62
2024-03-08 11:40:00,0,39,0,24,3,0,66
2024-03-08 11:50:00,0,36,0,22,10,0,68
2024-03-08 12:00:00,0,38,0,28,2,0,68
2024-03-08 12:10:00,0,44,0,24,7,0,75
2024-03-08 12:20:00,0,39,0,30,6,0,75
2024-03-08 12:30:00,0,50,0,38,5,0,93
2024-03-08 12:40:00,0,36,0,31,5,0,72
2024-03-08 12:50:00,0,40,0,33,7,0,80
2024-03-08 13:00:00,0,60,0,34,1,0,95
2024-03-08 13:10:00,0,39,0,29,4,0,72
2024-03-08 13:20:00,0,43,0,40,2,0,85
2024-03-08 13:30:00,0,41,0,34,2,0,77
2024-03-08 13:40:00,0,30,0,45,3,0,78
2024-03-08 13:50:00,0,38,0,31,4,0,73
2024-03-08 14:00:00,0,33,0,35,5,0,73
2024-03-08 14:10:00,0,41,0,38,1,0,80
2024-03-08 14:20:00,0,39,0,32,0,0,71
2024-03-08 14:30:00,0,53,0,37,1,0,91
2024-03-08 14:40:00,0,50,0,45,4,0,99
2024-03-08 14:50:00,0,49,0,39,6,0,94
2024-03-08 15:00:00,0,41,0,37,1,0,79
2024-03-08 15:10:00,0,41,0,40,1,0,82
2024-03-08 15:20:00,0,46,0,35,3,0,84
2024-03-08 15:30:00,0,48,0,32,1,0,81
2024-03-08 15:40:00,0,47,0,36,1,0,84
2024-03-08 15:50:00,0,40,0,31,6,0,77
2024-03-08 16:00:00,0,43,0,63,2,0,108
2024-03-08 16:10:00,0,40,0,40,2,0,82
2024-03-08 16:20:00,0,42,0,31,1,0,74
2024-03-08 16:30:00,0,47,0,45,1,0,93
2024-03-08 16:40:00,0,38,0,38,1,0,77
2024-03-08 16:50:00,0,44,0,41,1,0,86
2024-03-08 17:00:00,0,39,0,32,6,0,77
2024-03-08 17:10:00,0,46,0,36,1,0,83
2024-03-08 17:20:00,0,41,0,47,2,0,90
2024-03-08 17:30:00,0,38,0,35,3,0,76
2024-03-08 17:40:00,0,33,0,34,1,0,68
2024-03-08 17:50:00,0,35,0,37,3,0,75
2024-03-08 18:00:00,0,34,0,35,0,0,69
2024-03-08 18:10:00,0,40,0,42,0,0,82
2024-03-08 18:20:00,0,43,0,41,4,0,88
2024-03-08 18:30:00,0,47,0,45,1,0,93
2024-03-08 18:40:00,0,58,0,70,2,0,130
2024-03-08 18:50:00,0,41,0,76,4,0,121
2024-03-08 19:00:00,0,58,0,72,1,0,131
2024-03-08 19:10:00,0,43,0,41,1,0,85
2024-03-08 19:20:00,0,50,0,56,0,0,106
2024-03-08 19:30:00,0,37,0,64,2,0,103
2024-03-08 19:40:00,0,45,0,69,0,0,114
2024-03-08 19:50:00,0,44,0,44,0,0,88
2024-03-08 20:00:00,0,45,0,66,0,0,111
2024-03-08 20:10:00,0,31,0,45,4,0,80
2024-03-08 20:20:00,0,29,0,51,2,0,82
2024-03-08 20:30:00,0,38,0,42,3,0,83
2024-03-08 20:40:00,0,26,0,56,0,0,82
2024-03-08 20:50:00,0,23,0,65,2,0,90
2024-03-08 21:00:00,0,26,0,54,0,0,80
2024-03-08 21:10:00,0,28,0,55,0,0,83
2024-03-08 21:20:00,0,30,0,45,0,0,75
2024-03-08 21:30:00,0,23,0,48,1,0,72
2024-03-08 21:40:00,0,23,0,43,1,0,67
2024-03-08 21:50:00,0,24,0,53,2,0,79
2024-03-08 22:00:00,0,25,0,57,0,0,82
2024-03-08 22:10:00,0,18,0,45,0,0,63
2024-03-08 22:20:00,0,28,0,66,0,0,94
2024-03-08 22:30:00,0,21,0,79,0,0,100
2024-03-08 22:40:00,0,23,0,48,2,0,73
2024-03-08 22:50:00,0,12,0,55,0,0,67
2024-03-08 23:00:00,0,26,0,38,0,0,64
2024-03-08 23:10:00,0,23,0,36,0,0,59
2024-03-08 23:20:00,0,25,0,51,2,0,78
2024-03-08 23:30:00,0,16,0,44,0,0,60
2024-03-08 23:40:00,0,23,0,46,1,0,70
2024-03-08 23:50:00,0,7,0,28,1,0,36
2024-03-09 00:00:00,0,13,0,42,0,0,55
2024-03-09 00:10:00,0,14,0,45,0,0,59
2024-03-09 00:20:00,0,12,0,36,4,0,52
2024-03-09 00:30:00,0,14,0,37,0,0,51
2024-03-09 00:40:00,0,16,0,29,0,0,45
2024-03-09 00:50:00,0,9,0,44,0,0,53
2024-03-09 01:00:00,0,4,0,14,0,0,18
2024-03-09 01:10:00,0,13,0,21,0,0,34
2024-03-09 01:20:00,0,19,0,29,0,0,48
2024-03-09 01:30:00,0,6,0,15,1,0,22
2024-03-09 01:40:00,0,3,0,17,0,0,20
2024-03-09 01:50:00,0,5,0,15,0,0,20
2024-03-09 02:00:00,0,7,0,22,0,0,29
2024-03-09 02:10:00,0,7,0,18,0,0,25
2024-03-09 02:20:00,0,10,0,10,0,0,20
2024-03-09 02:30:00,0,4,0,8,0,0,12
2024-03-09 02:40:00,0,9,0,13,1,0,23
2024-03-09 02:50:00,0,1,0,8,0,0,9
2024-03-09 03:00:00,0,1,0,11,0,0,12
2024-03-09 03:10:00,0,5,0,13,0,0,18
2024-03-09 03:20:00,0,3,0,9,0,0,12
2024-03-09 03:30:00,0,6,0,8,1,0,15
2024-03-09 03:40:00,0,1,0,8,0,0,9
2024-03-09 03:50:00,0,10,0,13,0,0,23
2024-03-09 04:00:00,0,2,0,7,0,0,9
2024-03-09 04:10:00,0,2,0,9,0,0,11
2024-03-09 04:20:00,0,2,0,7,0,0,9
2024-03-09 04:30:00,0,3,0,17,0,0,20
2024-03-09 04:40:00,0,2,0,19,0,0,21
2024-03-09 04:50:00,0,2,0,24,0,0,26
2024-03-09 05:00:00,0,7,0,26,1,0,34
2024-03-09 05:10:00,0,7,0,36,2,0,45
2024-03-09 05:20:00,0,10,0,17,0,0,27
2024-03-09 05:30:00,0,8,0,30,0,0,38
2024-03-09 05:40:00,0,18,0,33,0,0,51
2024-03-09 05:50:00,0,7,0,20,0,0,27
2024-03-09 06:00:00,0,6,0,26,0,0,32
2024-03-09 06:10:00,0,12,0,28,0,0,40
2024-03-09 06:20:00,0,19,0,20,0,0,39
2024-03-09 06:30:00,0,13,0,26,0,0,39
2024-03-09 06:40:00,0,10,0,22,0,0,32
2024-03-09 06:50:00,0,12,0,14,1,0,27
2024-03-09 07:00:00,0,5,0,11,0,0,16
2024-03-09 07:10:00,0,4,0,14,0,0,18
2024-03-09 07:20:00,0,6,0,8,0,0,14
2024-03-09 07:30:00,0,13,0,18,1,0,32
2024-03-09 07:40:00,0,19,0,15,0,0,34
2024-03-09 07:50:00,0,18,0,19,0,0,37
2024-03-09 08:00:00,0,14,0,12,0,0,26
2024-03-09 08:10:00,0,17,0,25,0,0,42
2024-03-09 08:20:00,0,19,0,21,4,0,44
2024-03-09 08:30:00,0,24,0,32,0,0,56
2024-03-09 08:40:00,0,23,0,14,1,0,38
2024-03-09 08:50:00,0,17,0,23,0,0,40
2024-03-09 09:00:00,0,26,0,26,2,0,54
2024-03-09 09:10:00,0,28,0,27,1,0,56
2024-03-09 09:20:00,0,24,0,31,0,0,55
2024-03-09 09:30:00,0,36,0,22,2,0,60
2024-03-09 09:40:00,0,34,0,32,0,0,66
2024-03-09 09:50:00,0,35,0,30,6,0,71
2024-03-09 10:00:00,0,36,0,34,1,0,71
2024-03-09 10:10:00,0,46,0,25,0,0,71
2024-03-09 10:20:00,0,31,0,28,1,0,60
2024-03-09 10:30:00,0,35,0,38,0,0,73
2024-03-09 10:40:00,0,43,0,35,1,0,79
2024-03-09 10:50:00,0,27,0,30,2,0,59
2024-03-09 11:00:00,0,36,0,36,0,0,72
2024-03-09 11:10:00,0,44,0,36,4,0,84
2024-03-09 11:20:00,0,28,0,36,1,0,65
2024-03-09 11:30:00,0,45,0,39,1,0,85
2024-03-09 11:40:00,0,40,0,43,1,0,84
2024-03-09 11:50:00,0,34,0,45,3,0,82
2024-03-09 12:00:00,0,30,0,28,3,0,61
2024-03-09 12:10:00,0,37,0,26,1,0,64
2024-03-09 12:20:00,0,44,0,33,0,0,77
2024-03-09 12:30:00,0,35,0,32,1,0,68
2024-03-09 12:40:00,0,33,0,27,1,0,61
2024-03-09 12:50:00,0,49,0,31,1,0,81
2024-03-09 13:00:00,0,43,0,31,2,0,76
2024-03-09 13:10:00,0,37,0,41,0,0,78
2024-03-09 13:20:00,0,42,0,39,1,0,82
2024-03-09 13:30:00,0,44,0,35,1,0,80
2024-03-09 13:40:00,0,48,0,26,0,0,74
2024-03-09 13:50:00,0,44,0,37,2,0,83
2024-03-09 14:00:00,0,36,0,31,1,0,68
2024-03-09 14:10:00,0,43,0,30,0,0,73
2024-03-09 14:20:00,0,36,0,34,0,0,70
2024-03-09 14:30:00,0,38,0,33,0,0,71
2024-03-09 14:40:00,0,47,0,29,0,0,76
2024-03-09 14:50:00,0,36,0,28,1,0,65
2024-03-09 15:00:00,0,34,0,47,2,0,83
2024-03-09 15:10:00,0,29,0,37,1,0,67
2024-03-09 15:20:00,0,39,0,35,0,0,74
2024-03-09 15:30:00,0,36,0,32,0,0,68
2024-03-09 15:40:00,0,35,0,39,2,0,76
2024-03-09 15:50:00,0,40,0,27,1,0,68
2024-03-09 16:00:00,0,34,0,38,0,0,72
2024-03-09 16:10:00,0,40,0,33,3,0,76
2024-03-09 16:20:00,0,34,0,31,2,0,67
2024-03-09 16:30:00,0,34,0,31,1,0,66
2024-03-09 16:40:00,0,40,0,32,1,0,73
2024-03-09 16:50:00,0,41,0,31,0,0,72
2024-03-09 17:00:00,0,41,0,29,0,0,70
2024-03-09 17:10:00,0,35,0,39,1,0,75
2024-03-09 17:20:00,0,35,0,38,1,0,74
2024-03-09 17:30:00,0,38,0,40,1,0,79
2024-03-09 17:40:00,0,29,0,33,1,0,63
2024-03-09 17:50:00,0,45,0,25,0,0,70
2024-03-09 18:00:00,0,43,0,40,0,0,83
2024-03-09 18:10:00,0,40,0,40,0,0,80
2024-03-09 18:20:00,0,38,0,39,0,0,77
2024-03-09 18:30:00,0,41,0,43,3,0,87
2024-03-09 18:40:00,0,51,0,51,1,0,103
2024-03-09 18:50:00,0,54,0,48,3,0,105
2024-03-09 19:00:00,0,49,0,75,0,0,124
2024-03-09 19:10:00,0,52,0,63,0,0,115
2024-03-09 19:20:00,0,39,0,55,4,0,98
2024-03-09 19:30:00,0,35,0,54,0,0,89
2024-03-09 19:40:00,0,45,0,47,1,0,93
2024-03-09 19:50:00,0,53,0,81,0,0,134
2024-03-09 20:00:00,0,40,0,62,1,0,103
2024-03-09 20:10:00,0,33,0,68,0,0,101
2024-03-09 20:20:00,0,39,0,61,2,0,102
2024-03-09 20:30:00,0,45,0,62,2,0,109
2024-03-09 20:40:00,0,30,0,52,2,0,84
2024-03-09 20:50:00,0,28,0,56,0,0,84
2024-03-09 21:00:00,0,24,0,65,1,0,90
2024-03-09 21:10:00,0,24,0,50,1,0,75
2024-03-09 21:20:00,0,21,0,49,1,0,71
2024-03-09 21:30:00,0,32,0,46,0,0,78
2024-03-09 21:40:00,0,31,0,41,0,0,72
2024-03-09 21:50:00,0,16,0,43,1,0,60
2024-03-09 22:00:00,0,30,0,53,0,0,83
2024-03-09 22:10:00,0,34,0,59,0,0,93
2024-03-09 22:20:00,0,23,0,38,1,0,62
2024-03-09 22:30:00,0,32,0,51,0,0,83
2024-03-09 22:40:00,0,28,0,63,2,0,93
2024-03-09 22:50:00,0,18,0,43,0,0,61
2024-03-09 23:00:00,0,20,0,58,1,0,79
2024-03-09 23:10:00,0,21,0,50,1,0,72
2024-03-09 23:20:00,0,20,0,58,1,0,79
2024-03-09 23:30:00,0,15,0,36,0,0,51
2024-03-09 23:40:00,0,22,0,36,0,0,58
2024-03-09 23:50:00,0,15,0,27,0,0,42
2024-03-10 00:00:00,0,18,0,36,0,0,54
2024-03-10 00:10:00,0,18,0,45,0,0,63
2024-03-10 00:20:00,0,15,0,34,1,0,50
2024-03-10 00:30:00,0,12,0,28,0,0,40
2024-03-10 00:40:00,0,12,0,34,0,0,46
2024-03-10 00:50:00,0,10,0,31,0,0,41
2024-03-10 01:00:00,0,12,0,39,0,0,51
2024-03-10 01:10:00,0,12,0,16,0,0,28
2024-03-10 01:20:00,0,8,0,31,1,0,40
2024-03-10 01:30:00,0,10,0,10,0,0,20
2024-03-10 01:40:00,0,3,0,23,0,0,26
2024-03-10 01:50:00,0,6,0,19,1,0,26
2024-03-10 02:00:00,0,11,0,10,0,0,21
2024-03-10 02:10:00,0,6,0,22,0,0,28
2024-03-10 02:20:00,0,7,0,14,0,0,21
2024-03-10 02:30:00,0,4,0,12,0,0,16
2024-03-10 02:40:00,0,12,0,21,3,0,36
2024-03-10 02:50:00,0,9,0,17,1,0,27
2024-03-10 03:00:00,0,5,0,6,0,0,11
2024-03-10 03:10:00,0,6,0,3,0,0,9
2024-03-10 03:20:00,0,8,0,5,0,0,13
2024-03-10 03:30:00,0,7,0,19,0,0,26
2024-03-10 03:40:00,0,9,0,11,0,0,20
2024-03-10 03:50:00,0,2,0,13,1,0,16
2024-03-10 04:00:00,0,3,0,9,0,0,12
2024-03-10 04:10:00,0,4,0,13,0,0,17
2024-03-10 04:20:00,0,3,0,7,1,0,11
2024-03-10 04:30:00,0,0,0,16,0,0,16
2024-03-10 04:40:00,0,4,0,26,0,0,30
2024-03-10 04:50:00,0,1,0,26,0,0,27
2024-03-10 05:00:00,0,7,0,31,0,0,38
2024-03-10 05:10:00,0,4,0,32,0,0,36
2024-03-10 05:20:00,0,8,0,24,1,0,33
2024-03-10 05:30:00,0,10,0,10,1,0,21
2024-03-10 05:40:00,0,10,0,2,0,0,12
2024-03-10 05:50:00,0,10,0,26,0,0,36
2024-03-10 06:00:00,0,5,0,21,0,0,26
2024-03-10 06:10:00,0,5,0,20,0,0,25
2024-03-10 06:20:00,0,10,0,14,0,0,24
2024-03-10 06:30:00,0,12,0,23,0,0,35
2024-03-10 06:40:00,0,6,0,8,1,0,15
2024-03-10 06:50:00,0,1,0,15,0,0,16
2024-03-10 07:00:00,0,5,0,3,0,0,8
2024-03-10 07:10:00,0,6,0,14,0,0,20
2024-03-10 07:20:00,0,5,0,7,0,0,12
2024-03-10 07:30:00,0,3,0,9,0,0,12
2024-03-10 07:40:00,0,6,0,10,0,0,16
2024-03-10 07:50:00,0,13,0,4,0,0,17
2024-03-10 08:00:00,0,7,0,12,0,0,19
2024-03-10 08:10:00,0,6,0,12,0,0,18
2024-03-10 08:20:00,0,5,0,10,0,0,15
2024-03-10 08:30:00,0,8,0,13,0,0,21
2024-03-10 08:40:00,0,10,0,11,0,0,21
2024-03-10 08:50:00,0,12,0,12,0,0,24
2024-03-10 09:00:00,0,11,0,14,0,0,25
2024-03-10 09:10:00,0,14,0,18,0,0,32
2024-03-10 09:20:00,0,18,0,19,0,0,37
2024-03-10 09:30:00,0,16,0,22,1,0,39
2024-03-10 09:40:00,0,23,0,22,0,0,45
2024-03-10 09:50:00,0,24,0,27,0,0,51
2024-03-10 10:00:00,0,22,0,17,0,0,39
2024-03-10 10:10:00,0,26,0,23,0,0,49
2024-03-10 10:20:00,0,21,0,30,0,0,51
2024-03-10 10:30:00,0,24,0,27,0,0,51
2024-03-10 10:40:00,0,20,0,16,1,0,37
2024-03-10 10:50:00,0,27,0,22,0,0,49
2024-03-10 11:00:00,0,26,0,18,0,0,44
2024-03-10 11:10:00,0,30,0,23,1,0,54
2024-03-10 11:20:00,0,28,0,20,2,0,50
2024-03-10 11:30:00,0,31,0,28,1,0,60
2024-03-10 11:40:00,0,28,0,22,1,0,51
2024-03-10 11:50:00,0,31,0,17,1,0,49
2024-03-10 12:00:00,0,30,0,33,2,0,65
2024-03-10 12:10:00,0,39,0,23,2,0,64
2024-03-10 12:20:00,0,34,0,30,1,0,65
2024-03-10 12:30:00,0,34,0,24,3,0,61
2024-03-10 12:40:00,0,31,0,32,0,0,63
2024-03-10 12:50:00,0,30,0,24,2,0,56
2024-03-10 13:00:00,0,27,0,31,2,0,60
2024-03-10 13:10:00,0,30,0,29,1,0,60
2024-03-10 13:20:00,0,24,0,30,1,0,55
2024-03-10 13:30:00,0,27,0,27,2,0,56
2024-03-10 13:40:00,0,35,0,30,0,0,65
2024-03-10 13:50:00,0,31,0,33,1,0,65
2024-03-10 14:00:00,0,36,0,35,0,0,71
2024-03-10 14:10:00,0,30,0,32,2,0,64
2024-03-10 14:20:00,0,29,0,32,1,0,62
2024-03-10 14:30:00,0,34,0,26,0,0,60
2024-03-10 14:40:00,0,25,0,28,0,0,53
2024-03-10 14:50:00,0,34,0,29,0,0,63
2024-03-10 15:00:00,0,36,0,28,1,0,65
2024-03-10 15:10:00,0,32,0,32,3,0,67
2024-03-10 15:20:00,0,35,0,34,1,0,70
2024-03-10 15:30:00,0,18,0,31,1,0,50
2024-03-10 15:40:00,0,31,0,38,0,0,69
2024-03-10 15:50:00,0,16,0,28,2,0,46
2024-03-10 16:00:00,0,29,0,40,5,0,74
2024-03-10 16:10:00,0,40,0,32,2,0,74
2024-03-10 16:20:00,0,32,0,34,5,0,71
2024-03-10 16:30:00,0,48,0,39,2,0,89
2024-03-10 16:40:00,0,48,0,27,0,0,75
2024-03-10 16:50:00,0,27,0,32,1,0,60
2024-03-10 17:00:00,0,37,0,27,2,0,66
2024-03-10 17:10:00,0,37,0,28,0,0,65
2024-03-10 17:20:00,0,31,0,34,1,0,66
2024-03-10 17:30:00,0,37,0,37,0,0,74
2024-03-10 17:40:00,0,31,0,33,0,0,64
2024-03-10 17:50:00,0,35,0,34,0,0,69
2024-03-10 18:00:00,0,34,0,30,1,0,65
2024-03-10 18:10:00,0,29,0,33,1,0,63
2024-03-10 18:20:00,0,33,0,33,4,0,70
2024-03-10 18:30:00,0,30,0,56,3,0,89
2024-03-10 18:40:00,0,39,0,64,2,0,105
2024-03-10 18:50:00,0,37,0,71,0,0,108
2024-03-10 19:00:00,0,28,0,69,1,0,98
2024-03-10 19:10:00,0,36,0,42,0,0,78
2024-03-10 19:20:00,0,24,0,54,0,0,78
2024-03-10 19:30:00,0,35,0,56,0,0,91
2024-03-10 19:40:00,0,34,0,60,0,0,94
2024-03-10 19:50:00,0,29,0,55,2,0,86
2024-03-10 20:00:00,0,29,0,53,2,0,84
2024-03-10 20:10:00,0,42,0,51,0,0,93
2024-03-10 20:20:00,0,38,0,47,0,0,85
2024-03-10 20:30:00,0,29,0,48,0,0,77
2024-03-10 20:40:00,0,33,0,53,0,0,86
2024-03-10 20:50:00,0,26,0,34,0,0,60
2024-03-10 21:00:00,0,27,0,60,1,0,88
2024-03-10 21:10:00,0,23,0,38,0,0,61
2024-03-10 21:20:00,0,22,0,48,1,0,71
2024-03-10 21:30:00,0,37,0,45,0,0,82
2024-03-10 21:40:00,0,28,0,33,1,0,62
2024-03-10 21:50:00,0,17,0,53,0,0,70
2024-03-10 22:00:00,0,18,0,36,1,0,55
2024-03-10 22:10:00,0,17,0,32,0,0,49
2024-03-10 22:20:00,0,16,0,30,1,0,47
2024-03-10 22:30:00,0,12,0,14,0,0,26
2024-03-10 22:40:00,0,19,0,19,0,0,38
2024-03-10 22:50:00,0,17,0,10,0,0,27
2024-03-10 23:00:00,0,16,0,13,0,0,29
2024-03-10 23:10:00,0,16,0,17,0,0,33
2024-03-10 23:20:00,0,12,0,10,1,0,23
2024-03-10 23:30:00,0,4,0,11,0,0,15
2024-03-10 23:40:00,0,10,0,15,0,0,25
2024-03-10 23:50:00,0,11,0,6,0,0,17
2024-03-11 00:00:00,0,11,0,8,0,0,19
2024-03-11 00:10:00,0,6,0,13,0,0,19
2024-03-11 00:20:00,0,5,0,8,0,0,13
2024-03-11 00:30:00,0,4,0,9,0,0,13
2024-03-11 00:40:00,0,6,0,11,0,0,17
2024-03-11 00:50:00,0,6,0,5,0,0,11
2024-03-11 01:00:00,0,4,0,7,0,0,11
2024-03-11 01:10:00,0,6,0,5,0,0,11
2024-03-11 01:20:00,0,4,0,4,0,0,8
2024-03-11 01:30:00,0,3,0,0,0,0,3
2024-03-11 01:40:00,0,7,0,4,0,0,11
2024-03-11 01:50:00,0,7,0,2,0,0,9
2024-03-11 02:00:00,0,3,0,2,0,0,5
2024-03-11 02:10:00,0,2,0,8,0,0,10
2024-03-11 02:20:00,0,2,0,1,0,0,3
2024-03-11 02:30:00,0,1,0,2,0,0,3
2024-03-11 02:40:00,0,0,0,2,0,0,2
2024-03-11 02:50:00,0,5,0,4,0,0,9
2024-03-11 03:00:00,0,1,0,4,0,0,5
2024-03-11 03:10:00,0,1,0,2,0,0,3
2024-03-11 03:20:00,0,2,0,3,0,0,5
2024-03-11 03:30:00,0,3,0,1,0,0,4
2024-03-11 03:40:00,0,2,0,2,0,0,4
2024-03-11 03:50:00,0,5,0,6,1,0,12
2024-03-11 04:00:00,0,4,0,7,0,0,11
2024-03-11 04:10:00,0,5,0,9,0,0,14
2024-03-11 04:20:00,0,7,0,10,0,0,17
2024-03-11 04:30:00,0,6,0,15,0,0,21
2024-03-11 04:40:00,0,4,0,19,1,0,24
2024-03-11 04:50:00,0,5,0,19,0,0,24
2024-03-11 05:00:00,0,12,0,25,0,0,37
2024-03-11 05:10:00,0,14,0,25,1,0,40
2024-03-11 05:20:00,0,17,0,21,0,0,38
2024-03-11 05:30:00,0,20,0,24,1,0,45
2024-03-11 05:40:00,0,20,0,28,2,0,50
2024-03-11 05:50:00,0,26,0,30,2,0,58
2024-03-11 06:00:00,0,21,0,26,2,0,49
2024-03-11 06:10:00,0,19,0,19,3,0,41
2024-03-11 06:20:00,0,16,0,34,8,0,58
2024-03-11 06:30:00,0,15,0,32,15,0,62
2024-03-11 06:40:00,0,23,0,35,12,0,70
2024-03-11 06:50:00,0,31,0,27,15,0,73
2024-03-11 07:00:00,0,31,0,31,12,0,74
2024-03-11 07:10:00,0,33,0,28,15,0,76
2024-03-11 07:20:00,0,29,0,30,11,0,70
2024-03-11 07:30:00,0,18,0,36,9,0,63
2024-03-11 07:40:00,0,22,0,36,11,0,69
2024-03-11 07:50:00,0,31,0,37,15,0,83
2024-03-11 08:00:00,0,23,0,30,11,0,64
2024-03-11 08:10:00,0,31,0,23,13,0,67
2024-03-11 08:20:00,0,42,0,32,13,0,87
2024-03-11 08:30:00,0,34,0,32,8,0,74
2024-03-11 08:40:00,0,31,0,33,9,0,73
2024-03-11 08:50:00,0,30,0,31,9,0,70
2024-03-11 09:00:00,0,39,0,31,5,0,75
2024-03-11 09:10:00,0,32,0,48,9,0,89
2024-03-11 09:20:00,0,32,0,46,6,0,84
2024-03-11 09:30:00,0,30,0,28,3,0,61
2024-03-11 09:40:00,0,38,0,49,8,0,95
2024-03-11 09:50:00,0,32,0,27,6,0,65
2024-03-11 10:00:00,0,40,0,34,4,0,78
2024-03-11 10:10:00,0,31,0,25,6,0,62
2024-03-11 10:20:00,0,31,0,27,2,0,60
2024-03-11 10:30:00,0,28,0,24,7,0,59
2024-03-11 10:40:00,0,35,0,27,4,0,66
2024-03-11 10:50:00,0,30,0,28,2,0,60
2024-03-11 11:00:00,0,34,0,25,5,0,64
2024-03-11 11:10:00,0,25,0,31,7,0,63
2024-03-11 11:20:00,0,37,0,27,0,0,64
2024-03-11 11:30:00,0,44,0,29,3,0,76
2024-03-11 11:40:00,0,57,0,29,3,0,89
2024-03-11 11:50:00,0,30,0,38,1,0,69
2024-03-11 12:00:00,0,33,0,29,6,0,68
2024-03-11 12:10:00,0,47,0,32,3,0,82
2024-03-11 12:20:00,0,35,0,26,3,0,64
2024-03-11 12:30:00,0,32,0,33,5,0,70
2024-03-11 12:40:00,0,38,0,32,4,0,74
2024-03-11 12:50:00,0,35,0,28,2,0,65
2024-03-11 13:00:00,0,32,0,31,2,0,65
2024-03-11 13:10:00,0,32,0,34,4,0,70
2024-03-11 13:20:00,0,29,0,36,4,0,69
2024-03-11 13:30:00,0,38,0,21,2,0,61
2024-03-11 13:40:00,0,36,0,27,3,0,66
2024-03-11 13:50:00,0,32,0,30,3,0,65
2024-03-11 14:00:00,0,35,0,26,5,0,66
2024-03-11 14:10:00,0,35,0,28,2,0,65
2024-03-11 14:20:00,0,45,0,29,1,0,75
2024-03-11 14:30:00,0,40,0,28,5,0,73
2024-03-11 14:40:00,0,43,0,28,4,0,75
2024-03-11 14:50:00,0,33,0,28,6,0,67
2024-03-11 15:00:00,0,48,0,29,1,0,78
2024-03-11 15:10:00,0,44,0,38,2,0,84
2024-03-11 15:20:00,0,49,0,31,5,0,85
2024-03-11 15:30:00,0,40,0,39,4,0,83
2024-03-11 15:40:00,0,40,0,36,4,0,80
2024-03-11 15:50:00,0,41,0,40,2,0,83
2024-03-11 16:00:00,0,49,0,34,20,0,103
2024-03-11 16:10:00,0,38,0,36,4,0,78
2024-03-11 16:20:00,0,45,0,35,1,0,81
2024-03-11 16:30:00,0,47,0,36,1,0,84
2024-03-11 16:40:00,0,43,0,32,2,0,77
2024-03-11 16:50:00,0,46,0,37,1,0,84
2024-03-11 17:00:00,0,43,0,35,11,0,89
2024-03-11 17:10:00,0,45,0,42,1,0,88
2024-03-11 17:20:00,0,44,0,38,3,0,85
2024-03-11 17:30:00,0,46,0,34,0,0,80
2024-03-11 17:40:00,0,46,0,35,1,0,82
2024-03-11 17:50:00,0,46,0,34,2,0,82
2024-03-11 18:00:00,0,39,0,39,2,0,80
2024-03-11 18:10:00,0,45,0,40,58,0,143
2024-03-11 18:20:00,0,43,0,33,1,0,77
2024-03-11 18:30:00,0,37,0,51,2,0,90
2024-03-11 18:40:00,0,58,0,71,0,0,129
2024-03-11 18:50:00,0,55,0,59,2,0,116
2024-03-11 19:00:00,0,46,0,71,1,0,118
2024-03-11 19:10:00,0,37,0,49,1,0,87
2024-03-11 19:20:00,0,48,0,72,1,0,121
2024-03-11 19:30:00,0,40,0,49,1,0,90
2024-03-11 19:40:00,0,34,0,45,0,0,79
2024-03-11 19:50:00,0,40,0,60,1,0,101
2024-03-11 20:00:00,0,38,0,40,2,0,80
2024-03-11 20:10:00,0,30,0,34,0,0,64
2024-03-11 20:20:00,0,33,0,66,0,0,99
2024-03-11 20:30:00,0,30,0,44,0,0,74
2024-03-11 20:40:00,0,38,0,48,0,0,86
2024-03-11 20:50:00,0,22,0,52,0,0,74
2024-03-11 21:00:00,0,32,0,54,0,0,86
2024-03-11 21:10:00,0,41,0,50,0,0,91
2024-03-11 21:20:00,0,32,0,57,1,0,90
2024-03-11 21:30:00,0,20,0,48,0,0,68
2024-03-11 21:40:00,0,20,0,61,1,0,82
2024-03-11 21:50:00,0,16,0,28,0,0,44
2024-03-11 22:00:00,0,18,0,32,1,0,51
2024-03-11 22:10:00,0,20,0,48,0,0,68
2024-03-11 22:20:00,0,23,0,61,0,0,84
2024-03-11 22:30:00,0,16,0,22,1,0,39
2024-03-11 22:40:00,0,15,0,23,0,0,38
2024-03-11 22:50:00,0,9,0,24,0,0,33
2024-03-11 23:00:00,0,12,0,27,0,0,39
2024-03-11 23:10:00,0,7,0,15,0,0,22
2024-03-11 23:20:00,0,6,0,25,1,0,32
2024-03-11 23:30:00,0,8,0,19,0,0,27
2024-03-11 23:40:00,0,5,0,6,0,0,11
2024-03-11 23:50:00,0,11,0,19,0,0,30
2024-03-12 00:00:00,0,11,0,24,0,0,35
2024-03-12 00:10:00,0,6,0,25,1,0,32
2024-03-12 00:20:00,0,3,0,18,0,0,21
2024-03-12 00:30:00,0,5,0,11,0,0,16
2024-03-12 00:40:00,0,2,0,15,5,0,22
2024-03-12 00:50:00,0,2,0,2,0,0,4
2024-03-12 01:00:00,0,7,0,13,0,0,20
2024-03-12 01:10:00,0,1,0,7,0,0,8
2024-03-12 01:20:00,0,2,0,3,0,0,5
2024-03-12 01:30:00,0,5,0,8,0,0,13
2024-03-12 01:40:00,0,0,0,0,0,0,0
2024-03-12 01:50:00,0,4,0,0,0,0,4
2024-03-12 02:00:00,0,3,0,7,1,0,11
2024-03-12 02:10:00,0,1,0,7,0,0,8
2024-03-12 02:20:00,0,5,0,1,0,0,6
2024-03-12 02:30:00,0,2,0,2,0,0,4
2024-03-12 02:40:00,0,3,0,5,0,0,8
2024-03-12 02:50:00,0,1,0,3,0,0,4
2024-03-12 03:00:00,0,1,0,2,0,0,3
2024-03-12 03:10:00,0,1,0,5,0,0,6
2024-03-12 03:20:00,0,0,0,6,0,0,6
2024-03-12 03:30:00,0,2,0,13,0,0,15
2024-03-12 03:40:00,0,1,0,7,0,0,8
2024-03-12 03:50:00,0,3,0,2,0,0,5
2024-03-12 04:00:00,0,1,0,10,0,0,11
2024-03-12 04:10:00,0,4,0,14,0,0,18
2024-03-12 04:20:00,0,1,0,11,0,0,12
2024-03-12 04:30:00,0,4,0,34,1,0,39
2024-03-12 04:40:00,0,6,0,39,0,0,45
2024-03-12 04:50:00,0,5,0,35,0,0,40
2024-03-12 05:00:00,0,12,0,49,0,0,61
2024-03-12 05:10:00,0,16,0,55,1,0,72
2024-03-12 05:20:00,0,14,0,70,0,0,84
2024-03-12 05:30:00,0,22,0,63,0,0,85
2024-03-12 05:40:00,0,28,0,76,7,0,111
2024-03-12 05:50:00,0,20,0,73,4,0,97
2024-03-12 06:00:00,0,29,0,52,4,0,85
2024-03-12 06:10:00,0,25,0,85,5,0,115
2024-03-12 06:20:00,0,33,0,53,8,0,94
2024-03-12 06:30:00,0,44,0,77,16,0,137
2024-03-12 06:40:00,0,36,0,44,10,0,90
2024-03-12 06:50:00,0,34,0,32,17,0,83
2024-03-12 07:00:00,0,34,0,29,10,0,73
2024-03-12 07:10:00,0,33,0,37,12,0,82
2024-03-12 07:20:00,0,33,0,34,8,0,75
2024-03-12 07:30:00,0,37,0,29,15,0,81
2024-03-12 07:40:00,0,37,0,38,14,0,89
2024-03-12 07:50:00,0,34,0,31,9,0,74
2024-03-12 08:00:00,0,43,0,28,10,0,81
2024-03-12 08:10:00,0,39,0,24,16,0,79
2024-03-12 08:20:00,0,18,0,25,16,0,59
2024-03-12 08:30:00,0,36,0,35,14,0,85
2024-03-12 08:40:00,0,41,0,42,10,0,93
2024-03-12 08:50:00,0,32,0,35,6,0,73
2024-03-12 09:00:00,0,33,0,30,7,0,70
2024-03-12 09:10:00,0,36,0,24,6,0,66
2024-03-12 09:20:00,0,31,0,31,8,0,70
2024-03-12 09:30:00,0,18,0,23,2,0,43
2024-03-12 09:40:00,0,26,0,21,8,0,55
2024-03-12 09:50:00,0,19,0,22,12,0,53
2024-03-12 10:00:00,0,34,0,30,1,0,65
2024-03-12 10:10:00,0,26,0,24,2,0,52
2024-03-12 10:20:00,0,32,0,25,3,0,60
2024-03-12 10:30:00,0,41,0,29,4,0,74
2024-03-12 10:40:00,0,34,0,28,3,0,65
2024-03-12 10:50:00,0,27,0,31,4,0,62
2024-03-12 11:00:00,0,32,0,27,4,0,63
2024-03-12 11:10:00,0,39,0,35,7,0,81
2024-03-12 11:20:00,0,35,0,24,2,0,61
2024-03-12 11:30:00,0,32,0,37,5,0,74
2024-03-12 11:40:00,0,32,0,30,5,0,67
2024-03-12 11:50:00,0,35,0,29,4,0,68
2024-03-12 12:00:00,0,34,0,34,2,0,70
2024-03-12 12:10:00,0,36,0,33,1,0,70
2024-03-12 12:20:00,0,30,0,32,4,0,66
2024-03-12 12:30:00,0,33,0,33,5,0,71
2024-03-12 12:40:00,0,38,0,28,3,0,69
2024-03-12 12:50:00,0,35,0,28,5,0,68
2024-03-12 13:00:00,0,32,0,40,0,0,72
2024-03-12 13:10:00,0,36,0,34,2,0,72
2024-03-12 13:20:00,0,25,0,31,2,0,58
2024-03-12 13:30:00,0,34,0,30,3,0,67
2024-03-12 13:40:00,0,44,0,32,2,0,78
2024-03-12 13:50:00,0,35,0,31,1,0,67
2024-03-12 14:00:00,0,24,0,29,2,0,55
2024-03-12 14:10:00,0,40,0,22,4,0,66
2024-03-12 14:20:00,0,36,0,47,3,0,86
2024-03-12 14:30:00,0,44,0,30,4,0,78
2024-03-12 14:40:00,0,37,0,40,1,0,78
2024-03-12 14:50:00,0,45,0,25,1,0,71
2024-03-12 15:00:00,0,41,0,31,1,0,73
2024-03-12 15:10:00,0,44,0,28,1,0,73
2024-03-12 15:20:00,0,43,0,30,0,0,73
2024-03-12 15:30:00,0,54,0,38,4,0,96
2024-03-12 15:40:00,0,45,0,46,4,0,95
2024-03-12 15:50:00,0,39,0,35,4,0,78
2024-03-12 16:00:00,0,46,0,38,3,0,87
2024-03-12 16:10:00,0,37,0,36,2,0,75
2024-03-12 16:20:00,0,38,0,39,2,0,79
2024-03-12 16:30:00,0,44,0,31,3,0,78
2024-03-12 16:40:00,0,45,0,30,7,0,82
2024-03-12 16:50:00,0,30,0,31,0,0,61
2024-03-12 17:00:00,0,43,0,33,2,0,78
2024-03-12 17:10:00,0,43,0,37,1,0,81
2024-03-12 17:20:00,0,46,0,30,1,0,77
2024-03-12 17:30:00,0,42,0,38,1,0,81
2024-03-12 17:40:00,0,42,0,33,1,0,76
2024-03-12 17:50:00,0,48,0,34,2,0,84
2024-03-12 18:00:00,0,52,0,33,0,0,85
2024-03-12 18:10:00,0,44,0,37,1,0,82
2024-03-12 18:20:00,0,34,0,38,0,0,72
2024-03-12 18:30:00,0,49,0,58,0,0,107
2024-03-12 18:40:00,0,65,0,62,0,0,127
2024-03-12 18:50:00,0,53,0,64,2,0,119
2024-03-12 19:00:00,0,43,0,58,1,0,102
2024-03-12 19:10:00,0,42,0,51,2,0,95
2024-03-12 19:20:00,0,47,0,61,0,0,108
2024-03-12 19:30:00,0,42,0,70,1,0,113
2024-03-12 19:40:00,0,52,0,46,3,0,101
2024-03-12 19:50:00,0,26,0,46,1,0,73
2024-03-12 20:00:00,0,37,0,56,0,0,93
2024-03-12 20:10:00,0,31,0,40,0,0,71
2024-03-12 20:20:00,0,32,0,62,0,0,94
2024-03-12 20:30:00,0,18,0,28,1,0,47
2024-03-12 20:40:00,0,24,0,23,1,0,48
2024-03-12 20:50:00,0,25,0,28,2,0,55
2024-03-12 21:00:00,0,26,0,22,2,0,50
2024-03-12 21:10:00,0,24,0,32,0,0,56
2024-03-12 21:20:00,0,21,0,27,0,0,48
2024-03-12 21:30:00,0,27,0,26,1,0,54
2024-03-12 21:40:00,0,14,0,19,1,0,34
2024-03-12 21:50:00,0,19,0,38,0,0,57
2024-03-12 22:00:00,0,18,0,25,0,0,43
2024-03-12 22:10:00,0,20,0,21,0,0,41
2024-03-12 22:20:00,0,22,0,22,0,0,44
2024-03-12 22:30:00,0,10,0,18,1,0,29
2024-03-12 22:40:00,0,19,0,25,1,0,45
2024-03-12 22:50:00,0,15,0,15,1,0,31
2024-03-12 23:00:00,0,9,0,10,0,0,19
2024-03-12 23:10:00,0,15,0,15,1,0,31
2024-03-12 23:20:00,0,12,0,15,0,0,27
2024-03-12 23:30:00,0,10,0,14,0,0,24
2024-03-12 23:40:00,0,14,0,10,0,0,24
2024-03-12 23:50:00,0,9,0,6,0,0,15
2024-03-13 00:00:00,0,9,0,10,0,0,19
2024-03-13 00:10:00,0,8,0,11,1,0,20
2024-03-13 00:20:00,0,6,0,8,0,0,14
2024-03-13 00:30:00,0,7,0,6,0,0,13
2024-03-13 00:40:00,0,6,0,7,0,0,13
2024-03-13 00:50:00,0,6,0,2,0,0,8
2024-03-13 01:00:00,0,2,0,9,0,0,11
2024-03-13 01:10:00,0,5,0,3,0,0,8
2024-03-13 01:20:00,0,4,0,3,0,0,7
2024-03-13 01:30:00,0,1,0,5,0,0,6
2024-03-13 01:40:00,0,3,0,1,0,0,4
2024-03-13 01:50:00,0,3,0,4,0,0,7
2024-03-13 02:00:00,0,2,0,4,0,0,6
2024-03-13 02:10:00,0,5,0,4,0,0,9
2024-03-13 02:20:00,0,3,0,1,0,0,4
2024-03-13 02:30:00,0,4,0,1,0,0,5
2024-03-13 02:40:00,0,1,0,4,0,0,5
2024-03-13 02:50:00,0,0,0,3,0,0,3
2024-03-13 03:00:00,0,2,0,6,0,0,8
2024-03-13 03:10:00,0,0,0,4,0,0,4
2024-03-13 03:20:00,0,4,0,2,0,0,6
2024-03-13 03:30:00,0,1,0,4,0,0,5
2024-03-13 03:40:00,0,1,0,3,0,0,4
2024-03-13 03:50:00,0,2,0,3,0,0,5
2024-03-13 04:00:00,0,6,0,9,0,0,15
2024-03-13 04:10:00,0,3,0,10,0,0,13
2024-03-13 04:20:00,0,5,0,10,1,0,16
2024-03-13 04:30:00,0,4,0,12,0,0,16
2024-03-13 04:40:00,0,1,0,16,0,0,17
2024-03-13 04:50:00,0,6,0,23,1,0,30
2024-03-13 05:00:00,0,5,0,31,0,0,36
2024-03-13 05:10:00,0,12,0,32,0,0,44
2024-03-13 05:20:00,0,14,0,25,0,0,39
2024-03-13 05:30:00,0,19,0,45,0,0,64
2024-03-13 05:40:00,0,21,0,48,3,0,72
2024-03-13 05:50:00,0,22,0,33,6,0,61
2024-03-13 06:00:00,0,15,0,43,2,0,60
2024-03-13 06:10:00,0,24,0,54,7,0,85
2024-03-13 06:20:00,0,18,0,38,5,0,61
2024-03-13 06:30:00,0,30,0,34,15,0,79
2024-03-13 06:40:00,0,29,0,26,16,0,71
2024-03-13 06:50:00,0,14,0,31,9,0,54
2024-03-13 07:00:00,0,39,0,29,10,0,78
2024-03-13 07:10:00,0,32,0,29,10,0,71
2024-03-13 07:20:00,0,30,0,35,16,0,81
2024-03-13 07:30:00,0,33,0,26,14,0,73
2024-03-13 07:40:00,0,31,0,31,9,0,71
2024-03-13 07:50:00,0,31,0,35,14,0,80
2024-03-13 08:00:00,0,27,0,39,18,0,84
2024-03-13 08:10:00,0,37,0,34,10,0,81
2024-03-13 08:20:00,0,35,0,35,16,0,86
2024-03-13 08:30:00,0,35,0,33,4,0,72
2024-03-13 08:40:00,0,37,0,42,9,0,88
2024-03-13 08:50:00,0,43,0,34,9,0,86
2024-03-13 09:00:00,0,46,0,37,13,0,96
2024-03-13 09:10:00,0,33,0,31,8,0,72
2024-03-13 09:20:00,0,34,0,37,7,0,78
2024-03-13 09:30:00,0,36,0,27,4,0,67
2024-03-13 09:40:00,0,33,0,32,4,0,69
2024-03-13 09:50:00,0,27,0,34,4,0,65
2024-03-13 10:00:00,0,31,0,28,8,0,67
2024-03-13 10:10:00,0,27,0,39,3,0,69
2024-03-13 10:20:00,0,30,0,27,3,0,60
2024-03-13 10:30:00,0,34,0,30,1,0,65
2024-03-13 10:40:00,0,25,0,26,5,0,56
2024-03-13 10:50:00,0,33,0,28,2,0,63
2024-03-13 11:00:00,0,34,0,27,3,0,64
2024-03-13 11:10:00,0,33,0,28,1,0,62
2024-03-13 11:20:00,0,26,0,32,6,0,64
2024-03-13 11:30:00,0,34,0,24,4,0,62
2024-03-13 11:40:00,0,34,0,27,7,0,68
2024-03-13 11:50:00,0,33,0,23,2,0,58
2024-03-13 12:00:00,0,37,0,23,3,0,63
2024-03-13 12:10:00,0,33,0,29,3,0,65
2024-03-13 12:20:00,0,39,0,28,3,0,70
2024-03-13 12:30:00,0,38,0,31,3,0,72
2024-03-13 12:40:00,0,33,0,25,5,0,63
2024-03-13 12:50:00,0,31,0,30,3,0,64
2024-03-13 13:00:00,0,32,0,33,4,0,69
2024-03-13 13:10:00,0,42,0,23,1,0,66
2024-03-13 13:20:00,0,26,0,29,4,0,59
2024-03-13 13:30:00,0,39,0,26,4,0,69
2024-03-13 13:40:00,0,38,0,25,2,0,65
2024-03-13 13:50:00,0,31,0,24,5,0,60
2024-03-13 14:00:00,0,39,0,26,3,0,68
2024-03-13 14:10:00,0,40,0,20,3,0,63
2024-03-13 14:20:00,0,40,0,33,2,0,75
2024-03-13 14:30:00,0,39,0,35,2,0,76
2024-03-13 14:40:00,0,40,0,32,1,0,73
2024-03-13 14:50:00,0,48,0,28,1,0,77
2024-03-13 15:00:00,0,50,0,28,1,0,79
2024-03-13 15:10:00,0,51,0,27,8,0,86
2024-03-13 15:20:00,0,32,0,29,3,0,64
2024-03-13 15:30:00,0,42,0,35,2,0,79
2024-03-13 15:40:00,0,41,0,27,2,0,70
2024-03-13 15:50:00,0,47,0,27,1,0,75
2024-03-13 16:00:00,0,33,0,37,1,0,71
2024-03-13 16:10:00,0,54,0,37,2,0,93
2024-03-13 16:20:00,0,51,0,43,0,0,94
2024-03-13 16:30:00,0,45,0,27,0,0,72
2024-03-13 16:40:00,0,45,0,30,2,0,77
2024-03-13 16:50:00,0,45,0,32,2,0,79
2024-03-13 17:00:00,0,62,0,39,1,0,102
2024-03-13 17:10:00,0,56,0,35,1,0,92
2024-03-13 17:20:00,0,53,0,29,1,0,83
2024-03-13 17:30:00,0,48,0,31,3,0,82
2024-03-13 17:40:00,0,40,0,39,1,0,80
2024-03-13 17:50:00,0,47,0,35,2,0,84
2024-03-13 18:00:00,0,36,0,39,3,0,78
2024-03-13 18:10:00,0,40,0,38,5,0,83
2024-03-13 18:20:00,0,40,0,35,0,0,75
2024-03-13 18:30:00,0,49,0,61,0,0,110
2024-03-13 18:40:00,0,52,0,85,0,0,137
2024-03-13 18:50:00,0,53,0,58,4,0,115
2024-03-13 19:00:00,0,49,0,48,0,0,97
2024-03-13 19:10:00,0,46,0,66,2,0,114
2024-03-13 19:20:00,0,38,0,78,2,0,118
2024-03-13 19:30:00,0,40,0,48,1,0,89
2024-03-13 19:40:00,0,41,0,64,2,0,107
2024-03-13 19:50:00,0,32,0,70,1,0,103
2024-03-13 20:00:00,0,37,0,47,0,0,84
2024-03-13 20:10:00,0,36,0,44,2,0,82
2024-03-13 20:20:00,0,35,0,59,1,0,95
2024-03-13 20:30:00,0,24,0,67,0,0,91
2024-03-13 20:40:00,0,30,0,50,0,0,80
2024-03-13 20:50:00,0,17,0,55,1,0,73
2024-03-13 21:00:00,0,28,0,63,1,0,92
2024-03-13 21:10:00,0,26,0,39,0,0,65
2024-03-13 21:20:00,0,33,0,48,0,0,81
2024-03-13 21:30:00,0,27,0,48,0,0,75
2024-03-13 21:40:00,0,20,0,57,1,0,78
2024-03-13 21:50:00,0,15,0,47,1,0,63
2024-03-13 22:00:00,0,23,0,48,0,0,71
2024-03-13 22:10:00,0,27,0,56,0,0,83
2024-03-13 22:20:00,0,25,0,43,4,0,72
2024-03-13 22:30:00,0,18,0,49,0,0,67
2024-03-13 22:40:00,0,9,0,46,0,0,55
2024-03-13 22:50:00,0,13,0,38,2,0,53
2024-03-13 23:00:00,0,11,0,57,0,0,68
2024-03-13 23:10:00,0,5,0,34,1,0,40
2024-03-13 23:20:00,0,15,0,20,0,0,35
2024-03-13 23:30:00,0,4,0,24,0,0,28
2024-03-13 23:40:00,0,7,0,12,0,0,19
2024-03-13 23:50:00,0,7,0,25,0,0,32
2024-03-14 00:00:00,0,13,0,22,1,0,36
2024-03-14 00:10:00,0,4,0,17,0,0,21
2024-03-14 00:20:00,0,6,0,18,0,0,24
2024-03-14 00:30:00,0,3,0,21,0,0,24
2024-03-14 00:40:00,0,4,0,11,0,0,15
2024-03-14 00:50:00,0,3,0,8,1,0,12
2024-03-14 01:00:00,0,6,0,13,0,0,19
2024-03-14 01:10:00,0,0,0,4,0,0,4
2024-03-14 01:20:00,0,1,0,7,0,0,8
2024-03-14 01:30:00,0,2,0,6,0,0,8
2024-03-14 01:40:00,0,3,0,11,1,0,15
2024-03-14 01:50:00,0,1,0,8,0,0,9
2024-03-14 02:00:00,0,2,0,7,0,0,9
2024-03-14 02:10:00,0,5,0,10,0,0,15
2024-03-14 02:20:00,0,5,0,10,0,0,15
2024-03-14 02:30:00,0,1,0,7,0,0,8
2024-03-14 02:40:00,0,1,0,4,0,0,5
2024-03-14 02:50:00,0,0,0,4,0,0,4
2024-03-14 03:00:00,0,1,0,4,0,0,5
2024-03-14 03:10:00,0,0,0,0,0,0,0
2024-03-14 03:20:00,0,1,0,5,0,0,6
2024-03-14 03:30:00,0,4,0,4,0,0,8
2024-03-14 03:40:00,0,2,0,5,0,0,7
2024-03-14 03:50:00,0,2,0,4,0,0,6
2024-03-14 04:00:00,0,1,0,14,0,0,15
2024-03-14 04:10:00,0,3,0,19,1,0,23
2024-03-14 04:20:00,0,4,0,27,0,0,31
2024-03-14 04:30:00,0,5,0,14,0,0,19
2024-03-14 04:40:00,0,3,0,44,0,0,47
2024-03-14 04:50:00,0,11,0,37,0,0,48
2024-03-14 05:00:00,0,15,0,48,0,0,63
2024-03-14 05:10:00,0,11,0,71,1,0,83
2024-03-14 05:20:00,0,25,0,51,0,0,76
2024-03-14 05:30:00,0,16,0,66,0,0,82
2024-03-14 05:40:00,0,24,0,100,3,0,127
2024-03-14 05:50:00,0,29,0,54,2,0,85
2024-03-14 06:00:00,0,22,0,75,1,0,98
2024-03-14 06:10:00,0,29,0,76,5,0,110
2024-03-14 06:20:00,0,45,0,70,5,0,120
2024-03-14 06:30:00,0,34,0,53,9,0,96
2024-03-14 06:40:00,0,33,0,40,6,0,79
2024-03-14 06:50:00,0,28,0,30,15,0,73
2024-03-14 07:00:00,0,30,0,37,11,0,78
2024-03-14 07:10:00,0,36,0,29,11,0,76
2024-03-14 07:20:00,0,35,0,35,16,0,86
2024-03-14 07:30:00,0,31,0,35,7,0,73
2024-03-14 07:40:00,0,32,0,12,15,0,59
2024-03-14 07:50:00,0,43,0,24,7,0,74
2024-03-14 08:00:00,0,40,0,32,12,0,84
2024-03-14 08:10:00,0,29,0,32,10,0,71
2024-03-14 08:20:00,0,36,0,26,9,0,71
2024-03-14 08:30:00,0,35,0,30,8,0,73
2024-03-14 08:40:00,0,37,0,33,10,0,80
2024-03-14 08:50:00,0,39,0,32,5,0,76
2024-03-14 09:00:00,0,50,0,29,4,0,83
2024-03-14 09:10:00,0,32,0,21,2,0,55
2024-03-14 09:20:00,0,39,0,30,3,0,72
2024-03-14 09:30:00,0,32,0,35,3,0,70
2024-03-14 09:40:00,0,41,0,20,0,0,61
2024-03-14 09:50:00,0,31,0,31,5,0,67
2024-03-14 10:00:00,0,39,0,29,2,0,70
2024-03-14 10:10:00,0,37,0,26,1,0,64
2024-03-14 10:20:00,0,33,0,28,4,0,65
2024-03-14 10:30:00,0,31,0,26,4,0,61
2024-03-14 10:40:00,0,39,0,34,1,0,74
2024-03-14 10:50:00,0,28,0,26,3,0,57
2024-03-14 11:00:00,0,31,0,34,2,0,67
2024-03-14 11:10:00,0,32,0,26,4,0,62
2024-03-14 11:20:00,0,37,0,30,1,0,68
2024-03-14 11:30:00,0,40,0,37,35,0,112
2024-03-14 11:40:00,0,45,0,30,2,0,77
2024-03-14 11:50:00,0,32,0,34,7,0,73
2024-03-14 12:00:00,0,33,0,31,4,0,68
2024-03-14 12:10:00,0,35,0,33,2,0,70
2024-03-14 12:20:00,0,37,0,25,4,0,66
2024-03-14 12:30:00,0,40,0,21,2,0,63
2024-03-14 12:40:00,0,34,0,26,2,0,62
2024-03-14 12:50:00,0,26,0,31,5,0,62
2024-03-14 13:00:00,0,30,0,31,2,0,63
2024-03-14 13:10:00,0,32,0,29,2,0,63
2024-03-14 13:20:00,0,32,0,35,3,0,70
2024-03-14 13:30:00,0,49,0,24,0,0,73
2024-03-14 13:40:00,0,35,0,22,5,0,62
2024-03-14 13:50:00,0,34,0,27,4,0,65
2024-03-14 14:00:00,0,36,0,39,2,0,77
2024-03-14 14:10:00,0,37,0,20,1,0,58
2024-03-14 14:20:00,0,37,0,28,0,0,65
2024-03-14 14:30:00,0,33,0,31,2,0,66
2024-03-14 14:40:00,0,31,0,32,4,0,67
2024-03-14 14:50:00,0,41,0,25,2,0,68
2024-03-14 15:00:00,0,29,0,33,3,0,65
2024-03-14 15:10:00,0,54,0,35,0,0,89
2024-03-14 15:20:00,0,50,0,22,1,0,73
2024-03-14 15:30:00,0,50,0,39,3,0,92
2024-03-14 15:40:00,0,43,0,34,1,0,78
2024-03-14 15:50:00,0,47,0,39,2,0,88
2024-03-14 16:00:00,0,45,0,30,1,0,76
2024-03-14 16:10:00,0,44,0,29,5,0,78
2024-03-14 16:20:00,0,38,0,33,3,0,74
2024-03-14 16:30:00,0,45,0,33,1,0,79
2024-03-14 16:40:00,0,49,0,42,1,0,92
2024-03-14 16:50:00,0,39,0,30,0,0,69
2024-03-14 17:00:00,0,45,0,28,1,0,74
2024-03-14 17:10:00,0,49,0,35,0,0,84
2024-03-14 17:20:00,0,49,0,34,1,0,84
2024-03-14 17:30:00,0,45,0,36,0,0,81
2024-03-14 17:40:00,0,39,0,47,4,0,90
2024-03-14 17:50:00,0,47,0,44,1,0,92
2024-03-14 18:00:00,0,49,0,41,0,0,90
2024-03-14 18:10:00,0,39,0,34,1,0,74
2024-03-14 18:20:00,0,41,0,29,112,0,182
2024-03-14 18:30:00,0,38,0,46,0,0,84
2024-03-14 18:40:00,0,47,0,59,1,0,107
2024-03-14 18:50:00,0,57,0,51,2,0,110
2024-03-14 19:00:00,0,41,0,52,0,0,93
2024-03-14 19:10:00,0,48,0,59,2,0,109
2024-03-14 19:20:00,0,32,0,52,0,0,84
2024-03-14 19:30:00,0,36,0,54,1,0,91
2024-03-14 19:40:00,0,36,0,54,0,0,90
2024-03-14 19:50:00,0,36,0,61,1,0,98
2024-03-14 20:00:00,0,31,0,61,0,0,92
2024-03-14 20:10:00,0,30,0,51,1,0,82
2024-03-14 20:20:00,0,32,0,48,0,0,80
2024-03-14 20:30:00,0,32,0,63,0,0,95
2024-03-14 20:40:00,0,23,0,48,4,0,75
2024-03-14 20:50:00,0,24,0,43,0,0,67
2024-03-14 21:00:00,0,19,0,52,7,0,78
2024-03-14 21:10:00,0,41,0,53,0,0,94
2024-03-14 21:20:00,0,34,0,41,1,0,76
2024-03-14 21:30:00,0,28,0,52,6,0,86
2024-03-14 21:40:00,0,25,0,38,0,0,63
2024-03-14 21:50:00,0,31,0,46,0,0,77
2024-03-14 22:00:00,0,24,0,35,0,0,59
2024-03-14 22:10:00,0,31,0,41,0,0,72
2024-03-14 22:20:00,0,33,0,40,0,0,73
2024-03-14 22:30:00,0,22,0,34,1,0,57
2024-03-14 22:40:00,0,25,0,33,0,0,58
2024-03-14 22:50:00,0,15,0,51,1,0,67
2024-03-14 23:00:00,0,11,0,28,0,0,39
2024-03-14 23:10:00,0,13,0,33,0,0,46
2024-03-14 23:20:00,0,19,0,25,0,0,44
2024-03-14 23:30:00,0,8,0,27,0,0,35
2024-03-14 23:40:00,0,14,0,17,0,0,31
2024-03-14 23:50:00,0,3,0,18,0,0,21
2024-03-15 00:00:00,0,12,0,23,1,0,36
2024-03-15 00:10:00,0,4,0,19,0,0,23
2024-03-15 00:20:00,0,1,0,33,2,0,36
2024-03-15 00:30:00,0,5,0,18,0,0,23
2024-03-15 00:40:00,0,6,0,13,0,0,19
2024-03-15 00:50:00,0,5,0,6,1,0,12
2024-03-15 01:00:00,0,9,0,7,0,0,16
2024-03-15 01:10:00,0,10,0,7,0,0,17
2024-03-15 01:20:00,0,2,0,7,2,0,11
2024-03-15 01:30:00,0,6,0,2,0,0,8
2024-03-15 01:40:00,0,4,0,5,0,0,9
2024-03-15 01:50:00,0,4,0,4,0,0,8
2024-03-15 02:00:00,0,0,0,4,1,0,5
2024-03-15 02:10:00,0,6,0,8,0,0,14
2024-03-15 02:20:00,0,3,0,6,0,0,9
2024-03-15 02:30:00,0,2,0,6,0,0,8
2024-03-15 02:40:00,0,1,0,11,0,0,12
2024-03-15 02:50:00,0,0,0,7,0,0,7
2024-03-15 03:00:00,0,1,0,0,0,0,1
2024-03-15 03:10:00,0,1,0,3,0,0,4
2024-03-15 03:20:00,0,0,0,5,0,0,5
2024-03-15 03:30:00,0,7,0,2,0,0,9
2024-03-15 03:40:00,0,4,0,8,0,0,12
2024-03-15 03:50:00,0,1,0,4,0,0,5
2024-03-15 04:00:00,0,2,0,6,0,0,8
2024-03-15 04:10:00,0,5,0,9,1,0,15
2024-03-15 04:20:00,0,1,0,15,0,0,16
2024-03-15 04:30:00,0,5,0,30,1,0,36
2024-03-15 04:40:00,0,6,0,28,0,0,34
2024-03-15 04:50:00,0,4,0,32,0,0,36
2024-03-15 05:00:00,0,8,0,45,0,0,53
2024-03-15 05:10:00,0,10,0,51,1,0,62
2024-03-15 05:20:00,0,21,0,50,0,0,71
2024-03-15 05:30:00,0,23,0,70,0,0,93
2024-03-15 05:40:00,0,21,0,77,2,0,100
2024-03-15 05:50:00,0,21,0,64,3,0,88
2024-03-15 06:00:00,0,28,0,60,1,0,89
2024-03-15 06:10:00,0,25,0,66,3,0,94
2024-03-15 06:20:00,0,32,0,46,6,0,84
2024-03-15 06:30:00,0,37,0,45,6,0,88
2024-03-15 06:40:00,0,32,0,34,10,0,76
2024-03-15 06:50:00,0,32,0,31,17,0,80
2024-03-15 07:00:00,0,33,0,25,10,0,68
2024-03-15 07:10:00,0,36,0,34,10,0,80
2024-03-15 07:20:00,0,39,0,30,4,0,73
2024-03-15 07:30:00,0,30,0,37,16,0,83
2024-03-15 07:40:00,0,28,0,29,3,0,60
2024-03-15 07:50:00,0,34,0,27,7,0,68
2024-03-15 08:00:00,0,34,0,34,26,0,94
2024-03-15 08:10:00,0,30,0,27,16,0,73
2024-03-15 08:20:00,0,26,0,32,12,0,70
2024-03-15 08:30:00,0,35,0,33,9,0,77
2024-03-15 08:40:00,0,32,0,24,8,0,64
2024-03-15 08:50:00,0,34,0,33,3,0,70
2024-03-15 09:00:00,0,32,0,33,7,0,72
2024-03-15 09:10:00,0,40,0,30,2,0,72
2024-03-15 09:20:00,0,41,0,33,3,0,77
2024-03-15 09:30:00,0,39,0,31,3,0,73
2024-03-15 09:40:00,0,28,0,29,1,0,58
2024-03-15 09:50:00,0,38,0,39,4,0,81
2024-03-15 10:00:00,0,29,0,30,2,0,61
2024-03-15 10:10:00,0,33,0,23,2,0,58
2024-03-15 10:20:00,0,34,0,24,3,0,61
2024-03-15 10:30:00,0,36,0,27,5,0,68
2024-03-15 10:40:00,0,31,0,34,3,0,68
2024-03-15 10:50:00,0,32,0,32,2,0,66
2024-03-15 11:00:00,0,35,0,35,2,0,72
2024-03-15 11:10:00,0,29,0,34,5,0,68
2024-03-15 11:20:00,0,26,0,31,2,0,59
2024-03-15 11:30:00,0,33,0,32,4,0,69
2024-03-15 11:40:00,0,37,0,30,6,0,73
2024-03-15 11:50:00,0,36,0,27,7,0,70
2024-03-15 12:00:00,0,37,0,31,3,0,71
2024-03-15 12:10:00,0,33,0,29,4,0,66
2024-03-15 12:20:00,0,29,0,25,4,0,58
2024-03-15 12:30:00,0,33,0,31,7,0,71
2024-03-15 12:40:00,0,44,0,32,1,0,77
2024-03-15 12:50:00,0,40,0,31,8,0,79
2024-03-15 13:00:00,0,40,0,36,3,0,79
2024-03-15 13:10:00,0,42,0,36,6,0,84
2024-03-15 13:20:00,0,37,0,37,0,0,74
2024-03-15 13:30:00,0,39,0,37,3,0,79
2024-03-15 13:40:00,0,38,0,33,4,0,75
2024-03-15 13:50:00,0,38,0,42,3,0,83
2024-03-15 14:00:00,0,40,0,31,0,0,71
2024-03-15 14:10:00,0,39,0,34,4,0,77
2024-03-15 14:20:00,0,46,0,33,5,0,84
2024-03-15 14:30:00,0,40,0,27,2,0,69
2024-03-15 14:40:00,0,47,0,34,1,0,82
2024-03-15 14:50:00,0,43,0,42,2,0,87
2024-03-15 15:00:00,0,41,0,29,2,0,72
2024-03-15 15:10:00,0,52,0,32,5,0,89
2024-03-15 15:20:00,0,41,0,36,1,0,78
2024-03-15 15:30:00,0,47,0,41,1,0,89
2024-03-15 15:40:00,0,41,0,29,3,0,73
2024-03-15 15:50:00,0,46,0,39,12,0,97
2024-03-15 16:00:00,0,42,0,34,2,0,78
2024-03-15 16:10:00,0,44,0,29,2,0,75
2024-03-15 16:20:00,0,41,0,46,4,0,91
2024-03-15 16:30:00,0,37,0,33,1,0,71
2024-03-15 16:40:00,0,34,0,38,0,0,72
2024-03-15 16:50:00,0,39,0,38,3,0,80
2024-03-15 17:00:00,0,47,0,25,0,0,72
2024-03-15 17:10:00,0,45,0,34,1,0,80
2024-03-15 17:20:00,0,35,0,28,2,0,65
2024-03-15 17:30:00,0,40,0,35,3,0,78
2024-03-15 17:40:00,0,42,0,41,0,0,83
2024-03-15 17:50:00,0,42,0,44,2,0,88
2024-03-15 18:00:00,0,37,0,36,1,0,74
2024-03-15 18:10:00,0,29,0,33,5,0,67
2024-03-15 18:20:00,0,42,0,39,2,0,83
2024-03-15 18:30:00,0,45,0,37,3,0,85
2024-03-15 18:40:00,0,58,0,60,3,0,121
2024-03-15 18:50:00,0,48,0,72,2,0,122
2024-03-15 19:00:00,0,36,0,57,3,0,96
2024-03-15 19:10:00,0,44,0,69,1,0,114
2024-03-15 19:20:00,0,35,0,41,2,0,78
2024-03-15 19:30:00,0,36,0,41,0,0,77
2024-03-15 19:40:00,0,50,0,59,0,0,109
2024-03-15 19:50:00,0,53,0,58,1,0,112
2024-03-15 20:00:00,0,32,0,37,1,0,70
2024-03-15 20:10:00,0,35,0,39,1,0,75
2024-03-15 20:20:00,0,27,0,33,0,0,60
2024-03-15 20:30:00,0,21,0,30,0,0,51
2024-03-15 20:40:00,0,23,0,33,1,0,57
2024-03-15 20:50:00,0,24,0,24,0,0,48
2024-03-15 21:00:00,0,18,0,35,1,0,54
2024-03-15 21:10:00,0,30,0,35,1,0,66
2024-03-15 21:20:00,0,21,0,37,2,0,60
2024-03-15 21:30:00,0,28,0,24,0,0,52
2024-03-15 21:40:00,0,33,0,44,3,0,80
2024-03-15 21:50:00,0,38,0,25,1,0,64
2024-03-15 22:00:00,0,26,0,51,0,0,77
2024-03-15 22:10:00,0,20,0,49,0,0,69
2024-03-15 22:20:00,0,27,0,64,2,0,93
2024-03-15 22:30:00,0,22,0,52,1,0,75
2024-03-15 22:40:00,0,19,0,41,4,0,64
2024-03-15 22:50:00,0,12,0,65,0,0,77
2024-03-15 23:00:00,0,22,0,32,3,0,57
2024-03-15 23:10:00,0,22,0,41,0,0,63
2024-03-15 23:20:00,0,20,0,32,1,0,53
2024-03-15 23:30:00,0,14,0,29,1,0,44
2024-03-15 23:40:00,0,17,0,42,1,0,60
2024-03-15 23:50:00,0,15,0,30,0,0,45
2024-03-16 00:00:00,0,19,0,25,0,0,44
2024-03-16 00:10:00,0,13,0,19,0,0,32
2024-03-16 00:20:00,0,12,0,37,0,0,49
2024-03-16 00:30:00,0,12,0,34,1,0,47
2024-03-16 00:40:00,0,12,0,25,0,0,37
2024-03-16 00:50:00,0,15,0,14,0,0,29
2024-03-16 01:00:00,0,16,0,31,0,0,47
2024-03-16 01:10:00,0,3,0,19,1,0,23
2024-03-16 01:20:00,0,3,0,15,0,0,18
2024-03-16 01:30:00,0,7,0,19,0,0,26
2024-03-16 01:40:00,0,7,0,19,0,0,26
2024-03-16 01:50:00,0,3,0,19,0,0,22
2024-03-16 02:00:00,0,6,0,15,3,0,24
2024-03-16 02:10:00,0,5,0,16,0,0,21
2024-03-16 02:20:00,0,3,0,18,0,0,21
2024-03-16 02:30:00,0,7,0,6,0,0,13
2024-03-16 02:40:00,0,10,0,11,0,0,21
2024-03-16 02:50:00,0,2,0,7,1,0,10
2024-03-16 03:00:00,0,7,0,10,0,0,17
2024-03-16 03:10:00,0,1,0,13,0,0,14
2024-03-16 03:20:00,0,7,0,4,0,0,11
2024-03-16 03:30:00,0,5,0,8,0,0,13
2024-03-16 03:40:00,0,9,0,8,0,0,17
2024-03-16 03:50:00,0,0,0,12,0,0,12
2024-03-16 04:00:00,0,6,0,4,0,0,10
2024-03-16 04:10:00,0,5,0,4,0,0,9
2024-03-16 04:20:00,0,3,0,7,0,0,10
2024-03-16 04:30:00,0,4,0,10,0,0,14
2024-03-16 04:40:00,0,2,0,5,0,0,7
2024-03-16 04:50:00,0,6,0,10,0,0,16
2024-03-16 05:00:00,0,9,0,13,0,0,22
2024-03-16 05:10:00,0,11,0,16,3,0,30
2024-03-16 05:20:00,0,5,0,15,0,0,20
2024-03-16 05:30:00,0,7,0,12,0,0,19
2024-03-16 05:40:00,0,10,0,9,0,0,19
2024-03-16 05:50:00,0,4,0,14,1,0,19
2024-03-16 06:00:00,0,8,0,16,0,0,24
2024-03-16 06:10:00,0,12,0,18,0,0,30
2024-03-16 06:20:00,0,9,0,19,0,0,28
2024-03-16 06:30:00,0,10,0,11,0,0,21
2024-03-16 06:40:00,0,12,0,14,0,0,26
2024-03-16 06:50:00,0,4,0,7,1,0,12
2024-03-16 07:00:00,0,8,0,12,2,0,22
2024-03-16 07:10:00,0,5,0,8,0,0,13
2024-03-16 07:20:00,0,9,0,15,1,0,25
2024-03-16 07:30:00,0,8,0,17,0,0,25
2024-03-16 07:40:00,0,14,0,18,0,0,32
2024-03-16 07:50:00,0,14,0,21,1,0,36
2024-03-16 08:00:00,0,19,0,20,0,0,39
2024-03-16 08:10:00,0,14,0,20,1,0,35
2024-03-16 08:20:00,0,18,0,18,0,0,36
2024-03-16 08:30:00,0,13,0,17,0,0,30
2024-03-16 08:40:00,0,30,0,23,1,0,54
2024-03-16 08:50:00,0,25,0,24,0,0,49
2024-03-16 09:00:00,0,28,0,27,0,0,55
2024-03-16 09:10:00,0,22,0,25,0,0,47
2024-03-16 09:20:00,0,28,0,22,1,0,51
2024-03-16 09:30:00,0,26,0,29,0,0,55
2024-03-16 09:40:00,0,29,0,30,1,0,60
2024-03-16 09:50:00,0,32,0,32,1,0,65
2024-03-16 10:00:00,0,29,0,40,2,0,71
2024-03-16 10:10:00,0,29,0,24,3,0,56
2024-03-16 10:20:00,0,33,0,31,2,0,66
2024-03-16 10:30:00,0,24,0,29,1,0,54
2024-03-16 10:40:00,0,29,0,42,4,0,75
2024-03-16 10:50:00,0,39,0,29,0,0,68
2024-03-16 11:00:00,0,35,0,41,2,0,78
2024-03-16 11:10:00,0,41,0,32,3,0,76
2024-03-16 11:20:00,0,32,0,30,4,0,66
2024-03-16 11:30:00,0,35,0,30,0,0,65
2024-03-16 11:40:00,0,33,0,27,0,0,60
2024-03-16 11:50:00,0,34,0,31,0,0,65
2024-03-16 12:00:00,0,35,0,29,3,0,67
2024-03-16 12:10:00,0,39,0,39,0,0,78
2024-03-16 12:20:00,0,35,0,31,0,0,66
2024-03-16 12:30:00,0,27,0,35,2,0,64
2024-03-16 12:40:00,0,42,0,29,1,0,72
2024-03-16 12:50:00,0,44,0,33,1,0,78
2024-03-16 13:00:00,0,36,0,46,3,0,85
2024-03-16 13:10:00,0,38,0,30,1,0,69
2024-03-16 13:20:00,0,45,0,30,1,0,76
2024-03-16 13:30:00,0,35,0,33,0,0,68
2024-03-16 13:40:00,0,39,0,33,2,0,74
2024-03-16 13:50:00,0,42,0,25,1,0,68
2024-03-16 14:00:00,0,30,0,36,1,0,67
2024-03-16 14:10:00,0,35,0,31,0,0,66
2024-03-16 14:20:00,0,36,0,26,1,0,63
2024-03-16 14:30:00,0,39,0,26,1,0,66
2024-03-16 14:40:00,0,29,0,25,1,0,55
2024-03-16 14:50:00,0,37,0,32,1,0,70
2024-03-16 15:00:00,0,37,0,36,1,0,74
2024-03-16 15:10:00,0,36,0,29,1,0,66
2024-03-16 15:20:00,0,40,0,32,2,0,74
2024-03-16 15:30:00,0,33,0,23,0,0,56
2024-03-16 15:40:00,0,35,0,31,1,0,67
2024-03-16 15:50:00,0,33,0,29,3,0,65
2024-03-16 16:00:00,0,31,0,26,2,0,59
2024-03-16 16:10:00,0,31,0,37,2,0,70
2024-03-16 16:20:00,0,40,0,32,0,0,72
2024-03-16 16:30:00,0,36,0,25,1,0,62
2024-03-16 16:40:00,0,27,0,23,1,0,51
2024-03-16 16:50:00,0,26,0,36,4,0,66
2024-03-16 17:00:00,0,27,0,29,0,0,56
2024-03-16 17:10:00,0,34,0,30,2,0,66
2024-03-16 17:20:00,0,33,0,38,4,0,75
2024-03-16 17:30:00,0,35,0,33,2,0,70
2024-03-16 17:40:00,0,32,0,35,0,0,67
2024-03-16 17:50:00,0,28,0,33,1,0,62
2024-03-16 18:00:00,0,29,0,35,1,0,65
2024-03-16 18:10:00,0,31,0,33,0,0,64
2024-03-16 18:20:00,0,40,0,44,2,0,86
2024-03-16 18:30:00,0,34,0,42,1,0,77
2024-03-16 18:40:00,0,36,0,49,0,0,85
2024-03-16 18:50:00,0,36,0,72,2,0,110
2024-03-16 19:00:00,0,34,0,41,2,0,77
2024-03-16 19:10:00,0,37,0,56,2,0,95
2024-03-16 19:20:00,0,42,0,67,5,0,114
2024-03-16 19:30:00,0,29,0,71,0,0,100
2024-03-16 19:40:00,0,39,0,42,3,0,84
2024-03-16 19:50:00,0,48,0,61,0,0,109
2024-03-16 20:00:00,0,38,0,55,2,0,95
2024-03-16 20:10:00,0,33,0,52,1,0,86
2024-03-16 20:20:00,0,33,0,38,0,0,71
2024-03-16 20:30:00,0,29,0,63,1,0,93
2024-03-16 20:40:00,0,24,0,44,2,0,70
2024-03-16 20:50:00,0,29,0,56,2,0,87
2024-03-16 21:00:00,0,20,0,50,3,0,73
2024-03-16 21:10:00,0,19,0,56,1,0,76
2024-03-16 21:20:00,0,18,0,51,3,0,72
2024-03-16 21:30:00,0,25,0,42,2,0,69
2024-03-16 21:40:00,0,31,0,33,1,0,65
2024-03-16 21:50:00,0,28,0,51,1,0,80
2024-03-16 22:00:00,0,26,0,66,1,0,93
2024-03-16 22:10:00,0,24,0,46,0,0,70
2024-03-16 22:20:00,0,24,0,66,0,0,90
2024-03-16 22:30:00,0,21,0,47,2,0,70
2024-03-16 22:40:00,0,22,0,37,0,0,59
2024-03-16 22:50:00,0,13,0,48,1,0,62
2024-03-16 23:00:00,0,22,0,49,0,0,71
2024-03-16 23:10:00,0,21,0,52,1,0,74
2024-03-16 23:20:00,0,18,0,35,1,0,54
2024-03-16 23:30:00,0,21,0,33,0,0,54
2024-03-16 23:40:00,0,13,0,33,0,0,46
2024-03-16 23:50:00,0,14,0,37,0,0,51
2024-03-17 00:00:00,0,13,0,34,0,0,47
2024-03-17 00:10:00,0,12,0,37,1,0,50
2024-03-17 00:20:00,0,16,0,21,1,0,38
2024-03-17 00:30:00,0,13,0,30,0,0,43
2024-03-17 00:40:00,0,14,0,33,0,0,47
2024-03-17 00:50:00,0,12,0,28,0,0,40
2024-03-17 01:00:00,0,10,0,34,0,0,44
2024-03-17 01:10:00,0,6,0,33,0,0,39
2024-03-17 01:20:00,0,14,0,21,0,0,35
2024-03-17 01:30:00,0,11,0,36,0,0,47
2024-03-17 01:40:00,0,13,0,22,0,0,35
2024-03-17 01:50:00,0,13,0,26,0,0,39
2024-03-17 02:00:00,0,18,0,21,1,0,40
2024-03-17 02:10:00,0,9,0,17,0,0,26
2024-03-17 02:20:00,0,8,0,16,0,0,24
2024-03-17 02:30:00,0,8,0,16,0,0,24
2024-03-17 02:40:00,0,7,0,4,0,0,11
2024-03-17 02:50:00,0,1,0,17,0,0,18
2024-03-17 03:00:00,0,2,0,14,2,0,18
2024-03-17 03:10:00,0,4,0,4,1,0,9
2024-03-17 03:20:00,0,3,0,21,0,0,24
2024-03-17 03:30:00,0,5,0,2,0,0,7
2024-03-17 03:40:00,0,0,0,13,2,0,15
2024-03-17 03:50:00,0,3,0,15,0,0,18
2024-03-17 04:00:00,0,4,0,6,0,0,10
2024-03-17 04:10:00,0,1,0,5,0,0,6
2024-03-17 04:20:00,0,2,0,11,0,0,13
2024-03-17 04:30:00,0,4,0,9,0,0,13
2024-03-17 04:40:00,0,5,0,24,1,0,30
2024-03-17 04:50:00,0,4,0,16,0,0,20
2024-03-17 05:00:00,0,9,0,25,0,0,34
2024-03-17 05:10:00,0,2,0,18,0,0,20
2024-03-17 05:20:00,0,5,0,7,0,0,12
2024-03-17 05:30:00,0,7,0,15,1,0,23
2024-03-17 05:40:00,0,12,0,12,1,0,25
2024-03-17 05:50:00,0,5,0,11,0,0,16
2024-03-17 06:00:00,0,6,0,16,0,0,22
2024-03-17 06:10:00,0,5,0,13,0,0,18
2024-03-17 06:20:00,0,14,0,12,1,0,27
2024-03-17 06:30:00,0,6,0,6,0,0,12
2024-03-17 06:40:00,0,7,0,5,0,0,12
2024-03-17 06:50:00,0,3,0,4,1,0,8
2024-03-17 07:00:00,0,6,0,7,0,0,13
2024-03-17 07:10:00,0,7,0,7,0,0,14
2024-03-17 07:20:00,0,7,0,9,0,0,16
2024-03-17 07:30:00,0,4,0,16,0,0,20
2024-03-17 07:40:00,0,6,0,14,0,0,20
2024-03-17 07:50:00,0,5,0,11,0,0,16
2024-03-17 08:00:00,0,8,0,9,1,0,18
2024-03-17 08:10:00,0,7,0,14,0,0,21
2024-03-17 08:20:00,0,8,0,17,0,0,25
2024-03-17 08:30:00,0,14,0,13,0,0,27
2024-03-17 08:40:00,0,13,0,15,0,0,28
2024-03-17 08:50:00,0,15,0,11,0,0,26
2024-03-17 09:00:00,0,12,0,13,0,0,25
2024-03-17 09:10:00,0,18,0,26,3,0,47
2024-03-17 09:20:00,0,21,0,22,0,0,43
2024-03-17 09:30:00,0,13,0,29,0,0,42
2024-03-17 09:40:00,0,21,0,23,0,0,44
2024-03-17 09:50:00,0,24,0,20,0,0,44
2024-03-17 10:00:00,0,18,0,23,0,0,41
2024-03-17 10:10:00,0,16,0,23,0,0,39
2024-03-17 10:20:00,0,19,0,22,0,0,41
2024-03-17 10:30:00,0,13,0,21,0,0,34
2024-03-17 10:40:00,0,34,0,27,1,0,62
2024-03-17 10:50:00,0,29,0,27,0,0,56
2024-03-17 11:00:00,0,21,0,26,0,0,47
2024-03-17 11:10:00,0,25,0,26,0,0,51
2024-03-17 11:20:00,0,21,0,36,0,0,57
2024-03-17 11:30:00,0,20,0,32,0,0,52
2024-03-17 11:40:00,0,25,0,31,0,0,56
2024-03-17 11:50:00,0,22,0,32,2,0,56
2024-03-17 12:00:00,0,26,0,31,0,0,57
2024-03-17 12:10:00,0,31,0,28,2,0,61
2024-03-17 12:20:00,0,23,0,25,0,0,48
2024-03-17 12:30:00,0,33,0,30,1,0,64
2024-03-17 12:40:00,0,28,0,26,1,0,55
2024-03-17 12:50:00,0,37,0,34,1,0,72
2024-03-17 13:00:00,0,39,0,31,100,0,170
2024-03-17 13:10:00,0,24,0,27,0,0,51
2024-03-17 13:20:00,0,36,0,29,2,0,67
2024-03-17 13:30:00,0,17,0,20,2,0,39
2024-03-17 13:40:00,0,30,0,30,0,0,60
2024-03-17 13:50:00,0,30,0,34,1,0,65
2024-03-17 14:00:00,0,33,0,29,1,0,63
2024-03-17 14:10:00,0,33,0,36,1,0,70
2024-03-17 14:20:00,0,29,0,26,0,0,55
2024-03-17 14:30:00,0,27,0,30,1,0,58
2024-03-17 14:40:00,0,34,0,25,0,0,59
2024-03-17 14:50:00,0,29,0,30,4,0,63
2024-03-17 15:00:00,0,36,0,26,4,0,66
2024-03-17 15:10:00,0,33,0,29,1,0,63
2024-03-17 15:20:00,0,32,0,28,1,0,61
2024-03-17 15:30:00,0,25,0,39,2,0,66
2024-03-17 15:40:00,0,29,0,32,3,0,64
2024-03-17 15:50:00,0,30,0,29,3,0,62
2024-03-17 16:00:00,0,24,0,25,0,0,49
2024-03-17 16:10:00,0,25,0,33,11,0,69
2024-03-17 16:20:00,0,26,0,43,1,0,70
2024-03-17 16:30:00,0,24,0,38,3,0,65
2024-03-17 16:40:00,0,32,0,31,0,0,63
2024-03-17 16:50:00,0,32,0,27,1,0,60
2024-03-17 17:00:00,0,30,0,26,1,0,57
2024-03-17 17:10:00,0,30,0,32,1,0,63
2024-03-17 17:20:00,0,36,0,27,4,0,67
2024-03-17 17:30:00,0,28,0,32,0,0,60
2024-03-17 17:40:00,0,39,0,40,0,0,79
2024-03-17 17:50:00,0,29,0,31,1,0,61
2024-03-17 18:00:00,0,29,0,25,1,0,55
2024-03-17 18:10:00,0,29,0,31,0,0,60
2024-03-17 18:20:00,0,29,0,27,0,0,56
2024-03-17 18:30:00,0,28,0,34,1,0,63
2024-03-17 18:40:00,0,20,0,49,0,0,69
2024-03-17 18:50:00,0,30,0,61,1,0,92
2024-03-17 19:00:00,0,30,0,40,1,0,71
2024-03-17 19:10:00,0,30,0,50,0,0,80
2024-03-17 19:20:00,0,34,0,45,4,0,83
2024-03-17 19:30:00,0,21,0,58,1,0,80
2024-03-17 19:40:00,0,43,0,50,0,0,93
2024-03-17 19:50:00,0,27,0,65,0,0,92
2024-03-17 20:00:00,0,34,0,55,0,0,89
2024-03-17 20:10:00,0,36,0,45,2,0,83
2024-03-17 20:20:00,0,31,0,43,12,0,86
2024-03-17 20:30:00,0,37,0,47,1,0,85
2024-03-17 20:40:00,0,15,0,41,1,0,57
2024-03-17 20:50:00,0,23,0,59,1,0,83
2024-03-17 21:00:00,0,18,0,45,1,0,64
2024-03-17 21:10:00,0,20,0,50,1,0,71
2024-03-17 21:20:00,0,31,0,40,3,0,74
2024-03-17 21:30:00,0,30,0,53,0,0,83
2024-03-17 21:40:00,0,23,0,48,1,0,72
2024-03-17 21:50:00,0,17,0,34,0,0,51
2024-03-17 22:00:00,0,12,0,26,1,0,39
2024-03-17 22:10:00,0,16,0,28,0,0,44
2024-03-17 22:20:00,0,15,0,45,2,0,62
2024-03-17 22:30:00,0,15,0,43,0,0,58
2024-03-17 22:40:00,0,18,0,44,1,0,63
2024-03-17 22:50:00,0,15,0,22,0,0,37
2024-03-17 23:00:00,0,12,0,34,1,0,47
2024-03-17 23:10:00,0,10,0,20,1,0,31
2024-03-17 23:20:00,0,7,0,29,0,0,36
2024-03-17 23:30:00,0,14,0,28,1,0,43
2024-03-17 23:40:00,0,8,0,23,0,0,31
2024-03-17 23:50:00,0,8,0,8,0,0,16
2024-03-18 00:00:00,0,4,0,9,1,0,14
2024-03-18 00:10:00,0,9,0,7,0,0,16
2024-03-18 00:20:00,0,2,0,7,0,0,9
2024-03-18 00:30:00,0,0,0,5,0,0,5
2024-03-18 00:40:00,0,1,0,9,0,0,10
2024-03-18 00:50:00,0,2,0,7,0,0,9
2024-03-18 01:00:00,0,3,0,13,0,0,16
2024-03-18 01:10:00,0,2,0,7,0,0,9
2024-03-18 01:20:00,0,2,0,8,0,0,10
2024-03-18 01:30:00,0,1,0,5,0,0,6
2024-03-18 01:40:00,0,1,0,9,0,0,10
2024-03-18 01:50:00,0,2,0,2,0,0,4
2024-03-18 02:00:00,0,2,0,5,1,0,8
2024-03-18 02:10:00,0,3,0,1,0,0,4
2024-03-18 02:20:00,0,1,0,3,0,0,4
2024-03-18 02:30:00,0,1,0,2,0,0,3
2024-03-18 02:40:00,0,2,0,3,0,0,5
2024-03-18 02:50:00,0,2,0,0,0,0,2
2024-03-18 03:00:00,0,2,0,8,0,0,10
2024-03-18 03:10:00,0,1,0,4,0,0,5
2024-03-18 03:20:00,0,1,0,1,0,0,2
2024-03-18 03:30:00,0,5,0,5,0,0,10
2024-03-18 03:40:00,0,0,0,2,0,0,2
2024-03-18 03:50:00,0,3,0,3,0,0,6
2024-03-18 04:00:00,0,2,0,5,0,0,7
2024-03-18 04:10:00,0,2,0,17,1,0,20
2024-03-18 04:20:00,0,5,0,4,0,0,9
2024-03-18 04:30:00,0,1,0,21,0,0,22
2024-03-18 04:40:00,0,5,0,26,0,0,31
2024-03-18 04:50:00,0,4,0,24,0,0,28
2024-03-18 05:00:00,0,9,0,36,0,0,45
2024-03-18 05:10:00,0,8,0,33,1,0,42
2024-03-18 05:20:00,0,15,0,46,0,0,61
2024-03-18 05:30:00,0,23,0,52,0,0,75
2024-03-18 05:40:00,0,21,0,56,1,0,78
2024-03-18 05:50:00,0,25,0,64,5,0,94
2024-03-18 06:00:00,0,21,0,59,1,0,81
2024-03-18 06:10:00,0,29,0,72,4,0,105
2024-03-18 06:20:00,0,33,0,43,10,0,86
2024-03-18 06:30:00,0,25,0,44,18,0,87
2024-03-18 06:40:00,0,26,0,42,16,0,84
2024-03-18 06:50:00,0,30,0,32,14,0,76
2024-03-18 07:00:00,0,36,0,36,17,0,89
2024-03-18 07:10:00,0,40,0,35,10,0,85
2024-03-18 07:20:00,0,40,0,28,12,0,80
2024-03-18 07:30:00,0,41,0,32,4,0,77
2024-03-18 07:40:00,0,35,0,27,9,0,71
2024-03-18 07:50:00,0,40,0,29,14,0,83
2024-03-18 08:00:00,0,43,0,28,14,0,85
2024-03-18 08:10:00,0,40,0,21,11,0,72
2024-03-18 08:20:00,0,30,0,40,15,0,85
2024-03-18 08:30:00,0,36,0,28,11,0,75
2024-03-18 08:40:00,0,34,0,29,14,0,77
2024-03-18 08:50:00,0,36,0,34,15,0,85
2024-03-18 09:00:00,0,43,0,44,7,0,94
2024-03-18 09:10:00,0,39,0,31,6,0,76
2024-03-18 09:20:00,0,38,0,36,6,0,80
2024-03-18 09:30:00,0,39,0,25,3,0,67
2024-03-18 09:40:00,0,33,0,28,5,0,66
2024-03-18 09:50:00,0,34,0,28,4,0,66
2024-03-18 10:00:00,0,34,0,42,4,0,80
2024-03-18 10:10:00,0,25,0,25,5,0,55
2024-03-18 10:20:00,0,37,0,27,1,0,65
2024-03-18 10:30:00,0,31,0,32,2,0,65
2024-03-18 10:40:00,0,29,0,31,3,0,63
2024-03-18 10:50:00,0,26,0,24,7,0,57
2024-03-18 11:00:00,0,36,0,31,3,0,70
2024-03-18 11:10:00,0,26,0,26,5,0,57
2024-03-18 11:20:00,0,26,0,22,4,0,52
2024-03-18 11:30:00,0,39,0,29,4,0,72
2024-03-18 11:40:00,0,42,0,25,2,0,69
2024-03-18 11:50:00,0,41,0,31,47,0,119
2024-03-18 12:00:00,0,36,0,30,2,0,68
2024-03-18 12:10:00,0,37,0,35,3,0,75
2024-03-18 12:20:00,0,32,0,25,3,0,60
2024-03-18 12:30:00,0,31,0,40,2,0,73
2024-03-18 12:40:00,0,28,0,31,2,0,61
2024-03-18 12:50:00,0,37,0,28,3,0,68
2024-03-18 13:00:00,0,29,0,28,0,0,57
2024-03-18 13:10:00,0,33,0,22,5,0,60
2024-03-18 13:20:00,0,27,0,29,7,0,63
2024-03-18 13:30:00,0,38,0,28,2,0,68
2024-03-18 13:40:00,0,40,0,25,4,0,69
2024-03-18 13:50:00,0,22,0,25,2,0,49
2024-03-18 14:00:00,0,33,0,31,3,0,67
2024-03-18 14:10:00,0,34,0,27,0,0,61
2024-03-18 14:20:00,0,43,0,26,2,0,71
2024-03-18 14:30:00,0,34,0,26,2,0,62
2024-03-18 14:40:00,0,35,0,38,5,0,78
2024-03-18 14:50:00,0,40,0,31,1,0,72
2024-03-18 15:00:00,0,41,0,30,3,0,74
2024-03-18 15:10:00,0,49,0,35,1,0,85
2024-03-18 15:20:00,0,47,0,40,3,0,90
2024-03-18 15:30:00,0,50,0,27,1,0,78
2024-03-18 15:40:00,0,48,0,42,3,0,93
2024-03-18 15:50:00,0,56,0,30,2,0,88
2024-03-18 16:00:00,0,46,0,33,1,0,80
2024-03-18 16:10:00,0,44,0,31,1,0,76
2024-03-18 16:20:00,0,42,0,30,3,0,75
2024-03-18 16:30:00,0,51,0,30,0,0,81
2024-03-18 16:40:00,0,49,0,42,2,0,93
2024-03-18 16:50:00,0,40,0,31,2,0,73
2024-03-18 17:00:00,0,42,0,35,2,0,79
2024-03-18 17:10:00,0,50,0,38,0,0,88
2024-03-18 17:20:00,0,47,0,25,1,0,73
2024-03-18 17:30:00,0,34,0,42,2,0,78
2024-03-18 17:40:00,0,40,0,35,2,0,77
2024-03-18 17:50:00,0,47,0,35,0,0,82
2024-03-18 18:00:00,0,44,0,26,0,0,70
2024-03-18 18:10:00,0,41,0,35,1,0,77
2024-03-18 18:20:00,0,34,0,36,1,0,71
2024-03-18 18:30:00,0,39,0,37,1,0,77
2024-03-18 18:40:00,0,39,0,34,5,0,78
2024-03-18 18:50:00,0,44,0,60,0,0,104
2024-03-18 19:00:00,0,36,0,63,1,0,100
2024-03-18 19:10:00,0,24,0,57,3,0,84
2024-03-18 19:20:00,0,34,0,58,2,0,94
2024-03-18 19:30:00,0,38,0,45,1,0,84
2024-03-18 19:40:00,0,36,0,36,1,0,73
2024-03-18 19:50:00,0,45,0,42,1,0,88
2024-03-18 20:00:00,0,29,0,48,1,0,78
2024-03-18 20:10:00,0,41,0,65,0,0,106
2024-03-18 20:20:00,0,32,0,37,2,0,71
2024-03-18 20:30:00,0,21,0,38,0,0,59
2024-03-18 20:40:00,0,21,0,45,2,0,68
2024-03-18 20:50:00,0,23,0,47,0,0,70
2024-03-18 21:00:00,0,23,0,39,1,0,63
2024-03-18 21:10:00,0,32,0,48,0,0,80
2024-03-18 21:20:00,0,18,0,36,0,0,54
2024-03-18 21:30:00,0,23,0,29,0,0,52
2024-03-18 21:40:00,0,16,0,31,0,0,47
2024-03-18 21:50:00,0,21,0,25,0,0,46
2024-03-18 22:00:00,0,23,0,33,1,0,57
2024-03-18 22:10:00,0,25,0,37,1,0,63
2024-03-18 22:20:00,0,14,0,47,0,0,61
2024-03-18 22:30:00,0,20,0,62,0,0,82
2024-03-18 22:40:00,0,11,0,38,1,0,50
2024-03-18 22:50:00,0,16,0,36,2,0,54
2024-03-18 23:00:00,0,6,0,27,0,0,33
2024-03-18 23:10:00,0,7,0,36,0,0,43
2024-03-18 23:20:00,0,12,0,31,0,0,43
2024-03-18 23:30:00,0,9,0,24,0,0,33
2024-03-18 23:40:00,0,5,0,18,0,0,23
2024-03-18 23:50:00,0,4,0,25,0,0,29
2024-03-19 00:00:00,0,8,0,16,0,0,24
2024-03-19 00:10:00,0,1,0,16,0,0,17
2024-03-19 00:20:00,0,7,0,3,0,0,10
2024-03-19 00:30:00,0,1,0,10,1,0,12
2024-03-19 00:40:00,0,3,0,6,0,0,9
2024-03-19 00:50:00,0,12,0,11,0,0,23
2024-03-19 01:00:00,0,0,0,2,0,0,2
2024-03-19 01:10:00,0,5,0,9,0,0,14
2024-03-19 01:20:00,0,2,0,10,0,0,12
2024-03-19 01:30:00,0,5,0,3,0,0,8
2024-03-19 01:40:00,0,2,0,2,0,0,4
2024-03-19 01:50:00,0,2,0,0,0,0,2
2024-03-19 02:00:00,0,6,0,5,1,0,12
2024-03-19 02:10:00,0,2,0,4,0,0,6
2024-03-19 02:20:00,0,0,0,5,0,0,5
2024-03-19 02:30:00,0,1,0,2,0,0,3
2024-03-19 02:40:00,0,2,0,10,0,0,12
2024-03-19 02:50:00,0,0,0,2,0,0,2
2024-03-19 03:00:00,0,3,0,1,0,0,4
2024-03-19 03:10:00,0,4,0,12,0,0,16
2024-03-19 03:20:00,0,0,0,1,0,0,1
2024-03-19 03:30:00,0,2,0,5,0,0,7
2024-03-19 03:40:00,0,2,0,8,0,0,10
2024-03-19 03:50:00,0,3,0,7,0,0,10
2024-03-19 04:00:00,0,4,0,11,0,0,15
2024-03-19 04:10:00,0,4,0,11,0,0,15
2024-03-19 04:20:00,0,3,0,12,0,0,15
2024-03-19 04:30:00,0,4,0,31,0,0,35
2024-03-19 04:40:00,0,10,0,47,1,0,58
2024-03-19 04:50:00,0,14,0,43,0,0,57
2024-03-19 05:00:00,0,9,0,53,0,0,62
2024-03-19 05:10:00,0,17,0,66,1,0,84
2024-03-19 05:20:00,0,20,0,57,0,0,77
2024-03-19 05:30:00,0,19,0,68,2,0,89
2024-03-19 05:40:00,0,15,0,71,2,0,88
2024-03-19 05:50:00,0,33,0,64,5,0,102
2024-03-19 06:00:00,0,23,0,73,5,0,101
2024-03-19 06:10:00,0,35,0,43,1,0,79
2024-03-19 06:20:00,0,40,0,28,5,0,73
2024-03-19 06:30:00,0,24,0,45,14,0,83
2024-03-19 06:40:00,0,33,0,31,18,0,82
2024-03-19 06:50:00,0,1,0,45,19,0,65
2024-03-19 07:00:00,0,0,0,23,16,0,39
2024-03-19 07:10:00,0,21,0,36,11,0,68
2024-03-19 07:20:00,0,23,0,32,12,0,67
2024-03-19 07:30:00,0,36,0,31,15,0,82
2024-03-19 07:40:00,0,36,0,31,15,0,82
2024-03-19 07:50:00,0,43,0,36,14,0,93
2024-03-19 08:00:00,0,30,0,22,14,0,66
2024-03-19 08:10:00,0,34,0,33,21,0,88
2024-03-19 08:20:00,0,37,0,37,11,0,85
2024-03-19 08:30:00,0,39,0,29,13,0,81
2024-03-19 08:40:00,0,32,0,43,12,0,87
2024-03-19 08:50:00,0,42,0,47,11,0,100
2024-03-19 09:00:00,0,37,0,27,7,0,71
2024-03-19 09:10:00,0,34,0,39,8,0,81
2024-03-19 09:20:00,0,41,0,34,4,0,79
2024-03-19 09:30:00,0,32,0,31,3,0,66
2024-03-19 09:40:00,0,40,0,23,0,0,63
2024-03-19 09:50:00,0,31,0,30,3,0,64
2024-03-19 10:00:00,0,31,0,27,3,0,61
2024-03-19 10:10:00,0,34,0,24,1,0,59
2024-03-19 10:20:00,0,33,0,29,7,0,69
2024-03-19 10:30:00,0,32,0,36,3,0,71
2024-03-19 10:40:00,0,21,0,24,5,0,50
2024-03-19 10:50:00,0,43,0,36,1,0,80
2024-03-19 11:00:00,0,33,0,33,6,0,72
2024-03-19 11:10:00,0,30,0,32,5,0,67
2024-03-19 11:20:00,0,31,0,32,2,0,65
2024-03-19 11:30:00,0,28,0,30,9,0,67
2024-03-19 11:40:00,0,26,0,24,1,0,51
2024-03-19 11:50:00,0,34,0,35,4,0,73
2024-03-19 12:00:00,0,33,0,36,3,0,72
2024-03-19 12:10:00,0,38,0,24,2,0,64
2024-03-19 12:20:00,0,30,0,31,5,0,66
2024-03-19 12:30:00,0,30,0,28,8,0,66
2024-03-19 12:40:00,0,36,0,23,7,0,66
2024-03-19 12:50:00,0,32,0,24,8,0,64
2024-03-19 13:00:00,0,39,0,27,2,0,68
2024-03-19 13:10:00,0,37,0,19,0,0,56
2024-03-19 13:20:00,0,26,0,24,2,0,52
2024-03-19 13:30:00,0,43,0,39,4,0,86
2024-03-19 13:40:00,0,39,0,36,2,0,77
2024-03-19 13:50:00,0,36,0,22,2,0,60
2024-03-19 14:00:00,0,42,0,27,1,0,70
2024-03-19 14:10:00,0,30,0,30,3,0,63
2024-03-19 14:20:00,0,45,0,26,3,0,74
2024-03-19 14:30:00,0,48,0,30,0,0,78
2024-03-19 14:40:00,0,30,0,31,3,0,64
2024-03-19 14:50:00,0,35,0,21,3,0,59
2024-03-19 15:00:00,0,39,0,27,2,0,68
2024-03-19 15:10:00,0,48,0,30,0,0,78
2024-03-19 15:20:00,0,51,0,43,20,0,114
2024-03-19 15:30:00,0,57,0,24,6,0,87
2024-03-19 15:40:00,0,48,0,28,3,0,79
2024-03-19 15:50:00,0,39,0,36,4,0,79
2024-03-19 16:00:00,0,48,0,31,0,0,79
2024-03-19 16:10:00,0,51,0,27,2,0,80
2024-03-19 16:20:00,0,44,0,34,1,0,79
2024-03-19 16:30:00,0,42,0,39,1,0,82
2024-03-19 16:40:00,0,42,0,38,3,0,83
2024-03-19 16:50:00,0,59,0,41,1,0,101
2024-03-19 17:00:00,0,36,0,29,2,0,67
2024-03-19 17:10:00,0,49,0,32,2,0,83
2024-03-19 17:20:00,0,41,0,30,0,0,71
2024-03-19 17:30:00,0,40,0,32,0,0,72
2024-03-19 17:40:00,0,45,0,35,3,0,83
2024-03-19 17:50:00,0,48,0,39,4,0,91
2024-03-19 18:00:00,0,41,0,33,4,0,78
2024-03-19 18:10:00,0,46,0,43,2,0,91
2024-03-19 18:20:00,0,49,0,35,0,0,84
2024-03-19 18:30:00,0,44,0,36,2,0,82
2024-03-19 18:40:00,0,40,0,36,2,0,78
2024-03-19 18:50:00,0,40,0,44,0,0,84
2024-03-19 19:00:00,0,35,0,51,0,0,86
2024-03-19 19:10:00,0,38,0,78,1,0,117
2024-03-19 19:20:00,0,38,0,50,1,0,89
2024-03-19 19:30:00,0,40,0,62,2,0,104
2024-03-19 19:40:00,0,28,0,49,0,0,77
2024-03-19 19:50:00,0,24,0,51,1,0,76
2024-03-19 20:00:00,0,42,0,56,1,0,99
2024-03-19 20:10:00,0,37,0,49,1,0,87
2024-03-19 20:20:00,0,35,0,58,0,0,93
2024-03-19 20:30:00,0,28,0,53,0,0,81
2024-03-19 20:40:00,0,25,0,53,0,0,78
2024-03-19 20:50:00,0,26,0,50,0,0,76
2024-03-19 21:00:00,0,31,0,64,0,0,95
2024-03-19 21:10:00,0,26,0,57,0,0,83
2024-03-19 21:20:00,0,30,0,56,2,0,88
2024-03-19 21:30:00,0,26,0,50,0,0,76
2024-03-19 21:40:00,0,21,0,46,1,0,68
2024-03-19 21:50:00,0,20,0,36,1,0,57
2024-03-19 22:00:00,0,19,0,40,1,0,60
2024-03-19 22:10:00,0,25,0,22,0,0,47
2024-03-19 22:20:00,0,32,0,51,1,0,84
2024-03-19 22:30:00,0,31,0,43,1,0,75
2024-03-19 22:40:00,0,13,0,33,0,0,46
2024-03-19 22:50:00,0,8,0,37,0,0,45
2024-03-19 23:00:00,0,11,0,24,1,0,36
2024-03-19 23:10:00,0,16,0,21,1,0,38
2024-03-19 23:20:00,0,9,0,31,0,0,40
2024-03-19 23:30:00,0,3,0,24,0,0,27
2024-03-19 23:40:00,0,16,0,20,0,0,36
2024-03-19 23:50:00,0,9,0,15,1,0,25
2024-03-20 00:00:00,0,7,0,19,0,0,26
2024-03-20 00:10:00,0,5,0,8,0,0,13
2024-03-20 00:20:00,0,12,0,13,0,0,25
2024-03-20 00:30:00,0,8,0,8,0,0,16
2024-03-20 00:40:00,0,6,0,17,0,0,23
2024-03-20 00:50:00,0,2,0,11,0,0,13
2024-03-20 01:00:00,0,2,0,5,0,0,7
2024-03-20 01:10:00,0,5,0,13,0,0,18
2024-03-20 01:20:00,0,3,0,7,0,0,10
2024-03-20 01:30:00,0,1,0,5,0,0,6
2024-03-20 01:40:00,0,2,0,9,0,0,11
2024-03-20 01:50:00,0,0,0,9,0,0,9
2024-03-20 02:00:00,0,1,0,5,0,0,6
2024-03-20 02:10:00,0,2,0,10,0,0,12
2024-03-20 02:20:00,0,3,0,2,0,0,5
2024-03-20 02:30:00,0,1,0,7,0,0,8
2024-03-20 02:40:00,0,2,0,3,0,0,5
2024-03-20 02:50:00,0,0,0,4,0,0,4
2024-03-20 03:00:00,0,5,0,3,0,0,8
2024-03-20 03:10:00,0,4,0,12,0,0,16
2024-03-20 03:20:00,0,3,0,7,0,0,10
2024-03-20 03:30:00,0,8,0,0,0,0,8
2024-03-20 03:40:00,0,4,0,3,0,0,7
2024-03-20 03:50:00,0,2,0,3,0,0,5
2024-03-20 04:00:00,0,1,0,18,1,0,20
2024-03-20 04:10:00,0,5,0,10,0,0,15
2024-03-20 04:20:00,0,3,0,13,0,0,16
2024-03-20 04:30:00,0,2,0,25,0,0,27
2024-03-20 04:40:00,0,6,0,30,0,0,36
2024-03-20 04:50:00,0,13,0,34,0,0,47
2024-03-20 05:00:00,0,12,0,53,1,0,66
2024-03-20 05:10:00,0,19,0,82,2,0,103
2024-03-20 05:20:00,0,21,0,58,0,0,79
2024-03-20 05:30:00,0,17,0,64,0,0,81
2024-03-20 05:40:00,0,31,0,74,0,0,105
2024-03-20 05:50:00,0,22,0,67,4,0,93
2024-03-20 06:00:00,0,35,0,64,5,0,104
2024-03-20 06:10:00,0,26,0,48,3,0,77
2024-03-20 06:20:00,0,23,0,42,6,0,71
2024-03-20 06:30:00,0,25,0,44,11,0,80
2024-03-20 06:40:00,0,37,0,39,6,0,82
2024-03-20 06:50:00,0,26,0,28,8,0,62
2024-03-20 07:00:00,0,31,0,36,21,0,88
2024-03-20 07:10:00,0,41,0,37,10,0,88
2024-03-20 07:20:00,0,39,0,36,14,0,89
2024-03-20 07:30:00,0,38,0,30,8,0,76
2024-03-20 07:40:00,0,39,0,34,13,0,86
2024-03-20 07:50:00,0,36,0,36,10,0,82
2024-03-20 08:00:00,0,39,0,36,11,0,86
2024-03-20 08:10:00,0,35,0,40,31,0,106
2024-03-20 08:20:00,0,31,0,40,18,0,89
2024-03-20 08:30:00,0,49,0,35,8,0,92
2024-03-20 08:40:00,0,35,0,35,13,0,83
2024-03-20 08:50:00,0,33,0,26,12,0,71
2024-03-20 09:00:00,0,35,0,34,9,0,78
2024-03-20 09:10:00,0,44,0,31,10,0,85
2024-03-20 09:20:00,0,42,0,41,86,0,169
2024-03-20 09:30:00,0,31,0,35,5,0,71
2024-03-20 09:40:00,0,41,0,25,5,0,71
2024-03-20 09:50:00,0,34,0,30,2,0,66
2024-03-20 10:00:00,0,37,0,28,2,0,67
2024-03-20 10:10:00,0,28,0,32,4,0,64
2024-03-20 10:20:00,0,34,0,24,6,0,64
2024-03-20 10:30:00,0,29,0,23,4,0,56
2024-03-20 10:40:00,0,39,0,37,5,0,81
2024-03-20 10:50:00,0,28,0,28,3,0,59
2024-03-20 11:00:00,0,24,0,23,5,0,52
2024-03-20 11:10:00,0,41,0,29,1,0,71
2024-03-20 11:20:00,0,38,0,27,3,0,68
2024-03-20 11:30:00,0,42,0,31,1,0,74
2024-03-20 11:40:00,0,27,0,31,1,0,59
2024-03-20 11:50:00,0,29,0,36,4,0,69
2024-03-20 12:00:00,0,41,0,28,5,0,74
2024-03-20 12:10:00,0,44,0,35,7,0,86
2024-03-20 12:20:00,0,34,0,30,5,0,69
2024-03-20 12:30:00,0,33,0,27,6,0,66
2024-03-20 12:40:00,0,33,0,39,4,0,76
2024-03-20 12:50:00,0,36,0,32,5,0,73
2024-03-20 13:00:00,0,38,0,25,4,0,67
2024-03-20 13:10:00,0,35,0,35,2,0,72
2024-03-20 13:20:00,0,32,0,27,2,0,61
2024-03-20 13:30:00,0,28,0,27,9,0,64
2024-03-20 13:40:00,0,34,0,32,7,0,73
2024-03-20 13:50:00,0,34,0,31,1,0,66
2024-03-20 14:00:00,0,36,0,30,0,0,66
2024-03-20 14:10:00,0,31,0,37,4,0,72
2024-03-20 14:20:00,0,36,0,34,4,0,74
2024-03-20 14:30:00,0,43,0,40,4,0,87
2024-03-20 14:40:00,0,41,0,32,2,0,75
2024-03-20 14:50:00,0,38,0,25,4,0,67
2024-03-20 15:00:00,0,39,0,34,6,0,79
2024-03-20 15:10:00,0,54,0,35,2,0,91
2024-03-20 15:20:00,0,52,0,35,1,0,88
2024-03-20 15:30:00,0,46,0,34,1,0,81
2024-03-20 15:40:00,0,42,0,27,2,0,71
2024-03-20 15:50:00,0,51,0,36,1,0,88
2024-03-20 16:00:00,0,48,0,30,0,0,78
2024-03-20 16:10:00,0,45,0,36,2,0,83
2024-03-20 16:20:00,0,47,0,27,1,0,75
2024-03-20 16:30:00,0,50,0,23,22,0,95
2024-03-20 16:40:00,0,52,0,41,1,0,94
2024-03-20 16:50:00,0,45,0,41,2,0,88
2024-03-20 17:00:00,0,40,0,35,1,0,76
2024-03-20 17:10:00,0,36,0,33,3,0,72
2024-03-20 17:20:00,0,55,0,38,0,0,93
2024-03-20 17:30:00,0,42,0,33,1,0,76
2024-03-20 17:40:00,0,51,0,32,4,0,87
2024-03-20 17:50:00,0,34,0,45,1,0,80
2024-03-20 18:00:00,0,52,0,35,1,0,88
2024-03-20 18:10:00,0,47,0,38,2,0,87
2024-03-20 18:20:00,0,40,0,49,3,0,92
2024-03-20 18:30:00,0,41,0,29,1,0,71
2024-03-20 18:40:00,0,44,0,37,3,0,84
2024-03-20 18:50:00,0,43,0,53,0,0,96
2024-03-20 19:00:00,0,37,0,41,1,0,79
2024-03-20 19:10:00,0,49,0,64,2,0,115
2024-03-20 19:20:00,0,48,0,63,0,0,111
2024-03-20 19:30:00,0,29,0,57,2,0,88
2024-03-20 19:40:00,0,42,0,60,1,0,103
2024-03-20 19:50:00,0,38,0,52,1,0,91
2024-03-20 20:00:00,0,32,0,64,0,0,96
2024-03-20 20:10:00,0,46,0,42,0,0,88
2024-03-20 20:20:00,0,37,0,59,0,0,96
2024-03-20 20:30:00,0,28,0,53,1,0,82
2024-03-20 20:40:00,0,25,0,65,0,0,90
2024-03-20 20:50:00,0,19,0,61,0,0,80
2024-03-20 21:00:00,0,18,0,69,2,0,89
2024-03-20 21:10:00,0,20,0,50,0,0,70
2024-03-20 21:20:00,0,35,0,58,0,0,93
2024-03-20 21:30:00,0,29,0,49,0,0,78
2024-03-20 21:40:00,0,32,0,38,0,0,70
2024-03-20 21:50:00,0,28,0,36,0,0,64
2024-03-20 22:00:00,0,39,0,53,0,0,92
2024-03-20 22:10:00,0,14,0,50,0,0,64
2024-03-20 22:20:00,0,21,0,47,1,0,69
2024-03-20 22:30:00,0,18,0,53,3,0,74
2024-03-20 22:40:00,0,14,0,35,1,0,50
2024-03-20 22:50:00,0,14,0,27,0,0,41
2024-03-20 23:00:00,0,11,0,37,0,0,48
2024-03-20 23:10:00,0,17,0,28,1,0,46
2024-03-20 23:20:00,0,20,0,14,0,0,34
2024-03-20 23:30:00,0,10,0,36,1,0,47
2024-03-20 23:40:00,0,10,0,26,2,0,38
2024-03-20 23:50:00,0,9,0,11,0,0,20
2024-03-21 00:00:00,0,6,0,22,0,0,28
2024-03-21 00:10:00,0,3,0,10,0,0,13
2024-03-21 00:20:00,0,5,0,13,0,0,18
2024-03-21 00:30:00,0,9,0,17,1,0,27
2024-03-21 00:40:00,0,4,0,23,1,0,28
2024-03-21 00:50:00,0,0,0,11,1,0,12
2024-03-21 01:00:00,0,1,0,21,1,0,23
2024-03-21 01:10:00,0,1,0,9,0,0,10
2024-03-21 01:20:00,0,2,0,14,0,0,16
2024-03-21 01:30:00,0,2,0,7,0,0,9
2024-03-21 01:40:00,0,0,0,6,0,0,6
2024-03-21 01:50:00,0,4,0,10,0,0,14
2024-03-21 02:00:00,0,4,0,11,0,0,15
2024-03-21 02:10:00,0,3,0,0,0,0,3
2024-03-21 02:20:00,0,6,0,6,0,0,12
2024-03-21 02:30:00,0,0,0,4,0,0,4
2024-03-21 02:40:00,0,0,0,14,0,0,14
2024-03-21 02:50:00,0,2,0,4,0,0,6
2024-03-21 03:00:00,0,2,0,3,0,0,5
2024-03-21 03:10:00,0,0,0,5,0,0,5
2024-03-21 03:20:00,0,3,0,2,0,0,5
2024-03-21 03:30:00,0,3,0,3,0,0,6
2024-03-21 03:40:00,0,2,0,4,0,0,6
2024-03-21 03:50:00,0,0,0,8,0,0,8
2024-03-21 04:00:00,0,5,0,12,0,0,17
2024-03-21 04:10:00,0,4,0,10,0,0,14
2024-03-21 04:20:00,0,2,0,24,2,0,28
2024-03-21 04:30:00,0,4,0,32,0,0,36
2024-03-21 04:40:00,0,8,0,28,0,0,36
2024-03-21 04:50:00,0,5,0,29,1,0,35
2024-03-21 05:00:00,0,21,0,57,0,0,78
2024-03-21 05:10:00,0,13,0,68,0,0,81
2024-03-21 05:20:00,0,16,0,59,0,0,75
2024-03-21 05:30:00,0,16,0,72,2,0,90
2024-03-21 05:40:00,0,21,0,59,2,0,82
2024-03-21 05:50:00,0,29,0,75,4,0,108
2024-03-21 06:00:00,0,25,0,57,5,0,87
2024-03-21 06:10:00,0,24,0,46,7,0,77
2024-03-21 06:20:00,0,32,0,34,5,0,71
2024-03-21 06:30:00,0,27,0,36,10,0,73
2024-03-21 06:40:00,0,26,0,36,10,0,72
2024-03-21 06:50:00,0,33,0,38,15,0,86
2024-03-21 07:00:00,0,29,0,47,15,0,91
2024-03-21 07:10:00,0,32,0,40,14,0,86
2024-03-21 07:20:00,0,40,0,38,13,0,91
2024-03-21 07:30:00,0,34,0,40,10,0,84
2024-03-21 07:40:00,0,31,0,34,8,0,73
2024-03-21 07:50:00,0,29,0,32,10,0,71
2024-03-21 08:00:00,0,39,0,36,19,0,94
2024-03-21 08:10:00,0,32,0,33,14,0,79
2024-03-21 08:20:00,0,37,0,36,13,0,86
2024-03-21 08:30:00,0,28,0,41,11,0,80
2024-03-21 08:40:00,0,41,0,38,9,0,88
2024-03-21 08:50:00,0,38,0,37,7,0,82
2024-03-21 09:00:00,0,32,0,29,3,0,64
2024-03-21 09:10:00,0,44,0,37,7,0,88
2024-03-21 09:20:00,0,39,0,41,4,0,84
2024-03-21 09:30:00,0,40,0,28,3,0,71
2024-03-21 09:40:00,0,34,0,35,2,0,71
2024-03-21 09:50:00,0,27,0,32,5,0,64
2024-03-21 10:00:00,0,31,0,31,5,0,67
2024-03-21 10:10:00,0,36,0,29,5,0,70
2024-03-21 10:20:00,0,17,0,27,1,0,45
2024-03-21 10:30:00,0,35,0,22,1,0,58
2024-03-21 10:40:00,0,38,0,36,4,0,78
2024-03-21 10:50:00,0,45,0,36,1,0,82
2024-03-21 11:00:00,0,23,0,32,5,0,60
2024-03-21 11:10:00,0,41,0,37,1,0,79
2024-03-21 11:20:00,0,39,0,30,5,0,74
2024-03-21 11:30:00,0,34,0,40,2,0,76
2024-03-21 11:40:00,0,34,0,38,4,0,76
2024-03-21 11:50:00,0,36,0,30,4,0,70
2024-03-21 12:00:00,0,35,0,27,4,0,66
2024-03-21 12:10:00,0,40,0,35,6,0,81
2024-03-21 12:20:00,0,28,0,26,6,0,60
2024-03-21 12:30:00,0,39,0,23,4,0,66
2024-03-21 12:40:00,0,34,0,31,4,0,69
2024-03-21 12:50:00,0,40,0,36,8,0,84
2024-03-21 13:00:00,0,41,0,28,1,0,70
2024-03-21 13:10:00,0,37,0,36,6,0,79
2024-03-21 13:20:00,0,33,0,30,4,0,67
2024-03-21 13:30:00,0,39,0,27,2,0,68
2024-03-21 13:40:00,0,32,0,23,7,0,62
2024-03-21 13:50:00,0,43,0,37,7,0,87
2024-03-21 14:00:00,0,49,0,35,3,0,87
2024-03-21 14:10:00,0,37,0,29,0,0,66
2024-03-21 14:20:00,0,38,0,30,1,0,69
2024-03-21 14:30:00,0,36,0,29,3,0,68
2024-03-21 14:40:00,0,43,0,28,4,0,75
2024-03-21 14:50:00,0,44,0,28,2,0,74
2024-03-21 15:00:00,0,53,0,35,3,0,91
2024-03-21 15:10:00,0,34,0,38,5,0,77
2024-03-21 15:20:00,0,46,0,36,2,0,84
2024-03-21 15:30:00,0,39,0,37,5,0,81
2024-03-21 15:40:00,0,50,0,36,2,0,88
2024-03-21 15:50:00,0,43,0,35,3,0,81
2024-03-21 16:00:00,0,38,0,29,2,0,69
2024-03-21 16:10:00,0,34,0,38,3,0,75
2024-03-21 16:20:00,0,45,0,26,2,0,73
2024-03-21 16:30:00,0,42,0,30,3,0,75
2024-03-21 16:40:00,0,34,0,32,2,0,68
2024-03-21 16:50:00,0,50,0,40,0,0,90
2024-03-21 17:00:00,0,44,0,40,2,0,86
2024-03-21 17:10:00,0,51,0,40,1,0,92
2024-03-21 17:20:00,0,50,0,32,3,0,85
2024-03-21 17:30:00,0,40,0,33,2,0,75
2024-03-21 17:40:00,0,54,0,39,1,0,94
2024-03-21 17:50:00,0,43,0,41,2,0,86
2024-03-21 18:00:00,0,45,0,34,2,0,81
2024-03-21 18:10:00,0,44,0,35,0,0,79
2024-03-21 18:20:00,0,40,0,32,0,0,72
2024-03-21 18:30:00,0,34,0,31,1,0,66
2024-03-21 18:40:00,0,44,0,35,1,0,80
2024-03-21 18:50:00,0,54,0,63,3,0,120
2024-03-21 19:00:00,0,39,0,57,1,0,97
2024-03-21 19:10:00,0,40,0,56,0,0,96
2024-03-21 19:20:00,0,43,0,71,7,0,121
2024-03-21 19:30:00,0,39,0,60,3,0,102
2024-03-21 19:40:00,0,42,0,66,0,0,108
2024-03-21 19:50:00,0,37,0,82,20,0,139
2024-03-21 20:00:00,0,29,0,44,0,0,73
2024-03-21 20:10:00,0,32,0,46,1,0,79
2024-03-21 20:20:00,0,41,0,44,3,0,88
2024-03-21 20:30:00,0,35,0,42,3,0,80
2024-03-21 20:40:00,0,33,0,58,0,0,91
2024-03-21 20:50:00,0,38,0,61,0,0,99
2024-03-21 21:00:00,0,29,0,51,0,0,80
2024-03-21 21:10:00,0,28,0,56,1,0,85
2024-03-21 21:20:00,0,30,0,59,1,0,90
2024-03-21 21:30:00,0,27,0,45,0,0,72
2024-03-21 21:40:00,0,28,0,41,0,0,69
2024-03-21 21:50:00,0,22,0,52,1,0,75
2024-03-21 22:00:00,0,30,0,35,0,0,65
2024-03-21 22:10:00,0,26,0,60,0,0,86
2024-03-21 22:20:00,0,22,0,44,0,0,66
2024-03-21 22:30:00,0,14,0,57,2,0,73
2024-03-21 22:40:00,0,22,0,45,0,0,67
2024-03-21 22:50:00,0,16,0,59,0,0,75
2024-03-21 23:00:00,0,14,0,44,0,0,58
2024-03-21 23:10:00,0,16,0,33,1,0,50
2024-03-21 23:20:00,0,11,0,37,1,0,49
2024-03-21 23:30:00,0,15,0,44,0,0,59
2024-03-21 23:40:00,0,10,0,31,0,0,41
2024-03-21 23:50:00,0,9,0,24,1,0,34
2024-03-22 00:00:00,0,10,0,22,1,0,33
2024-03-22 00:10:00,0,8,0,14,0,0,22
2024-03-22 00:20:00,0,2,0,7,0,0,9
2024-03-22 00:30:00,0,6,0,12,0,0,18
2024-03-22 00:40:00,0,4,0,27,0,0,31
2024-03-22 00:50:00,0,2,0,5,0,0,7
2024-03-22 01:00:00,0,8,0,11,0,0,19
2024-03-22 01:10:00,0,4,0,2,0,0,6
2024-03-22 01:20:00,0,8,0,3,0,0,11
2024-03-22 01:30:00,0,2,0,13,0,0,15
2024-03-22 01:40:00,0,2,0,17,0,0,19
2024-03-22 01:50:00,0,5,0,16,0,0,21
2024-03-22 02:00:00,0,1,0,6,0,0,7
2024-03-22 02:10:00,0,0,0,7,0,0,7
2024-03-22 02:20:00,0,6,0,3,0,0,9
2024-03-22 02:30:00,0,1,0,6,0,0,7
2024-03-22 02:40:00,0,3,0,3,0,0,6
2024-03-22 02:50:00,0,4,0,1,0,0,5
2024-03-22 03:00:00,0,0,0,5,0,0,5
2024-03-22 03:10:00,0,3,0,10,0,0,13
2024-03-22 03:20:00,0,3,0,0,0,0,3
2024-03-22 03:30:00,0,2,0,1,0,0,3
2024-03-22 03:40:00,0,1,0,5,0,0,6
2024-03-22 03:50:00,0,3,0,11,0,0,14
2024-03-22 04:00:00,0,6,0,10,0,0,16
2024-03-22 04:10:00,0,7,0,12,0,0,19
2024-03-22 04:20:00,0,2,0,21,0,0,23
2024-03-22 04:30:00,0,2,0,21,1,0,24
2024-03-22 04:40:00,0,6,0,31,0,0,37
2024-03-22 04:50:00,0,6,0,52,1,0,59
2024-03-22 05:00:00,0,17,0,39,0,0,56
2024-03-22 05:10:00,0,18,0,57,0,0,75
2024-03-22 05:20:00,0,13,0,40,0,0,53
2024-03-22 05:30:00,0,20,0,60,1,0,81
2024-03-22 05:40:00,0,22,0,57,1,0,80
2024-03-22 05:50:00,0,28,0,76,3,0,107
2024-03-22 06:00:00,0,29,0,75,2,0,106
2024-03-22 06:10:00,0,27,0,45,3,0,75
2024-03-22 06:20:00,0,27,0,41,3,0,71
2024-03-22 06:30:00,0,34,0,35,11,0,80
2024-03-22 06:40:00,0,32,0,33,87,0,152
2024-03-22 06:50:00,0,21,0,30,20,0,71
2024-03-22 07:00:00,0,36,0,26,12,0,74
2024-03-22 07:10:00,0,35,0,27,6,0,68
2024-03-22 07:20:00,0,29,0,35,10,0,74
2024-03-22 07:30:00,0,38,0,36,7,0,81
2024-03-22 07:40:00,0,39,0,27,6,0,72
2024-03-22 07:50:00,0,42,0,27,6,0,75
2024-03-22 08:00:00,0,36,0,39,7,0,82
2024-03-22 08:10:00,0,34,0,23,5,0,62
2024-03-22 08:20:00,0,30,0,32,13,0,75
2024-03-22 08:30:00,0,35,0,30,4,0,69
2024-03-22 08:40:00,0,33,0,38,8,0,79
2024-03-22 08:50:00,0,36,0,28,6,0,70
2024-03-22 09:00:00,0,36,0,37,6,0,79
2024-03-22 09:10:00,0,37,0,29,7,0,73
2024-03-22 09:20:00,0,38,0,24,5,0,67
2024-03-22 09:30:00,0,30,0,27,2,0,59
2024-03-22 09:40:00,0,31,0,29,5,0,65
2024-03-22 09:50:00,0,28,0,26,2,0,56
2024-03-22 10:00:00,0,36,0,35,2,0,73
2024-03-22 10:10:00,0,36,0,30,16,0,82
2024-03-22 10:20:00,0,35,0,31,5,0,71
2024-03-22 10:30:00,0,34,0,21,1,0,56
2024-03-22 10:40:00,0,39,0,31,2,0,72
2024-03-22 10:50:00,0,30,0,30,5,0,65
2024-03-22 11:00:00,0,32,0,25,5,0,62
2024-03-22 11:10:00,0,37,0,32,1,0,70
2024-03-22 11:20:00,0,25,0,32,10,0,67
2024-03-22 11:30:00,0,34,0,33,3,0,70
2024-03-22 11:40:00,0,32,0,32,7,0,71
2024-03-22 11:50:00,0,34,0,29,7,0,70
2024-03-22 12:00:00,0,31,0,32,8,0,71
2024-03-22 12:10:00,0,43,0,40,4,0,87
2024-03-22 12:20:00,0,25,0,26,5,0,56
2024-03-22 12:30:00,0,2,0,3,0,0,5
2024-03-22 12:40:00,0,56,0,41,2,0,99
2024-03-22 12:50:00,0,35,0,31,3,0,69
2024-03-22 13:00:00,0,30,0,38,1,0,69
2024-03-22 13:10:00,0,40,0,35,1,0,76
2024-03-22 13:20:00,0,39,0,30,6,0,75
2024-03-22 13:30:00,0,36,0,34,2,0,72
2024-03-22 13:40:00,0,37,0,46,2,0,85
2024-03-22 13:50:00,0,50,0,31,2,0,83
2024-03-22 14:00:00,0,32,0,34,3,0,69
2024-03-22 14:10:00,0,38,0,40,1,0,79
2024-03-22 14:20:00,0,44,0,33,2,0,79
2024-03-22 14:30:00,0,49,0,29,17,0,95
2024-03-22 14:40:00,0,46,0,30,4,0,80
2024-03-22 14:50:00,0,37,0,31,2,0,70
2024-03-22 15:00:00,0,51,0,33,4,0,88
2024-03-22 15:10:00,0,38,0,42,0,0,80
2024-03-22 15:20:00,0,41,0,31,1,0,73
2024-03-22 15:30:00,0,38,0,38,2,0,78
2024-03-22 15:40:00,0,42,0,37,4,0,83
2024-03-22 15:50:00,0,33,0,40,5,0,78
2024-03-22 16:00:00,0,50,0,43,0,0,93
2024-03-22 16:10:00,0,41,0,29,1,0,71
2024-03-22 16:20:00,0,39,0,38,2,0,79
2024-03-22 16:30:00,0,38,0,37,2,0,77
2024-03-22 16:40:00,0,38,0,30,2,0,70
2024-03-22 16:50:00,0,40,0,41,0,0,81
2024-03-22 17:00:00,0,30,0,30,0,0,60
2024-03-22 17:10:00,0,50,0,35,0,0,85
2024-03-22 17:20:00,0,41,0,36,0,0,77
2024-03-22 17:30:00,0,34,0,27,1,0,62
2024-03-22 17:40:00,0,37,0,40,2,0,79
2024-03-22 17:50:00,0,45,0,37,1,0,83
2024-03-22 18:00:00,0,41,0,35,0,0,76
2024-03-22 18:10:00,0,36,0,36,1,0,73
2024-03-22 18:20:00,0,41,0,35,2,0,78
2024-03-22 18:30:00,0,19,0,15,0,0,34
2024-03-22 18:40:00,0,21,0,19,3,0,43
2024-03-22 18:50:00,0,22,0,28,1,0,51
2024-03-22 19:00:00,0,37,0,56,0,0,93
2024-03-22 19:10:00,0,49,0,72,138,0,259
2024-03-22 19:20:00,0,35,0,68,0,0,103
2024-03-22 19:30:00,0,26,0,49,0,0,75
2024-03-22 19:40:00,0,37,0,57,0,0,94
2024-03-22 19:50:00,0,38,0,55,1,0,94
2024-03-22 20:00:00,0,34,0,51,2,0,87
2024-03-22 20:10:00,0,32,0,52,1,0,85
2024-03-22 20:20:00,0,28,0,49,0,0,77
2024-03-22 20:30:00,0,36,0,66,0,0,102
2024-03-22 20:40:00,0,24,0,39,1,0,64
2024-03-22 20:50:00,0,35,0,50,1,0,86
2024-03-22 21:00:00,0,29,0,68,0,0,97
2024-03-22 21:10:00,0,30,0,39,0,0,69
2024-03-22 21:20:00,0,28,0,49,0,0,77
2024-03-22 21:30:00,0,20,0,56,0,0,76
2024-03-22 21:40:00,0,28,0,53,0,0,81
2024-03-22 21:50:00,0,21,0,36,0,0,57
2024-03-22 22:00:00,0,9,0,40,0,0,49
2024-03-22 22:10:00,0,20,0,38,2,0,60
2024-03-22 22:20:00,0,18,0,59,1,0,78
2024-03-22 22:30:00,0,26,0,47,1,0,74
2024-03-22 22:40:00,0,20,0,44,0,0,64
2024-03-22 22:50:00,0,18,0,54,1,0,73
2024-03-22 23:00:00,0,20,0,45,0,0,65
2024-03-22 23:10:00,0,23,0,37,0,0,60
2024-03-22 23:20:00,0,21,0,38,0,0,59
2024-03-22 23:30:00,0,14,0,45,2,0,61
2024-03-22 23:40:00,0,14,0,24,0,0,38
2024-03-22 23:50:00,0,7,0,24,0,0,31
2024-03-23 00:00:00,0,7,0,49,0,0,56
2024-03-23 00:10:00,0,25,0,35,0,0,60
2024-03-23 00:20:00,0,23,0,35,1,0,59
2024-03-23 00:30:00,0,11,0,36,1,0,48
2024-03-23 00:40:00,0,16,0,34,0,0,50
2024-03-23 00:50:00,0,2,0,12,1,0,15
2024-03-23 01:00:00,0,12,0,28,0,0,40
2024-03-23 01:10:00,0,7,0,22,0,0,29
2024-03-23 01:20:00,0,7,0,15,0,0,22
2024-03-23 01:30:00,0,9,0,21,0,0,30
2024-03-23 01:40:00,0,6,0,8,0,0,14
2024-03-23 01:50:00,0,6,0,17,2,0,25
2024-03-23 02:00:00,0,7,0,8,0,0,15
2024-03-23 02:10:00,0,8,0,13,1,0,22
2024-03-23 02:20:00,0,4,0,1,0,0,5
2024-03-23 02:30:00,0,2,0,4,0,0,6
2024-03-23 02:40:00,0,8,0,19,0,0,27
2024-03-23 02:50:00,0,4,0,5,0,0,9
2024-03-23 03:00:00,0,8,0,7,0,0,15
2024-03-23 03:10:00,0,3,0,11,0,0,14
2024-03-23 03:20:00,0,8,0,10,0,0,18
2024-03-23 03:30:00,0,2,0,3,2,0,7
2024-03-23 03:40:00,0,6,0,11,0,0,17
2024-03-23 03:50:00,0,5,0,11,0,0,16
2024-03-23 04:00:00,0,2,0,8,0,0,10
2024-03-23 04:10:00,0,1,0,5,0,0,6
2024-03-23 04:20:00,0,3,0,13,0,0,16
2024-03-23 04:30:00,0,3,0,7,0,0,10
2024-03-23 04:40:00,0,12,0,14,0,0,26
2024-03-23 04:50:00,0,7,0,13,0,0,20
2024-03-23 05:00:00,0,8,0,44,1,0,53
2024-03-23 05:10:00,0,8,0,27,1,0,36
2024-03-23 05:20:00,0,5,0,22,2,0,29
2024-03-23 05:30:00,0,7,0,17,0,0,24
2024-03-23 05:40:00,0,11,0,16,0,0,27
2024-03-23 05:50:00,0,9,0,15,0,0,24
2024-03-23 06:00:00,0,8,0,12,0,0,20
2024-03-23 06:10:00,0,7,0,17,0,0,24
2024-03-23 06:20:00,0,12,0,12,0,0,24
2024-03-23 06:30:00,0,14,0,12,0,0,26
2024-03-23 06:40:00,0,4,0,11,2,0,17
2024-03-23 06:50:00,0,5,0,15,0,0,20
2024-03-23 07:00:00,0,3,0,12,0,0,15
2024-03-23 07:10:00,0,8,0,10,0,0,18
2024-03-23 07:20:00,0,11,0,8,0,0,19
2024-03-23 07:30:00,0,10,0,8,1,0,19
2024-03-23 07:40:00,0,15,0,13,1,0,29
2024-03-23 07:50:00,0,16,0,14,0,0,30
2024-03-23 08:00:00,0,16,0,16,0,0,32
2024-03-23 08:10:00,0,10,0,17,0,0,27
2024-03-23 08:20:00,0,14,0,20,0,0,34
2024-03-23 08:30:00,0,20,0,14,0,0,34
2024-03-23 08:40:00,0,18,0,12,0,0,30
2024-03-23 08:50:00,0,23,0,23,0,0,46
2024-03-23 09:00:00,0,23,0,20,2,0,45
2024-03-23 09:10:00,0,36,0,25,0,0,61
2024-03-23 09:20:00,0,25,0,27,0,0,52
2024-03-23 09:30:00,0,30,0,27,0,0,57
2024-03-23 09:40:00,0,40,0,33,0,0,73
2024-03-23 09:50:00,0,27,0,37,2,0,66
2024-03-23 10:00:00,0,32,0,30,1,0,63
2024-03-23 10:10:00,0,31,0,23,0,0,54
2024-03-23 10:20:00,0,28,0,29,0,0,57
2024-03-23 10:30:00,0,41,0,30,2,0,73
2024-03-23 10:40:00,0,29,0,35,3,0,67
2024-03-23 10:50:00,0,32,0,21,2,0,55
2024-03-23 11:00:00,0,32,0,29,2,0,63
2024-03-23 11:10:00,0,29,0,27,3,0,59
2024-03-23 11:20:00,0,34,0,34,0,0,68
2024-03-23 11:30:00,0,35,0,35,2,0,72
2024-03-23 11:40:00,0,41,0,41,0,0,82
2024-03-23 11:50:00,0,34,0,32,0,0,66
2024-03-23 12:00:00,0,35,0,27,1,0,63
2024-03-23 12:10:00,0,32,0,35,2,0,69
2024-03-23 12:20:00,0,37,0,31,2,0,70
2024-03-23 12:30:00,0,31,0,41,0,0,72
2024-03-23 12:40:00,0,36,0,37,1,0,74
2024-03-23 12:50:00,0,33,0,24,1,0,58
2024-03-23 13:00:00,0,37,0,34,1,0,72
2024-03-23 13:10:00,0,38,0,35,1,0,74
2024-03-23 13:20:00,0,36,0,36,3,0,75
2024-03-23 13:30:00,0,36,0,37,0,0,73
2024-03-23 13:40:00,0,34,0,31,1,0,66
2024-03-23 13:50:00,0,26,0,30,0,0,56
2024-03-23 14:00:00,0,41,0,38,0,0,79
2024-03-23 14:10:00,0,41,0,26,0,0,67
2024-03-23 14:20:00,0,31,0,28,0,0,59
2024-03-23 14:30:00,0,35,0,39,3,0,77
2024-03-23 14:40:00,0,35,0,31,2,0,68
2024-03-23 14:50:00,0,37,0,30,2,0,69
2024-03-23 15:00:00,0,29,0,28,4,0,61
2024-03-23 15:10:00,0,33,0,33,1,0,67
2024-03-23 15:20:00,0,27,0,30,0,0,57
2024-03-23 15:30:00,0,27,0,35,2,0,64
2024-03-23 15:40:00,0,34,0,28,0,0,62
2024-03-23 15:50:00,0,49,0,32,1,0,82
2024-03-23 16:00:00,0,40,0,32,0,0,72
2024-03-23 16:10:00,0,30,0,36,0,0,66
2024-03-23 16:20:00,0,31,0,32,0,0,63
2024-03-23 16:30:00,0,33,0,31,2,0,66
2024-03-23 16:40:00,0,32,0,21,0,0,53
2024-03-23 16:50:00,0,27,0,40,2,0,69
2024-03-23 17:00:00,0,28,0,35,2,0,65
2024-03-23 17:10:00,0,27,0,31,1,0,59
2024-03-23 17:20:00,0,31,0,36,1,0,68
2024-03-23 17:30:00,0,30,0,26,0,0,56
2024-03-23 17:40:00,0,35,0,25,0,0,60
2024-03-23 17:50:00,0,35,0,28,2,0,65
2024-03-23 18:00:00,0,30,0,30,0,0,60
2024-03-23 18:10:00,0,36,0,32,1,0,69
2024-03-23 18:20:00,0,38,0,29,0,0,67
2024-03-23 18:30:00,0,32,0,28,3,0,63
2024-03-23 18:40:00,0,27,0,32,0,0,59
2024-03-23 18:50:00,0,22,0,44,0,0,66
2024-03-23 19:00:00,0,37,0,29,1,0,67
2024-03-23 19:10:00,0,39,0,55,1,0,95
2024-03-23 19:20:00,0,37,0,60,2,0,99
2024-03-23 19:30:00,0,30,0,58,0,0,88
2024-03-23 19:40:00,0,44,0,37,0,0,81
2024-03-23 19:50:00,0,34,0,57,0,0,91
2024-03-23 20:00:00,0,41,0,47,4,0,92
2024-03-23 20:10:00,0,33,0,47,0,0,80
2024-03-23 20:20:00,0,19,0,63,1,0,83
2024-03-23 20:30:00,0,43,0,53,1,0,97
2024-03-23 20:40:00,0,15,0,43,0,0,58
2024-03-23 20:50:00,0,31,0,58,0,0,89
2024-03-23 21:00:00,0,30,0,51,1,0,82
2024-03-23 21:10:00,0,28,0,49,0,0,77
2024-03-23 21:20:00,0,22,0,45,1,0,68
2024-03-23 21:30:00,0,18,0,44,1,0,63
2024-03-23 21:40:00,0,33,0,32,0,0,65
2024-03-23 21:50:00,0,21,0,44,0,0,65
2024-03-23 22:00:00,0,17,0,40,1,0,58
2024-03-23 22:10:00,0,18,0,43,0,0,61
2024-03-23 22:20:00,0,26,0,39,1,0,66
2024-03-23 22:30:00,0,26,0,59,0,0,85
2024-03-23 22:40:00,0,17,0,52,0,0,69
2024-03-23 22:50:00,0,26,0,39,0,0,65
2024-03-23 23:00:00,0,16,0,48,1,0,65
2024-03-23 23:10:00,0,18,0,40,1,0,59
2024-03-23 23:20:00,0,13,0,59,1,0,73
2024-03-23 23:30:00,0,9,0,50,0,0,59
2024-03-23 23:40:00,0,15,0,44,0,0,59
2024-03-23 23:50:00,0,11,0,45,0,0,56
2024-03-24 00:00:00,0,13,0,41,0,0,54
2024-03-24 00:10:00,0,17,0,31,0,0,48
2024-03-24 00:20:00,0,16,0,21,0,0,37
2024-03-24 00:30:00,0,9,0,10,0,0,19
2024-03-24 00:40:00,0,12,0,19,0,0,31
2024-03-24 00:50:00,0,8,0,14,0,0,22
2024-03-24 01:00:00,0,4,0,22,0,0,26
2024-03-24 01:10:00,0,6,0,16,0,0,22
2024-03-24 01:20:00,0,9,0,18,0,0,27
2024-03-24 01:30:00,0,12,0,22,0,0,34
2024-03-24 01:40:00,0,6,0,26,2,0,34
2024-03-24 01:50:00,0,8,0,6,0,0,14
2024-03-24 02:00:00,0,3,0,21,0,0,24
2024-03-24 02:10:00,0,11,0,9,1,0,21
2024-03-24 02:20:00,0,5,0,23,0,0,28
2024-03-24 02:30:00,0,9,0,18,0,0,27
2024-03-24 02:40:00,0,4,0,15,0,0,19
2024-03-24 02:50:00,0,2,0,15,0,0,17
2024-03-24 03:00:00,0,9,0,16,0,0,25
2024-03-24 03:10:00,0,11,0,21,1,0,33
2024-03-24 03:20:00,0,2,0,9,0,0,11
2024-03-24 03:30:00,0,11,0,16,0,0,27
2024-03-24 03:40:00,0,4,0,14,0,0,18
2024-03-24 03:50:00,0,3,0,6,0,0,9
2024-03-24 04:00:00,0,4,0,3,0,0,7
2024-03-24 04:10:00,0,3,0,10,0,0,13
2024-03-24 04:20:00,0,0,0,12,0,0,12
2024-03-24 04:30:00,0,6,0,11,0,0,17
2024-03-24 04:40:00,0,1,0,11,0,0,12
2024-03-24 04:50:00,0,6,0,28,0,0,34
2024-03-24 05:00:00,0,6,0,26,1,0,33
2024-03-24 05:10:00,0,6,0,29,0,0,35
2024-03-24 05:20:00,0,5,0,20,0,0,25
2024-03-24 05:30:00,0,10,0,22,0,0,32
2024-03-24 05:40:00,0,7,0,28,0,0,35
2024-03-24 05:50:00,0,10,0,17,0,0,27
2024-03-24 06:00:00,0,7,0,9,0,0,16
2024-03-24 06:10:00,0,8,0,7,0,0,15
2024-03-24 06:20:00,0,10,0,12,0,0,22
2024-03-24 06:30:00,0,7,0,5,2,0,14
2024-03-24 06:40:00,0,10,0,9,1,0,20
2024-03-24 06:50:00,0,1,0,12,0,0,13
2024-03-24 07:00:00,0,7,0,6,0,0,13
2024-03-24 07:10:00,0,1,0,10,0,0,11
2024-03-24 07:20:00,0,5,0,7,0,0,12
2024-03-24 07:30:00,0,10,0,7,0,0,17
2024-03-24 07:40:00,0,7,0,9,0,0,16
2024-03-24 07:50:00,0,3,0,12,0,0,15
2024-03-24 08:00:00,0,8,0,7,0,0,15
2024-03-24 08:10:00,0,4,0,5,0,0,9
2024-03-24 08:20:00,0,5,0,6,0,0,11
2024-03-24 08:30:00,0,14,0,9,0,0,23
2024-03-24 08:40:00,0,10,0,15,0,0,25
2024-03-24 08:50:00,0,10,0,14,0,0,24
2024-03-24 09:00:00,0,12,0,13,0,0,25
2024-03-24 09:10:00,0,11,0,20,0,0,31
2024-03-24 09:20:00,0,18,0,19,0,0,37
2024-03-24 09:30:00,0,15,0,22,0,0,37
2024-03-24 09:40:00,0,23,0,29,3,0,55
2024-03-24 09:50:00,0,21,0,27,1,0,49
2024-03-24 10:00:00,0,17,0,17,0,0,34
2024-03-24 10:10:00,0,22,0,20,0,0,42
2024-03-24 10:20:00,0,16,0,25,0,0,41
2024-03-24 10:30:00,0,23,0,27,1,0,51
2024-03-24 10:40:00,0,22,0,17,0,0,39
2024-03-24 10:50:00,0,26,0,24,2,0,52
2024-03-24 11:00:00,0,17,0,16,1,0,34
2024-03-24 11:10:00,0,19,0,21,2,0,42
2024-03-24 11:20:00,0,27,0,23,1,0,51
2024-03-24 11:30:00,0,24,0,20,0,0,44
2024-03-24 11:40:00,0,25,0,29,0,0,54
2024-03-24 11:50:00,0,28,0,29,1,0,58
2024-03-24 12:00:00,0,89,0,28,1,0,118
2024-03-24 12:10:00,0,46,0,26,0,0,72
2024-03-24 12:20:00,0,77,0,19,0,0,96
2024-03-24 12:30:00,0,141,0,23,1,0,165
2024-03-24 12:40:00,0,57,0,26,0,0,83
2024-03-24 12:50:00,0,28,0,27,0,0,55
2024-03-24 13:00:00,0,21,0,31,0,0,52
2024-03-24 13:10:00,0,26,0,34,2,0,62
2024-03-24 13:20:00,0,35,0,26,0,0,61
2024-03-24 13:30:00,0,21,0,31,0,0,52
2024-03-24 13:40:00,0,34,0,29,0,0,63
2024-03-24 13:50:00,0,27,0,32,0,0,59
2024-03-24 14:00:00,0,33,0,34,0,0,67
2024-03-24 14:10:00,0,34,0,31,1,0,66
2024-03-24 14:20:00,0,25,0,38,1,0,64
2024-03-24 14:30:00,0,37,0,27,1,0,65
2024-03-24 14:40:00,0,132,0,27,2,0,161
2024-03-24 14:50:00,0,112,0,31,1,0,144
2024-03-24 15:00:00,0,228,0,29,0,0,257
2024-03-24 15:10:00,0,27,0,23,0,0,50
2024-03-24 15:20:00,0,24,0,27,2,0,53
2024-03-24 15:30:00,0,22,0,23,1,0,46
2024-03-24 15:40:00,0,34,0,20,1,0,55
2024-03-24 15:50:00,0,25,0,32,1,0,58
2024-03-24 16:00:00,0,64,0,30,1,0,95
2024-03-24 16:10:00,0,29,0,36,4,0,69
2024-03-24 16:20:00,0,31,0,25,0,0,56
2024-03-24 16:30:00,0,18,0,35,2,0,55
2024-03-24 16:40:00,0,35,0,28,2,0,65
2024-03-24 16:50:00,0,21,0,30,2,0,53
2024-03-24 17:00:00,0,31,0,33,0,0,64
2024-03-24 17:10:00,0,31,0,32,1,0,64
2024-03-24 17:20:00,0,24,0,37,0,0,61
2024-03-24 17:30:00,0,27,0,28,0,0,55
2024-03-24 17:40:00,0,31,0,31,2,0,64
2024-03-24 17:50:00,0,24,0,40,0,0,64
2024-03-24 18:00:00,0,25,0,23,0,0,48
2024-03-24 18:10:00,0,29,0,25,0,0,54
2024-03-24 18:20:00,0,31,0,30,1,0,62
2024-03-24 18:30:00,0,30,0,23,1,0,54
2024-03-24 18:40:00,0,26,0,33,0,0,59
2024-03-24 18:50:00,0,16,0,26,2,0,44
2024-03-24 19:00:00,0,31,0,47,1,0,79
2024-03-24 19:10:00,0,35,0,40,0,0,75
2024-03-24 19:20:00,0,24,0,61,0,0,85
2024-03-24 19:30:00,0,22,0,49,0,0,71
2024-03-24 19:40:00,0,24,0,53,3,0,80
2024-03-24 19:50:00,0,35,0,57,1,0,93
2024-03-24 20:00:00,0,31,0,59,0,0,90
2024-03-24 20:10:00,0,31,0,52,0,0,83
2024-03-24 20:20:00,0,30,0,62,1,0,93
2024-03-24 20:30:00,0,22,0,57,0,0,79
2024-03-24 20:40:00,0,24,0,41,0,0,65
2024-03-24 20:50:00,0,19,0,65,2,0,86
2024-03-24 21:00:00,0,32,0,43,0,0,75
2024-03-24 21:10:00,0,26,0,54,0,0,80
2024-03-24 21:20:00,0,28,0,40,0,0,68
2024-03-24 21:30:00,0,18,0,53,0,0,71
2024-03-24 21:40:00,0,25,0,38,0,0,63
2024-03-24 21:50:00,0,20,0,28,0,0,48
2024-03-24 22:00:00,0,16,0,56,2,0,74
2024-03-24 22:10:00,0,24,0,62,2,0,88
2024-03-24 22:20:00,0,27,0,39,1,0,67
2024-03-24 22:30:00,0,20,0,43,0,0,63
2024-03-24 22:40:00,0,14,0,29,1,0,44
2024-03-24 22:50:00,0,10,0,27,0,0,37
2024-03-24 23:00:00,0,10,0,35,0,0,45
2024-03-24 23:10:00,0,10,0,16,1,0,27
2024-03-24 23:20:00,0,10,0,16,1,0,27
2024-03-24 23:30:00,0,11,0,20,0,0,31
2024-03-24 23:40:00,0,8,0,35,0,0,43
2024-03-24 23:50:00,0,8,0,15,0,0,23
2024-03-25 00:00:00,0,4,0,18,0,0,22
2024-03-25 00:10:00,0,10,0,18,0,0,28
2024-03-25 00:20:00,0,7,0,16,0,0,23
2024-03-25 00:30:00,0,5,0,16,0,0,21
2024-03-25 00:40:00,0,15,0,13,0,0,28
2024-03-25 00:50:00,0,2,0,19,0,0,21
2024-03-25 01:00:00,0,3,0,14,0,0,17
2024-03-25 01:10:00,0,2,0,7,0,0,9
2024-03-25 01:20:00,0,5,0,3,2,0,10
2024-03-25 01:30:00,0,0,0,14,0,0,14
2024-03-25 01:40:00,0,2,0,8,0,0,10
2024-03-25 01:50:00,0,8,0,8,0,0,16
2024-03-25 02:00:00,0,2,0,3,2,0,7
2024-03-25 02:10:00,0,0,0,9,0,0,9
2024-03-25 02:20:00,0,6,0,0,0,0,6
2024-03-25 02:30:00,0,3,0,8,0,0,11
2024-03-25 02:40:00,0,0,0,11,0,0,11
2024-03-25 02:50:00,0,1,0,7,0,0,8
2024-03-25 03:00:00,0,0,0,7,0,0,7
2024-03-25 03:10:00,0,0,0,4,0,0,4
2024-03-25 03:20:00,0,1,0,2,0,0,3
2024-03-25 03:30:00,0,1,0,7,0,0,8
2024-03-25 03:40:00,0,7,0,0,0,0,7
2024-03-25 03:50:00,0,1,0,2,0,0,3
2024-03-25 04:00:00,0,5,0,7,0,0,12
2024-03-25 04:10:00,0,2,0,12,1,0,15
2024-03-25 04:20:00,0,4,0,10,0,0,14
2024-03-25 04:30:00,0,4,0,20,0,0,24
2024-03-25 04:40:00,0,3,0,41,0,0,44
2024-03-25 04:50:00,0,6,0,26,1,0,33
2024-03-25 05:00:00,0,15,0,39,0,0,54
2024-03-25 05:10:00,0,10,0,50,0,0,60
2024-03-25 05:20:00,0,14,0,57,0,0,71
2024-03-25 05:30:00,0,20,0,70,0,0,90
2024-03-25 05:40:00,0,24,0,64,2,0,90
2024-03-25 05:50:00,0,23,0,69,3,0,95
2024-03-25 06:00:00,0,19,0,38,3,0,60
2024-03-25 06:10:00,0,24,0,35,6,0,65
2024-03-25 06:20:00,0,24,0,35,6,0,65
2024-03-25 06:30:00,0,32,0,35,15,0,82
2024-03-25 06:40:00,0,29,0,36,12,0,77
2024-03-25 06:50:00,0,29,0,29,16,0,74
2024-03-25 07:00:00,0,25,0,33,9,0,67
2024-03-25 07:10:00,0,36,0,38,14,0,88
2024-03-25 07:20:00,0,36,0,35,16,0,87
2024-03-25 07:30:00,0,37,0,36,9,0,82
2024-03-25 07:40:00,0,48,0,33,15,0,96
2024-03-25 07:50:00,0,40,0,30,15,0,85
2024-03-25 08:00:00,0,43,0,30,13,0,86
2024-03-25 08:10:00,0,39,0,35,10,0,84
2024-03-25 08:20:00,0,26,0,38,8,0,72
2024-03-25 08:30:00,0,43,0,26,31,0,100
2024-03-25 08:40:00,0,38,0,25,3,0,66
2024-03-25 08:50:00,0,25,0,40,5,0,70
2024-03-25 09:00:00,0,32,0,29,6,0,67
2024-03-25 09:10:00,0,35,0,33,4,0,72
2024-03-25 09:20:00,0,29,0,34,5,0,68
2024-03-25 09:30:00,0,55,0,25,2,0,82
2024-03-25 09:40:00,0,42,0,38,1,0,81
2024-03-25 09:50:00,0,24,0,31,4,0,59
2024-03-25 10:00:00,0,33,0,27,7,0,67
2024-03-25 10:10:00,0,32,0,24,5,0,61
2024-03-25 10:20:00,0,35,0,26,2,0,63
2024-03-25 10:30:00,0,36,0,32,4,0,72
2024-03-25 10:40:00,0,26,0,21,5,0,52
2024-03-25 10:50:00,0,31,0,25,3,0,59
2024-03-25 11:00:00,0,31,0,29,1,0,61
2024-03-25 11:10:00,0,34,0,29,0,0,63
2024-03-25 11:20:00,0,40,0,32,1,0,73
2024-03-25 11:30:00,0,34,0,22,3,0,59
2024-03-25 11:40:00,0,42,0,26,4,0,72
2024-03-25 11:50:00,0,32,0,41,3,0,76
2024-03-25 12:00:00,0,36,0,28,3,0,67
2024-03-25 12:10:00,0,30,0,30,4,0,64
2024-03-25 12:20:00,0,26,0,31,8,0,65
2024-03-25 12:30:00,0,29,0,36,3,0,68
2024-03-25 12:40:00,0,33,0,28,4,0,65
2024-03-25 12:50:00,0,30,0,43,2,0,75
2024-03-25 13:00:00,0,34,0,35,1,0,70
2024-03-25 13:10:00,0,28,0,29,2,0,59
2024-03-25 13:20:00,0,26,0,23,2,0,51
2024-03-25 13:30:00,0,30,0,28,3,0,61
2024-03-25 13:40:00,0,35,0,29,2,0,66
2024-03-25 13:50:00,0,43,0,41,2,0,86
2024-03-25 14:00:00,0,38,0,22,2,0,62
2024-03-25 14:10:00,0,31,0,26,1,0,58
2024-03-25 14:20:00,0,40,0,25,7,0,72
2024-03-25 14:30:00,0,38,0,25,2,0,65
2024-03-25 14:40:00,0,31,0,30,0,0,61
2024-03-25 14:50:00,0,46,0,31,1,0,78
2024-03-25 15:00:00,0,49,0,24,6,0,79
2024-03-25 15:10:00,0,36,0,31,1,0,68
2024-03-25 15:20:00,0,33,0,31,1,0,65
2024-03-25 15:30:00,0,39,0,40,2,0,81
2024-03-25 15:40:00,0,40,0,36,2,0,78
2024-03-25 15:50:00,0,39,0,41,3,0,83
2024-03-25 16:00:00,0,50,0,35,1,0,86
2024-03-25 16:10:00,0,45,0,37,0,0,82
2024-03-25 16:20:00,0,43,0,37,1,0,81
2024-03-25 16:30:00,0,35,0,33,1,0,69
2024-03-25 16:40:00,0,44,0,30,2,0,76
2024-03-25 16:50:00,0,40,0,35,38,0,113
2024-03-25 17:00:00,0,38,0,37,1,0,76
2024-03-25 17:10:00,0,39,0,41,0,0,80
2024-03-25 17:20:00,0,55,0,43,1,0,99
2024-03-25 17:30:00,0,43,0,31,1,0,75
2024-03-25 17:40:00,0,41,0,44,5,0,90
2024-03-25 17:50:00,0,44,0,30,2,0,76
2024-03-25 18:00:00,0,39,0,41,2,0,82
2024-03-25 18:10:00,0,40,0,33,0,0,73
2024-03-25 18:20:00,0,45,0,36,0,0,81
2024-03-25 18:30:00,0,38,0,34,1,0,73
2024-03-25 18:40:00,0,38,0,37,0,0,75
2024-03-25 18:50:00,0,29,0,43,2,0,74
2024-03-25 19:00:00,0,42,0,30,0,0,72
2024-03-25 19:10:00,0,33,0,62,1,0,96
2024-03-25 19:20:00,0,34,0,60,0,0,94
2024-03-25 19:30:00,0,26,0,51,0,0,77
2024-03-25 19:40:00,0,32,0,54,2,0,88
2024-03-25 19:50:00,0,26,0,57,3,0,86
2024-03-25 20:00:00,0,40,0,44,0,0,84
2024-03-25 20:10:00,0,35,0,58,0,0,93
2024-03-25 20:20:00,0,25,0,53,2,0,80
2024-03-25 20:30:00,0,26,0,46,0,0,72
2024-03-25 20:40:00,0,22,0,48,0,0,70
2024-03-25 20:50:00,0,26,0,47,0,0,73
2024-03-25 21:00:00,0,16,0,41,1,0,58
2024-03-25 21:10:00,0,28,0,38,0,0,66
2024-03-25 21:20:00,0,22,0,51,0,0,73
2024-03-25 21:30:00,0,17,0,24,0,0,41
2024-03-25 21:40:00,0,20,0,45,1,0,66
2024-03-25 21:50:00,0,22,0,48,0,0,70
2024-03-25 22:00:00,0,12,0,48,0,0,60
2024-03-25 22:10:00,0,23,0,42,0,0,65
2024-03-25 22:20:00,0,27,0,45,0,0,72
2024-03-25 22:30:00,0,19,0,31,0,0,50
2024-03-25 22:40:00,0,15,0,42,1,0,58
2024-03-25 22:50:00,0,3,0,35,1,0,39
2024-03-25 23:00:00,0,9,0,39,1,0,49
2024-03-25 23:10:00,0,14,0,31,1,0,46
2024-03-25 23:20:00,0,7,0,38,0,0,45
2024-03-25 23:30:00,0,4,0,24,0,0,28
2024-03-25 23:40:00,0,9,0,22,0,0,31
2024-03-25 23:50:00,0,7,0,29,0,0,36
2024-03-26 00:00:00,0,5,0,21,0,0,26
2024-03-26 00:10:00,0,3,0,16,0,0,19
2024-03-26 00:20:00,0,5,0,18,1,0,24
2024-03-26 00:30:00,0,7,0,8,0,0,15
2024-03-26 00:40:00,0,3,0,21,0,0,24
2024-03-26 00:50:00,0,5,0,8,0,0,13
2024-03-26 01:00:00,0,4,0,11,0,0,15
2024-03-26 01:10:00,0,0,0,6,1,0,7
2024-03-26 01:20:00,0,3,0,10,0,0,13
2024-03-26 01:30:00,0,4,0,18,0,0,22
2024-03-26 01:40:00,0,2,0,1,0,0,3
2024-03-26 01:50:00,0,5,0,15,1,0,21
2024-03-26 02:00:00,0,5,0,6,0,0,11
2024-03-26 02:10:00,0,1,0,1,0,0,2
2024-03-26 02:20:00,0,7,0,4,0,0,11
2024-03-26 02:30:00,0,1,0,4,0,0,5
2024-03-26 02:40:00,0,1,0,5,0,0,6
2024-03-26 02:50:00,0,4,0,1,0,0,5
2024-03-26 03:00:00,0,0,0,11,0,0,11
2024-03-26 03:10:00,0,0,0,7,0,0,7
2024-03-26 03:20:00,0,0,0,4,0,0,4
2024-03-26 03:30:00,0,3,0,1,0,0,4
2024-03-26 03:40:00,0,5,0,4,0,0,9
2024-03-26 03:50:00,0,3,0,3,0,0,6
2024-03-26 04:00:00,0,1,0,3,0,0,4
2024-03-26 04:10:00,0,5,0,11,0,0,16
2024-03-26 04:20:00,0,2,0,19,0,0,21
2024-03-26 04:30:00,0,7,0,21,0,0,28
2024-03-26 04:40:00,0,9,0,37,0,0,46
2024-03-26 04:50:00,0,6,0,33,1,0,40
2024-03-26 05:00:00,0,7,0,55,1,0,63
2024-03-26 05:10:00,0,7,0,59,0,0,66
2024-03-26 05:20:00,0,15,0,59,0,0,74
2024-03-26 05:30:00,0,20,0,63,0,0,83
2024-03-26 05:40:00,0,30,0,62,3,0,95
2024-03-26 05:50:00,0,25,0,75,5,0,105
2024-03-26 06:00:00,0,23,0,39,6,0,68
2024-03-26 06:10:00,0,21,0,20,4,0,45
2024-03-26 06:20:00,0,21,0,38,5,0,64
2024-03-26 06:30:00,0,24,0,39,15,0,78
2024-03-26 06:40:00,0,33,0,30,7,0,70
2024-03-26 06:50:00,0,25,0,38,14,0,77
2024-03-26 07:00:00,0,24,0,29,13,0,66
2024-03-26 07:10:00,0,34,0,33,10,0,77
2024-03-26 07:20:00,0,38,0,32,12,0,82
2024-03-26 07:30:00,0,37,0,43,8,0,88
2024-03-26 07:40:00,0,30,0,35,12,0,77
2024-03-26 07:50:00,0,33,0,39,13,0,85
2024-03-26 08:00:00,0,24,0,29,6,0,59
2024-03-26 08:10:00,0,38,0,27,4,0,69
2024-03-26 08:20:00,0,35,0,31,10,0,76
2024-03-26 08:30:00,0,35,0,42,6,0,83
2024-03-26 08:40:00,0,43,0,33,4,0,80
2024-03-26 08:50:00,0,37,0,26,6,0,69
2024-03-26 09:00:00,0,49,0,30,1,0,80
2024-03-26 09:10:00,0,38,0,29,3,0,70
2024-03-26 09:20:00,0,34,0,36,78,0,148
2024-03-26 09:30:00,0,32,0,28,4,0,64
2024-03-26 09:40:00,0,40,0,52,6,0,98
2024-03-26 09:50:00,0,29,0,28,3,0,60
2024-03-26 10:00:00,0,22,0,29,9,0,60
2024-03-26 10:10:00,0,37,0,29,1,0,67
2024-03-26 10:20:00,0,33,0,38,3,0,74
2024-03-26 10:30:00,0,38,0,29,2,0,69
2024-03-26 10:40:00,0,29,0,41,4,0,74
2024-03-26 10:50:00,0,40,0,33,7,0,80
2024-03-26 11:00:00,0,31,0,24,3,0,58
2024-03-26 11:10:00,0,30,0,25,5,0,60
2024-03-26 11:20:00,0,31,0,32,2,0,65
2024-03-26 11:30:00,0,38,0,34,8,0,80
2024-03-26 11:40:00,0,35,0,34,4,0,73
2024-03-26 11:50:00,0,29,0,23,6,0,58
2024-03-26 12:00:00,0,32,0,30,2,0,64
2024-03-26 12:10:00,0,42,0,32,3,0,77
2024-03-26 12:20:00,0,29,0,25,6,0,60
2024-03-26 12:30:00,0,33,0,28,3,0,64
2024-03-26 12:40:00,0,42,0,27,5,0,74
2024-03-26 12:50:00,0,27,0,38,7,0,72
2024-03-26 13:00:00,0,38,0,37,3,0,78
2024-03-26 13:10:00,0,31,0,33,3,0,67
2024-03-26 13:20:00,0,35,0,31,4,0,70
2024-03-26 13:30:00,0,36,0,33,4,0,73
2024-03-26 13:40:00,0,29,0,28,0,0,57
2024-03-26 13:50:00,0,34,0,33,4,0,71
2024-03-26 14:00:00,0,35,0,27,2,0,64
2024-03-26 14:10:00,0,39,0,30,3,0,72
2024-03-26 14:20:00,0,38,0,33,2,0,73
2024-03-26 14:30:00,0,43,0,39,3,0,85
2024-03-26 14:40:00,0,49,0,22,5,0,76
2024-03-26 14:50:00,0,35,0,21,35,0,91
2024-03-26 15:00:00,0,49,0,33,2,0,84
2024-03-26 15:10:00,0,38,0,33,2,0,73
2024-03-26 15:20:00,0,34,0,34,3,0,71
2024-03-26 15:30:00,0,54,0,28,1,0,83
2024-03-26 15:40:00,0,43,0,32,0,0,75
2024-03-26 15:50:00,0,42,0,40,3,0,85
2024-03-26 16:00:00,0,48,0,39,5,0,92
2024-03-26 16:10:00,0,50,0,34,1,0,85
2024-03-26 16:20:00,0,48,0,29,1,0,78
2024-03-26 16:30:00,0,46,0,33,0,0,79
2024-03-26 16:40:00,0,45,0,38,56,0,139
2024-03-26 16:50:00,0,45,0,35,2,0,82
2024-03-26 17:00:00,0,49,0,37,1,0,87
2024-03-26 17:10:00,0,40,0,34,1,0,75
2024-03-26 17:20:00,0,57,0,38,1,0,96
2024-03-26 17:30:00,0,43,0,30,5,0,78
2024-03-26 17:40:00,0,39,0,34,3,0,76
2024-03-26 17:50:00,0,43,0,41,0,0,84
2024-03-26 18:00:00,0,48,0,34,1,0,83
2024-03-26 18:10:00,0,39,0,24,0,0,63
2024-03-26 18:20:00,0,50,0,38,0,0,88
2024-03-26 18:30:00,0,47,0,35,2,0,84
2024-03-26 18:40:00,0,22,0,33,2,0,57
2024-03-26 18:50:00,0,40,0,40,1,0,81
2024-03-26 19:00:00,0,41,0,48,2,0,91
2024-03-26 19:10:00,0,41,0,59,0,0,100
2024-03-26 19:20:00,0,43,0,53,0,0,96
2024-03-26 19:30:00,0,25,0,71,1,0,97
2024-03-26 19:40:00,0,29,0,38,0,0,67
2024-03-26 19:50:00,0,34,0,53,0,0,87
2024-03-26 20:00:00,0,35,0,45,0,0,80
2024-03-26 20:10:00,0,41,0,36,1,0,78
2024-03-26 20:20:00,0,25,0,33,1,0,59
2024-03-26 20:30:00,0,32,0,46,1,0,79
2024-03-26 20:40:00,0,19,0,41,3,0,63
2024-03-26 20:50:00,0,21,0,52,1,0,74
2024-03-26 21:00:00,0,23,0,53,1,0,77
2024-03-26 21:10:00,0,38,0,50,0,0,88
2024-03-26 21:20:00,0,28,0,61,1,0,90
2024-03-26 21:30:00,0,23,0,39,1,0,63
2024-03-26 21:40:00,0,17,0,42,0,0,59
2024-03-26 21:50:00,0,24,0,42,1,0,67
2024-03-26 22:00:00,0,22,0,49,0,0,71
2024-03-26 22:10:00,0,18,0,51,1,0,70
2024-03-26 22:20:00,0,23,0,48,1,0,72
2024-03-26 22:30:00,0,30,0,40,0,0,70
2024-03-26 22:40:00,0,15,0,45,1,0,61
2024-03-26 22:50:00,0,9,0,27,1,0,37
2024-03-26 23:00:00,0,12,0,29,1,0,42
2024-03-26 23:10:00,0,10,0,43,0,0,53
2024-03-26 23:20:00,0,13,0,22,1,0,36
2024-03-26 23:30:00,0,12,0,27,0,0,39
2024-03-26 23:40:00,0,15,0,18,0,0,33
2024-03-26 23:50:00,0,15,0,29,0,0,44
2024-03-27 00:00:00,0,10,0,18,0,0,28
2024-03-27 00:10:00,0,10,0,25,0,0,35
2024-03-27 00:20:00,0,10,0,12,0,0,22
2024-03-27 00:30:00,0,5,0,16,0,0,21
2024-03-27 00:40:00,0,5,0,12,1,0,18
2024-03-27 00:50:00,0,0,0,14,2,0,16
2024-03-27 01:00:00,0,2,0,9,0,0,11
2024-03-27 01:10:00,0,4,0,4,0,0,8
2024-03-27 01:20:00,0,4,0,9,0,0,13
2024-03-27 01:30:00,0,3,0,10,0,0,13
2024-03-27 01:40:00,0,5,0,4,0,0,9
2024-03-27 01:50:00,0,2,0,8,1,0,11
2024-03-27 02:00:00,0,2,0,19,0,0,21
2024-03-27 02:10:00,0,3,0,7,0,0,10
2024-03-27 02:20:00,0,3,0,7,0,0,10
2024-03-27 02:30:00,0,5,0,1,0,0,6
2024-03-27 02:40:00,0,1,0,19,0,0,20
2024-03-27 02:50:00,0,2,0,1,0,0,3
2024-03-27 03:00:00,0,2,0,5,0,0,7
2024-03-27 03:10:00,0,1,0,12,0,0,13
2024-03-27 03:20:00,0,0,0,12,0,0,12
2024-03-27 03:30:00,0,5,0,3,0,0,8
2024-03-27 03:40:00,0,2,0,1,0,0,3
2024-03-27 03:50:00,0,0,0,12,0,0,12
2024-03-27 04:00:00,0,8,0,0,0,0,8
2024-03-27 04:10:00,0,0,0,17,0,0,17
2024-03-27 04:20:00,0,2,0,17,0,0,19
2024-03-27 04:30:00,0,7,0,23,0,0,30
2024-03-27 04:40:00,0,5,0,35,0,0,40
2024-03-27 04:50:00,0,2,0,34,2,0,38
2024-03-27 05:00:00,0,10,0,49,0,0,59
2024-03-27 05:10:00,0,18,0,52,0,0,70
2024-03-27 05:20:00,0,14,0,54,0,0,68
2024-03-27 05:30:00,0,25,0,59,1,0,85
2024-03-27 05:40:00,0,21,0,54,0,0,75
2024-03-27 05:50:00,0,32,0,75,4,0,111
2024-03-27 06:00:00,0,18,0,47,9,0,74
2024-03-27 06:10:00,0,19,0,23,7,0,49
2024-03-27 06:20:00,0,26,0,31,7,0,64
2024-03-27 06:30:00,0,35,0,38,12,0,85
2024-03-27 06:40:00,0,37,0,41,12,0,90
2024-03-27 06:50:00,0,29,0,35,21,0,85
2024-03-27 07:00:00,0,40,0,30,10,0,80
2024-03-27 07:10:00,0,41,0,34,7,0,82
2024-03-27 07:20:00,0,28,0,39,9,0,76
2024-03-27 07:30:00,0,39,0,37,20,0,96
2024-03-27 07:40:00,0,41,0,33,12,0,86
2024-03-27 07:50:00,0,28,0,38,11,0,77
2024-03-27 08:00:00,0,43,0,35,9,0,87
2024-03-27 08:10:00,0,32,0,31,14,0,77
2024-03-27 08:20:00,0,34,0,29,4,0,67
2024-03-27 08:30:00,0,34,0,31,8,0,73
2024-03-27 08:40:00,0,44,0,22,2,0,68
2024-03-27 08:50:00,0,40,0,34,1,0,75
2024-03-27 09:00:00,0,33,0,30,5,0,68
2024-03-27 09:10:00,0,40,0,21,7,0,68
2024-03-27 09:20:00,0,39,0,34,1,0,74
2024-03-27 09:30:00,0,31,0,27,1,0,59
2024-03-27 09:40:00,0,31,0,32,4,0,67
2024-03-27 09:50:00,0,36,0,27,5,0,68
2024-03-27 10:00:00,0,25,0,29,4,0,58
2024-03-27 10:10:00,0,36,0,27,3,0,66
2024-03-27 10:20:00,0,33,0,36,3,0,72
2024-03-27 10:30:00,0,35,0,26,3,0,64
2024-03-27 10:40:00,0,35,0,27,6,0,68
2024-03-27 10:50:00,0,29,0,28,4,0,61
2024-03-27 11:00:00,0,33,0,26,2,0,61
2024-03-27 11:10:00,0,28,0,34,5,0,67
2024-03-27 11:20:00,0,34,0,37,1,0,72
2024-03-27 11:30:00,0,41,0,33,2,0,76
2024-03-27 11:40:00,0,38,0,27,1,0,66
2024-03-27 11:50:00,0,33,0,27,2,0,62
2024-03-27 12:00:00,0,29,0,30,10,0,69
2024-03-27 12:10:00,0,32,0,31,45,0,108
2024-03-27 12:20:00,0,29,0,30,6,0,65
2024-03-27 12:30:00,0,37,0,35,6,0,78
2024-03-27 12:40:00,0,29,0,23,5,0,57
2024-03-27 12:50:00,0,33,0,26,4,0,63
2024-03-27 13:00:00,0,30,0,33,3,0,66
2024-03-27 13:10:00,0,32,0,26,2,0,60
2024-03-27 13:20:00,0,38,0,29,5,0,72
2024-03-27 13:30:00,0,32,0,28,6,0,66
2024-03-27 13:40:00,0,23,0,21,7,0,51
2024-03-27 13:50:00,0,28,0,30,1,0,59
2024-03-27 14:00:00,0,33,0,28,4,0,65
2024-03-27 14:10:00,0,36,0,31,4,0,71
2024-03-27 14:20:00,0,34,0,30,3,0,67
2024-03-27 14:30:00,0,31,0,27,7,0,65
2024-03-27 14:40:00,0,36,0,28,0,0,64
2024-03-27 14:50:00,0,39,0,29,3,0,71
2024-03-27 15:00:00,0,43,0,23,3,0,69
2024-03-27 15:10:00,0,35,0,31,2,0,68
2024-03-27 15:20:00,0,40,0,28,2,0,70
2024-03-27 15:30:00,0,48,0,32,3,0,83
2024-03-27 15:40:00,0,46,0,37,3,0,86
2024-03-27 15:50:00,0,41,0,48,2,0,91
2024-03-27 16:00:00,0,41,0,31,0,0,72
2024-03-27 16:10:00,0,41,0,36,1,0,78
2024-03-27 16:20:00,0,48,0,41,2,0,91
2024-03-27 16:30:00,0,46,0,22,0,0,68
2024-03-27 16:40:00,0,42,0,35,3,0,80
2024-03-27 16:50:00,0,40,0,36,3,0,79
2024-03-27 17:00:00,0,38,0,28,4,0,70
2024-03-27 17:10:00,0,41,0,35,3,0,79
2024-03-27 17:20:00,0,35,0,33,1,0,69
2024-03-27 17:30:00,0,36,0,32,1,0,69
2024-03-27 17:40:00,0,32,0,31,3,0,66
2024-03-27 17:50:00,0,41,0,26,1,0,68
2024-03-27 18:00:00,0,33,0,36,0,0,69
2024-03-27 18:10:00,0,38,0,28,2,0,68
2024-03-27 18:20:00,0,29,0,26,5,0,60
2024-03-27 18:30:00,0,40,0,27,1,0,68
2024-03-27 18:40:00,0,34,0,29,5,0,68
2024-03-27 18:50:00,0,33,0,37,1,0,71
2024-03-27 19:00:00,0,36,0,37,4,0,77
2024-03-27 19:10:00,0,26,0,33,1,0,60
2024-03-27 19:20:00,0,29,0,27,1,0,57
2024-03-27 19:30:00,0,26,0,29,2,0,57
2024-03-27 19:40:00,0,27,0,32,1,0,60
2024-03-27 19:50:00,0,23,0,31,0,0,54
2024-03-27 20:00:00,0,26,0,29,0,0,55
2024-03-27 20:10:00,0,23,0,24,1,0,48
2024-03-27 20:20:00,0,17,0,35,0,0,52
2024-03-27 20:30:00,0,20,0,46,0,0,66
2024-03-27 20:40:00,0,25,0,39,0,0,64
2024-03-27 20:50:00,0,18,0,36,0,0,54
2024-03-27 21:00:00,0,19,0,32,0,0,51
2024-03-27 21:10:00,0,23,0,36,1,0,60
2024-03-27 21:20:00,0,21,0,39,1,0,61
2024-03-27 21:30:00,0,17,0,43,0,0,60
2024-03-27 21:40:00,0,32,0,73,1,0,106
2024-03-27 21:50:00,0,26,0,44,1,0,71
2024-03-27 22:00:00,0,22,0,55,1,0,78
2024-03-27 22:10:00,0,30,0,44,0,0,74
2024-03-27 22:20:00,0,24,0,62,0,0,86
2024-03-27 22:30:00,0,28,0,37,1,0,66
2024-03-27 22:40:00,0,11,0,28,1,0,40
2024-03-27 22:50:00,0,16,0,23,1,0,40
2024-03-27 23:00:00,0,18,0,29,0,0,47
2024-03-27 23:10:00,0,7,0,34,0,0,41
2024-03-27 23:20:00,0,15,0,26,0,0,41
2024-03-27 23:30:00,0,8,0,45,0,0,53
2024-03-27 23:40:00,0,12,0,30,0,0,42
2024-03-27 23:50:00,0,3,0,25,0,0,28
2024-03-28 00:00:00,0,8,0,19,0,0,27
2024-03-28 00:10:00,0,8,0,15,0,0,23
2024-03-28 00:20:00,0,15,0,16,0,0,31
2024-03-28 00:30:00,0,9,0,15,0,0,24
2024-03-28 00:40:00,0,0,0,14,0,0,14
2024-03-28 00:50:00,0,5,0,12,0,0,17
2024-03-28 01:00:00,0,8,0,7,1,0,16
2024-03-28 01:10:00,0,0,0,8,0,0,8
2024-03-28 01:20:00,0,9,0,5,0,0,14
2024-03-28 01:30:00,0,3,0,19,0,0,22
2024-03-28 01:40:00,0,3,0,0,0,0,3
2024-03-28 01:50:00,0,4,0,7,0,0,11
2024-03-28 02:00:00,0,0,0,11,1,0,12
2024-03-28 02:10:00,0,4,0,6,0,0,10
2024-03-28 02:20:00,0,2,0,4,0,0,6
2024-03-28 02:30:00,0,0,0,7,0,0,7
2024-03-28 02:40:00,0,2,0,0,0,0,2
2024-03-28 02:50:00,0,0,0,9,0,0,9
2024-03-28 03:00:00,0,3,0,5,0,0,8
2024-03-28 03:10:00,0,1,0,10,0,0,11
2024-03-28 03:20:00,0,4,0,1,0,0,5
2024-03-28 03:30:00,0,3,0,4,0,0,7
2024-03-28 03:40:00,0,4,0,7,0,0,11
2024-03-28 03:50:00,0,1,0,5,0,0,6
2024-03-28 04:00:00,0,4,0,3,0,0,7
2024-03-28 04:10:00,0,1,0,18,0,0,19
2024-03-28 04:20:00,0,3,0,17,0,0,20
2024-03-28 04:30:00,0,5,0,14,0,0,19
2024-03-28 04:40:00,0,6,0,21,0,0,27
2024-03-28 04:50:00,0,4,0,41,4,0,49
2024-03-28 05:00:00,0,12,0,50,1,0,63
2024-03-28 05:10:00,0,10,0,45,0,0,55
2024-03-28 05:20:00,0,13,0,60,0,0,73
2024-03-28 05:30:00,0,28,0,74,3,0,105
2024-03-28 05:40:00,0,23,0,62,2,0,87
2024-03-28 05:50:00,0,19,0,58,5,0,82
2024-03-28 06:00:00,0,15,0,37,3,0,55
2024-03-28 06:10:00,0,24,0,25,6,0,55
2024-03-28 06:20:00,0,24,0,44,8,0,76
2024-03-28 06:30:00,0,27,0,29,8,0,64
2024-03-28 06:40:00,0,33,0,37,10,0,80
2024-03-28 06:50:00,0,29,0,35,8,0,72
2024-03-28 07:00:00,0,36,0,33,10,0,79
2024-03-28 07:10:00,0,43,0,41,7,0,91
2024-03-28 07:20:00,0,26,0,37,5,0,68
2024-03-28 07:30:00,0,30,0,27,9,0,66
2024-03-28 07:40:00,0,32,0,28,73,0,133
2024-03-28 07:50:00,0,27,0,36,8,0,71
2024-03-28 08:00:00,0,32,0,32,6,0,70
2024-03-28 08:10:00,0,32,0,30,3,0,65
2024-03-28 08:20:00,0,31,0,43,10,0,84
2024-03-28 08:30:00,0,36,0,35,5,0,76
2024-03-28 08:40:00,0,43,0,33,1,0,77
2024-03-28 08:50:00,0,32,0,27,3,0,62
2024-03-28 09:00:00,0,26,0,40,3,0,69
2024-03-28 09:10:00,0,37,0,34,3,0,74
2024-03-28 09:20:00,0,33,0,31,7,0,71
2024-03-28 09:30:00,0,40,0,29,3,0,72
2024-03-28 09:40:00,0,34,0,25,3,0,62
2024-03-28 09:50:00,0,31,0,32,7,0,70
2024-03-28 10:00:00,0,26,0,36,5,0,67
2024-03-28 10:10:00,0,33,0,27,3,0,63
2024-03-28 10:20:00,0,31,0,36,3,0,70
2024-03-28 10:30:00,0,33,0,45,4,0,82
2024-03-28 10:40:00,0,36,0,22,6,0,64
2024-03-28 10:50:00,0,42,0,33,1,0,76
2024-03-28 11:00:00,0,35,0,31,4,0,70
2024-03-28 11:10:00,0,40,0,30,1,0,71
2024-03-28 11:20:00,0,32,0,32,3,0,67
2024-03-28 11:30:00,0,34,0,27,4,0,65
2024-03-28 11:40:00,0,35,0,28,4,0,67
2024-03-28 11:50:00,0,33,0,33,5,0,71
2024-03-28 12:00:00,0,33,0,34,3,0,70
2024-03-28 12:10:00,0,31,0,36,2,0,69
2024-03-28 12:20:00,0,35,0,33,7,0,75
2024-03-28 12:30:00,0,37,0,28,3,0,68
2024-03-28 12:40:00,0,40,0,29,1,0,70
2024-03-28 12:50:00,0,38,0,43,4,0,85
2024-03-28 13:00:00,0,34,0,41,1,0,76
2024-03-28 13:10:00,0,37,0,36,3,0,76
2024-03-28 13:20:00,0,38,0,49,2,0,89
2024-03-28 13:30:00,0,42,0,28,3,0,73
2024-03-28 13:40:00,0,37,0,35,1,0,73
2024-03-28 13:50:00,0,45,0,34,2,0,81
2024-03-28 14:00:00,0,42,0,38,1,0,81
2024-03-28 14:10:00,0,46,0,28,4,0,78
2024-03-28 14:20:00,0,41,0,35,4,0,80
2024-03-28 14:30:00,0,44,0,35,3,0,82
2024-03-28 14:40:00,0,48,0,26,2,0,76
2024-03-28 14:50:00,0,33,0,35,0,0,68
2024-03-28 15:00:00,0,44,0,31,0,0,75
2024-03-28 15:10:00,0,63,0,33,3,0,99
2024-03-28 15:20:00,0,38,0,27,2,0,67
2024-03-28 15:30:00,0,36,0,44,4,0,84
2024-03-28 15:40:00,0,41,0,30,1,0,72
2024-03-28 15:50:00,0,34,0,29,3,0,66
2024-03-28 16:00:00,0,46,0,38,3,0,87
2024-03-28 16:10:00,0,44,0,38,3,0,85
2024-03-28 16:20:00,0,52,0,35,1,0,88
2024-03-28 16:30:00,0,47,0,35,2,0,84
2024-03-28 16:40:00,0,52,0,37,2,0,91
2024-03-28 16:50:00,0,51,0,37,0,0,88
2024-03-28 17:00:00,0,37,0,32,1,0,70
2024-03-28 17:10:00,0,43,0,34,1,0,78
2024-03-28 17:20:00,0,46,0,37,2,0,85
2024-03-28 17:30:00,0,40,0,38,1,0,79
2024-03-28 17:40:00,0,43,0,29,1,0,73
2024-03-28 17:50:00,0,42,0,38,0,0,80
2024-03-28 18:00:00,0,34,0,34,1,0,69
2024-03-28 18:10:00,0,32,0,33,2,0,67
2024-03-28 18:20:00,0,44,0,32,0,0,76
2024-03-28 18:30:00,0,40,0,42,0,0,82
2024-03-28 18:40:00,0,33,0,42,4,0,79
2024-03-28 18:50:00,0,43,0,34,5,0,82
2024-03-28 19:00:00,0,44,0,41,0,0,85
2024-03-28 19:10:00,0,30,0,48,2,0,80
2024-03-28 19:20:00,0,34,0,75,2,0,111
2024-03-28 19:30:00,0,38,0,55,1,0,94
2024-03-28 19:40:00,0,36,0,61,12,0,109
2024-03-28 19:50:00,0,29,0,57,1,0,87
2024-03-28 20:00:00,0,38,0,65,2,0,105
2024-03-28 20:10:00,0,42,0,46,1,0,89
2024-03-28 20:20:00,0,40,0,83,0,0,123
2024-03-28 20:30:00,0,34,0,38,0,0,72
2024-03-28 20:40:00,0,30,0,61,1,0,92
2024-03-28 20:50:00,0,37,0,66,0,0,103
2024-03-28 21:00:00,0,17,0,55,1,0,73
2024-03-28 21:10:00,0,18,0,58,0,0,76
2024-03-28 21:20:00,0,37,0,52,0,0,89
2024-03-28 21:30:00,0,22,0,55,3,0,80
2024-03-28 21:40:00,0,32,0,58,0,0,90
2024-03-28 21:50:00,0,27,0,52,0,0,79
2024-03-28 22:00:00,0,19,0,46,0,0,65
2024-03-28 22:10:00,0,20,0,69,1,0,90
2024-03-28 22:20:00,0,23,0,38,0,0,61
2024-03-28 22:30:00,0,19,0,42,5,0,66
2024-03-28 22:40:00,0,20,0,48,1,0,69
2024-03-28 22:50:00,0,19,0,40,0,0,59
2024-03-28 23:00:00,0,8,0,38,0,0,46
2024-03-28 23:10:00,0,18,0,43,0,0,61
2024-03-28 23:20:00,0,7,0,28,1,0,36
2024-03-28 23:30:00,0,18,0,48,1,0,67
2024-03-28 23:40:00,0,18,0,38,1,0,57
2024-03-28 23:50:00,0,16,0,36,0,0,52
2024-03-29 00:00:00,0,13,0,37,0,0,50
2024-03-29 00:10:00,0,12,0,25,0,0,37
2024-03-29 00:20:00,0,9,0,23,0,0,32
2024-03-29 00:30:00,0,4,0,32,1,0,37
2024-03-29 00:40:00,0,18,0,28,0,0,46
2024-03-29 00:50:00,0,7,0,22,0,0,29
2024-03-29 01:00:00,0,11,0,13,0,0,24
2024-03-29 01:10:00,0,3,0,23,0,0,26
2024-03-29 01:20:00,0,15,0,27,0,0,42
2024-03-29 01:30:00,0,9,0,31,1,0,41
2024-03-29 01:40:00,0,7,0,16,0,0,23
2024-03-29 01:50:00,0,4,0,20,0,0,24
2024-03-29 02:00:00,0,4,0,25,0,0,29
2024-03-29 02:10:00,0,7,0,18,0,0,25
2024-03-29 02:20:00,0,7,0,7,0,0,14
2024-03-29 02:30:00,0,5,0,30,0,0,35
2024-03-29 02:40:00,0,7,0,6,0,0,13
2024-03-29 02:50:00,0,9,0,12,0,0,21
2024-03-29 03:00:00,0,3,0,17,0,0,20
2024-03-29 03:10:00,0,7,0,14,0,0,21
2024-03-29 03:20:00,0,5,0,7,0,0,12
2024-03-29 03:30:00,0,7,0,8,0,0,15
2024-03-29 03:40:00,0,6,0,7,0,0,13
2024-03-29 03:50:00,0,6,0,6,0,0,12
2024-03-29 04:00:00,0,1,0,1,0,0,2
2024-03-29 04:10:00,0,2,0,6,0,0,8
2024-03-29 04:20:00,0,2,0,19,0,0,21
2024-03-29 04:30:00,0,5,0,11,0,0,16
2024-03-29 04:40:00,0,3,0,24,1,0,28
2024-03-29 04:50:00,0,5,0,14,1,0,20
2024-03-29 05:00:00,0,4,0,30,0,0,34
2024-03-29 05:10:00,0,7,0,29,0,0,36
2024-03-29 05:20:00,0,5,0,32,0,0,37
2024-03-29 05:30:00,0,7,0,20,0,0,27
2024-03-29 05:40:00,0,8,0,7,2,0,17
2024-03-29 05:50:00,0,6,0,16,0,0,22
2024-03-29 06:00:00,0,5,0,6,0,0,11
2024-03-29 06:10:00,0,8,0,11,0,0,19
2024-03-29 06:20:00,0,9,0,12,0,0,21
2024-03-29 06:30:00,0,6,0,13,0,0,19
2024-03-29 06:40:00,0,5,0,6,2,0,13
2024-03-29 06:50:00,0,5,0,7,0,0,12
2024-03-29 07:00:00,0,3,0,9,0,0,12
2024-03-29 07:10:00,0,2,0,6,0,0,8
2024-03-29 07:20:00,0,5,0,6,0,0,11
2024-03-29 07:30:00,0,4,0,9,0,0,13
2024-03-29 07:40:00,0,10,0,12,0,0,22
2024-03-29 07:50:00,0,7,0,6,0,0,13
2024-03-29 08:00:00,0,7,0,8,0,0,15
2024-03-29 08:10:00,0,4,0,10,0,0,14
2024-03-29 08:20:00,0,7,0,8,0,0,15
2024-03-29 08:30:00,0,6,0,8,0,0,14
2024-03-29 08:40:00,0,10,0,12,0,0,22
2024-03-29 08:50:00,0,9,0,17,0,0,26
2024-03-29 09:00:00,0,16,0,13,0,0,29
2024-03-29 09:10:00,0,12,0,11,2,0,25
2024-03-29 09:20:00,0,13,0,19,0,0,32
2024-03-29 09:30:00,0,15,0,11,0,0,26
2024-03-29 09:40:00,0,13,0,26,1,0,40
2024-03-29 09:50:00,0,11,0,28,0,0,39
2024-03-29 10:00:00,0,14,0,13,1,0,28
2024-03-29 10:10:00,0,18,0,15,0,0,33
2024-03-29 10:20:00,0,15,0,17,0,0,32
2024-03-29 10:30:00,0,15,0,20,0,0,35
2024-03-29 10:40:00,0,20,0,17,0,0,37
2024-03-29 10:50:00,0,19,0,24,2,0,45
2024-03-29 11:00:00,0,16,0,22,1,0,39
2024-03-29 11:10:00,0,18,0,21,1,0,40
2024-03-29 11:20:00,0,26,0,21,0,0,47
2024-03-29 11:30:00,0,12,0,23,0,0,35
2024-03-29 11:40:00,0,24,0,26,0,0,50
2024-03-29 11:50:00,0,17,0,24,0,0,41
2024-03-29 12:00:00,0,17,0,18,0,0,35
2024-03-29 12:10:00,0,24,0,21,1,0,46
2024-03-29 12:20:00,0,26,0,25,0,0,51
2024-03-29 12:30:00,0,31,0,25,0,0,56
2024-03-29 12:40:00,0,28,0,29,2,0,59
2024-03-29 12:50:00,0,28,0,33,0,0,61
2024-03-29 13:00:00,0,25,0,30,1,0,56
2024-03-29 13:10:00,0,20,0,28,0,0,48
2024-03-29 13:20:00,0,30,0,24,0,0,54
2024-03-29 13:30:00,0,21,0,26,3,0,50
2024-03-29 13:40:00,0,27,0,30,2,0,59
2024-03-29 13:50:00,0,22,0,27,1,0,50
2024-03-29 14:00:00,0,19,0,21,1,0,41
2024-03-29 14:10:00,0,26,0,22,8,0,56
2024-03-29 14:20:00,0,34,0,24,2,0,60
2024-03-29 14:30:00,0,25,0,21,0,0,46
2024-03-29 14:40:00,0,29,0,25,0,0,54
2024-03-29 14:50:00,0,37,0,25,0,0,62
2024-03-29 15:00:00,0,20,0,35,0,0,55
2024-03-29 15:10:00,0,29,0,24,0,0,53
2024-03-29 15:20:00,0,24,0,22,1,0,47
2024-03-29 15:30:00,0,20,0,26,1,0,47
2024-03-29 15:40:00,0,25,0,21,0,0,46
2024-03-29 15:50:00,0,19,0,23,0,0,42
2024-03-29 16:00:00,0,24,0,26,2,0,52
2024-03-29 16:10:00,0,31,0,21,1,0,53
2024-03-29 16:20:00,0,22,0,28,0,0,50
2024-03-29 16:30:00,0,30,0,27,2,0,59
2024-03-29 16:40:00,0,27,0,19,1,0,47
2024-03-29 16:50:00,0,28,0,20,0,0,48
2024-03-29 17:00:00,0,27,0,32,0,0,59
2024-03-29 17:10:00,0,32,0,29,2,0,63
2024-03-29 17:20:00,0,17,0,24,1,0,42
2024-03-29 17:30:00,0,21,0,27,0,0,48
2024-03-29 17:40:00,0,33,0,32,1,0,66
2024-03-29 17:50:00,0,20,0,25,2,0,47
2024-03-29 18:00:00,0,19,0,29,0,0,48
2024-03-29 18:10:00,0,24,0,21,1,0,46
2024-03-29 18:20:00,0,18,0,31,1,0,50
2024-03-29 18:30:00,0,23,0,26,0,0,49
2024-03-29 18:40:00,0,31,0,17,1,0,49
2024-03-29 18:50:00,0,22,0,23,0,0,45
2024-03-29 19:00:00,0,21,0,28,1,0,50
2024-03-29 19:10:00,0,21,0,42,1,0,64
2024-03-29 19:20:00,0,22,0,27,0,0,49
2024-03-29 19:30:00,0,20,0,34,0,0,54
2024-03-29 19:40:00,0,21,0,32,1,0,54
2024-03-29 19:50:00,0,25,0,27,1,0,53
2024-03-29 20:00:00,0,17,0,34,1,0,52
2024-03-29 20:10:00,0,22,0,19,1,0,42
2024-03-29 20:20:00,0,16,0,33,2,0,51
2024-03-29 20:30:00,0,20,0,39,4,0,63
2024-03-29 20:40:00,0,19,0,40,1,0,60
2024-03-29 20:50:00,0,18,0,39,0,0,57
2024-03-29 21:00:00,0,17,0,26,0,0,43
2024-03-29 21:10:00,0,15,0,36,2,0,53
2024-03-29 21:20:00,0,14,0,26,0,0,40
2024-03-29 21:30:00,0,19,0,34,1,0,54
2024-03-29 21:40:00,0,18,0,29,1,0,48
2024-03-29 21:50:00,0,14,0,26,3,0,43
2024-03-29 22:00:00,0,22,0,32,0,0,54
2024-03-29 22:10:00,0,22,0,36,2,0,60
2024-03-29 22:20:00,0,12,0,35,0,0,47
2024-03-29 22:30:00,0,16,0,28,2,0,46
2024-03-29 22:40:00,0,19,0,33,0,0,52
2024-03-29 22:50:00,0,13,0,28,0,0,41
2024-03-29 23:00:00,0,12,0,27,1,0,40
2024-03-29 23:10:00,0,13,0,23,1,0,37
2024-03-29 23:20:00,0,11,0,15,0,0,26
2024-03-29 23:30:00,0,10,0,16,0,0,26
2024-03-29 23:40:00,0,16,0,20,1,0,37
2024-03-29 23:50:00,0,7,0,15,0,0,22
2024-03-30 00:00:00,0,11,0,24,0,0,35
2024-03-30 00:10:00,0,9,0,16,0,0,25
2024-03-30 00:20:00,0,12,0,17,0,0,29
2024-03-30 00:30:00,0,4,0,24,1,0,29
2024-03-30 00:40:00,0,10,0,10,0,0,20
2024-03-30 00:50:00,0,7,0,16,0,0,23
2024-03-30 01:00:00,0,7,0,10,1,0,18
2024-03-30 01:10:00,0,7,0,15,0,0,22
2024-03-30 01:20:00,0,5,0,10,0,0,15
2024-03-30 01:30:00,0,8,0,6,0,0,14
2024-03-30 01:40:00,0,4,0,15,1,0,20
2024-03-30 01:50:00,0,5,0,11,0,0,16
2024-03-30 02:00:00,0,8,0,9,1,0,18
2024-03-30 02:10:00,0,6,0,12,0,0,18
2024-03-30 02:20:00,0,8,0,8,0,0,16
2024-03-30 02:30:00,0,5,0,13,0,0,18
2024-03-30 02:40:00,0,2,0,10,0,0,12
2024-03-30 02:50:00,0,7,0,7,0,0,14
2024-03-30 03:00:00,0,6,0,4,0,0,10
2024-03-30 03:10:00,0,5,0,6,0,0,11
2024-03-30 03:20:00,0,4,0,4,0,0,8
2024-03-30 03:30:00,0,4,0,9,0,0,13
2024-03-30 03:40:00,0,3,0,9,1,0,13
2024-03-30 03:50:00,0,1,0,9,0,0,10
2024-03-30 04:00:00,0,5,0,6,0,0,11
2024-03-30 04:10:00,0,1,0,7,0,0,8
2024-03-30 04:20:00,0,2,0,6,0,0,8
2024-03-30 04:30:00,0,3,0,11,0,0,14
2024-03-30 04:40:00,0,4,0,11,0,0,15
2024-03-30 04:50:00,0,4,0,19,0,0,23
2024-03-30 05:00:00,0,4,0,29,1,0,34
2024-03-30 05:10:00,0,8,0,21,1,0,30
2024-03-30 05:20:00,0,3,0,11,0,0,14
2024-03-30 05:30:00,0,6,0,10,0,0,16
2024-03-30 05:40:00,0,9,0,10,0,0,19
2024-03-30 05:50:00,0,6,0,11,0,0,17
2024-03-30 06:00:00,0,5,0,10,0,0,15
2024-03-30 06:10:00,0,6,0,7,0,0,13
2024-03-30 06:20:00,0,9,0,10,0,0,19
2024-03-30 06:30:00,0,9,0,10,1,0,20
2024-03-30 06:40:00,0,11,0,12,1,0,24
2024-03-30 06:50:00,0,4,0,9,0,0,13
2024-03-30 07:00:00,0,6,0,8,0,0,14
2024-03-30 07:10:00,0,12,0,7,0,0,19
2024-03-30 07:20:00,0,12,0,11,0,0,23
2024-03-30 07:30:00,0,11,0,11,0,0,22
2024-03-30 07:40:00,0,14,0,14,0,0,28
2024-03-30 07:50:00,0,9,0,13,0,0,22
2024-03-30 08:00:00,0,15,0,20,0,0,35
2024-03-30 08:10:00,0,9,0,14,0,0,23
2024-03-30 08:20:00,0,15,0,25,8,0,48
2024-03-30 08:30:00,0,16,0,15,0,0,31
2024-03-30 08:40:00,0,17,0,15,1,0,33
2024-03-30 08:50:00,0,23,0,14,2,0,39
2024-03-30 09:00:00,0,23,0,18,0,0,41
2024-03-30 09:10:00,0,27,0,29,2,0,58
2024-03-30 09:20:00,0,21,0,23,1,0,45
2024-03-30 09:30:00,0,25,0,27,21,0,73
2024-03-30 09:40:00,0,45,0,26,0,0,71
2024-03-30 09:50:00,0,30,0,26,1,0,57
2024-03-30 10:00:00,0,32,0,29,1,0,62
2024-03-30 10:10:00,0,39,0,24,0,0,63
2024-03-30 10:20:00,0,33,0,36,3,0,72
2024-03-30 10:30:00,0,36,0,31,0,0,67
2024-03-30 10:40:00,0,33,0,34,0,0,67
2024-03-30 10:50:00,0,33,0,29,5,0,67
2024-03-30 11:00:00,0,27,0,31,1,0,59
2024-03-30 11:10:00,0,38,0,35,0,0,73
2024-03-30 11:20:00,0,28,0,35,3,0,66
2024-03-30 11:30:00,0,36,0,35,1,0,72
2024-03-30 11:40:00,0,46,0,29,0,0,75
2024-03-30 11:50:00,0,37,0,32,1,0,70
2024-03-30 12:00:00,0,41,0,30,0,0,71
2024-03-30 12:10:00,0,42,0,28,2,0,72
2024-03-30 12:20:00,0,41,0,36,3,0,80
2024-03-30 12:30:00,0,38,0,29,1,0,68
2024-03-30 12:40:00,0,43,0,38,5,0,86
2024-03-30 12:50:00,0,28,0,28,1,0,57
2024-03-30 13:00:00,0,47,0,32,0,0,79
2024-03-30 13:10:00,0,36,0,32,0,0,68
2024-03-30 13:20:00,0,33,0,36,2,0,71
2024-03-30 13:30:00,0,36,0,34,3,0,73
2024-03-30 13:40:00,0,42,0,28,3,0,73
2024-03-30 13:50:00,0,39,0,36,2,0,77
2024-03-30 14:00:00,0,48,0,36,0,0,84
2024-03-30 14:10:00,0,38,0,31,3,0,72
2024-03-30 14:20:00,0,46,0,49,0,0,95
2024-03-30 14:30:00,0,32,0,30,3,0,65
2024-03-30 14:40:00,0,34,0,32,1,0,67
2024-03-30 14:50:00,0,39,0,34,2,0,75
2024-03-30 15:00:00,0,32,0,30,3,0,65
2024-03-30 15:10:00,0,34,0,28,0,0,62
2024-03-30 15:20:00,0,38,0,31,0,0,69
2024-03-30 15:30:00,0,34,0,28,1,0,63
2024-03-30 15:40:00,0,31,0,38,1,0,70
2024-03-30 15:50:00,0,28,0,36,1,0,65
2024-03-30 16:00:00,0,30,0,31,1,0,62
2024-03-30 16:10:00,0,26,0,36,2,0,64
2024-03-30 16:20:00,0,31,0,38,1,0,70
2024-03-30 16:30:00,0,37,0,25,8,0,70
2024-03-30 16:40:00,0,24,0,31,1,0,56
2024-03-30 16:50:00,0,29,0,35,1,0,65
2024-03-30 17:00:00,0,35,0,28,1,0,64
2024-03-30 17:10:00,0,23,0,40,1,0,64
2024-03-30 17:20:00,0,36,0,33,0,0,69
2024-03-30 17:30:00,0,21,0,32,1,0,54
2024-03-30 17:40:00,0,36,0,33,3,0,72
2024-03-30 17:50:00,0,23,0,24,0,0,47
2024-03-30 18:00:00,0,34,0,28,0,0,62
2024-03-30 18:10:00,0,35,0,29,2,0,66
2024-03-30 18:20:00,0,31,0,30,0,0,61
2024-03-30 18:30:00,0,38,0,31,1,0,70
2024-03-30 18:40:00,0,40,0,29,2,0,71
2024-03-30 18:50:00,0,27,0,26,1,0,54
2024-03-30 19:00:00,0,31,0,44,1,0,76
2024-03-30 19:10:00,0,38,0,55,0,0,93
2024-03-30 19:20:00,0,20,0,50,1,0,71
2024-03-30 19:30:00,0,31,0,34,3,0,68
2024-03-30 19:40:00,0,22,0,52,0,0,74
2024-03-30 19:50:00,0,38,0,50,0,0,88
2024-03-30 20:00:00,0,24,0,44,0,0,68
2024-03-30 20:10:00,0,40,0,38,1,0,79
2024-03-30 20:20:00,0,20,0,47,0,0,67
2024-03-30 20:30:00,0,32,0,33,7,0,72
2024-03-30 20:40:00,0,32,0,52,0,0,84
2024-03-30 20:50:00,0,25,0,42,2,0,69
2024-03-30 21:00:00,0,28,0,60,0,0,88
2024-03-30 21:10:00,0,16,0,70,0,0,86
2024-03-30 21:20:00,0,21,0,39,3,0,63
2024-03-30 21:30:00,0,28,0,51,0,0,79
2024-03-30 21:40:00,0,23,0,39,2,0,64
2024-03-30 21:50:00,0,19,0,50,1,0,70
2024-03-30 22:00:00,0,22,0,49,2,0,73
2024-03-30 22:10:00,0,31,0,36,1,0,68
2024-03-30 22:20:00,0,29,0,50,2,0,81
2024-03-30 22:30:00,0,12,0,56,0,0,68
2024-03-30 22:40:00,0,26,0,65,0,0,91
2024-03-30 22:50:00,0,27,0,27,0,0,54
2024-03-30 23:00:00,0,23,0,42,2,0,67
2024-03-30 23:10:00,0,22,0,41,0,0,63
2024-03-30 23:20:00,0,15,0,45,0,0,60
2024-03-30 23:30:00,0,22,0,28,0,0,50
2024-03-30 23:40:00,0,14,0,23,3,0,40
2024-03-30 23:50:00,0,13,0,38,0,0,51
2024-03-31 00:00:00,0,10,0,32,0,0,42
2024-03-31 00:10:00,0,14,0,19,0,0,33
2024-03-31 00:20:00,0,19,0,38,2,0,59
2024-03-31 00:30:00,0,8,0,26,0,0,34
2024-03-31 00:40:00,0,13,0,14,0,0,27
2024-03-31 00:50:00,0,7,0,19,1,0,27
2024-03-31 01:00:00,0,14,0,34,0,0,48
2024-03-31 01:10:00,0,6,0,13,0,0,19
2024-03-31 01:20:00,0,9,0,12,0,0,21
2024-03-31 01:30:00,0,15,0,13,1,0,29
2024-03-31 01:40:00,0,8,0,11,0,0,19
2024-03-31 01:50:00,0,7,0,16,0,0,23
2024-03-31 02:00:00,0,0,0,0,0,0,0
2024-03-31 02:10:00,0,0,0,0,0,0,0
2024-03-31 02:20:00,0,0,0,0,0,0,0
2024-03-31 02:30:00,0,0,0,0,0,0,0
2024-03-31 02:40:00,0,0,0,0,0,0,0
2024-03-31 02:50:00,0,0,0,0,0,0,0
2024-03-31 03:00:00,0,0,0,0,0,0,0
2024-03-31 03:10:00,0,0,0,0,0,0,0
2024-03-31 03:20:00,0,0,0,0,0,0,0
2024-03-31 03:30:00,0,0,0,0,0,0,0
2024-03-31 03:40:00,0,0,0,0,0,0,0
2024-03-31 03:50:00,0,0,0,0,0,0,0
2024-03-31 04:00:00,0,8,0,7,0,0,15
2024-03-31 04:10:00,0,6,0,9,0,0,15
2024-03-31 04:20:00,0,4,0,6,0,0,10
2024-03-31 04:30:00,0,5,0,9,0,0,14
2024-03-31 04:40:00,0,4,0,12,0,0,16
2024-03-31 04:50:00,0,2,0,15,0,0,17
2024-03-31 05:00:00,0,5,0,26,2,0,33
2024-03-31 05:10:00,0,4,0,11,0,0,15
2024-03-31 05:20:00,0,3,0,11,0,0,14
2024-03-31 05:30:00,0,17,0,7,0,0,24
2024-03-31 05:40:00,0,11,0,6,0,0,17
2024-03-31 05:50:00,0,6,0,9,1,0,16
2024-03-31 06:00:00,0,14,0,9,1,0,24
2024-03-31 06:10:00,0,6,0,10,0,0,16
2024-03-31 06:20:00,0,9,0,15,0,0,24
2024-03-31 06:30:00,0,9,0,7,0,0,16
2024-03-31 06:40:00,0,5,0,8,1,0,14
2024-03-31 06:50:00,0,10,0,8,0,0,18
2024-03-31 07:00:00,0,3,0,11,0,0,14
2024-03-31 07:10:00,0,3,0,3,0,0,6
2024-03-31 07:20:00,0,4,0,10,0,0,14
2024-03-31 07:30:00,0,4,0,6,0,0,10
2024-03-31 07:40:00,0,3,0,8,0,0,11
2024-03-31 07:50:00,0,6,0,6,0,0,12
2024-03-31 08:00:00,0,2,0,6,0,0,8
2024-03-31 08:10:00,0,8,0,6,0,0,14
2024-03-31 08:20:00,0,4,0,9,1,0,14
2024-03-31 08:30:00,0,7,0,9,0,0,16
2024-03-31 08:40:00,0,8,0,14,0,0,22
2024-03-31 08:50:00,0,8,0,11,0,0,19
2024-03-31 09:00:00,0,9,0,14,0,0,23
2024-03-31 09:10:00,0,9,0,10,0,0,19
2024-03-31 09:20:00,0,16,0,18,0,0,34
2024-03-31 09:30:00,0,12,0,18,0,0,30
2024-03-31 09:40:00,0,23,0,16,0,0,39
2024-03-31 09:50:00,0,12,0,20,0,0,32
2024-03-31 10:00:00,0,13,0,19,0,0,32
2024-03-31 10:10:00,0,23,0,22,0,0,45
2024-03-31 10:20:00,0,17,0,22,3,0,42
2024-03-31 10:30:00,0,17,0,18,0,0,35
2024-03-31 10:40:00,0,15,0,22,1,0,38
2024-03-31 10:50:00,0,20,0,22,0,0,42
2024-03-31 11:00:00,0,17,0,30,0,0,47
2024-03-31 11:10:00,0,24,0,23,0,0,47
2024-03-31 11:20:00,0,28,0,27,0,0,55
2024-03-31 11:30:00,0,17,0,25,0,0,42
2024-03-31 11:40:00,0,25,0,26,0,0,51
2024-03-31 11:50:00,0,22,0,28,1,0,51
2024-03-31 12:00:00,0,20,0,20,1,0,41
2024-03-31 12:10:00,0,21,0,28,2,0,51
2024-03-31 12:20:00,0,15,0,26,1,0,42
2024-03-31 12:30:00,0,19,0,28,0,0,47
2024-03-31 12:40:00,0,19,0,27,1,0,47
2024-03-31 12:50:00,0,21,0,34,1,0,56
2024-03-31 13:00:00,0,28,0,26,0,0,54
2024-03-31 13:10:00,0,33,0,32,0,0,65
2024-03-31 13:20:00,0,26,0,31,1,0,58
2024-03-31 13:30:00,0,28,0,26,0,0,54
2024-03-31 13:40:00,0,32,0,30,1,0,63
2024-03-31 13:50:00,0,30,0,25,0,0,55
2024-03-31 14:00:00,0,26,0,33,0,0,59
2024-03-31 14:10:00,0,15,0,29,0,0,44
2024-03-31 14:20:00,0,24,0,31,0,0,55
2024-03-31 14:30:00,0,30,0,27,1,0,58
2024-03-31 14:40:00,0,27,0,33,0,0,60
2024-03-31 14:50:00,0,23,0,33,1,0,57
2024-03-31 15:00:00,0,23,0,29,0,0,52
2024-03-31 15:10:00,0,26,0,28,2,0,56
2024-03-31 15:20:00,0,32,0,31,4,0,67
2024-03-31 15:30:00,0,20,0,50,0,0,70
2024-03-31 15:40:00,0,26,0,24,1,0,51
2024-03-31 15:50:00,0,36,0,28,2,0,66
2024-03-31 16:00:00,0,24,0,29,0,0,53
2024-03-31 16:10:00,0,27,0,30,0,0,57
2024-03-31 16:20:00,0,26,0,29,1,0,56
2024-03-31 16:30:00,0,26,0,30,0,0,56
2024-03-31 16:40:00,0,25,0,26,2,0,53
2024-03-31 16:50:00,0,21,0,25,0,0,46
2024-03-31 17:00:00,0,26,0,35,1,0,62
2024-03-31 17:10:00,0,35,0,28,0,0,63
2024-03-31 17:20:00,0,22,0,26,1,0,49
2024-03-31 17:30:00,0,23,0,28,0,0,51
2024-03-31 17:40:00,0,37,0,29,0,0,66
2024-03-31 17:50:00,0,24,0,35,0,0,59
2024-03-31 18:00:00,0,22,0,27,1,0,50
2024-03-31 18:10:00,0,27,0,35,0,0,62
2024-03-31 18:20:00,0,28,0,26,0,0,54
2024-03-31 18:30:00,0,28,0,27,0,0,55
2024-03-31 18:40:00,0,36,0,34,1,0,71
2024-03-31 18:50:00,0,27,0,24,1,0,52
2024-03-31 19:00:00,0,31,0,26,0,0,57
2024-03-31 19:10:00,0,27,0,37,0,0,64
2024-03-31 19:20:00,0,35,0,29,0,0,64
2024-03-31 19:30:00,0,24,0,25,0,0,49
2024-03-31 19:40:00,0,32,0,25,0,0,57
2024-03-31 19:50:00,0,25,0,47,0,0,72
2024-03-31 20:00:00,0,25,0,36,0,0,61
2024-03-31 20:10:00,0,28,0,35,1,0,64
2024-03-31 20:20:00,0,24,0,54,0,0,78
2024-03-31 20:30:00,0,26,0,59,0,0,85
2024-03-31 20:40:00,0,25,0,42,1,0,68
2024-03-31 20:50:00,0,21,0,61,0,0,82
2024-03-31 21:00:00,0,25,0,44,1,0,70
2024-03-31 21:10:00,0,29,0,47,1,0,77
2024-03-31 21:20:00,0,36,0,31,2,0,69
2024-03-31 21:30:00,0,28,0,43,0,0,71
2024-03-31 21:40:00,0,29,0,47,1,0,77
2024-03-31 21:50:00,0,27,0,53,1,0,81
2024-03-31 22:00:00,0,18,0,28,0,0,46
2024-03-31 22:10:00,0,28,0,46,1,0,75
2024-03-31 22:20:00,0,21,0,48,1,0,70
2024-03-31 22:30:00,0,25,0,37,0,0,62
2024-03-31 22:40:00,0,21,0,48,0,0,69
2024-03-31 22:50:00,0,19,0,41,0,0,60
2024-03-31 23:00:00,0,18,0,40,0,0,58
2024-03-31 23:10:00,0,14,0,23,2,0,39
2024-03-31 23:20:00,0,19,0,26,1,0,46
2024-03-31 23:30:00,0,13,0,19,0,0,32
2024-03-31 23:40:00,0,10,0,21,2,0,33
2024-03-31 23:50:00,0,10,0,16,0,0,26
2024-04-01 00:00:00,0,12,0,19,1,0,32
2024-04-01 00:10:00,0,16,0,13,0,0,29
2024-04-01 00:20:00,0,18,0,21,0,0,39
2024-04-01 00:30:00,0,14,0,13,0,0,27
2024-04-01 00:40:00,0,13,0,20,0,0,33
2024-04-01 00:50:00,0,9,0,17,0,0,26
2024-04-01 01:00:00,0,9,0,8,0,0,17
2024-04-01 01:10:00,0,10,0,16,0,0,26
2024-04-01 01:20:00,0,8,0,14,0,0,22
2024-04-01 01:30:00,0,7,0,11,0,0,18
2024-04-01 01:40:00,0,8,0,7,0,0,15
2024-04-01 01:50:00,0,3,0,22,0,0,25
2024-04-01 02:00:00,0,9,0,12,0,0,21
2024-04-01 02:10:00,0,8,0,8,0,0,16
2024-04-01 02:20:00,0,5,0,10,0,0,15
2024-04-01 02:30:00,0,6,0,6,0,0,12
2024-04-01 02:40:00,0,6,0,11,0,0,17
2024-04-01 02:50:00,0,7,0,16,0,0,23
2024-04-01 03:00:00,0,2,0,5,0,0,7
2024-04-01 03:10:00,0,3,0,5,0,0,8
2024-04-01 03:20:00,0,3,0,10,0,0,13
2024-04-01 03:30:00,0,7,0,6,0,0,13
2024-04-01 03:40:00,0,7,0,3,0,0,10
2024-04-01 03:50:00,0,6,0,2,0,0,8
2024-04-01 04:00:00,0,5,0,10,0,0,15
2024-04-01 04:10:00,0,8,0,7,0,0,15
2024-04-01 04:20:00,0,4,0,8,0,0,12
2024-04-01 04:30:00,0,5,0,12,0,0,17
2024-04-01 04:40:00,0,6,0,10,0,0,16
2024-04-01 04:50:00,0,3,0,9,0,0,12
2024-04-01 05:00:00,0,2,0,17,0,0,19
2024-04-01 05:10:00,0,5,0,18,0,0,23
2024-04-01 05:20:00,0,7,0,17,0,0,24
2024-04-01 05:30:00,0,7,0,16,0,0,23
2024-04-01 05:40:00,0,11,0,7,1,0,19
2024-04-01 05:50:00,0,4,0,14,0,0,18
2024-04-01 06:00:00,0,12,0,11,0,0,23
2024-04-01 06:10:00,0,13,0,8,0,0,21
2024-04-01 06:20:00,0,11,0,11,0,0,22
2024-04-01 06:30:00,0,9,0,20,0,0,29
2024-04-01 06:40:00,0,7,0,12,0,0,19
2024-04-01 06:50:00,0,3,0,5,0,0,8
2024-04-01 07:00:00,0,2,0,6,0,0,8
2024-04-01 07:10:00,0,5,0,5,0,0,10
2024-04-01 07:20:00,0,4,0,6,0,0,10
2024-04-01 07:30:00,0,2,0,8,1,0,11
2024-04-01 07:40:00,0,8,0,7,0,0,15
2024-04-01 07:50:00,0,2,0,6,0,0,8
2024-04-01 08:00:00,0,1,0,1,0,0,2
2024-04-01 08:10:00,0,6,0,4,0,0,10
2024-04-01 08:20:00,0,9,0,7,0,0,16
2024-04-01 08:30:00,0,5,0,7,0,0,12
2024-04-01 08:40:00,0,2,0,9,0,0,11
2024-04-01 08:50:00,0,6,0,8,0,0,14
2024-04-01 09:00:00,0,4,0,9,0,0,13
2024-04-01 09:10:00,0,2,0,10,0,0,12
2024-04-01 09:20:00,0,13,0,10,0,0,23
2024-04-01 09:30:00,0,9,0,15,0,0,24
2024-04-01 09:40:00,0,12,0,22,0,0,34
2024-04-01 09:50:00,0,17,0,20,0,0,37
2024-04-01 10:00:00,0,15,0,13,0,0,28
2024-04-01 10:10:00,0,16,0,17,0,0,33
2024-04-01 10:20:00,0,16,0,13,0,0,29
2024-04-01 10:30:00,0,12,0,22,0,0,34
2024-04-01 10:40:00,0,17,0,20,1,0,38
2024-04-01 10:50:00,0,18,0,25,0,0,43
2024-04-01 11:00:00,0,21,0,28,1,0,50
2024-04-01 11:10:00,0,18,0,22,2,0,42
2024-04-01 11:20:00,0,14,0,22,1,0,37
2024-04-01 11:30:00,0,11,0,24,0,0,35
2024-04-01 11:40:00,0,22,0,30,2,0,54
2024-04-01 11:50:00,0,24,0,17,0,0,41
2024-04-01 12:00:00,0,24,0,24,0,0,48
2024-04-01 12:10:00,0,13,0,17,0,0,30
2024-04-01 12:20:00,0,24,0,25,2,0,51
2024-04-01 12:30:00,0,25,0,18,1,0,44
2024-04-01 12:40:00,0,20,0,24,3,0,47
2024-04-01 12:50:00,0,25,0,26,0,0,51
2024-04-01 13:00:00,0,22,0,28,0,0,50
2024-04-01 13:10:00,0,20,0,30,1,0,51
2024-04-01 13:20:00,0,23,0,24,1,0,48
2024-04-01 13:30:00,0,27,0,26,2,0,55
2024-04-01 13:40:00,0,19,0,24,1,0,44
2024-04-01 13:50:00,0,21,0,37,2,0,60
2024-04-01 14:00:00,0,27,0,26,0,0,53
2024-04-01 14:10:00,0,63,0,22,2,0,87
2024-04-01 14:20:00,0,32,0,29,0,0,61
2024-04-01 14:30:00,0,26,0,24,0,0,50
2024-04-01 14:40:00,0,48,0,31,0,0,79
2024-04-01 14:50:00,0,49,0,31,3,0,83
2024-04-01 15:00:00,0,25,0,36,0,0,61
2024-04-01 15:10:00,0,16,0,25,1,0,42
2024-04-01 15:20:00,0,31,0,33,1,0,65
2024-04-01 15:30:00,0,20,0,28,1,0,49
2024-04-01 15:40:00,0,29,0,29,2,0,60
2024-04-01 15:50:00,0,23,0,27,1,0,51
2024-04-01 16:00:00,0,28,0,24,1,0,53
2024-04-01 16:10:00,0,25,0,33,0,0,58
2024-04-01 16:20:00,0,23,0,26,1,0,50
2024-04-01 16:30:00,0,20,0,27,0,0,47
2024-04-01 16:40:00,0,34,0,25,0,0,59
2024-04-01 16:50:00,0,27,0,33,0,0,60
2024-04-01 17:00:00,0,30,0,33,2,0,65
2024-04-01 17:10:00,0,26,0,30,1,0,57
2024-04-01 17:20:00,0,30,0,25,1,0,56
2024-04-01 17:30:00,0,32,0,30,1,0,63
2024-04-01 17:40:00,0,30,0,26,0,0,56
2024-04-01 17:50:00,0,27,0,24,1,0,52
2024-04-01 18:00:00,0,25,0,29,0,0,54
2024-04-01 18:10:00,0,33,0,30,1,0,64
2024-04-01 18:20:00,0,25,0,24,1,0,50
2024-04-01 18:30:00,0,31,0,27,2,0,60
2024-04-01 18:40:00,0,29,0,24,0,0,53
2024-04-01 18:50:00,0,28,0,31,0,0,59
2024-04-01 19:00:00,0,23,0,30,0,0,53
2024-04-01 19:10:00,0,27,0,24,0,0,51
2024-04-01 19:20:00,0,25,0,31,0,0,56
2024-04-01 19:30:00,0,29,0,33,2,0,64
2024-04-01 19:40:00,0,22,0,28,1,0,51
2024-04-01 19:50:00,0,20,0,29,1,0,50
2024-04-01 20:00:00,0,21,0,37,0,0,58
2024-04-01 20:10:00,0,21,0,49,2,0,72
2024-04-01 20:20:00,0,20,0,40,0,0,60
2024-04-01 20:30:00,0,24,0,31,0,0,55
2024-04-01 20:40:00,0,20,0,40,0,0,60
2024-04-01 20:50:00,0,26,0,58,0,0,84
2024-04-01 21:00:00,0,37,0,45,0,0,82
2024-04-01 21:10:00,0,34,0,58,1,0,93
2024-04-01 21:20:00,0,47,0,66,0,0,113
2024-04-01 21:30:00,0,19,0,44,1,0,64
2024-04-01 21:40:00,0,20,0,33,0,0,53
2024-04-01 21:50:00,0,26,0,29,1,0,56
2024-04-01 22:00:00,0,21,0,31,2,0,54
2024-04-01 22:10:00,0,18,0,40,2,0,60
2024-04-01 22:20:00,0,18,0,38,0,0,56
2024-04-01 22:30:00,0,26,0,45,1,0,72
2024-04-01 22:40:00,0,23,0,33,0,0,56
2024-04-01 22:50:00,0,22,0,26,0,0,48
2024-04-01 23:00:00,0,24,0,41,1,0,66
2024-04-01 23:10:00,0,15,0,38,1,0,54
2024-04-01 23:20:00,0,12,0,38,0,0,50
2024-04-01 23:30:00,0,15,0,33,0,0,48
2024-04-01 23:40:00,0,17,0,23,0,0,40
2024-04-01 23:50:00,0,19,0,23,1,0,43
2024-04-02 00:00:00,0,15,0,36,1,0,52
2024-04-02 00:10:00,0,12,0,27,0,0,39
2024-04-02 00:20:00,0,9,0,26,0,0,35
2024-04-02 00:30:00,0,11,0,28,0,0,39
2024-04-02 00:40:00,0,6,0,10,0,0,16
2024-04-02 00:50:00,0,9,0,15,0,0,24
2024-04-02 01:00:00,0,7,0,22,1,0,30
2024-04-02 01:10:00,0,0,0,10,0,0,10
2024-04-02 01:20:00,0,7,0,17,0,0,24
2024-04-02 01:30:00,0,7,0,7,0,0,14
2024-04-02 01:40:00,0,0,0,11,0,0,11
2024-04-02 01:50:00,0,8,0,12,0,0,20
2024-04-02 02:00:00,0,4,0,1,0,0,5
2024-04-02 02:10:00,0,7,0,4,0,0,11
2024-04-02 02:20:00,0,4,0,7,0,0,11
2024-04-02 02:30:00,0,1,0,7,0,0,8
2024-04-02 02:40:00,0,1,0,12,0,0,13
2024-04-02 02:50:00,0,4,0,11,0,0,15
2024-04-02 03:00:00,0,2,0,10,0,0,12
2024-04-02 03:10:00,0,6,0,7,0,0,13
2024-04-02 03:20:00,0,4,0,7,0,0,11
2024-04-02 03:30:00,0,7,0,0,0,0,7
2024-04-02 03:40:00,0,1,0,1,0,0,2
2024-04-02 03:50:00,0,3,0,5,0,0,8
2024-04-02 04:00:00,0,3,0,2,1,0,6
2024-04-02 04:10:00,0,3,0,16,0,0,19
2024-04-02 04:20:00,0,2,0,16,2,0,20
2024-04-02 04:30:00,0,3,0,18,0,0,21
2024-04-02 04:40:00,0,4,0,57,0,0,61
2024-04-02 04:50:00,0,4,0,46,0,0,50
2024-04-02 05:00:00,0,11,0,57,1,0,69
2024-04-02 05:10:00,0,10,0,57,0,0,67
2024-04-02 05:20:00,0,16,0,68,0,0,84
2024-04-02 05:30:00,0,14,0,78,1,0,93
2024-04-02 05:40:00,0,33,0,58,0,0,91
2024-04-02 05:50:00,0,16,0,67,38,0,121
2024-04-02 06:00:00,0,27,0,62,4,0,93
2024-04-02 06:10:00,0,22,0,68,4,0,94
2024-04-02 06:20:00,0,31,0,61,13,0,105
2024-04-02 06:30:00,0,33,0,72,10,0,115
2024-04-02 06:40:00,0,28,0,59,6,0,93
2024-04-02 06:50:00,0,33,0,60,13,0,106
2024-04-02 07:00:00,0,33,0,36,12,0,81
2024-04-02 07:10:00,0,26,0,27,8,0,61
2024-04-02 07:20:00,0,24,0,25,14,0,63
2024-04-02 07:30:00,0,28,0,35,15,0,78
2024-04-02 07:40:00,0,32,0,33,7,0,72
2024-04-02 07:50:00,0,25,0,37,13,0,75
2024-04-02 08:00:00,0,27,0,36,13,0,76
2024-04-02 08:10:00,0,34,0,30,3,0,67
2024-04-02 08:20:00,0,25,0,29,7,0,61
2024-04-02 08:30:00,0,29,0,39,10,0,78
2024-04-02 08:40:00,0,46,0,31,6,0,83
2024-04-02 08:50:00,0,29,0,38,7,0,74
2024-04-02 09:00:00,0,38,0,28,4,0,70
2024-04-02 09:10:00,0,38,0,24,3,0,65
2024-04-02 09:20:00,0,34,0,36,6,0,76
2024-04-02 09:30:00,0,37,0,31,3,0,71
2024-04-02 09:40:00,0,38,0,28,6,0,72
2024-04-02 09:50:00,0,27,0,40,4,0,71
2024-04-02 10:00:00,0,38,0,26,1,0,65
2024-04-02 10:10:00,0,33,0,35,1,0,69
2024-04-02 10:20:00,0,41,0,27,2,0,70
2024-04-02 10:30:00,0,34,0,33,4,0,71
2024-04-02 10:40:00,0,28,0,28,2,0,58
2024-04-02 10:50:00,0,32,0,27,3,0,62
2024-04-02 11:00:00,0,32,0,27,9,0,68
2024-04-02 11:10:00,0,37,0,24,4,0,65
2024-04-02 11:20:00,0,29,0,37,3,0,69
2024-04-02 11:30:00,0,25,0,35,6,0,66
2024-04-02 11:40:00,0,43,0,36,1,0,80
2024-04-02 11:50:00,0,33,0,40,3,0,76
2024-04-02 12:00:00,0,32,0,31,2,0,65
2024-04-02 12:10:00,0,39,0,25,4,0,68
2024-04-02 12:20:00,0,30,0,28,2,0,60
2024-04-02 12:30:00,0,34,0,31,5,0,70
2024-04-02 12:40:00,0,31,0,28,5,0,64
2024-04-02 12:50:00,0,32,0,23,2,0,57
2024-04-02 13:00:00,0,40,0,32,1,0,73
2024-04-02 13:10:00,0,40,0,25,1,0,66
2024-04-02 13:20:00,0,27,0,28,3,0,58
2024-04-02 13:30:00,0,30,0,32,5,0,67
2024-04-02 13:40:00,0,36,0,27,1,0,64
2024-04-02 13:50:00,0,33,0,25,8,0,66
2024-04-02 14:00:00,0,28,0,28,3,0,59
2024-04-02 14:10:00,0,36,0,47,2,0,85
2024-04-02 14:20:00,0,41,0,31,5,0,77
2024-04-02 14:30:00,0,37,0,30,4,0,71
2024-04-02 14:40:00,0,34,0,35,5,0,74
2024-04-02 14:50:00,0,38,0,25,2,0,65
2024-04-02 15:00:00,0,44,0,32,2,0,78
2024-04-02 15:10:00,0,56,0,27,0,0,83
2024-04-02 15:20:00,0,43,0,35,2,0,80
2024-04-02 15:30:00,0,45,0,35,2,0,82
2024-04-02 15:40:00,0,46,0,38,2,0,86
2024-04-02 15:50:00,0,39,0,32,4,0,75
2024-04-02 16:00:00,0,45,0,35,0,0,80
2024-04-02 16:10:00,0,42,0,32,2,0,76
2024-04-02 16:20:00,0,39,0,34,2,0,75
2024-04-02 16:30:00,0,37,0,34,1,0,72
2024-04-02 16:40:00,0,52,0,30,0,0,82
2024-04-02 16:50:00,0,39,0,29,1,0,69
2024-04-02 17:00:00,0,54,0,35,1,0,90
2024-04-02 17:10:00,0,41,0,33,1,0,75
2024-04-02 17:20:00,0,39,0,40,1,0,80
2024-04-02 17:30:00,0,43,0,30,1,0,74
2024-04-02 17:40:00,0,38,0,32,2,0,72
2024-04-02 17:50:00,0,54,0,40,0,0,94
2024-04-02 18:00:00,0,120,0,31,1,0,152
2024-04-02 18:10:00,0,45,0,39,1,0,85
2024-04-02 18:20:00,0,33,0,36,1,0,70
2024-04-02 18:30:00,0,31,0,34,1,0,66
2024-04-02 18:40:00,0,45,0,39,1,0,85
2024-04-02 18:50:00,0,41,0,25,1,0,67
2024-04-02 19:00:00,0,30,0,32,1,0,63
2024-04-02 19:10:00,0,29,0,24,2,0,55
2024-04-02 19:20:00,0,36,0,35,0,0,71
2024-04-02 19:30:00,0,26,0,26,1,0,53
2024-04-02 19:40:00,0,32,0,36,0,0,68
2024-04-02 19:50:00,0,21,0,26,2,0,49
2024-04-02 20:00:00,0,24,0,17,0,0,41
2024-04-02 20:10:00,0,24,0,37,1,0,62
2024-04-02 20:20:00,0,17,0,37,0,0,54
2024-04-02 20:30:00,0,23,0,40,1,0,64
2024-04-02 20:40:00,0,28,0,47,0,0,75
2024-04-02 20:50:00,0,28,0,47,1,0,76
2024-04-02 21:00:00,0,24,0,51,0,0,75
2024-04-02 21:10:00,0,29,0,57,1,0,87
2024-04-02 21:20:00,0,32,0,35,0,0,67
2024-04-02 21:30:00,0,32,0,43,0,0,75
2024-04-02 21:40:00,0,22,0,44,0,0,66
2024-04-02 21:50:00,0,21,0,50,0,0,71
2024-04-02 22:00:00,0,23,0,35,1,0,59
2024-04-02 22:10:00,0,17,0,50,0,0,67
2024-04-02 22:20:00,0,23,0,43,0,0,66
2024-04-02 22:30:00,0,24,0,44,0,0,68
2024-04-02 22:40:00,0,14,0,42,0,0,56
2024-04-02 22:50:00,0,12,0,41,0,0,53
2024-04-02 23:00:00,0,18,0,51,0,0,69
2024-04-02 23:10:00,0,8,0,40,0,0,48
2024-04-02 23:20:00,0,18,0,35,1,0,54
2024-04-02 23:30:00,0,13,0,25,0,0,38
2024-04-02 23:40:00,0,15,0,16,0,0,31
2024-04-02 23:50:00,0,7,0,31,1,0,39
2024-04-03 00:00:00,0,12,0,12,1,0,25
2024-04-03 00:10:00,0,10,0,18,0,0,28
2024-04-03 00:20:00,0,12,0,13,0,0,25
2024-04-03 00:30:00,0,2,0,29,0,0,31
2024-04-03 00:40:00,0,5,0,17,0,0,22
2024-04-03 00:50:00,0,1,0,8,0,0,9
2024-04-03 01:00:00,0,4,0,22,0,0,26
2024-04-03 01:10:00,0,4,0,12,0,0,16
2024-04-03 01:20:00,0,5,0,7,1,0,13
2024-04-03 01:30:00,0,9,0,2,0,0,11
2024-04-03 01:40:00,0,4,0,9,0,0,13
2024-04-03 01:50:00,0,1,0,6,0,0,7
2024-04-03 02:00:00,0,4,0,2,0,0,6
2024-04-03 02:10:00,0,4,0,3,1,0,8
2024-04-03 02:20:00,0,1,0,4,0,0,5
2024-04-03 02:30:00,0,1,0,10,0,0,11
2024-04-03 02:40:00,0,4,0,4,0,0,8
2024-04-03 02:50:00,0,1,0,6,0,0,7
2024-04-03 03:00:00,0,0,0,8,0,0,8
2024-04-03 03:10:00,0,1,0,8,0,0,9
2024-04-03 03:20:00,0,4,0,6,0,0,10
2024-04-03 03:30:00,0,3,0,1,0,0,4
2024-04-03 03:40:00,0,1,0,3,1,0,5
2024-04-03 03:50:00,0,2,0,14,0,0,16
2024-04-03 04:00:00,0,1,0,9,0,0,10
2024-04-03 04:10:00,0,4,0,17,0,0,21
2024-04-03 04:20:00,0,8,0,20,0,0,28
2024-04-03 04:30:00,0,2,0,21,1,0,24
2024-04-03 04:40:00,0,2,0,34,0,0,36
2024-04-03 04:50:00,0,6,0,30,1,0,37
2024-04-03 05:00:00,0,9,0,62,0,0,71
2024-04-03 05:10:00,0,9,0,63,1,0,73
2024-04-03 05:20:00,0,12,0,56,0,0,68
2024-04-03 05:30:00,0,19,0,56,2,0,77
2024-04-03 05:40:00,0,17,0,46,0,0,63
2024-04-03 05:50:00,0,16,0,83,4,0,103
2024-04-03 06:00:00,0,21,0,52,6,0,79
2024-04-03 06:10:00,0,18,0,77,4,0,99
2024-04-03 06:20:00,0,26,0,56,9,0,91
2024-04-03 06:30:00,0,33,0,87,7,0,127
2024-04-03 06:40:00,0,42,0,83,6,0,131
2024-04-03 06:50:00,0,19,0,34,8,0,61
2024-04-03 07:00:00,0,28,0,40,12,0,80
2024-04-03 07:10:00,0,40,0,30,18,0,88
2024-04-03 07:20:00,0,35,0,29,13,0,77
2024-04-03 07:30:00,0,36,0,34,30,0,100
2024-04-03 07:40:00,0,39,0,32,6,0,77
2024-04-03 07:50:00,0,33,0,39,27,0,99
2024-04-03 08:00:00,0,24,0,31,10,0,65
2024-04-03 08:10:00,0,31,0,37,3,0,71
2024-04-03 08:20:00,0,33,0,33,5,0,71
2024-04-03 08:30:00,0,31,0,41,5,0,77
2024-04-03 08:40:00,0,35,0,25,7,0,67
2024-04-03 08:50:00,0,33,0,19,13,0,65
2024-04-03 09:00:00,0,30,0,31,5,0,66
2024-04-03 09:10:00,0,28,0,28,7,0,63
2024-04-03 09:20:00,0,30,0,36,6,0,72
2024-04-03 09:30:00,0,34,0,31,2,0,67
2024-04-03 09:40:00,0,29,0,28,3,0,60
2024-04-03 09:50:00,0,29,0,27,6,0,62
2024-04-03 10:00:00,0,36,0,24,3,0,63
2024-04-03 10:10:00,0,29,0,23,3,0,55
2024-04-03 10:20:00,0,37,0,30,1,0,68
2024-04-03 10:30:00,0,38,0,31,5,0,74
2024-04-03 10:40:00,0,33,0,33,6,0,72
2024-04-03 10:50:00,0,27,0,28,2,0,57
2024-04-03 11:00:00,0,28,0,34,1,0,63
2024-04-03 11:10:00,0,24,0,31,5,0,60
2024-04-03 11:20:00,0,26,0,28,3,0,57
2024-04-03 11:30:00,0,43,0,27,1,0,71
2024-04-03 11:40:00,0,34,0,30,2,0,66
2024-04-03 11:50:00,0,31,0,36,3,0,70
2024-04-03 12:00:00,0,22,0,23,2,0,47
2024-04-03 12:10:00,0,25,0,26,2,0,53
2024-04-03 12:20:00,0,29,0,27,7,0,63
2024-04-03 12:30:00,0,30,0,28,4,0,62
2024-04-03 12:40:00,0,34,0,28,3,0,65
2024-04-03 12:50:00,0,39,0,17,4,0,60
2024-04-03 13:00:00,0,30,0,35,2,0,67
2024-04-03 13:10:00,0,35,0,32,2,0,69
2024-04-03 13:20:00,0,32,0,32,0,0,64
2024-04-03 13:30:00,0,26,0,33,8,0,67
2024-04-03 13:40:00,0,39,0,32,1,0,72
2024-04-03 13:50:00,0,34,0,29,1,0,64
2024-04-03 14:00:00,0,36,0,25,4,0,65
2024-04-03 14:10:00,0,32,0,29,5,0,66
2024-04-03 14:20:00,0,37,0,27,5,0,69
2024-04-03 14:30:00,0,43,0,25,1,0,69
2024-04-03 14:40:00,0,29,0,32,3,0,64
2024-04-03 14:50:00,0,37,0,26,0,0,63
2024-04-03 15:00:00,0,38,0,30,2,0,70
2024-04-03 15:10:00,0,36,0,26,3,0,65
2024-04-03 15:20:00,0,44,0,37,1,0,82
2024-04-03 15:30:00,0,50,0,43,1,0,94
2024-04-03 15:40:00,0,36,0,41,2,0,79
2024-04-03 15:50:00,0,32,0,40,3,0,75
2024-04-03 16:00:00,0,43,0,28,1,0,72
2024-04-03 16:10:00,0,50,0,44,0,0,94
2024-04-03 16:20:00,0,47,0,61,3,0,111
2024-04-03 16:30:00,0,37,0,39,0,0,76
2024-04-03 16:40:00,0,46,0,32,4,0,82
2024-04-03 16:50:00,0,39,0,36,2,0,77
2024-04-03 17:00:00,0,41,0,43,2,0,86
2024-04-03 17:10:00,0,37,0,31,0,0,68
2024-04-03 17:20:00,0,35,0,35,4,0,74
2024-04-03 17:30:00,0,38,0,29,1,0,68
2024-04-03 17:40:00,0,46,0,29,2,0,77
2024-04-03 17:50:00,0,37,0,38,0,0,75
2024-04-03 18:00:00,0,46,0,30,1,0,77
2024-04-03 18:10:00,0,39,0,35,1,0,75
2024-04-03 18:20:00,0,41,0,30,1,0,72
2024-04-03 18:30:00,0,39,0,35,1,0,75
2024-04-03 18:40:00,0,40,0,37,1,0,78
2024-04-03 18:50:00,0,31,0,27,1,0,59
2024-04-03 19:00:00,0,29,0,23,0,0,52
2024-04-03 19:10:00,0,32,0,26,1,0,59
2024-04-03 19:20:00,0,31,0,27,3,0,61
2024-04-03 19:30:00,0,26,0,26,3,0,55
2024-04-03 19:40:00,0,20,0,31,0,0,51
2024-04-03 19:50:00,0,24,0,32,1,0,57
2024-04-03 20:00:00,0,25,0,29,1,0,55
2024-04-03 20:10:00,0,30,0,32,0,0,62
2024-04-03 20:20:00,0,22,0,66,0,0,88
2024-04-03 20:30:00,0,28,0,49,1,0,78
2024-04-03 20:40:00,0,21,0,53,0,0,74
2024-04-03 20:50:00,0,26,0,55,1,0,82
2024-04-03 21:00:00,0,30,0,42,1,0,73
2024-04-03 21:10:00,0,22,0,39,1,0,62
2024-04-03 21:20:00,0,30,0,34,0,0,64
2024-04-03 21:30:00,0,17,0,41,2,0,60
2024-04-03 21:40:00,0,17,0,24,0,0,41
2024-04-03 21:50:00,0,20,0,33,0,0,53
2024-04-03 22:00:00,0,14,0,25,0,0,39
2024-04-03 22:10:00,0,14,0,33,1,0,48
2024-04-03 22:20:00,0,22,0,35,0,0,57
2024-04-03 22:30:00,0,26,0,25,0,0,51
2024-04-03 22:40:00,0,20,0,14,0,0,34
2024-04-03 22:50:00,0,23,0,25,0,0,48
2024-04-03 23:00:00,0,20,0,17,1,0,38
2024-04-03 23:10:00,0,16,0,23,0,0,39
2024-04-03 23:20:00,0,11,0,23,1,0,35
2024-04-03 23:30:00,0,7,0,14,1,0,22
2024-04-03 23:40:00,0,6,0,18,0,0,24
2024-04-03 23:50:00,0,5,0,20,0,0,25
2024-04-04 00:00:00,0,13,0,15,0,0,28
2024-04-04 00:10:00,0,2,0,6,1,0,9
2024-04-04 00:20:00,0,8,0,11,0,0,19
2024-04-04 00:30:00,0,5,0,12,2,0,19
2024-04-04 00:40:00,0,5,0,17,0,0,22
2024-04-04 00:50:00,0,6,0,7,0,0,13
2024-04-04 01:00:00,0,4,0,9,0,0,13
2024-04-04 01:10:00,0,5,0,5,0,0,10
2024-04-04 01:20:00,0,5,0,10,1,0,16
2024-04-04 01:30:00,0,3,0,6,0,0,9
2024-04-04 01:40:00,0,5,0,8,0,0,13
2024-04-04 01:50:00,0,3,0,7,0,0,10
2024-04-04 02:00:00,0,1,0,10,0,0,11
2024-04-04 02:10:00,0,2,0,6,0,0,8
2024-04-04 02:20:00,0,7,0,3,0,0,10
2024-04-04 02:30:00,0,4,0,8,0,0,12
2024-04-04 02:40:00,0,3,0,8,0,0,11
2024-04-04 02:50:00,0,3,0,10,0,0,13
2024-04-04 03:00:00,0,3,0,5,0,0,8
2024-04-04 03:10:00,0,4,0,3,0,0,7
2024-04-04 03:20:00,0,3,0,1,0,0,4
2024-04-04 03:30:00,0,4,0,2,0,0,6
2024-04-04 03:40:00,0,4,0,1,0,0,5
2024-04-04 03:50:00,0,4,0,2,0,0,6
2024-04-04 04:00:00,0,3,0,4,0,0,7
2024-04-04 04:10:00,0,2,0,14,0,0,16
2024-04-04 04:20:00,0,3,0,14,0,0,17
2024-04-04 04:30:00,0,2,0,8,1,0,11
2024-04-04 04:40:00,0,3,0,24,0,0,27
2024-04-04 04:50:00,0,2,0,22,1,0,25
2024-04-04 05:00:00,0,5,0,32,0,0,37
2024-04-04 05:10:00,0,12,0,36,1,0,49
2024-04-04 05:20:00,0,13,0,34,0,0,47
2024-04-04 05:30:00,0,15,0,50,2,0,67
2024-04-04 05:40:00,0,20,0,51,2,0,73
2024-04-04 05:50:00,0,19,0,39,2,0,60
2024-04-04 06:00:00,0,19,0,50,5,0,74
2024-04-04 06:10:00,0,21,0,45,5,0,71
2024-04-04 06:20:00,0,23,0,48,7,0,78
2024-04-04 06:30:00,0,27,0,62,7,0,96
2024-04-04 06:40:00,0,30,0,36,5,0,71
2024-04-04 06:50:00,0,34,0,43,5,0,82
2024-04-04 07:00:00,0,27,0,32,8,0,67
2024-04-04 07:10:00,0,37,0,38,8,0,83
2024-04-04 07:20:00,0,27,0,28,12,0,67
2024-04-04 07:30:00,0,33,0,28,13,0,74
2024-04-04 07:40:00,0,35,0,43,8,0,86
2024-04-04 07:50:00,0,27,0,36,11,0,74
2024-04-04 08:00:00,0,31,0,30,13,0,74
2024-04-04 08:10:00,0,42,0,40,7,0,89
2024-04-04 08:20:00,0,25,0,29,8,0,62
2024-04-04 08:30:00,0,42,0,43,11,0,96
2024-04-04 08:40:00,0,28,0,33,6,0,67
2024-04-04 08:50:00,0,32,0,33,13,0,78
2024-04-04 09:00:00,0,40,0,25,3,0,68
2024-04-04 09:10:00,0,30,0,31,4,0,65
2024-04-04 09:20:00,0,35,0,32,3,0,70
2024-04-04 09:30:00,0,34,0,24,1,0,59
2024-04-04 09:40:00,0,33,0,34,1,0,68
2024-04-04 09:50:00,0,27,0,31,0,0,58
2024-04-04 10:00:00,0,34,0,35,3,0,72
2024-04-04 10:10:00,0,34,0,28,6,0,68
2024-04-04 10:20:00,0,36,0,38,4,0,78
2024-04-04 10:30:00,0,25,0,30,2,0,57
2024-04-04 10:40:00,0,37,0,26,1,0,64
2024-04-04 10:50:00,0,35,0,30,2,0,67
2024-04-04 11:00:00,0,28,0,21,1,0,50
2024-04-04 11:10:00,0,28,0,54,4,0,86
2024-04-04 11:20:00,0,25,0,44,4,0,73
2024-04-04 11:30:00,0,31,0,38,2,0,71
2024-04-04 11:40:00,0,35,0,30,1,0,66
2024-04-04 11:50:00,0,37,0,22,2,0,61
2024-04-04 12:00:00,0,33,0,45,2,0,80
2024-04-04 12:10:00,0,34,0,34,1,0,69
2024-04-04 12:20:00,0,34,0,30,3,0,67
2024-04-04 12:30:00,0,34,0,36,5,0,75
2024-04-04 12:40:00,0,31,0,28,1,0,60
2024-04-04 12:50:00,0,36,0,32,3,0,71
2024-04-04 13:00:00,0,29,0,33,4,0,66
2024-04-04 13:10:00,0,29,0,30,9,0,68
2024-04-04 13:20:00,0,39,0,26,2,0,67
2024-04-04 13:30:00,0,33,0,25,2,0,60
2024-04-04 13:40:00,0,30,0,24,1,0,55
2024-04-04 13:50:00,0,27,0,31,3,0,61
2024-04-04 14:00:00,0,33,0,40,0,0,73
2024-04-04 14:10:00,0,36,0,21,2,0,59
2024-04-04 14:20:00,0,32,0,19,1,0,52
2024-04-04 14:30:00,0,32,0,58,1,0,91
2024-04-04 14:40:00,0,34,0,31,4,0,69
2024-04-04 14:50:00,0,45,0,34,1,0,80
2024-04-04 15:00:00,0,32,0,29,2,0,63
2024-04-04 15:10:00,0,42,0,32,1,0,75
2024-04-04 15:20:00,0,36,0,33,1,0,70
2024-04-04 15:30:00,0,43,0,35,2,0,80
2024-04-04 15:40:00,0,34,0,32,2,0,68
2024-04-04 15:50:00,0,36,0,35,3,0,74
2024-04-04 16:00:00,0,37,0,31,3,0,71
2024-04-04 16:10:00,0,48,0,29,0,0,77
2024-04-04 16:20:00,0,43,0,37,0,0,80
2024-04-04 16:30:00,0,46,0,38,1,0,85
2024-04-04 16:40:00,0,42,0,37,3,0,82
2024-04-04 16:50:00,0,53,0,24,0,0,77
2024-04-04 17:00:00,0,45,0,35,0,0,80
2024-04-04 17:10:00,0,34,0,32,2,0,68
2024-04-04 17:20:00,0,39,0,28,3,0,70
2024-04-04 17:30:00,0,48,0,30,1,0,79
2024-04-04 17:40:00,0,46,0,32,4,0,82
2024-04-04 17:50:00,0,50,0,41,3,0,94
2024-04-04 18:00:00,0,41,0,34,0,0,75
2024-04-04 18:10:00,0,39,0,30,1,0,70
2024-04-04 18:20:00,0,41,0,40,0,0,81
2024-04-04 18:30:00,0,41,0,22,0,0,63
2024-04-04 18:40:00,0,41,0,29,0,0,70
2024-04-04 18:50:00,0,37,0,28,0,0,65
2024-04-04 19:00:00,0,34,0,27,3,0,64
2024-04-04 19:10:00,0,31,0,28,1,0,60
2024-04-04 19:20:00,0,35,0,31,2,0,68
2024-04-04 19:30:00,0,22,0,25,2,0,49
2024-04-04 19:40:00,0,24,0,33,1,0,58
2024-04-04 19:50:00,0,22,0,24,3,0,49
2024-04-04 20:00:00,0,22,0,21,1,0,44
2024-04-04 20:10:00,0,23,0,21,0,0,44
2024-04-04 20:20:00,0,19,0,24,3,0,46
2024-04-04 20:30:00,0,16,0,27,0,0,43
2024-04-04 20:40:00,0,19,0,39,0,0,58
2024-04-04 20:50:00,0,15,0,41,1,0,57
2024-04-04 21:00:00,0,17,0,30,0,0,47
2024-04-04 21:10:00,0,16,0,33,1,0,50
2024-04-04 21:20:00,0,20,0,30,0,0,50
2024-04-04 21:30:00,0,22,0,26,0,0,48
2024-04-04 21:40:00,0,21,0,27,1,0,49
2024-04-04 21:50:00,0,14,0,24,1,0,39
2024-04-04 22:00:00,0,20,0,20,0,0,40
2024-04-04 22:10:00,0,22,0,31,0,0,53
2024-04-04 22:20:00,0,19,0,23,0,0,42
2024-04-04 22:30:00,0,16,0,30,0,0,46
2024-04-04 22:40:00,0,16,0,25,0,0,41
2024-04-04 22:50:00,0,19,0,31,0,0,50
2024-04-04 23:00:00,0,8,0,22,0,0,30
2024-04-04 23:10:00,0,11,0,24,0,0,35
2024-04-04 23:20:00,0,10,0,23,2,0,35
2024-04-04 23:30:00,0,9,0,18,0,0,27
2024-04-04 23:40:00,0,11,0,15,0,0,26
2024-04-04 23:50:00,0,10,0,21,1,0,32
2024-04-05 00:00:00,0,12,0,13,0,0,25
2024-04-05 00:10:00,0,4,0,12,0,0,16
2024-04-05 00:20:00,0,4,0,12,0,0,16
2024-04-05 00:30:00,0,7,0,7,0,0,14
2024-04-05 00:40:00,0,4,0,10,0,0,14
2024-04-05 00:50:00,0,5,0,15,0,0,20
2024-04-05 01:00:00,0,5,0,20,0,0,25
2024-04-05 01:10:00,0,4,0,15,0,0,19
2024-04-05 01:20:00,0,2,0,7,1,0,10
2024-04-05 01:30:00,0,4,0,10,0,0,14
2024-04-05 01:40:00,0,4,0,13,0,0,17
2024-04-05 01:50:00,0,4,0,9,0,0,13
2024-04-05 02:00:00,0,0,0,0,0,0,0
