datetime,V5Z,V11Z,V51Z,V111Z,Total
2024-03-01 01:00:00,2,13,2,13,30
2024-03-01 01:10:00,2,5,2,4,13
2024-03-01 01:20:00,4,3,4,5,16
2024-03-01 01:30:00,4,6,4,5,19
2024-03-01 01:40:00,5,1,5,2,13
2024-03-01 01:50:00,3,4,3,4,14
2024-03-01 02:00:00,2,3,3,3,11
2024-03-01 02:10:00,5,1,5,1,12
2024-03-01 02:20:00,3,3,3,3,12
2024-03-01 02:30:00,1,4,1,4,10
2024-03-01 02:40:00,1,3,1,3,8
2024-03-01 02:50:00,2,0,2,0,4
2024-03-01 03:00:00,1,0,1,0,2
2024-03-01 03:10:00,1,1,1,1,4
2024-03-01 03:20:00,1,1,1,1,4
2024-03-01 03:30:00,0,3,0,2,5
2024-03-01 03:40:00,1,4,1,3,9
2024-03-01 03:50:00,3,0,3,0,6
2024-03-01 04:00:00,4,1,4,1,10
2024-03-01 04:10:00,4,3,4,3,14
2024-03-01 04:20:00,4,7,4,7,22
2024-03-01 04:30:00,4,2,4,2,12
2024-03-01 04:40:00,5,7,5,8,25
2024-03-01 04:50:00,7,5,7,5,24
2024-03-01 05:00:00,14,6,14,5,39
2024-03-01 05:10:00,21,13,22,14,70
2024-03-01 05:20:00,26,10,27,10,73
2024-03-01 05:30:00,40,18,40,19,117
2024-03-01 05:40:00,54,12,56,13,135
2024-03-01 05:50:00,46,12,48,12,118
2024-03-01 06:00:00,51,13,51,13,128
2024-03-01 06:10:00,65,30,66,32,193
2024-03-01 06:20:00,86,43,86,44,259
2024-03-01 06:30:00,82,40,81,42,245
2024-03-01 06:40:00,89,45,91,46,271
2024-03-01 06:50:00,79,66,79,64,288
2024-03-01 07:00:00,68,50,134,51,303
2024-03-01 07:10:00,62,64,114,65,305
2024-03-01 07:20:00,64,70,151,75,360
2024-03-01 07:30:00,60,79,122,79,340
2024-03-01 07:40:00,45,109,117,105,376
2024-03-01 07:50:00,51,77,110,80,318
2024-03-01 08:00:00,46,87,107,81,321
2024-03-01 08:10:00,59,72,107,72,310
2024-03-01 08:20:00,34,82,90,78,284
2024-03-01 08:30:00,40,77,92,72,281
2024-03-01 08:40:00,77,96,86,93,352
2024-03-01 08:50:00,76,97,96,84,353
2024-03-01 09:00:00,60,72,77,71,280
2024-03-01 09:10:00,40,55,83,54,232
2024-03-01 09:20:00,51,78,98,71,298
2024-03-01 09:30:00,33,69,79,57,238
2024-03-01 09:40:00,9,72,81,57,219
2024-03-01 09:50:00,4,78,97,65,244
2024-03-01 10:00:00,5,52,71,50,178
2024-03-01 10:10:00,6,67,64,60,197
2024-03-01 10:20:00,12,80,65,75,232
2024-03-01 10:30:00,14,72,63,64,213
2024-03-01 10:40:00,23,80,65,75,243
2024-03-01 10:50:00,24,67,63,58,212
2024-03-01 11:00:00,23,72,77,70,242
2024-03-01 11:10:00,37,89,79,83,288
2024-03-01 11:20:00,28,80,79,73,260
2024-03-01 11:30:00,35,74,63,68,240
2024-03-01 11:40:00,39,83,77,81,280
2024-03-01 11:50:00,44,83,76,76,279
2024-03-01 12:00:00,44,99,74,88,305
2024-03-01 12:10:00,34,110,66,99,309
2024-03-01 12:20:00,30,108,61,103,302
2024-03-01 12:30:00,45,105,79,102,331
2024-03-01 12:40:00,43,90,82,82,297
2024-03-01 12:50:00,30,91,83,90,294
2024-03-01 13:00:00,49,118,76,117,360
2024-03-01 13:10:00,35,112,78,111,336
2024-03-01 13:20:00,31,125,76,120,352
2024-03-01 13:30:00,27,129,67,115,338
2024-03-01 13:40:00,33,113,84,110,340
2024-03-01 13:50:00,16,113,72,105,306
2024-03-01 14:00:00,33,110,73,97,313
2024-03-01 14:10:00,31,122,65,114,332
2024-03-01 14:20:00,41,140,77,132,390
2024-03-01 14:30:00,32,146,79,123,380
2024-03-01 14:40:00,40,101,90,103,334
2024-03-01 14:50:00,30,90,93,91,304
2024-03-01 15:00:00,33,111,72,116,332
2024-03-01 15:10:00,19,101,81,110,311
2024-03-01 15:20:00,29,118,103,118,368
2024-03-01 15:30:00,18,105,68,104,295
2024-03-01 15:40:00,17,119,80,118,334
2024-03-01 15:50:00,33,105,105,107,350
2024-03-01 16:00:00,31,86,86,85,288
2024-03-01 16:10:00,19,123,81,116,339
2024-03-01 16:20:00,24,119,109,112,364
2024-03-01 16:30:00,16,95,73,95,279
2024-03-01 16:40:00,25,119,87,117,348
2024-03-01 16:50:00,24,109,99,116,348
2024-03-01 17:00:00,51,96,95,96,338
2024-03-01 17:10:00,55,93,103,95,346
2024-03-01 17:20:00,54,108,96,110,368
2024-03-01 17:30:00,57,120,103,120,400
2024-03-01 17:40:00,46,106,96,100,348
2024-03-01 17:50:00,39,103,90,98,330
2024-03-01 18:00:00,63,95,95,92,345
2024-03-01 18:10:00,67,91,101,93,352
2024-03-01 18:20:00,88,120,92,89,389
2024-03-01 18:30:00,71,112,75,95,353
2024-03-01 18:40:00,88,107,89,100,384
2024-03-01 18:50:00,84,106,91,89,370
2024-03-01 19:00:00,72,89,72,68,301
2024-03-01 19:10:00,67,97,68,79,311
2024-03-01 19:20:00,60,98,58,78,294
2024-03-01 19:30:00,60,92,60,80,292
2024-03-01 19:40:00,38,56,53,57,204
2024-03-01 19:50:00,44,57,48,55,204
2024-03-01 20:00:00,42,64,42,52,200
2024-03-01 20:10:00,28,53,30,51,162
2024-03-01 20:20:00,36,59,36,53,184
2024-03-01 20:30:00,36,49,38,41,164
2024-03-01 20:40:00,44,49,44,42,179
2024-03-01 20:50:00,39,38,39,37,153
2024-03-01 21:00:00,34,36,35,36,141
2024-03-01 21:10:00,33,44,33,40,150
2024-03-01 21:20:00,24,36,26,34,120
2024-03-01 21:30:00,37,44,37,40,158
2024-03-01 21:40:00,35,59,34,53,181
2024-03-01 21:50:00,37,36,38,38,149
2024-03-01 22:00:00,29,72,28,58,187
2024-03-01 22:10:00,38,75,38,52,203
2024-03-01 22:20:00,31,54,31,43,159
2024-03-01 22:30:00,24,50,25,41,140
2024-03-01 22:40:00,17,64,16,49,146
2024-03-01 22:50:00,18,43,18,36,115
2024-03-01 23:00:00,19,49,19,41,128
2024-03-01 23:10:00,21,52,21,43,137
2024-03-01 23:20:00,13,34,16,26,89
2024-03-01 23:30:00,14,26,15,25,80
2024-03-01 23:40:00,15,23,15,21,74
2024-03-01 23:50:00,13,28,14,22,77
2024-03-02 00:00:00,8,26,8,20,62
2024-03-02 00:10:00,13,24,13,22,72
2024-03-02 00:20:00,11,36,11,28,86
2024-03-02 00:30:00,10,24,9,18,61
2024-03-02 00:40:00,12,25,13,21,71
2024-03-02 00:50:00,17,6,17,4,44
2024-03-02 01:00:00,6,9,8,7,30
2024-03-02 01:10:00,11,22,11,15,59
2024-03-02 01:20:00,5,15,5,14,39
2024-03-02 01:30:00,8,10,8,8,34
2024-03-02 01:40:00,5,12,5,12,34
2024-03-02 01:50:00,2,8,2,7,19
2024-03-02 02:00:00,6,4,6,3,19
2024-03-02 02:10:00,6,10,6,10,32
2024-03-02 02:20:00,2,6,2,4,14
2024-03-02 02:30:00,2,8,2,8,20
2024-03-02 02:40:00,4,5,5,6,20
2024-03-02 02:50:00,4,1,4,1,10
2024-03-02 03:00:00,4,3,4,2,13
2024-03-02 03:10:00,4,9,4,7,24
2024-03-02 03:20:00,7,3,7,2,19
2024-03-02 03:30:00,1,5,1,4,11
2024-03-02 03:40:00,0,10,0,10,20
2024-03-02 03:50:00,3,6,3,5,17
2024-03-02 04:00:00,1,6,0,5,12
2024-03-02 04:10:00,4,2,4,2,12
2024-03-02 04:20:00,6,8,6,8,28
2024-03-02 04:30:00,1,10,1,9,21
2024-03-02 04:40:00,0,6,0,5,11
2024-03-02 04:50:00,6,6,7,5,24
2024-03-02 05:00:00,1,1,1,2,5
2024-03-02 05:10:00,8,6,8,5,27
2024-03-02 05:20:00,14,7,14,6,41
2024-03-02 05:30:00,16,4,16,4,40
2024-03-02 05:40:00,10,2,10,3,25
2024-03-02 05:50:00,11,11,11,10,43
2024-03-02 06:00:00,10,10,10,10,40
2024-03-02 06:10:00,17,13,17,10,57
2024-03-02 06:20:00,11,12,11,10,44
2024-03-02 06:30:00,9,1,9,1,20
2024-03-02 06:40:00,15,15,15,14,59
2024-03-02 06:50:00,17,18,19,18,72
2024-03-02 07:00:00,6,8,21,7,42
2024-03-02 07:10:00,0,19,13,20,52
2024-03-02 07:20:00,0,24,31,25,80
2024-03-02 07:30:00,0,15,17,13,45
2024-03-02 07:40:00,2,17,23,19,61
2024-03-02 07:50:00,0,25,26,23,74
2024-03-02 08:00:00,0,30,26,27,83
2024-03-02 08:10:00,2,28,36,24,90
2024-03-02 08:20:00,7,41,42,39,129
2024-03-02 08:30:00,3,44,46,41,134
2024-03-02 08:40:00,5,44,43,45,137
2024-03-02 08:50:00,1,43,47,35,126
2024-03-02 09:00:00,7,37,42,37,123
2024-03-02 09:10:00,5,58,44,54,161
2024-03-02 09:20:00,10,67,48,63,188
2024-03-02 09:30:00,13,75,54,64,206
2024-03-02 09:40:00,20,48,38,45,151
2024-03-02 09:50:00,20,63,64,60,207
2024-03-02 10:00:00,21,75,53,71,220
2024-03-02 10:10:00,15,59,32,62,168
2024-03-02 10:20:00,10,63,39,65,177
2024-03-02 10:30:00,17,74,24,70,185
2024-03-02 10:40:00,21,89,44,83,237
2024-03-02 10:50:00,32,101,54,88,275
2024-03-02 11:00:00,18,64,28,61,171
2024-03-02 11:10:00,14,58,29,60,161
2024-03-02 11:20:00,24,63,38,64,189
2024-03-02 11:30:00,22,58,32,57,169
2024-03-02 11:40:00,15,86,31,92,224
2024-03-02 11:50:00,18,72,25,70,185
2024-03-02 12:00:00,18,71,38,72,199
2024-03-02 12:10:00,19,67,41,60,187
2024-03-02 12:20:00,11,86,39,83,219
2024-03-02 12:30:00,20,76,35,79,210
2024-03-02 12:40:00,15,97,27,96,235
2024-03-02 12:50:00,19,79,35,82,215
2024-03-02 13:00:00,8,82,31,78,199
2024-03-02 13:10:00,17,74,41,78,210
2024-03-02 13:20:00,9,82,49,84,224
2024-03-02 13:30:00,6,100,41,92,239
2024-03-02 13:40:00,13,99,47,102,261
2024-03-02 13:50:00,30,74,37,83,224
2024-03-02 14:00:00,25,104,56,108,293
2024-03-02 14:10:00,25,113,41,120,299
2024-03-02 14:20:00,23,90,51,99,263
2024-03-02 14:30:00,22,86,69,96,273
2024-03-02 14:40:00,34,92,87,100,313
2024-03-02 14:50:00,19,101,76,102,298
2024-03-02 15:00:00,14,99,64,104,281
2024-03-02 15:10:00,26,89,78,93,286
2024-03-02 15:20:00,13,101,43,104,261
2024-03-02 15:30:00,22,88,82,88,280
2024-03-02 15:40:00,10,74,25,75,184
2024-03-02 15:50:00,17,63,27,65,172
2024-03-02 16:00:00,30,71,27,76,204
2024-03-02 16:10:00,27,58,22,67,174
2024-03-02 16:20:00,22,74,26,75,197
2024-03-02 16:30:00,11,65,17,71,164
2024-03-02 16:40:00,34,87,53,87,261
2024-03-02 16:50:00,32,79,75,74,260
2024-03-02 17:00:00,30,84,82,83,279
2024-03-02 17:10:00,23,82,79,80,264
2024-03-02 17:20:00,26,96,84,95,301
2024-03-02 17:30:00,20,115,73,121,329
2024-03-02 17:40:00,63,116,90,123,392
2024-03-02 17:50:00,83,129,117,136,465
2024-03-02 18:00:00,88,117,112,106,423
2024-03-02 18:10:00,86,102,95,78,361
2024-03-02 18:20:00,67,137,77,112,393
2024-03-02 18:30:00,68,106,73,95,342
2024-03-02 18:40:00,88,124,85,99,396
2024-03-02 18:50:00,68,86,74,70,298
2024-03-02 19:00:00,51,83,54,66,254
2024-03-02 19:10:00,49,75,50,67,241
2024-03-02 19:20:00,50,64,56,53,223
2024-03-02 19:30:00,59,78,65,66,268
2024-03-02 19:40:00,49,85,49,72,255
2024-03-02 19:50:00,41,56,41,49,187
2024-03-02 20:00:00,46,59,46,53,204
2024-03-02 20:10:00,34,50,36,42,162
2024-03-02 20:20:00,40,49,41,51,181
2024-03-02 20:30:00,39,55,40,55,189
2024-03-02 20:40:00,41,58,44,52,195
2024-03-02 20:50:00,26,45,27,44,142
2024-03-02 21:00:00,34,41,34,35,144
2024-03-02 21:10:00,41,42,41,38,162
2024-03-02 21:20:00,30,32,30,30,122
2024-03-02 21:30:00,23,31,23,31,108
2024-03-02 21:40:00,24,45,24,38,131
2024-03-02 21:50:00,15,34,15,32,96
2024-03-02 22:00:00,25,45,27,35,132
2024-03-02 22:10:00,23,50,23,37,133
2024-03-02 22:20:00,22,45,22,36,125
2024-03-02 22:30:00,23,74,26,59,182
2024-03-02 22:40:00,15,44,16,34,109
2024-03-02 22:50:00,28,56,28,43,155
2024-03-02 23:00:00,25,38,25,28,116
2024-03-02 23:10:00,16,45,16,35,112
2024-03-02 23:20:00,18,52,18,38,126
2024-03-02 23:30:00,14,35,15,30,94
2024-03-02 23:40:00,16,22,17,16,71
2024-03-02 23:50:00,20,31,20,24,95
2024-03-03 00:00:00,16,32,16,24,88
2024-03-03 00:10:00,13,37,12,29,91
2024-03-03 00:20:00,15,36,16,27,94
2024-03-03 00:30:00,13,19,14,16,62
2024-03-03 00:40:00,10,22,10,19,61
2024-03-03 00:50:00,13,19,13,16,61
2024-03-03 01:00:00,17,20,17,16,70
2024-03-03 01:10:00,16,31,16,24,87
2024-03-03 01:20:00,8,28,8,19,63
2024-03-03 01:30:00,6,15,6,13,40
2024-03-03 01:40:00,11,13,13,9,46
2024-03-03 01:50:00,5,17,5,13,40
2024-03-03 02:00:00,4,9,4,7,24
2024-03-03 02:10:00,4,12,4,12,32
2024-03-03 02:20:00,6,12,6,9,33
2024-03-03 02:30:00,5,15,5,10,35
2024-03-03 02:40:00,4,10,4,7,25
2024-03-03 02:50:00,4,14,4,12,34
2024-03-03 03:00:00,9,10,9,7,35
2024-03-03 03:10:00,3,12,3,10,28
2024-03-03 03:20:00,5,2,5,3,15
2024-03-03 03:30:00,1,3,1,2,7
2024-03-03 03:40:00,3,7,3,6,19
2024-03-03 03:50:00,4,7,4,5,20
2024-03-03 04:00:00,2,9,2,9,22
2024-03-03 04:10:00,5,7,5,6,23
2024-03-03 04:20:00,8,2,8,2,20
2024-03-03 04:30:00,3,2,3,2,10
2024-03-03 04:40:00,1,3,1,2,7
2024-03-03 04:50:00,3,10,3,9,25
2024-03-03 05:00:00,6,9,6,6,27
2024-03-03 05:10:00,8,7,8,5,28
2024-03-03 05:20:00,7,10,7,6,30
2024-03-03 05:30:00,7,5,8,4,24
2024-03-03 05:40:00,4,8,4,5,21
2024-03-03 05:50:00,2,2,2,2,8
2024-03-03 06:00:00,5,6,5,7,23
2024-03-03 06:10:00,4,16,4,13,37
2024-03-03 06:20:00,8,13,8,13,42
2024-03-03 06:30:00,4,3,4,2,13
2024-03-03 06:40:00,5,2,5,2,14
2024-03-03 06:50:00,2,13,2,11,28
2024-03-03 07:00:00,4,6,5,7,22
2024-03-03 07:10:00,1,8,6,7,22
2024-03-03 07:20:00,0,5,9,3,17
2024-03-03 07:30:00,0,4,13,4,21
2024-03-03 07:40:00,0,15,5,14,34
2024-03-03 07:50:00,0,11,6,12,29
2024-03-03 08:00:00,0,9,7,7,23
2024-03-03 08:10:00,0,24,8,21,53
2024-03-03 08:20:00,0,17,12,12,41
2024-03-03 08:30:00,0,24,17,20,61
2024-03-03 08:40:00,0,30,9,30,69
2024-03-03 08:50:00,0,32,15,28,75
2024-03-03 09:00:00,0,33,18,29,80
2024-03-03 09:10:00,0,36,22,33,91
2024-03-03 09:20:00,0,55,13,52,120
2024-03-03 09:30:00,0,46,26,41,113
2024-03-03 09:40:00,0,50,29,43,122
2024-03-03 09:50:00,0,64,33,56,153
2024-03-03 10:00:00,0,48,29,44,121
2024-03-03 10:10:00,0,58,22,58,138
2024-03-03 10:20:00,0,51,32,50,133
2024-03-03 10:30:00,0,61,28,59,148
2024-03-03 10:40:00,0,71,26,65,162
2024-03-03 10:50:00,0,69,20,69,158
2024-03-03 11:00:00,0,80,33,77,190
2024-03-03 11:10:00,0,79,24,79,182
2024-03-03 11:20:00,0,64,23,67,154
2024-03-03 11:30:00,0,73,19,70,162
2024-03-03 11:40:00,0,73,23,80,176
2024-03-03 11:50:00,0,73,21,73,167
2024-03-03 12:00:00,0,89,19,83,191
2024-03-03 12:10:00,0,80,18,84,182
2024-03-03 12:20:00,0,85,26,85,196
2024-03-03 12:30:00,0,83,29,87,199
2024-03-03 12:40:00,0,88,14,85,187
2024-03-03 12:50:00,0,71,25,74,170
2024-03-03 13:00:00,0,80,29,78,187
2024-03-03 13:10:00,0,113,22,105,240
2024-03-03 13:20:00,0,82,25,85,192
2024-03-03 13:30:00,0,108,21,105,234
2024-03-03 13:40:00,0,78,24,84,186
2024-03-03 13:50:00,0,72,19,75,166
2024-03-03 14:00:00,0,77,30,76,183
2024-03-03 14:10:00,1,96,85,92,274
2024-03-03 14:20:00,1,104,82,107,294
2024-03-03 14:30:00,0,110,80,113,303
2024-03-03 14:40:00,0,91,74,97,262
2024-03-03 14:50:00,0,81,83,80,244
2024-03-03 15:00:00,1,91,58,94,244
2024-03-03 15:10:00,1,77,60,85,223
2024-03-03 15:20:00,0,81,60,82,223
2024-03-03 15:30:00,1,70,76,71,218
2024-03-03 15:40:00,1,59,59,67,186
2024-03-03 15:50:00,0,76,66,77,219
2024-03-03 16:00:00,0,65,69,67,201
2024-03-03 16:10:00,0,51,69,49,169
2024-03-03 16:20:00,0,63,67,62,192
2024-03-03 16:30:00,0,62,72,69,203
2024-03-03 16:40:00,1,51,78,54,184
2024-03-03 16:50:00,0,0,71,0,71
2024-03-03 17:00:00,0,0,74,0,74
2024-03-03 17:10:00,0,0,84,0,84
2024-03-03 17:20:00,0,0,85,0,85
2024-03-03 17:30:00,20,60,118,62,260
2024-03-03 17:40:00,15,59,87,66,227
2024-03-03 17:50:00,10,67,92,68,237
2024-03-03 18:00:00,38,66,103,70,277
2024-03-03 18:10:00,79,75,91,68,313
2024-03-03 18:20:00,98,75,82,67,322
2024-03-03 18:30:00,78,64,67,55,264
2024-03-03 18:40:00,112,76,90,67,345
2024-03-03 18:50:00,104,76,69,67,316
2024-03-03 19:00:00,70,72,51,64,257
2024-03-03 19:10:00,57,84,51,73,265
2024-03-03 19:20:00,80,51,58,49,238
2024-03-03 19:30:00,72,43,58,42,215
2024-03-03 19:40:00,65,67,45,58,235
2024-03-03 19:50:00,86,43,55,40,224
2024-03-03 20:00:00,60,45,44,42,191
2024-03-03 20:10:00,40,61,31,53,185
2024-03-03 20:20:00,35,55,29,50,169
2024-03-03 20:30:00,41,52,34,43,170
2024-03-03 20:40:00,44,49,37,42,172
2024-03-03 20:50:00,40,44,34,35,153
2024-03-03 21:00:00,46,24,40,26,136
2024-03-03 21:10:00,34,36,30,33,133
2024-03-03 21:20:00,33,37,29,32,131
2024-03-03 21:30:00,26,29,21,20,96
2024-03-03 21:40:00,25,27,22,26,100
2024-03-03 21:50:00,20,24,18,24,86
2024-03-03 22:00:00,22,33,23,30,108
2024-03-03 22:10:00,20,45,20,35,120
2024-03-03 22:20:00,8,29,7,25,69
2024-03-03 22:30:00,12,18,12,14,56
2024-03-03 22:40:00,9,22,11,17,59
2024-03-03 22:50:00,11,19,11,15,56
2024-03-03 23:00:00,9,25,9,21,64
2024-03-03 23:10:00,10,9,9,8,36
2024-03-03 23:20:00,3,15,3,12,33
2024-03-03 23:30:00,6,12,8,9,35
2024-03-03 23:40:00,2,13,3,11,29
2024-03-03 23:50:00,5,10,5,7,27
2024-03-04 00:00:00,11,3,9,3,26
2024-03-04 00:10:00,7,10,7,11,35
2024-03-04 00:20:00,8,2,7,3,20
2024-03-04 00:30:00,3,10,3,8,24
2024-03-04 00:40:00,3,0,3,0,6
2024-03-04 00:50:00,2,8,2,6,18
2024-03-04 01:00:00,2,6,2,6,16
2024-03-04 01:10:00,5,6,4,4,19
2024-03-04 01:20:00,0,3,2,3,8
2024-03-04 01:30:00,0,3,0,3,6
2024-03-04 01:40:00,3,2,4,2,11
2024-03-04 01:50:00,1,1,1,1,4
2024-03-04 02:00:00,2,2,2,2,8
2024-03-04 02:10:00,0,2,0,2,4
2024-03-04 02:20:00,2,0,2,0,4
2024-03-04 02:30:00,2,5,2,5,14
2024-03-04 02:40:00,1,1,1,1,4
2024-03-04 02:50:00,3,1,3,1,8
2024-03-04 03:00:00,1,1,1,1,4
2024-03-04 03:10:00,1,1,1,1,4
2024-03-04 03:20:00,0,2,0,2,4
2024-03-04 03:30:00,1,0,1,0,2
2024-03-04 03:40:00,1,1,1,1,4
2024-03-04 03:50:00,5,1,5,1,12
2024-03-04 04:00:00,1,1,1,1,4
2024-03-04 04:10:00,2,2,2,1,7
2024-03-04 04:20:00,5,8,5,6,24
2024-03-04 04:30:00,3,5,3,5,16
2024-03-04 04:40:00,5,0,5,0,10
2024-03-04 04:50:00,11,8,12,9,40
2024-03-04 05:00:00,156,8,12,7,183
2024-03-04 05:10:00,21,7,16,9,53
2024-03-04 05:20:00,34,9,33,10,86
2024-03-04 05:30:00,47,34,49,24,154
2024-03-04 05:40:00,49,30,51,25,155
2024-03-04 05:50:00,63,24,61,24,172
2024-03-04 06:00:00,77,30,78,27,212
2024-03-04 06:10:00,82,30,83,28,223
2024-03-04 06:20:00,88,55,88,49,280
2024-03-04 06:30:00,130,58,126,60,374
2024-03-04 06:40:00,115,54,114,52,335
2024-03-04 06:50:00,141,55,140,53,389
2024-03-04 07:00:00,73,64,130,62,329
2024-03-04 07:10:00,71,74,136,79,360
2024-03-04 07:20:00,69,70,151,80,370
2024-03-04 07:30:00,51,94,104,88,337
2024-03-04 07:40:00,48,111,121,108,388
2024-03-04 07:50:00,45,77,125,82,329
2024-03-04 08:00:00,51,84,133,92,360
2024-03-04 08:10:00,48,61,138,68,315
2024-03-04 08:20:00,31,99,99,90,319
2024-03-04 08:30:00,42,87,110,82,321
2024-03-04 08:40:00,46,80,106,76,308
2024-03-04 08:50:00,31,99,107,91,328
2024-03-04 09:00:00,16,60,89,59,224
2024-03-04 09:10:00,17,78,70,75,240
2024-03-04 09:20:00,28,72,98,71,269
2024-03-04 09:30:00,28,67,107,61,263
2024-03-04 09:40:00,30,84,92,76,282
2024-03-04 09:50:00,10,57,78,59,204
2024-03-04 10:00:00,10,58,67,55,190
2024-03-04 10:10:00,17,42,69,44,172
2024-03-04 10:20:00,14,81,60,80,235
2024-03-04 10:30:00,22,68,84,68,242
2024-03-04 10:40:00,7,73,70,64,214
2024-03-04 10:50:00,11,68,55,61,195
2024-03-04 11:00:00,19,44,74,49,186
2024-03-04 11:10:00,14,76,63,65,218
2024-03-04 11:20:00,10,75,49,70,204
2024-03-04 11:30:00,12,77,52,72,213
2024-03-04 11:40:00,17,74,70,64,225
2024-03-04 11:50:00,13,55,58,55,181
2024-03-04 12:00:00,18,75,58,66,217
2024-03-04 12:10:00,18,85,67,85,255
2024-03-04 12:20:00,11,76,57,70,214
2024-03-04 12:30:00,7,79,79,70,235
2024-03-04 12:40:00,15,94,62,87,258
2024-03-04 12:50:00,23,81,68,74,246
2024-03-04 13:00:00,18,81,62,77,238
2024-03-04 13:10:00,7,99,77,94,277
2024-03-04 13:20:00,9,62,72,64,207
2024-03-04 13:30:00,17,68,76,68,229
2024-03-04 13:40:00,17,78,57,74,226
2024-03-04 13:50:00,19,83,70,72,244
2024-03-04 14:00:00,17,104,60,87,268
2024-03-04 14:10:00,15,96,61,87,259
2024-03-04 14:20:00,12,117,60,105,294
2024-03-04 14:30:00,19,92,70,89,270
2024-03-04 14:40:00,29,101,93,93,316
2024-03-04 14:50:00,13,101,72,86,272
2024-03-04 15:00:00,24,142,78,120,364
2024-03-04 15:10:00,13,107,65,100,285
2024-03-04 15:20:00,17,126,73,118,334
2024-03-04 15:30:00,25,116,88,109,338
2024-03-04 15:40:00,20,147,66,141,374
2024-03-04 15:50:00,28,140,70,115,353
2024-03-04 16:00:00,21,107,73,97,298
2024-03-04 16:10:00,17,149,93,126,385
2024-03-04 16:20:00,13,144,92,131,380
2024-03-04 16:30:00,24,143,79,133,379
2024-03-04 16:40:00,21,126,74,127,348
2024-03-04 16:50:00,38,145,91,133,407
2024-03-04 17:00:00,56,159,86,134,435
2024-03-04 17:10:00,47,156,90,146,439
2024-03-04 17:20:00,64,139,92,130,425
2024-03-04 17:30:00,60,110,85,107,362
2024-03-04 17:40:00,44,122,56,111,333
2024-03-04 17:50:00,55,119,83,111,368
2024-03-04 18:00:00,51,112,80,100,343
2024-03-04 18:10:00,63,114,64,95,336
2024-03-04 18:20:00,67,106,69,91,333
2024-03-04 18:30:00,53,102,58,89,302
2024-03-04 18:40:00,65,74,67,76,282
2024-03-04 18:50:00,62,55,63,48,228
2024-03-04 19:00:00,48,69,46,63,226
2024-03-04 19:10:00,68,56,69,50,243
2024-03-04 19:20:00,48,70,46,63,227
2024-03-04 19:30:00,33,54,33,48,168
2024-03-04 19:40:00,31,57,30,52,170
2024-03-04 19:50:00,30,40,31,38,139
2024-03-04 20:00:00,30,33,29,31,123
2024-03-04 20:10:00,27,46,26,41,140
2024-03-04 20:20:00,26,42,26,43,137
2024-03-04 20:30:00,20,34,19,29,102
2024-03-04 20:40:00,34,29,33,29,125
2024-03-04 20:50:00,16,39,17,33,105
2024-03-04 21:00:00,21,36,22,34,113
2024-03-04 21:10:00,22,49,22,48,141
2024-03-04 21:20:00,32,19,35,16,102
2024-03-04 21:30:00,16,33,15,32,96
2024-03-04 21:40:00,16,40,16,35,107
2024-03-04 21:50:00,19,30,19,28,96
2024-03-04 22:00:00,18,39,19,31,107
2024-03-04 22:10:00,13,53,13,42,121
2024-03-04 22:20:00,15,60,18,45,138
2024-03-04 22:30:00,13,49,13,48,123
2024-03-04 22:40:00,12,16,12,14,54
2024-03-04 22:50:00,9,19,9,14,51
2024-03-04 23:00:00,9,21,9,16,55
2024-03-04 23:10:00,8,14,9,10,41
2024-03-04 23:20:00,7,11,6,9,33
2024-03-04 23:30:00,3,7,3,6,19
2024-03-04 23:40:00,9,9,10,9,37
2024-03-04 23:50:00,4,12,4,10,30
2024-03-05 00:00:00,4,8,4,8,24
2024-03-05 00:10:00,1,14,2,11,28
2024-03-05 00:20:00,2,6,2,5,15
2024-03-05 00:30:00,3,2,3,2,10
2024-03-05 00:40:00,5,12,5,9,31
2024-03-05 00:50:00,2,5,2,5,14
2024-03-05 01:00:00,2,8,2,6,18
2024-03-05 01:10:00,1,5,2,4,12
2024-03-05 01:20:00,1,4,1,5,11
2024-03-05 01:30:00,3,6,2,6,17
2024-03-05 01:40:00,0,4,0,4,8
2024-03-05 01:50:00,2,2,2,1,7
2024-03-05 02:00:00,1,1,1,1,4
2024-03-05 02:10:00,1,1,1,1,4
2024-03-05 02:20:00,1,1,1,1,4
2024-03-05 02:30:00,1,0,1,0,2
2024-03-05 02:40:00,1,0,1,0,2
2024-03-05 02:50:00,0,1,0,1,2
2024-03-05 03:00:00,4,1,4,1,10
2024-03-05 03:10:00,2,0,2,0,4
2024-03-05 03:20:00,2,1,2,1,6
2024-03-05 03:30:00,1,3,1,2,7
2024-03-05 03:40:00,2,1,2,1,6
2024-03-05 03:50:00,4,0,4,0,8
2024-03-05 04:00:00,3,4,3,4,14
2024-03-05 04:10:00,2,2,3,1,8
2024-03-05 04:20:00,5,4,5,4,18
2024-03-05 04:30:00,10,2,9,2,23
2024-03-05 04:40:00,6,4,6,3,19
2024-03-05 04:50:00,5,6,5,5,21
2024-03-05 05:00:00,9,6,9,7,31
2024-03-05 05:10:00,21,14,22,14,71
2024-03-05 05:20:00,30,14,29,13,86
2024-03-05 05:30:00,46,19,49,14,128
2024-03-05 05:40:00,61,25,67,23,176
2024-03-05 05:50:00,49,18,51,19,137
2024-03-05 06:00:00,63,24,64,25,176
2024-03-05 06:10:00,92,26,93,25,236
2024-03-05 06:20:00,105,41,105,40,291
2024-03-05 06:30:00,101,64,105,57,327
2024-03-05 06:40:00,117,64,118,58,357
2024-03-05 06:50:00,143,65,147,67,422
2024-03-05 07:00:00,124,69,127,60,380
2024-03-05 07:10:00,124,77,142,74,417
2024-03-05 07:20:00,129,76,139,74,418
2024-03-05 07:30:00,119,91,131,90,431
2024-03-05 07:40:00,87,89,115,86,377
2024-03-05 07:50:00,100,89,135,87,411
2024-03-05 08:00:00,105,92,124,89,410
2024-03-05 08:10:00,107,72,130,87,396
2024-03-05 08:20:00,82,99,113,95,389
2024-03-05 08:30:00,78,70,116,72,336
2024-03-05 08:40:00,118,86,154,74,432
2024-03-05 08:50:00,70,84,102,84,340
2024-03-05 09:00:00,64,54,111,55,284
2024-03-05 09:10:00,68,73,106,73,320
2024-03-05 09:20:00,72,76,115,67,330
2024-03-05 09:30:00,66,81,105,79,331
2024-03-05 09:40:00,70,72,95,73,310
2024-03-05 09:50:00,67,60,99,58,284
2024-03-05 10:00:00,50,72,69,68,259
2024-03-05 10:10:00,43,73,62,60,238
2024-03-05 10:20:00,52,70,83,63,268
2024-03-05 10:30:00,45,59,63,56,223
2024-03-05 10:40:00,57,77,79,72,285
2024-03-05 10:50:00,46,70,71,73,260
2024-03-05 11:00:00,67,75,82,68,292
2024-03-05 11:10:00,46,63,71,47,227
2024-03-05 11:20:00,29,82,42,78,231
2024-03-05 11:30:00,46,45,53,50,194
2024-03-05 11:40:00,53,70,73,72,268
2024-03-05 11:50:00,57,76,73,69,275
2024-03-05 12:00:00,47,76,67,71,261
2024-03-05 12:10:00,50,82,72,76,280
2024-03-05 12:20:00,63,94,76,94,327
2024-03-05 12:30:00,40,75,47,75,237
2024-03-05 12:40:00,41,86,71,81,279
2024-03-05 12:50:00,42,67,67,63,239
2024-03-05 13:00:00,64,90,89,80,323
2024-03-05 13:10:00,52,118,71,114,355
2024-03-05 13:20:00,49,75,66,73,263
2024-03-05 13:30:00,51,71,78,75,275
2024-03-05 13:40:00,56,79,79,75,289
2024-03-05 13:50:00,65,66,79,69,279
2024-03-05 14:00:00,59,87,72,85,303
2024-03-05 14:10:00,54,94,61,97,306
2024-03-05 14:20:00,32,120,72,115,339
2024-03-05 14:30:00,27,96,77,86,286
2024-03-05 14:40:00,21,105,76,102,304
2024-03-05 14:50:00,42,97,78,88,305
2024-03-05 15:00:00,34,118,74,113,339
2024-03-05 15:10:00,30,135,60,135,360
2024-03-05 15:20:00,49,133,75,135,392
2024-03-05 15:30:00,43,149,70,144,406
2024-03-05 15:40:00,50,128,91,121,390
2024-03-05 15:50:00,55,135,89,137,416
2024-03-05 16:00:00,57,145,89,137,428
2024-03-05 16:10:00,56,149,85,145,435
2024-03-05 16:20:00,75,165,102,169,511
2024-03-05 16:30:00,62,134,96,133,425
2024-03-05 16:40:00,55,146,91,157,449
2024-03-05 16:50:00,70,138,98,139,445
2024-03-05 17:00:00,64,137,82,125,408
2024-03-05 17:10:00,56,159,88,149,452
2024-03-05 17:20:00,69,128,100,134,431
2024-03-05 17:30:00,64,123,87,133,407
2024-03-05 17:40:00,63,144,74,136,417
2024-03-05 17:50:00,65,105,71,105,346
2024-03-05 18:00:00,70,137,75,120,402
2024-03-05 18:10:00,76,148,84,129,437
2024-03-05 18:20:00,78,151,81,132,442
2024-03-05 18:30:00,77,111,79,96,363
2024-03-05 18:40:00,69,111,68,97,345
2024-03-05 18:50:00,60,96,60,82,298
2024-03-05 19:00:00,60,99,62,86,307
2024-03-05 19:10:00,52,95,57,84,288
2024-03-05 19:20:00,54,92,55,86,287
2024-03-05 19:30:00,44,86,46,78,254
2024-03-05 19:40:00,29,67,31,60,187
2024-03-05 19:50:00,35,60,35,56,186
2024-03-05 20:00:00,24,58,24,51,157
2024-03-05 20:10:00,30,45,31,39,145
2024-03-05 20:20:00,17,44,17,39,117
2024-03-05 20:30:00,25,58,25,53,161
2024-03-05 20:40:00,13,46,13,47,119
2024-03-05 20:50:00,21,45,21,40,127
2024-03-05 21:00:00,20,39,21,39,119
2024-03-05 21:10:00,32,33,33,31,129
2024-03-05 21:20:00,27,38,30,32,127
2024-03-05 21:30:00,34,34,37,33,138
2024-03-05 21:40:00,13,37,17,34,101
2024-03-05 21:50:00,28,54,29,42,153
2024-03-05 22:00:00,14,41,14,39,108
2024-03-05 22:10:00,19,69,21,54,163
2024-03-05 22:20:00,10,34,11,29,84
2024-03-05 22:30:00,10,46,10,38,104
2024-03-05 22:40:00,10,32,10,29,81
2024-03-05 22:50:00,11,35,11,26,83
2024-03-05 23:00:00,15,27,15,20,77
2024-03-05 23:10:00,13,28,13,21,75
2024-03-05 23:20:00,6,12,6,8,32
2024-03-05 23:30:00,3,12,3,11,29
2024-03-05 23:40:00,3,11,3,6,23
2024-03-05 23:50:00,5,7,5,8,25
2024-03-06 00:00:00,5,11,5,8,29
2024-03-06 00:10:00,2,8,2,5,17
2024-03-06 00:20:00,1,12,1,10,24
2024-03-06 00:30:00,2,5,1,5,13
2024-03-06 00:40:00,2,8,3,8,21
2024-03-06 00:50:00,2,7,2,8,19
2024-03-06 01:00:00,3,4,3,4,14
2024-03-06 01:10:00,2,4,2,3,11
2024-03-06 01:20:00,3,2,3,4,12
2024-03-06 01:30:00,3,3,3,3,12
2024-03-06 01:40:00,5,1,5,1,12
2024-03-06 01:50:00,5,4,5,4,18
2024-03-06 02:00:00,0,6,0,4,10
2024-03-06 02:10:00,1,4,1,4,10
2024-03-06 02:20:00,1,0,1,0,2
2024-03-06 02:30:00,0,0,0,0,0
2024-03-06 02:40:00,3,1,3,1,8
2024-03-06 02:50:00,2,2,2,2,8
2024-03-06 03:00:00,1,1,1,1,4
2024-03-06 03:10:00,1,0,1,0,2
2024-03-06 03:20:00,1,0,1,0,2
2024-03-06 03:30:00,2,3,2,2,9
2024-03-06 03:40:00,2,1,2,1,6
2024-03-06 03:50:00,4,1,4,1,10
2024-03-06 04:00:00,3,5,3,4,15
2024-03-06 04:10:00,4,3,4,2,13
2024-03-06 04:20:00,4,2,4,3,13
2024-03-06 04:30:00,6,6,6,4,22
2024-03-06 04:40:00,3,3,3,3,12
2024-03-06 04:50:00,4,7,4,5,20
2024-03-06 05:00:00,13,7,13,7,40
2024-03-06 05:10:00,16,9,16,10,51
2024-03-06 05:20:00,26,14,26,13,79
2024-03-06 05:30:00,52,23,53,19,147
2024-03-06 05:40:00,56,15,56,16,143
2024-03-06 05:50:00,49,27,52,24,152
2024-03-06 06:00:00,65,31,66,28,190
2024-03-06 06:10:00,74,40,74,42,230
2024-03-06 06:20:00,79,47,80,45,251
2024-03-06 06:30:00,108,53,108,48,317
2024-03-06 06:40:00,121,36,124,35,316
2024-03-06 06:50:00,123,69,143,66,401
2024-03-06 07:00:00,61,59,137,64,321
2024-03-06 07:10:00,0,76,148,68,292
2024-03-06 07:20:00,19,87,140,92,338
2024-03-06 07:30:00,40,77,136,79,332
2024-03-06 07:40:00,16,86,109,86,297
2024-03-06 07:50:00,37,108,140,108,393
2024-03-06 08:00:00,0,97,133,98,328
2024-03-06 08:10:00,0,82,146,78,306
2024-03-06 08:20:00,2,84,115,83,284
2024-03-06 08:30:00,15,87,133,88,323
2024-03-06 08:40:00,41,74,118,77,310
2024-03-06 08:50:00,49,92,107,90,338
2024-03-06 09:00:00,50,77,98,66,291
2024-03-06 09:10:00,43,79,96,80,298
2024-03-06 09:20:00,35,83,78,82,278
2024-03-06 09:30:00,38,59,90,62,249
2024-03-06 09:40:00,29,77,85,78,269
2024-03-06 09:50:00,37,64,79,62,242
2024-03-06 10:00:00,35,77,70,75,257
2024-03-06 10:10:00,20,62,66,53,201
2024-03-06 10:20:00,23,44,57,43,167
2024-03-06 10:30:00,27,62,66,57,212
2024-03-06 10:40:00,26,39,37,37,139
2024-03-06 10:50:00,27,57,54,55,193
2024-03-06 11:00:00,15,77,48,72,212
2024-03-06 11:10:00,23,53,59,53,188
2024-03-06 11:20:00,23,58,43,55,179
2024-03-06 11:30:00,22,69,53,57,201
2024-03-06 11:40:00,21,79,65,70,235
2024-03-06 11:50:00,25,63,62,63,213
2024-03-06 12:00:00,28,81,64,80,253
2024-03-06 12:10:00,22,74,57,71,224
2024-03-06 12:20:00,27,81,76,80,264
2024-03-06 12:30:00,18,72,69,66,225
2024-03-06 12:40:00,27,65,67,64,223
2024-03-06 12:50:00,18,82,63,79,242
2024-03-06 13:00:00,21,94,64,88,267
2024-03-06 13:10:00,29,107,85,107,328
2024-03-06 13:20:00,19,97,69,96,281
2024-03-06 13:30:00,23,87,78,85,273
2024-03-06 13:40:00,40,128,78,101,347
2024-03-06 13:50:00,22,84,60,74,240
2024-03-06 14:00:00,31,115,66,109,321
2024-03-06 14:10:00,30,117,67,110,324
2024-03-06 14:20:00,39,125,87,104,355
2024-03-06 14:30:00,39,124,86,112,361
2024-03-06 14:40:00,42,112,86,105,345
2024-03-06 14:50:00,30,123,86,115,354
2024-03-06 15:00:00,26,122,60,119,327
2024-03-06 15:10:00,26,127,69,115,337
2024-03-06 15:20:00,28,130,68,122,348
2024-03-06 15:30:00,24,108,86,106,324
2024-03-06 15:40:00,36,114,93,117,360
2024-03-06 15:50:00,31,112,77,113,333
2024-03-06 16:00:00,35,103,87,107,332
2024-03-06 16:10:00,44,158,99,163,464
2024-03-06 16:20:00,35,133,87,141,396
2024-03-06 16:30:00,31,134,84,132,381
2024-03-06 16:40:00,32,149,85,150,416
2024-03-06 16:50:00,38,140,84,140,402
2024-03-06 17:00:00,38,148,95,152,433
2024-03-06 17:10:00,36,141,74,145,396
2024-03-06 17:20:00,49,136,99,131,415
2024-03-06 17:30:00,38,115,93,112,358
2024-03-06 17:40:00,37,137,68,117,359
2024-03-06 17:50:00,48,151,85,127,411
2024-03-06 18:00:00,50,114,64,101,329
2024-03-06 18:10:00,56,164,61,143,424
2024-03-06 18:20:00,56,159,63,130,408
2024-03-06 18:30:00,60,164,62,128,414
2024-03-06 18:40:00,62,111,62,92,327
2024-03-06 18:50:00,65,134,66,112,377
2024-03-06 19:00:00,57,108,61,90,316
2024-03-06 19:10:00,56,106,57,97,316
2024-03-06 19:20:00,54,79,56,72,261
2024-03-06 19:30:00,48,93,49,80,270
2024-03-06 19:40:00,46,74,47,63,230
2024-03-06 19:50:00,41,53,44,45,183
2024-03-06 20:00:00,36,41,36,40,153
2024-03-06 20:10:00,32,56,33,46,167
2024-03-06 20:20:00,37,51,37,46,171
2024-03-06 20:30:00,24,59,24,54,161
2024-03-06 20:40:00,23,53,23,52,151
2024-03-06 20:50:00,20,50,23,45,138
2024-03-06 21:00:00,26,47,26,40,139
2024-03-06 21:10:00,30,57,30,48,165
2024-03-06 21:20:00,30,38,30,34,132
2024-03-06 21:30:00,24,45,24,37,130
2024-03-06 21:40:00,25,38,27,35,125
2024-03-06 21:50:00,23,40,24,39,126
2024-03-06 22:00:00,16,35,16,28,95
2024-03-06 22:10:00,20,39,21,37,117
2024-03-06 22:20:00,23,56,25,44,148
2024-03-06 22:30:00,23,38,25,34,120
2024-03-06 22:40:00,16,35,17,26,94
2024-03-06 22:50:00,21,31,20,25,97
2024-03-06 23:00:00,15,36,16,27,94
2024-03-06 23:10:00,14,31,14,24,83
2024-03-06 23:20:00,10,21,11,17,59
2024-03-06 23:30:00,10,3,10,3,26
2024-03-06 23:40:00,17,20,17,15,69
2024-03-06 23:50:00,8,8,7,9,32
2024-03-07 00:00:00,2,8,2,6,18
2024-03-07 00:10:00,4,9,4,7,24
2024-03-07 00:20:00,0,13,0,12,25
2024-03-07 00:30:00,1,8,1,9,19
2024-03-07 00:40:00,2,10,2,9,23
2024-03-07 00:50:00,4,4,4,4,16
2024-03-07 01:00:00,1,7,1,9,18
2024-03-07 01:10:00,3,5,3,4,15
2024-03-07 01:20:00,3,2,3,2,10
2024-03-07 01:30:00,0,0,0,0,0
2024-03-07 01:40:00,0,2,0,2,4
2024-03-07 01:50:00,6,4,6,2,18
2024-03-07 02:00:00,0,2,0,1,3
2024-03-07 02:10:00,2,3,3,3,11
2024-03-07 02:20:00,1,4,1,4,10
2024-03-07 02:30:00,1,5,1,3,10
2024-03-07 02:40:00,1,0,1,0,2
2024-03-07 02:50:00,2,2,2,2,8
2024-03-07 03:00:00,0,1,0,1,2
2024-03-07 03:10:00,2,2,2,3,9
2024-03-07 03:20:00,2,1,2,1,6
2024-03-07 03:30:00,1,1,1,1,4
2024-03-07 03:40:00,2,0,2,0,4
2024-03-07 03:50:00,6,2,6,2,16
2024-03-07 04:00:00,3,1,3,1,8
2024-03-07 04:10:00,2,2,2,2,8
2024-03-07 04:20:00,7,4,7,5,23
2024-03-07 04:30:00,7,2,7,2,18
2024-03-07 04:40:00,5,1,5,1,12
2024-03-07 04:50:00,6,2,6,3,17
2024-03-07 05:00:00,18,7,18,7,50
2024-03-07 05:10:00,13,11,13,13,50
2024-03-07 05:20:00,33,10,33,9,85
2024-03-07 05:30:00,45,23,45,21,134
2024-03-07 05:40:00,55,23,57,20,155
2024-03-07 05:50:00,42,26,43,23,134
2024-03-07 06:00:00,68,24,68,22,182
2024-03-07 06:10:00,74,31,76,28,209
2024-03-07 06:20:00,93,43,94,39,269
2024-03-07 06:30:00,109,55,110,55,329
2024-03-07 06:40:00,120,53,123,50,346
2024-03-07 06:50:00,136,42,137,42,357
2024-03-07 07:00:00,32,64,140,63,299
2024-03-07 07:10:00,0,80,141,75,296
2024-03-07 07:20:00,0,79,138,78,295
2024-03-07 07:30:00,0,78,135,80,293
2024-03-07 07:40:00,0,82,103,78,263
2024-03-07 07:50:00,0,96,108,85,289
2024-03-07 08:00:00,18,87,141,87,333
2024-03-07 08:10:00,67,81,135,78,361
2024-03-07 08:20:00,65,101,120,94,380
2024-03-07 08:30:00,50,77,126,75,328
2024-03-07 08:40:00,48,73,120,77,318
2024-03-07 08:50:00,8,99,105,98,310
2024-03-07 09:00:00,0,70,87,62,219
2024-03-07 09:10:00,0,74,119,69,262
2024-03-07 09:20:00,0,69,96,65,230
2024-03-07 09:30:00,0,80,69,72,221
2024-03-07 09:40:00,0,86,87,77,250
2024-03-07 09:50:00,5,60,78,61,204
2024-03-07 10:00:00,31,68,69,66,234
2024-03-07 10:10:00,22,76,59,69,226
2024-03-07 10:20:00,19,59,53,64,195
2024-03-07 10:30:00,16,73,58,69,216
2024-03-07 10:40:00,15,56,67,69,207
2024-03-07 10:50:00,29,47,81,46,203
2024-03-07 11:00:00,27,60,48,58,193
2024-03-07 11:10:00,11,61,56,60,188
2024-03-07 11:20:00,20,71,64,69,224
2024-03-07 11:30:00,21,45,66,52,184
2024-03-07 11:40:00,20,72,54,70,216
2024-03-07 11:50:00,26,57,54,57,194
2024-03-07 12:00:00,13,65,33,64,175
2024-03-07 12:10:00,20,76,40,77,213
2024-03-07 12:20:00,18,82,35,83,218
2024-03-07 12:30:00,15,64,29,63,171
2024-03-07 12:40:00,23,79,40,78,220
2024-03-07 12:50:00,18,93,41,80,232
2024-03-07 13:00:00,18,88,43,81,230
2024-03-07 13:10:00,27,100,50,92,269
2024-03-07 13:20:00,27,98,59,95,279
2024-03-07 13:30:00,24,89,63,87,263
2024-03-07 13:40:00,24,84,68,90,266
2024-03-07 13:50:00,32,80,72,79,263
2024-03-07 14:00:00,18,94,50,86,248
2024-03-07 14:10:00,27,108,85,117,337
2024-03-07 14:20:00,27,113,86,110,336
2024-03-07 14:30:00,29,102,80,114,325
2024-03-07 14:40:00,45,105,91,109,350
2024-03-07 14:50:00,23,109,74,109,315
2024-03-07 15:00:00,27,114,74,117,332
2024-03-07 15:10:00,36,114,85,113,348
2024-03-07 15:20:00,20,119,82,122,343
2024-03-07 15:30:00,24,134,92,128,378
2024-03-07 15:40:00,7,136,95,135,373
2024-03-07 15:50:00,18,135,98,137,388
2024-03-07 16:00:00,3,158,104,158,423
2024-03-07 16:10:00,2,118,92,124,336
2024-03-07 16:20:00,1,151,75,147,374
2024-03-07 16:30:00,0,169,64,162,395
2024-03-07 16:40:00,7,179,79,175,440
2024-03-07 16:50:00,5,160,109,155,429
2024-03-07 17:00:00,3,152,77,144,376
2024-03-07 17:10:00,2,159,98,154,413
2024-03-07 17:20:00,7,160,99,140,406
2024-03-07 17:30:00,6,160,95,152,413
2024-03-07 17:40:00,2,138,83,135,358
2024-03-07 17:50:00,4,149,89,136,378
2024-03-07 18:00:00,5,114,90,113,322
2024-03-07 18:10:00,6,129,80,125,340
2024-03-07 18:20:00,46,167,96,137,446
2024-03-07 18:30:00,76,125,75,107,383
2024-03-07 18:40:00,71,95,74,85,325
2024-03-07 18:50:00,67,113,71,96,347
2024-03-07 19:00:00,63,107,63,90,323
2024-03-07 19:10:00,57,55,57,53,222
2024-03-07 19:20:00,43,76,44,65,228
2024-03-07 19:30:00,50,66,50,59,225
2024-03-07 19:40:00,44,65,43,58,210
2024-03-07 19:50:00,33,54,34,47,168
2024-03-07 20:00:00,39,55,39,51,184
2024-03-07 20:10:00,29,54,29,49,161
2024-03-07 20:20:00,29,55,32,49,165
2024-03-07 20:30:00,25,42,25,40,132
2024-03-07 20:40:00,22,44,22,40,128
2024-03-07 20:50:00,27,45,28,40,140
2024-03-07 21:00:00,32,82,32,55,201
2024-03-07 21:10:00,32,50,32,48,162
2024-03-07 21:20:00,34,28,34,27,123
2024-03-07 21:30:00,29,32,29,32,122
2024-03-07 21:40:00,19,47,20,43,129
2024-03-07 21:50:00,27,50,27,44,148
2024-03-07 22:00:00,19,53,20,39,131
2024-03-07 22:10:00,12,47,13,42,114
2024-03-07 22:20:00,16,51,16,44,127
2024-03-07 22:30:00,20,56,20,48,144
2024-03-07 22:40:00,20,39,20,32,111
2024-03-07 22:50:00,15,39,15,28,97
2024-03-07 23:00:00,8,47,8,36,99
2024-03-07 23:10:00,11,24,10,21,66
2024-03-07 23:20:00,10,19,11,18,58
2024-03-07 23:30:00,7,20,4,13,44
2024-03-07 23:40:00,6,13,6,12,37
2024-03-07 23:50:00,8,19,8,14,49
2024-03-08 00:00:00,6,9,6,9,30
2024-03-08 00:10:00,5,7,5,5,22
2024-03-08 00:20:00,4,12,4,10,30
2024-03-08 00:30:00,0,5,0,6,11
2024-03-08 00:40:00,3,6,3,6,18
2024-03-08 00:50:00,0,9,0,8,17
2024-03-08 01:00:00,5,5,5,4,19
2024-03-08 01:10:00,4,4,4,3,15
2024-03-08 01:20:00,2,2,2,1,7
2024-03-08 01:30:00,7,2,7,2,18
2024-03-08 01:40:00,1,4,1,3,9
2024-03-08 01:50:00,2,2,2,2,8
2024-03-08 02:00:00,0,3,0,2,5
2024-03-08 02:10:00,2,3,2,4,11
2024-03-08 02:20:00,4,0,5,0,9
2024-03-08 02:30:00,3,0,3,0,6
2024-03-08 02:40:00,2,0,2,0,4
2024-03-08 02:50:00,2,8,2,10,22
2024-03-08 03:00:00,3,3,3,3,12
2024-03-08 03:10:00,1,2,1,1,5
2024-03-08 03:20:00,1,0,2,0,3
2024-03-08 03:30:00,0,3,0,2,5
2024-03-08 03:40:00,0,1,0,1,2
2024-03-08 03:50:00,2,0,2,0,4
2024-03-08 04:00:00,5,0,5,0,10
2024-03-08 04:10:00,4,4,4,3,15
2024-03-08 04:20:00,5,3,5,4,17
2024-03-08 04:30:00,4,4,4,3,15
2024-03-08 04:40:00,8,4,8,4,24
2024-03-08 04:50:00,6,4,6,3,19
2024-03-08 05:00:00,16,4,17,6,43
2024-03-08 05:10:00,12,12,13,13,50
2024-03-08 05:20:00,29,14,29,15,87
2024-03-08 05:30:00,44,23,46,17,130
2024-03-08 05:40:00,41,16,42,16,115
2024-03-08 05:50:00,29,23,29,20,101
2024-03-08 06:00:00,58,21,59,20,158
2024-03-08 06:10:00,60,36,63,33,192
2024-03-08 06:20:00,70,52,71,50,243
2024-03-08 06:30:00,77,56,93,55,281
2024-03-08 06:40:00,3,49,102,42,196
2024-03-08 06:50:00,0,45,124,44,213
2024-03-08 07:00:00,0,68,106,67,241
2024-03-08 07:10:00,0,60,107,61,228
2024-03-08 07:20:00,0,73,105,83,261
2024-03-08 07:30:00,0,83,96,80,259
2024-03-08 07:40:00,0,93,107,96,296
2024-03-08 07:50:00,0,82,90,76,248
2024-03-08 08:00:00,0,79,73,73,225
2024-03-08 08:10:00,0,57,66,52,175
2024-03-08 08:20:00,0,77,55,71,203
2024-03-08 08:30:00,0,96,70,79,245
2024-03-08 08:40:00,0,100,55,88,243
2024-03-08 08:50:00,0,105,56,87,248
2024-03-08 09:00:00,0,86,39,71,196
2024-03-08 09:10:00,0,72,59,64,195
2024-03-08 09:20:00,0,83,70,72,225
2024-03-08 09:30:00,0,76,41,63,180
2024-03-08 09:40:00,0,68,44,67,179
2024-03-08 09:50:00,0,72,38,70,180
2024-03-08 10:00:00,0,60,31,54,145
2024-03-08 10:10:00,0,70,50,78,198
2024-03-08 10:20:00,0,64,26,69,159
2024-03-08 10:30:00,0,76,27,80,183
2024-03-08 10:40:00,0,78,28,80,186
2024-03-08 10:50:00,0,75,34,69,178
2024-03-08 11:00:00,0,86,37,84,207
2024-03-08 11:10:00,0,75,33,64,172
2024-03-08 11:20:00,0,74,29,72,175
2024-03-08 11:30:00,0,80,28,74,182
2024-03-08 11:40:00,0,90,38,87,215
2024-03-08 11:50:00,0,61,36,63,160
2024-03-08 12:00:00,0,114,39,108,261
2024-03-08 12:10:00,0,98,30,103,231
2024-03-08 12:20:00,0,98,37,99,234
2024-03-08 12:30:00,0,84,32,84,200
2024-03-08 12:40:00,0,101,47,97,245
2024-03-08 12:50:00,0,100,29,89,218
2024-03-08 13:00:00,0,103,37,103,243
2024-03-08 13:10:00,0,121,42,112,275
2024-03-08 13:20:00,0,136,36,127,299
2024-03-08 13:30:00,0,130,44,122,296
2024-03-08 13:40:00,0,94,41,99,234
2024-03-08 13:50:00,0,121,33,113,267
2024-03-08 14:00:00,0,100,34,95,229
2024-03-08 14:10:00,0,127,40,122,289
2024-03-08 14:20:00,0,111,50,108,269
2024-03-08 14:30:00,1,116,65,113,295
2024-03-08 14:40:00,1,125,80,120,326
2024-03-08 14:50:00,0,116,43,115,274
2024-03-08 15:00:00,0,112,46,119,277
2024-03-08 15:10:00,1,118,72,118,309
2024-03-08 15:20:00,3,121,60,125,309
2024-03-08 15:30:00,0,119,48,121,288
2024-03-08 15:40:00,0,104,42,114,260
2024-03-08 15:50:00,0,119,50,118,287
2024-03-08 16:00:00,0,130,47,131,308
2024-03-08 16:10:00,0,121,54,117,292
2024-03-08 16:20:00,0,102,90,109,301
2024-03-08 16:30:00,0,133,80,140,353
2024-03-08 16:40:00,0,107,75,105,287
2024-03-08 16:50:00,5,112,67,112,296
2024-03-08 17:00:00,7,106,91,100,304
2024-03-08 17:10:00,10,0,106,0,116
2024-03-08 17:20:00,0,0,83,0,83
2024-03-08 17:30:00,0,0,79,0,79
2024-03-08 17:40:00,0,83,80,88,251
2024-03-08 17:50:00,0,126,84,126,336
2024-03-08 18:00:00,0,117,71,115,303
2024-03-08 18:10:00,0,97,97,96,290
2024-03-08 18:20:00,2,128,101,120,351
2024-03-08 18:30:00,42,141,84,115,382
2024-03-08 18:40:00,74,86,76,74,310
2024-03-08 18:50:00,80,97,84,83,344
2024-03-08 19:00:00,81,96,82,85,344
2024-03-08 19:10:00,57,80,57,76,270
2024-03-08 19:20:00,46,97,46,80,269
2024-03-08 19:30:00,59,76,61,64,260
2024-03-08 19:40:00,39,59,40,51,189
2024-03-08 19:50:00,49,70,49,64,232
2024-03-08 20:00:00,41,73,42,70,226
2024-03-08 20:10:00,47,80,50,74,251
2024-03-08 20:20:00,35,67,38,63,203
2024-03-08 20:30:00,25,64,26,54,169
2024-03-08 20:40:00,29,37,30,35,131
2024-03-08 20:50:00,36,81,40,67,224
2024-03-08 21:00:00,36,49,38,41,164
2024-03-08 21:10:00,42,51,42,47,182
2024-03-08 21:20:00,27,37,29,34,127
2024-03-08 21:30:00,19,52,20,44,135
2024-03-08 21:40:00,41,45,42,44,172
2024-03-08 21:50:00,24,66,25,50,165
2024-03-08 22:00:00,23,52,24,43,142
2024-03-08 22:10:00,24,54,24,41,143
2024-03-08 22:20:00,22,55,25,54,156
2024-03-08 22:30:00,37,45,40,37,159
2024-03-08 22:40:00,26,48,29,38,141
2024-03-08 22:50:00,18,54,17,40,129
2024-03-08 23:00:00,18,66,23,49,156
2024-03-08 23:10:00,16,46,16,37,115
2024-03-08 23:20:00,15,44,15,34,108
2024-03-08 23:30:00,20,35,20,29,104
2024-03-08 23:40:00,20,23,21,23,87
2024-03-08 23:50:00,21,40,21,31,113
2024-03-09 00:00:00,9,25,9,21,64
2024-03-09 00:10:00,13,31,12,24,80
2024-03-09 00:20:00,15,19,15,15,64
2024-03-09 00:30:00,3,28,3,20,54
2024-03-09 00:40:00,6,29,6,21,62
2024-03-09 00:50:00,3,14,3,13,33
2024-03-09 01:00:00,6,16,7,13,42
2024-03-09 01:10:00,4,12,4,11,31
2024-03-09 01:20:00,6,13,6,9,34
2024-03-09 01:30:00,8,7,8,6,29
2024-03-09 01:40:00,1,12,1,10,24
2024-03-09 01:50:00,5,8,5,9,27
2024-03-09 02:00:00,4,7,4,4,19
2024-03-09 02:10:00,2,9,2,8,21
2024-03-09 02:20:00,5,7,5,8,25
2024-03-09 02:30:00,0,7,0,5,12
2024-03-09 02:40:00,3,10,3,9,25
2024-03-09 02:50:00,3,5,3,5,16
2024-03-09 03:00:00,4,8,3,7,22
2024-03-09 03:10:00,0,5,0,4,9
2024-03-09 03:20:00,3,6,3,4,16
2024-03-09 03:30:00,2,2,2,2,8
2024-03-09 03:40:00,1,5,1,4,11
2024-03-09 03:50:00,2,5,3,5,15
2024-03-09 04:00:00,3,1,4,1,9
2024-03-09 04:10:00,8,6,8,5,27
2024-03-09 04:20:00,2,7,2,4,15
2024-03-09 04:30:00,1,2,1,2,6
2024-03-09 04:40:00,5,4,5,4,18
2024-03-09 04:50:00,4,2,5,2,13
2024-03-09 05:00:00,6,1,7,1,15
2024-03-09 05:10:00,9,1,9,1,20
2024-03-09 05:20:00,13,8,13,6,40
2024-03-09 05:30:00,11,3,11,3,28
2024-03-09 05:40:00,12,6,12,6,36
2024-03-09 05:50:00,9,5,10,6,30
2024-03-09 06:00:00,11,11,13,8,43
2024-03-09 06:10:00,18,13,18,12,61
2024-03-09 06:20:00,17,12,18,11,58
2024-03-09 06:30:00,13,25,14,23,75
2024-03-09 06:40:00,12,22,14,20,68
2024-03-09 06:50:00,4,10,15,9,38
2024-03-09 07:00:00,6,11,15,11,43
2024-03-09 07:10:00,1,10,22,10,43
2024-03-09 07:20:00,0,22,26,22,70
2024-03-09 07:30:00,1,24,31,23,79
2024-03-09 07:40:00,2,21,33,19,75
2024-03-09 07:50:00,1,23,30,25,79
2024-03-09 08:00:00,4,19,18,17,58
2024-03-09 08:10:00,8,40,43,34,125
2024-03-09 08:20:00,5,34,38,31,108
2024-03-09 08:30:00,2,45,40,36,123
2024-03-09 08:40:00,0,65,44,50,159
2024-03-09 08:50:00,0,65,60,56,181
2024-03-09 09:00:00,0,55,57,42,154
2024-03-09 09:10:00,0,40,61,32,133
2024-03-09 09:20:00,0,66,56,54,176
2024-03-09 09:30:00,0,59,70,52,181
2024-03-09 09:40:00,0,72,46,67,185
2024-03-09 09:50:00,0,73,48,74,195
2024-03-09 10:00:00,0,63,72,58,193
2024-03-09 10:10:00,0,74,75,69,218
2024-03-09 10:20:00,0,73,67,71,211
2024-03-09 10:30:00,0,70,63,68,201
2024-03-09 10:40:00,0,77,61,90,228
2024-03-09 10:50:00,39,65,62,64,230
2024-03-09 11:00:00,47,75,66,67,255
2024-03-09 11:10:00,25,95,65,92,277
2024-03-09 11:20:00,29,88,78,83,278
2024-03-09 11:30:00,13,80,68,76,237
2024-03-09 11:40:00,19,84,77,80,260
2024-03-09 11:50:00,20,87,73,85,265
2024-03-09 12:00:00,31,84,72,85,272
2024-03-09 12:10:00,10,68,65,69,212
2024-03-09 12:20:00,20,87,71,87,265
2024-03-09 12:30:00,12,64,69,72,217
2024-03-09 12:40:00,13,74,50,77,214
2024-03-09 12:50:00,22,76,46,73,217
2024-03-09 13:00:00,15,111,34,101,261
2024-03-09 13:10:00,10,93,20,92,215
2024-03-09 13:20:00,23,81,17,79,200
2024-03-09 13:30:00,26,74,9,73,182
2024-03-09 13:40:00,13,93,38,89,233
2024-03-09 13:50:00,11,90,31,96,228
2024-03-09 14:00:00,11,77,31,84,203
2024-03-09 14:10:00,9,91,29,94,223
2024-03-09 14:20:00,19,90,25,90,224
2024-03-09 14:30:00,21,113,38,111,283
2024-03-09 14:40:00,19,90,62,97,268
2024-03-09 14:50:00,34,97,66,99,296
2024-03-09 15:00:00,20,84,44,81,229
2024-03-09 15:10:00,14,87,73,86,260
2024-03-09 15:20:00,22,83,84,85,274
2024-03-09 15:30:00,34,86,77,88,285
2024-03-09 15:40:00,23,86,58,87,254
2024-03-09 15:50:00,25,65,67,77,234
2024-03-09 16:00:00,29,82,66,81,258
2024-03-09 16:10:00,25,52,66,58,201
2024-03-09 16:20:00,30,71,73,73,247
2024-03-09 16:30:00,32,72,78,74,256
2024-03-09 16:40:00,35,87,76,90,288
2024-03-09 16:50:00,35,57,71,53,216
2024-03-09 17:00:00,38,90,80,90,298
2024-03-09 17:10:00,48,61,77,64,250
2024-03-09 17:20:00,35,77,60,66,238
2024-03-09 17:30:00,60,79,107,70,316
2024-03-09 17:40:00,56,94,84,89,323
2024-03-09 17:50:00,67,74,81,72,294
2024-03-09 18:00:00,55,92,69,82,298
2024-03-09 18:10:00,67,93,79,89,328
2024-03-09 18:20:00,64,90,70,81,305
2024-03-09 18:30:00,71,65,75,58,269
2024-03-09 18:40:00,57,88,57,71,273
2024-03-09 18:50:00,58,106,64,80,308
2024-03-09 19:00:00,53,58,54,56,221
2024-03-09 19:10:00,55,82,56,66,259
2024-03-09 19:20:00,62,60,65,54,241
2024-03-09 19:30:00,54,54,55,50,213
2024-03-09 19:40:00,49,59,53,55,216
2024-03-09 19:50:00,42,57,44,50,193
2024-03-09 20:00:00,34,47,34,44,159
2024-03-09 20:10:00,36,61,37,57,191
2024-03-09 20:20:00,29,55,29,47,160
2024-03-09 20:30:00,30,27,31,29,117
2024-03-09 20:40:00,29,58,31,55,173
2024-03-09 20:50:00,31,41,32,41,145
2024-03-09 21:00:00,31,41,31,35,138
2024-03-09 21:10:00,25,37,26,34,122
2024-03-09 21:20:00,25,44,26,36,131
2024-03-09 21:30:00,26,51,28,46,151
2024-03-09 21:40:00,31,28,31,28,118
2024-03-09 21:50:00,21,42,23,36,122
2024-03-09 22:00:00,24,49,24,41,138
2024-03-09 22:10:00,27,44,29,33,133
2024-03-09 22:20:00,25,39,27,34,125
2024-03-09 22:30:00,23,48,24,47,142
2024-03-09 22:40:00,24,69,24,47,164
2024-03-09 22:50:00,30,44,29,33,136
2024-03-09 23:00:00,27,65,28,53,173
2024-03-09 23:10:00,20,40,21,31,112
2024-03-09 23:20:00,21,53,21,38,133
2024-03-09 23:30:00,17,39,18,33,107
2024-03-09 23:40:00,14,36,15,27,92
2024-03-09 23:50:00,21,34,21,29,105
2024-03-10 00:00:00,16,29,16,24,85
2024-03-10 00:10:00,16,28,17,24,85
2024-03-10 00:20:00,22,38,22,30,112
2024-03-10 00:30:00,11,22,11,18,62
2024-03-10 00:40:00,23,27,25,23,98
2024-03-10 00:50:00,26,23,30,18,97
2024-03-10 01:00:00,18,19,17,17,71
2024-03-10 01:10:00,17,18,17,13,65
2024-03-10 01:20:00,8,20,8,14,50
2024-03-10 01:30:00,9,18,9,11,47
2024-03-10 01:40:00,10,20,11,18,59
2024-03-10 01:50:00,8,14,8,12,42
2024-03-10 02:00:00,4,14,5,15,38
2024-03-10 02:10:00,6,10,6,8,30
2024-03-10 02:20:00,7,9,7,7,30
2024-03-10 02:30:00,5,13,5,10,33
2024-03-10 02:40:00,4,8,4,7,23
2024-03-10 02:50:00,3,4,3,6,16
2024-03-10 03:00:00,2,9,2,7,20
2024-03-10 03:10:00,5,5,5,5,20
2024-03-10 03:20:00,3,7,3,5,18
2024-03-10 03:30:00,2,8,2,8,20
2024-03-10 03:40:00,7,4,7,4,22
2024-03-10 03:50:00,3,11,3,11,28
2024-03-10 04:00:00,2,6,2,4,14
2024-03-10 04:10:00,4,6,3,4,17
2024-03-10 04:20:00,2,5,2,4,13
2024-03-10 04:30:00,1,6,1,5,13
2024-03-10 04:40:00,1,4,1,4,10
2024-03-10 04:50:00,4,2,4,3,13
2024-03-10 05:00:00,1,2,1,2,6
2024-03-10 05:10:00,5,2,5,2,14
2024-03-10 05:20:00,6,4,6,3,19
2024-03-10 05:30:00,6,4,6,3,19
2024-03-10 05:40:00,9,7,9,5,30
2024-03-10 05:50:00,4,6,4,5,19
2024-03-10 06:00:00,2,4,2,3,11
2024-03-10 06:10:00,10,5,10,5,30
2024-03-10 06:20:00,6,14,6,11,37
2024-03-10 06:30:00,5,12,5,12,34
2024-03-10 06:40:00,7,8,7,8,30
2024-03-10 06:50:00,5,5,5,6,21
2024-03-10 07:00:00,2,1,4,2,9
2024-03-10 07:10:00,1,6,4,5,16
2024-03-10 07:20:00,5,15,8,14,42
2024-03-10 07:30:00,5,16,15,15,51
2024-03-10 07:40:00,3,18,8,19,48
2024-03-10 07:50:00,4,26,11,25,66
2024-03-10 08:00:00,1,29,11,25,66
2024-03-10 08:10:00,6,36,16,32,90
2024-03-10 08:20:00,4,22,14,23,63
2024-03-10 08:30:00,8,15,19,13,55
2024-03-10 08:40:00,8,27,22,29,86
2024-03-10 08:50:00,7,29,24,28,88
2024-03-10 09:00:00,10,19,33,19,81
2024-03-10 09:10:00,13,27,29,29,98
2024-03-10 09:20:00,5,40,24,37,106
2024-03-10 09:30:00,12,49,38,45,144
2024-03-10 09:40:00,16,56,48,49,169
2024-03-10 09:50:00,13,75,36,61,185
2024-03-10 10:00:00,4,43,36,36,119
2024-03-10 10:10:00,11,63,36,53,163
2024-03-10 10:20:00,11,40,48,42,141
2024-03-10 10:30:00,19,62,56,57,194
2024-03-10 10:40:00,14,53,40,48,155
2024-03-10 10:50:00,8,68,38,60,174
2024-03-10 11:00:00,11,77,39,66,193
2024-03-10 11:10:00,18,64,49,60,191
2024-03-10 11:20:00,8,75,58,67,208
2024-03-10 11:30:00,8,81,59,72,220
2024-03-10 11:40:00,16,79,72,69,236
2024-03-10 11:50:00,13,55,53,59,180
2024-03-10 12:00:00,13,76,70,64,223
2024-03-10 12:10:00,19,74,52,71,216
2024-03-10 12:20:00,16,80,48,72,216
2024-03-10 12:30:00,13,68,53,63,197
2024-03-10 12:40:00,23,90,63,79,255
2024-03-10 12:50:00,16,99,57,79,251
2024-03-10 13:00:00,11,63,55,56,185
2024-03-10 13:10:00,20,83,68,75,246
2024-03-10 13:20:00,15,65,62,64,206
2024-03-10 13:30:00,18,65,83,62,228
2024-03-10 13:40:00,15,99,74,89,277
2024-03-10 13:50:00,13,88,69,78,248
2024-03-10 14:00:00,15,106,83,88,292
2024-03-10 14:10:00,14,84,74,77,249
2024-03-10 14:20:00,18,86,70,78,252
2024-03-10 14:30:00,38,90,69,74,271
2024-03-10 14:40:00,30,79,71,73,253
2024-03-10 14:50:00,21,95,79,93,288
2024-03-10 15:00:00,4,82,72,75,233
2024-03-10 15:10:00,10,77,85,74,246
2024-03-10 15:20:00,3,86,58,83,230
2024-03-10 15:30:00,6,89,67,80,242
2024-03-10 15:40:00,4,82,75,72,233
2024-03-10 15:50:00,3,67,72,61,203
2024-03-10 16:00:00,12,69,44,62,187
2024-03-10 16:10:00,6,81,65,69,221
2024-03-10 16:20:00,17,72,70,65,224
2024-03-10 16:30:00,16,69,68,61,214
2024-03-10 16:40:00,28,85,73,82,268
2024-03-10 16:50:00,37,67,83,57,244
2024-03-10 17:00:00,34,86,79,76,275
2024-03-10 17:10:00,37,72,98,66,273
2024-03-10 17:20:00,54,92,107,81,334
2024-03-10 17:30:00,72,73,93,64,302
2024-03-10 17:40:00,48,76,65,71,260
2024-03-10 17:50:00,82,54,92,55,283
2024-03-10 18:00:00,57,86,64,83,290
2024-03-10 18:10:00,67,70,75,66,278
2024-03-10 18:20:00,65,72,66,59,262
2024-03-10 18:30:00,72,76,70,61,279
2024-03-10 18:40:00,65,66,62,58,251
2024-03-10 18:50:00,60,54,63,51,228
2024-03-10 19:00:00,59,53,62,45,219
2024-03-10 19:10:00,50,70,52,61,233
2024-03-10 19:20:00,46,51,47,47,191
2024-03-10 19:30:00,43,59,45,56,203
2024-03-10 19:40:00,39,49,44,45,177
2024-03-10 19:50:00,42,48,48,45,183
2024-03-10 20:00:00,43,56,42,49,190
2024-03-10 20:10:00,46,63,46,54,209
2024-03-10 20:20:00,40,56,40,54,190
2024-03-10 20:30:00,44,44,43,45,176
2024-03-10 20:40:00,29,42,30,35,136
2024-03-10 20:50:00,18,39,18,38,113
2024-03-10 21:00:00,33,50,33,42,158
2024-03-10 21:10:00,32,36,33,35,136
2024-03-10 21:20:00,30,47,33,40,150
2024-03-10 21:30:00,26,38,28,36,128
2024-03-10 21:40:00,24,25,27,25,101
2024-03-10 21:50:00,10,29,10,26,75
2024-03-10 22:00:00,12,23,14,20,69
2024-03-10 22:10:00,25,25,33,25,108
2024-03-10 22:20:00,14,32,16,28,90
2024-03-10 22:30:00,18,21,21,18,78
2024-03-10 22:40:00,5,34,7,26,72
2024-03-10 22:50:00,5,19,5,17,46
2024-03-10 23:00:00,9,13,11,11,44
2024-03-10 23:10:00,5,12,8,11,36
2024-03-10 23:20:00,5,12,6,12,35
2024-03-10 23:30:00,10,17,11,12,50
2024-03-10 23:40:00,2,8,2,8,20
2024-03-10 23:50:00,5,4,6,2,17
2024-03-11 00:00:00,8,12,10,8,38
2024-03-11 00:10:00,2,9,2,9,22
2024-03-11 00:20:00,5,4,5,3,17
2024-03-11 00:30:00,6,5,6,8,25
2024-03-11 00:40:00,0,4,0,2,6
2024-03-11 00:50:00,2,5,3,3,13
2024-03-11 01:00:00,3,2,5,1,11
2024-03-11 01:10:00,2,3,2,2,9
2024-03-11 01:20:00,4,3,5,2,14
2024-03-11 01:30:00,2,3,4,2,11
2024-03-11 01:40:00,1,4,2,3,10
2024-03-11 01:50:00,2,2,2,1,7
2024-03-11 02:00:00,2,1,2,2,7
2024-03-11 02:10:00,0,3,0,3,6
2024-03-11 02:20:00,1,2,2,1,6
2024-03-11 02:30:00,1,2,2,2,7
2024-03-11 02:40:00,1,0,1,1,3
2024-03-11 02:50:00,1,0,1,0,2
2024-03-11 03:00:00,2,1,3,1,7
2024-03-11 03:10:00,2,1,2,1,6
2024-03-11 03:20:00,0,3,0,2,5
2024-03-11 03:30:00,0,1,0,2,3
2024-03-11 03:40:00,3,1,3,1,8
2024-03-11 03:50:00,1,4,2,2,9
2024-03-11 04:00:00,0,0,0,0,0
2024-03-11 04:10:00,3,2,4,2,11
2024-03-11 04:20:00,6,5,5,4,20
2024-03-11 04:30:00,9,5,10,4,28
2024-03-11 04:40:00,4,4,6,4,18
2024-03-11 04:50:00,8,4,9,4,25
2024-03-11 05:00:00,10,11,19,8,48
2024-03-11 05:10:00,16,14,27,18,75
2024-03-11 05:20:00,24,16,33,12,85
2024-03-11 05:30:00,29,24,52,24,129
2024-03-11 05:40:00,41,13,67,8,129
2024-03-11 05:50:00,25,27,52,27,131
2024-03-11 06:00:00,43,19,82,19,163
2024-03-11 06:10:00,62,37,85,34,218
2024-03-11 06:20:00,63,39,99,41,242
2024-03-11 06:30:00,76,50,101,53,280
2024-03-11 06:40:00,90,45,108,44,287
2024-03-11 06:50:00,101,53,134,63,351
2024-03-11 07:00:00,1,88,133,90,312
2024-03-11 07:10:00,39,68,148,75,330
2024-03-11 07:20:00,135,83,151,86,455
2024-03-11 07:30:00,32,82,116,87,317
2024-03-11 07:40:00,0,86,119,90,295
2024-03-11 07:50:00,0,88,123,98,309
2024-03-11 08:00:00,14,95,114,89,312
2024-03-11 08:10:00,82,79,131,77,369
2024-03-11 08:20:00,88,81,115,76,360
2024-03-11 08:30:00,84,88,108,82,362
2024-03-11 08:40:00,102,83,138,88,411
2024-03-11 08:50:00,98,83,105,89,375
2024-03-11 09:00:00,69,59,83,57,268
2024-03-11 09:10:00,85,58,98,55,296
2024-03-11 09:20:00,73,58,74,56,261
2024-03-11 09:30:00,68,63,108,60,299
2024-03-11 09:40:00,53,68,98,64,283
2024-03-11 09:50:00,39,70,64,66,239
2024-03-11 10:00:00,39,52,69,50,210
2024-03-11 10:10:00,44,70,76,74,264
2024-03-11 10:20:00,49,62,66,55,232
2024-03-11 10:30:00,41,77,77,68,263
2024-03-11 10:40:00,35,64,77,56,232
2024-03-11 10:50:00,34,57,82,50,223
2024-03-11 11:00:00,24,77,64,68,233
2024-03-11 11:10:00,14,59,70,58,201
2024-03-11 11:20:00,18,62,66,55,201
2024-03-11 11:30:00,6,59,56,57,178
2024-03-11 11:40:00,26,63,72,65,226
2024-03-11 11:50:00,18,50,68,58,194
2024-03-11 12:00:00,26,53,49,60,188
2024-03-11 12:10:00,37,73,74,69,253
2024-03-11 12:20:00,27,53,71,53,204
2024-03-11 12:30:00,24,86,51,77,238
2024-03-11 12:40:00,25,71,64,66,226
2024-03-11 12:50:00,31,72,81,67,251
2024-03-11 13:00:00,31,83,68,83,265
2024-03-11 13:10:00,17,85,70,80,252
2024-03-11 13:20:00,22,73,77,77,249
2024-03-11 13:30:00,34,71,72,70,247
2024-03-11 13:40:00,31,76,66,74,247
2024-03-11 13:50:00,41,79,59,80,259
2024-03-11 14:00:00,21,74,61,78,234
2024-03-11 14:10:00,19,103,77,96,295
2024-03-11 14:20:00,9,93,67,91,260
2024-03-11 14:30:00,29,92,76,103,300
2024-03-11 14:40:00,34,87,82,78,281
2024-03-11 14:50:00,21,99,52,88,260
2024-03-11 15:00:00,19,103,78,99,299
2024-03-11 15:10:00,15,118,88,115,336
2024-03-11 15:20:00,16,107,61,106,290
2024-03-11 15:30:00,25,95,63,97,280
2024-03-11 15:40:00,42,119,84,112,357
2024-03-11 15:50:00,27,127,71,125,350
2024-03-11 16:00:00,6,130,71,130,337
2024-03-11 16:10:00,10,133,70,137,350
2024-03-11 16:20:00,45,131,69,133,378
2024-03-11 16:30:00,43,128,60,126,357
2024-03-11 16:40:00,65,123,79,124,391
2024-03-11 16:50:00,76,115,90,123,404
2024-03-11 17:00:00,56,122,69,110,357
2024-03-11 17:10:00,44,0,67,0,111
2024-03-11 17:20:00,49,113,78,117,357
2024-03-11 17:30:00,81,128,79,127,415
2024-03-11 17:40:00,87,99,88,100,374
2024-03-11 17:50:00,75,116,59,119,369
2024-03-11 18:00:00,62,102,63,107,334
2024-03-11 18:10:00,74,95,81,97,347
2024-03-11 18:20:00,63,94,71,95,323
2024-03-11 18:30:00,59,103,73,97,332
2024-03-11 18:40:00,54,87,52,75,268
2024-03-11 18:50:00,55,94,57,85,291
2024-03-11 19:00:00,58,67,59,65,249
2024-03-11 19:10:00,42,81,42,67,232
2024-03-11 19:20:00,55,69,57,58,239
2024-03-11 19:30:00,38,56,39,52,185
2024-03-11 19:40:00,37,53,37,51,178
2024-03-11 19:50:00,30,54,30,43,157
2024-03-11 20:00:00,35,41,36,39,151
2024-03-11 20:10:00,32,58,32,52,174
2024-03-11 20:20:00,31,57,30,48,166
2024-03-11 20:30:00,22,39,23,39,123
2024-03-11 20:40:00,21,40,21,34,116
2024-03-11 20:50:00,26,34,26,28,114
2024-03-11 21:00:00,28,30,29,30,117
2024-03-11 21:10:00,40,39,40,39,158
2024-03-11 21:20:00,20,32,21,29,102
2024-03-11 21:30:00,19,34,20,29,102
2024-03-11 21:40:00,13,24,13,21,71
2024-03-11 21:50:00,16,34,16,33,99
2024-03-11 22:00:00,12,22,12,19,65
2024-03-11 22:10:00,13,39,13,31,96
2024-03-11 22:20:00,12,41,14,39,106
2024-03-11 22:30:00,17,18,17,15,67
2024-03-11 22:40:00,8,21,8,16,53
2024-03-11 22:50:00,10,12,10,11,43
2024-03-11 23:00:00,8,19,8,15,50
2024-03-11 23:10:00,9,14,9,15,47
2024-03-11 23:20:00,5,17,5,13,40
2024-03-11 23:30:00,10,8,8,6,32
2024-03-11 23:40:00,7,8,6,9,30
2024-03-11 23:50:00,3,11,2,12,28
2024-03-12 00:00:00,5,11,5,7,28
2024-03-12 00:10:00,2,7,2,5,16
2024-03-12 00:20:00,6,5,6,3,20
2024-03-12 00:30:00,1,5,1,5,12
2024-03-12 00:40:00,2,0,2,0,4
2024-03-12 00:50:00,1,7,1,5,14
2024-03-12 01:00:00,3,1,3,2,9
2024-03-12 01:10:00,1,3,1,3,8
2024-03-12 01:20:00,0,0,0,0,0
2024-03-12 01:30:00,1,1,1,1,4
2024-03-12 01:40:00,1,1,1,1,4
2024-03-12 01:50:00,1,1,1,1,4
2024-03-12 02:00:00,2,2,1,2,7
2024-03-12 02:10:00,0,1,1,2,4
2024-03-12 02:20:00,0,3,0,3,6
2024-03-12 02:30:00,1,1,1,1,4
2024-03-12 02:40:00,1,0,1,0,2
2024-03-12 02:50:00,1,5,1,4,11
2024-03-12 03:00:00,0,2,0,0,2
2024-03-12 03:10:00,2,1,2,1,6
2024-03-12 03:20:00,1,3,1,3,8
2024-03-12 03:30:00,3,1,2,1,7
2024-03-12 03:40:00,2,3,2,3,10
2024-03-12 03:50:00,1,1,1,1,4
2024-03-12 04:00:00,0,1,0,1,2
2024-03-12 04:10:00,3,0,3,0,6
2024-03-12 04:20:00,7,4,7,4,22
2024-03-12 04:30:00,6,3,6,2,17
2024-03-12 04:40:00,7,8,6,6,27
2024-03-12 04:50:00,3,5,3,6,17
2024-03-12 05:00:00,19,9,19,6,53
2024-03-12 05:10:00,18,16,17,17,68
2024-03-12 05:20:00,39,13,41,12,105
2024-03-12 05:30:00,41,22,42,19,124
2024-03-12 05:40:00,64,23,64,21,172
2024-03-12 05:50:00,50,13,50,12,125
2024-03-12 06:00:00,73,29,76,27,205
2024-03-12 06:10:00,102,42,99,36,279
2024-03-12 06:20:00,99,58,101,56,314
2024-03-12 06:30:00,105,42,106,41,294
2024-03-12 06:40:00,127,56,125,54,362
2024-03-12 06:50:00,136,79,141,76,432
2024-03-12 07:00:00,131,74,149,60,414
2024-03-12 07:10:00,128,100,137,94,459
2024-03-12 07:20:00,132,84,149,79,444
2024-03-12 07:30:00,102,92,127,91,412
2024-03-12 07:40:00,113,95,124,93,425
2024-03-12 07:50:00,101,82,133,85,401
2024-03-12 08:00:00,90,63,133,73,359
2024-03-12 08:10:00,87,99,122,93,401
2024-03-12 08:20:00,62,114,106,105,387
2024-03-12 08:30:00,65,102,104,93,364
2024-03-12 08:40:00,72,131,125,116,444
2024-03-12 08:50:00,80,95,97,101,373
2024-03-12 09:00:00,65,76,124,90,355
2024-03-12 09:10:00,33,98,99,95,325
2024-03-12 09:20:00,47,64,97,63,271
2024-03-12 09:30:00,46,85,76,80,287
2024-03-12 09:40:00,50,72,92,70,284
2024-03-12 09:50:00,49,70,81,65,265
2024-03-12 10:00:00,33,84,67,79,263
2024-03-12 10:10:00,39,70,64,70,243
2024-03-12 10:20:00,34,61,73,61,229
2024-03-12 10:30:00,36,57,77,55,225
2024-03-12 10:40:00,51,84,97,82,314
2024-03-12 10:50:00,17,73,59,65,214
2024-03-12 11:00:00,43,83,76,78,280
2024-03-12 11:10:00,24,60,54,55,193
2024-03-12 11:20:00,30,96,72,83,281
2024-03-12 11:30:00,31,78,62,65,236
2024-03-12 11:40:00,30,59,64,57,210
2024-03-12 11:50:00,34,69,68,70,241
2024-03-12 12:00:00,28,68,63,65,224
2024-03-12 12:10:00,35,78,86,66,265
2024-03-12 12:20:00,31,85,63,81,260
2024-03-12 12:30:00,19,64,69,67,219
2024-03-12 12:40:00,44,86,74,80,284
2024-03-12 12:50:00,25,92,71,89,277
2024-03-12 13:00:00,29,87,81,82,279
2024-03-12 13:10:00,22,107,64,98,291
2024-03-12 13:20:00,25,91,70,86,272
2024-03-12 13:30:00,19,96,72,90,277
2024-03-12 13:40:00,25,105,67,92,289
2024-03-12 13:50:00,29,117,102,92,340
2024-03-12 14:00:00,41,73,83,69,266
2024-03-12 14:10:00,25,123,63,120,331
2024-03-12 14:20:00,29,99,95,90,313
2024-03-12 14:30:00,28,124,78,117,347
2024-03-12 14:40:00,32,91,73,89,285
2024-03-12 14:50:00,46,113,93,110,362
2024-03-12 15:00:00,17,112,76,105,310
2024-03-12 15:10:00,44,110,84,105,343
2024-03-12 15:20:00,28,128,69,120,345
2024-03-12 15:30:00,35,135,78,137,385
2024-03-12 15:40:00,22,151,89,131,393
2024-03-12 15:50:00,28,143,85,137,393
2024-03-12 16:00:00,26,136,87,128,377
2024-03-12 16:10:00,43,168,77,149,437
2024-03-12 16:20:00,42,149,88,134,413
2024-03-12 16:30:00,31,137,79,131,378
2024-03-12 16:40:00,42,138,109,125,414
2024-03-12 16:50:00,41,169,96,150,456
2024-03-12 17:00:00,54,160,95,152,461
2024-03-12 17:10:00,46,169,86,151,452
2024-03-12 17:20:00,58,140,91,132,421
2024-03-12 17:30:00,37,146,91,133,407
2024-03-12 17:40:00,35,134,95,122,386
2024-03-12 17:50:00,60,122,83,121,386
2024-03-12 18:00:00,57,112,73,104,346
2024-03-12 18:10:00,77,153,102,140,472
2024-03-12 18:20:00,70,152,72,126,420
2024-03-12 18:30:00,56,138,60,115,369
2024-03-12 18:40:00,65,81,67,73,286
2024-03-12 18:50:00,53,85,54,75,267
2024-03-12 19:00:00,65,77,65,62,269
2024-03-12 19:10:00,46,92,47,78,263
2024-03-12 19:20:00,48,86,54,77,265
2024-03-12 19:30:00,39,72,42,63,216
2024-03-12 19:40:00,34,64,34,55,187
2024-03-12 19:50:00,34,50,34,48,166
2024-03-12 20:00:00,34,66,33,48,181
2024-03-12 20:10:00,26,54,27,52,159
2024-03-12 20:20:00,20,42,19,42,123
2024-03-12 20:30:00,30,38,31,33,132
2024-03-12 20:40:00,28,38,27,35,128
2024-03-12 20:50:00,20,47,24,40,131
2024-03-12 21:00:00,27,37,33,39,136
2024-03-12 21:10:00,20,40,23,36,119
2024-03-12 21:20:00,18,34,24,31,107
2024-03-12 21:30:00,23,33,26,36,118
2024-03-12 21:40:00,20,39,25,36,120
2024-03-12 21:50:00,17,27,21,24,89
2024-03-12 22:00:00,15,30,21,29,95
2024-03-12 22:10:00,21,30,24,28,103
2024-03-12 22:20:00,12,34,13,24,83
2024-03-12 22:30:00,18,37,20,33,108
2024-03-12 22:40:00,12,26,19,26,83
2024-03-12 22:50:00,8,28,8,22,66
2024-03-12 23:00:00,9,19,10,21,59
2024-03-12 23:10:00,9,23,14,13,59
2024-03-12 23:20:00,7,20,7,15,49
2024-03-12 23:30:00,2,10,3,12,27
2024-03-12 23:40:00,6,11,11,8,36
2024-03-12 23:50:00,3,9,3,4,19
2024-03-13 00:00:00,6,8,6,5,25
2024-03-13 00:10:00,4,9,5,6,24
2024-03-13 00:20:00,3,7,3,5,18
2024-03-13 00:30:00,2,3,2,2,9
2024-03-13 00:40:00,0,3,0,3,6
2024-03-13 00:50:00,1,7,1,3,12
2024-03-13 01:00:00,2,5,2,4,13
2024-03-13 01:10:00,2,1,2,1,6
2024-03-13 01:20:00,3,2,4,1,10
2024-03-13 01:30:00,2,1,2,1,6
2024-03-13 01:40:00,2,4,2,3,11
2024-03-13 01:50:00,0,4,0,3,7
2024-03-13 02:00:00,1,4,1,4,10
2024-03-13 02:10:00,1,5,1,3,10
2024-03-13 02:20:00,3,4,3,4,14
2024-03-13 02:30:00,2,3,2,2,9
2024-03-13 02:40:00,1,3,1,3,8
2024-03-13 02:50:00,2,1,2,1,6
2024-03-13 03:00:00,1,3,1,2,7
2024-03-13 03:10:00,0,2,0,1,3
2024-03-13 03:20:00,3,1,2,1,7
2024-03-13 03:30:00,4,3,5,2,14
2024-03-13 03:40:00,2,3,2,3,10
2024-03-13 03:50:00,1,2,1,1,5
2024-03-13 04:00:00,2,2,2,1,7
2024-03-13 04:10:00,2,4,2,3,11
2024-03-13 04:20:00,5,3,5,4,17
2024-03-13 04:30:00,3,5,3,3,14
2024-03-13 04:40:00,10,2,11,2,25
2024-03-13 04:50:00,6,4,7,4,21
2024-03-13 05:00:00,15,8,15,9,47
2024-03-13 05:10:00,18,13,18,11,60
2024-03-13 05:20:00,29,13,30,14,86
2024-03-13 05:30:00,50,21,47,21,139
2024-03-13 05:40:00,39,23,45,17,124
2024-03-13 05:50:00,55,22,55,20,152
2024-03-13 06:00:00,68,30,72,28,198
2024-03-13 06:10:00,95,40,91,36,262
2024-03-13 06:20:00,100,61,97,55,313
2024-03-13 06:30:00,125,56,123,49,353
2024-03-13 06:40:00,127,54,133,54,368
2024-03-13 06:50:00,117,57,136,63,373
2024-03-13 07:00:00,114,57,134,65,370
2024-03-13 07:10:00,86,72,136,78,372
2024-03-13 07:20:00,75,97,139,89,400
2024-03-13 07:30:00,78,73,114,67,332
2024-03-13 07:40:00,64,78,120,88,350
2024-03-13 07:50:00,66,98,122,92,378
2024-03-13 08:00:00,69,63,121,60,313
2024-03-13 08:10:00,76,87,129,93,385
2024-03-13 08:20:00,87,91,140,94,412
2024-03-13 08:30:00,51,85,100,87,323
2024-03-13 08:40:00,70,86,129,95,380
2024-03-13 08:50:00,70,95,115,86,366
2024-03-13 09:00:00,41,63,111,71,286
2024-03-13 09:10:00,37,75,85,69,266
2024-03-13 09:20:00,35,90,76,82,283
2024-03-13 09:30:00,46,64,100,61,271
2024-03-13 09:40:00,42,61,90,58,251
2024-03-13 09:50:00,43,75,104,75,297
2024-03-13 10:00:00,42,60,93,56,251
2024-03-13 10:10:00,42,68,85,67,262
2024-03-13 10:20:00,34,66,75,71,246
2024-03-13 10:30:00,31,59,72,64,226
2024-03-13 10:40:00,28,59,81,57,225
2024-03-13 10:50:00,15,57,72,59,203
2024-03-13 11:00:00,4,54,62,62,182
2024-03-13 11:10:00,7,79,52,76,214
2024-03-13 11:20:00,7,73,58,71,209
2024-03-13 11:30:00,5,66,62,67,200
2024-03-13 11:40:00,11,92,70,77,250
2024-03-13 11:50:00,11,55,65,51,182
2024-03-13 12:00:00,9,92,78,77,256
2024-03-13 12:10:00,15,75,68,68,226
2024-03-13 12:20:00,3,71,65,67,206
2024-03-13 12:30:00,10,82,67,78,237
2024-03-13 12:40:00,8,99,64,81,252
2024-03-13 12:50:00,9,83,71,80,243
2024-03-13 13:00:00,10,72,82,83,247
2024-03-13 13:10:00,3,98,69,91,261
2024-03-13 13:20:00,8,87,74,81,250
2024-03-13 13:30:00,11,83,79,74,247
2024-03-13 13:40:00,0,89,64,85,238
2024-03-13 13:50:00,4,102,54,90,250
2024-03-13 14:00:00,23,87,76,78,264
2024-03-13 14:10:00,2,91,67,85,245
2024-03-13 14:20:00,11,161,80,139,391
2024-03-13 14:30:00,7,116,67,105,295
2024-03-13 14:40:00,2,118,68,117,305
2024-03-13 14:50:00,6,107,89,112,314
2024-03-13 15:00:00,8,104,70,108,290
2024-03-13 15:10:00,3,117,76,114,310
2024-03-13 15:20:00,8,121,77,116,322
2024-03-13 15:30:00,11,138,90,132,371
2024-03-13 15:40:00,13,124,81,128,346
2024-03-13 15:50:00,5,170,66,160,401
2024-03-13 16:00:00,6,120,87,121,334
2024-03-13 16:10:00,3,143,94,137,377
2024-03-13 16:20:00,6,160,94,143,403
2024-03-13 16:30:00,7,146,92,138,383
2024-03-13 16:40:00,6,156,83,138,383
2024-03-13 16:50:00,9,153,83,136,381
2024-03-13 17:00:00,10,128,93,129,360
2024-03-13 17:10:00,6,162,68,139,375
2024-03-13 17:20:00,13,138,106,133,390
2024-03-13 17:30:00,7,169,95,144,415
2024-03-13 17:40:00,14,124,107,111,356
2024-03-13 17:50:00,13,131,92,111,347
2024-03-13 18:00:00,19,138,87,117,361
2024-03-13 18:10:00,18,122,73,114,327
2024-03-13 18:20:00,30,125,72,114,341
2024-03-13 18:30:00,57,125,58,112,352
2024-03-13 18:40:00,74,103,75,89,341
2024-03-13 18:50:00,65,90,66,83,304
2024-03-13 19:00:00,54,88,59,74,275
2024-03-13 19:10:00,59,74,64,70,267
2024-03-13 19:20:00,51,64,53,62,230
2024-03-13 19:30:00,43,99,43,83,268
2024-03-13 19:40:00,42,67,46,60,215
2024-03-13 19:50:00,50,47,51,44,192
2024-03-13 20:00:00,29,58,29,48,164
2024-03-13 20:10:00,32,45,32,41,150
2024-03-13 20:20:00,45,49,45,48,187
2024-03-13 20:30:00,35,61,35,55,186
2024-03-13 20:40:00,21,43,21,40,125
2024-03-13 20:50:00,31,34,31,31,127
2024-03-13 21:00:00,26,50,27,41,144
2024-03-13 21:10:00,25,34,25,31,115
2024-03-13 21:20:00,32,53,34,45,164
2024-03-13 21:30:00,33,32,35,30,130
2024-03-13 21:40:00,27,39,27,34,127
2024-03-13 21:50:00,19,35,19,34,107
2024-03-13 22:00:00,19,31,19,27,96
2024-03-13 22:10:00,21,39,21,33,114
2024-03-13 22:20:00,16,47,17,36,116
2024-03-13 22:30:00,16,48,16,35,115
2024-03-13 22:40:00,10,46,10,34,100
2024-03-13 22:50:00,16,22,16,19,73
2024-03-13 23:00:00,12,31,12,25,80
2024-03-13 23:10:00,9,29,9,23,70
2024-03-13 23:20:00,5,19,5,17,46
2024-03-13 23:30:00,8,28,8,23,67
2024-03-13 23:40:00,3,8,3,5,19
2024-03-13 23:50:00,6,5,6,8,25
2024-03-14 00:00:00,6,10,6,9,31
2024-03-14 00:10:00,5,4,5,3,17
2024-03-14 00:20:00,3,13,3,11,30
2024-03-14 00:30:00,1,4,1,3,9
2024-03-14 00:40:00,2,6,2,6,16
2024-03-14 00:50:00,0,7,0,8,15
2024-03-14 01:00:00,5,5,5,6,21
2024-03-14 01:10:00,3,5,3,3,14
2024-03-14 01:20:00,2,3,2,2,9
2024-03-14 01:30:00,2,3,2,2,9
2024-03-14 01:40:00,0,2,0,1,3
2024-03-14 01:50:00,2,1,2,1,6
2024-03-14 02:00:00,1,2,1,1,5
2024-03-14 02:10:00,5,0,5,0,10
2024-03-14 02:20:00,0,4,0,2,6
2024-03-14 02:30:00,3,5,3,3,14
2024-03-14 02:40:00,1,0,1,0,2
2024-03-14 02:50:00,0,2,0,1,3
2024-03-14 03:00:00,2,4,2,3,11
2024-03-14 03:10:00,0,4,0,3,7
2024-03-14 03:20:00,1,4,1,3,9
2024-03-14 03:30:00,3,4,2,3,12
2024-03-14 03:40:00,1,2,2,2,7
2024-03-14 03:50:00,4,3,4,3,14
2024-03-14 04:00:00,2,3,2,2,9
2024-03-14 04:10:00,4,1,4,1,10
2024-03-14 04:20:00,7,3,7,3,20
2024-03-14 04:30:00,7,2,7,3,19
2024-03-14 04:40:00,8,2,8,2,20
2024-03-14 04:50:00,6,2,6,1,15
2024-03-14 05:00:00,13,11,13,10,47
2024-03-14 05:10:00,22,13,22,13,70
2024-03-14 05:20:00,33,15,33,16,97
2024-03-14 05:30:00,45,25,48,22,140
2024-03-14 05:40:00,61,14,61,13,149
2024-03-14 05:50:00,44,25,44,19,132
2024-03-14 06:00:00,76,21,75,22,194
2024-03-14 06:10:00,74,42,75,41,232
2024-03-14 06:20:00,95,46,94,41,276
2024-03-14 06:30:00,95,52,98,46,291
2024-03-14 06:40:00,54,38,131,42,265
2024-03-14 06:50:00,43,64,143,76,326
2024-03-14 07:00:00,21,77,136,73,307
2024-03-14 07:10:00,16,48,134,54,252
2024-03-14 07:20:00,8,93,126,101,328
2024-03-14 07:30:00,13,70,133,68,284
2024-03-14 07:40:00,11,89,133,83,316
2024-03-14 07:50:00,15,112,120,106,353
2024-03-14 08:00:00,13,76,144,75,308
2024-03-14 08:10:00,0,87,93,77,257
2024-03-14 08:20:00,4,77,119,69,269
2024-03-14 08:30:00,2,82,128,71,283
2024-03-14 08:40:00,0,91,130,82,303
2024-03-14 08:50:00,0,86,99,80,265
2024-03-14 09:00:00,0,78,98,69,245
2024-03-14 09:10:00,0,84,76,80,240
2024-03-14 09:20:00,0,74,75,66,215
2024-03-14 09:30:00,2,47,76,42,167
2024-03-14 09:40:00,0,85,54,79,218
2024-03-14 09:50:00,5,67,59,62,193
2024-03-14 10:00:00,6,56,58,52,172
2024-03-14 10:10:00,18,73,63,74,228
2024-03-14 10:20:00,6,55,50,53,164
2024-03-14 10:30:00,6,72,62,65,205
2024-03-14 10:40:00,14,67,40,69,190
2024-03-14 10:50:00,15,67,45,66,193
2024-03-14 11:00:00,16,58,60,56,190
2024-03-14 11:10:00,12,66,39,62,179
2024-03-14 11:20:00,15,60,37,63,175
2024-03-14 11:30:00,20,70,52,70,212
2024-03-14 11:40:00,11,59,42,59,171
2024-03-14 11:50:00,16,75,28,76,195
2024-03-14 12:00:00,15,74,41,68,198
2024-03-14 12:10:00,15,74,25,75,189
2024-03-14 12:20:00,26,95,46,90,257
2024-03-14 12:30:00,26,82,35,71,214
2024-03-14 12:40:00,16,91,39,96,242
2024-03-14 12:50:00,9,106,37,95,247
2024-03-14 13:00:00,11,94,46,77,228
2024-03-14 13:10:00,15,114,33,98,260
2024-03-14 13:20:00,20,99,43,91,253
2024-03-14 13:30:00,21,102,39,90,252
2024-03-14 13:40:00,16,95,34,87,232
2024-03-14 13:50:00,18,71,29,72,190
2024-03-14 14:00:00,20,84,50,86,240
2024-03-14 14:10:00,15,100,55,100,270
2024-03-14 14:20:00,19,97,67,102,285
2024-03-14 14:30:00,17,101,64,106,288
2024-03-14 14:40:00,22,108,73,111,314
2024-03-14 14:50:00,25,118,82,111,336
2024-03-14 15:00:00,14,120,65,124,323
2024-03-14 15:10:00,26,120,71,131,348
2024-03-14 15:20:00,16,124,92,130,362
2024-03-14 15:30:00,17,126,78,124,345
2024-03-14 15:40:00,20,116,76,118,330
2024-03-14 15:50:00,20,125,95,134,374
2024-03-14 16:00:00,21,135,77,139,372
2024-03-14 16:10:00,14,147,82,132,375
2024-03-14 16:20:00,17,136,86,137,376
2024-03-14 16:30:00,15,139,89,140,383
2024-03-14 16:40:00,21,114,69,128,332
2024-03-14 16:50:00,21,149,99,143,412
2024-03-14 17:00:00,37,161,91,135,424
2024-03-14 17:10:00,38,0,93,0,131
2024-03-14 17:20:00,42,0,98,0,140
2024-03-14 17:30:00,48,137,92,138,415
2024-03-14 17:40:00,31,122,77,118,348
2024-03-14 17:50:00,39,99,106,107,351
2024-03-14 18:00:00,27,104,88,108,327
2024-03-14 18:10:00,25,108,81,110,324
2024-03-14 18:20:00,22,134,89,130,375
2024-03-14 18:30:00,30,156,73,120,379
2024-03-14 18:40:00,60,118,75,91,344
2024-03-14 18:50:00,72,108,83,96,359
2024-03-14 19:00:00,61,114,68,94,337
2024-03-14 19:10:00,70,71,74,59,274
2024-03-14 19:20:00,44,78,49,70,241
2024-03-14 19:30:00,46,63,48,58,215
2024-03-14 19:40:00,36,64,42,57,199
2024-03-14 19:50:00,28,64,28,55,175
2024-03-14 20:00:00,36,58,37,53,184
2024-03-14 20:10:00,32,56,31,51,170
2024-03-14 20:20:00,36,58,35,52,181
2024-03-14 20:30:00,39,50,37,49,175
2024-03-14 20:40:00,28,45,26,41,140
2024-03-14 20:50:00,24,56,24,54,158
2024-03-14 21:00:00,34,35,31,34,134
2024-03-14 21:10:00,30,66,32,58,186
2024-03-14 21:20:00,38,59,33,51,181
2024-03-14 21:30:00,28,35,28,30,121
2024-03-14 21:40:00,29,32,27,27,115
2024-03-14 21:50:00,21,46,22,43,132
2024-03-14 22:00:00,19,34,23,34,110
2024-03-14 22:10:00,25,39,25,33,122
2024-03-14 22:20:00,16,36,17,27,96
2024-03-14 22:30:00,30,32,26,26,114
2024-03-14 22:40:00,14,36,14,33,97
2024-03-14 22:50:00,19,25,20,26,90
2024-03-14 23:00:00,11,24,7,20,62
2024-03-14 23:10:00,18,33,11,29,91
2024-03-14 23:20:00,15,31,13,24,83
2024-03-14 23:30:00,13,12,10,10,45
2024-03-14 23:40:00,11,10,11,10,42
2024-03-14 23:50:00,6,4,5,4,19
2024-03-15 00:00:00,6,9,5,8,28
2024-03-15 00:10:00,3,8,3,8,22
2024-03-15 00:20:00,5,7,5,6,23
2024-03-15 00:30:00,6,9,5,8,28
2024-03-15 00:40:00,2,8,2,7,19
2024-03-15 00:50:00,2,6,2,4,14
2024-03-15 01:00:00,2,3,2,3,10
2024-03-15 01:10:00,2,3,2,3,10
2024-03-15 01:20:00,3,5,2,4,14
2024-03-15 01:30:00,1,10,1,7,19
2024-03-15 01:40:00,1,2,1,2,6
2024-03-15 01:50:00,4,3,2,2,11
2024-03-15 02:00:00,1,5,1,3,10
2024-03-15 02:10:00,1,1,1,1,4
2024-03-15 02:20:00,2,0,2,0,4
2024-03-15 02:30:00,2,3,2,3,10
2024-03-15 02:40:00,1,3,1,3,8
2024-03-15 02:50:00,0,2,0,1,3
2024-03-15 03:00:00,0,4,0,3,7
2024-03-15 03:10:00,0,3,0,2,5
2024-03-15 03:20:00,4,1,4,1,10
2024-03-15 03:30:00,2,1,2,1,6
2024-03-15 03:40:00,4,2,4,3,13
2024-03-15 03:50:00,1,3,1,3,8
2024-03-15 04:00:00,1,3,1,2,7
2024-03-15 04:10:00,6,5,5,6,22
2024-03-15 04:20:00,4,3,4,3,14
2024-03-15 04:30:00,5,3,4,2,14
2024-03-15 04:40:00,6,1,6,2,15
2024-03-15 04:50:00,7,5,7,4,23
2024-03-15 05:00:00,10,9,9,8,36
2024-03-15 05:10:00,29,19,24,14,86
2024-03-15 05:20:00,33,11,29,14,87
2024-03-15 05:30:00,37,23,33,17,110
2024-03-15 05:40:00,52,16,52,14,134
2024-03-15 05:50:00,48,17,47,16,128
2024-03-15 06:00:00,50,21,50,20,141
2024-03-15 06:10:00,66,31,67,29,193
2024-03-15 06:20:00,63,50,63,45,221
2024-03-15 06:30:00,62,42,107,33,244
2024-03-15 06:40:00,0,58,109,62,229
2024-03-15 06:50:00,0,66,113,65,244
2024-03-15 07:00:00,0,56,112,56,224
2024-03-15 07:10:00,0,48,99,52,199
2024-03-15 07:20:00,0,89,140,86,315
2024-03-15 07:30:00,0,87,114,71,272
2024-03-15 07:40:00,0,148,97,104,349
2024-03-15 07:50:00,0,86,75,80,241
2024-03-15 08:00:00,0,59,72,55,186
2024-03-15 08:10:00,12,57,57,62,188
2024-03-15 08:20:00,43,74,84,72,273
2024-03-15 08:30:00,68,78,107,66,319
2024-03-15 08:40:00,66,85,79,89,319
2024-03-15 08:50:00,15,106,87,86,294
2024-03-15 09:00:00,45,72,69,63,249
2024-03-15 09:10:00,66,61,76,64,267
2024-03-15 09:20:00,37,53,79,52,221
2024-03-15 09:30:00,34,72,69,64,239
2024-03-15 09:40:00,60,84,93,80,317
2024-03-15 09:50:00,41,58,73,56,228
2024-03-15 10:00:00,50,70,70,65,255
2024-03-15 10:10:00,42,77,68,72,259
2024-03-15 10:20:00,49,65,83,63,260
2024-03-15 10:30:00,35,88,73,82,278
2024-03-15 10:40:00,44,64,103,68,279
2024-03-15 10:50:00,49,64,75,67,255
2024-03-15 11:00:00,50,71,83,69,273
2024-03-15 11:10:00,53,70,101,69,293
2024-03-15 11:20:00,47,73,68,80,268
2024-03-15 11:30:00,68,60,93,63,284
2024-03-15 11:40:00,59,84,83,73,299
2024-03-15 11:50:00,52,72,84,61,269
2024-03-15 12:00:00,36,96,69,85,286
2024-03-15 12:10:00,62,86,91,83,322
2024-03-15 12:20:00,55,93,82,85,315
2024-03-15 12:30:00,55,93,81,84,313
2024-03-15 12:40:00,46,101,83,92,322
2024-03-15 12:50:00,38,106,94,105,343
2024-03-15 13:00:00,78,105,119,100,402
2024-03-15 13:10:00,79,100,117,97,393
2024-03-15 13:20:00,82,138,117,129,466
2024-03-15 13:30:00,81,131,101,129,442
2024-03-15 13:40:00,42,109,79,113,343
2024-03-15 13:50:00,26,98,81,99,304
2024-03-15 14:00:00,30,102,86,108,326
2024-03-15 14:10:00,38,101,92,107,338
2024-03-15 14:20:00,56,119,106,119,400
2024-03-15 14:30:00,62,143,95,142,442
2024-03-15 14:40:00,56,104,100,109,369
2024-03-15 14:50:00,36,107,76,110,329
2024-03-15 15:00:00,39,125,88,124,376
2024-03-15 15:10:00,28,114,78,115,335
2024-03-15 15:20:00,39,115,84,111,349
2024-03-15 15:30:00,39,120,86,118,363
2024-03-15 15:40:00,39,114,89,119,361
2024-03-15 15:50:00,29,134,82,120,365
2024-03-15 16:00:00,27,131,67,124,349
2024-03-15 16:10:00,57,114,86,113,370
2024-03-15 16:20:00,61,138,79,138,416
2024-03-15 16:30:00,67,118,106,110,401
2024-03-15 16:40:00,68,102,88,110,368
2024-03-15 16:50:00,46,96,78,98,318
2024-03-15 17:00:00,71,123,87,109,390
2024-03-15 17:10:00,75,90,91,101,357
2024-03-15 17:20:00,99,120,118,110,447
2024-03-15 17:30:00,56,117,83,123,379
2024-03-15 17:40:00,57,109,86,103,355
2024-03-15 17:50:00,20,133,95,112,360
2024-03-15 18:00:00,81,126,100,126,433
2024-03-15 18:10:00,77,87,89,80,333
2024-03-15 18:20:00,82,118,91,110,401
2024-03-15 18:30:00,86,106,95,85,372
2024-03-15 18:40:00,78,97,79,91,345
2024-03-15 18:50:00,71,99,73,88,331
2024-03-15 19:00:00,65,89,64,78,296
2024-03-15 19:10:00,54,80,55,74,263
2024-03-15 19:20:00,37,73,38,58,206
2024-03-15 19:30:00,54,92,55,68,269
2024-03-15 19:40:00,47,62,44,52,205
2024-03-15 19:50:00,47,53,46,49,195
2024-03-15 20:00:00,45,66,45,53,209
2024-03-15 20:10:00,28,51,28,49,156
2024-03-15 20:20:00,31,56,38,52,177
2024-03-15 20:30:00,32,41,36,36,145
2024-03-15 20:40:00,37,43,36,37,153
2024-03-15 20:50:00,42,62,41,58,203
2024-03-15 21:00:00,43,41,46,35,165
2024-03-15 21:10:00,29,51,29,49,158
2024-03-15 21:20:00,25,56,25,52,158
2024-03-15 21:30:00,26,43,27,41,137
2024-03-15 21:40:00,34,37,34,32,137
2024-03-15 21:50:00,25,46,26,42,139
2024-03-15 22:00:00,28,42,28,33,131
2024-03-15 22:10:00,26,47,28,34,135
2024-03-15 22:20:00,26,55,26,41,148
2024-03-15 22:30:00,21,41,23,35,120
2024-03-15 22:40:00,26,34,26,26,112
2024-03-15 22:50:00,21,48,21,41,131
2024-03-15 23:00:00,23,51,24,39,137
2024-03-15 23:10:00,24,37,25,32,118
2024-03-15 23:20:00,18,28,18,21,85
2024-03-15 23:30:00,13,35,13,30,91
2024-03-15 23:40:00,14,23,13,21,71
2024-03-15 23:50:00,14,34,14,28,90
2024-03-16 00:00:00,18,18,18,16,70
2024-03-16 00:10:00,11,28,12,21,72
2024-03-16 00:20:00,8,15,8,10,41
2024-03-16 00:30:00,12,22,12,15,61
2024-03-16 00:40:00,6,18,6,18,48
2024-03-16 00:50:00,10,10,10,8,38
2024-03-16 01:00:00,8,13,8,9,38
2024-03-16 01:10:00,5,7,5,5,22
2024-03-16 01:20:00,6,9,6,9,30
2024-03-16 01:30:00,8,11,8,12,39
2024-03-16 01:40:00,6,3,7,3,19
2024-03-16 01:50:00,4,5,4,5,18
2024-03-16 02:00:00,7,9,8,9,33
2024-03-16 02:10:00,4,10,4,9,27
2024-03-16 02:20:00,8,5,8,7,28
2024-03-16 02:30:00,6,2,6,2,16
2024-03-16 02:40:00,4,7,4,7,22
2024-03-16 02:50:00,3,6,3,6,18
2024-03-16 03:00:00,2,4,2,5,13
2024-03-16 03:10:00,3,5,3,5,16
2024-03-16 03:20:00,2,7,2,7,18
2024-03-16 03:30:00,1,3,1,3,8
2024-03-16 03:40:00,2,8,2,5,17
2024-03-16 03:50:00,1,5,1,3,10
2024-03-16 04:00:00,2,7,2,5,16
2024-03-16 04:10:00,3,5,3,5,16
2024-03-16 04:20:00,2,5,2,3,12
2024-03-16 04:30:00,3,2,3,2,10
2024-03-16 04:40:00,2,1,2,1,6
2024-03-16 04:50:00,7,2,7,2,18
2024-03-16 05:00:00,4,5,4,4,17
2024-03-16 05:10:00,8,5,8,6,27
2024-03-16 05:20:00,10,3,12,2,27
2024-03-16 05:30:00,11,2,13,2,28
2024-03-16 05:40:00,10,5,11,5,31
2024-03-16 05:50:00,8,7,8,7,30
2024-03-16 06:00:00,4,9,5,10,28
2024-03-16 06:10:00,20,13,20,11,64
2024-03-16 06:20:00,17,15,15,16,63
2024-03-16 06:30:00,13,10,16,11,50
2024-03-16 06:40:00,14,11,14,12,51
2024-03-16 06:50:00,16,11,17,11,55
2024-03-16 07:00:00,15,12,15,12,54
2024-03-16 07:10:00,10,14,22,17,63
2024-03-16 07:20:00,0,21,18,22,61
2024-03-16 07:30:00,0,20,28,21,69
2024-03-16 07:40:00,2,20,26,22,70
2024-03-16 07:50:00,17,18,27,19,81
2024-03-16 08:00:00,25,13,25,13,76
2024-03-16 08:10:00,33,23,34,25,115
2024-03-16 08:20:00,18,25,31,30,104
2024-03-16 08:30:00,35,37,49,37,158
2024-03-16 08:40:00,31,34,54,31,150
2024-03-16 08:50:00,31,42,49,43,165
2024-03-16 09:00:00,26,51,46,51,174
2024-03-16 09:10:00,34,42,57,43,176
2024-03-16 09:20:00,46,48,72,45,211
2024-03-16 09:30:00,42,55,57,55,209
2024-03-16 09:40:00,56,75,84,77,292
2024-03-16 09:50:00,65,41,66,39,211
2024-03-16 10:00:00,37,60,48,62,207
2024-03-16 10:10:00,63,69,68,67,267
2024-03-16 10:20:00,52,52,79,50,233
2024-03-16 10:30:00,50,60,70,56,236
2024-03-16 10:40:00,33,68,64,72,237
2024-03-16 10:50:00,58,42,72,44,216
2024-03-16 11:00:00,60,58,75,59,252
2024-03-16 11:10:00,57,63,71,65,256
2024-03-16 11:20:00,80,71,83,76,310
2024-03-16 11:30:00,39,81,56,85,261
2024-03-16 11:40:00,24,86,80,94,284
2024-03-16 11:50:00,52,73,74,74,273
2024-03-16 12:00:00,63,91,83,95,332
2024-03-16 12:10:00,80,92,94,96,362
2024-03-16 12:20:00,53,82,66,86,287
2024-03-16 12:30:00,70,75,90,83,318
2024-03-16 12:40:00,69,85,80,87,321
2024-03-16 12:50:00,70,82,86,87,325
2024-03-16 13:00:00,55,90,81,97,323
2024-03-16 13:10:00,87,104,98,111,400
2024-03-16 13:20:00,69,88,84,97,338
2024-03-16 13:30:00,74,80,90,93,337
2024-03-16 13:40:00,82,86,87,99,354
2024-03-16 13:50:00,65,86,85,101,337
2024-03-16 14:00:00,55,99,79,107,340
2024-03-16 14:10:00,77,93,92,100,362
2024-03-16 14:20:00,71,105,111,123,410
2024-03-16 14:30:00,69,133,106,125,433
2024-03-16 14:40:00,56,82,91,98,327
2024-03-16 14:50:00,48,84,67,81,280
2024-03-16 15:00:00,40,77,62,82,261
2024-03-16 15:10:00,39,62,68,63,232
2024-03-16 15:20:00,41,71,70,69,251
2024-03-16 15:30:00,37,79,62,79,257
2024-03-16 15:40:00,44,68,70,71,253
2024-03-16 15:50:00,38,60,61,61,220
2024-03-16 16:00:00,30,92,66,84,272
2024-03-16 16:10:00,36,63,67,62,228
2024-03-16 16:20:00,52,75,74,79,280
2024-03-16 16:30:00,49,80,58,79,266
2024-03-16 16:40:00,61,51,68,56,236
2024-03-16 16:50:00,41,56,64,57,218
2024-03-16 17:00:00,55,65,73,65,258
2024-03-16 17:10:00,46,62,55,59,222
2024-03-16 17:20:00,72,81,92,84,329
2024-03-16 17:30:00,60,72,69,79,280
2024-03-16 17:40:00,63,99,74,106,342
2024-03-16 17:50:00,65,48,83,46,242
2024-03-16 18:00:00,77,45,87,51,260
2024-03-16 18:10:00,76,126,81,130,413
2024-03-16 18:20:00,61,81,63,90,295
2024-03-16 18:30:00,58,80,59,81,278
2024-03-16 18:40:00,63,86,69,91,309
2024-03-16 18:50:00,67,69,67,69,272
2024-03-16 19:00:00,44,68,49,65,226
2024-03-16 19:10:00,66,72,67,73,278
2024-03-16 19:20:00,46,64,46,60,216
2024-03-16 19:30:00,50,52,54,50,206
2024-03-16 19:40:00,36,58,36,55,185
2024-03-16 19:50:00,36,41,36,39,152
2024-03-16 20:00:00,40,48,40,47,175
2024-03-16 20:10:00,33,37,36,40,146
2024-03-16 20:20:00,38,46,38,43,165
2024-03-16 20:30:00,31,32,31,32,126
2024-03-16 20:40:00,21,37,21,35,114
2024-03-16 20:50:00,28,46,28,49,151
2024-03-16 21:00:00,30,36,31,33,130
2024-03-16 21:10:00,18,42,18,41,119
2024-03-16 21:20:00,26,43,26,45,140
2024-03-16 21:30:00,36,28,37,32,133
2024-03-16 21:40:00,32,39,33,39,143
2024-03-16 21:50:00,28,28,28,25,109
2024-03-16 22:00:00,25,46,26,44,141
2024-03-16 22:10:00,31,36,31,36,134
2024-03-16 22:20:00,21,43,21,42,127
2024-03-16 22:30:00,25,34,26,35,120
2024-03-16 22:40:00,23,34,24,37,118
2024-03-16 22:50:00,22,35,23,31,111
2024-03-16 23:00:00,12,38,12,43,105
2024-03-16 23:10:00,18,29,18,34,99
2024-03-16 23:20:00,14,33,14,32,93
2024-03-16 23:30:00,13,28,13,28,82
2024-03-16 23:40:00,19,32,19,33,103
2024-03-16 23:50:00,19,28,20,29,96
2024-03-17 00:00:00,17,30,17,29,93
2024-03-17 00:10:00,16,19,16,19,70
2024-03-17 00:20:00,14,24,14,25,77
2024-03-17 00:30:00,10,19,10,19,58
2024-03-17 00:40:00,9,17,9,16,51
2024-03-17 00:50:00,8,14,8,13,43
2024-03-17 01:00:00,10,29,10,29,78
2024-03-17 01:10:00,6,17,7,18,48
2024-03-17 01:20:00,8,15,8,15,46
2024-03-17 01:30:00,6,13,6,13,38
2024-03-17 01:40:00,9,16,9,16,50
2024-03-17 01:50:00,4,7,4,7,22
2024-03-17 02:00:00,5,7,5,7,24
2024-03-17 02:10:00,2,8,2,7,19
2024-03-17 02:20:00,2,12,2,13,29
2024-03-17 02:30:00,2,7,2,7,18
2024-03-17 02:40:00,3,10,3,10,26
2024-03-17 02:50:00,4,7,4,8,23
2024-03-17 03:00:00,2,3,2,3,10
2024-03-17 03:10:00,2,3,2,3,10
2024-03-17 03:20:00,5,8,5,9,27
2024-03-17 03:30:00,1,5,1,5,12
2024-03-17 03:40:00,2,8,2,8,20
2024-03-17 03:50:00,3,5,3,5,16
2024-03-17 04:00:00,1,3,1,3,8
2024-03-17 04:10:00,6,2,6,3,17
2024-03-17 04:20:00,1,3,1,3,8
2024-03-17 04:30:00,2,3,2,2,9
2024-03-17 04:40:00,3,2,3,2,10
2024-03-17 04:50:00,3,6,3,6,18
2024-03-17 05:00:00,4,3,5,3,15
2024-03-17 05:10:00,1,4,1,4,10
2024-03-17 05:20:00,5,6,5,6,22
2024-03-17 05:30:00,6,7,7,7,27
2024-03-17 05:40:00,7,5,7,5,24
2024-03-17 05:50:00,5,8,5,8,26
2024-03-17 06:00:00,4,2,4,2,12
2024-03-17 06:10:00,7,6,7,6,26
2024-03-17 06:20:00,5,12,5,12,34
2024-03-17 06:30:00,1,4,6,3,14
2024-03-17 06:40:00,0,4,5,6,15
2024-03-17 06:50:00,0,8,3,7,18
2024-03-17 07:00:00,0,4,3,5,12
2024-03-17 07:10:00,3,17,14,17,51
2024-03-17 07:20:00,0,10,7,10,27
2024-03-17 07:30:00,0,8,5,7,20
2024-03-17 07:40:00,0,11,10,11,32
2024-03-17 07:50:00,0,15,12,15,42
2024-03-17 08:00:00,0,21,11,16,48
2024-03-17 08:10:00,0,17,6,15,38
2024-03-17 08:20:00,0,27,7,25,59
2024-03-17 08:30:00,0,26,21,23,70
2024-03-17 08:40:00,0,49,16,42,107
2024-03-17 08:50:00,0,41,31,38,110
2024-03-17 09:00:00,0,26,27,21,74
2024-03-17 09:10:00,0,25,37,23,85
2024-03-17 09:20:00,0,39,35,33,107
2024-03-17 09:30:00,1,58,30,47,136
2024-03-17 09:40:00,9,49,60,44,162
2024-03-17 09:50:00,21,52,51,48,172
2024-03-17 10:00:00,12,58,38,58,166
2024-03-17 10:10:00,13,39,40,39,131
2024-03-17 10:20:00,15,43,50,42,150
2024-03-17 10:30:00,16,66,44,57,183
2024-03-17 10:40:00,10,67,49,59,185
2024-03-17 10:50:00,19,60,57,60,196
2024-03-17 11:00:00,12,67,33,60,172
2024-03-17 11:10:00,22,68,62,70,222
2024-03-17 11:20:00,20,75,55,69,219
2024-03-17 11:30:00,16,63,44,64,187
2024-03-17 11:40:00,13,69,52,68,202
2024-03-17 11:50:00,19,57,60,60,196
2024-03-17 12:00:00,15,78,50,63,206
2024-03-17 12:10:00,27,85,62,78,252
2024-03-17 12:20:00,28,67,58,70,223
2024-03-17 12:30:00,22,79,52,80,233
2024-03-17 12:40:00,22,111,57,89,279
2024-03-17 12:50:00,14,64,44,65,187
2024-03-17 13:00:00,18,54,56,50,178
2024-03-17 13:10:00,19,88,71,82,260
2024-03-17 13:20:00,24,86,67,78,255
2024-03-17 13:30:00,20,94,55,86,255
2024-03-17 13:40:00,27,88,81,78,274
2024-03-17 13:50:00,22,109,60,96,287
2024-03-17 14:00:00,21,74,59,62,216
2024-03-17 14:10:00,19,85,67,75,246
2024-03-17 14:20:00,14,83,62,82,241
2024-03-17 14:30:00,25,95,66,101,287
2024-03-17 14:40:00,26,95,71,95,287
2024-03-17 14:50:00,21,69,85,67,242
2024-03-17 15:00:00,30,91,60,90,271
2024-03-17 15:10:00,33,87,75,84,279
2024-03-17 15:20:00,28,80,67,73,248
2024-03-17 15:30:00,30,70,63,64,227
2024-03-17 15:40:00,28,80,65,76,249
2024-03-17 15:50:00,20,90,58,78,246
2024-03-17 16:00:00,28,53,64,56,201
2024-03-17 16:10:00,13,76,50,71,210
2024-03-17 16:20:00,24,74,71,72,241
2024-03-17 16:30:00,43,60,93,63,259
2024-03-17 16:40:00,32,70,81,71,254
2024-03-17 16:50:00,46,61,62,60,229
2024-03-17 17:00:00,69,72,87,70,298
2024-03-17 17:10:00,65,55,103,59,282
2024-03-17 17:20:00,49,54,94,57,254
2024-03-17 17:30:00,28,71,92,76,267
2024-03-17 17:40:00,49,80,107,84,320
2024-03-17 17:50:00,51,49,102,53,255
2024-03-17 18:00:00,58,62,91,66,277
2024-03-17 18:10:00,54,67,70,59,250
2024-03-17 18:20:00,62,72,64,64,262
2024-03-17 18:30:00,56,75,57,62,250
2024-03-17 18:40:00,57,85,60,75,277
2024-03-17 18:50:00,59,43,59,38,199
2024-03-17 19:00:00,50,63,51,56,220
2024-03-17 19:10:00,44,53,44,48,189
2024-03-17 19:20:00,61,61,62,49,233
2024-03-17 19:30:00,52,67,54,60,233
2024-03-17 19:40:00,42,43,43,39,167
2024-03-17 19:50:00,63,54,63,50,230
2024-03-17 20:00:00,51,38,51,37,177
2024-03-17 20:10:00,41,65,43,55,204
2024-03-17 20:20:00,35,54,36,52,177
2024-03-17 20:30:00,35,54,36,46,171
2024-03-17 20:40:00,36,47,37,45,165
2024-03-17 20:50:00,26,36,26,36,124
2024-03-17 21:00:00,28,47,28,36,139
2024-03-17 21:10:00,30,43,30,37,140
2024-03-17 21:20:00,22,31,25,30,108
2024-03-17 21:30:00,26,28,27,27,108
2024-03-17 21:40:00,23,27,24,25,99
2024-03-17 21:50:00,20,22,20,19,81
2024-03-17 22:00:00,15,48,16,40,119
2024-03-17 22:10:00,18,30,19,25,92
2024-03-17 22:20:00,18,29,18,22,87
2024-03-17 22:30:00,9,30,9,26,74
2024-03-17 22:40:00,7,23,7,24,61
2024-03-17 22:50:00,10,9,10,10,39
2024-03-17 23:00:00,8,16,8,17,49
2024-03-17 23:10:00,3,12,3,12,30
2024-03-17 23:20:00,7,9,7,10,33
2024-03-17 23:30:00,10,8,11,10,39
2024-03-17 23:40:00,3,8,4,8,23
2024-03-17 23:50:00,6,6,6,7,25
2024-03-18 00:00:00,3,7,3,7,20
2024-03-18 00:10:00,1,5,2,5,13
2024-03-18 00:20:00,4,3,4,3,14
2024-03-18 00:30:00,4,7,4,7,22
2024-03-18 00:40:00,2,6,2,6,16
2024-03-18 00:50:00,3,2,3,2,10
2024-03-18 01:00:00,1,5,1,8,15
2024-03-18 01:10:00,2,3,2,3,10
2024-03-18 01:20:00,1,1,1,1,4
2024-03-18 01:30:00,0,3,0,2,5
2024-03-18 01:40:00,0,2,0,2,4
2024-03-18 01:50:00,2,1,2,1,6
2024-03-18 02:00:00,1,2,1,2,6
2024-03-18 02:10:00,3,0,3,0,6
2024-03-18 02:20:00,2,1,2,1,6
2024-03-18 02:30:00,1,4,1,3,9
2024-03-18 02:40:00,1,2,1,2,6
2024-03-18 02:50:00,0,1,0,1,2
2024-03-18 03:00:00,1,1,1,0,3
2024-03-18 03:10:00,1,1,1,1,4
2024-03-18 03:20:00,2,2,2,2,8
2024-03-18 03:30:00,2,4,2,4,12
2024-03-18 03:40:00,4,3,4,2,13
2024-03-18 03:50:00,3,3,3,3,12
2024-03-18 04:00:00,3,0,3,0,6
2024-03-18 04:10:00,1,1,1,1,4
2024-03-18 04:20:00,4,4,4,5,17
2024-03-18 04:30:00,8,4,8,4,24
2024-03-18 04:40:00,11,3,11,3,28
2024-03-18 04:50:00,11,5,10,5,31
2024-03-18 05:00:00,13,7,13,8,41
2024-03-18 05:10:00,18,10,18,10,56
2024-03-18 05:20:00,36,18,36,18,108
2024-03-18 05:30:00,38,14,39,15,106
2024-03-18 05:40:00,51,13,50,15,129
2024-03-18 05:50:00,54,20,54,20,148
2024-03-18 06:00:00,64,41,66,25,196
2024-03-18 06:10:00,76,30,78,31,215
2024-03-18 06:20:00,84,47,84,44,259
2024-03-18 06:30:00,90,58,96,63,307
2024-03-18 06:40:00,127,60,129,56,372
2024-03-18 06:50:00,131,51,132,51,365
2024-03-18 07:00:00,134,71,144,69,418
2024-03-18 07:10:00,140,75,154,77,446
2024-03-18 07:20:00,129,81,136,74,420
2024-03-18 07:30:00,128,84,141,89,442
2024-03-18 07:40:00,111,73,125,69,378
2024-03-18 07:50:00,116,69,128,74,387
2024-03-18 08:00:00,86,79,108,77,350
2024-03-18 08:10:00,83,77,98,83,341
2024-03-18 08:20:00,114,67,124,80,385
2024-03-18 08:30:00,76,66,105,69,316
2024-03-18 08:40:00,111,98,126,94,429
2024-03-18 08:50:00,107,94,128,101,430
2024-03-18 09:00:00,78,67,97,69,311
2024-03-18 09:10:00,74,69,97,65,305
2024-03-18 09:20:00,98,71,115,75,359
2024-03-18 09:30:00,64,61,80,59,264
2024-03-18 09:40:00,80,48,87,51,266
2024-03-18 09:50:00,50,49,64,48,211
2024-03-18 10:00:00,54,61,65,63,243
2024-03-18 10:10:00,35,59,46,61,201
2024-03-18 10:20:00,50,74,66,77,267
2024-03-18 10:30:00,47,52,61,48,208
2024-03-18 10:40:00,55,66,63,70,254
2024-03-18 10:50:00,43,58,47,61,209
2024-03-18 11:00:00,59,58,66,52,235
2024-03-18 11:10:00,53,57,62,49,221
2024-03-18 11:20:00,61,52,59,53,225
2024-03-18 11:30:00,53,38,62,36,189
2024-03-18 11:40:00,39,73,59,69,240
2024-03-18 11:50:00,57,63,66,63,249
2024-03-18 12:00:00,69,59,79,68,275
2024-03-18 12:10:00,65,71,69,72,277
2024-03-18 12:20:00,58,69,68,66,261
2024-03-18 12:30:00,47,68,68,66,249
2024-03-18 12:40:00,42,52,62,52,208
2024-03-18 12:50:00,32,56,56,57,201
2024-03-18 13:00:00,44,71,53,71,239
2024-03-18 13:10:00,59,69,59,73,260
2024-03-18 13:20:00,56,71,66,75,268
2024-03-18 13:30:00,42,67,57,73,239
2024-03-18 13:40:00,53,75,76,79,283
2024-03-18 13:50:00,49,53,63,61,226
2024-03-18 14:00:00,35,75,47,72,229
2024-03-18 14:10:00,39,76,54,71,240
2024-03-18 14:20:00,50,79,63,79,271
2024-03-18 14:30:00,43,86,62,88,279
2024-03-18 14:40:00,33,94,73,88,288
2024-03-18 14:50:00,34,91,53,82,260
2024-03-18 15:00:00,24,110,52,111,297
2024-03-18 15:10:00,25,108,58,114,305
2024-03-18 15:20:00,35,98,69,106,308
2024-03-18 15:30:00,36,93,66,100,295
2024-03-18 15:40:00,52,108,78,113,351
2024-03-18 15:50:00,34,104,68,104,310
2024-03-18 16:00:00,44,134,65,118,361
2024-03-18 16:10:00,49,120,67,112,348
2024-03-18 16:20:00,52,119,89,125,385
2024-03-18 16:30:00,51,98,83,101,333
2024-03-18 16:40:00,74,106,81,107,368
2024-03-18 16:50:00,75,111,82,116,384
2024-03-18 17:00:00,78,95,86,104,363
2024-03-18 17:10:00,62,95,70,89,316
2024-03-18 17:20:00,58,90,78,99,325
2024-03-18 17:30:00,51,115,84,110,360
2024-03-18 17:40:00,38,110,69,106,323
2024-03-18 17:50:00,47,86,57,81,271
2024-03-18 18:00:00,61,104,77,110,352
2024-03-18 18:10:00,55,89,56,82,282
2024-03-18 18:20:00,70,113,77,92,352
2024-03-18 18:30:00,55,94,51,86,286
2024-03-18 18:40:00,47,95,56,88,286
2024-03-18 18:50:00,49,109,50,89,297
2024-03-18 19:00:00,47,66,52,60,225
2024-03-18 19:10:00,56,69,59,57,241
2024-03-18 19:20:00,52,70,51,60,233
2024-03-18 19:30:00,34,47,34,41,156
2024-03-18 19:40:00,41,55,40,52,188
2024-03-18 19:50:00,28,44,28,42,142
2024-03-18 20:00:00,21,34,22,31,108
2024-03-18 20:10:00,28,50,28,40,146
2024-03-18 20:20:00,16,27,17,28,88
2024-03-18 20:30:00,24,23,23,24,94
2024-03-18 20:40:00,27,27,27,22,103
2024-03-18 20:50:00,10,51,10,46,117
2024-03-18 21:00:00,25,43,26,36,130
2024-03-18 21:10:00,33,49,35,41,158
2024-03-18 21:20:00,12,31,10,26,79
2024-03-18 21:30:00,25,32,26,29,112
2024-03-18 21:40:00,18,31,18,27,94
2024-03-18 21:50:00,15,33,17,31,96
2024-03-18 22:00:00,11,37,11,28,87
2024-03-18 22:10:00,13,28,14,25,80
2024-03-18 22:20:00,10,44,10,35,99
2024-03-18 22:30:00,10,16,11,18,55
2024-03-18 22:40:00,11,36,10,25,82
2024-03-18 22:50:00,5,12,5,8,30
2024-03-18 23:00:00,8,12,8,12,40
2024-03-18 23:10:00,11,23,11,17,62
2024-03-18 23:20:00,10,10,10,9,39
2024-03-18 23:30:00,9,14,9,12,44
2024-03-18 23:40:00,3,12,3,11,29
2024-03-18 23:50:00,2,10,2,8,22
2024-03-19 00:00:00,1,10,1,6,18
2024-03-19 00:10:00,3,12,3,10,28
2024-03-19 00:20:00,2,2,2,2,8
2024-03-19 00:30:00,1,8,1,8,18
2024-03-19 00:40:00,2,2,2,2,8
2024-03-19 00:50:00,3,4,3,4,14
2024-03-19 01:00:00,3,1,3,1,8
2024-03-19 01:10:00,2,6,2,4,14
2024-03-19 01:20:00,1,2,1,3,7
2024-03-19 01:30:00,1,3,1,2,7
2024-03-19 01:40:00,0,3,0,2,5
2024-03-19 01:50:00,1,5,1,3,10
2024-03-19 02:00:00,0,0,0,0,0
2024-03-19 02:10:00,3,4,3,4,14
2024-03-19 02:20:00,0,1,0,1,2
2024-03-19 02:30:00,0,2,0,3,5
2024-03-19 02:40:00,0,0,0,0,0
2024-03-19 02:50:00,0,2,0,2,4
2024-03-19 03:00:00,1,1,1,1,4
2024-03-19 03:10:00,1,1,1,1,4
2024-03-19 03:20:00,3,3,3,2,11
2024-03-19 03:30:00,0,2,0,2,4
2024-03-19 03:40:00,3,0,3,0,6
2024-03-19 03:50:00,0,1,0,1,2
2024-03-19 04:00:00,1,0,1,0,2
2024-03-19 04:10:00,3,3,3,3,12
2024-03-19 04:20:00,3,5,3,6,17
2024-03-19 04:30:00,6,6,6,4,22
2024-03-19 04:40:00,7,6,7,5,25
2024-03-19 04:50:00,6,4,7,3,20
2024-03-19 05:00:00,8,7,9,9,33
2024-03-19 05:10:00,15,15,15,14,59
2024-03-19 05:20:00,29,23,29,15,96
2024-03-19 05:30:00,42,23,41,17,123
2024-03-19 05:40:00,43,17,42,12,114
2024-03-19 05:50:00,46,21,48,18,133
2024-03-19 06:00:00,62,23,62,20,167
2024-03-19 06:10:00,76,32,76,29,213
2024-03-19 06:20:00,93,51,96,52,292
2024-03-19 06:30:00,99,35,104,39,277
2024-03-19 06:40:00,120,56,131,59,366
2024-03-19 06:50:00,117,59,119,60,355
2024-03-19 07:00:00,121,44,125,50,340
2024-03-19 07:10:00,132,86,154,83,455
2024-03-19 07:20:00,112,100,132,107,451
2024-03-19 07:30:00,111,75,130,77,393
2024-03-19 07:40:00,110,74,124,76,384
2024-03-19 07:50:00,109,85,133,88,415
2024-03-19 08:00:00,93,72,114,79,358
2024-03-19 08:10:00,103,97,134,90,424
2024-03-19 08:20:00,85,89,110,89,373
2024-03-19 08:30:00,84,96,104,88,372
2024-03-19 08:40:00,90,85,111,81,367
2024-03-19 08:50:00,58,107,84,101,350
2024-03-19 09:00:00,69,68,96,65,298
2024-03-19 09:10:00,60,81,91,76,308
2024-03-19 09:20:00,55,81,74,74,284
2024-03-19 09:30:00,58,71,77,67,273
2024-03-19 09:40:00,67,55,87,58,267
2024-03-19 09:50:00,61,57,87,54,259
2024-03-19 10:00:00,51,80,66,67,264
2024-03-19 10:10:00,49,62,67,56,234
2024-03-19 10:20:00,33,67,56,65,221
2024-03-19 10:30:00,39,76,67,69,251
2024-03-19 10:40:00,31,55,52,61,199
2024-03-19 10:50:00,47,62,68,58,235
2024-03-19 11:00:00,34,54,67,56,211
2024-03-19 11:10:00,28,60,47,54,189
2024-03-19 11:20:00,35,64,60,63,222
2024-03-19 11:30:00,42,59,67,52,220
2024-03-19 11:40:00,35,64,51,60,210
2024-03-19 11:50:00,33,49,67,48,197
2024-03-19 12:00:00,32,60,62,54,208
2024-03-19 12:10:00,35,65,55,64,219
2024-03-19 12:20:00,22,70,50,68,210
2024-03-19 12:30:00,30,79,60,77,246
2024-03-19 12:40:00,28,86,50,81,245
2024-03-19 12:50:00,22,74,59,68,223
2024-03-19 13:00:00,24,69,56,75,224
2024-03-19 13:10:00,25,81,58,80,244
2024-03-19 13:20:00,25,102,70,92,289
2024-03-19 13:30:00,21,71,62,65,219
2024-03-19 13:40:00,31,65,64,58,218
2024-03-19 13:50:00,26,102,70,93,291
2024-03-19 14:00:00,25,97,61,91,274
2024-03-19 14:10:00,37,89,64,85,275
2024-03-19 14:20:00,37,119,72,110,338
2024-03-19 14:30:00,26,69,58,71,224
2024-03-19 14:40:00,37,96,64,90,287
2024-03-19 14:50:00,32,89,56,87,264
2024-03-19 15:00:00,13,114,49,110,286
2024-03-19 15:10:00,29,122,68,118,337
2024-03-19 15:20:00,32,113,64,110,319
2024-03-19 15:30:00,27,96,73,102,298
2024-03-19 15:40:00,26,112,75,109,322
2024-03-19 15:50:00,42,101,78,104,325
2024-03-19 16:00:00,35,113,72,119,339
2024-03-19 16:10:00,34,138,85,142,399
2024-03-19 16:20:00,30,107,66,109,312
2024-03-19 16:30:00,17,135,68,138,358
2024-03-19 16:40:00,38,118,80,116,352
2024-03-19 16:50:00,87,111,94,117,409
2024-03-19 17:00:00,62,109,69,113,353
2024-03-19 17:10:00,63,107,72,121,363
2024-03-19 17:20:00,76,110,84,113,383
2024-03-19 17:30:00,54,136,73,138,401
2024-03-19 17:40:00,62,109,82,110,363
2024-03-19 17:50:00,58,95,74,99,326
2024-03-19 18:00:00,64,103,80,101,348
2024-03-19 18:10:00,55,99,84,99,337
2024-03-19 18:20:00,48,86,53,93,280
2024-03-19 18:30:00,73,101,75,99,348
2024-03-19 18:40:00,71,93,77,87,328
2024-03-19 18:50:00,53,89,53,70,265
2024-03-19 19:00:00,64,97,68,83,312
2024-03-19 19:10:00,47,84,51,73,255
2024-03-19 19:20:00,52,92,59,79,282
2024-03-19 19:30:00,32,51,34,49,166
2024-03-19 19:40:00,29,63,28,57,177
2024-03-19 19:50:00,26,64,26,59,175
2024-03-19 20:00:00,20,47,22,42,131
2024-03-19 20:10:00,41,63,41,49,194
2024-03-19 20:20:00,33,51,34,50,168
2024-03-19 20:30:00,25,43,25,36,129
2024-03-19 20:40:00,20,54,22,50,146
2024-03-19 20:50:00,27,41,28,35,131
2024-03-19 21:00:00,26,44,26,40,136
2024-03-19 21:10:00,25,45,25,45,140
2024-03-19 21:20:00,33,48,34,40,155
2024-03-19 21:30:00,25,50,25,44,144
2024-03-19 21:40:00,28,34,28,32,122
2024-03-19 21:50:00,19,45,20,37,121
2024-03-19 22:00:00,15,29,15,24,83
2024-03-19 22:10:00,17,33,18,32,100
2024-03-19 22:20:00,17,50,17,40,124
2024-03-19 22:30:00,15,38,16,33,102
2024-03-19 22:40:00,13,26,13,22,74
2024-03-19 22:50:00,6,29,6,25,66
2024-03-19 23:00:00,8,23,8,19,58
2024-03-19 23:10:00,3,12,3,10,28
2024-03-19 23:20:00,8,11,9,8,36
2024-03-19 23:30:00,9,10,9,8,36
2024-03-19 23:40:00,0,12,0,10,22
2024-03-19 23:50:00,8,8,8,6,30
2024-03-20 00:00:00,3,7,3,6,19
2024-03-20 00:10:00,3,2,3,2,10
2024-03-20 00:20:00,3,3,3,3,12
2024-03-20 00:30:00,3,5,3,4,15
2024-03-20 00:40:00,2,16,2,13,33
2024-03-20 00:50:00,5,2,5,2,14
2024-03-20 01:00:00,0,7,0,9,16
2024-03-20 01:10:00,1,0,1,0,2
2024-03-20 01:20:00,1,6,1,5,13
2024-03-20 01:30:00,2,1,2,1,6
2024-03-20 01:40:00,3,2,3,2,10
2024-03-20 01:50:00,2,6,2,6,16
2024-03-20 02:00:00,1,1,1,1,4
2024-03-20 02:10:00,0,0,0,0,0
2024-03-20 02:20:00,0,2,0,2,4
2024-03-20 02:30:00,1,6,1,7,15
2024-03-20 02:40:00,0,1,0,0,1
2024-03-20 02:50:00,3,2,3,4,12
2024-03-20 03:00:00,1,0,1,0,2
2024-03-20 03:10:00,0,2,0,2,4
2024-03-20 03:20:00,2,1,2,1,6
2024-03-20 03:30:00,3,4,3,3,13
2024-03-20 03:40:00,1,2,1,2,6
2024-03-20 03:50:00,0,0,0,0,0
2024-03-20 04:00:00,5,1,5,1,12
2024-03-20 04:10:00,4,1,4,1,10
2024-03-20 04:20:00,3,8,3,9,23
2024-03-20 04:30:00,2,4,2,4,12
2024-03-20 04:40:00,6,4,6,4,20
2024-03-20 04:50:00,5,2,5,3,15
2024-03-20 05:00:00,14,6,14,6,40
2024-03-20 05:10:00,12,15,12,12,51
2024-03-20 05:20:00,29,17,29,15,90
2024-03-20 05:30:00,31,20,32,17,100
2024-03-20 05:40:00,52,14,52,14,132
2024-03-20 05:50:00,48,16,48,14,126
2024-03-20 06:00:00,53,24,53,23,153
2024-03-20 06:10:00,64,39,67,34,204
2024-03-20 06:20:00,24,38,84,38,184
2024-03-20 06:30:00,0,52,116,54,222
2024-03-20 06:40:00,0,48,122,52,222
2024-03-20 06:50:00,0,77,134,74,285
2024-03-20 07:00:00,0,62,118,72,252
2024-03-20 07:10:00,0,68,148,73,289
2024-03-20 07:20:00,0,81,125,90,296
2024-03-20 07:30:00,0,64,123,78,265
2024-03-20 07:40:00,0,79,100,75,254
2024-03-20 07:50:00,0,68,82,84,234
2024-03-20 08:00:00,0,95,88,100,283
2024-03-20 08:10:00,0,73,113,72,258
2024-03-20 08:20:00,0,98,77,87,262
2024-03-20 08:30:00,0,91,106,77,274
2024-03-20 08:40:00,5,101,123,92,321
2024-03-20 08:50:00,31,95,124,76,326
2024-03-20 09:00:00,32,86,85,75,278
2024-03-20 09:10:00,36,105,87,86,314
2024-03-20 09:20:00,34,81,76,74,265
2024-03-20 09:30:00,36,69,64,64,233
2024-03-20 09:40:00,26,63,72,66,227
2024-03-20 09:50:00,22,67,57,72,218
2024-03-20 10:00:00,30,54,58,55,197
2024-03-20 10:10:00,32,63,67,62,224
2024-03-20 10:20:00,21,59,45,63,188
2024-03-20 10:30:00,26,67,67,69,229
2024-03-20 10:40:00,19,62,47,62,190
2024-03-20 10:50:00,18,58,42,60,178
2024-03-20 11:00:00,25,59,47,62,193
2024-03-20 11:10:00,22,62,55,64,203
2024-03-20 11:20:00,26,65,58,67,216
2024-03-20 11:30:00,22,53,61,54,190
2024-03-20 11:40:00,25,61,66,61,213
2024-03-20 11:50:00,22,63,52,67,204
2024-03-20 12:00:00,24,65,51,68,208
2024-03-20 12:10:00,28,71,75,77,251
2024-03-20 12:20:00,21,75,54,76,226
2024-03-20 12:30:00,18,76,48,77,219
2024-03-20 12:40:00,17,94,54,82,247
2024-03-20 12:50:00,24,62,59,61,206
2024-03-20 13:00:00,20,100,69,87,276
2024-03-20 13:10:00,14,82,59,81,236
2024-03-20 13:20:00,15,80,63,79,237
2024-03-20 13:30:00,30,82,76,81,269
2024-03-20 13:40:00,27,91,80,85,283
2024-03-20 13:50:00,13,78,52,73,216
2024-03-20 14:00:00,13,78,50,76,217
2024-03-20 14:10:00,23,92,61,91,267
2024-03-20 14:20:00,16,110,88,105,319
2024-03-20 14:30:00,33,88,76,90,287
2024-03-20 14:40:00,30,81,80,82,273
2024-03-20 14:50:00,21,98,64,100,283
2024-03-20 15:00:00,16,91,54,89,250
2024-03-20 15:10:00,17,112,60,112,301
2024-03-20 15:20:00,19,126,64,130,339
2024-03-20 15:30:00,35,99,97,105,336
2024-03-20 15:40:00,29,126,87,125,367
2024-03-20 15:50:00,19,123,78,127,347
2024-03-20 16:00:00,32,104,73,105,314
2024-03-20 16:10:00,39,110,83,108,340
2024-03-20 16:20:00,33,131,74,132,370
2024-03-20 16:30:00,23,116,80,122,341
2024-03-20 16:40:00,50,130,91,133,404
2024-03-20 16:50:00,51,128,83,136,398
2024-03-20 17:00:00,91,123,108,131,453
2024-03-20 17:10:00,67,118,78,119,382
2024-03-20 17:20:00,68,105,84,114,371
2024-03-20 17:30:00,59,125,96,128,408
2024-03-20 17:40:00,55,90,96,103,344
2024-03-20 17:50:00,50,105,80,112,347
2024-03-20 18:00:00,56,92,92,101,341
2024-03-20 18:10:00,51,103,79,98,331
2024-03-20 18:20:00,70,95,82,89,336
2024-03-20 18:30:00,51,124,54,101,330
2024-03-20 18:40:00,64,85,70,84,303
2024-03-20 18:50:00,47,112,51,89,299
2024-03-20 19:00:00,52,76,54,66,248
2024-03-20 19:10:00,55,78,58,61,252
2024-03-20 19:20:00,48,74,48,65,235
2024-03-20 19:30:00,34,63,36,59,192
2024-03-20 19:40:00,37,54,37,52,180
2024-03-20 19:50:00,27,87,27,79,220
2024-03-20 20:00:00,26,53,26,49,154
2024-03-20 20:10:00,27,58,27,55,167
2024-03-20 20:20:00,28,69,29,63,189
2024-03-20 20:30:00,34,40,34,35,143
2024-03-20 20:40:00,23,51,23,47,144
2024-03-20 20:50:00,20,57,20,53,150
2024-03-20 21:00:00,28,44,27,43,142
2024-03-20 21:10:00,31,31,32,31,125
2024-03-20 21:20:00,26,53,26,46,151
2024-03-20 21:30:00,28,41,29,40,138
2024-03-20 21:40:00,34,43,34,39,150
2024-03-20 21:50:00,19,36,19,32,106
2024-03-20 22:00:00,19,31,20,23,93
2024-03-20 22:10:00,23,41,23,36,123
2024-03-20 22:20:00,21,47,21,38,127
2024-03-20 22:30:00,12,30,13,24,79
2024-03-20 22:40:00,15,46,15,34,110
2024-03-20 22:50:00,16,25,16,18,75
2024-03-20 23:00:00,11,22,11,16,60
2024-03-20 23:10:00,13,29,13,23,78
2024-03-20 23:20:00,12,22,12,18,64
2024-03-20 23:30:00,2,16,2,16,36
2024-03-20 23:40:00,6,14,6,11,37
2024-03-20 23:50:00,4,5,4,4,17
2024-03-21 00:00:00,6,8,6,8,28
2024-03-21 00:10:00,3,10,3,7,23
2024-03-21 00:20:00,2,8,2,5,17
2024-03-21 00:30:00,3,9,3,7,22
2024-03-21 00:40:00,2,3,2,2,9
2024-03-21 00:50:00,1,5,1,4,11
2024-03-21 01:00:00,3,4,3,3,13
2024-03-21 01:10:00,6,6,7,6,25
2024-03-21 01:20:00,2,0,2,0,4
2024-03-21 01:30:00,0,3,0,2,5
2024-03-21 01:40:00,2,2,2,2,8
2024-03-21 01:50:00,2,2,2,2,8
2024-03-21 02:00:00,0,2,0,1,3
2024-03-21 02:10:00,1,1,1,1,4
2024-03-21 02:20:00,1,3,1,3,8
2024-03-21 02:30:00,1,2,1,3,7
2024-03-21 02:40:00,6,2,6,4,18
2024-03-21 02:50:00,1,2,1,2,6
2024-03-21 03:00:00,2,1,2,1,6
2024-03-21 03:10:00,0,4,0,6,10
2024-03-21 03:20:00,1,2,1,1,5
2024-03-21 03:30:00,1,2,1,2,6
2024-03-21 03:40:00,3,3,3,3,12
2024-03-21 03:50:00,1,1,1,1,4
2024-03-21 04:00:00,5,1,5,1,12
2024-03-21 04:10:00,3,1,3,2,9
2024-03-21 04:20:00,3,6,3,7,19
2024-03-21 04:30:00,5,5,5,4,19
2024-03-21 04:40:00,3,4,3,2,12
2024-03-21 04:50:00,5,5,5,4,19
2024-03-21 05:00:00,12,4,12,4,32
2024-03-21 05:10:00,18,15,18,15,66
2024-03-21 05:20:00,28,14,28,12,82
2024-03-21 05:30:00,30,20,30,16,96
2024-03-21 05:40:00,44,14,43,12,113
2024-03-21 05:50:00,37,22,39,19,117
2024-03-21 06:00:00,53,19,53,19,144
2024-03-21 06:10:00,67,26,70,25,188
2024-03-21 06:20:00,58,46,66,43,213
2024-03-21 06:30:00,91,48,108,53,300
2024-03-21 06:40:00,67,47,109,51,274
2024-03-21 06:50:00,19,64,118,67,268
2024-03-21 07:00:00,5,59,128,67,259
2024-03-21 07:10:00,3,73,144,65,285
2024-03-21 07:20:00,29,102,121,83,335
2024-03-21 07:30:00,27,73,130,74,304
2024-03-21 07:40:00,28,100,111,98,337
2024-03-21 07:50:00,3,82,130,89,304
2024-03-21 08:00:00,27,77,99,77,280
2024-03-21 08:10:00,33,78,104,82,297
2024-03-21 08:20:00,28,122,90,109,349
2024-03-21 08:30:00,49,86,105,77,317
2024-03-21 08:40:00,51,89,102,81,323
2024-03-21 08:50:00,24,69,96,72,261
2024-03-21 09:00:00,27,91,72,86,276
2024-03-21 09:10:00,2,78,69,70,219
2024-03-21 09:20:00,18,71,71,72,232
2024-03-21 09:30:00,15,83,60,79,237
2024-03-21 09:40:00,27,69,64,69,229
2024-03-21 09:50:00,22,57,64,71,214
2024-03-21 10:00:00,18,69,54,71,212
2024-03-21 10:10:00,19,53,35,57,164
2024-03-21 10:20:00,13,71,37,75,196
2024-03-21 10:30:00,21,53,36,56,166
2024-03-21 10:40:00,17,59,47,58,181
2024-03-21 10:50:00,33,57,65,62,217
2024-03-21 11:00:00,17,57,53,63,190
2024-03-21 11:10:00,18,56,67,61,202
2024-03-21 11:20:00,19,64,60,59,202
2024-03-21 11:30:00,28,80,67,78,253
2024-03-21 11:40:00,26,65,76,67,234
2024-03-21 11:50:00,21,73,63,70,227
2024-03-21 12:00:00,11,73,55,73,212
2024-03-21 12:10:00,16,65,64,71,216
2024-03-21 12:20:00,17,78,53,74,222
2024-03-21 12:30:00,19,64,47,69,199
2024-03-21 12:40:00,44,74,59,70,247
2024-03-21 12:50:00,64,69,64,70,267
2024-03-21 13:00:00,55,90,55,91,291
2024-03-21 13:10:00,60,95,69,94,318
2024-03-21 13:20:00,55,90,74,82,301
2024-03-21 13:30:00,50,70,70,73,263
2024-03-21 13:40:00,49,100,62,88,299
2024-03-21 13:50:00,48,84,76,82,290
2024-03-21 14:00:00,63,89,51,92,295
2024-03-21 14:10:00,62,75,73,76,286
2024-03-21 14:20:00,58,86,65,85,294
2024-03-21 14:30:00,56,78,84,84,302
2024-03-21 14:40:00,39,102,72,105,318
2024-03-21 14:50:00,45,85,76,89,295
2024-03-21 15:00:00,24,118,57,117,316
2024-03-21 15:10:00,19,117,54,115,305
2024-03-21 15:20:00,41,91,78,95,305
2024-03-21 15:30:00,33,111,72,119,335
2024-03-21 15:40:00,39,112,90,122,363
2024-03-21 15:50:00,57,112,90,114,373
2024-03-21 16:00:00,50,113,76,124,363
2024-03-21 16:10:00,51,115,76,112,354
2024-03-21 16:20:00,49,112,90,115,366
2024-03-21 16:30:00,48,122,74,124,368
2024-03-21 16:40:00,56,118,78,117,369
2024-03-21 16:50:00,47,133,65,131,376
2024-03-21 17:00:00,75,96,81,103,355
2024-03-21 17:10:00,83,121,92,127,423
2024-03-21 17:20:00,77,105,81,98,361
2024-03-21 17:30:00,76,117,80,119,392
2024-03-21 17:40:00,71,107,72,109,359
2024-03-21 17:50:00,80,98,85,100,363
2024-03-21 18:00:00,73,118,84,123,398
2024-03-21 18:10:00,72,83,80,90,325
2024-03-21 18:20:00,60,108,64,105,337
2024-03-21 18:30:00,63,106,64,88,321
2024-03-21 18:40:00,60,99,65,88,312
2024-03-21 18:50:00,59,95,66,82,302
2024-03-21 19:00:00,64,114,71,100,349
2024-03-21 19:10:00,57,97,61,93,308
2024-03-21 19:20:00,39,69,38,64,210
2024-03-21 19:30:00,45,67,46,63,221
2024-03-21 19:40:00,32,69,36,62,199
2024-03-21 19:50:00,35,49,34,48,166
2024-03-21 20:00:00,37,63,39,59,198
2024-03-21 20:10:00,33,55,31,47,166
2024-03-21 20:20:00,19,43,20,35,117
2024-03-21 20:30:00,22,45,25,42,134
2024-03-21 20:40:00,30,69,30,51,180
2024-03-21 20:50:00,46,42,46,38,172
2024-03-21 21:00:00,22,51,21,42,136
2024-03-21 21:10:00,29,47,29,42,147
2024-03-21 21:20:00,30,37,30,38,135
2024-03-21 21:30:00,30,32,29,31,122
2024-03-21 21:40:00,28,35,33,33,129
2024-03-21 21:50:00,22,31,22,31,106
2024-03-21 22:00:00,29,41,33,34,137
2024-03-21 22:10:00,22,41,22,34,119
2024-03-21 22:20:00,15,44,20,41,120
2024-03-21 22:30:00,14,38,15,31,98
2024-03-21 22:40:00,19,35,20,29,103
2024-03-21 22:50:00,14,29,14,23,80
2024-03-21 23:00:00,12,26,12,25,75
2024-03-21 23:10:00,10,34,10,28,82
2024-03-21 23:20:00,9,27,9,18,63
2024-03-21 23:30:00,8,17,8,13,46
2024-03-21 23:40:00,7,12,7,13,39
2024-03-21 23:50:00,6,8,6,7,27
2024-03-22 00:00:00,8,20,8,16,52
2024-03-22 00:10:00,6,8,6,6,26
2024-03-22 00:20:00,7,8,7,7,29
2024-03-22 00:30:00,0,9,0,8,17
2024-03-22 00:40:00,0,7,0,7,14
2024-03-22 00:50:00,2,5,2,4,13
2024-03-22 01:00:00,0,3,0,3,6
2024-03-22 01:10:00,0,2,0,2,4
2024-03-22 01:20:00,1,4,1,4,10
2024-03-22 01:30:00,1,6,1,5,13
2024-03-22 01:40:00,0,2,0,1,3
2024-03-22 01:50:00,4,1,5,2,12
2024-03-22 02:00:00,1,4,1,3,9
2024-03-22 02:10:00,3,3,3,3,12
2024-03-22 02:20:00,3,3,3,3,12
2024-03-22 02:30:00,0,1,0,1,2
2024-03-22 02:40:00,1,6,1,6,14
2024-03-22 02:50:00,2,2,2,1,7
2024-03-22 03:00:00,1,4,1,3,9
2024-03-22 03:10:00,2,4,2,4,12
2024-03-22 03:20:00,1,1,1,1,4
2024-03-22 03:30:00,0,3,0,3,6
2024-03-22 03:40:00,4,2,4,2,12
2024-03-22 03:50:00,1,2,1,2,6
2024-03-22 04:00:00,2,1,2,1,6
2024-03-22 04:10:00,2,1,2,2,7
2024-03-22 04:20:00,5,3,5,4,17
2024-03-22 04:30:00,2,9,2,6,19
2024-03-22 04:40:00,8,5,8,5,26
2024-03-22 04:50:00,8,4,7,2,21
2024-03-22 05:00:00,11,5,12,5,33
2024-03-22 05:10:00,17,9,16,10,52
2024-03-22 05:20:00,29,12,29,8,78
2024-03-22 05:30:00,25,28,26,24,103
2024-03-22 05:40:00,32,21,33,20,106
2024-03-22 05:50:00,37,18,38,18,111
2024-03-22 06:00:00,43,17,43,17,120
2024-03-22 06:10:00,47,32,47,32,158
2024-03-22 06:20:00,59,37,69,38,203
2024-03-22 06:30:00,19,25,82,25,151
2024-03-22 06:40:00,28,52,108,52,240
2024-03-22 06:50:00,26,64,103,64,257
2024-03-22 07:00:00,0,60,86,58,204
2024-03-22 07:10:00,0,58,105,60,223
2024-03-22 07:20:00,0,67,94,78,239
2024-03-22 07:30:00,13,87,100,90,290
2024-03-22 07:40:00,3,78,69,81,231
2024-03-22 07:50:00,1,77,49,79,206
2024-03-22 08:00:00,17,86,50,75,228
2024-03-22 08:10:00,34,82,44,72,232
2024-03-22 08:20:00,39,77,42,64,222
2024-03-22 08:30:00,60,67,70,67,264
2024-03-22 08:40:00,59,59,48,61,227
2024-03-22 08:50:00,74,74,81,67,296
2024-03-22 09:00:00,53,67,60,68,248
2024-03-22 09:10:00,60,55,68,54,237
2024-03-22 09:20:00,55,68,61,70,254
2024-03-22 09:30:00,55,73,61,65,254
2024-03-22 09:40:00,63,80,73,71,287
2024-03-22 09:50:00,69,74,77,77,297
2024-03-22 10:00:00,53,68,62,67,250
2024-03-22 10:10:00,47,74,65,70,256
2024-03-22 10:20:00,46,92,74,82,294
2024-03-22 10:30:00,40,75,60,70,245
2024-03-22 10:40:00,79,65,90,63,297
2024-03-22 10:50:00,49,68,75,66,258
2024-03-22 11:00:00,54,72,65,65,256
2024-03-22 11:10:00,43,111,76,84,314
2024-03-22 11:20:00,58,79,74,78,289
2024-03-22 11:30:00,46,82,62,76,266
2024-03-22 11:40:00,41,86,66,79,272
2024-03-22 11:50:00,48,72,76,73,269
2024-03-22 12:00:00,27,104,60,93,284
2024-03-22 12:10:00,28,94,58,89,269
2024-03-22 12:20:00,49,114,82,98,343
2024-03-22 12:30:00,50,89,68,90,297
2024-03-22 12:40:00,43,94,85,95,317
2024-03-22 12:50:00,35,101,63,99,298
2024-03-22 13:00:00,43,117,78,119,357
2024-03-22 13:10:00,29,93,79,99,300
2024-03-22 13:20:00,36,118,72,117,343
2024-03-22 13:30:00,36,114,80,111,341
2024-03-22 13:40:00,51,104,83,105,343
2024-03-22 13:50:00,42,132,72,121,367
2024-03-22 14:00:00,41,111,90,109,351
2024-03-22 14:10:00,49,136,81,126,392
2024-03-22 14:20:00,39,125,66,123,353
2024-03-22 14:30:00,30,131,61,118,340
2024-03-22 14:40:00,38,147,49,142,376
2024-03-22 14:50:00,41,154,55,144,394
2024-03-22 15:00:00,31,164,72,159,426
2024-03-22 15:10:00,31,150,93,144,418
2024-03-22 15:20:00,26,170,83,164,443
2024-03-22 15:30:00,29,180,76,171,456
2024-03-22 15:40:00,39,177,69,164,449
2024-03-22 15:50:00,52,176,86,160,474
2024-03-22 16:00:00,50,175,80,177,482
2024-03-22 16:10:00,43,170,71,136,420
2024-03-22 16:20:00,33,172,70,167,442
2024-03-22 16:30:00,51,114,84,119,368
2024-03-22 16:40:00,60,119,92,107,378
2024-03-22 16:50:00,40,132,68,127,367
2024-03-22 17:00:00,65,97,95,97,354
2024-03-22 17:10:00,66,90,81,95,332
2024-03-22 17:20:00,79,101,100,99,379
2024-03-22 17:30:00,52,96,80,88,316
2024-03-22 17:40:00,64,99,88,97,348
2024-03-22 17:50:00,57,96,87,96,336
2024-03-22 18:00:00,44,103,69,103,319
2024-03-22 18:10:00,49,88,80,92,309
2024-03-22 18:20:00,48,83,69,89,289
2024-03-22 18:30:00,31,47,39,46,163
2024-03-22 18:40:00,38,25,34,25,122
2024-03-22 18:50:00,40,34,42,31,147
2024-03-22 19:00:00,72,81,73,77,303
2024-03-22 19:10:00,43,71,45,66,225
2024-03-22 19:20:00,77,77,79,66,299
2024-03-22 19:30:00,42,73,41,62,218
2024-03-22 19:40:00,55,47,57,43,202
2024-03-22 19:50:00,43,72,43,63,221
2024-03-22 20:00:00,38,49,42,43,172
2024-03-22 20:10:00,29,40,29,40,138
2024-03-22 20:20:00,36,74,40,68,218
2024-03-22 20:30:00,26,41,28,35,130
2024-03-22 20:40:00,29,55,27,47,158
2024-03-22 20:50:00,24,53,25,47,149
2024-03-22 21:00:00,31,57,33,46,167
2024-03-22 21:10:00,32,50,36,47,165
2024-03-22 21:20:00,25,45,24,39,133
2024-03-22 21:30:00,24,43,23,40,130
2024-03-22 21:40:00,32,38,31,35,136
2024-03-22 21:50:00,28,39,29,34,130
2024-03-22 22:00:00,15,54,16,42,127
2024-03-22 22:10:00,15,48,15,38,116
2024-03-22 22:20:00,28,58,27,46,159
2024-03-22 22:30:00,23,46,23,38,130
2024-03-22 22:40:00,17,41,19,32,109
2024-03-22 22:50:00,23,60,24,49,156
2024-03-22 23:00:00,23,47,25,37,132
2024-03-22 23:10:00,16,45,17,35,113
2024-03-22 23:20:00,11,24,12,20,67
2024-03-22 23:30:00,13,38,13,28,92
2024-03-22 23:40:00,12,36,13,33,94
2024-03-22 23:50:00,13,22,17,16,68
2024-03-23 00:00:00,11,23,11,19,64
2024-03-23 00:10:00,10,17,11,13,51
2024-03-23 00:20:00,7,18,7,12,44
2024-03-23 00:30:00,9,14,9,16,48
2024-03-23 00:40:00,5,18,5,14,42
2024-03-23 00:50:00,5,10,5,9,29
2024-03-23 01:00:00,6,10,6,10,32
2024-03-23 01:10:00,6,16,6,15,43
2024-03-23 01:20:00,9,7,9,5,30
2024-03-23 01:30:00,2,13,2,11,28
2024-03-23 01:40:00,4,1,2,1,8
2024-03-23 01:50:00,7,9,7,8,31
2024-03-23 02:00:00,2,6,2,6,16
2024-03-23 02:10:00,1,5,1,5,12
2024-03-23 02:20:00,9,5,9,5,28
2024-03-23 02:30:00,5,9,5,7,26
2024-03-23 02:40:00,6,14,6,11,37
2024-03-23 02:50:00,6,3,6,4,19
2024-03-23 03:00:00,3,5,3,4,15
2024-03-23 03:10:00,3,4,3,3,13
2024-03-23 03:20:00,2,6,2,6,16
2024-03-23 03:30:00,2,6,2,6,16
2024-03-23 03:40:00,1,7,1,4,13
2024-03-23 03:50:00,2,10,2,7,21
2024-03-23 04:00:00,1,5,1,4,11
2024-03-23 04:10:00,6,3,6,2,17
2024-03-23 04:20:00,4,0,4,0,8
2024-03-23 04:30:00,3,5,3,5,16
2024-03-23 04:40:00,3,6,3,5,17
2024-03-23 04:50:00,6,3,7,3,19
2024-03-23 05:00:00,5,6,5,4,20
2024-03-23 05:10:00,10,11,10,9,40
2024-03-23 05:20:00,6,10,6,8,30
2024-03-23 05:30:00,13,4,15,3,35
2024-03-23 05:40:00,7,9,11,5,32
2024-03-23 05:50:00,9,5,10,5,29
2024-03-23 06:00:00,8,10,7,9,34
2024-03-23 06:10:00,9,12,10,14,45
2024-03-23 06:20:00,14,15,15,12,56
2024-03-23 06:30:00,10,9,12,9,40
2024-03-23 06:40:00,19,13,16,12,60
2024-03-23 06:50:00,14,17,13,14,58
2024-03-23 07:00:00,11,12,14,11,48
2024-03-23 07:10:00,15,22,25,22,84
2024-03-23 07:20:00,16,18,20,16,70
2024-03-23 07:30:00,28,28,33,26,115
2024-03-23 07:40:00,24,24,31,19,98
2024-03-23 07:50:00,26,21,30,18,95
2024-03-23 08:00:00,24,30,35,30,119
2024-03-23 08:10:00,29,22,35,21,107
2024-03-23 08:20:00,38,37,48,40,163
2024-03-23 08:30:00,40,37,53,34,164
2024-03-23 08:40:00,45,45,54,46,190
2024-03-23 08:50:00,47,47,54,49,197
2024-03-23 09:00:00,26,42,32,45,145
2024-03-23 09:10:00,35,44,37,45,161
2024-03-23 09:20:00,52,48,51,52,203
2024-03-23 09:30:00,40,73,38,59,210
2024-03-23 09:40:00,41,78,27,69,215
2024-03-23 09:50:00,54,68,37,66,225
2024-03-23 10:00:00,46,61,28,56,191
2024-03-23 10:10:00,30,54,19,51,154
2024-03-23 10:20:00,56,53,28,48,185
2024-03-23 10:30:00,64,76,30,71,241
2024-03-23 10:40:00,50,93,27,85,255
2024-03-23 10:50:00,47,69,40,62,218
2024-03-23 11:00:00,38,80,22,67,207
2024-03-23 11:10:00,52,66,36,66,220
2024-03-23 11:20:00,35,64,25,66,190
2024-03-23 11:30:00,43,56,35,61,195
2024-03-23 11:40:00,47,47,39,48,181
2024-03-23 11:50:00,33,74,34,66,207
2024-03-23 12:00:00,45,66,51,67,229
2024-03-23 12:10:00,58,53,52,54,217
2024-03-23 12:20:00,51,64,44,64,223
2024-03-23 12:30:00,50,58,47,55,210
2024-03-23 12:40:00,54,56,61,59,230
2024-03-23 12:50:00,65,52,80,53,250
2024-03-23 13:00:00,39,54,50,62,205
2024-03-23 13:10:00,47,90,60,85,282
2024-03-23 13:20:00,53,64,71,71,259
2024-03-23 13:30:00,55,75,70,80,280
2024-03-23 13:40:00,44,72,62,73,251
2024-03-23 13:50:00,50,86,65,81,282
2024-03-23 14:00:00,53,90,76,84,303
2024-03-23 14:10:00,22,69,66,71,228
2024-03-23 14:20:00,51,104,67,98,320
2024-03-23 14:30:00,77,83,67,78,305
2024-03-23 14:40:00,56,76,66,74,272
2024-03-23 14:50:00,51,69,69,72,261
2024-03-23 15:00:00,38,99,62,98,297
2024-03-23 15:10:00,43,53,63,66,225
2024-03-23 15:20:00,35,67,73,71,246
2024-03-23 15:30:00,42,49,66,54,211
2024-03-23 15:40:00,43,70,59,72,244
2024-03-23 15:50:00,32,63,47,64,206
2024-03-23 16:00:00,38,58,64,57,217
2024-03-23 16:10:00,32,67,50,67,216
2024-03-23 16:20:00,61,78,63,73,275
2024-03-23 16:30:00,39,54,57,61,211
2024-03-23 16:40:00,29,87,79,79,274
2024-03-23 16:50:00,52,67,72,69,260
2024-03-23 17:00:00,76,85,84,80,325
2024-03-23 17:10:00,67,87,72,82,308
2024-03-23 17:20:00,74,41,75,46,236
2024-03-23 17:30:00,74,68,91,67,300
2024-03-23 17:40:00,55,35,59,51,200
2024-03-23 17:50:00,43,75,68,78,264
2024-03-23 18:00:00,50,78,82,68,278
2024-03-23 18:10:00,50,46,64,70,230
2024-03-23 18:20:00,57,43,65,51,216
2024-03-23 18:30:00,56,55,63,57,231
2024-03-23 18:40:00,49,84,51,70,254
2024-03-23 18:50:00,66,65,74,60,265
2024-03-23 19:00:00,63,69,64,61,257
2024-03-23 19:10:00,53,67,54,54,228
2024-03-23 19:20:00,44,58,46,54,202
2024-03-23 19:30:00,49,52,50,45,196
2024-03-23 19:40:00,35,64,37,54,190
2024-03-23 19:50:00,42,56,44,47,189
2024-03-23 20:00:00,33,50,32,46,161
2024-03-23 20:10:00,29,56,30,50,165
2024-03-23 20:20:00,27,49,27,44,147
2024-03-23 20:30:00,41,53,43,44,181
2024-03-23 20:40:00,30,36,28,35,129
2024-03-23 20:50:00,25,35,27,37,124
2024-03-23 21:00:00,28,34,28,31,121
2024-03-23 21:10:00,29,54,30,48,161
2024-03-23 21:20:00,25,37,25,31,118
2024-03-23 21:30:00,30,38,32,32,132
2024-03-23 21:40:00,26,31,28,29,114
2024-03-23 21:50:00,23,41,23,39,126
2024-03-23 22:00:00,24,49,29,33,135
2024-03-23 22:10:00,23,49,22,36,130
2024-03-23 22:20:00,26,48,26,37,137
2024-03-23 22:30:00,24,49,23,37,133
2024-03-23 22:40:00,18,42,18,34,112
2024-03-23 22:50:00,17,59,16,43,135
2024-03-23 23:00:00,20,57,21,45,143
2024-03-23 23:10:00,17,48,17,34,116
2024-03-23 23:20:00,21,45,21,32,119
2024-03-23 23:30:00,20,23,20,22,85
2024-03-23 23:40:00,14,38,15,26,93
2024-03-23 23:50:00,14,42,14,29,99
2024-03-24 00:00:00,15,23,15,18,71
2024-03-24 00:10:00,17,36,17,28,98
2024-03-24 00:20:00,11,24,11,17,63
2024-03-24 00:30:00,13,18,13,14,58
2024-03-24 00:40:00,6,17,6,13,42
2024-03-24 00:50:00,6,25,7,17,55
2024-03-24 01:00:00,22,34,23,25,104
2024-03-24 01:10:00,15,14,15,8,52
2024-03-24 01:20:00,11,20,11,16,58
2024-03-24 01:30:00,10,19,13,15,57
2024-03-24 01:40:00,13,11,13,10,47
2024-03-24 01:50:00,13,7,13,5,38
2024-03-24 02:00:00,2,17,2,11,32
2024-03-24 02:10:00,3,11,4,8,26
2024-03-24 02:20:00,3,10,3,7,23
2024-03-24 02:30:00,3,20,4,16,43
2024-03-24 02:40:00,4,6,5,6,21
2024-03-24 02:50:00,5,9,5,8,27
2024-03-24 03:00:00,6,11,5,7,29
2024-03-24 03:10:00,5,5,5,4,19
2024-03-24 03:20:00,4,4,4,3,15
2024-03-24 03:30:00,2,11,2,9,24
2024-03-24 03:40:00,0,5,0,4,9
2024-03-24 03:50:00,3,7,3,6,19
2024-03-24 04:00:00,1,7,1,6,15
2024-03-24 04:10:00,4,10,4,8,26
2024-03-24 04:20:00,2,3,2,3,10
2024-03-24 04:30:00,5,7,5,6,23
2024-03-24 04:40:00,3,3,3,2,11
2024-03-24 04:50:00,5,1,5,1,12
2024-03-24 05:00:00,0,2,0,2,4
2024-03-24 05:10:00,3,6,3,8,20
2024-03-24 05:20:00,4,6,4,5,19
2024-03-24 05:30:00,10,5,10,4,29
2024-03-24 05:40:00,3,11,4,8,26
2024-03-24 05:50:00,8,8,9,5,30
2024-03-24 06:00:00,2,5,2,6,15
2024-03-24 06:10:00,3,4,5,4,16
2024-03-24 06:20:00,2,11,2,8,23
2024-03-24 06:30:00,0,5,6,5,16
2024-03-24 06:40:00,0,6,3,6,15
2024-03-24 06:50:00,1,6,10,8,25
2024-03-24 07:00:00,2,6,3,6,17
2024-03-24 07:10:00,0,3,4,3,10
2024-03-24 07:20:00,2,12,7,11,32
2024-03-24 07:30:00,5,9,9,10,33
2024-03-24 07:40:00,6,3,8,4,21
2024-03-24 07:50:00,9,6,9,6,30
2024-03-24 08:00:00,6,11,6,9,32
2024-03-24 08:10:00,14,18,14,15,61
2024-03-24 08:20:00,11,10,15,12,48
2024-03-24 08:30:00,9,25,11,21,66
2024-03-24 08:40:00,8,15,16,14,53
2024-03-24 08:50:00,20,21,20,20,81
2024-03-24 09:00:00,22,18,23,16,79
2024-03-24 09:10:00,17,26,24,24,91
2024-03-24 09:20:00,15,35,23,33,106
2024-03-24 09:30:00,30,16,39,12,97
2024-03-24 09:40:00,33,34,38,36,141
2024-03-24 09:50:00,40,38,45,37,160
2024-03-24 10:00:00,31,30,38,29,128
2024-03-24 10:10:00,31,23,33,21,108
2024-03-24 10:20:00,41,50,48,43,182
2024-03-24 10:30:00,47,37,39,34,157
2024-03-24 10:40:00,44,50,56,49,199
2024-03-24 10:50:00,52,36,54,38,180
2024-03-24 11:00:00,25,60,40,54,179
2024-03-24 11:10:00,40,48,43,46,177
2024-03-24 11:20:00,43,44,53,42,182
2024-03-24 11:30:00,38,56,55,55,204
2024-03-24 11:40:00,40,67,48,62,217
2024-03-24 11:50:00,39,48,66,53,206
2024-03-24 12:00:00,44,48,46,45,183
2024-03-24 12:10:00,49,51,51,45,196
2024-03-24 12:20:00,48,68,51,70,237
2024-03-24 12:30:00,32,72,49,68,221
2024-03-24 12:40:00,24,75,41,75,215
2024-03-24 12:50:00,30,62,49,63,204
2024-03-24 13:00:00,31,63,62,63,219
2024-03-24 13:10:00,25,53,47,54,179
2024-03-24 13:20:00,30,65,49,66,210
2024-03-24 13:30:00,33,70,49,72,224
2024-03-24 13:40:00,33,77,43,73,226
2024-03-24 13:50:00,39,78,51,82,250
2024-03-24 14:00:00,65,54,73,58,250
2024-03-24 14:10:00,42,69,81,66,258
2024-03-24 14:20:00,40,79,63,70,252
2024-03-24 14:30:00,38,74,71,82,265
2024-03-24 14:40:00,23,71,55,78,227
2024-03-24 14:50:00,33,76,70,76,255
2024-03-24 15:00:00,30,60,54,60,204
2024-03-24 15:10:00,26,89,58,92,265
2024-03-24 15:20:00,34,71,67,68,240
2024-03-24 15:30:00,38,59,50,54,201
2024-03-24 15:40:00,38,46,57,47,188
2024-03-24 15:50:00,31,52,54,49,186
2024-03-24 16:00:00,41,61,62,62,226
2024-03-24 16:10:00,18,49,57,51,175
2024-03-24 16:20:00,34,53,60,51,198
2024-03-24 16:30:00,54,54,59,48,215
2024-03-24 16:40:00,63,59,62,68,252
2024-03-24 16:50:00,44,68,78,64,254
2024-03-24 17:00:00,48,58,73,52,231
2024-03-24 17:10:00,23,64,78,59,224
2024-03-24 17:20:00,13,80,76,76,245
2024-03-24 17:30:00,44,67,77,61,249
2024-03-24 17:40:00,1,63,70,79,213
2024-03-24 17:50:00,31,20,59,34,144
2024-03-24 18:00:00,59,6,72,41,178
2024-03-24 18:10:00,58,0,70,0,128
2024-03-24 18:20:00,47,0,61,0,108
2024-03-24 18:30:00,58,68,67,61,254
2024-03-24 18:40:00,45,66,42,60,213
2024-03-24 18:50:00,37,65,38,56,196
2024-03-24 19:00:00,44,52,44,48,188
2024-03-24 19:10:00,43,51,46,51,191
2024-03-24 19:20:00,39,50,38,42,169
2024-03-24 19:30:00,51,43,55,39,188
2024-03-24 19:40:00,39,67,39,61,206
2024-03-24 19:50:00,35,43,36,34,148
2024-03-24 20:00:00,43,65,45,52,205
2024-03-24 20:10:00,38,57,39,50,184
2024-03-24 20:20:00,35,43,38,37,153
2024-03-24 20:30:00,29,52,30,46,157
2024-03-24 20:40:00,40,35,41,32,148
2024-03-24 20:50:00,28,31,29,30,118
2024-03-24 21:00:00,18,44,18,39,119
2024-03-24 21:10:00,36,36,36,33,141
2024-03-24 21:20:00,28,45,28,39,140
2024-03-24 21:30:00,24,32,23,27,106
2024-03-24 21:40:00,21,18,22,17,78
2024-03-24 21:50:00,13,29,13,24,79
2024-03-24 22:00:00,21,14,22,16,73
2024-03-24 22:10:00,17,27,16,24,84
2024-03-24 22:20:00,13,37,14,24,88
2024-03-24 22:30:00,11,20,10,16,57
2024-03-24 22:40:00,10,24,11,17,62
2024-03-24 22:50:00,11,21,11,15,58
2024-03-24 23:00:00,12,16,12,13,53
2024-03-24 23:10:00,11,20,11,16,58
2024-03-24 23:20:00,6,8,6,6,26
2024-03-24 23:30:00,8,10,8,9,35
2024-03-24 23:40:00,6,17,6,12,41
2024-03-24 23:50:00,3,11,3,7,24
2024-03-25 00:00:00,6,5,6,4,21
2024-03-25 00:10:00,4,4,4,3,15
2024-03-25 00:20:00,2,15,2,11,30
2024-03-25 00:30:00,1,5,1,4,11
2024-03-25 00:40:00,5,5,5,4,19
2024-03-25 00:50:00,3,4,3,4,14
2024-03-25 01:00:00,0,7,0,7,14
2024-03-25 01:10:00,1,7,1,8,17
2024-03-25 01:20:00,1,6,1,5,13
2024-03-25 01:30:00,0,1,0,1,2
2024-03-25 01:40:00,6,2,5,2,15
2024-03-25 01:50:00,3,4,3,3,13
2024-03-25 02:00:00,3,3,3,2,11
2024-03-25 02:10:00,0,2,0,1,3
2024-03-25 02:20:00,2,3,2,2,9
2024-03-25 02:30:00,1,1,1,1,4
2024-03-25 02:40:00,3,1,3,1,8
2024-03-25 02:50:00,2,3,2,3,10
2024-03-25 03:00:00,3,1,3,1,8
2024-03-25 03:10:00,1,3,1,3,8
2024-03-25 03:20:00,1,1,1,1,4
2024-03-25 03:30:00,1,1,1,1,4
2024-03-25 03:40:00,3,0,3,0,6
2024-03-25 03:50:00,0,3,0,2,5
2024-03-25 04:00:00,2,0,2,0,4
2024-03-25 04:10:00,8,3,8,3,22
2024-03-25 04:20:00,6,4,6,4,20
2024-03-25 04:30:00,6,3,6,2,17
2024-03-25 04:40:00,7,0,8,2,17
2024-03-25 04:50:00,8,8,8,7,31
2024-03-25 05:00:00,15,7,14,7,43
2024-03-25 05:10:00,19,17,19,15,70
2024-03-25 05:20:00,37,13,37,14,101
2024-03-25 05:30:00,51,23,50,19,143
2024-03-25 05:40:00,51,21,51,16,139
2024-03-25 05:50:00,47,26,47,21,141
2024-03-25 06:00:00,55,21,56,19,151
2024-03-25 06:10:00,64,24,72,19,179
2024-03-25 06:20:00,4,57,80,54,195
2024-03-25 06:30:00,0,32,65,35,132
2024-03-25 06:40:00,0,46,66,43,155
2024-03-25 06:50:00,0,58,95,59,212
2024-03-25 07:00:00,1,49,70,54,174
2024-03-25 07:10:00,0,36,63,39,138
2024-03-25 07:20:00,0,91,60,84,235
2024-03-25 07:30:00,0,62,65,56,183
2024-03-25 07:40:00,0,83,55,76,214
2024-03-25 07:50:00,0,53,51,46,150
2024-03-25 08:00:00,0,69,46,64,179
2024-03-25 08:10:00,0,68,47,58,173
2024-03-25 08:20:00,6,104,90,93,293
2024-03-25 08:30:00,4,86,60,80,230
2024-03-25 08:40:00,27,117,115,95,354
2024-03-25 08:50:00,43,67,119,66,295
2024-03-25 09:00:00,26,71,90,59,246
2024-03-25 09:10:00,31,75,81,70,257
2024-03-25 09:20:00,37,60,98,67,262
2024-03-25 09:30:00,32,60,80,52,224
2024-03-25 09:40:00,36,59,84,63,242
2024-03-25 09:50:00,33,48,98,61,240
2024-03-25 10:00:00,28,64,72,67,231
2024-03-25 10:10:00,32,61,71,56,220
2024-03-25 10:20:00,30,57,70,50,207
2024-03-25 10:30:00,27,62,76,64,229
2024-03-25 10:40:00,35,62,70,68,235
2024-03-25 10:50:00,20,68,64,63,215
2024-03-25 11:00:00,29,43,64,58,194
2024-03-25 11:10:00,22,47,51,54,174
2024-03-25 11:20:00,21,86,55,84,246
2024-03-25 11:30:00,30,65,67,63,225
2024-03-25 11:40:00,23,72,55,71,221
2024-03-25 11:50:00,32,51,73,50,206
2024-03-25 12:00:00,31,78,64,74,247
2024-03-25 12:10:00,29,83,64,82,258
2024-03-25 12:20:00,20,80,51,79,230
2024-03-25 12:30:00,16,62,56,63,197
2024-03-25 12:40:00,27,68,67,67,229
2024-03-25 12:50:00,39,66,72,68,245
2024-03-25 13:00:00,32,72,58,67,229
2024-03-25 13:10:00,37,80,58,84,259
2024-03-25 13:20:00,49,80,73,79,281
2024-03-25 13:30:00,53,72,55,69,249
2024-03-25 13:40:00,65,64,75,68,272
2024-03-25 13:50:00,58,67,60,70,255
2024-03-25 14:00:00,41,90,62,85,278
2024-03-25 14:10:00,39,89,65,85,278
2024-03-25 14:20:00,38,89,65,92,284
2024-03-25 14:30:00,24,101,59,93,277
2024-03-25 14:40:00,31,84,65,81,261
2024-03-25 14:50:00,31,104,61,105,301
2024-03-25 15:00:00,22,84,54,86,246
2024-03-25 15:10:00,23,88,70,88,269
2024-03-25 15:20:00,22,101,74,110,307
2024-03-25 15:30:00,22,122,72,121,337
2024-03-25 15:40:00,22,124,61,133,340
2024-03-25 15:50:00,18,145,84,142,389
2024-03-25 16:00:00,34,125,107,130,396
2024-03-25 16:10:00,53,115,82,116,366
2024-03-25 16:20:00,68,127,85,137,417
2024-03-25 16:30:00,80,83,86,89,338
2024-03-25 16:40:00,67,108,72,110,357
2024-03-25 16:50:00,81,118,89,117,405
2024-03-25 17:00:00,67,122,72,110,371
2024-03-25 17:10:00,69,1,74,1,145
2024-03-25 17:20:00,63,30,68,26,187
2024-03-25 17:30:00,70,31,87,47,235
2024-03-25 17:40:00,70,0,82,0,152
2024-03-25 17:50:00,53,0,75,0,128
2024-03-25 18:00:00,18,0,60,0,78
2024-03-25 18:10:00,21,0,67,0,88
2024-03-25 18:20:00,21,0,58,0,79
2024-03-25 18:30:00,25,88,70,95,278
2024-03-25 18:40:00,48,84,61,80,273
2024-03-25 18:50:00,47,69,53,64,233
2024-03-25 19:00:00,58,72,59,56,245
2024-03-25 19:10:00,34,84,33,69,220
2024-03-25 19:20:00,56,59,61,50,226
2024-03-25 19:30:00,34,67,33,57,191
2024-03-25 19:40:00,21,30,23,29,103
2024-03-25 19:50:00,30,49,31,43,153
2024-03-25 20:00:00,37,43,36,38,154
2024-03-25 20:10:00,28,49,29,46,152
2024-03-25 20:20:00,34,42,36,39,151
2024-03-25 20:30:00,26,35,27,33,121
2024-03-25 20:40:00,21,43,21,37,122
2024-03-25 20:50:00,21,34,21,37,113
2024-03-25 21:00:00,25,29,27,24,105
2024-03-25 21:10:00,20,25,20,25,90
2024-03-25 21:20:00,27,24,27,23,101
2024-03-25 21:30:00,19,30,18,31,98
2024-03-25 21:40:00,19,20,19,20,78
2024-03-25 21:50:00,12,34,11,30,87
2024-03-25 22:00:00,18,43,19,33,113
2024-03-25 22:10:00,12,47,12,35,106
2024-03-25 22:20:00,17,35,17,35,104
2024-03-25 22:30:00,14,23,14,20,71
2024-03-25 22:40:00,20,16,21,16,73
2024-03-25 22:50:00,6,24,6,18,54
2024-03-25 23:00:00,6,12,6,10,34
2024-03-25 23:10:00,7,16,7,12,42
2024-03-25 23:20:00,8,13,8,12,41
2024-03-25 23:30:00,7,8,7,9,31
2024-03-25 23:40:00,4,12,4,9,29
2024-03-25 23:50:00,4,12,5,8,29
2024-03-26 00:00:00,6,9,6,10,31
2024-03-26 00:10:00,2,4,2,4,12
2024-03-26 00:20:00,2,6,2,6,16
2024-03-26 00:30:00,1,10,1,9,21
2024-03-26 00:40:00,1,2,1,2,6
2024-03-26 00:50:00,5,5,5,6,21
2024-03-26 01:00:00,1,6,1,4,12
2024-03-26 01:10:00,0,4,0,4,8
2024-03-26 01:20:00,1,4,1,5,11
2024-03-26 01:30:00,0,1,0,1,2
2024-03-26 01:40:00,5,2,5,1,13
2024-03-26 01:50:00,2,4,2,4,12
2024-03-26 02:00:00,1,2,1,2,6
2024-03-26 02:10:00,1,2,1,2,6
2024-03-26 02:20:00,1,3,1,3,8
2024-03-26 02:30:00,2,4,2,3,11
2024-03-26 02:40:00,1,1,1,1,4
2024-03-26 02:50:00,1,0,1,0,2
2024-03-26 03:00:00,1,7,1,4,13
2024-03-26 03:10:00,3,2,4,2,11
2024-03-26 03:20:00,3,2,4,1,10
2024-03-26 03:30:00,3,0,3,0,6
2024-03-26 03:40:00,2,3,2,3,10
2024-03-26 03:50:00,1,1,1,1,4
2024-03-26 04:00:00,2,3,2,2,9
2024-03-26 04:10:00,3,0,3,1,7
2024-03-26 04:20:00,3,3,4,3,13
2024-03-26 04:30:00,3,6,3,4,16
2024-03-26 04:40:00,3,3,3,3,12
2024-03-26 04:50:00,2,4,2,4,12
2024-03-26 05:00:00,9,11,9,11,40
2024-03-26 05:10:00,16,9,16,7,48
2024-03-26 05:20:00,42,9,41,11,103
2024-03-26 05:30:00,43,21,44,16,124
2024-03-26 05:40:00,58,21,61,20,160
2024-03-26 05:50:00,54,19,53,15,141
2024-03-26 06:00:00,26,17,59,16,118
2024-03-26 06:10:00,0,24,64,25,113
2024-03-26 06:20:00,0,44,96,45,185
2024-03-26 06:30:00,2,47,121,48,218
2024-03-26 06:40:00,42,43,116,45,246
2024-03-26 06:50:00,96,48,102,46,292
2024-03-26 07:00:00,100,50,101,54,305
2024-03-26 07:10:00,100,55,108,56,319
2024-03-26 07:20:00,92,65,90,66,313
2024-03-26 07:30:00,116,63,125,61,365
2024-03-26 07:40:00,61,82,88,74,305
2024-03-26 07:50:00,82,83,105,77,347
2024-03-26 08:00:00,21,52,63,49,185
2024-03-26 08:10:00,45,78,122,78,323
2024-03-26 08:20:00,62,93,122,89,366
2024-03-26 08:30:00,59,67,103,63,292
2024-03-26 08:40:00,87,81,133,75,376
2024-03-26 08:50:00,49,88,109,86,332
2024-03-26 09:00:00,50,65,108,60,283
2024-03-26 09:10:00,54,86,116,72,328
2024-03-26 09:20:00,57,62,107,64,290
2024-03-26 09:30:00,71,79,106,73,329
2024-03-26 09:40:00,65,82,94,70,311
2024-03-26 09:50:00,56,89,91,74,310
2024-03-26 10:00:00,32,86,71,87,276
2024-03-26 10:10:00,40,67,67,65,239
2024-03-26 10:20:00,30,92,56,73,251
2024-03-26 10:30:00,32,56,68,47,203
2024-03-26 10:40:00,39,80,73,73,265
2024-03-26 10:50:00,28,86,49,78,241
2024-03-26 11:00:00,36,100,70,85,291
2024-03-26 11:10:00,22,74,52,62,210
2024-03-26 11:20:00,24,82,58,77,241
2024-03-26 11:30:00,35,66,61,61,223
2024-03-26 11:40:00,28,74,54,63,219
2024-03-26 11:50:00,23,75,51,70,219
2024-03-26 12:00:00,25,75,60,67,227
2024-03-26 12:10:00,39,78,60,73,250
2024-03-26 12:20:00,50,96,65,86,297
2024-03-26 12:30:00,52,74,73,68,267
2024-03-26 12:40:00,40,73,64,70,247
2024-03-26 12:50:00,28,71,48,68,215
2024-03-26 13:00:00,43,93,71,86,293
2024-03-26 13:10:00,22,82,57,82,243
2024-03-26 13:20:00,33,88,66,75,262
2024-03-26 13:30:00,39,74,65,69,247
2024-03-26 13:40:00,34,60,77,64,235
2024-03-26 13:50:00,52,104,86,91,333
2024-03-26 14:00:00,41,98,59,92,290
2024-03-26 14:10:00,68,89,69,92,318
2024-03-26 14:20:00,36,109,50,106,301
2024-03-26 14:30:00,24,87,39,86,236
2024-03-26 14:40:00,49,96,63,101,309
2024-03-26 14:50:00,52,94,69,90,305
2024-03-26 15:00:00,28,110,60,111,309
2024-03-26 15:10:00,22,119,53,124,318
2024-03-26 15:20:00,33,119,53,125,330
2024-03-26 15:30:00,19,103,73,107,302
2024-03-26 15:40:00,19,124,80,132,355
2024-03-26 15:50:00,10,113,81,110,314
2024-03-26 16:00:00,5,114,66,116,301
2024-03-26 16:10:00,16,118,84,118,336
2024-03-26 16:20:00,6,117,90,123,336
2024-03-26 16:30:00,23,107,87,109,326
2024-03-26 16:40:00,51,106,76,111,344
2024-03-26 16:50:00,68,134,67,127,396
2024-03-26 17:00:00,57,138,62,141,398
2024-03-26 17:10:00,82,111,81,117,391
2024-03-26 17:20:00,82,119,89,119,409
2024-03-26 17:30:00,58,132,85,131,406
2024-03-26 17:40:00,65,101,93,105,364
2024-03-26 17:50:00,62,74,73,99,308
2024-03-26 18:00:00,53,106,66,105,330
2024-03-26 18:10:00,40,104,60,108,312
2024-03-26 18:20:00,52,110,68,102,332
2024-03-26 18:30:00,49,97,62,96,304
2024-03-26 18:40:00,57,104,66,104,331
2024-03-26 18:50:00,53,92,56,86,287
2024-03-26 19:00:00,55,70,62,66,253
2024-03-26 19:10:00,52,80,53,72,257
2024-03-26 19:20:00,44,74,49,66,233
2024-03-26 19:30:00,32,81,34,64,211
2024-03-26 19:40:00,34,60,35,52,181
2024-03-26 19:50:00,33,65,33,61,192
2024-03-26 20:00:00,31,46,34,46,157
2024-03-26 20:10:00,23,31,23,31,108
2024-03-26 20:20:00,25,54,26,51,156
2024-03-26 20:30:00,28,52,27,43,150
2024-03-26 20:40:00,20,47,22,43,132
2024-03-26 20:50:00,31,32,33,26,122
2024-03-26 21:00:00,23,32,23,30,108
2024-03-26 21:10:00,30,44,30,42,146
2024-03-26 21:20:00,24,28,24,25,101
2024-03-26 21:30:00,25,24,25,22,96
2024-03-26 21:40:00,20,27,21,23,91
2024-03-26 21:50:00,18,31,20,29,98
2024-03-26 22:00:00,18,30,18,22,88
2024-03-26 22:10:00,21,45,22,36,124
2024-03-26 22:20:00,16,30,17,26,89
2024-03-26 22:30:00,19,22,22,23,86
2024-03-26 22:40:00,12,22,11,18,63
2024-03-26 22:50:00,11,31,12,23,77
2024-03-26 23:00:00,12,34,12,25,83
2024-03-26 23:10:00,7,19,8,16,50
2024-03-26 23:20:00,7,24,6,21,58
2024-03-26 23:30:00,8,11,9,9,37
2024-03-26 23:40:00,3,21,3,18,45
2024-03-26 23:50:00,2,4,2,3,11
2024-03-27 00:00:00,5,7,5,5,22
2024-03-27 00:10:00,4,7,4,6,21
2024-03-27 00:20:00,4,1,4,1,10
2024-03-27 00:30:00,7,7,7,6,27
2024-03-27 00:40:00,1,3,2,2,8
2024-03-27 00:50:00,1,8,1,6,16
2024-03-27 01:00:00,9,7,11,6,33
2024-03-27 01:10:00,2,1,2,1,6
2024-03-27 01:20:00,3,0,3,0,6
2024-03-27 01:30:00,1,3,1,2,7
2024-03-27 01:40:00,2,8,2,6,18
2024-03-27 01:50:00,3,2,4,2,11
2024-03-27 02:00:00,1,2,1,2,6
2024-03-27 02:10:00,2,3,2,3,10
2024-03-27 02:20:00,0,0,0,0,0
2024-03-27 02:30:00,0,5,0,6,11
2024-03-27 02:40:00,3,0,4,0,7
2024-03-27 02:50:00,2,5,2,4,13
2024-03-27 03:00:00,2,4,1,4,11
2024-03-27 03:10:00,0,1,1,1,3
2024-03-27 03:20:00,2,4,2,3,11
2024-03-27 03:30:00,0,4,0,3,7
2024-03-27 03:40:00,3,2,3,2,10
2024-03-27 03:50:00,0,0,0,0,0
2024-03-27 04:00:00,5,3,5,2,15
2024-03-27 04:10:00,3,1,3,1,8
2024-03-27 04:20:00,6,4,6,5,21
2024-03-27 04:30:00,2,5,2,3,12
2024-03-27 04:40:00,5,4,5,3,17
2024-03-27 04:50:00,11,8,11,7,37
2024-03-27 05:00:00,15,9,16,9,49
2024-03-27 05:10:00,11,10,11,9,41
2024-03-27 05:20:00,27,13,27,11,78
2024-03-27 05:30:00,50,24,50,22,146
2024-03-27 05:40:00,53,15,54,14,136
2024-03-27 05:50:00,41,19,43,18,121
2024-03-27 06:00:00,61,17,67,18,163
2024-03-27 06:10:00,50,25,66,22,163
2024-03-27 06:20:00,1,48,75,48,172
2024-03-27 06:30:00,0,38,96,42,176
2024-03-27 06:40:00,0,49,94,49,192
2024-03-27 06:50:00,0,52,112,58,222
2024-03-27 07:00:00,1,39,77,39,156
2024-03-27 07:10:00,0,51,58,48,157
2024-03-27 07:20:00,1,79,68,74,222
2024-03-27 07:30:00,0,84,44,87,215
2024-03-27 07:40:00,3,68,58,70,199
2024-03-27 07:50:00,25,65,57,66,213
2024-03-27 08:00:00,33,73,72,70,248
2024-03-27 08:10:00,54,66,73,68,261
2024-03-27 08:20:00,49,84,86,85,304
2024-03-27 08:30:00,39,86,84,84,293
2024-03-27 08:40:00,71,93,89,92,345
2024-03-27 08:50:00,35,84,68,80,267
2024-03-27 09:00:00,38,58,74,60,230
2024-03-27 09:10:00,38,90,59,79,266
2024-03-27 09:20:00,44,81,80,78,283
2024-03-27 09:30:00,39,74,52,68,233
2024-03-27 09:40:00,43,89,64,77,273
2024-03-27 09:50:00,36,73,47,74,230
2024-03-27 10:00:00,43,61,66,67,237
2024-03-27 10:10:00,31,56,46,57,190
2024-03-27 10:20:00,29,74,40,74,217
2024-03-27 10:30:00,34,58,62,56,210
2024-03-27 10:40:00,31,61,54,56,202
2024-03-27 10:50:00,23,63,56,61,203
2024-03-27 11:00:00,28,64,45,63,200
2024-03-27 11:10:00,24,54,51,58,187
2024-03-27 11:20:00,41,84,81,78,284
2024-03-27 11:30:00,19,49,63,51,182
2024-03-27 11:40:00,22,68,62,62,214
2024-03-27 11:50:00,20,77,77,71,245
2024-03-27 12:00:00,23,86,68,75,252
2024-03-27 12:10:00,27,78,70,70,245
2024-03-27 12:20:00,33,71,73,67,244
2024-03-27 12:30:00,21,85,76,80,262
2024-03-27 12:40:00,23,95,71,87,276
2024-03-27 12:50:00,19,88,56,89,252
2024-03-27 13:00:00,24,95,55,83,257
2024-03-27 13:10:00,32,100,86,90,308
2024-03-27 13:20:00,29,96,64,92,281
2024-03-27 13:30:00,51,80,79,81,291
2024-03-27 13:40:00,51,75,66,77,269
2024-03-27 13:50:00,38,63,41,61,203
2024-03-27 14:00:00,48,100,54,99,301
2024-03-27 14:10:00,41,96,44,88,269
2024-03-27 14:20:00,56,103,56,97,312
2024-03-27 14:30:00,37,107,42,100,286
2024-03-27 14:40:00,36,109,68,104,317
2024-03-27 14:50:00,35,113,77,113,338
2024-03-27 15:00:00,34,100,74,105,313
2024-03-27 15:10:00,47,122,75,111,355
2024-03-27 15:20:00,44,118,72,105,339
2024-03-27 15:30:00,41,140,81,130,392
2024-03-27 15:40:00,52,134,91,116,393
2024-03-27 15:50:00,65,137,91,129,422
2024-03-27 16:00:00,58,172,83,151,464
2024-03-27 16:10:00,80,141,115,131,467
2024-03-27 16:20:00,69,146,113,143,471
2024-03-27 16:30:00,67,145,104,136,452
2024-03-27 16:40:00,74,125,111,120,430
2024-03-27 16:50:00,87,137,117,127,468
2024-03-27 17:00:00,92,142,109,125,468
2024-03-27 17:10:00,75,157,104,149,485
2024-03-27 17:20:00,61,131,89,112,393
2024-03-27 17:30:00,87,97,92,106,382
2024-03-27 17:40:00,97,118,93,116,424
2024-03-27 17:50:00,64,102,73,105,344
2024-03-27 18:00:00,81,119,88,124,412
2024-03-27 18:10:00,65,147,78,135,425
2024-03-27 18:20:00,67,115,79,106,367
2024-03-27 18:30:00,76,97,81,90,344
2024-03-27 18:40:00,53,117,62,107,339
2024-03-27 18:50:00,47,88,52,80,267
2024-03-27 19:00:00,52,101,51,85,289
2024-03-27 19:10:00,53,57,52,57,219
2024-03-27 19:20:00,48,63,47,61,219
2024-03-27 19:30:00,43,62,45,59,209
2024-03-27 19:40:00,37,44,36,42,159
2024-03-27 19:50:00,30,33,32,34,129
2024-03-27 20:00:00,21,37,30,41,129
2024-03-27 20:10:00,30,32,32,35,129
2024-03-27 20:20:00,32,43,35,45,155
2024-03-27 20:30:00,25,34,26,32,117
2024-03-27 20:40:00,20,49,23,50,142
2024-03-27 20:50:00,16,40,17,36,109
2024-03-27 21:00:00,32,34,30,31,127
2024-03-27 21:10:00,27,17,29,17,90
2024-03-27 21:20:00,25,45,24,44,138
2024-03-27 21:30:00,25,29,25,27,106
2024-03-27 21:40:00,25,31,25,31,112
2024-03-27 21:50:00,24,24,24,25,97
2024-03-27 22:00:00,21,29,22,27,99
2024-03-27 22:10:00,22,21,23,22,88
2024-03-27 22:20:00,17,37,18,38,110
2024-03-27 22:30:00,21,14,22,15,72
2024-03-27 22:40:00,17,23,17,22,79
2024-03-27 22:50:00,16,13,16,12,57
2024-03-27 23:00:00,10,20,10,19,59
2024-03-27 23:10:00,8,18,8,17,51
2024-03-27 23:20:00,8,12,8,11,39
2024-03-27 23:30:00,11,10,13,11,45
2024-03-27 23:40:00,9,5,9,5,28
2024-03-27 23:50:00,11,13,12,11,47
2024-03-28 00:00:00,2,5,2,5,14
2024-03-28 00:10:00,6,8,6,8,28
2024-03-28 00:20:00,4,9,4,10,27
2024-03-28 00:30:00,4,11,4,12,31
2024-03-28 00:40:00,2,7,2,7,18
2024-03-28 00:50:00,1,8,1,8,18
2024-03-28 01:00:00,3,9,3,10,25
2024-03-28 01:10:00,3,7,3,7,20
2024-03-28 01:20:00,2,4,2,4,12
2024-03-28 01:30:00,3,3,3,3,12
2024-03-28 01:40:00,1,1,1,1,4
2024-03-28 01:50:00,3,6,3,6,18
2024-03-28 02:00:00,3,1,3,1,8
2024-03-28 02:10:00,0,2,0,2,4
2024-03-28 02:20:00,1,3,1,3,8
2024-03-28 02:30:00,0,3,0,3,6
2024-03-28 02:40:00,0,2,0,2,4
2024-03-28 02:50:00,1,3,1,3,8
2024-03-28 03:00:00,2,2,2,2,8
2024-03-28 03:10:00,0,3,0,3,6
2024-03-28 03:20:00,7,2,7,2,18
2024-03-28 03:30:00,0,0,0,0,0
2024-03-28 03:40:00,0,3,0,3,6
2024-03-28 03:50:00,4,4,4,3,15
2024-03-28 04:00:00,2,3,2,3,10
2024-03-28 04:10:00,3,3,3,4,13
2024-03-28 04:20:00,7,4,7,4,22
2024-03-28 04:30:00,6,5,6,5,22
2024-03-28 04:40:00,3,3,3,3,12
2024-03-28 04:50:00,9,4,9,3,25
2024-03-28 05:00:00,12,4,13,5,34
2024-03-28 05:10:00,13,9,14,10,46
2024-03-28 05:20:00,27,16,27,17,87
2024-03-28 05:30:00,43,14,44,11,112
2024-03-28 05:40:00,45,14,45,14,118
2024-03-28 05:50:00,32,18,45,16,111
2024-03-28 06:00:00,0,13,45,13,71
2024-03-28 06:10:00,0,31,55,26,112
2024-03-28 06:20:00,0,46,91,48,185
2024-03-28 06:30:00,0,32,72,34,138
2024-03-28 06:40:00,0,29,61,29,119
2024-03-28 06:50:00,0,58,79,59,196
2024-03-28 07:00:00,0,38,88,42,168
2024-03-28 07:10:00,0,57,82,58,197
2024-03-28 07:20:00,4,63,67,56,190
2024-03-28 07:30:00,50,59,95,62,266
2024-03-28 07:40:00,53,57,79,51,240
2024-03-28 07:50:00,98,66,101,66,331
2024-03-28 08:00:00,85,46,84,51,266
2024-03-28 08:10:00,98,57,94,60,309
2024-03-28 08:20:00,92,61,100,66,319
2024-03-28 08:30:00,103,62,116,63,344
2024-03-28 08:40:00,96,88,108,84,376
2024-03-28 08:50:00,110,63,115,61,349
2024-03-28 09:00:00,79,76,87,69,311
2024-03-28 09:10:00,105,61,112,61,339
2024-03-28 09:20:00,98,67,111,70,346
2024-03-28 09:30:00,91,58,99,58,306
2024-03-28 09:40:00,89,62,87,63,301
2024-03-28 09:50:00,67,63,93,59,282
2024-03-28 10:00:00,62,83,73,76,294
2024-03-28 10:10:00,77,66,81,63,287
2024-03-28 10:20:00,54,67,64,68,253
2024-03-28 10:30:00,70,53,83,55,261
2024-03-28 10:40:00,70,70,80,68,288
2024-03-28 10:50:00,61,39,81,40,221
2024-03-28 11:00:00,48,70,76,67,261
2024-03-28 11:10:00,22,70,61,70,223
2024-03-28 11:20:00,24,58,62,66,210
2024-03-28 11:30:00,49,69,75,68,261
2024-03-28 11:40:00,35,68,63,66,232
2024-03-28 11:50:00,43,59,61,64,227
2024-03-28 12:00:00,41,71,75,75,262
2024-03-28 12:10:00,32,92,54,86,264
2024-03-28 12:20:00,41,92,68,84,285
2024-03-28 12:30:00,42,70,61,59,232
2024-03-28 12:40:00,51,69,72,80,272
2024-03-28 12:50:00,34,86,79,81,280
2024-03-28 13:00:00,35,91,74,90,290
2024-03-28 13:10:00,38,73,73,77,261
2024-03-28 13:20:00,37,93,66,88,284
2024-03-28 13:30:00,35,82,66,89,272
2024-03-28 13:40:00,20,93,67,92,272
2024-03-28 13:50:00,43,81,79,88,291
2024-03-28 14:00:00,27,81,69,78,255
2024-03-28 14:10:00,40,82,72,91,285
2024-03-28 14:20:00,26,117,74,117,334
2024-03-28 14:30:00,30,110,65,107,312
2024-03-28 14:40:00,54,121,93,116,384
2024-03-28 14:50:00,34,107,80,108,329
2024-03-28 15:00:00,35,108,76,105,324
2024-03-28 15:10:00,33,119,77,123,352
2024-03-28 15:20:00,29,111,75,118,333
2024-03-28 15:30:00,42,142,86,140,410
2024-03-28 15:40:00,43,112,93,122,370
2024-03-28 15:50:00,39,96,90,104,329
2024-03-28 16:00:00,42,102,91,99,334
2024-03-28 16:10:00,42,111,65,120,338
2024-03-28 16:20:00,48,109,97,120,374
2024-03-28 16:30:00,37,145,72,132,386
2024-03-28 16:40:00,33,103,81,105,322
2024-03-28 16:50:00,64,129,87,127,407
2024-03-28 17:00:00,85,115,97,120,417
2024-03-28 17:10:00,72,115,75,121,383
2024-03-28 17:20:00,64,75,83,71,293
2024-03-28 17:30:00,62,85,90,121,358
2024-03-28 17:40:00,59,122,95,140,416
2024-03-28 17:50:00,52,107,61,101,321
2024-03-28 18:00:00,58,88,88,96,330
2024-03-28 18:10:00,50,83,64,82,279
2024-03-28 18:20:00,36,115,48,115,314
2024-03-28 18:30:00,62,106,78,108,354
2024-03-28 18:40:00,59,83,66,84,292
2024-03-28 18:50:00,64,91,64,96,315
2024-03-28 19:00:00,57,80,63,73,273
2024-03-28 19:10:00,53,96,56,83,288
2024-03-28 19:20:00,49,64,50,56,219
2024-03-28 19:30:00,55,52,58,51,216
2024-03-28 19:40:00,36,80,36,68,220
2024-03-28 19:50:00,30,52,30,51,163
2024-03-28 20:00:00,29,64,30,59,182
2024-03-28 20:10:00,41,45,40,48,174
2024-03-28 20:20:00,35,71,37,66,209
2024-03-28 20:30:00,29,37,30,34,130
2024-03-28 20:40:00,24,55,24,51,154
2024-03-28 20:50:00,27,43,28,42,140
2024-03-28 21:00:00,19,42,19,37,117
2024-03-28 21:10:00,26,48,27,39,140
2024-03-28 21:20:00,33,54,33,48,168
2024-03-28 21:30:00,30,33,31,32,126
2024-03-28 21:40:00,27,40,27,38,132
2024-03-28 21:50:00,30,34,30,30,124
2024-03-28 22:00:00,19,38,22,34,113
2024-03-28 22:10:00,18,57,19,47,141
2024-03-28 22:20:00,20,56,20,46,142
2024-03-28 22:30:00,21,30,21,25,97
2024-03-28 22:40:00,17,35,18,28,98
2024-03-28 22:50:00,24,39,24,28,115
2024-03-28 23:00:00,16,40,16,30,102
2024-03-28 23:10:00,11,18,11,14,54
2024-03-28 23:20:00,16,44,16,34,110
2024-03-28 23:30:00,15,25,15,20,75
2024-03-28 23:40:00,11,20,11,17,59
2024-03-28 23:50:00,8,20,8,17,53
2024-03-29 00:00:00,4,25,4,20,53
2024-03-29 00:10:00,13,18,14,14,59
2024-03-29 00:20:00,8,21,9,15,53
2024-03-29 00:30:00,8,13,8,12,41
2024-03-29 00:40:00,9,10,9,8,36
2024-03-29 00:50:00,11,7,10,7,35
2024-03-29 01:00:00,9,15,9,12,45
2024-03-29 01:10:00,8,11,8,9,36
2024-03-29 01:20:00,6,12,6,10,34
2024-03-29 01:30:00,9,12,8,11,40
2024-03-29 01:40:00,2,11,2,8,23
2024-03-29 01:50:00,4,11,4,9,28
2024-03-29 02:00:00,4,13,4,9,30
2024-03-29 02:10:00,3,9,3,6,21
2024-03-29 02:20:00,2,8,3,8,21
2024-03-29 02:30:00,3,5,3,4,15
2024-03-29 02:40:00,3,5,2,6,16
2024-03-29 02:50:00,5,8,6,6,25
2024-03-29 03:00:00,2,1,2,1,6
2024-03-29 03:10:00,2,8,2,6,18
2024-03-29 03:20:00,0,11,0,9,20
2024-03-29 03:30:00,2,10,2,9,23
2024-03-29 03:40:00,1,6,1,5,13
2024-03-29 03:50:00,0,0,0,0,0
2024-03-29 04:00:00,1,2,1,2,6
2024-03-29 04:10:00,3,6,3,4,16
2024-03-29 04:20:00,2,5,2,5,14
2024-03-29 04:30:00,1,0,1,0,2
2024-03-29 04:40:00,1,1,1,1,4
2024-03-29 04:50:00,3,7,3,9,22
2024-03-29 05:00:00,7,7,7,3,24
2024-03-29 05:10:00,5,9,5,8,27
2024-03-29 05:20:00,9,2,9,2,22
2024-03-29 05:30:00,23,9,22,7,61
2024-03-29 05:40:00,5,7,5,5,22
2024-03-29 05:50:00,5,4,6,3,18
2024-03-29 06:00:00,2,17,2,14,35
2024-03-29 06:10:00,12,9,11,8,40
2024-03-29 06:20:00,8,21,8,19,56
2024-03-29 06:30:00,12,13,10,9,44
2024-03-29 06:40:00,9,14,9,10,42
2024-03-29 06:50:00,8,4,9,5,26
2024-03-29 07:00:00,7,6,6,6,25
2024-03-29 07:10:00,6,10,6,11,33
2024-03-29 07:20:00,11,11,11,11,44
2024-03-29 07:30:00,8,8,11,8,35
2024-03-29 07:40:00,6,10,7,8,31
2024-03-29 07:50:00,18,6,15,7,46
2024-03-29 08:00:00,13,9,15,8,45
2024-03-29 08:10:00,19,13,16,13,61
2024-03-29 08:20:00,15,14,16,12,57
2024-03-29 08:30:00,17,12,16,12,57
2024-03-29 08:40:00,22,18,21,18,79
2024-03-29 08:50:00,23,17,16,18,74
2024-03-29 09:00:00,19,23,21,23,86
2024-03-29 09:10:00,37,22,36,23,118
2024-03-29 09:20:00,23,24,24,23,94
2024-03-29 09:30:00,29,32,31,34,126
2024-03-29 09:40:00,39,42,39,40,160
2024-03-29 09:50:00,35,36,31,35,137
2024-03-29 10:00:00,44,32,41,34,151
2024-03-29 10:10:00,29,50,31,41,151
2024-03-29 10:20:00,44,38,38,40,160
2024-03-29 10:30:00,39,58,38,55,190
2024-03-29 10:40:00,34,53,34,48,169
2024-03-29 10:50:00,42,51,47,46,186
2024-03-29 11:00:00,34,45,35,45,159
2024-03-29 11:10:00,42,66,43,60,211
2024-03-29 11:20:00,36,56,39,54,185
2024-03-29 11:30:00,28,67,34,63,192
2024-03-29 11:40:00,50,55,55,51,211
2024-03-29 11:50:00,30,52,40,53,175
2024-03-29 12:00:00,25,60,44,60,189
2024-03-29 12:10:00,29,58,43,55,185
2024-03-29 12:20:00,28,73,43,70,214
2024-03-29 12:30:00,29,50,39,46,164
2024-03-29 12:40:00,36,42,58,44,180
2024-03-29 12:50:00,40,77,43,76,236
2024-03-29 13:00:00,41,59,38,61,199
2024-03-29 13:10:00,26,57,26,52,161
2024-03-29 13:20:00,35,50,40,43,168
2024-03-29 13:30:00,45,59,49,58,211
2024-03-29 13:40:00,46,56,48,53,203
2024-03-29 13:50:00,41,67,45,64,217
2024-03-29 14:00:00,38,56,45,54,193
2024-03-29 14:10:00,48,68,59,61,236
2024-03-29 14:20:00,47,77,55,71,250
2024-03-29 14:30:00,46,61,45,59,211
2024-03-29 14:40:00,46,77,51,72,246
2024-03-29 14:50:00,71,54,71,52,248
2024-03-29 15:00:00,51,51,53,49,204
2024-03-29 15:10:00,49,65,49,60,223
2024-03-29 15:20:00,34,34,39,32,139
2024-03-29 15:30:00,49,55,45,51,200
2024-03-29 15:40:00,43,61,51,62,217
2024-03-29 15:50:00,38,45,42,40,165
2024-03-29 16:00:00,44,63,47,61,215
2024-03-29 16:10:00,48,60,52,65,225
2024-03-29 16:20:00,32,56,36,57,181
2024-03-29 16:30:00,48,74,54,68,244
2024-03-29 16:40:00,48,60,44,61,213
2024-03-29 16:50:00,44,57,41,52,194
2024-03-29 17:00:00,46,42,47,39,174
2024-03-29 17:10:00,41,38,40,50,169
2024-03-29 17:20:00,36,43,37,50,166
2024-03-29 17:30:00,54,41,53,47,195
2024-03-29 17:40:00,47,48,46,46,187
2024-03-29 17:50:00,46,33,46,55,180
2024-03-29 18:00:00,50,35,45,50,180
2024-03-29 18:10:00,41,50,38,49,178
2024-03-29 18:20:00,53,60,53,62,228
2024-03-29 18:30:00,43,42,40,39,164
2024-03-29 18:40:00,50,61,50,53,214
2024-03-29 18:50:00,51,66,51,58,226
2024-03-29 19:00:00,28,48,41,47,164
2024-03-29 19:10:00,44,52,49,43,188
2024-03-29 19:20:00,35,38,40,36,149
2024-03-29 19:30:00,37,37,36,41,151
2024-03-29 19:40:00,28,39,31,36,134
2024-03-29 19:50:00,29,46,33,39,147
2024-03-29 20:00:00,28,51,31,41,151
2024-03-29 20:10:00,32,47,33,42,154
2024-03-29 20:20:00,20,39,22,37,118
2024-03-29 20:30:00,32,52,37,45,166
2024-03-29 20:40:00,19,36,22,31,108
2024-03-29 20:50:00,22,34,22,29,107
2024-03-29 21:00:00,19,29,19,24,91
2024-03-29 21:10:00,20,35,19,33,107
2024-03-29 21:20:00,18,35,20,28,101
2024-03-29 21:30:00,23,42,23,38,126
2024-03-29 21:40:00,17,37,19,37,110
2024-03-29 21:50:00,26,32,26,26,110
2024-03-29 22:00:00,17,44,18,33,112
2024-03-29 22:10:00,19,39,21,35,114
2024-03-29 22:20:00,16,30,20,23,89
2024-03-29 22:30:00,15,30,15,23,83
2024-03-29 22:40:00,19,33,20,27,99
2024-03-29 22:50:00,13,27,12,26,78
2024-03-29 23:00:00,14,21,17,20,72
2024-03-29 23:10:00,19,32,21,24,96
2024-03-29 23:20:00,15,19,16,14,64
2024-03-29 23:30:00,11,17,15,17,60
2024-03-29 23:40:00,10,10,10,10,40
2024-03-29 23:50:00,7,17,8,14,46
2024-03-30 00:00:00,11,23,12,19,65
2024-03-30 00:10:00,18,14,18,12,62
2024-03-30 00:20:00,8,14,9,11,42
2024-03-30 00:30:00,6,12,6,10,34
2024-03-30 00:40:00,9,11,9,10,39
2024-03-30 00:50:00,7,9,8,9,33
2024-03-30 01:00:00,6,6,6,6,24
2024-03-30 01:10:00,4,13,4,9,30
2024-03-30 01:20:00,5,16,5,12,38
2024-03-30 01:30:00,5,3,6,4,18
2024-03-30 01:40:00,5,6,5,5,21
2024-03-30 01:50:00,3,4,3,4,14
2024-03-30 02:00:00,6,3,6,4,19
2024-03-30 02:10:00,0,1,0,1,2
2024-03-30 02:20:00,4,7,4,5,20
2024-03-30 02:30:00,4,4,2,4,14
2024-03-30 02:40:00,3,9,3,6,21
2024-03-30 02:50:00,1,13,1,11,26
2024-03-30 03:00:00,3,6,3,5,17
2024-03-30 03:10:00,4,9,4,7,24
2024-03-30 03:20:00,2,1,2,1,6
2024-03-30 03:30:00,1,2,1,2,6
2024-03-30 03:40:00,0,5,0,4,9
2024-03-30 03:50:00,1,6,1,4,12
2024-03-30 04:00:00,7,1,7,1,16
2024-03-30 04:10:00,5,4,5,3,17
2024-03-30 04:20:00,1,5,1,5,12
2024-03-30 04:30:00,3,3,3,2,11
2024-03-30 04:40:00,4,2,5,2,13
2024-03-30 04:50:00,3,6,3,5,17
2024-03-30 05:00:00,3,3,3,2,11
2024-03-30 05:10:00,11,9,10,6,36
2024-03-30 05:20:00,7,9,7,6,29
2024-03-30 05:30:00,13,3,13,2,31
2024-03-30 05:40:00,5,3,5,3,16
2024-03-30 05:50:00,7,6,7,7,27
2024-03-30 06:00:00,6,6,6,6,24
2024-03-30 06:10:00,0,7,7,7,21
2024-03-30 06:20:00,0,15,9,14,38
2024-03-30 06:30:00,0,10,13,10,33
2024-03-30 06:40:00,0,14,11,13,38
2024-03-30 06:50:00,0,10,10,12,32
2024-03-30 07:00:00,0,12,6,11,29
2024-03-30 07:10:00,0,13,14,15,42
2024-03-30 07:20:00,6,8,11,9,34
2024-03-30 07:30:00,24,10,26,11,71
2024-03-30 07:40:00,14,19,15,16,64
2024-03-30 07:50:00,22,14,21,14,71
2024-03-30 08:00:00,22,10,22,10,64
2024-03-30 08:10:00,30,21,30,23,104
2024-03-30 08:20:00,25,20,25,25,95
2024-03-30 08:30:00,19,23,21,25,88
2024-03-30 08:40:00,20,35,24,35,114
2024-03-30 08:50:00,36,42,40,37,155
2024-03-30 09:00:00,41,30,45,33,149
2024-03-30 09:10:00,48,35,50,40,173
2024-03-30 09:20:00,48,26,49,27,150
2024-03-30 09:30:00,44,39,46,41,170
2024-03-30 09:40:00,52,52,50,51,205
2024-03-30 09:50:00,54,57,58,55,224
2024-03-30 10:00:00,46,68,50,62,226
2024-03-30 10:10:00,42,59,47,54,202
2024-03-30 10:20:00,49,49,54,53,205
2024-03-30 10:30:00,57,66,62,66,251
2024-03-30 10:40:00,61,62,65,68,256
2024-03-30 10:50:00,65,44,66,47,222
2024-03-30 11:00:00,56,49,56,54,215
2024-03-30 11:10:00,59,65,67,67,258
2024-03-30 11:20:00,55,55,62,55,227
2024-03-30 11:30:00,56,60,68,64,248
2024-03-30 11:40:00,45,70,54,71,240
2024-03-30 11:50:00,42,77,68,72,259
2024-03-30 12:00:00,52,72,63,68,255
2024-03-30 12:10:00,34,73,50,68,225
2024-03-30 12:20:00,44,103,49,91,287
2024-03-30 12:30:00,58,69,63,62,252
2024-03-30 12:40:00,46,84,51,81,262
2024-03-30 12:50:00,49,65,51,58,223
2024-03-30 13:00:00,50,68,56,68,242
2024-03-30 13:10:00,47,76,58,69,250
2024-03-30 13:20:00,64,92,72,92,320
2024-03-30 13:30:00,54,104,56,95,309
2024-03-30 13:40:00,48,71,52,70,241
2024-03-30 13:50:00,48,96,49,80,273
2024-03-30 14:00:00,55,79,60,74,268
2024-03-30 14:10:00,73,80,76,75,304
2024-03-30 14:20:00,53,91,70,86,300
2024-03-30 14:30:00,52,68,58,70,248
2024-03-30 14:40:00,55,86,58,76,275
2024-03-30 14:50:00,75,75,80,70,300
2024-03-30 15:00:00,43,77,54,74,248
2024-03-30 15:10:00,55,87,61,87,290
2024-03-30 15:20:00,62,75,67,69,273
2024-03-30 15:30:00,62,66,66,59,253
2024-03-30 15:40:00,45,67,49,66,227
2024-03-30 15:50:00,42,66,50,57,215
2024-03-30 16:00:00,73,67,75,68,283
2024-03-30 16:10:00,58,71,61,68,258
2024-03-30 16:20:00,45,71,51,61,228
2024-03-30 16:30:00,38,54,43,47,182
2024-03-30 16:40:00,53,69,62,63,247
2024-03-30 16:50:00,55,60,60,59,234
2024-03-30 17:00:00,52,74,58,66,250
2024-03-30 17:10:00,62,65,70,60,257
2024-03-30 17:20:00,39,59,47,49,194
2024-03-30 17:30:00,49,62,57,61,229
2024-03-30 17:40:00,47,57,51,61,216
2024-03-30 17:50:00,52,50,62,52,216
2024-03-30 18:00:00,43,68,52,67,230
2024-03-30 18:10:00,47,47,52,52,198
2024-03-30 18:20:00,50,63,55,65,233
2024-03-30 18:30:00,50,65,55,63,233
2024-03-30 18:40:00,45,42,45,46,178
2024-03-30 18:50:00,45,51,48,51,195
2024-03-30 19:00:00,41,72,52,56,221
2024-03-30 19:10:00,43,62,44,52,201
2024-03-30 19:20:00,26,56,28,47,157
2024-03-30 19:30:00,31,38,31,35,135
2024-03-30 19:40:00,29,49,30,43,151
2024-03-30 19:50:00,35,36,36,34,141
2024-03-30 20:00:00,38,43,39,44,164
2024-03-30 20:10:00,23,41,23,36,123
2024-03-30 20:20:00,22,42,22,37,123
2024-03-30 20:30:00,25,38,27,34,124
2024-03-30 20:40:00,33,47,35,43,158
2024-03-30 20:50:00,27,46,27,41,141
2024-03-30 21:00:00,28,39,28,33,128
2024-03-30 21:10:00,35,23,34,22,114
2024-03-30 21:20:00,23,28,26,28,105
2024-03-30 21:30:00,20,26,20,25,91
2024-03-30 21:40:00,21,29,21,26,97
2024-03-30 21:50:00,23,25,24,25,97
2024-03-30 22:00:00,21,40,22,36,119
2024-03-30 22:10:00,20,45,21,37,123
2024-03-30 22:20:00,14,31,18,22,85
2024-03-30 22:30:00,19,33,20,26,98
2024-03-30 22:40:00,23,41,23,32,119
2024-03-30 22:50:00,12,43,14,36,105
2024-03-30 23:00:00,13,33,14,26,86
2024-03-30 23:10:00,11,26,11,24,72
2024-03-30 23:20:00,15,37,15,28,95
2024-03-30 23:30:00,18,31,18,26,93
2024-03-30 23:40:00,18,13,19,11,61
2024-03-30 23:50:00,19,20,18,16,73
2024-03-31 00:00:00,10,25,10,19,64
2024-03-31 00:10:00,9,22,9,17,57
2024-03-31 00:20:00,15,26,15,22,78
2024-03-31 00:30:00,3,25,3,22,53
2024-03-31 00:40:00,9,17,9,13,48
2024-03-31 00:50:00,7,14,7,14,42
2024-03-31 01:00:00,7,24,7,18,56
2024-03-31 01:10:00,8,23,8,20,59
2024-03-31 01:20:00,4,9,4,8,25
2024-03-31 01:30:00,6,24,8,18,56
2024-03-31 01:40:00,10,12,13,7,42
2024-03-31 01:50:00,7,14,7,12,40
2024-03-31 02:00:00,0,0,0,0,0
2024-03-31 02:10:00,0,0,0,0,0
2024-03-31 02:20:00,0,0,0,0,0
2024-03-31 02:30:00,0,0,0,0,0
2024-03-31 02:40:00,0,0,0,0,0
2024-03-31 02:50:00,0,0,0,0,0
2024-03-31 03:00:00,5,10,5,8,28
2024-03-31 03:10:00,5,12,5,8,30
2024-03-31 03:20:00,2,16,2,12,32
2024-03-31 03:30:00,4,7,4,7,22
2024-03-31 03:40:00,5,15,5,10,35
2024-03-31 03:50:00,9,14,10,8,41
2024-03-31 04:00:00,3,10,3,7,23
2024-03-31 04:10:00,3,13,3,11,30
2024-03-31 04:20:00,1,7,1,5,14
2024-03-31 04:30:00,4,10,4,6,24
2024-03-31 04:40:00,3,4,3,3,13
2024-03-31 04:50:00,1,5,1,5,12
2024-03-31 05:00:00,3,7,4,7,21
2024-03-31 05:10:00,5,7,7,5,24
2024-03-31 05:20:00,6,8,5,6,25
2024-03-31 05:30:00,6,5,7,4,22
2024-03-31 05:40:00,7,7,9,4,27
2024-03-31 05:50:00,1,2,1,1,5
2024-03-31 06:00:00,5,0,5,2,12
2024-03-31 06:10:00,4,3,4,3,14
2024-03-31 06:20:00,3,16,3,12,34
2024-03-31 06:30:00,5,4,8,6,23
2024-03-31 06:40:00,2,6,3,4,15
2024-03-31 06:50:00,6,2,7,3,18
2024-03-31 07:00:00,4,5,4,7,20
2024-03-31 07:10:00,7,11,6,13,37
2024-03-31 07:20:00,0,5,0,6,11
2024-03-31 07:30:00,4,5,4,5,18
2024-03-31 07:40:00,1,3,5,3,12
2024-03-31 07:50:00,9,7,12,5,33
2024-03-31 08:00:00,6,7,6,9,28
2024-03-31 08:10:00,5,2,10,2,19
2024-03-31 08:20:00,0,11,11,11,33
2024-03-31 08:30:00,0,13,9,11,33
2024-03-31 08:40:00,0,13,13,13,39
2024-03-31 08:50:00,0,24,20,24,68
2024-03-31 09:00:00,0,20,18,17,55
2024-03-31 09:10:00,0,18,18,20,56
2024-03-31 09:20:00,3,32,19,31,85
2024-03-31 09:30:00,11,41,34,42,128
2024-03-31 09:40:00,19,42,39,39,139
2024-03-31 09:50:00,24,51,44,47,166
2024-03-31 10:00:00,2,34,31,34,101
2024-03-31 10:10:00,21,69,36,61,187
2024-03-31 10:20:00,23,60,35,60,178
2024-03-31 10:30:00,13,57,34,60,164
2024-03-31 10:40:00,18,62,41,60,181
2024-03-31 10:50:00,20,74,46,70,210
2024-03-31 11:00:00,15,61,32,56,164
2024-03-31 11:10:00,27,66,50,63,206
2024-03-31 11:20:00,23,73,54,67,217
2024-03-31 11:30:00,18,91,46,90,245
2024-03-31 11:40:00,29,85,74,82,270
2024-03-31 11:50:00,33,109,58,102,302
2024-03-31 12:00:00,23,88,49,82,242
2024-03-31 12:10:00,24,100,63,92,279
2024-03-31 12:20:00,38,75,73,78,264
2024-03-31 12:30:00,31,74,73,73,251
2024-03-31 12:40:00,28,78,57,75,238
2024-03-31 12:50:00,20,63,50,66,199
2024-03-31 13:00:00,18,58,38,59,173
2024-03-31 13:10:00,16,68,51,68,203
2024-03-31 13:20:00,30,70,60,68,228
2024-03-31 13:30:00,23,58,51,62,194
2024-03-31 13:40:00,25,59,56,60,200
2024-03-31 13:50:00,19,69,47,67,202
2024-03-31 14:00:00,29,84,55,82,250
2024-03-31 14:10:00,20,59,50,58,187
2024-03-31 14:20:00,14,86,53,81,234
2024-03-31 14:30:00,18,77,48,69,212
2024-03-31 14:40:00,26,80,70,65,241
2024-03-31 14:50:00,20,94,58,81,253
2024-03-31 15:00:00,21,65,51,58,195
2024-03-31 15:10:00,23,58,68,57,206
2024-03-31 15:20:00,37,46,52,47,182
2024-03-31 15:30:00,50,60,64,65,239
2024-03-31 15:40:00,20,51,58,53,182
2024-03-31 15:50:00,16,58,44,55,173
2024-03-31 16:00:00,24,56,62,60,202
2024-03-31 16:10:00,20,69,58,67,214
2024-03-31 16:20:00,21,54,58,50,183
2024-03-31 16:30:00,22,65,48,58,193
2024-03-31 16:40:00,27,61,72,51,211
2024-03-31 16:50:00,23,54,60,56,193
2024-03-31 17:00:00,48,77,65,75,265
2024-03-31 17:10:00,54,43,61,45,203
2024-03-31 17:20:00,76,52,86,53,267
2024-03-31 17:30:00,61,51,71,53,236
2024-03-31 17:40:00,55,67,66,65,253
2024-03-31 17:50:00,67,45,79,47,238
2024-03-31 18:00:00,37,52,67,53,209
2024-03-31 18:10:00,54,76,64,77,271
2024-03-31 18:20:00,43,72,65,75,255
2024-03-31 18:30:00,58,50,81,54,243
2024-03-31 18:40:00,60,42,72,51,225
2024-03-31 18:50:00,53,55,63,63,234
2024-03-31 19:00:00,45,66,57,70,238
2024-03-31 19:10:00,55,54,63,59,231
2024-03-31 19:20:00,49,60,59,52,220
2024-03-31 19:30:00,55,59,58,57,229
2024-03-31 19:40:00,52,49,55,51,207
2024-03-31 19:50:00,51,52,51,39,193
2024-03-31 20:00:00,54,62,53,48,217
2024-03-31 20:10:00,41,44,42,40,167
2024-03-31 20:20:00,38,58,37,50,183
2024-03-31 20:30:00,42,43,46,42,173
2024-03-31 20:40:00,44,45,47,42,178
2024-03-31 20:50:00,29,47,29,42,147
2024-03-31 21:00:00,48,35,48,31,162
2024-03-31 21:10:00,39,37,39,33,148
2024-03-31 21:20:00,41,41,42,38,162
2024-03-31 21:30:00,34,54,34,50,172
2024-03-31 21:40:00,44,44,46,41,175
2024-03-31 21:50:00,33,34,34,27,128
2024-03-31 22:00:00,24,29,25,26,104
2024-03-31 22:10:00,27,33,29,29,118
2024-03-31 22:20:00,19,38,22,33,112
2024-03-31 22:30:00,30,22,31,17,100
2024-03-31 22:40:00,28,29,29,22,108
2024-03-31 22:50:00,17,27,18,21,83
2024-03-31 23:00:00,12,29,11,20,72
2024-03-31 23:10:00,12,17,12,15,56
2024-03-31 23:20:00,15,27,15,20,77
2024-03-31 23:30:00,17,29,19,20,85
2024-03-31 23:40:00,9,19,10,14,52
2024-03-31 23:50:00,13,17,13,11,54
2024-04-01 00:00:00,10,20,11,14,55
2024-04-01 00:10:00,9,14,9,9,41
2024-04-01 00:20:00,12,10,15,9,46
2024-04-01 00:30:00,9,13,10,11,43
2024-04-01 00:40:00,5,10,5,7,27
2024-04-01 00:50:00,8,21,7,17,53
2024-04-01 01:00:00,2,14,2,14,32
2024-04-01 01:10:00,3,20,3,12,38
2024-04-01 01:20:00,3,14,3,12,32
2024-04-01 01:30:00,8,17,9,16,50
2024-04-01 01:40:00,4,16,4,11,35
2024-04-01 01:50:00,4,3,4,3,14
2024-04-01 02:00:00,6,12,7,9,34
2024-04-01 02:10:00,3,9,3,6,21
2024-04-01 02:20:00,3,3,3,3,12
2024-04-01 02:30:00,2,3,2,3,10
2024-04-01 02:40:00,1,5,1,5,12
2024-04-01 02:50:00,2,3,3,3,11
2024-04-01 03:00:00,0,6,0,4,10
2024-04-01 03:10:00,3,2,3,1,9
2024-04-01 03:20:00,1,4,1,4,10
2024-04-01 03:30:00,2,6,2,6,16
2024-04-01 03:40:00,2,3,2,3,10
2024-04-01 03:50:00,6,5,6,3,20
2024-04-01 04:00:00,1,6,1,4,12
2024-04-01 04:10:00,1,6,1,5,13
2024-04-01 04:20:00,3,4,3,2,12
2024-04-01 04:30:00,2,7,2,5,16
2024-04-01 04:40:00,3,9,6,8,26
2024-04-01 04:50:00,2,4,2,3,11
2024-04-01 05:00:00,2,4,2,2,10
2024-04-01 05:10:00,4,4,4,3,15
2024-04-01 05:20:00,8,4,9,4,25
2024-04-01 05:30:00,11,5,14,5,35
2024-04-01 05:40:00,6,7,6,5,24
2024-04-01 05:50:00,0,2,0,2,4
2024-04-01 06:00:00,4,5,4,3,16
2024-04-01 06:10:00,4,8,4,8,24
2024-04-01 06:20:00,8,14,10,15,47
2024-04-01 06:30:00,1,6,1,6,14
2024-04-01 06:40:00,4,7,4,5,20
2024-04-01 06:50:00,1,4,1,4,10
2024-04-01 07:00:00,2,5,3,4,14
2024-04-01 07:10:00,7,4,7,5,23
2024-04-01 07:20:00,2,6,3,6,17
2024-04-01 07:30:00,2,6,2,6,16
2024-04-01 07:40:00,9,2,6,5,22
2024-04-01 07:50:00,7,9,9,12,37
2024-04-01 08:00:00,5,5,5,6,21
2024-04-01 08:10:00,5,4,5,5,19
2024-04-01 08:20:00,10,6,7,7,30
2024-04-01 08:30:00,14,9,10,9,42
2024-04-01 08:40:00,12,20,10,22,64
2024-04-01 08:50:00,14,16,15,15,60
2024-04-01 09:00:00,13,21,11,22,67
2024-04-01 09:10:00,19,19,18,19,75
2024-04-01 09:20:00,19,33,19,29,100
2024-04-01 09:30:00,25,27,25,22,99
2024-04-01 09:40:00,29,56,26,52,163
2024-04-01 09:50:00,21,43,24,41,129
2024-04-01 10:00:00,30,26,32,25,113
2024-04-01 10:10:00,25,46,25,41,137
2024-04-01 10:20:00,29,56,28,54,167
2024-04-01 10:30:00,35,46,36,45,162
2024-04-01 10:40:00,35,48,38,43,164
2024-04-01 10:50:00,39,44,42,42,167
2024-04-01 11:00:00,35,52,35,50,172
2024-04-01 11:10:00,45,62,49,57,213
2024-04-01 11:20:00,45,60,45,55,205
2024-04-01 11:30:00,42,53,42,49,186
2024-04-01 11:40:00,54,75,52,73,254
2024-04-01 11:50:00,39,53,46,57,195
2024-04-01 12:00:00,49,59,52,55,215
2024-04-01 12:10:00,49,68,57,63,237
2024-04-01 12:20:00,51,68,57,67,243
2024-04-01 12:30:00,40,66,43,61,210
2024-04-01 12:40:00,45,71,48,66,230
2024-04-01 12:50:00,44,56,47,58,205
2024-04-01 13:00:00,50,47,54,51,202
2024-04-01 13:10:00,34,45,45,51,175
2024-04-01 13:20:00,51,72,57,64,244
2024-04-01 13:30:00,45,56,52,56,209
2024-04-01 13:40:00,56,52,67,51,226
2024-04-01 13:50:00,54,74,61,73,262
2024-04-01 14:00:00,46,60,53,54,213
2024-04-01 14:10:00,50,70,53,65,238
2024-04-01 14:20:00,69,73,69,71,282
2024-04-01 14:30:00,55,99,58,91,303
2024-04-01 14:40:00,64,72,66,69,271
2024-04-01 14:50:00,66,63,75,59,263
2024-04-01 15:00:00,55,68,68,64,255
2024-04-01 15:10:00,68,72,74,72,286
2024-04-01 15:20:00,41,73,51,67,232
2024-04-01 15:30:00,79,59,87,54,279
2024-04-01 15:40:00,49,65,56,63,233
2024-04-01 15:50:00,45,74,47,69,235
2024-04-01 16:00:00,46,55,53,46,200
2024-04-01 16:10:00,60,58,61,54,233
2024-04-01 16:20:00,42,50,43,50,185
2024-04-01 16:30:00,51,83,66,77,277
2024-04-01 16:40:00,50,56,50,56,212
2024-04-01 16:50:00,73,40,81,45,239
2024-04-01 17:00:00,57,59,60,61,237
2024-04-01 17:10:00,69,47,70,54,240
2024-04-01 17:20:00,67,71,66,67,271
2024-04-01 17:30:00,61,52,66,53,232
2024-04-01 17:40:00,56,62,61,64,243
2024-04-01 17:50:00,59,49,60,50,218
2024-04-01 18:00:00,74,53,73,58,258
2024-04-01 18:10:00,62,63,61,64,250
2024-04-01 18:20:00,45,59,67,60,231
2024-04-01 18:30:00,34,53,47,54,188
2024-04-01 18:40:00,39,46,54,47,186
2024-04-01 18:50:00,43,45,50,47,185
2024-04-01 19:00:00,51,60,61,53,225
2024-04-01 19:10:00,65,53,76,53,247
2024-04-01 19:20:00,60,56,67,57,240
2024-04-01 19:30:00,53,74,62,66,255
2024-04-01 19:40:00,54,56,54,56,220
2024-04-01 19:50:00,64,52,69,46,231
2024-04-01 20:00:00,44,68,48,57,217
2024-04-01 20:10:00,40,39,40,38,157
2024-04-01 20:20:00,44,49,47,47,187
2024-04-01 20:30:00,28,51,31,43,153
2024-04-01 20:40:00,36,49,40,40,165
2024-04-01 20:50:00,52,40,58,33,183
2024-04-01 21:00:00,42,39,46,38,165
2024-04-01 21:10:00,40,34,44,30,148
2024-04-01 21:20:00,39,22,38,21,120
2024-04-01 21:30:00,33,34,32,34,133
2024-04-01 21:40:00,15,20,17,20,72
2024-04-01 21:50:00,21,31,21,26,99
2024-04-01 22:00:00,21,36,22,28,107
2024-04-01 22:10:00,23,31,22,28,104
2024-04-01 22:20:00,21,37,25,29,112
2024-04-01 22:30:00,23,23,25,18,89
2024-04-01 22:40:00,12,38,12,31,93
2024-04-01 22:50:00,18,22,18,21,79
2024-04-01 23:00:00,14,24,14,17,69
2024-04-01 23:10:00,8,11,9,11,39
2024-04-01 23:20:00,9,21,8,17,55
2024-04-01 23:30:00,5,11,5,10,31
2024-04-01 23:40:00,5,14,5,10,34
2024-04-01 23:50:00,10,7,11,4,32
2024-04-02 00:00:00,7,10,7,9,33
2024-04-02 00:10:00,0,5,0,5,10
2024-04-02 00:20:00,8,7,8,7,30
2024-04-02 00:30:00,6,16,6,11,39
2024-04-02 00:40:00,2,6,2,4,14
2024-04-02 00:50:00,1,4,1,4,10
2024-04-02 01:00:00,4,5,5,4,18
2024-04-02 01:10:00,2,5,2,4,13
2024-04-02 01:20:00,2,15,2,9,28
2024-04-02 01:30:00,0,5,0,5,10
2024-04-02 01:40:00,2,5,2,4,13
2024-04-02 01:50:00,1,1,1,1,4
2024-04-02 02:00:00,2,0,2,0,4
2024-04-02 02:10:00,2,5,2,4,13
2024-04-02 02:20:00,2,2,2,2,8
2024-04-02 02:30:00,1,2,1,2,6
2024-04-02 02:40:00,0,2,0,1,3
2024-04-02 02:50:00,4,6,4,4,18
2024-04-02 03:00:00,3,2,3,2,10
2024-04-02 03:10:00,3,2,3,2,10
2024-04-02 03:20:00,0,3,0,2,5
2024-04-02 03:30:00,1,2,1,2,6
2024-04-02 03:40:00,1,4,1,3,9
2024-04-02 03:50:00,5,4,5,3,17
2024-04-02 04:00:00,2,1,2,1,6
2024-04-02 04:10:00,9,8,9,6,32
2024-04-02 04:20:00,5,8,5,8,26
2024-04-02 04:30:00,9,0,9,0,18
2024-04-02 04:40:00,6,5,6,4,21
2024-04-02 04:50:00,3,10,3,7,23
2024-04-02 05:00:00,15,10,16,8,49
2024-04-02 05:10:00,24,14,24,15,77
2024-04-02 05:20:00,19,8,20,7,54
2024-04-02 05:30:00,51,15,53,15,134
2024-04-02 05:40:00,45,18,46,14,123
2024-04-02 05:50:00,48,14,48,12,122
2024-04-02 06:00:00,61,18,61,17,157
2024-04-02 06:10:00,52,28,52,28,160
2024-04-02 06:20:00,74,42,74,42,232
2024-04-02 06:30:00,69,33,70,34,206
2024-04-02 06:40:00,92,49,96,51,288
2024-04-02 06:50:00,96,51,99,51,297
2024-04-02 07:00:00,88,58,84,54,284
2024-04-02 07:10:00,89,60,92,47,288
2024-04-02 07:20:00,72,77,101,77,327
2024-04-02 07:30:00,75,65,87,61,288
2024-04-02 07:40:00,86,91,93,88,358
2024-04-02 07:50:00,99,74,104,65,342
2024-04-02 08:00:00,75,37,89,39,240
2024-04-02 08:10:00,63,65,69,61,258
2024-04-02 08:20:00,92,67,102,71,332
2024-04-02 08:30:00,84,48,99,53,284
2024-04-02 08:40:00,103,71,124,68,366
2024-04-02 08:50:00,83,95,95,86,359
2024-04-02 09:00:00,61,63,69,57,250
2024-04-02 09:10:00,83,68,96,68,315
2024-04-02 09:20:00,68,73,73,64,278
2024-04-02 09:30:00,65,56,73,54,248
2024-04-02 09:40:00,52,61,64,49,226
2024-04-02 09:50:00,65,59,78,62,264
2024-04-02 10:00:00,41,59,57,54,211
2024-04-02 10:10:00,38,68,57,61,224
2024-04-02 10:20:00,32,77,50,73,232
2024-04-02 10:30:00,46,48,61,49,204
2024-04-02 10:40:00,44,57,67,54,222
2024-04-02 10:50:00,36,49,61,49,195
2024-04-02 11:00:00,45,71,66,65,247
2024-04-02 11:10:00,32,59,47,59,197
2024-04-02 11:20:00,37,67,49,60,213
2024-04-02 11:30:00,41,71,68,69,249
2024-04-02 11:40:00,35,57,53,55,200
2024-04-02 11:50:00,40,59,50,55,204
2024-04-02 12:00:00,45,68,70,62,245
2024-04-02 12:10:00,47,75,77,66,265
2024-04-02 12:20:00,42,62,87,65,256
2024-04-02 12:30:00,49,79,68,72,268
2024-04-02 12:40:00,46,65,74,65,250
2024-04-02 12:50:00,48,61,70,58,237
2024-04-02 13:00:00,36,68,46,68,218
2024-04-02 13:10:00,48,64,83,66,261
2024-04-02 13:20:00,31,78,59,81,249
2024-04-02 13:30:00,50,73,73,72,268
2024-04-02 13:40:00,37,93,58,82,270
2024-04-02 13:50:00,38,71,56,60,225
2024-04-02 14:00:00,47,81,53,81,262
2024-04-02 14:10:00,30,85,58,75,248
2024-04-02 14:20:00,59,95,79,84,317
2024-04-02 14:30:00,33,78,48,83,242
2024-04-02 14:40:00,36,102,68,103,309
2024-04-02 14:50:00,32,94,61,85,272
2024-04-02 15:00:00,24,85,48,75,232
2024-04-02 15:10:00,37,81,53,80,251
2024-04-02 15:20:00,36,119,74,109,338
2024-04-02 15:30:00,52,135,70,124,381
2024-04-02 15:40:00,55,107,66,113,341
2024-04-02 15:50:00,42,110,63,107,322
2024-04-02 16:00:00,63,110,76,109,358
2024-04-02 16:10:00,55,118,68,116,357
2024-04-02 16:20:00,55,105,89,107,356
2024-04-02 16:30:00,38,144,79,123,384
2024-04-02 16:40:00,56,113,77,108,354
2024-04-02 16:50:00,64,104,72,103,343
2024-04-02 17:00:00,42,135,63,112,352
2024-04-02 17:10:00,61,135,73,143,412
2024-04-02 17:20:00,76,108,93,108,385
2024-04-02 17:30:00,63,99,74,102,338
2024-04-02 17:40:00,70,100,86,101,357
2024-04-02 17:50:00,66,75,72,83,296
2024-04-02 18:00:00,38,88,56,87,269
2024-04-02 18:10:00,59,42,66,43,210
2024-04-02 18:20:00,77,0,81,0,158
2024-04-02 18:30:00,43,0,45,0,88
2024-04-02 18:40:00,40,11,55,11,117
2024-04-02 18:50:00,36,61,57,63,217
2024-04-02 19:00:00,38,68,47,67,220
2024-04-02 19:10:00,32,62,56,58,208
2024-04-02 19:20:00,44,60,56,58,218
2024-04-02 19:30:00,27,61,38,55,181
2024-04-02 19:40:00,29,44,34,43,150
2024-04-02 19:50:00,32,51,33,51,167
2024-04-02 20:00:00,35,52,39,43,169
2024-04-02 20:10:00,27,52,27,42,148
2024-04-02 20:20:00,29,32,30,31,122
2024-04-02 20:30:00,22,41,23,37,123
2024-04-02 20:40:00,22,25,22,24,93
2024-04-02 20:50:00,32,34,32,34,132
2024-04-02 21:00:00,32,36,33,35,136
2024-04-02 21:10:00,28,41,29,38,136
2024-04-02 21:20:00,35,30,34,29,128
2024-04-02 21:30:00,24,32,24,27,107
2024-04-02 21:40:00,21,23,20,22,86
2024-04-02 21:50:00,11,26,12,26,75
2024-04-02 22:00:00,22,29,22,29,102
2024-04-02 22:10:00,22,40,22,33,117
2024-04-02 22:20:00,16,37,16,32,101
2024-04-02 22:30:00,17,31,17,27,92
2024-04-02 22:40:00,13,22,12,20,67
2024-04-02 22:50:00,13,24,14,18,69
2024-04-02 23:00:00,9,22,10,18,59
2024-04-02 23:10:00,16,18,16,18,68
2024-04-02 23:20:00,11,14,12,13,50
2024-04-02 23:30:00,5,9,6,7,27
2024-04-02 23:40:00,5,20,5,17,47
2024-04-02 23:50:00,4,10,4,9,27
2024-04-03 00:00:00,3,10,3,10,26
2024-04-03 00:10:00,3,7,3,6,19
2024-04-03 00:20:00,5,4,5,4,18
2024-04-03 00:30:00,7,16,6,11,40
2024-04-03 00:40:00,4,8,4,7,23
2024-04-03 00:50:00,4,2,4,3,13
2024-04-03 01:00:00,2,5,2,5,14
2024-04-03 01:10:00,3,5,3,4,15
2024-04-03 01:20:00,3,9,3,6,21
2024-04-03 01:30:00,5,6,5,4,20
2024-04-03 01:40:00,4,8,4,5,21
2024-04-03 01:50:00,3,2,3,4,12
2024-04-03 02:00:00,1,2,1,1,5
2024-04-03 02:10:00,1,3,1,2,7
2024-04-03 02:20:00,1,2,1,1,5
2024-04-03 02:30:00,2,4,2,4,12
2024-04-03 02:40:00,1,2,1,2,6
2024-04-03 02:50:00,3,2,3,2,10
2024-04-03 03:00:00,1,4,1,4,10
2024-04-03 03:10:00,4,0,4,0,8
2024-04-03 03:20:00,3,1,3,1,8
2024-04-03 03:30:00,1,3,1,3,8
2024-04-03 03:40:00,2,1,2,1,6
2024-04-03 03:50:00,3,3,5,2,13
2024-04-03 04:00:00,4,3,4,2,13
2024-04-03 04:10:00,2,6,2,4,14
2024-04-03 04:20:00,3,5,3,6,17
2024-04-03 04:30:00,3,8,3,7,21
2024-04-03 04:40:00,8,3,7,3,21
2024-04-03 04:50:00,11,3,11,3,28
2024-04-03 05:00:00,9,12,9,10,40
2024-04-03 05:10:00,13,16,13,14,56
2024-04-03 05:20:00,27,14,27,13,81
2024-04-03 05:30:00,39,12,40,11,102
2024-04-03 05:40:00,46,16,47,15,124
2024-04-03 05:50:00,38,25,38,20,121
2024-04-03 06:00:00,62,8,62,6,138
2024-04-03 06:10:00,60,22,60,21,163
2024-04-03 06:20:00,78,43,78,40,239
2024-04-03 06:30:00,69,42,67,39,217
2024-04-03 06:40:00,117,53,119,49,338
2024-04-03 06:50:00,103,42,107,40,292
2024-04-03 07:00:00,88,46,91,47,272
2024-04-03 07:10:00,83,48,88,45,264
2024-04-03 07:20:00,89,75,94,72,330
2024-04-03 07:30:00,88,64,100,68,320
2024-04-03 07:40:00,94,73,97,72,336
2024-04-03 07:50:00,88,80,105,84,357
2024-04-03 08:00:00,66,53,88,53,260
2024-04-03 08:10:00,74,56,101,59,290
2024-04-03 08:20:00,68,82,84,79,313
2024-04-03 08:30:00,72,82,97,76,327
2024-04-03 08:40:00,82,64,102,72,320
2024-04-03 08:50:00,63,68,74,66,271
2024-04-03 09:00:00,71,69,83,65,288
2024-04-03 09:10:00,67,73,82,76,298
2024-04-03 09:20:00,63,74,75,62,274
2024-04-03 09:30:00,51,70,71,66,258
2024-04-03 09:40:00,37,58,62,51,208
2024-04-03 09:50:00,59,82,85,72,298
2024-04-03 10:00:00,42,55,68,60,225
2024-04-03 10:10:00,52,68,80,67,267
2024-04-03 10:20:00,33,59,60,57,209
2024-04-03 10:30:00,42,59,73,55,229
2024-04-03 10:40:00,47,70,83,67,267
2024-04-03 10:50:00,39,69,59,66,233
2024-04-03 11:00:00,34,60,70,58,222
2024-04-03 11:10:00,45,47,62,50,204
2024-04-03 11:20:00,58,56,78,61,253
2024-04-03 11:30:00,38,71,72,65,246
2024-04-03 11:40:00,32,66,71,62,231
2024-04-03 11:50:00,53,66,80,62,261
2024-04-03 12:00:00,28,63,51,63,205
2024-04-03 12:10:00,44,52,77,52,225
2024-04-03 12:20:00,34,73,65,72,244
2024-04-03 12:30:00,34,52,62,51,199
2024-04-03 12:40:00,33,56,75,54,218
2024-04-03 12:50:00,23,65,70,63,221
2024-04-03 13:00:00,28,66,55,68,217
2024-04-03 13:10:00,39,78,75,68,260
2024-04-03 13:20:00,25,90,64,76,255
2024-04-03 13:30:00,35,62,63,67,227
2024-04-03 13:40:00,50,90,65,94,299
2024-04-03 13:50:00,48,72,66,71,257
2024-04-03 14:00:00,30,79,47,80,236
2024-04-03 14:10:00,38,90,52,88,268
2024-04-03 14:20:00,42,104,65,96,307
2024-04-03 14:30:00,33,81,56,78,248
2024-04-03 14:40:00,60,101,77,105,343
2024-04-03 14:50:00,48,96,67,94,305
2024-04-03 15:00:00,69,88,84,92,333
2024-04-03 15:10:00,53,116,68,109,346
2024-04-03 15:20:00,44,96,68,95,303
2024-04-03 15:30:00,45,108,64,104,321
2024-04-03 15:40:00,54,124,74,117,369
2024-04-03 15:50:00,49,137,73,131,390
2024-04-03 16:00:00,45,131,63,124,363
2024-04-03 16:10:00,39,161,65,147,412
2024-04-03 16:20:00,38,144,73,137,392
2024-04-03 16:30:00,42,135,70,130,377
2024-04-03 16:40:00,35,128,75,122,360
2024-04-03 16:50:00,56,165,88,147,456
2024-04-03 17:00:00,58,124,69,124,375
2024-04-03 17:10:00,57,155,77,150,439
2024-04-03 17:20:00,58,159,69,148,434
2024-04-03 17:30:00,57,154,62,143,416
2024-04-03 17:40:00,52,104,65,104,325
2024-04-03 17:50:00,50,134,66,138,388
2024-04-03 18:00:00,40,114,64,109,327
2024-04-03 18:10:00,59,95,77,99,330
2024-04-03 18:20:00,40,104,75,109,328
2024-04-03 18:30:00,27,101,59,104,291
2024-04-03 18:40:00,44,84,53,76,257
2024-04-03 18:50:00,39,65,43,67,214
2024-04-03 19:00:00,65,68,72,83,288
2024-04-03 19:10:00,30,62,50,62,204
2024-04-03 19:20:00,40,66,53,65,224
2024-04-03 19:30:00,26,70,35,77,208
2024-04-03 19:40:00,28,49,32,52,161
2024-04-03 19:50:00,27,32,31,32,122
2024-04-03 20:00:00,25,44,27,45,141
2024-04-03 20:10:00,35,38,39,36,148
2024-04-03 20:20:00,25,48,25,47,145
2024-04-03 20:30:00,26,33,26,29,114
2024-04-03 20:40:00,26,35,26,28,115
2024-04-03 20:50:00,33,44,34,38,149
2024-04-03 21:00:00,23,29,25,28,105
2024-04-03 21:10:00,23,52,24,44,143
2024-04-03 21:20:00,28,33,28,29,118
2024-04-03 21:30:00,27,21,27,19,94
2024-04-03 21:40:00,21,45,22,36,124
2024-04-03 21:50:00,23,37,24,34,118
2024-04-03 22:00:00,19,23,19,22,83
2024-04-03 22:10:00,18,39,18,31,106
2024-04-03 22:20:00,21,49,23,39,132
2024-04-03 22:30:00,17,25,16,18,76
2024-04-03 22:40:00,18,28,17,20,83
2024-04-03 22:50:00,14,34,14,27,89
2024-04-03 23:00:00,10,30,11,22,73
2024-04-03 23:10:00,3,27,3,19,52
2024-04-03 23:20:00,8,14,8,10,40
2024-04-03 23:30:00,4,15,4,13,36
2024-04-03 23:40:00,10,12,10,8,40
2024-04-03 23:50:00,5,8,6,8,27
2024-04-04 00:00:00,3,9,4,8,24
2024-04-04 00:10:00,7,15,8,13,43
2024-04-04 00:20:00,4,5,4,4,17
2024-04-04 00:30:00,7,2,7,3,19
2024-04-04 00:40:00,2,7,3,6,18
2024-04-04 00:50:00,4,8,4,8,24
2024-04-04 01:00:00,4,10,4,7,25
2024-04-04 01:10:00,7,2,7,2,18
2024-04-04 01:20:00,0,10,0,11,21
2024-04-04 01:30:00,1,4,1,4,10
2024-04-04 01:40:00,3,1,3,2,9
2024-04-04 01:50:00,3,6,3,4,16
2024-04-04 02:00:00,3,3,3,7,16
2024-04-04 02:10:00,0,3,0,3,6
2024-04-04 02:20:00,2,2,2,2,8
2024-04-04 02:30:00,3,0,3,0,6
2024-04-04 02:40:00,3,2,3,2,10
2024-04-04 02:50:00,3,3,3,4,13
2024-04-04 03:00:00,0,2,0,2,4
2024-04-04 03:10:00,2,4,2,3,11
2024-04-04 03:20:00,2,2,2,2,8
2024-04-04 03:30:00,1,1,1,1,4
2024-04-04 03:40:00,5,4,6,2,17
2024-04-04 03:50:00,1,6,1,6,14
2024-04-04 04:00:00,3,1,3,1,8
2024-04-04 04:10:00,4,1,4,1,10
2024-04-04 04:20:00,7,5,8,4,24
2024-04-04 04:30:00,4,5,4,4,17
2024-04-04 04:40:00,7,9,7,7,30
2024-04-04 04:50:00,6,4,6,4,20
2024-04-04 05:00:00,10,10,10,10,40
2024-04-04 05:10:00,15,12,15,10,52
2024-04-04 05:20:00,21,16,23,14,74
2024-04-04 05:30:00,43,14,44,11,112
2024-04-04 05:40:00,51,17,56,16,140
2024-04-04 05:50:00,34,11,36,14,95
2024-04-04 06:00:00,53,17,54,12,136
2024-04-04 06:10:00,57,31,60,29,177
2024-04-04 06:20:00,74,44,74,35,227
2024-04-04 06:30:00,71,43,71,43,228
2024-04-04 06:40:00,97,38,102,38,275
2024-04-04 06:50:00,111,58,107,58,334
2024-04-04 07:00:00,76,46,85,41,248
2024-04-04 07:10:00,95,42,100,46,283
2024-04-04 07:20:00,79,63,97,62,301
2024-04-04 07:30:00,88,68,98,72,326
2024-04-04 07:40:00,82,63,102,62,309
2024-04-04 07:50:00,80,84,107,79,350
2024-04-04 08:00:00,59,65,96,66,286
2024-04-04 08:10:00,0,62,103,64,229
2024-04-04 08:20:00,1,58,90,63,212
2024-04-04 08:30:00,14,69,124,63,270
2024-04-04 08:40:00,75,76,123,78,352
2024-04-04 08:50:00,63,52,90,54,259
2024-04-04 09:00:00,34,68,81,62,245
2024-04-04 09:10:00,58,64,84,58,264
2024-04-04 09:20:00,44,72,68,69,253
2024-04-04 09:30:00,49,68,71,64,252
2024-04-04 09:40:00,32,66,59,62,219
2024-04-04 09:50:00,37,67,76,64,244
2024-04-04 10:00:00,42,61,74,64,241
2024-04-04 10:10:00,26,64,52,60,202
2024-04-04 10:20:00,32,61,69,57,219
2024-04-04 10:30:00,50,51,81,54,236
2024-04-04 10:40:00,56,67,97,67,287
2024-04-04 10:50:00,44,47,72,49,212
2024-04-04 11:00:00,45,64,82,62,253
2024-04-04 11:10:00,49,64,76,59,248
2024-04-04 11:20:00,34,61,64,64,223
2024-04-04 11:30:00,26,62,68,60,216
2024-04-04 11:40:00,22,68,66,67,223
2024-04-04 11:50:00,45,56,65,56,222
2024-04-04 12:00:00,50,74,76,71,271
2024-04-04 12:10:00,34,74,68,75,251
2024-04-04 12:20:00,41,80,60,75,256
2024-04-04 12:30:00,36,75,68,68,247
2024-04-04 12:40:00,47,57,69,56,229
2024-04-04 12:50:00,40,80,66,70,256
2024-04-04 13:00:00,29,70,45,67,211
2024-04-04 13:10:00,39,44,61,70,214
2024-04-04 13:20:00,41,84,63,78,266
2024-04-04 13:30:00,45,81,63,74,263
2024-04-04 13:40:00,59,69,73,66,267
2024-04-04 13:50:00,50,76,69,71,266
2024-04-04 14:00:00,34,104,49,92,279
2024-04-04 14:10:00,39,71,65,70,245
2024-04-04 14:20:00,36,114,65,106,321
2024-04-04 14:30:00,44,92,80,91,307
2024-04-04 14:40:00,47,100,88,97,332
2024-04-04 14:50:00,42,101,73,94,310
2024-04-04 15:00:00,68,95,78,94,335
2024-04-04 15:10:00,41,104,65,90,300
2024-04-04 15:20:00,41,126,84,121,372
2024-04-04 15:30:00,56,126,81,115,378
2024-04-04 15:40:00,56,114,78,113,361
2024-04-04 15:50:00,53,129,87,123,392
2024-04-04 16:00:00,58,150,95,141,444
2024-04-04 16:10:00,69,143,92,138,442
2024-04-04 16:20:00,32,136,81,143,392
2024-04-04 16:30:00,15,127,84,139,365
2024-04-04 16:40:00,29,140,101,144,414
2024-04-04 16:50:00,46,126,73,128,373
2024-04-04 17:00:00,31,116,69,118,334
2024-04-04 17:10:00,64,131,75,128,398
2024-04-04 17:20:00,45,130,97,126,398
2024-04-04 17:30:00,72,113,85,116,386
2024-04-04 17:40:00,67,122,80,127,396
2024-04-04 17:50:00,74,107,90,105,376
2024-04-04 18:00:00,44,87,74,88,293
2024-04-04 18:10:00,35,96,70,99,300
2024-04-04 18:20:00,41,109,77,111,338
2024-04-04 18:30:00,27,86,81,87,281
2024-04-04 18:40:00,29,97,71,94,291
2024-04-04 18:50:00,16,87,58,88,249
2024-04-04 19:00:00,32,69,50,68,219
2024-04-04 19:10:00,59,85,60,78,282
2024-04-04 19:20:00,38,59,46,57,200
2024-04-04 19:30:00,41,66,53,63,223
2024-04-04 19:40:00,19,56,36,53,164
2024-04-04 19:50:00,24,46,40,44,154
2024-04-04 20:00:00,30,53,36,48,167
2024-04-04 20:10:00,30,31,30,31,122
2024-04-04 20:20:00,22,56,25,47,150
2024-04-04 20:30:00,32,42,29,40,143
2024-04-04 20:40:00,25,38,28,30,121
2024-04-04 20:50:00,35,37,36,35,143
2024-04-04 21:00:00,22,49,23,44,138
2024-04-04 21:10:00,25,38,25,36,124
2024-04-04 21:20:00,22,34,22,30,108
2024-04-04 21:30:00,22,39,26,32,119
2024-04-04 21:40:00,16,22,17,23,78
2024-04-04 21:50:00,22,38,26,35,121
2024-04-04 22:00:00,13,22,15,19,69
2024-04-04 22:10:00,16,46,18,37,117
2024-04-04 22:20:00,23,46,27,43,139
2024-04-04 22:30:00,23,26,24,18,91
2024-04-04 22:40:00,12,31,17,26,86
2024-04-04 22:50:00,15,38,17,29,99
2024-04-04 23:00:00,11,49,11,41,112
2024-04-04 23:10:00,16,26,16,20,78
2024-04-04 23:20:00,10,8,11,7,36
2024-04-04 23:30:00,5,23,5,17,50
2024-04-04 23:40:00,7,10,7,8,32
2024-04-04 23:50:00,4,12,4,11,31
2024-04-05 00:00:00,5,7,5,9,26
2024-04-05 00:10:00,4,9,4,11,28
2024-04-05 00:20:00,3,9,3,7,22
2024-04-05 00:30:00,5,12,4,8,29
2024-04-05 00:40:00,2,4,2,4,12
2024-04-05 00:50:00,2,1,2,2,7
2024-04-05 01:00:00,2,5,2,4,13
2024-04-05 01:10:00,4,13,4,10,31
2024-04-05 01:20:00,2,1,2,1,6
2024-04-05 01:30:00,2,7,2,5,16
2024-04-05 01:40:00,3,4,3,3,13
2024-04-05 01:50:00,0,3,0,3,6
2024-04-05 02:00:00,0,0,0,0,0
