datetime,V21Z,V22Z,V81Z,V82Z,V321Z,Total
2024-03-01 01:00:00,1,4,0,2,0,7
2024-03-01 01:10:00,0,5,2,2,0,9
2024-03-01 01:20:00,0,1,2,3,0,6
2024-03-01 01:30:00,1,8,1,3,0,13
2024-03-01 01:40:00,2,2,0,2,0,6
2024-03-01 01:50:00,0,3,2,3,0,8
2024-03-01 02:00:00,2,1,2,1,0,6
2024-03-01 02:10:00,1,2,0,3,0,6
2024-03-01 02:20:00,1,5,0,0,0,6
2024-03-01 02:30:00,1,4,0,0,0,5
2024-03-01 02:40:00,1,2,0,1,0,4
2024-03-01 02:50:00,0,0,0,1,0,1
2024-03-01 03:00:00,1,4,0,0,0,5
2024-03-01 03:10:00,0,3,0,0,0,3
2024-03-01 03:20:00,1,8,0,3,0,12
2024-03-01 03:30:00,0,4,1,4,0,9
2024-03-01 03:40:00,1,6,1,2,0,10
2024-03-01 03:50:00,0,1,0,0,0,1
2024-03-01 04:00:00,0,1,1,2,0,4
2024-03-01 04:10:00,1,4,4,4,0,13
2024-03-01 04:20:00,1,1,3,1,0,6
2024-03-01 04:30:00,2,2,2,7,0,13
2024-03-01 04:40:00,3,1,1,3,0,8
2024-03-01 04:50:00,1,5,7,6,0,19
2024-03-01 05:00:00,1,0,7,16,0,24
2024-03-01 05:10:00,1,9,5,13,0,28
2024-03-01 05:20:00,0,6,15,20,0,41
2024-03-01 05:30:00,1,17,29,20,0,67
2024-03-01 05:40:00,5,19,28,32,0,84
2024-03-01 05:50:00,2,20,31,23,0,76
2024-03-01 06:00:00,2,21,31,31,0,85
2024-03-01 06:10:00,7,25,31,21,1,85
2024-03-01 06:20:00,4,25,39,28,0,96
2024-03-01 06:30:00,1,20,40,25,0,86
2024-03-01 06:40:00,3,20,44,35,0,102
2024-03-01 06:50:00,6,26,43,35,0,110
2024-03-01 07:00:00,3,21,55,31,4,114
2024-03-01 07:10:00,1,23,54,37,3,118
2024-03-01 07:20:00,3,24,60,48,3,138
2024-03-01 07:30:00,7,29,69,56,3,164
2024-03-01 07:40:00,3,35,56,47,3,144
2024-03-01 07:50:00,7,21,68,49,5,150
2024-03-01 08:00:00,15,22,64,44,9,154
2024-03-01 08:10:00,9,30,55,40,5,139
2024-03-01 08:20:00,4,20,64,56,5,149
2024-03-01 08:30:00,2,33,45,43,5,128
2024-03-01 08:40:00,5,25,56,47,5,138
2024-03-01 08:50:00,0,25,58,44,6,133
2024-03-01 09:00:00,1,27,51,50,4,133
2024-03-01 09:10:00,3,35,51,44,4,137
2024-03-01 09:20:00,1,24,37,48,5,115
2024-03-01 09:30:00,3,30,51,49,8,141
2024-03-01 09:40:00,8,31,40,34,10,123
2024-03-01 09:50:00,8,40,39,48,8,143
2024-03-01 10:00:00,8,42,32,41,5,128
2024-03-01 10:10:00,7,44,36,45,5,137
2024-03-01 10:20:00,2,35,40,37,6,120
2024-03-01 10:30:00,0,40,36,43,4,123
2024-03-01 10:40:00,0,36,30,45,6,117
2024-03-01 10:50:00,6,44,32,51,2,135
2024-03-01 11:00:00,4,32,33,41,6,116
2024-03-01 11:10:00,4,39,35,48,4,130
2024-03-01 11:20:00,7,44,38,43,4,136
2024-03-01 11:30:00,3,34,44,56,7,144
2024-03-01 11:40:00,0,40,32,42,5,119
2024-03-01 11:50:00,8,40,27,40,6,121
2024-03-01 12:00:00,4,36,34,54,6,134
2024-03-01 12:10:00,2,47,35,49,6,139
2024-03-01 12:20:00,11,34,32,37,6,120
2024-03-01 12:30:00,13,43,36,49,4,145
2024-03-01 12:40:00,2,36,29,47,7,121
2024-03-01 12:50:00,9,25,29,48,7,118
2024-03-01 13:00:00,12,41,36,46,7,142
2024-03-01 13:10:00,5,38,33,51,9,136
2024-03-01 13:20:00,15,30,38,51,7,141
2024-03-01 13:30:00,20,35,36,38,6,135
2024-03-01 13:40:00,5,30,34,41,9,119
2024-03-01 13:50:00,30,37,37,50,8,162
2024-03-01 14:00:00,10,40,27,51,6,134
2024-03-01 14:10:00,9,44,33,45,8,139
2024-03-01 14:20:00,11,51,36,47,5,150
2024-03-01 14:30:00,16,39,24,44,4,127
2024-03-01 14:40:00,11,41,34,50,5,141
2024-03-01 14:50:00,30,41,31,40,5,147
2024-03-01 15:00:00,36,42,20,51,5,154
2024-03-01 15:10:00,35,43,38,34,6,156
2024-03-01 15:20:00,41,32,26,33,5,137
2024-03-01 15:30:00,27,32,36,43,6,144
2024-03-01 15:40:00,32,35,26,47,9,149
2024-03-01 15:50:00,32,37,25,46,4,144
2024-03-01 16:00:00,36,38,27,45,7,153
2024-03-01 16:10:00,31,23,23,45,5,127
2024-03-01 16:20:00,29,35,19,49,6,138
2024-03-01 16:30:00,30,32,26,48,8,144
2024-03-01 16:40:00,23,34,19,39,9,124
2024-03-01 16:50:00,30,33,33,44,5,145
2024-03-01 17:00:00,41,48,31,41,7,168
2024-03-01 17:10:00,25,26,34,42,9,136
2024-03-01 17:20:00,31,35,30,35,7,138
2024-03-01 17:30:00,32,34,25,39,6,136
2024-03-01 17:40:00,29,33,19,37,4,122
2024-03-01 17:50:00,26,21,26,39,7,119
2024-03-01 18:00:00,29,30,14,37,7,117
2024-03-01 18:10:00,23,27,31,41,7,129
2024-03-01 18:20:00,32,30,22,35,2,121
2024-03-01 18:30:00,30,29,20,34,3,116
2024-03-01 18:40:00,25,29,17,23,3,97
2024-03-01 18:50:00,21,41,9,27,3,101
2024-03-01 19:00:00,20,28,19,29,6,102
2024-03-01 19:10:00,4,26,14,24,7,75
2024-03-01 19:20:00,3,30,6,27,2,68
2024-03-01 19:30:00,4,42,14,32,2,94
2024-03-01 19:40:00,2,17,13,22,3,57
2024-03-01 19:50:00,2,28,11,33,1,75
2024-03-01 20:00:00,2,34,13,25,5,79
2024-03-01 20:10:00,1,45,6,24,0,76
2024-03-01 20:20:00,1,28,13,23,1,66
2024-03-01 20:30:00,0,39,6,23,2,70
2024-03-01 20:40:00,8,33,3,20,4,68
2024-03-01 20:50:00,7,31,6,22,1,67
2024-03-01 21:00:00,4,38,8,16,2,68
2024-03-01 21:10:00,0,40,7,26,3,76
2024-03-01 21:20:00,0,40,7,23,1,71
2024-03-01 21:30:00,0,31,11,19,2,63
2024-03-01 21:40:00,3,34,6,24,2,69
2024-03-01 21:50:00,1,32,8,18,0,59
2024-03-01 22:00:00,0,29,5,23,0,57
2024-03-01 22:10:00,0,31,5,18,0,54
2024-03-01 22:20:00,0,37,3,17,0,57
2024-03-01 22:30:00,0,22,3,19,0,44
2024-03-01 22:40:00,0,30,5,15,0,50
2024-03-01 22:50:00,2,22,7,25,1,57
2024-03-01 23:00:00,0,18,4,18,0,40
2024-03-01 23:10:00,1,30,5,17,0,53
2024-03-01 23:20:00,1,25,1,22,0,49
2024-03-01 23:30:00,0,23,7,15,0,45
2024-03-01 23:40:00,0,33,2,14,0,49
2024-03-01 23:50:00,0,22,5,11,0,38
2024-03-02 00:00:00,0,17,3,16,0,36
2024-03-02 00:10:00,0,16,12,16,0,44
2024-03-02 00:20:00,0,17,11,13,0,41
2024-03-02 00:30:00,0,23,5,12,0,40
2024-03-02 00:40:00,0,14,4,5,0,23
2024-03-02 00:50:00,0,9,6,7,0,22
2024-03-02 01:00:00,1,5,3,6,0,15
2024-03-02 01:10:00,0,8,2,4,0,14
2024-03-02 01:20:00,0,12,4,4,0,20
2024-03-02 01:30:00,0,5,2,7,0,14
2024-03-02 01:40:00,0,9,4,10,0,23
2024-03-02 01:50:00,0,8,1,2,0,11
2024-03-02 02:00:00,0,6,2,4,0,12
2024-03-02 02:10:00,1,9,2,4,0,16
2024-03-02 02:20:00,0,15,1,0,0,16
2024-03-02 02:30:00,0,8,0,4,0,12
2024-03-02 02:40:00,0,10,0,1,0,11
2024-03-02 02:50:00,0,2,0,5,0,7
2024-03-02 03:00:00,0,0,0,1,0,1
2024-03-02 03:10:00,0,6,3,7,0,16
2024-03-02 03:20:00,0,8,1,2,0,11
2024-03-02 03:30:00,0,6,1,2,0,9
2024-03-02 03:40:00,0,6,2,1,0,9
2024-03-02 03:50:00,0,4,0,5,0,9
2024-03-02 04:00:00,3,3,0,4,0,10
2024-03-02 04:10:00,0,3,3,5,0,11
2024-03-02 04:20:00,1,4,1,1,0,7
2024-03-02 04:30:00,0,3,0,6,0,9
2024-03-02 04:40:00,0,6,0,6,0,12
2024-03-02 04:50:00,0,3,2,4,0,9
2024-03-02 05:00:00,0,2,1,8,0,11
2024-03-02 05:10:00,0,6,3,9,0,18
2024-03-02 05:20:00,0,6,4,9,0,19
2024-03-02 05:30:00,0,10,12,12,0,34
2024-03-02 05:40:00,0,11,14,19,0,44
2024-03-02 05:50:00,0,9,6,9,0,24
2024-03-02 06:00:00,0,15,3,9,0,27
2024-03-02 06:10:00,1,11,5,6,0,23
2024-03-02 06:20:00,0,10,2,6,0,18
2024-03-02 06:30:00,0,6,3,12,0,21
2024-03-02 06:40:00,0,14,8,13,0,35
2024-03-02 06:50:00,0,15,5,14,0,34
2024-03-02 07:00:00,0,16,6,12,0,34
2024-03-02 07:10:00,2,11,8,10,0,31
2024-03-02 07:20:00,0,15,9,11,0,35
2024-03-02 07:30:00,1,18,10,22,1,52
2024-03-02 07:40:00,0,15,13,26,1,55
2024-03-02 07:50:00,0,20,15,26,2,63
2024-03-02 08:00:00,0,17,8,33,0,58
2024-03-02 08:10:00,0,17,11,24,1,53
2024-03-02 08:20:00,0,12,5,22,0,39
2024-03-02 08:30:00,0,21,12,29,2,64
2024-03-02 08:40:00,1,24,20,26,1,72
2024-03-02 08:50:00,0,20,29,29,1,79
2024-03-02 09:00:00,0,23,15,31,4,73
2024-03-02 09:10:00,0,20,27,31,2,80
2024-03-02 09:20:00,0,27,15,38,1,81
2024-03-02 09:30:00,0,30,20,39,4,93
2024-03-02 09:40:00,0,24,36,44,4,108
2024-03-02 09:50:00,4,35,20,37,3,99
2024-03-02 10:00:00,1,36,42,44,5,128
2024-03-02 10:10:00,2,27,36,43,5,113
2024-03-02 10:20:00,3,30,38,39,3,113
2024-03-02 10:30:00,0,40,34,28,5,107
2024-03-02 10:40:00,2,39,24,41,6,112
2024-03-02 10:50:00,2,40,34,36,7,119
2024-03-02 11:00:00,1,29,24,42,6,102
2024-03-02 11:10:00,3,35,44,44,6,132
2024-03-02 11:20:00,3,43,23,41,4,114
2024-03-02 11:30:00,1,38,25,38,5,107
2024-03-02 11:40:00,4,40,22,40,8,114
2024-03-02 11:50:00,3,38,31,39,8,119
2024-03-02 12:00:00,4,35,34,44,9,126
2024-03-02 12:10:00,5,34,45,57,4,145
2024-03-02 12:20:00,6,27,20,35,10,98
2024-03-02 12:30:00,3,40,33,44,8,128
2024-03-02 12:40:00,0,32,22,22,9,85
2024-03-02 12:50:00,6,36,27,46,5,120
2024-03-02 13:00:00,1,32,16,32,10,91
2024-03-02 13:10:00,7,33,15,38,9,102
2024-03-02 13:20:00,5,41,11,32,7,96
2024-03-02 13:30:00,0,40,14,34,9,97
2024-03-02 13:40:00,9,39,15,35,8,106
2024-03-02 13:50:00,1,40,17,31,9,98
2024-03-02 14:00:00,7,33,10,23,10,83
2024-03-02 14:10:00,8,41,25,37,8,119
2024-03-02 14:20:00,0,31,23,48,7,109
2024-03-02 14:30:00,5,46,21,48,5,125
2024-03-02 14:40:00,2,33,29,44,9,117
2024-03-02 14:50:00,7,36,18,40,11,112
2024-03-02 15:00:00,4,33,13,27,10,87
2024-03-02 15:10:00,0,39,32,49,12,132
2024-03-02 15:20:00,1,44,24,44,7,120
2024-03-02 15:30:00,5,40,28,41,6,120
2024-03-02 15:40:00,6,31,19,34,9,99
2024-03-02 15:50:00,11,32,39,55,11,148
2024-03-02 16:00:00,1,22,21,66,10,120
2024-03-02 16:10:00,3,35,22,42,6,108
2024-03-02 16:20:00,3,31,11,32,11,88
2024-03-02 16:30:00,1,27,15,30,9,82
2024-03-02 16:40:00,2,26,20,37,8,93
2024-03-02 16:50:00,0,36,16,44,7,103
2024-03-02 17:00:00,2,31,29,30,7,99
2024-03-02 17:10:00,5,40,28,42,6,121
2024-03-02 17:20:00,2,37,13,36,7,95
2024-03-02 17:30:00,2,41,18,41,5,107
2024-03-02 17:40:00,2,44,21,42,5,114
2024-03-02 17:50:00,4,38,22,40,4,108
2024-03-02 18:00:00,5,25,17,38,5,90
2024-03-02 18:10:00,4,38,21,40,4,107
2024-03-02 18:20:00,14,31,21,32,7,105
2024-03-02 18:30:00,5,51,15,32,2,105
2024-03-02 18:40:00,4,38,16,25,1,84
2024-03-02 18:50:00,4,28,12,35,5,84
2024-03-02 19:00:00,1,31,10,28,1,71
2024-03-02 19:10:00,2,33,8,31,4,78
2024-03-02 19:20:00,3,29,11,32,3,78
2024-03-02 19:30:00,5,34,13,27,1,80
2024-03-02 19:40:00,1,48,10,30,4,93
2024-03-02 19:50:00,0,29,16,32,4,81
2024-03-02 20:00:00,1,39,11,26,1,78
2024-03-02 20:10:00,1,28,14,24,0,67
2024-03-02 20:20:00,2,31,9,22,1,65
2024-03-02 20:30:00,4,36,15,23,5,83
2024-03-02 20:40:00,0,43,7,18,2,70
2024-03-02 20:50:00,1,28,10,15,1,55
2024-03-02 21:00:00,0,25,17,26,0,68
2024-03-02 21:10:00,3,27,2,20,0,52
2024-03-02 21:20:00,3,27,8,21,1,60
2024-03-02 21:30:00,2,28,6,19,1,56
2024-03-02 21:40:00,0,31,4,16,0,51
2024-03-02 21:50:00,0,29,5,18,1,53
2024-03-02 22:00:00,0,26,5,31,2,64
2024-03-02 22:10:00,0,25,2,20,0,47
2024-03-02 22:20:00,0,29,1,21,0,51
2024-03-02 22:30:00,2,29,3,20,1,55
2024-03-02 22:40:00,0,26,3,28,0,57
2024-03-02 22:50:00,0,36,7,17,0,60
2024-03-02 23:00:00,1,27,7,21,0,56
2024-03-02 23:10:00,0,19,3,13,0,35
2024-03-02 23:20:00,0,26,3,16,1,46
2024-03-02 23:30:00,0,19,2,15,0,36
2024-03-02 23:40:00,1,36,6,15,1,59
2024-03-02 23:50:00,0,24,6,16,0,46
2024-03-03 00:00:00,0,29,3,11,0,43
2024-03-03 00:10:00,0,22,5,8,1,36
2024-03-03 00:20:00,1,13,5,15,0,34
2024-03-03 00:30:00,1,18,5,14,0,38
2024-03-03 00:40:00,0,21,4,10,0,35
2024-03-03 00:50:00,2,11,2,5,1,21
2024-03-03 01:00:00,2,21,0,7,0,30
2024-03-03 01:10:00,0,11,2,9,0,22
2024-03-03 01:20:00,0,18,2,8,0,28
2024-03-03 01:30:00,1,14,2,12,0,29
2024-03-03 01:40:00,1,14,0,4,0,19
2024-03-03 01:50:00,0,6,2,7,0,15
2024-03-03 02:00:00,1,13,4,10,0,28
2024-03-03 02:10:00,0,7,6,9,0,22
2024-03-03 02:20:00,0,7,1,2,0,10
2024-03-03 02:30:00,2,4,3,7,0,16
2024-03-03 02:40:00,0,5,5,7,0,17
2024-03-03 02:50:00,0,3,1,1,0,5
2024-03-03 03:00:00,1,13,1,4,0,19
2024-03-03 03:10:00,0,3,1,3,0,7
2024-03-03 03:20:00,0,10,2,6,0,18
2024-03-03 03:30:00,0,7,0,4,0,11
2024-03-03 03:40:00,0,6,0,4,0,10
2024-03-03 03:50:00,0,5,0,3,0,8
2024-03-03 04:00:00,0,1,5,5,0,11
2024-03-03 04:10:00,0,6,1,2,0,9
2024-03-03 04:20:00,0,7,1,7,0,15
2024-03-03 04:30:00,0,8,1,6,0,15
2024-03-03 04:40:00,0,3,3,4,0,10
2024-03-03 04:50:00,0,4,7,8,0,19
2024-03-03 05:00:00,0,6,6,8,0,20
2024-03-03 05:10:00,0,8,4,7,0,19
2024-03-03 05:20:00,0,3,4,7,0,14
2024-03-03 05:30:00,0,13,2,10,0,25
2024-03-03 05:40:00,0,12,8,9,0,29
2024-03-03 05:50:00,0,7,4,9,0,20
2024-03-03 06:00:00,0,12,2,5,0,19
2024-03-03 06:10:00,0,16,2,5,0,23
2024-03-03 06:20:00,0,3,5,7,0,15
2024-03-03 06:30:00,0,6,2,5,0,13
2024-03-03 06:40:00,0,12,3,6,0,21
2024-03-03 06:50:00,0,8,5,5,0,18
2024-03-03 07:00:00,0,10,4,2,0,16
2024-03-03 07:10:00,0,3,0,1,0,4
2024-03-03 07:20:00,0,2,3,5,0,10
2024-03-03 07:30:00,0,10,7,2,0,19
2024-03-03 07:40:00,0,6,9,7,1,23
2024-03-03 07:50:00,0,9,10,6,0,25
2024-03-03 08:00:00,0,9,3,6,0,18
2024-03-03 08:10:00,0,7,4,8,3,22
2024-03-03 08:20:00,0,6,2,9,2,19
2024-03-03 08:30:00,0,4,8,11,0,23
2024-03-03 08:40:00,1,6,4,9,2,22
2024-03-03 08:50:00,0,13,12,14,3,42
2024-03-03 09:00:00,0,18,14,7,1,40
2024-03-03 09:10:00,1,18,14,20,4,57
2024-03-03 09:20:00,1,21,14,18,4,58
2024-03-03 09:30:00,0,16,14,18,3,51
2024-03-03 09:40:00,1,23,14,17,2,57
2024-03-03 09:50:00,4,28,16,26,3,77
2024-03-03 10:00:00,2,29,16,23,3,73
2024-03-03 10:10:00,0,22,24,31,2,79
2024-03-03 10:20:00,2,27,11,18,3,61
2024-03-03 10:30:00,0,25,14,24,3,66
2024-03-03 10:40:00,0,34,12,32,4,82
2024-03-03 10:50:00,0,25,20,31,3,79
2024-03-03 11:00:00,1,33,11,25,5,75
2024-03-03 11:10:00,0,19,6,30,5,60
2024-03-03 11:20:00,3,29,13,22,5,72
2024-03-03 11:30:00,6,34,12,27,3,82
2024-03-03 11:40:00,3,31,7,32,4,77
2024-03-03 11:50:00,0,31,15,38,5,89
2024-03-03 12:00:00,0,35,19,19,4,77
2024-03-03 12:10:00,1,32,15,17,10,75
2024-03-03 12:20:00,1,33,18,33,5,90
2024-03-03 12:30:00,2,37,24,32,2,97
2024-03-03 12:40:00,0,30,19,21,5,75
2024-03-03 12:50:00,0,40,33,23,1,97
2024-03-03 13:00:00,2,51,20,20,5,98
2024-03-03 13:10:00,0,38,23,22,7,90
2024-03-03 13:20:00,0,52,22,24,2,100
2024-03-03 13:30:00,1,33,18,25,5,82
2024-03-03 13:40:00,1,40,8,21,4,74
2024-03-03 13:50:00,1,26,15,19,7,68
2024-03-03 14:00:00,0,33,19,36,9,97
2024-03-03 14:10:00,3,41,18,31,5,98
2024-03-03 14:20:00,10,37,22,36,3,108
2024-03-03 14:30:00,10,31,14,34,9,98
2024-03-03 14:40:00,7,30,21,33,5,96
2024-03-03 14:50:00,10,40,14,40,4,108
2024-03-03 15:00:00,8,32,16,37,3,96
2024-03-03 15:10:00,9,35,14,42,4,104
2024-03-03 15:20:00,5,28,17,32,8,90
2024-03-03 15:30:00,8,31,27,30,8,104
2024-03-03 15:40:00,12,38,17,34,6,107
2024-03-03 15:50:00,5,28,12,27,10,82
2024-03-03 16:00:00,11,32,20,35,8,106
2024-03-03 16:10:00,8,39,18,34,3,102
2024-03-03 16:20:00,11,26,14,25,7,83
2024-03-03 16:30:00,12,30,17,30,7,96
2024-03-03 16:40:00,9,40,19,40,5,113
2024-03-03 16:50:00,11,28,19,33,4,95
2024-03-03 17:00:00,10,35,19,29,9,102
2024-03-03 17:10:00,10,29,16,28,4,87
2024-03-03 17:20:00,9,41,17,40,3,110
2024-03-03 17:30:00,9,28,13,28,3,81
2024-03-03 17:40:00,14,43,21,35,6,119
2024-03-03 17:50:00,12,31,19,29,6,97
2024-03-03 18:00:00,10,37,14,25,8,94
2024-03-03 18:10:00,6,31,18,40,3,98
2024-03-03 18:20:00,8,26,9,35,1,79
2024-03-03 18:30:00,8,26,11,24,2,71
2024-03-03 18:40:00,11,32,15,22,0,80
2024-03-03 18:50:00,6,38,10,22,2,78
2024-03-03 19:00:00,5,40,8,26,0,79
2024-03-03 19:10:00,9,34,8,15,4,70
2024-03-03 19:20:00,8,25,13,36,3,85
2024-03-03 19:30:00,11,23,8,27,3,72
2024-03-03 19:40:00,6,28,9,30,1,74
2024-03-03 19:50:00,5,27,17,26,1,76
2024-03-03 20:00:00,13,30,8,17,2,70
2024-03-03 20:10:00,3,34,4,22,1,64
2024-03-03 20:20:00,6,23,11,22,1,63
2024-03-03 20:30:00,5,27,6,20,3,61
2024-03-03 20:40:00,8,26,3,15,0,52
2024-03-03 20:50:00,7,20,2,23,1,53
2024-03-03 21:00:00,4,21,3,18,0,46
2024-03-03 21:10:00,4,32,14,21,0,71
2024-03-03 21:20:00,9,22,3,22,0,56
2024-03-03 21:30:00,7,19,3,23,0,52
2024-03-03 21:40:00,7,27,3,14,0,51
2024-03-03 21:50:00,11,15,6,14,0,46
2024-03-03 22:00:00,11,16,3,23,0,53
2024-03-03 22:10:00,11,12,2,23,0,48
2024-03-03 22:20:00,9,12,3,22,0,46
2024-03-03 22:30:00,7,9,4,14,0,34
2024-03-03 22:40:00,10,12,4,8,0,34
2024-03-03 22:50:00,5,21,2,4,0,32
2024-03-03 23:00:00,7,8,5,8,0,28
2024-03-03 23:10:00,7,14,2,7,0,30
2024-03-03 23:20:00,3,8,5,8,0,24
2024-03-03 23:30:00,4,5,1,2,0,12
2024-03-03 23:40:00,7,14,2,7,0,30
2024-03-03 23:50:00,1,11,1,1,0,14
2024-03-04 00:00:00,1,6,3,6,0,16
2024-03-04 00:10:00,4,7,2,1,0,14
2024-03-04 00:20:00,2,4,1,4,0,11
2024-03-04 00:30:00,2,4,2,2,0,10
2024-03-04 00:40:00,0,6,2,5,0,13
2024-03-04 00:50:00,1,3,1,4,0,9
2024-03-04 01:00:00,2,6,1,6,0,15
2024-03-04 01:10:00,1,2,1,1,0,5
2024-03-04 01:20:00,1,1,0,3,0,5
2024-03-04 01:30:00,0,2,0,1,0,3
2024-03-04 01:40:00,0,1,0,1,0,2
2024-03-04 01:50:00,0,1,2,2,0,5
2024-03-04 02:00:00,1,2,0,1,0,4
2024-03-04 02:10:00,0,2,0,1,0,3
2024-03-04 02:20:00,1,2,1,1,0,5
2024-03-04 02:30:00,0,1,0,0,0,1
2024-03-04 02:40:00,1,0,2,3,0,6
2024-03-04 02:50:00,0,7,1,1,0,9
2024-03-04 03:00:00,0,2,1,1,0,4
2024-03-04 03:10:00,0,4,2,1,0,7
2024-03-04 03:20:00,0,1,0,2,0,3
2024-03-04 03:30:00,0,0,1,1,0,2
2024-03-04 03:40:00,1,2,0,4,0,7
2024-03-04 03:50:00,0,0,0,2,0,2
2024-03-04 04:00:00,3,4,1,4,0,12
2024-03-04 04:10:00,3,3,0,1,0,7
2024-03-04 04:20:00,0,0,0,2,0,2
2024-03-04 04:30:00,0,1,4,7,0,12
2024-03-04 04:40:00,1,2,4,8,0,15
2024-03-04 04:50:00,1,4,5,9,0,19
2024-03-04 05:00:00,0,8,12,18,0,38
2024-03-04 05:10:00,1,9,19,17,0,46
2024-03-04 05:20:00,2,7,10,15,0,34
2024-03-04 05:30:00,1,5,30,25,0,61
2024-03-04 05:40:00,10,14,31,24,0,79
2024-03-04 05:50:00,8,20,32,17,0,77
2024-03-04 06:00:00,3,13,33,28,0,77
2024-03-04 06:10:00,3,30,24,22,1,80
2024-03-04 06:20:00,5,20,35,23,1,84
2024-03-04 06:30:00,6,17,42,34,0,99
2024-03-04 06:40:00,6,26,59,27,1,119
2024-03-04 06:50:00,11,24,44,25,2,106
2024-03-04 07:00:00,5,26,55,31,2,119
2024-03-04 07:10:00,10,30,57,33,3,133
2024-03-04 07:20:00,8,29,64,45,3,149
2024-03-04 07:30:00,14,31,56,40,8,149
2024-03-04 07:40:00,8,42,67,47,5,169
2024-03-04 07:50:00,10,26,61,42,5,144
2024-03-04 08:00:00,8,38,60,49,4,159
2024-03-04 08:10:00,3,27,60,39,6,135
2024-03-04 08:20:00,3,19,57,43,8,130
2024-03-04 08:30:00,3,30,56,41,6,136
2024-03-04 08:40:00,6,36,59,31,5,137
2024-03-04 08:50:00,6,33,87,46,3,175
2024-03-04 09:00:00,1,30,31,41,5,108
2024-03-04 09:10:00,0,23,39,41,6,109
2024-03-04 09:20:00,2,27,49,55,3,136
2024-03-04 09:30:00,1,34,41,62,4,142
2024-03-04 09:40:00,8,34,35,45,5,127
2024-03-04 09:50:00,2,40,37,54,4,137
2024-03-04 10:00:00,3,36,31,50,5,125
2024-03-04 10:10:00,0,33,34,38,6,111
2024-03-04 10:20:00,4,40,47,57,2,150
2024-03-04 10:30:00,7,54,41,52,3,157
2024-03-04 10:40:00,10,38,48,54,3,153
2024-03-04 10:50:00,8,40,37,42,5,132
2024-03-04 11:00:00,2,40,34,43,8,127
2024-03-04 11:10:00,2,41,32,58,7,140
2024-03-04 11:20:00,4,46,34,38,5,127
2024-03-04 11:30:00,0,44,39,54,4,141
2024-03-04 11:40:00,2,40,39,39,8,128
2024-03-04 11:50:00,1,43,37,47,8,136
2024-03-04 12:00:00,1,43,31,42,6,123
2024-03-04 12:10:00,3,35,36,48,4,126
2024-03-04 12:20:00,3,28,32,49,8,120
2024-03-04 12:30:00,2,39,37,38,4,120
2024-03-04 12:40:00,0,38,21,41,8,108
2024-03-04 12:50:00,7,33,29,45,6,120
2024-03-04 13:00:00,4,45,34,41,6,130
2024-03-04 13:10:00,6,37,23,34,7,107
2024-03-04 13:20:00,4,41,30,41,6,122
2024-03-04 13:30:00,4,50,24,41,6,125
2024-03-04 13:40:00,7,28,28,46,4,113
2024-03-04 13:50:00,1,45,27,41,2,116
2024-03-04 14:00:00,7,38,27,29,9,110
2024-03-04 14:10:00,4,42,22,36,3,107
2024-03-04 14:20:00,14,35,23,38,6,116
2024-03-04 14:30:00,7,44,13,35,5,104
2024-03-04 14:40:00,7,43,19,43,7,119
2024-03-04 14:50:00,9,32,22,37,7,107
2024-03-04 15:00:00,14,28,9,30,9,90
2024-03-04 15:10:00,19,31,13,34,8,105
2024-03-04 15:20:00,26,42,24,36,9,137
2024-03-04 15:30:00,39,60,27,44,6,176
2024-03-04 15:40:00,39,54,34,40,9,176
2024-03-04 15:50:00,21,44,32,37,5,139
2024-03-04 16:00:00,39,52,28,38,6,163
2024-03-04 16:10:00,28,30,35,41,7,141
2024-03-04 16:20:00,32,25,32,45,7,141
2024-03-04 16:30:00,35,35,25,34,4,133
2024-03-04 16:40:00,42,44,29,36,9,160
2024-03-04 16:50:00,44,46,29,42,4,165
2024-03-04 17:00:00,32,35,22,25,6,120
2024-03-04 17:10:00,36,41,25,34,6,142
2024-03-04 17:20:00,24,34,22,44,7,131
2024-03-04 17:30:00,42,45,30,39,9,165
2024-03-04 17:40:00,28,28,29,40,6,131
2024-03-04 17:50:00,28,25,22,34,6,115
2024-03-04 18:00:00,26,17,25,21,12,101
2024-03-04 18:10:00,30,26,28,24,5,113
2024-03-04 18:20:00,27,38,25,32,4,126
2024-03-04 18:30:00,33,31,10,18,4,96
2024-03-04 18:40:00,15,29,16,29,4,93
2024-03-04 18:50:00,21,28,12,28,3,92
2024-03-04 19:00:00,22,43,8,26,6,105
2024-03-04 19:10:00,30,26,19,24,4,103
2024-03-04 19:20:00,14,22,18,21,3,78
2024-03-04 19:30:00,25,18,5,21,5,74
2024-03-04 19:40:00,23,24,8,24,1,80
2024-03-04 19:50:00,18,19,13,24,3,77
2024-03-04 20:00:00,17,24,11,25,3,80
2024-03-04 20:10:00,20,42,12,26,2,102
2024-03-04 20:20:00,19,23,8,26,1,77
2024-03-04 20:30:00,17,33,8,21,1,80
2024-03-04 20:40:00,15,34,9,22,0,80
2024-03-04 20:50:00,11,17,5,28,1,62
2024-03-04 21:00:00,8,33,5,17,0,63
2024-03-04 21:10:00,8,29,2,17,0,56
2024-03-04 21:20:00,18,37,9,17,1,82
2024-03-04 21:30:00,14,30,4,17,1,66
2024-03-04 21:40:00,16,26,3,17,3,65
2024-03-04 21:50:00,17,12,9,16,0,54
2024-03-04 22:00:00,14,28,2,18,1,63
2024-03-04 22:10:00,11,15,4,21,0,51
2024-03-04 22:20:00,7,27,7,21,0,62
2024-03-04 22:30:00,10,17,7,16,1,51
2024-03-04 22:40:00,7,14,10,7,1,39
2024-03-04 22:50:00,7,13,6,9,0,35
2024-03-04 23:00:00,8,13,7,11,0,39
2024-03-04 23:10:00,7,16,3,7,0,33
2024-03-04 23:20:00,4,10,0,5,0,19
2024-03-04 23:30:00,7,11,2,5,0,25
2024-03-04 23:40:00,7,7,0,3,0,17
2024-03-04 23:50:00,5,5,1,3,0,14
2024-03-05 00:00:00,5,6,4,8,0,23
2024-03-05 00:10:00,2,7,1,3,0,13
2024-03-05 00:20:00,3,4,4,7,0,18
2024-03-05 00:30:00,2,5,0,2,0,9
2024-03-05 00:40:00,2,2,1,1,0,6
2024-03-05 00:50:00,0,4,2,3,0,9
2024-03-05 01:00:00,3,3,1,2,0,9
2024-03-05 01:10:00,0,5,5,5,0,15
2024-03-05 01:20:00,1,3,0,1,0,5
2024-03-05 01:30:00,1,2,0,2,0,5
2024-03-05 01:40:00,0,1,0,1,0,2
2024-03-05 01:50:00,0,1,0,0,0,1
2024-03-05 02:00:00,0,4,1,5,0,10
2024-03-05 02:10:00,1,2,0,2,0,5
2024-03-05 02:20:00,0,3,0,0,0,3
2024-03-05 02:30:00,3,0,0,2,0,5
2024-03-05 02:40:00,0,1,0,1,0,2
2024-03-05 02:50:00,0,3,0,0,0,3
2024-03-05 03:00:00,0,2,0,0,0,2
2024-03-05 03:10:00,0,2,1,1,0,4
2024-03-05 03:20:00,2,6,1,1,0,10
2024-03-05 03:30:00,1,2,0,1,0,4
2024-03-05 03:40:00,0,2,0,3,0,5
2024-03-05 03:50:00,1,1,0,1,0,3
2024-03-05 04:00:00,0,3,0,3,0,6
2024-03-05 04:10:00,2,2,0,3,0,7
2024-03-05 04:20:00,1,2,1,4,0,8
2024-03-05 04:30:00,2,0,5,7,0,14
2024-03-05 04:40:00,2,4,4,5,0,15
2024-03-05 04:50:00,3,2,2,11,0,18
2024-03-05 05:00:00,1,2,14,17,0,34
2024-03-05 05:10:00,3,10,10,12,0,35
2024-03-05 05:20:00,0,10,18,13,0,41
2024-03-05 05:30:00,3,12,29,21,0,65
2024-03-05 05:40:00,1,18,22,29,0,70
2024-03-05 05:50:00,10,8,34,22,0,74
2024-03-05 06:00:00,8,28,25,30,0,91
2024-03-05 06:10:00,3,23,24,20,1,71
2024-03-05 06:20:00,5,23,29,22,0,79
2024-03-05 06:30:00,9,23,33,28,1,94
2024-03-05 06:40:00,10,30,44,27,0,111
2024-03-05 06:50:00,17,21,48,32,0,118
2024-03-05 07:00:00,11,22,39,25,7,104
2024-03-05 07:10:00,7,20,53,37,5,122
2024-03-05 07:20:00,15,23,61,42,3,144
2024-03-05 07:30:00,16,24,68,42,6,156
2024-03-05 07:40:00,17,32,67,44,5,165
2024-03-05 07:50:00,14,27,58,52,8,159
2024-03-05 08:00:00,10,34,58,44,7,153
2024-03-05 08:10:00,6,39,77,51,8,181
2024-03-05 08:20:00,11,33,56,44,7,151
2024-03-05 08:30:00,3,29,50,46,7,135
2024-03-05 08:40:00,7,33,57,45,7,149
2024-03-05 08:50:00,0,37,50,39,8,134
2024-03-05 09:00:00,0,26,48,28,8,110
2024-03-05 09:10:00,3,33,49,55,4,144
2024-03-05 09:20:00,0,23,47,65,4,139
2024-03-05 09:30:00,2,28,34,44,5,113
2024-03-05 09:40:00,3,33,48,66,6,156
2024-03-05 09:50:00,3,47,22,45,8,125
2024-03-05 10:00:00,3,34,14,42,2,95
2024-03-05 10:10:00,4,32,21,41,3,101
2024-03-05 10:20:00,0,46,11,50,2,109
2024-03-05 10:30:00,1,40,18,40,6,105
2024-03-05 10:40:00,3,36,11,38,4,92
2024-03-05 10:50:00,1,35,15,40,4,95
2024-03-05 11:00:00,0,34,13,38,2,87
2024-03-05 11:10:00,5,39,14,48,5,111
2024-03-05 11:20:00,14,47,23,42,5,131
2024-03-05 11:30:00,2,40,14,40,5,101
2024-03-05 11:40:00,0,50,12,34,1,97
2024-03-05 11:50:00,3,37,26,48,4,118
2024-03-05 12:00:00,2,36,18,41,4,101
2024-03-05 12:10:00,3,34,23,47,3,110
2024-03-05 12:20:00,1,35,41,45,4,126
2024-03-05 12:30:00,4,31,37,38,6,116
2024-03-05 12:40:00,2,32,35,38,8,115
2024-03-05 12:50:00,5,24,29,44,7,109
2024-03-05 13:00:00,1,41,40,37,6,125
2024-03-05 13:10:00,7,35,37,42,7,128
2024-03-05 13:20:00,1,37,18,38,7,101
2024-03-05 13:30:00,3,40,19,35,5,102
2024-03-05 13:40:00,3,42,20,27,7,99
2024-03-05 13:50:00,4,30,25,35,5,99
2024-03-05 14:00:00,4,46,27,34,7,118
2024-03-05 14:10:00,3,48,15,38,5,109
2024-03-05 14:20:00,10,47,23,32,9,121
2024-03-05 14:30:00,4,45,35,50,4,138
2024-03-05 14:40:00,16,42,21,47,3,129
2024-03-05 14:50:00,22,36,27,41,3,129
2024-03-05 15:00:00,25,37,35,53,3,153
2024-03-05 15:10:00,28,36,34,34,9,141
2024-03-05 15:20:00,42,33,39,34,6,154
2024-03-05 15:30:00,32,31,28,37,7,135
2024-03-05 15:40:00,35,36,35,43,8,157
2024-03-05 15:50:00,41,31,27,44,4,147
2024-03-05 16:00:00,45,39,27,44,9,164
2024-03-05 16:10:00,33,42,35,49,5,164
2024-03-05 16:20:00,33,39,29,49,7,157
2024-03-05 16:30:00,31,37,21,49,7,145
2024-03-05 16:40:00,34,43,43,43,7,170
2024-03-05 16:50:00,35,43,37,43,7,165
2024-03-05 17:00:00,41,47,34,59,5,186
2024-03-05 17:10:00,37,42,36,44,8,167
2024-03-05 17:20:00,40,37,35,47,7,166
2024-03-05 17:30:00,25,34,33,51,8,151
2024-03-05 17:40:00,38,51,36,38,7,170
2024-03-05 17:50:00,33,35,27,39,7,141
2024-03-05 18:00:00,36,36,33,40,9,154
2024-03-05 18:10:00,31,32,30,28,6,127
2024-03-05 18:20:00,26,31,24,32,8,121
2024-03-05 18:30:00,20,24,11,22,4,81
2024-03-05 18:40:00,25,36,19,34,2,116
2024-03-05 18:50:00,20,22,11,29,0,82
2024-03-05 19:00:00,24,31,11,21,4,91
2024-03-05 19:10:00,21,25,16,25,3,90
2024-03-05 19:20:00,15,27,9,24,3,78
2024-03-05 19:30:00,25,20,17,22,3,87
2024-03-05 19:40:00,22,35,6,26,2,91
2024-03-05 19:50:00,14,19,10,21,0,64
2024-03-05 20:00:00,30,36,4,29,1,100
2024-03-05 20:10:00,28,38,10,23,2,101
2024-03-05 20:20:00,16,36,11,21,0,84
2024-03-05 20:30:00,14,23,12,26,0,75
2024-03-05 20:40:00,15,24,2,16,2,59
2024-03-05 20:50:00,15,23,11,23,0,72
2024-03-05 21:00:00,10,37,8,23,1,79
2024-03-05 21:10:00,14,33,8,22,1,78
2024-03-05 21:20:00,20,35,2,18,0,75
2024-03-05 21:30:00,18,31,4,15,0,68
2024-03-05 21:40:00,16,15,9,18,0,58
2024-03-05 21:50:00,18,18,7,17,1,61
2024-03-05 22:00:00,14,32,7,12,0,65
2024-03-05 22:10:00,19,16,5,18,1,59
2024-03-05 22:20:00,14,29,5,20,0,68
2024-03-05 22:30:00,10,25,4,11,0,50
2024-03-05 22:40:00,19,23,1,10,0,53
2024-03-05 22:50:00,11,21,1,9,0,42
2024-03-05 23:00:00,11,24,5,13,0,53
2024-03-05 23:10:00,9,24,3,14,0,50
2024-03-05 23:20:00,7,12,0,9,0,28
2024-03-05 23:30:00,7,12,1,7,1,28
2024-03-05 23:40:00,5,9,5,5,0,24
2024-03-05 23:50:00,3,10,1,5,1,20
2024-03-06 00:00:00,3,7,3,7,0,20
2024-03-06 00:10:00,1,4,2,4,0,11
2024-03-06 00:20:00,7,0,2,6,0,15
2024-03-06 00:30:00,1,5,3,4,0,13
2024-03-06 00:40:00,3,3,2,5,0,13
2024-03-06 00:50:00,0,8,3,3,0,14
2024-03-06 01:00:00,0,9,0,3,0,12
2024-03-06 01:10:00,2,4,0,3,0,9
2024-03-06 01:20:00,1,7,1,2,0,11
2024-03-06 01:30:00,2,0,0,5,0,7
2024-03-06 01:40:00,3,9,0,3,0,15
2024-03-06 01:50:00,0,0,0,4,0,4
2024-03-06 02:00:00,1,8,1,0,0,10
2024-03-06 02:10:00,0,5,0,0,0,5
2024-03-06 02:20:00,0,4,1,3,0,8
2024-03-06 02:30:00,2,0,0,0,0,2
2024-03-06 02:40:00,0,0,0,1,0,1
2024-03-06 02:50:00,0,4,0,0,0,4
2024-03-06 03:00:00,0,2,0,2,0,4
2024-03-06 03:10:00,1,0,0,0,0,1
2024-03-06 03:20:00,0,2,0,2,0,4
2024-03-06 03:30:00,0,6,3,1,0,10
2024-03-06 03:40:00,0,6,0,0,0,6
2024-03-06 03:50:00,2,1,0,2,0,5
2024-03-06 04:00:00,3,3,1,3,0,10
2024-03-06 04:10:00,1,6,1,5,0,13
2024-03-06 04:20:00,1,7,0,1,0,9
2024-03-06 04:30:00,1,0,4,6,0,11
2024-03-06 04:40:00,2,5,2,3,0,12
2024-03-06 04:50:00,2,4,4,8,0,18
2024-03-06 05:00:00,0,0,11,14,0,25
2024-03-06 05:10:00,0,12,10,17,0,39
2024-03-06 05:20:00,0,10,12,16,0,38
2024-03-06 05:30:00,3,10,27,21,0,61
2024-03-06 05:40:00,2,13,37,32,0,84
2024-03-06 05:50:00,5,22,23,24,0,74
2024-03-06 06:00:00,4,29,33,17,0,83
2024-03-06 06:10:00,3,21,30,24,1,79
2024-03-06 06:20:00,5,24,27,25,0,81
2024-03-06 06:30:00,3,20,39,34,0,96
2024-03-06 06:40:00,1,34,52,37,0,124
2024-03-06 06:50:00,8,21,45,35,0,109
2024-03-06 07:00:00,10,25,61,39,3,138
2024-03-06 07:10:00,12,18,55,38,5,128
2024-03-06 07:20:00,11,27,72,42,3,155
2024-03-06 07:30:00,9,32,74,33,3,151
2024-03-06 07:40:00,16,46,67,47,5,181
2024-03-06 07:50:00,17,40,62,49,5,173
2024-03-06 08:00:00,13,29,69,42,6,159
2024-03-06 08:10:00,5,36,55,34,8,138
2024-03-06 08:20:00,0,31,56,38,6,131
2024-03-06 08:30:00,2,25,66,34,8,135
2024-03-06 08:40:00,4,24,62,38,8,136
2024-03-06 08:50:00,1,43,52,41,8,145
2024-03-06 09:00:00,2,33,47,50,7,139
2024-03-06 09:10:00,1,34,44,51,4,134
2024-03-06 09:20:00,0,41,38,53,4,136
2024-03-06 09:30:00,1,39,35,43,4,122
2024-03-06 09:40:00,4,37,30,51,4,126
2024-03-06 09:50:00,1,34,30,43,4,112
2024-03-06 10:00:00,1,29,37,49,5,121
2024-03-06 10:10:00,0,34,45,45,2,126
2024-03-06 10:20:00,4,34,26,35,5,104
2024-03-06 10:30:00,6,38,30,44,6,124
2024-03-06 10:40:00,9,44,37,54,7,151
2024-03-06 10:50:00,4,31,43,53,4,135
2024-03-06 11:00:00,2,42,38,44,5,131
2024-03-06 11:10:00,2,44,36,38,6,126
2024-03-06 11:20:00,4,42,34,45,4,129
2024-03-06 11:30:00,2,36,26,49,4,117
2024-03-06 11:40:00,1,44,32,40,7,124
2024-03-06 11:50:00,12,36,26,48,5,127
2024-03-06 12:00:00,4,30,34,49,5,122
2024-03-06 12:10:00,2,47,24,40,6,119
2024-03-06 12:20:00,5,34,29,47,6,121
2024-03-06 12:30:00,3,43,33,48,5,132
2024-03-06 12:40:00,5,29,27,34,8,103
2024-03-06 12:50:00,6,37,34,49,8,134
2024-03-06 13:00:00,1,51,35,42,6,135
2024-03-06 13:10:00,4,45,28,42,7,126
2024-03-06 13:20:00,2,44,29,48,8,131
2024-03-06 13:30:00,4,46,28,50,5,133
2024-03-06 13:40:00,7,29,20,38,7,101
2024-03-06 13:50:00,9,36,29,40,6,120
2024-03-06 14:00:00,9,29,29,38,9,114
2024-03-06 14:10:00,9,29,33,40,7,118
2024-03-06 14:20:00,3,45,33,42,10,133
2024-03-06 14:30:00,18,50,36,42,4,150
2024-03-06 14:40:00,27,35,34,50,4,150
2024-03-06 14:50:00,41,41,30,52,5,169
2024-03-06 15:00:00,35,43,33,54,1,166
2024-03-06 15:10:00,34,30,34,42,7,147
2024-03-06 15:20:00,33,38,44,56,6,177
2024-03-06 15:30:00,23,29,42,46,8,148
2024-03-06 15:40:00,36,40,24,43,6,149
2024-03-06 15:50:00,33,32,28,42,5,140
2024-03-06 16:00:00,38,42,22,51,10,163
2024-03-06 16:10:00,40,44,23,50,6,163
2024-03-06 16:20:00,35,44,24,47,7,157
2024-03-06 16:30:00,46,39,31,54,6,176
2024-03-06 16:40:00,29,33,30,37,9,138
2024-03-06 16:50:00,30,34,33,57,9,163
2024-03-06 17:00:00,35,25,31,40,11,142
2024-03-06 17:10:00,43,45,23,51,6,168
2024-03-06 17:20:00,39,35,25,53,7,159
2024-03-06 17:30:00,40,41,25,51,5,162
2024-03-06 17:40:00,24,30,34,27,9,124
2024-03-06 17:50:00,33,40,27,43,12,155
2024-03-06 18:00:00,28,29,20,41,7,125
2024-03-06 18:10:00,31,33,26,33,8,131
2024-03-06 18:20:00,29,28,22,33,4,116
2024-03-06 18:30:00,29,30,17,26,2,104
2024-03-06 18:40:00,28,35,13,28,1,105
2024-03-06 18:50:00,26,34,13,19,2,94
2024-03-06 19:00:00,25,38,16,33,2,114
2024-03-06 19:10:00,11,36,12,20,3,82
2024-03-06 19:20:00,17,38,10,22,2,89
2024-03-06 19:30:00,13,21,13,28,4,79
2024-03-06 19:40:00,5,36,8,18,1,68
2024-03-06 19:50:00,13,29,8,24,2,76
2024-03-06 20:00:00,9,31,13,30,2,85
2024-03-06 20:10:00,17,41,8,23,0,89
2024-03-06 20:20:00,10,39,9,12,1,71
2024-03-06 20:30:00,16,38,16,25,1,96
2024-03-06 20:40:00,18,27,11,20,1,77
2024-03-06 20:50:00,8,39,5,13,2,67
2024-03-06 21:00:00,9,27,5,29,0,70
2024-03-06 21:10:00,11,37,5,25,1,79
2024-03-06 21:20:00,12,29,8,20,1,70
2024-03-06 21:30:00,8,42,12,12,1,75
2024-03-06 21:40:00,6,42,9,13,1,71
2024-03-06 21:50:00,12,21,7,14,0,54
2024-03-06 22:00:00,8,33,11,14,2,68
2024-03-06 22:10:00,10,29,9,10,0,58
2024-03-06 22:20:00,7,23,9,8,0,47
2024-03-06 22:30:00,8,30,10,12,0,60
2024-03-06 22:40:00,6,21,6,13,0,46
2024-03-06 22:50:00,2,19,11,11,0,43
2024-03-06 23:00:00,4,28,9,14,0,55
2024-03-06 23:10:00,10,15,10,17,1,53
2024-03-06 23:20:00,5,11,6,8,0,30
2024-03-06 23:30:00,4,17,4,10,0,35
2024-03-06 23:40:00,4,4,4,8,0,20
2024-03-06 23:50:00,2,6,1,6,0,15
2024-03-07 00:00:00,5,2,1,6,0,14
2024-03-07 00:10:00,4,7,2,6,0,19
2024-03-07 00:20:00,0,4,0,1,0,5
2024-03-07 00:30:00,4,10,2,4,0,20
2024-03-07 00:40:00,2,6,0,2,0,10
2024-03-07 00:50:00,1,8,1,1,0,11
2024-03-07 01:00:00,0,3,2,3,2,10
2024-03-07 01:10:00,0,3,1,1,0,5
2024-03-07 01:20:00,2,4,0,2,0,8
2024-03-07 01:30:00,0,5,1,2,0,8
2024-03-07 01:40:00,0,5,2,0,0,7
2024-03-07 01:50:00,1,2,1,3,0,7
2024-03-07 02:00:00,1,4,2,4,0,11
2024-03-07 02:10:00,0,0,3,5,0,8
2024-03-07 02:20:00,0,2,0,2,0,4
2024-03-07 02:30:00,0,3,1,2,0,6
2024-03-07 02:40:00,1,0,2,1,0,4
2024-03-07 02:50:00,2,3,2,1,0,8
2024-03-07 03:00:00,0,1,0,0,0,1
2024-03-07 03:10:00,0,1,2,0,0,3
2024-03-07 03:20:00,0,5,0,0,0,5
2024-03-07 03:30:00,0,3,0,1,0,4
2024-03-07 03:40:00,1,1,0,2,0,4
2024-03-07 03:50:00,2,4,0,2,0,8
2024-03-07 04:00:00,1,4,1,2,0,8
2024-03-07 04:10:00,2,6,2,4,0,14
2024-03-07 04:20:00,1,1,2,3,0,7
2024-03-07 04:30:00,1,1,2,3,0,7
2024-03-07 04:40:00,0,7,4,7,0,18
2024-03-07 04:50:00,1,3,5,9,0,18
2024-03-07 05:00:00,0,1,14,10,0,25
2024-03-07 05:10:00,2,9,15,12,0,38
2024-03-07 05:20:00,2,7,12,17,0,38
2024-03-07 05:30:00,1,8,26,19,0,54
2024-03-07 05:40:00,1,11,31,24,0,67
2024-03-07 05:50:00,7,20,32,20,0,79
2024-03-07 06:00:00,4,23,19,20,0,66
2024-03-07 06:10:00,3,23,28,26,1,81
2024-03-07 06:20:00,5,20,30,37,0,92
2024-03-07 06:30:00,3,16,28,22,0,69
2024-03-07 06:40:00,8,23,59,29,0,119
2024-03-07 06:50:00,8,24,51,34,0,117
2024-03-07 07:00:00,6,28,54,45,1,134
2024-03-07 07:10:00,4,24,52,36,2,118
2024-03-07 07:20:00,16,30,71,55,2,174
2024-03-07 07:30:00,14,32,66,42,3,157
2024-03-07 07:40:00,12,32,56,29,10,139
2024-03-07 07:50:00,4,42,50,53,5,154
2024-03-07 08:00:00,5,39,70,45,10,169
2024-03-07 08:10:00,4,38,63,47,7,159
2024-03-07 08:20:00,2,35,60,44,2,143
2024-03-07 08:30:00,3,42,70,45,6,166
2024-03-07 08:40:00,2,37,45,39,7,130
2024-03-07 08:50:00,0,23,54,27,8,112
2024-03-07 09:00:00,4,24,49,33,8,118
2024-03-07 09:10:00,2,46,39,32,3,122
2024-03-07 09:20:00,1,32,39,56,3,131
2024-03-07 09:30:00,2,37,34,43,5,121
2024-03-07 09:40:00,2,41,24,45,5,117
2024-03-07 09:50:00,4,43,42,55,5,149
2024-03-07 10:00:00,6,35,30,40,5,116
2024-03-07 10:10:00,0,40,29,59,1,129
2024-03-07 10:20:00,1,34,37,49,6,127
2024-03-07 10:30:00,1,39,22,34,7,103
2024-03-07 10:40:00,5,39,43,43,6,136
2024-03-07 10:50:00,7,58,29,44,5,143
2024-03-07 11:00:00,2,42,28,57,2,131
2024-03-07 11:10:00,11,40,31,45,4,131
2024-03-07 11:20:00,4,39,31,45,7,126
2024-03-07 11:30:00,11,50,49,46,4,160
2024-03-07 11:40:00,4,39,25,34,7,109
2024-03-07 11:50:00,0,43,34,46,4,127
2024-03-07 12:00:00,6,45,29,43,11,134
2024-03-07 12:10:00,9,45,43,50,7,154
2024-03-07 12:20:00,1,36,27,49,9,122
2024-03-07 12:30:00,9,38,28,48,8,131
2024-03-07 12:40:00,7,46,35,45,8,141
2024-03-07 12:50:00,3,39,21,25,10,98
2024-03-07 13:00:00,5,45,36,34,7,127
2024-03-07 13:10:00,1,38,29,42,8,118
2024-03-07 13:20:00,9,29,41,44,6,129
2024-03-07 13:30:00,3,41,23,43,8,118
2024-03-07 13:40:00,3,35,43,32,9,122
2024-03-07 13:50:00,8,46,27,38,7,126
2024-03-07 14:00:00,5,49,22,40,5,121
2024-03-07 14:10:00,9,45,32,37,10,133
2024-03-07 14:20:00,7,29,28,45,6,115
2024-03-07 14:30:00,17,42,26,29,8,122
2024-03-07 14:40:00,26,48,14,41,4,133
2024-03-07 14:50:00,28,60,22,57,5,172
2024-03-07 15:00:00,31,42,27,51,5,156
2024-03-07 15:10:00,28,42,27,42,4,143
2024-03-07 15:20:00,35,31,28,41,7,142
2024-03-07 15:30:00,39,36,32,46,7,160
2024-03-07 15:40:00,34,43,36,47,7,167
2024-03-07 15:50:00,37,39,25,41,6,148
2024-03-07 16:00:00,44,44,33,44,4,169
2024-03-07 16:10:00,37,39,27,49,7,159
2024-03-07 16:20:00,41,40,37,46,7,171
2024-03-07 16:30:00,34,35,32,43,7,151
2024-03-07 16:40:00,41,49,29,66,4,189
2024-03-07 16:50:00,33,44,28,54,6,165
2024-03-07 17:00:00,46,42,29,58,7,182
2024-03-07 17:10:00,29,20,22,43,10,124
2024-03-07 17:20:00,39,31,19,35,9,133
2024-03-07 17:30:00,35,44,43,53,8,183
2024-03-07 17:40:00,35,32,29,45,10,151
2024-03-07 17:50:00,35,35,29,49,11,159
2024-03-07 18:00:00,32,27,31,34,7,131
2024-03-07 18:10:00,33,36,34,40,4,147
2024-03-07 18:20:00,28,22,24,32,4,110
2024-03-07 18:30:00,31,32,16,33,1,113
2024-03-07 18:40:00,28,25,21,28,3,105
2024-03-07 18:50:00,23,46,27,32,3,131
2024-03-07 19:00:00,22,20,20,25,1,88
2024-03-07 19:10:00,12,32,13,31,3,91
2024-03-07 19:20:00,14,22,8,27,5,76
2024-03-07 19:30:00,18,33,12,30,2,95
2024-03-07 19:40:00,8,24,15,33,5,85
2024-03-07 19:50:00,12,26,9,30,3,80
2024-03-07 20:00:00,11,23,9,22,1,66
2024-03-07 20:10:00,8,38,8,27,6,87
2024-03-07 20:20:00,9,33,9,23,3,77
2024-03-07 20:30:00,11,41,16,26,1,95
2024-03-07 20:40:00,19,32,10,20,1,82
2024-03-07 20:50:00,7,26,9,23,3,68
2024-03-07 21:00:00,8,38,5,23,2,76
2024-03-07 21:10:00,11,39,5,23,0,78
2024-03-07 21:20:00,8,39,3,19,1,70
2024-03-07 21:30:00,7,25,3,16,0,51
2024-03-07 21:40:00,5,32,4,15,1,57
2024-03-07 21:50:00,3,26,9,20,2,60
2024-03-07 22:00:00,1,35,7,20,1,64
2024-03-07 22:10:00,0,38,2,12,1,53
2024-03-07 22:20:00,1,34,7,16,0,58
2024-03-07 22:30:00,1,19,11,13,0,44
2024-03-07 22:40:00,2,28,4,14,0,48
2024-03-07 22:50:00,3,20,16,14,2,55
2024-03-07 23:00:00,2,17,8,8,0,35
2024-03-07 23:10:00,1,17,7,8,0,33
2024-03-07 23:20:00,1,17,3,7,0,28
2024-03-07 23:30:00,0,4,4,6,0,14
2024-03-07 23:40:00,0,18,2,6,0,26
2024-03-07 23:50:00,1,13,5,12,0,31
2024-03-08 00:00:00,0,9,3,6,0,18
2024-03-08 00:10:00,1,9,1,13,0,24
2024-03-08 00:20:00,2,1,4,8,0,15
2024-03-08 00:30:00,0,6,4,2,0,12
2024-03-08 00:40:00,0,4,1,2,0,7
2024-03-08 00:50:00,0,8,1,4,0,13
2024-03-08 01:00:00,0,8,0,3,0,11
2024-03-08 01:10:00,0,8,0,0,0,8
2024-03-08 01:20:00,0,5,4,6,0,15
2024-03-08 01:30:00,1,3,0,2,0,6
2024-03-08 01:40:00,0,5,2,1,0,8
2024-03-08 01:50:00,1,8,0,4,0,13
2024-03-08 02:00:00,0,3,4,1,0,8
2024-03-08 02:10:00,0,2,4,4,0,10
2024-03-08 02:20:00,0,3,0,1,0,4
2024-03-08 02:30:00,0,1,2,1,0,4
2024-03-08 02:40:00,0,3,0,0,0,3
2024-03-08 02:50:00,0,2,1,1,0,4
2024-03-08 03:00:00,1,3,0,2,0,6
2024-03-08 03:10:00,0,3,0,0,0,3
2024-03-08 03:20:00,0,8,0,0,0,8
2024-03-08 03:30:00,0,2,4,4,0,10
2024-03-08 03:40:00,0,1,1,1,0,3
2024-03-08 03:50:00,0,1,2,5,0,8
2024-03-08 04:00:00,0,4,1,4,0,9
2024-03-08 04:10:00,1,3,3,4,0,11
2024-03-08 04:20:00,1,2,0,2,0,5
2024-03-08 04:30:00,2,5,7,6,0,20
2024-03-08 04:40:00,3,1,3,7,0,14
2024-03-08 04:50:00,1,4,5,9,0,19
2024-03-08 05:00:00,0,3,9,16,0,28
2024-03-08 05:10:00,0,8,8,16,0,32
2024-03-08 05:20:00,0,7,13,15,0,35
2024-03-08 05:30:00,0,11,26,21,0,58
2024-03-08 05:40:00,3,11,37,25,0,76
2024-03-08 05:50:00,2,12,19,17,0,50
2024-03-08 06:00:00,2,22,32,20,0,76
2024-03-08 06:10:00,3,19,17,22,0,61
2024-03-08 06:20:00,4,17,32,23,0,76
2024-03-08 06:30:00,2,18,32,29,0,81
2024-03-08 06:40:00,6,31,48,29,2,116
2024-03-08 06:50:00,4,23,44,44,2,117
2024-03-08 07:00:00,2,19,39,43,2,105
2024-03-08 07:10:00,9,29,45,31,3,117
2024-03-08 07:20:00,4,27,75,49,2,157
2024-03-08 07:30:00,19,34,54,41,3,151
2024-03-08 07:40:00,15,34,56,41,10,156
2024-03-08 07:50:00,11,32,69,57,3,172
2024-03-08 08:00:00,9,36,67,46,6,164
2024-03-08 08:10:00,0,36,55,48,6,145
2024-03-08 08:20:00,11,21,45,44,8,129
2024-03-08 08:30:00,11,32,55,51,4,153
2024-03-08 08:40:00,1,37,40,36,5,119
2024-03-08 08:50:00,8,41,65,43,6,163
2024-03-08 09:00:00,6,27,33,34,9,109
2024-03-08 09:10:00,1,38,40,46,4,129
2024-03-08 09:20:00,5,28,30,50,5,118
2024-03-08 09:30:00,3,31,41,50,4,129
2024-03-08 09:40:00,15,58,31,44,8,156
2024-03-08 09:50:00,0,55,33,49,4,141
2024-03-08 10:00:00,3,40,28,30,5,106
2024-03-08 10:10:00,6,40,80,40,7,173
2024-03-08 10:20:00,4,41,24,46,3,118
2024-03-08 10:30:00,0,40,43,64,1,148
2024-03-08 10:40:00,5,40,48,30,8,131
2024-03-08 10:50:00,2,45,45,50,5,147
2024-03-08 11:00:00,10,56,26,41,7,140
2024-03-08 11:10:00,8,32,32,36,7,115
2024-03-08 11:20:00,8,40,35,40,4,127
2024-03-08 11:30:00,1,48,30,40,1,120
2024-03-08 11:40:00,8,38,44,50,6,146
2024-03-08 11:50:00,7,42,26,41,6,122
2024-03-08 12:00:00,2,31,36,36,10,115
2024-03-08 12:10:00,8,53,22,47,3,133
2024-03-08 12:20:00,3,37,41,48,6,135
2024-03-08 12:30:00,4,30,30,47,10,121
2024-03-08 12:40:00,10,38,41,42,8,139
2024-03-08 12:50:00,6,44,33,48,8,139
2024-03-08 13:00:00,5,41,35,48,8,137
2024-03-08 13:10:00,0,42,30,51,4,127
2024-03-08 13:20:00,3,49,29,48,5,134
2024-03-08 13:30:00,1,41,23,48,7,120
2024-03-08 13:40:00,5,38,35,49,9,136
2024-03-08 13:50:00,5,33,30,48,6,122
2024-03-08 14:00:00,16,51,23,37,5,132
2024-03-08 14:10:00,16,50,27,46,8,147
2024-03-08 14:20:00,28,35,31,37,10,141
2024-03-08 14:30:00,30,43,22,40,11,146
2024-03-08 14:40:00,33,42,26,40,7,148
2024-03-08 14:50:00,34,46,32,34,8,154
2024-03-08 15:00:00,37,35,20,56,11,159
2024-03-08 15:10:00,32,37,31,47,6,153
2024-03-08 15:20:00,36,38,21,33,6,134
2024-03-08 15:30:00,42,36,29,59,7,173
2024-03-08 15:40:00,26,42,18,37,9,132
2024-03-08 15:50:00,36,30,17,44,5,132
2024-03-08 16:00:00,36,42,20,46,2,146
2024-03-08 16:10:00,40,46,21,36,7,150
2024-03-08 16:20:00,32,28,21,31,9,121
2024-03-08 16:30:00,25,26,23,44,7,125
2024-03-08 16:40:00,37,23,34,61,9,164
2024-03-08 16:50:00,40,39,19,47,7,152
2024-03-08 17:00:00,36,35,25,56,9,161
2024-03-08 17:10:00,38,32,33,38,8,149
2024-03-08 17:20:00,35,39,34,53,9,170
2024-03-08 17:30:00,28,33,27,41,9,138
2024-03-08 17:40:00,26,35,32,58,8,159
2024-03-08 17:50:00,18,27,24,46,9,124
2024-03-08 18:00:00,34,33,32,41,8,148
2024-03-08 18:10:00,29,20,31,42,9,131
2024-03-08 18:20:00,30,27,37,27,7,128
2024-03-08 18:30:00,30,29,24,20,6,109
2024-03-08 18:40:00,28,34,7,28,2,99
2024-03-08 18:50:00,19,40,18,29,5,111
2024-03-08 19:00:00,18,37,13,29,2,99
2024-03-08 19:10:00,20,24,19,27,5,95
2024-03-08 19:20:00,21,28,14,31,4,98
2024-03-08 19:30:00,14,33,12,36,0,95
2024-03-08 19:40:00,11,24,13,33,4,85
2024-03-08 19:50:00,15,34,15,28,4,96
2024-03-08 20:00:00,15,38,12,32,2,99
2024-03-08 20:10:00,18,33,9,34,2,96
2024-03-08 20:20:00,12,42,12,26,2,94
2024-03-08 20:30:00,12,39,13,22,1,87
2024-03-08 20:40:00,9,38,12,21,2,82
2024-03-08 20:50:00,10,26,4,22,1,63
2024-03-08 21:00:00,8,44,11,23,3,89
2024-03-08 21:10:00,8,30,6,21,4,69
2024-03-08 21:20:00,7,42,3,23,4,79
2024-03-08 21:30:00,3,34,8,17,1,63
2024-03-08 21:40:00,8,27,9,24,5,73
2024-03-08 21:50:00,8,32,9,23,2,74
2024-03-08 22:00:00,9,35,4,21,0,69
2024-03-08 22:10:00,4,36,4,25,1,70
2024-03-08 22:20:00,7,34,3,19,0,63
2024-03-08 22:30:00,9,35,1,16,1,62
2024-03-08 22:40:00,9,29,5,17,0,60
2024-03-08 22:50:00,3,33,8,24,0,68
2024-03-08 23:00:00,3,23,2,25,0,53
2024-03-08 23:10:00,5,28,10,30,0,73
2024-03-08 23:20:00,5,23,6,18,0,52
2024-03-08 23:30:00,5,20,8,14,0,47
2024-03-08 23:40:00,7,26,9,8,0,50
2024-03-08 23:50:00,4,23,11,10,0,48
2024-03-09 00:00:00,2,26,3,11,0,42
2024-03-09 00:10:00,9,28,1,11,0,49
2024-03-09 00:20:00,2,19,5,9,0,35
2024-03-09 00:30:00,3,20,4,6,2,35
2024-03-09 00:40:00,0,9,5,10,0,24
2024-03-09 00:50:00,2,12,4,13,0,31
2024-03-09 01:00:00,10,17,4,14,0,45
2024-03-09 01:10:00,0,13,4,8,0,25
2024-03-09 01:20:00,3,20,7,8,1,39
2024-03-09 01:30:00,1,11,4,5,0,21
2024-03-09 01:40:00,4,11,4,5,0,24
2024-03-09 01:50:00,1,6,1,7,0,15
2024-03-09 02:00:00,2,8,2,5,0,17
2024-03-09 02:10:00,1,7,2,5,0,15
2024-03-09 02:20:00,0,8,0,3,0,11
2024-03-09 02:30:00,1,4,2,7,0,14
2024-03-09 02:40:00,2,21,1,3,0,27
2024-03-09 02:50:00,0,0,3,10,0,13
2024-03-09 03:00:00,0,10,2,1,0,13
2024-03-09 03:10:00,0,11,1,1,0,13
2024-03-09 03:20:00,1,9,3,3,0,16
2024-03-09 03:30:00,0,3,2,4,0,9
2024-03-09 03:40:00,1,1,1,4,0,7
2024-03-09 03:50:00,1,9,1,5,0,16
2024-03-09 04:00:00,2,7,1,6,0,16
2024-03-09 04:10:00,1,5,2,6,0,14
2024-03-09 04:20:00,2,8,1,3,0,14
2024-03-09 04:30:00,1,6,1,1,0,9
2024-03-09 04:40:00,0,11,6,7,0,24
2024-03-09 04:50:00,0,3,1,7,0,11
2024-03-09 05:00:00,3,5,4,5,0,17
2024-03-09 05:10:00,0,3,0,6,0,9
2024-03-09 05:20:00,2,7,9,10,0,28
2024-03-09 05:30:00,1,6,11,15,0,33
2024-03-09 05:40:00,2,8,4,7,0,21
2024-03-09 05:50:00,2,12,4,5,0,23
2024-03-09 06:00:00,2,13,1,5,0,21
2024-03-09 06:10:00,0,20,3,12,0,35
2024-03-09 06:20:00,0,13,5,12,0,30
2024-03-09 06:30:00,1,14,7,8,0,30
2024-03-09 06:40:00,1,9,11,11,0,32
2024-03-09 06:50:00,3,21,5,11,0,40
2024-03-09 07:00:00,3,11,5,10,0,29
2024-03-09 07:10:00,2,12,8,9,1,32
2024-03-09 07:20:00,0,9,15,22,0,46
2024-03-09 07:30:00,1,18,11,26,0,56
2024-03-09 07:40:00,0,18,16,21,1,56
2024-03-09 07:50:00,3,16,12,27,3,61
2024-03-09 08:00:00,5,12,9,18,0,44
2024-03-09 08:10:00,2,21,15,20,2,60
2024-03-09 08:20:00,2,12,16,21,2,53
2024-03-09 08:30:00,0,14,13,22,4,53
2024-03-09 08:40:00,1,24,18,22,2,67
2024-03-09 08:50:00,8,24,16,27,3,78
2024-03-09 09:00:00,4,23,14,27,9,77
2024-03-09 09:10:00,7,22,25,36,1,91
2024-03-09 09:20:00,17,25,17,28,2,89
2024-03-09 09:30:00,13,26,21,37,7,104
2024-03-09 09:40:00,5,33,23,42,2,105
2024-03-09 09:50:00,11,31,25,53,7,127
2024-03-09 10:00:00,8,44,20,35,5,112
2024-03-09 10:10:00,6,44,31,47,4,132
2024-03-09 10:20:00,3,38,29,34,4,108
2024-03-09 10:30:00,2,28,42,38,6,116
2024-03-09 10:40:00,1,30,29,44,7,111
2024-03-09 10:50:00,1,35,25,45,4,110
2024-03-09 11:00:00,6,35,34,44,9,128
2024-03-09 11:10:00,2,34,27,40,6,109
2024-03-09 11:20:00,2,45,24,65,3,139
2024-03-09 11:30:00,1,34,26,45,3,109
2024-03-09 11:40:00,6,40,26,40,7,119
2024-03-09 11:50:00,12,42,39,47,7,147
2024-03-09 12:00:00,3,43,31,47,4,128
2024-03-09 12:10:00,13,39,32,54,6,144
2024-03-09 12:20:00,5,51,35,45,5,141
2024-03-09 12:30:00,3,34,33,40,8,118
2024-03-09 12:40:00,8,39,28,49,8,132
2024-03-09 12:50:00,8,33,26,47,9,123
2024-03-09 13:00:00,3,48,20,45,6,122
2024-03-09 13:10:00,8,38,15,40,8,109
2024-03-09 13:20:00,4,53,21,54,6,138
2024-03-09 13:30:00,2,35,19,34,9,99
2024-03-09 13:40:00,8,43,27,40,7,125
2024-03-09 13:50:00,1,50,18,51,4,124
2024-03-09 14:00:00,2,40,31,41,9,123
2024-03-09 14:10:00,3,48,19,46,6,122
2024-03-09 14:20:00,11,53,18,41,7,130
2024-03-09 14:30:00,3,59,22,49,5,138
2024-03-09 14:40:00,8,39,26,43,5,121
2024-03-09 14:50:00,5,46,28,52,4,135
2024-03-09 15:00:00,0,42,27,49,7,125
2024-03-09 15:10:00,4,36,29,44,9,122
2024-03-09 15:20:00,1,38,27,46,9,121
2024-03-09 15:30:00,3,38,26,48,9,124
2024-03-09 15:40:00,1,36,22,41,5,105
2024-03-09 15:50:00,1,19,22,39,10,91
2024-03-09 16:00:00,2,34,21,35,8,100
2024-03-09 16:10:00,5,40,26,48,6,125
2024-03-09 16:20:00,4,39,17,39,5,104
2024-03-09 16:30:00,1,32,22,42,4,101
2024-03-09 16:40:00,3,39,16,39,7,104
2024-03-09 16:50:00,3,34,25,40,9,111
2024-03-09 17:00:00,1,35,20,30,6,92
2024-03-09 17:10:00,0,37,36,41,8,122
2024-03-09 17:20:00,7,35,24,42,7,115
2024-03-09 17:30:00,1,41,17,32,5,96
2024-03-09 17:40:00,2,33,24,43,7,109
2024-03-09 17:50:00,6,41,24,49,8,128
2024-03-09 18:00:00,5,41,30,39,8,123
2024-03-09 18:10:00,1,31,18,36,5,91
2024-03-09 18:20:00,3,26,18,25,8,80
2024-03-09 18:30:00,8,31,16,24,3,82
2024-03-09 18:40:00,4,35,14,32,0,85
2024-03-09 18:50:00,1,41,10,25,1,78
2024-03-09 19:00:00,7,37,14,28,2,88
2024-03-09 19:10:00,2,41,11,19,1,74
2024-03-09 19:20:00,9,35,11,25,0,80
2024-03-09 19:30:00,2,33,4,23,3,65
2024-03-09 19:40:00,6,40,11,31,3,91
2024-03-09 19:50:00,13,34,15,25,2,89
2024-03-09 20:00:00,10,31,10,26,0,77
2024-03-09 20:10:00,12,28,11,26,3,80
2024-03-09 20:20:00,12,28,6,19,0,65
2024-03-09 20:30:00,12,26,11,27,2,78
2024-03-09 20:40:00,8,28,10,23,1,70
2024-03-09 20:50:00,8,31,14,33,1,87
2024-03-09 21:00:00,7,24,11,25,1,68
2024-03-09 21:10:00,6,36,11,24,1,78
2024-03-09 21:20:00,6,30,2,16,1,55
2024-03-09 21:30:00,5,31,5,20,0,61
2024-03-09 21:40:00,2,22,3,24,0,51
2024-03-09 21:50:00,3,33,11,18,0,65
2024-03-09 22:00:00,7,31,10,12,0,60
2024-03-09 22:10:00,7,23,6,19,0,55
2024-03-09 22:20:00,4,26,12,17,0,59
2024-03-09 22:30:00,6,27,6,25,0,64
2024-03-09 22:40:00,6,34,14,17,0,71
2024-03-09 22:50:00,6,13,12,20,0,51
2024-03-09 23:00:00,7,30,14,20,1,72
2024-03-09 23:10:00,18,29,9,15,1,72
2024-03-09 23:20:00,3,17,13,17,0,50
2024-03-09 23:30:00,6,20,7,15,1,49
2024-03-09 23:40:00,4,27,3,17,0,51
2024-03-09 23:50:00,9,21,4,17,0,51
2024-03-10 00:00:00,3,22,3,11,0,39
2024-03-10 00:10:00,3,30,3,9,0,45
2024-03-10 00:20:00,2,18,5,11,0,36
2024-03-10 00:30:00,3,13,3,8,0,27
2024-03-10 00:40:00,0,14,8,13,0,35
2024-03-10 00:50:00,4,20,12,12,1,49
2024-03-10 01:00:00,1,12,1,9,0,23
2024-03-10 01:10:00,4,16,3,6,0,29
2024-03-10 01:20:00,2,12,2,10,0,26
2024-03-10 01:30:00,4,8,4,5,0,21
2024-03-10 01:40:00,2,11,4,7,0,24
2024-03-10 01:50:00,4,8,1,5,0,18
2024-03-10 02:00:00,0,13,1,4,0,18
2024-03-10 02:10:00,0,8,5,7,0,20
2024-03-10 02:20:00,2,8,2,5,0,17
2024-03-10 02:30:00,0,11,1,9,0,21
2024-03-10 02:40:00,1,7,1,2,0,11
2024-03-10 02:50:00,2,9,1,4,0,16
2024-03-10 03:00:00,3,5,2,3,0,13
2024-03-10 03:10:00,2,4,2,5,0,13
2024-03-10 03:20:00,0,2,0,0,0,2
2024-03-10 03:30:00,1,2,1,3,0,7
2024-03-10 03:40:00,0,8,0,6,0,14
2024-03-10 03:50:00,0,5,3,3,0,11
2024-03-10 04:00:00,0,5,2,10,0,17
2024-03-10 04:10:00,0,3,1,8,0,12
2024-03-10 04:20:00,0,6,2,6,0,14
2024-03-10 04:30:00,1,3,3,2,0,9
2024-03-10 04:40:00,0,5,2,4,0,11
2024-03-10 04:50:00,0,1,2,8,0,11
2024-03-10 05:00:00,0,3,0,2,0,5
2024-03-10 05:10:00,0,0,4,7,0,11
2024-03-10 05:20:00,0,6,4,6,0,16
2024-03-10 05:30:00,1,7,6,7,0,21
2024-03-10 05:40:00,0,11,6,9,0,26
2024-03-10 05:50:00,1,9,5,5,0,20
2024-03-10 06:00:00,2,16,3,5,0,26
2024-03-10 06:10:00,2,10,1,4,0,17
2024-03-10 06:20:00,2,6,3,7,0,18
2024-03-10 06:30:00,2,13,2,4,0,21
2024-03-10 06:40:00,2,15,0,3,0,20
2024-03-10 06:50:00,0,7,1,4,0,12
2024-03-10 07:00:00,1,8,1,3,0,13
2024-03-10 07:10:00,0,10,2,6,0,18
2024-03-10 07:20:00,0,4,2,6,0,12
2024-03-10 07:30:00,0,8,2,5,0,15
2024-03-10 07:40:00,0,7,5,9,1,22
2024-03-10 07:50:00,1,5,8,4,1,19
2024-03-10 08:00:00,0,4,6,6,1,17
2024-03-10 08:10:00,2,6,4,8,1,21
2024-03-10 08:20:00,1,5,5,9,0,20
2024-03-10 08:30:00,1,4,5,7,0,17
2024-03-10 08:40:00,3,11,9,13,0,36
2024-03-10 08:50:00,3,12,14,9,0,38
2024-03-10 09:00:00,3,9,9,7,1,29
2024-03-10 09:10:00,7,12,7,14,1,41
2024-03-10 09:20:00,6,13,13,20,4,56
2024-03-10 09:30:00,8,13,20,15,4,60
2024-03-10 09:40:00,5,7,14,21,5,52
2024-03-10 09:50:00,10,22,13,18,3,66
2024-03-10 10:00:00,11,19,15,20,4,69
2024-03-10 10:10:00,12,19,12,13,3,59
2024-03-10 10:20:00,9,16,14,22,4,65
2024-03-10 10:30:00,8,22,12,21,2,65
2024-03-10 10:40:00,7,21,7,26,0,61
2024-03-10 10:50:00,5,22,16,35,2,80
2024-03-10 11:00:00,2,18,11,26,5,62
2024-03-10 11:10:00,1,24,12,22,2,61
2024-03-10 11:20:00,6,20,13,25,3,67
2024-03-10 11:30:00,4,34,8,27,4,77
2024-03-10 11:40:00,6,27,9,31,4,77
2024-03-10 11:50:00,6,27,9,25,7,74
2024-03-10 12:00:00,6,24,17,41,1,89
2024-03-10 12:10:00,9,47,19,43,3,121
2024-03-10 12:20:00,4,31,20,33,6,94
2024-03-10 12:30:00,6,35,25,35,3,104
2024-03-10 12:40:00,9,33,18,34,5,99
2024-03-10 12:50:00,2,25,16,37,2,82
2024-03-10 13:00:00,5,36,17,31,4,93
2024-03-10 13:10:00,5,35,11,32,5,88
2024-03-10 13:20:00,11,27,20,28,5,91
2024-03-10 13:30:00,6,36,14,34,8,98
2024-03-10 13:40:00,8,34,15,26,6,89
2024-03-10 13:50:00,5,34,21,32,5,97
2024-03-10 14:00:00,9,33,18,34,5,99
2024-03-10 14:10:00,13,41,11,26,6,97
2024-03-10 14:20:00,6,46,16,28,8,104
2024-03-10 14:30:00,12,36,27,52,4,131
2024-03-10 14:40:00,22,37,18,32,3,112
2024-03-10 14:50:00,18,29,18,38,2,105
2024-03-10 15:00:00,23,32,24,30,5,114
2024-03-10 15:10:00,13,32,13,21,5,84
2024-03-10 15:20:00,16,32,25,48,3,124
2024-03-10 15:30:00,12,29,14,27,4,86
2024-03-10 15:40:00,23,31,16,33,3,106
2024-03-10 15:50:00,16,22,20,24,8,90
2024-03-10 16:00:00,21,19,20,30,6,96
2024-03-10 16:10:00,14,25,17,21,5,82
2024-03-10 16:20:00,24,23,18,37,3,105
2024-03-10 16:30:00,18,29,21,36,2,106
2024-03-10 16:40:00,17,26,17,24,8,92
2024-03-10 16:50:00,25,27,28,38,5,123
2024-03-10 17:00:00,23,18,20,34,5,100
2024-03-10 17:10:00,14,44,23,35,4,120
2024-03-10 17:20:00,6,35,22,33,7,103
2024-03-10 17:30:00,4,32,9,37,4,86
2024-03-10 17:40:00,9,33,17,30,8,97
2024-03-10 17:50:00,16,39,18,46,3,122
2024-03-10 18:00:00,5,28,8,32,6,79
2024-03-10 18:10:00,6,29,12,24,4,75
2024-03-10 18:20:00,21,25,17,16,3,82
2024-03-10 18:30:00,3,31,12,27,1,74
2024-03-10 18:40:00,8,32,10,21,2,73
2024-03-10 18:50:00,9,31,10,28,1,79
2024-03-10 19:00:00,5,31,8,27,4,75
2024-03-10 19:10:00,1,26,5,24,0,56
2024-03-10 19:20:00,5,30,8,16,2,61
2024-03-10 19:30:00,6,29,18,33,0,86
2024-03-10 19:40:00,7,42,16,23,1,89
2024-03-10 19:50:00,2,23,18,27,2,72
2024-03-10 20:00:00,4,35,11,19,1,70
2024-03-10 20:10:00,3,31,7,26,0,67
2024-03-10 20:20:00,6,37,13,18,0,74
2024-03-10 20:30:00,9,19,9,17,0,54
2024-03-10 20:40:00,14,21,2,15,0,52
2024-03-10 20:50:00,10,24,10,15,0,59
2024-03-10 21:00:00,11,25,7,19,0,62
2024-03-10 21:10:00,11,27,5,16,0,59
2024-03-10 21:20:00,16,31,1,23,0,71
2024-03-10 21:30:00,10,25,6,22,2,65
2024-03-10 21:40:00,14,22,4,16,1,57
2024-03-10 21:50:00,10,31,7,10,0,58
2024-03-10 22:00:00,8,19,8,12,0,47
2024-03-10 22:10:00,9,9,5,11,1,35
2024-03-10 22:20:00,12,17,12,12,1,54
2024-03-10 22:30:00,6,13,1,7,0,27
2024-03-10 22:40:00,10,6,7,13,0,36
2024-03-10 22:50:00,17,10,3,6,0,36
2024-03-10 23:00:00,18,9,4,8,0,39
2024-03-10 23:10:00,14,12,8,13,0,47
2024-03-10 23:20:00,4,5,4,11,0,24
2024-03-10 23:30:00,39,6,1,4,0,50
2024-03-10 23:40:00,15,5,3,3,0,26
2024-03-10 23:50:00,51,4,3,6,0,64
2024-03-11 00:00:00,27,5,0,2,0,34
2024-03-11 00:10:00,12,5,1,5,0,23
2024-03-11 00:20:00,43,2,1,5,0,51
2024-03-11 00:30:00,32,5,1,3,0,41
2024-03-11 00:40:00,10,1,0,2,0,13
2024-03-11 00:50:00,1,3,1,5,0,10
2024-03-11 01:00:00,7,4,3,5,0,19
2024-03-11 01:10:00,27,0,0,1,0,28
2024-03-11 01:20:00,19,0,2,2,0,23
2024-03-11 01:30:00,2,1,0,3,0,6
2024-03-11 01:40:00,5,3,2,1,0,11
2024-03-11 01:50:00,3,1,0,1,0,5
2024-03-11 02:00:00,0,1,0,3,0,4
2024-03-11 02:10:00,0,0,1,1,0,2
2024-03-11 02:20:00,0,0,2,2,0,4
2024-03-11 02:30:00,3,2,0,0,0,5
2024-03-11 02:40:00,0,3,0,2,0,5
2024-03-11 02:50:00,0,0,1,1,0,2
2024-03-11 03:00:00,3,0,3,2,0,8
2024-03-11 03:10:00,0,1,2,1,0,4
2024-03-11 03:20:00,0,1,1,1,0,3
2024-03-11 03:30:00,8,1,0,2,0,11
2024-03-11 03:40:00,50,2,1,1,0,54
2024-03-11 03:50:00,8,1,5,7,0,21
2024-03-11 04:00:00,23,1,3,7,0,34
2024-03-11 04:10:00,17,4,2,3,0,26
2024-03-11 04:20:00,9,1,1,6,0,17
2024-03-11 04:30:00,38,1,1,7,0,47
2024-03-11 04:40:00,54,2,15,16,0,87
2024-03-11 04:50:00,25,2,5,7,0,39
2024-03-11 05:00:00,28,4,14,22,0,68
2024-03-11 05:10:00,45,3,23,20,0,91
2024-03-11 05:20:00,43,6,8,13,0,70
2024-03-11 05:30:00,48,9,25,25,1,108
2024-03-11 05:40:00,19,11,24,23,0,77
2024-03-11 05:50:00,31,11,23,20,0,85
2024-03-11 06:00:00,26,15,25,27,0,93
2024-03-11 06:10:00,16,11,20,22,0,69
2024-03-11 06:20:00,15,10,27,24,0,76
2024-03-11 06:30:00,14,10,43,27,0,94
2024-03-11 06:40:00,7,18,39,27,0,91
2024-03-11 06:50:00,6,21,48,21,1,97
2024-03-11 07:00:00,5,23,46,28,2,104
2024-03-11 07:10:00,6,23,49,24,4,106
2024-03-11 07:20:00,7,31,62,36,5,141
2024-03-11 07:30:00,2,36,69,39,1,147
2024-03-11 07:40:00,6,34,67,37,8,152
2024-03-11 07:50:00,15,41,62,51,6,175
2024-03-11 08:00:00,14,34,56,39,5,148
2024-03-11 08:10:00,20,47,70,38,7,182
2024-03-11 08:20:00,9,33,46,23,9,120
2024-03-11 08:30:00,4,39,65,38,9,155
2024-03-11 08:40:00,4,38,65,41,2,150
2024-03-11 08:50:00,0,31,46,27,9,113
2024-03-11 09:00:00,2,30,40,44,7,123
2024-03-11 09:10:00,1,28,44,37,4,114
2024-03-11 09:20:00,2,31,44,35,8,120
2024-03-11 09:30:00,5,28,36,46,4,119
2024-03-11 09:40:00,3,31,48,37,4,123
2024-03-11 09:50:00,2,37,38,37,3,117
2024-03-11 10:00:00,1,33,33,38,3,108
2024-03-11 10:10:00,7,25,41,50,3,126
2024-03-11 10:20:00,1,40,40,50,3,134
2024-03-11 10:30:00,0,31,30,50,3,114
2024-03-11 10:40:00,6,42,41,38,5,132
2024-03-11 10:50:00,0,40,29,32,8,109
2024-03-11 11:00:00,6,45,40,49,4,144
2024-03-11 11:10:00,0,43,27,37,5,112
2024-03-11 11:20:00,0,44,26,39,7,116
2024-03-11 11:30:00,1,43,39,57,0,140
2024-03-11 11:40:00,9,39,25,45,6,124
2024-03-11 11:50:00,0,43,31,43,7,124
2024-03-11 12:00:00,3,43,32,45,2,125
2024-03-11 12:10:00,2,50,27,44,6,129
2024-03-11 12:20:00,0,39,43,38,8,128
2024-03-11 12:30:00,5,43,33,46,3,130
2024-03-11 12:40:00,3,38,31,38,8,118
2024-03-11 12:50:00,3,33,34,36,7,113
2024-03-11 13:00:00,4,39,27,43,3,116
2024-03-11 13:10:00,6,25,34,52,5,122
2024-03-11 13:20:00,1,29,26,53,7,116
2024-03-11 13:30:00,2,30,32,36,8,108
2024-03-11 13:40:00,1,34,51,43,10,139
2024-03-11 13:50:00,3,41,33,53,7,137
2024-03-11 14:00:00,0,37,29,44,5,115
2024-03-11 14:10:00,3,37,36,43,4,123
2024-03-11 14:20:00,9,28,34,47,5,123
2024-03-11 14:30:00,3,38,42,43,4,130
2024-03-11 14:40:00,13,38,38,43,9,141
2024-03-11 14:50:00,17,52,40,48,3,160
2024-03-11 15:00:00,16,40,31,51,4,142
2024-03-11 15:10:00,36,48,20,40,6,150
2024-03-11 15:20:00,35,38,16,49,7,145
2024-03-11 15:30:00,33,41,29,46,9,158
2024-03-11 15:40:00,38,32,27,35,8,140
2024-03-11 15:50:00,28,31,32,54,7,152
2024-03-11 16:00:00,39,40,37,46,8,170
2024-03-11 16:10:00,32,33,35,45,5,150
2024-03-11 16:20:00,38,43,24,42,6,153
2024-03-11 16:30:00,34,33,33,44,9,153
2024-03-11 16:40:00,30,23,30,47,7,137
2024-03-11 16:50:00,39,29,25,42,7,142
2024-03-11 17:00:00,27,39,35,49,8,158
2024-03-11 17:10:00,36,36,22,38,7,139
2024-03-11 17:20:00,32,49,37,47,8,173
2024-03-11 17:30:00,35,40,36,44,7,162
2024-03-11 17:40:00,32,30,32,36,13,143
2024-03-11 17:50:00,37,34,25,42,6,144
2024-03-11 18:00:00,34,38,18,38,9,137
2024-03-11 18:10:00,32,38,28,33,6,137
2024-03-11 18:20:00,24,18,24,32,9,107
2024-03-11 18:30:00,43,34,15,22,3,117
2024-03-11 18:40:00,17,14,19,28,4,82
2024-03-11 18:50:00,24,34,20,35,3,116
2024-03-11 19:00:00,17,26,17,26,3,89
2024-03-11 19:10:00,25,30,10,22,2,89
2024-03-11 19:20:00,15,26,15,22,2,80
2024-03-11 19:30:00,16,30,13,22,1,82
2024-03-11 19:40:00,16,24,12,34,3,89
2024-03-11 19:50:00,4,79,27,21,0,131
2024-03-11 20:00:00,24,22,12,28,5,91
2024-03-11 20:10:00,16,21,14,29,2,82
2024-03-11 20:20:00,17,24,9,26,3,79
2024-03-11 20:30:00,10,14,15,25,2,66
2024-03-11 20:40:00,14,38,4,18,1,75
2024-03-11 20:50:00,18,22,4,25,0,69
2024-03-11 21:00:00,18,17,6,15,0,56
2024-03-11 21:10:00,15,28,5,17,1,66
2024-03-11 21:20:00,14,22,7,11,0,54
2024-03-11 21:30:00,14,26,8,15,1,64
2024-03-11 21:40:00,13,27,7,16,0,63
2024-03-11 21:50:00,13,22,1,9,0,45
2024-03-11 22:00:00,9,22,4,15,3,53
2024-03-11 22:10:00,17,22,1,13,1,54
2024-03-11 22:20:00,10,19,5,15,0,49
2024-03-11 22:30:00,10,23,0,9,0,42
2024-03-11 22:40:00,17,18,1,6,0,42
2024-03-11 22:50:00,5,10,1,15,0,31
2024-03-11 23:00:00,7,11,4,13,0,35
2024-03-11 23:10:00,4,13,3,13,0,33
2024-03-11 23:20:00,3,14,1,5,0,23
2024-03-11 23:30:00,5,17,2,7,0,31
2024-03-11 23:40:00,6,8,2,7,0,23
2024-03-11 23:50:00,5,10,1,4,1,21
2024-03-12 00:00:00,3,0,0,7,0,10
2024-03-12 00:10:00,6,7,3,6,0,22
2024-03-12 00:20:00,0,5,0,0,0,5
2024-03-12 00:30:00,4,8,0,0,0,12
2024-03-12 00:40:00,1,8,1,3,0,13
2024-03-12 00:50:00,2,3,0,0,0,5
2024-03-12 01:00:00,0,1,0,2,0,3
2024-03-12 01:10:00,1,3,1,2,0,7
2024-03-12 01:20:00,0,4,1,2,0,7
2024-03-12 01:30:00,2,2,1,5,0,10
2024-03-12 01:40:00,1,0,0,0,0,1
2024-03-12 01:50:00,0,1,0,0,0,1
2024-03-12 02:00:00,0,2,1,3,0,6
2024-03-12 02:10:00,0,0,2,3,0,5
2024-03-12 02:20:00,1,0,0,0,0,1
2024-03-12 02:30:00,0,0,0,0,0,0
2024-03-12 02:40:00,0,4,0,0,0,4
2024-03-12 02:50:00,1,3,0,1,0,5
2024-03-12 03:00:00,0,3,0,0,0,3
2024-03-12 03:10:00,0,5,1,1,0,7
2024-03-12 03:20:00,0,6,0,3,0,9
2024-03-12 03:30:00,2,6,0,5,0,13
2024-03-12 03:40:00,1,1,1,1,0,4
2024-03-12 03:50:00,0,4,0,3,0,7
2024-03-12 04:00:00,0,2,1,1,0,4
2024-03-12 04:10:00,3,4,1,1,0,9
2024-03-12 04:20:00,0,4,0,3,0,7
2024-03-12 04:30:00,1,3,3,9,0,16
2024-03-12 04:40:00,2,2,2,8,0,14
2024-03-12 04:50:00,5,2,3,5,0,15
2024-03-12 05:00:00,0,2,13,14,0,29
2024-03-12 05:10:00,3,10,13,11,0,37
2024-03-12 05:20:00,2,9,9,14,0,34
2024-03-12 05:30:00,2,13,33,25,0,73
2024-03-12 05:40:00,3,15,32,29,0,79
2024-03-12 05:50:00,5,17,37,21,0,80
2024-03-12 06:00:00,2,18,18,24,0,62
2024-03-12 06:10:00,6,26,32,20,0,84
2024-03-12 06:20:00,4,22,33,28,0,87
2024-03-12 06:30:00,1,27,39,30,0,97
2024-03-12 06:40:00,1,22,51,31,2,107
2024-03-12 06:50:00,6,30,54,40,1,131
2024-03-12 07:00:00,6,32,39,38,2,117
2024-03-12 07:10:00,11,29,59,32,7,138
2024-03-12 07:20:00,11,25,74,55,5,170
2024-03-12 07:30:00,13,30,70,49,8,170
2024-03-12 07:40:00,13,39,63,41,3,159
2024-03-12 07:50:00,12,52,56,42,3,165
2024-03-12 08:00:00,14,30,52,44,6,146
2024-03-12 08:10:00,10,32,57,34,6,139
2024-03-12 08:20:00,11,35,43,34,6,129
2024-03-12 08:30:00,2,29,52,42,8,133
2024-03-12 08:40:00,6,32,48,37,8,131
2024-03-12 08:50:00,1,23,61,44,7,136
2024-03-12 09:00:00,1,34,51,42,9,137
2024-03-12 09:10:00,3,40,41,29,4,117
2024-03-12 09:20:00,1,38,44,49,8,140
2024-03-12 09:30:00,11,40,44,50,4,149
2024-03-12 09:40:00,1,39,43,51,3,137
2024-03-12 09:50:00,0,41,47,64,5,157
2024-03-12 10:00:00,4,40,39,42,6,131
2024-03-12 10:10:00,0,29,29,45,3,106
2024-03-12 10:20:00,2,41,17,33,4,97
2024-03-12 10:30:00,0,35,32,49,5,121
2024-03-12 10:40:00,0,39,31,63,2,135
2024-03-12 10:50:00,2,37,31,38,5,113
2024-03-12 11:00:00,0,37,44,50,3,134
2024-03-12 11:10:00,1,36,43,61,0,141
2024-03-12 11:20:00,0,42,34,49,1,126
2024-03-12 11:30:00,3,47,26,48,4,128
2024-03-12 11:40:00,2,28,37,44,7,118
2024-03-12 11:50:00,0,41,35,34,6,116
2024-03-12 12:00:00,4,42,31,40,7,124
2024-03-12 12:10:00,5,50,34,41,4,134
2024-03-12 12:20:00,1,37,34,45,4,121
2024-03-12 12:30:00,2,51,32,36,7,128
2024-03-12 12:40:00,1,25,26,47,7,106
2024-03-12 12:50:00,1,27,28,42,7,105
2024-03-12 13:00:00,3,41,22,36,7,109
2024-03-12 13:10:00,5,38,31,45,7,126
2024-03-12 13:20:00,5,37,48,61,7,158
2024-03-12 13:30:00,7,38,27,46,6,124
2024-03-12 13:40:00,3,54,34,41,6,138
2024-03-12 13:50:00,3,34,29,49,6,121
2024-03-12 14:00:00,0,35,24,54,4,117
2024-03-12 14:10:00,2,39,27,28,8,104
2024-03-12 14:20:00,4,38,44,52,4,142
2024-03-12 14:30:00,2,43,34,46,6,131
2024-03-12 14:40:00,5,37,26,44,6,118
2024-03-12 14:50:00,3,48,43,53,5,152
2024-03-12 15:00:00,22,48,33,52,7,162
2024-03-12 15:10:00,32,33,32,60,6,163
2024-03-12 15:20:00,26,35,38,55,6,160
2024-03-12 15:30:00,43,41,39,48,4,175
2024-03-12 15:40:00,42,41,24,39,9,155
2024-03-12 15:50:00,38,32,31,44,9,154
2024-03-12 16:00:00,37,39,23,42,9,150
2024-03-12 16:10:00,43,38,27,46,7,161
2024-03-12 16:20:00,35,43,51,50,6,185
2024-03-12 16:30:00,51,41,33,48,5,178
2024-03-12 16:40:00,31,30,42,52,11,166
2024-03-12 16:50:00,33,37,25,23,7,125
2024-03-12 17:00:00,32,39,31,41,6,149
2024-03-12 17:10:00,36,55,29,53,5,178
2024-03-12 17:20:00,29,40,30,34,8,141
2024-03-12 17:30:00,35,33,26,39,4,137
2024-03-12 17:40:00,27,35,24,34,9,129
2024-03-12 17:50:00,25,33,30,50,8,146
2024-03-12 18:00:00,18,32,21,35,11,117
2024-03-12 18:10:00,28,28,29,29,8,122
2024-03-12 18:20:00,25,26,23,23,8,105
2024-03-12 18:30:00,26,32,15,27,2,102
2024-03-12 18:40:00,27,31,15,30,6,109
2024-03-12 18:50:00,21,29,17,29,2,98
2024-03-12 19:00:00,27,24,12,32,1,96
2024-03-12 19:10:00,25,25,19,23,3,95
2024-03-12 19:20:00,15,24,13,21,1,74
2024-03-12 19:30:00,29,22,6,22,3,82
2024-03-12 19:40:00,13,23,24,31,0,91
2024-03-12 19:50:00,18,17,8,31,1,75
2024-03-12 20:00:00,17,31,17,31,1,97
2024-03-12 20:10:00,17,21,11,23,0,72
2024-03-12 20:20:00,17,23,8,24,1,73
2024-03-12 20:30:00,11,13,7,17,0,48
2024-03-12 20:40:00,19,16,7,19,1,62
2024-03-12 20:50:00,22,16,2,16,1,57
2024-03-12 21:00:00,20,15,5,14,2,56
2024-03-12 21:10:00,36,19,8,16,2,81
2024-03-12 21:20:00,68,22,2,20,2,114
2024-03-12 21:30:00,64,17,2,8,1,92
2024-03-12 21:40:00,55,17,7,17,1,97
2024-03-12 21:50:00,57,18,21,19,3,118
2024-03-12 22:00:00,40,11,10,10,0,71
2024-03-12 22:10:00,29,30,11,22,0,92
2024-03-12 22:20:00,42,17,4,11,1,75
2024-03-12 22:30:00,20,11,3,9,0,43
2024-03-12 22:40:00,13,11,1,7,0,32
2024-03-12 22:50:00,22,9,2,5,0,38
2024-03-12 23:00:00,33,10,4,9,0,56
2024-03-12 23:10:00,26,12,5,10,0,53
2024-03-12 23:20:00,29,9,2,9,0,49
2024-03-12 23:30:00,41,5,7,10,0,63
2024-03-12 23:40:00,48,5,1,6,0,60
2024-03-12 23:50:00,18,2,5,8,0,33
2024-03-13 00:00:00,13,8,0,5,0,26
2024-03-13 00:10:00,28,4,2,4,0,38
2024-03-13 00:20:00,27,5,0,1,0,33
2024-03-13 00:30:00,53,1,1,5,0,60
2024-03-13 00:40:00,12,3,2,3,0,20
2024-03-13 00:50:00,26,1,0,2,0,29
2024-03-13 01:00:00,43,2,0,1,0,46
2024-03-13 01:10:00,0,2,0,1,0,3
2024-03-13 01:20:00,21,2,0,2,0,25
2024-03-13 01:30:00,4,1,0,0,0,5
2024-03-13 01:40:00,2,1,1,2,0,6
2024-03-13 01:50:00,0,1,4,6,0,11
2024-03-13 02:00:00,1,1,0,1,0,3
2024-03-13 02:10:00,0,5,0,1,0,6
2024-03-13 02:20:00,1,0,2,4,0,7
2024-03-13 02:30:00,0,0,0,2,0,2
2024-03-13 02:40:00,1,0,0,1,0,2
2024-03-13 02:50:00,2,2,0,1,0,5
2024-03-13 03:00:00,1,1,2,0,0,4
2024-03-13 03:10:00,3,2,0,1,0,6
2024-03-13 03:20:00,1,3,0,2,0,6
2024-03-13 03:30:00,0,0,0,1,0,1
2024-03-13 03:40:00,0,3,0,1,0,4
2024-03-13 03:50:00,1,2,0,4,0,7
2024-03-13 04:00:00,1,1,2,4,0,8
2024-03-13 04:10:00,1,3,2,5,0,11
2024-03-13 04:20:00,1,1,1,4,0,7
2024-03-13 04:30:00,0,2,1,7,0,10
2024-03-13 04:40:00,0,3,2,9,0,14
2024-03-13 04:50:00,1,4,8,12,0,25
2024-03-13 05:00:00,2,3,10,21,0,36
2024-03-13 05:10:00,2,5,5,13,0,25
2024-03-13 05:20:00,4,5,13,22,0,44
2024-03-13 05:30:00,1,10,27,30,0,68
2024-03-13 05:40:00,0,14,28,30,0,72
2024-03-13 05:50:00,2,13,19,18,0,52
2024-03-13 06:00:00,3,12,21,25,0,61
2024-03-13 06:10:00,4,18,24,24,0,70
2024-03-13 06:20:00,3,20,31,29,1,84
2024-03-13 06:30:00,7,14,40,24,1,86
2024-03-13 06:40:00,10,21,35,31,4,101
2024-03-13 06:50:00,6,29,41,26,4,106
2024-03-13 07:00:00,7,27,60,35,2,131
2024-03-13 07:10:00,6,20,52,34,5,117
2024-03-13 07:20:00,10,32,60,44,3,149
2024-03-13 07:30:00,14,31,59,38,3,145
2024-03-13 07:40:00,20,30,71,44,5,170
2024-03-13 07:50:00,15,36,59,38,6,154
2024-03-13 08:00:00,9,41,60,51,4,165
2024-03-13 08:10:00,12,22,61,35,8,138
2024-03-13 08:20:00,7,28,53,33,5,126
2024-03-13 08:30:00,2,44,65,44,9,164
2024-03-13 08:40:00,2,21,55,33,7,118
2024-03-13 08:50:00,1,25,59,46,4,135
2024-03-13 09:00:00,1,34,53,46,4,138
2024-03-13 09:10:00,2,25,37,22,7,93
2024-03-13 09:20:00,7,31,44,41,7,130
2024-03-13 09:30:00,5,32,48,57,1,143
2024-03-13 09:40:00,2,38,46,56,2,144
2024-03-13 09:50:00,6,31,56,44,4,141
2024-03-13 10:00:00,3,33,38,47,5,126
2024-03-13 10:10:00,5,40,23,42,3,113
2024-03-13 10:20:00,1,33,44,50,5,133
2024-03-13 10:30:00,4,47,36,48,5,140
2024-03-13 10:40:00,0,41,38,45,5,129
2024-03-13 10:50:00,2,37,34,42,6,121
2024-03-13 11:00:00,0,45,32,42,2,121
2024-03-13 11:10:00,2,49,47,44,4,146
2024-03-13 11:20:00,2,38,27,32,3,102
2024-03-13 11:30:00,0,39,41,52,4,136
2024-03-13 11:40:00,1,41,35,43,6,126
2024-03-13 11:50:00,3,44,30,45,6,128
2024-03-13 12:00:00,2,30,56,45,5,138
2024-03-13 12:10:00,3,35,31,38,9,116
2024-03-13 12:20:00,2,49,36,48,3,138
2024-03-13 12:30:00,0,53,34,48,3,138
2024-03-13 12:40:00,7,33,34,39,7,120
2024-03-13 12:50:00,9,42,43,42,6,142
2024-03-13 13:00:00,14,32,24,35,5,110
2024-03-13 13:10:00,3,28,31,48,8,118
2024-03-13 13:20:00,3,35,20,35,5,98
2024-03-13 13:30:00,3,31,33,39,8,114
2024-03-13 13:40:00,5,40,40,38,7,130
2024-03-13 13:50:00,2,49,40,49,6,146
2024-03-13 14:00:00,6,26,31,31,9,103
2024-03-13 14:10:00,1,40,30,36,6,113
2024-03-13 14:20:00,6,34,29,43,6,118
2024-03-13 14:30:00,0,39,29,40,4,112
2024-03-13 14:40:00,0,36,43,57,4,140
2024-03-13 14:50:00,13,40,45,64,3,165
2024-03-13 15:00:00,31,39,45,40,7,162
2024-03-13 15:10:00,32,36,46,47,6,167
2024-03-13 15:20:00,37,31,32,45,5,150
2024-03-13 15:30:00,43,51,33,42,4,173
2024-03-13 15:40:00,33,32,25,47,6,143
2024-03-13 15:50:00,25,36,38,48,6,153
2024-03-13 16:00:00,29,27,41,45,10,152
2024-03-13 16:10:00,37,39,39,45,7,167
2024-03-13 16:20:00,25,36,34,51,5,151
2024-03-13 16:30:00,46,52,31,53,4,186
2024-03-13 16:40:00,45,38,28,56,8,175
2024-03-13 16:50:00,39,41,21,60,3,164
2024-03-13 17:00:00,27,28,31,51,8,145
2024-03-13 17:10:00,40,34,29,31,7,141
2024-03-13 17:20:00,30,36,19,47,12,144
2024-03-13 17:30:00,34,44,31,45,4,158
2024-03-13 17:40:00,28,36,21,36,8,129
2024-03-13 17:50:00,35,36,36,44,5,156
2024-03-13 18:00:00,29,30,19,37,7,122
2024-03-13 18:10:00,29,30,29,39,8,135
2024-03-13 18:20:00,25,24,21,30,5,105
2024-03-13 18:30:00,22,33,18,35,1,109
2024-03-13 18:40:00,17,31,16,27,3,94
2024-03-13 18:50:00,27,26,14,23,1,91
2024-03-13 19:00:00,25,35,17,28,4,109
2024-03-13 19:10:00,26,28,15,30,4,103
2024-03-13 19:20:00,18,29,14,28,3,92
2024-03-13 19:30:00,8,24,10,26,3,71
2024-03-13 19:40:00,7,35,10,28,1,81
2024-03-13 19:50:00,9,14,15,26,5,69
2024-03-13 20:00:00,5,36,10,24,2,77
2024-03-13 20:10:00,4,41,8,20,1,74
2024-03-13 20:20:00,17,26,15,23,1,82
2024-03-13 20:30:00,16,27,16,25,0,84
2024-03-13 20:40:00,13,26,8,19,3,69
2024-03-13 20:50:00,16,23,9,18,0,66
2024-03-13 21:00:00,9,29,2,16,0,56
2024-03-13 21:10:00,26,33,12,23,2,96
2024-03-13 21:20:00,19,33,8,20,1,81
2024-03-13 21:30:00,19,36,5,18,0,78
2024-03-13 21:40:00,15,23,1,12,0,51
2024-03-13 21:50:00,15,23,10,22,0,70
2024-03-13 22:00:00,13,26,3,19,1,62
2024-03-13 22:10:00,15,16,9,23,0,63
2024-03-13 22:20:00,15,14,6,16,0,51
2024-03-13 22:30:00,14,21,3,23,1,62
2024-03-13 22:40:00,8,24,3,15,0,50
2024-03-13 22:50:00,3,16,7,8,0,34
2024-03-13 23:00:00,6,20,2,13,0,41
2024-03-13 23:10:00,2,18,1,11,0,32
2024-03-13 23:20:00,1,14,3,9,0,27
2024-03-13 23:30:00,2,11,2,9,0,24
2024-03-13 23:40:00,3,17,3,7,3,33
2024-03-13 23:50:00,1,11,3,11,0,26
2024-03-14 00:00:00,2,18,2,8,0,30
2024-03-14 00:10:00,3,13,2,6,1,25
2024-03-14 00:20:00,2,5,1,3,0,11
2024-03-14 00:30:00,3,11,0,1,0,15
2024-03-14 00:40:00,1,7,0,2,0,10
2024-03-14 00:50:00,0,3,3,2,0,8
2024-03-14 01:00:00,2,2,0,6,0,10
2024-03-14 01:10:00,0,6,0,2,0,8
2024-03-14 01:20:00,0,2,1,4,0,7
2024-03-14 01:30:00,0,3,1,0,0,4
2024-03-14 01:40:00,0,4,2,0,0,6
2024-03-14 01:50:00,0,3,0,0,0,3
2024-03-14 02:00:00,0,5,0,1,0,6
2024-03-14 02:10:00,0,2,0,1,0,3
2024-03-14 02:20:00,1,3,0,3,0,7
2024-03-14 02:30:00,0,6,2,1,0,9
2024-03-14 02:40:00,1,1,0,1,0,3
2024-03-14 02:50:00,0,3,0,1,0,4
2024-03-14 03:00:00,0,7,1,2,0,10
2024-03-14 03:10:00,0,2,2,3,0,7
2024-03-14 03:20:00,1,3,0,3,0,7
2024-03-14 03:30:00,0,3,0,0,0,3
2024-03-14 03:40:00,0,4,0,1,0,5
2024-03-14 03:50:00,0,5,0,3,0,8
2024-03-14 04:00:00,0,0,0,2,0,2
2024-03-14 04:10:00,0,5,3,4,0,12
2024-03-14 04:20:00,0,3,2,4,0,9
2024-03-14 04:30:00,0,2,0,9,0,11
2024-03-14 04:40:00,1,3,5,12,0,21
2024-03-14 04:50:00,2,4,8,13,0,27
2024-03-14 05:00:00,1,2,9,18,0,30
2024-03-14 05:10:00,0,6,14,16,0,36
2024-03-14 05:20:00,0,9,14,17,0,40
2024-03-14 05:30:00,2,11,20,22,0,55
2024-03-14 05:40:00,0,16,41,28,0,85
2024-03-14 05:50:00,3,15,34,25,0,77
2024-03-14 06:00:00,5,27,30,18,0,80
2024-03-14 06:10:00,8,17,27,20,0,72
2024-03-14 06:20:00,5,16,41,28,0,90
2024-03-14 06:30:00,4,17,39,35,0,95
2024-03-14 06:40:00,4,23,50,35,2,114
2024-03-14 06:50:00,6,25,60,39,1,131
2024-03-14 07:00:00,5,19,45,38,3,110
2024-03-14 07:10:00,3,26,51,28,3,111
2024-03-14 07:20:00,14,32,60,43,4,153
2024-03-14 07:30:00,9,34,64,52,3,162
2024-03-14 07:40:00,8,39,64,50,7,168
2024-03-14 07:50:00,13,52,53,32,7,157
2024-03-14 08:00:00,6,30,53,47,4,140
2024-03-14 08:10:00,15,35,56,35,7,148
2024-03-14 08:20:00,7,35,44,30,7,123
2024-03-14 08:30:00,17,37,55,32,8,149
2024-03-14 08:40:00,4,33,57,39,7,140
2024-03-14 08:50:00,4,40,62,35,6,147
2024-03-14 09:00:00,6,42,43,47,4,142
2024-03-14 09:10:00,7,41,47,45,4,144
2024-03-14 09:20:00,2,37,41,50,4,134
2024-03-14 09:30:00,0,49,26,37,11,123
2024-03-14 09:40:00,7,49,37,32,7,132
2024-03-14 09:50:00,6,46,28,31,5,116
2024-03-14 10:00:00,4,32,39,48,7,130
2024-03-14 10:10:00,3,40,31,48,9,131
2024-03-14 10:20:00,0,42,36,51,4,133
2024-03-14 10:30:00,7,44,38,39,6,134
2024-03-14 10:40:00,6,23,33,39,8,109
2024-03-14 10:50:00,4,35,23,48,4,114
2024-03-14 11:00:00,2,40,37,49,5,133
2024-03-14 11:10:00,2,34,38,56,2,132
2024-03-14 11:20:00,0,39,47,57,3,146
2024-03-14 11:30:00,2,31,27,45,4,109
2024-03-14 11:40:00,6,37,30,43,6,122
2024-03-14 11:50:00,5,47,30,44,8,134
2024-03-14 12:00:00,1,32,25,34,6,98
2024-03-14 12:10:00,4,28,33,47,9,121
2024-03-14 12:20:00,5,44,37,41,4,131
2024-03-14 12:30:00,1,34,29,41,5,110
2024-03-14 12:40:00,3,42,45,48,6,144
2024-03-14 12:50:00,6,45,44,50,7,152
2024-03-14 13:00:00,6,45,32,39,6,128
2024-03-14 13:10:00,7,42,40,66,6,161
2024-03-14 13:20:00,5,45,33,42,4,129
2024-03-14 13:30:00,0,41,31,44,5,121
2024-03-14 13:40:00,9,43,39,41,8,140
2024-03-14 13:50:00,4,42,26,45,6,123
2024-03-14 14:00:00,1,47,29,44,6,127
2024-03-14 14:10:00,1,39,36,47,8,131
2024-03-14 14:20:00,2,45,36,44,5,132
2024-03-14 14:30:00,8,39,29,38,8,122
2024-03-14 14:40:00,7,45,37,51,6,146
2024-03-14 14:50:00,8,36,41,52,9,146
2024-03-14 15:00:00,25,26,23,38,10,122
2024-03-14 15:10:00,24,43,30,46,6,149
2024-03-14 15:20:00,34,45,27,36,10,152
2024-03-14 15:30:00,31,37,29,40,9,146
2024-03-14 15:40:00,25,31,27,52,8,143
2024-03-14 15:50:00,41,42,35,42,6,166
2024-03-14 16:00:00,38,39,30,47,6,160
2024-03-14 16:10:00,36,41,19,48,6,150
2024-03-14 16:20:00,34,42,28,52,7,163
2024-03-14 16:30:00,47,26,30,46,9,158
2024-03-14 16:40:00,48,50,30,50,6,184
2024-03-14 16:50:00,39,35,29,42,10,155
2024-03-14 17:00:00,45,42,44,61,5,197
2024-03-14 17:10:00,38,30,54,64,7,193
2024-03-14 17:20:00,21,35,19,40,9,124
2024-03-14 17:30:00,34,41,31,50,6,162
2024-03-14 17:40:00,26,21,21,35,10,113
2024-03-14 17:50:00,38,26,38,55,8,165
2024-03-14 18:00:00,37,39,28,46,4,154
2024-03-14 18:10:00,9,12,11,23,4,59
2024-03-14 18:20:00,12,7,10,13,6,48
2024-03-14 18:30:00,21,20,17,21,12,91
2024-03-14 18:40:00,29,22,22,18,2,93
2024-03-14 18:50:00,13,25,27,26,3,94
2024-03-14 19:00:00,23,33,16,25,2,99
2024-03-14 19:10:00,23,16,9,24,6,78
2024-03-14 19:20:00,18,22,11,31,2,84
2024-03-14 19:30:00,12,20,15,26,3,76
2024-03-14 19:40:00,1,24,13,30,1,69
2024-03-14 19:50:00,7,24,13,24,4,72
2024-03-14 20:00:00,5,34,17,29,2,87
2024-03-14 20:10:00,6,46,19,25,1,97
2024-03-14 20:20:00,5,25,11,21,1,63
2024-03-14 20:30:00,3,24,9,27,0,63
2024-03-14 20:40:00,7,35,10,27,0,79
2024-03-14 20:50:00,17,24,7,22,2,72
2024-03-14 21:00:00,7,20,11,18,2,58
2024-03-14 21:10:00,15,25,4,24,0,68
2024-03-14 21:20:00,21,25,9,21,2,78
2024-03-14 21:30:00,20,33,1,15,0,69
2024-03-14 21:40:00,9,24,6,17,1,57
2024-03-14 21:50:00,18,24,6,22,1,71
2024-03-14 22:00:00,12,32,5,19,0,68
2024-03-14 22:10:00,13,28,8,21,2,72
2024-03-14 22:20:00,17,18,6,18,1,60
2024-03-14 22:30:00,11,18,3,14,1,47
2024-03-14 22:40:00,17,21,2,13,0,53
2024-03-14 22:50:00,6,13,4,14,0,37
2024-03-14 23:00:00,11,14,1,14,0,40
2024-03-14 23:10:00,4,10,8,17,1,40
2024-03-14 23:20:00,9,5,3,12,0,29
2024-03-14 23:30:00,7,9,7,7,0,30
2024-03-14 23:40:00,6,7,3,7,0,23
2024-03-14 23:50:00,9,13,1,11,0,34
2024-03-15 00:00:00,1,11,3,4,0,19
2024-03-15 00:10:00,1,9,3,2,0,15
2024-03-15 00:20:00,0,7,3,4,0,14
2024-03-15 00:30:00,1,6,0,5,0,12
2024-03-15 00:40:00,2,4,2,9,0,17
2024-03-15 00:50:00,2,0,0,3,0,5
2024-03-15 01:00:00,1,8,0,1,0,10
2024-03-15 01:10:00,1,3,1,0,0,5
2024-03-15 01:20:00,4,2,0,2,0,8
2024-03-15 01:30:00,0,4,1,4,0,9
2024-03-15 01:40:00,1,4,0,2,0,7
2024-03-15 01:50:00,1,0,0,0,0,1
2024-03-15 02:00:00,2,2,1,3,0,8
2024-03-15 02:10:00,0,1,0,1,0,2
2024-03-15 02:20:00,0,5,0,2,0,7
2024-03-15 02:30:00,1,3,2,1,0,7
2024-03-15 02:40:00,0,2,0,0,0,2
2024-03-15 02:50:00,0,2,0,2,0,4
2024-03-15 03:00:00,0,4,1,2,0,7
2024-03-15 03:10:00,0,5,0,1,0,6
2024-03-15 03:20:00,0,6,1,1,0,8
2024-03-15 03:30:00,0,1,3,3,0,7
2024-03-15 03:40:00,1,3,2,1,0,7
2024-03-15 03:50:00,1,3,0,5,0,9
2024-03-15 04:00:00,1,0,0,0,0,1
2024-03-15 04:10:00,1,5,1,4,0,11
2024-03-15 04:20:00,1,2,0,4,0,7
2024-03-15 04:30:00,0,3,2,3,0,8
2024-03-15 04:40:00,0,1,0,9,0,10
2024-03-15 04:50:00,2,3,3,9,0,17
2024-03-15 05:00:00,1,4,13,16,0,34
2024-03-15 05:10:00,0,7,13,12,0,32
2024-03-15 05:20:00,4,5,10,13,0,32
2024-03-15 05:30:00,1,17,27,24,0,69
2024-03-15 05:40:00,3,12,30,29,0,74
2024-03-15 05:50:00,4,14,22,22,0,62
2024-03-15 06:00:00,4,28,30,21,0,83
2024-03-15 06:10:00,3,19,15,20,1,58
2024-03-15 06:20:00,6,14,30,21,0,71
2024-03-15 06:30:00,1,20,47,34,1,103
2024-03-15 06:40:00,3,23,41,42,1,110
2024-03-15 06:50:00,7,28,45,28,3,111
2024-03-15 07:00:00,7,31,46,39,4,127
2024-03-15 07:10:00,11,26,41,32,6,116
2024-03-15 07:20:00,10,30,58,47,4,149
2024-03-15 07:30:00,5,38,65,32,4,144
2024-03-15 07:40:00,7,27,69,49,5,157
2024-03-15 07:50:00,5,36,50,49,3,143
2024-03-15 08:00:00,9,40,50,42,7,148
2024-03-15 08:10:00,4,33,46,31,7,121
2024-03-15 08:20:00,4,31,60,42,5,142
2024-03-15 08:30:00,6,36,67,47,7,163
2024-03-15 08:40:00,1,46,52,37,5,141
2024-03-15 08:50:00,5,24,68,41,7,145
2024-03-15 09:00:00,5,31,35,41,8,120
2024-03-15 09:10:00,1,27,39,37,8,112
2024-03-15 09:20:00,1,39,39,44,3,126
2024-03-15 09:30:00,4,33,25,36,7,105
2024-03-15 09:40:00,1,32,45,73,5,156
2024-03-15 09:50:00,1,35,23,44,3,106
2024-03-15 10:00:00,7,37,23,45,5,117
2024-03-15 10:10:00,1,45,30,42,4,122
2024-03-15 10:20:00,1,41,41,53,5,141
2024-03-15 10:30:00,0,37,35,42,3,117
2024-03-15 10:40:00,1,39,40,34,5,119
2024-03-15 10:50:00,3,34,37,41,4,119
2024-03-15 11:00:00,5,29,32,36,4,106
2024-03-15 11:10:00,7,37,35,37,3,119
2024-03-15 11:20:00,3,31,25,29,6,94
2024-03-15 11:30:00,5,30,26,37,5,103
2024-03-15 11:40:00,1,24,43,26,6,100
2024-03-15 11:50:00,4,38,31,29,4,106
2024-03-15 12:00:00,6,30,45,29,7,117
2024-03-15 12:10:00,3,35,33,33,4,108
2024-03-15 12:20:00,15,28,41,43,2,129
2024-03-15 12:30:00,3,23,52,40,4,122
2024-03-15 12:40:00,1,25,37,39,8,110
2024-03-15 12:50:00,10,28,56,44,7,145
2024-03-15 13:00:00,0,20,47,40,6,113
2024-03-15 13:10:00,3,27,44,41,7,122
2024-03-15 13:20:00,12,24,28,39,5,108
2024-03-15 13:30:00,1,31,37,53,5,127
2024-03-15 13:40:00,7,28,21,40,6,102
2024-03-15 13:50:00,4,28,40,54,6,132
2024-03-15 14:00:00,8,49,23,30,5,115
2024-03-15 14:10:00,15,46,33,47,2,143
2024-03-15 14:20:00,17,49,33,42,9,150
2024-03-15 14:30:00,7,49,34,40,7,137
2024-03-15 14:40:00,10,41,30,46,6,133
2024-03-15 14:50:00,12,36,48,46,9,151
2024-03-15 15:00:00,19,50,30,59,5,163
2024-03-15 15:10:00,26,40,39,70,2,177
2024-03-15 15:20:00,17,33,24,36,8,118
2024-03-15 15:30:00,21,41,18,34,5,119
2024-03-15 15:40:00,29,33,29,42,8,141
2024-03-15 15:50:00,32,40,31,58,3,164
2024-03-15 16:00:00,32,37,24,41,5,139
2024-03-15 16:10:00,39,44,25,56,5,169
2024-03-15 16:20:00,41,32,37,55,5,170
2024-03-15 16:30:00,34,25,22,42,4,127
2024-03-15 16:40:00,19,28,34,48,8,137
2024-03-15 16:50:00,39,45,30,43,4,161
2024-03-15 17:00:00,33,28,34,49,7,151
2024-03-15 17:10:00,35,34,26,42,10,147
2024-03-15 17:20:00,35,31,34,48,7,155
2024-03-15 17:30:00,32,30,30,48,6,146
2024-03-15 17:40:00,21,25,30,49,8,133
2024-03-15 17:50:00,32,38,33,44,5,152
2024-03-15 18:00:00,26,34,25,29,5,119
2024-03-15 18:10:00,29,25,33,46,6,139
2024-03-15 18:20:00,32,29,34,29,6,130
2024-03-15 18:30:00,29,31,18,27,6,111
2024-03-15 18:40:00,36,24,21,30,2,113
2024-03-15 18:50:00,18,27,13,25,4,87
2024-03-15 19:00:00,12,26,11,26,6,81
2024-03-15 19:10:00,14,26,10,21,4,75
2024-03-15 19:20:00,17,32,21,21,2,93
2024-03-15 19:30:00,14,14,7,18,5,58
2024-03-15 19:40:00,18,22,13,24,4,81
2024-03-15 19:50:00,13,19,21,19,1,73
2024-03-15 20:00:00,11,16,13,18,4,62
2024-03-15 20:10:00,7,21,6,21,1,56
2024-03-15 20:20:00,5,19,16,26,2,68
2024-03-15 20:30:00,10,21,10,20,1,62
2024-03-15 20:40:00,9,19,6,23,1,58
2024-03-15 20:50:00,1,19,5,20,1,46
2024-03-15 21:00:00,4,22,7,22,2,57
2024-03-15 21:10:00,1,20,12,21,1,55
2024-03-15 21:20:00,3,24,9,27,2,65
2024-03-15 21:30:00,5,24,10,24,0,63
2024-03-15 21:40:00,3,33,1,21,1,59
2024-03-15 21:50:00,1,27,9,25,1,63
2024-03-15 22:00:00,6,34,9,18,0,67
2024-03-15 22:10:00,3,34,5,22,1,65
2024-03-15 22:20:00,1,31,1,22,0,55
2024-03-15 22:30:00,2,24,3,17,0,46
2024-03-15 22:40:00,6,30,4,21,1,62
2024-03-15 22:50:00,4,20,2,19,1,46
2024-03-15 23:00:00,7,32,3,16,0,58
2024-03-15 23:10:00,5,26,7,23,1,62
2024-03-15 23:20:00,5,20,3,18,0,46
2024-03-15 23:30:00,7,23,2,18,0,50
2024-03-15 23:40:00,3,24,1,11,1,40
2024-03-15 23:50:00,5,22,0,18,0,45
2024-03-16 00:00:00,1,19,0,15,0,35
2024-03-16 00:10:00,4,18,5,16,0,43
2024-03-16 00:20:00,5,14,3,11,0,33
2024-03-16 00:30:00,5,21,2,8,0,36
2024-03-16 00:40:00,0,8,4,10,0,22
2024-03-16 00:50:00,2,14,2,12,0,30
2024-03-16 01:00:00,3,17,2,7,0,29
2024-03-16 01:10:00,1,6,1,9,0,17
2024-03-16 01:20:00,1,5,0,8,0,14
2024-03-16 01:30:00,0,11,0,3,0,14
2024-03-16 01:40:00,1,5,1,5,0,12
2024-03-16 01:50:00,0,8,1,4,0,13
2024-03-16 02:00:00,1,6,1,8,0,16
2024-03-16 02:10:00,1,6,0,3,0,10
2024-03-16 02:20:00,1,12,3,6,0,22
2024-03-16 02:30:00,3,4,0,1,0,8
2024-03-16 02:40:00,1,13,0,2,0,16
2024-03-16 02:50:00,1,1,0,3,0,5
2024-03-16 03:00:00,1,6,2,3,0,12
2024-03-16 03:10:00,0,2,0,3,0,5
2024-03-16 03:20:00,1,5,0,1,0,7
2024-03-16 03:30:00,5,4,0,5,0,14
2024-03-16 03:40:00,0,5,0,1,0,6
2024-03-16 03:50:00,0,1,2,2,0,5
2024-03-16 04:00:00,0,2,0,4,0,6
2024-03-16 04:10:00,0,3,0,5,0,8
2024-03-16 04:20:00,1,4,1,3,0,9
2024-03-16 04:30:00,1,3,0,1,0,5
2024-03-16 04:40:00,0,1,1,9,0,11
2024-03-16 04:50:00,0,3,0,7,0,10
2024-03-16 05:00:00,0,4,2,8,0,14
2024-03-16 05:10:00,4,4,3,8,0,19
2024-03-16 05:20:00,1,8,2,13,0,24
2024-03-16 05:30:00,0,8,1,12,0,21
2024-03-16 05:40:00,0,10,4,9,0,23
2024-03-16 05:50:00,0,8,1,7,0,16
2024-03-16 06:00:00,1,5,2,8,0,16
2024-03-16 06:10:00,0,10,2,10,0,22
2024-03-16 06:20:00,0,5,3,19,0,27
2024-03-16 06:30:00,2,11,5,10,0,28
2024-03-16 06:40:00,1,11,6,14,0,32
2024-03-16 06:50:00,1,3,4,7,0,15
2024-03-16 07:00:00,1,14,11,7,0,33
2024-03-16 07:10:00,0,7,5,11,0,23
2024-03-16 07:20:00,1,12,9,18,2,42
2024-03-16 07:30:00,2,11,14,24,2,53
2024-03-16 07:40:00,5,14,15,17,0,51
2024-03-16 07:50:00,0,16,11,18,1,46
2024-03-16 08:00:00,3,13,8,8,0,32
2024-03-16 08:10:00,4,14,12,17,3,50
2024-03-16 08:20:00,5,14,17,26,2,64
2024-03-16 08:30:00,6,18,26,18,1,69
2024-03-16 08:40:00,4,16,16,25,3,64
2024-03-16 08:50:00,6,16,14,27,3,66
2024-03-16 09:00:00,1,21,20,39,2,83
2024-03-16 09:10:00,6,23,33,40,2,104
2024-03-16 09:20:00,6,27,26,49,2,110
2024-03-16 09:30:00,7,30,14,44,3,98
2024-03-16 09:40:00,11,20,21,30,5,87
2024-03-16 09:50:00,5,34,28,43,6,116
2024-03-16 10:00:00,8,32,30,47,2,119
2024-03-16 10:10:00,6,34,20,36,7,103
2024-03-16 10:20:00,8,32,30,42,5,117
2024-03-16 10:30:00,4,33,28,33,6,104
2024-03-16 10:40:00,4,29,38,41,8,120
2024-03-16 10:50:00,3,35,21,29,4,92
2024-03-16 11:00:00,1,28,34,37,8,108
2024-03-16 11:10:00,2,32,21,35,8,98
2024-03-16 11:20:00,1,32,24,39,4,100
2024-03-16 11:30:00,3,31,27,36,5,102
2024-03-16 11:40:00,1,31,31,41,3,107
2024-03-16 11:50:00,2,38,33,48,5,126
2024-03-16 12:00:00,0,45,14,30,6,95
2024-03-16 12:10:00,3,40,23,37,5,108
2024-03-16 12:20:00,6,51,34,48,2,141
2024-03-16 12:30:00,7,23,40,42,7,119
2024-03-16 12:40:00,9,34,26,36,7,112
2024-03-16 12:50:00,0,37,42,61,4,144
2024-03-16 13:00:00,2,39,34,47,7,129
2024-03-16 13:10:00,2,44,22,41,5,114
2024-03-16 13:20:00,3,39,20,39,7,108
2024-03-16 13:30:00,4,44,23,46,8,125
2024-03-16 13:40:00,2,36,18,47,7,110
2024-03-16 13:50:00,2,47,25,47,5,126
2024-03-16 14:00:00,2,43,33,45,5,128
2024-03-16 14:10:00,4,41,27,42,8,122
2024-03-16 14:20:00,2,34,25,49,4,114
2024-03-16 14:30:00,0,27,26,38,10,101
2024-03-16 14:40:00,8,32,32,43,5,120
2024-03-16 14:50:00,0,35,28,41,9,113
2024-03-16 15:00:00,1,35,19,39,7,101
2024-03-16 15:10:00,0,36,24,39,3,102
2024-03-16 15:20:00,1,51,28,41,2,123
2024-03-16 15:30:00,6,35,20,40,2,103
2024-03-16 15:40:00,0,39,23,36,7,105
2024-03-16 15:50:00,1,45,26,38,5,115
2024-03-16 16:00:00,3,35,25,31,5,99
2024-03-16 16:10:00,2,39,17,32,7,97
2024-03-16 16:20:00,1,38,19,34,6,98
2024-03-16 16:30:00,2,33,12,26,7,80
2024-03-16 16:40:00,2,39,24,42,4,111
2024-03-16 16:50:00,3,39,25,36,3,106
2024-03-16 17:00:00,0,36,14,29,4,83
2024-03-16 17:10:00,0,36,20,31,7,94
2024-03-16 17:20:00,0,32,25,36,4,97
2024-03-16 17:30:00,0,41,26,44,4,115
2024-03-16 17:40:00,6,42,24,45,6,123
2024-03-16 17:50:00,4,47,19,46,4,120
2024-03-16 18:00:00,1,42,29,43,6,121
2024-03-16 18:10:00,7,38,18,36,7,106
2024-03-16 18:20:00,6,29,24,40,5,104
2024-03-16 18:30:00,5,31,27,27,8,98
2024-03-16 18:40:00,8,27,14,29,5,83
2024-03-16 18:50:00,5,35,15,35,4,94
2024-03-16 19:00:00,12,40,20,31,1,104
2024-03-16 19:10:00,12,18,11,28,1,70
2024-03-16 19:20:00,9,41,13,24,3,90
2024-03-16 19:30:00,12,31,15,26,1,85
2024-03-16 19:40:00,6,30,23,22,0,81
2024-03-16 19:50:00,11,30,25,28,1,95
2024-03-16 20:00:00,3,28,13,22,4,70
2024-03-16 20:10:00,6,33,16,21,1,77
2024-03-16 20:20:00,7,38,4,23,0,72
2024-03-16 20:30:00,1,24,7,22,2,56
2024-03-16 20:40:00,3,29,14,30,0,76
2024-03-16 20:50:00,3,32,5,16,2,58
2024-03-16 21:00:00,11,30,8,26,1,76
2024-03-16 21:10:00,10,27,6,20,1,64
2024-03-16 21:20:00,21,27,6,20,1,75
2024-03-16 21:30:00,14,24,8,24,1,71
2024-03-16 21:40:00,11,31,7,16,1,66
2024-03-16 21:50:00,12,23,7,28,0,70
2024-03-16 22:00:00,12,23,11,19,2,67
2024-03-16 22:10:00,20,29,4,19,0,72
2024-03-16 22:20:00,12,31,4,21,0,68
2024-03-16 22:30:00,9,25,2,20,0,56
2024-03-16 22:40:00,18,22,6,15,1,62
2024-03-16 22:50:00,13,22,4,18,0,57
2024-03-16 23:00:00,14,21,3,17,0,55
2024-03-16 23:10:00,15,20,7,15,0,57
2024-03-16 23:20:00,13,19,4,17,0,53
2024-03-16 23:30:00,6,23,6,22,0,57
2024-03-16 23:40:00,11,16,7,20,0,54
2024-03-16 23:50:00,13,21,4,15,0,53
2024-03-17 00:00:00,14,14,1,12,0,41
2024-03-17 00:10:00,11,19,3,12,0,45
2024-03-17 00:20:00,6,14,1,15,0,36
2024-03-17 00:30:00,7,14,0,11,1,33
2024-03-17 00:40:00,6,11,3,8,0,28
2024-03-17 00:50:00,6,13,2,8,0,29
2024-03-17 01:00:00,8,3,10,5,0,26
2024-03-17 01:10:00,7,7,10,10,0,34
2024-03-17 01:20:00,10,12,3,7,0,32
2024-03-17 01:30:00,3,15,2,9,0,29
2024-03-17 01:40:00,6,12,3,4,0,25
2024-03-17 01:50:00,3,10,2,5,0,20
2024-03-17 02:00:00,4,10,5,12,0,31
2024-03-17 02:10:00,4,10,1,5,0,20
2024-03-17 02:20:00,4,6,1,5,0,16
2024-03-17 02:30:00,3,6,0,3,0,12
2024-03-17 02:40:00,2,6,2,8,0,18
2024-03-17 02:50:00,7,4,0,6,0,17
2024-03-17 03:00:00,0,7,1,4,0,12
2024-03-17 03:10:00,2,2,3,3,0,10
2024-03-17 03:20:00,3,4,0,5,0,12
2024-03-17 03:30:00,3,3,0,1,0,7
2024-03-17 03:40:00,1,6,0,3,0,10
2024-03-17 03:50:00,1,1,4,5,0,11
2024-03-17 04:00:00,3,6,0,3,0,12
2024-03-17 04:10:00,4,3,0,4,0,11
2024-03-17 04:20:00,1,7,0,2,0,10
2024-03-17 04:30:00,1,2,0,2,0,5
2024-03-17 04:40:00,2,3,1,3,0,9
2024-03-17 04:50:00,0,2,2,6,0,10
2024-03-17 05:00:00,2,3,1,8,0,14
2024-03-17 05:10:00,0,1,0,7,0,8
2024-03-17 05:20:00,4,4,5,5,0,18
2024-03-17 05:30:00,1,4,7,12,0,24
2024-03-17 05:40:00,1,10,7,12,1,31
2024-03-17 05:50:00,0,5,3,6,0,14
2024-03-17 06:00:00,2,5,2,6,0,15
2024-03-17 06:10:00,6,7,4,10,0,27
2024-03-17 06:20:00,2,6,2,4,0,14
2024-03-17 06:30:00,1,4,4,3,0,12
2024-03-17 06:40:00,3,11,4,7,0,25
2024-03-17 06:50:00,2,4,2,4,0,12
2024-03-17 07:00:00,1,6,3,5,0,15
2024-03-17 07:10:00,1,8,5,1,0,15
2024-03-17 07:20:00,0,7,0,6,0,13
2024-03-17 07:30:00,2,9,7,3,1,22
2024-03-17 07:40:00,2,6,13,17,0,38
2024-03-17 07:50:00,2,2,6,7,2,19
2024-03-17 08:00:00,4,4,5,4,1,18
2024-03-17 08:10:00,3,6,2,6,0,17
2024-03-17 08:20:00,2,1,2,5,1,11
2024-03-17 08:30:00,7,7,3,9,0,26
2024-03-17 08:40:00,5,9,12,12,2,40
2024-03-17 08:50:00,5,9,8,8,0,30
2024-03-17 09:00:00,3,12,9,10,2,36
2024-03-17 09:10:00,8,9,11,11,3,42
2024-03-17 09:20:00,7,10,15,14,3,49
2024-03-17 09:30:00,7,19,12,26,2,66
2024-03-17 09:40:00,11,12,16,31,2,72
2024-03-17 09:50:00,16,21,13,20,2,72
2024-03-17 10:00:00,11,19,11,32,5,78
2024-03-17 10:10:00,9,15,17,21,2,64
2024-03-17 10:20:00,8,18,13,26,2,67
2024-03-17 10:30:00,12,15,7,28,2,64
2024-03-17 10:40:00,9,21,15,29,4,78
2024-03-17 10:50:00,13,24,12,33,5,87
2024-03-17 11:00:00,15,26,13,32,2,88
2024-03-17 11:10:00,6,21,12,19,8,66
2024-03-17 11:20:00,15,29,11,28,3,86
2024-03-17 11:30:00,17,21,10,22,6,76
2024-03-17 11:40:00,21,33,18,25,5,102
2024-03-17 11:50:00,22,25,16,34,4,101
2024-03-17 12:00:00,20,28,16,30,5,99
2024-03-17 12:10:00,25,32,17,38,3,115
2024-03-17 12:20:00,18,34,16,37,2,107
2024-03-17 12:30:00,18,34,18,36,4,110
2024-03-17 12:40:00,16,24,20,34,4,98
2024-03-17 12:50:00,18,24,17,33,5,97
2024-03-17 13:00:00,20,18,12,33,5,88
2024-03-17 13:10:00,23,23,14,33,7,100
2024-03-17 13:20:00,16,31,22,31,4,104
2024-03-17 13:30:00,18,28,22,27,6,101
2024-03-17 13:40:00,26,26,10,19,6,87
2024-03-17 13:50:00,15,30,18,22,3,88
2024-03-17 14:00:00,18,22,20,23,4,87
2024-03-17 14:10:00,18,33,15,32,5,103
2024-03-17 14:20:00,22,31,17,23,4,97
2024-03-17 14:30:00,23,31,13,31,4,102
2024-03-17 14:40:00,24,26,28,34,6,118
2024-03-17 14:50:00,15,26,21,22,6,90
2024-03-17 15:00:00,16,48,19,24,6,113
2024-03-17 15:10:00,18,22,6,28,4,78
2024-03-17 15:20:00,15,34,22,39,3,113
2024-03-17 15:30:00,21,29,14,30,2,96
2024-03-17 15:40:00,14,34,17,31,4,100
2024-03-17 15:50:00,19,26,17,42,5,109
2024-03-17 16:00:00,16,20,16,39,6,97
2024-03-17 16:10:00,16,28,18,37,4,103
2024-03-17 16:20:00,16,25,18,26,2,87
2024-03-17 16:30:00,12,25,14,31,2,84
2024-03-17 16:40:00,19,22,8,27,2,78
2024-03-17 16:50:00,20,30,15,33,4,102
2024-03-17 17:00:00,21,23,10,25,10,89
2024-03-17 17:10:00,18,26,13,39,4,100
2024-03-17 17:20:00,18,23,19,31,7,98
2024-03-17 17:30:00,17,28,12,38,8,103
2024-03-17 17:40:00,17,30,12,28,7,94
2024-03-17 17:50:00,14,25,14,37,4,94
2024-03-17 18:00:00,17,25,17,39,6,104
2024-03-17 18:10:00,23,26,16,41,7,113
2024-03-17 18:20:00,19,30,14,31,7,101
2024-03-17 18:30:00,15,26,7,24,7,79
2024-03-17 18:40:00,18,21,6,22,3,70
2024-03-17 18:50:00,15,22,7,21,3,68
2024-03-17 19:00:00,19,23,10,18,2,72
2024-03-17 19:10:00,12,23,9,28,0,72
2024-03-17 19:20:00,12,30,5,19,0,66
2024-03-17 19:30:00,12,18,11,19,0,60
2024-03-17 19:40:00,13,23,11,26,0,73
2024-03-17 19:50:00,17,23,9,24,1,74
2024-03-17 20:00:00,9,17,14,21,0,61
2024-03-17 20:10:00,16,29,7,34,0,86
2024-03-17 20:20:00,9,26,10,27,2,74
2024-03-17 20:30:00,12,22,10,25,0,69
2024-03-17 20:40:00,12,18,3,19,1,53
2024-03-17 20:50:00,15,25,5,21,1,67
2024-03-17 21:00:00,12,24,4,16,2,58
2024-03-17 21:10:00,13,19,10,18,2,62
2024-03-17 21:20:00,10,27,5,15,0,57
2024-03-17 21:30:00,14,33,4,17,1,69
2024-03-17 21:40:00,15,25,5,16,0,61
2024-03-17 21:50:00,11,17,3,16,0,47
2024-03-17 22:00:00,5,14,1,18,0,38
2024-03-17 22:10:00,5,16,3,20,0,44
2024-03-17 22:20:00,7,13,3,15,0,38
2024-03-17 22:30:00,12,15,2,15,0,44
2024-03-17 22:40:00,9,18,9,17,0,53
2024-03-17 22:50:00,10,16,4,3,0,33
2024-03-17 23:00:00,4,13,3,10,0,30
2024-03-17 23:10:00,8,12,6,5,1,32
2024-03-17 23:20:00,4,14,2,9,0,29
2024-03-17 23:30:00,5,13,4,8,0,30
2024-03-17 23:40:00,1,6,1,3,0,11
2024-03-17 23:50:00,4,9,1,1,0,15
2024-03-18 00:00:00,1,3,4,6,0,14
2024-03-18 00:10:00,3,5,0,5,0,13
2024-03-18 00:20:00,3,5,3,4,0,15
2024-03-18 00:30:00,3,4,2,5,0,14
2024-03-18 00:40:00,2,5,3,7,0,17
2024-03-18 00:50:00,0,4,1,2,0,7
2024-03-18 01:00:00,3,2,2,5,0,12
2024-03-18 01:10:00,1,6,0,1,0,8
2024-03-18 01:20:00,5,4,0,3,0,12
2024-03-18 01:30:00,1,2,0,1,0,4
2024-03-18 01:40:00,1,3,1,2,0,7
2024-03-18 01:50:00,0,0,0,1,0,1
2024-03-18 02:00:00,1,0,0,2,0,3
2024-03-18 02:10:00,0,3,0,3,0,6
2024-03-18 02:20:00,1,0,1,1,0,3
2024-03-18 02:30:00,1,4,3,1,0,9
2024-03-18 02:40:00,1,2,0,0,0,3
2024-03-18 02:50:00,1,4,1,2,0,8
2024-03-18 03:00:00,0,2,0,4,0,6
2024-03-18 03:10:00,0,7,0,1,0,8
2024-03-18 03:20:00,0,1,0,1,0,2
2024-03-18 03:30:00,1,4,1,2,0,8
2024-03-18 03:40:00,0,2,0,5,0,7
2024-03-18 03:50:00,0,3,1,2,0,6
2024-03-18 04:00:00,0,7,2,5,0,14
2024-03-18 04:10:00,1,1,0,3,0,5
2024-03-18 04:20:00,1,1,1,4,0,7
2024-03-18 04:30:00,0,2,2,6,0,10
2024-03-18 04:40:00,4,2,4,7,0,17
2024-03-18 04:50:00,3,5,6,10,0,24
2024-03-18 05:00:00,0,2,17,15,0,34
2024-03-18 05:10:00,1,9,17,20,0,47
2024-03-18 05:20:00,4,15,13,14,0,46
2024-03-18 05:30:00,5,18,28,23,0,74
2024-03-18 05:40:00,2,13,34,24,0,73
2024-03-18 05:50:00,3,14,31,17,0,65
2024-03-18 06:00:00,5,24,28,27,0,84
2024-03-18 06:10:00,8,21,35,27,0,91
2024-03-18 06:20:00,7,14,36,19,0,76
2024-03-18 06:30:00,8,15,47,26,1,97
2024-03-18 06:40:00,11,21,49,41,2,124
2024-03-18 06:50:00,9,20,64,37,4,134
2024-03-18 07:00:00,11,22,54,38,4,129
2024-03-18 07:10:00,6,32,54,47,3,142
2024-03-18 07:20:00,13,33,64,53,2,165
2024-03-18 07:30:00,13,37,59,36,6,151
2024-03-18 07:40:00,10,31,58,34,6,139
2024-03-18 07:50:00,4,34,44,43,2,127
2024-03-18 08:00:00,3,33,61,51,7,155
2024-03-18 08:10:00,8,40,60,44,7,159
2024-03-18 08:20:00,11,27,56,37,7,138
2024-03-18 08:30:00,8,33,67,35,5,148
2024-03-18 08:40:00,13,38,67,37,5,160
2024-03-18 08:50:00,4,34,50,40,6,134
2024-03-18 09:00:00,3,33,53,44,7,140
2024-03-18 09:10:00,0,29,47,39,6,121
2024-03-18 09:20:00,1,45,44,37,5,132
2024-03-18 09:30:00,2,40,49,51,4,146
2024-03-18 09:40:00,0,42,36,41,5,124
2024-03-18 09:50:00,4,39,47,32,4,126
2024-03-18 10:00:00,0,37,44,41,5,127
2024-03-18 10:10:00,1,26,46,33,7,113
2024-03-18 10:20:00,10,32,40,39,5,126
2024-03-18 10:30:00,0,39,40,39,1,119
2024-03-18 10:40:00,2,33,32,39,3,109
2024-03-18 10:50:00,1,38,31,33,4,107
2024-03-18 11:00:00,0,30,30,37,7,104
2024-03-18 11:10:00,1,40,36,56,2,135
2024-03-18 11:20:00,7,37,31,37,3,115
2024-03-18 11:30:00,0,28,27,29,5,89
2024-03-18 11:40:00,1,43,27,29,3,103
2024-03-18 11:50:00,0,45,40,26,5,116
2024-03-18 12:00:00,13,36,38,37,4,128
2024-03-18 12:10:00,2,36,35,30,3,106
2024-03-18 12:20:00,1,36,41,47,4,129
2024-03-18 12:30:00,2,48,30,49,4,133
2024-03-18 12:40:00,1,46,36,51,2,136
2024-03-18 12:50:00,5,43,46,46,3,143
2024-03-18 13:00:00,8,37,29,47,6,127
2024-03-18 13:10:00,4,43,31,45,5,128
2024-03-18 13:20:00,2,40,37,40,5,124
2024-03-18 13:30:00,7,35,42,49,6,139
2024-03-18 13:40:00,7,40,36,34,6,123
2024-03-18 13:50:00,3,32,32,37,7,111
2024-03-18 14:00:00,2,39,30,43,4,118
2024-03-18 14:10:00,6,41,29,37,6,119
2024-03-18 14:20:00,14,34,38,46,6,138
2024-03-18 14:30:00,6,53,34,54,6,153
2024-03-18 14:40:00,12,40,35,59,7,153
2024-03-18 14:50:00,11,43,31,62,5,152
2024-03-18 15:00:00,30,43,21,41,8,143
2024-03-18 15:10:00,28,38,23,38,9,136
2024-03-18 15:20:00,36,49,23,36,6,150
2024-03-18 15:30:00,45,43,41,63,5,197
2024-03-18 15:40:00,36,42,39,44,8,169
2024-03-18 15:50:00,34,34,37,38,7,150
2024-03-18 16:00:00,36,41,37,59,6,179
2024-03-18 16:10:00,35,31,28,43,8,145
2024-03-18 16:20:00,36,31,25,49,8,149
2024-03-18 16:30:00,44,53,29,52,5,183
2024-03-18 16:40:00,29,38,28,58,8,161
2024-03-18 16:50:00,35,42,21,50,8,156
2024-03-18 17:00:00,35,40,39,62,7,183
2024-03-18 17:10:00,39,34,35,59,6,173
2024-03-18 17:20:00,36,48,25,46,4,159
2024-03-18 17:30:00,32,30,47,52,9,170
2024-03-18 17:40:00,22,26,35,46,8,137
2024-03-18 17:50:00,34,25,33,40,9,141
2024-03-18 18:00:00,28,38,34,58,8,166
2024-03-18 18:10:00,28,30,29,37,7,131
2024-03-18 18:20:00,27,35,15,33,7,117
2024-03-18 18:30:00,27,29,29,35,5,125
2024-03-18 18:40:00,18,23,19,24,5,89
2024-03-18 18:50:00,25,27,15,29,5,101
2024-03-18 19:00:00,23,29,10,16,6,84
2024-03-18 19:10:00,25,23,6,22,5,81
2024-03-18 19:20:00,16,32,10,23,1,82
2024-03-18 19:30:00,20,21,10,19,1,71
2024-03-18 19:40:00,23,27,12,26,3,91
2024-03-18 19:50:00,18,17,11,24,6,76
2024-03-18 20:00:00,19,24,10,19,0,72
2024-03-18 20:10:00,19,33,14,24,2,92
2024-03-18 20:20:00,16,24,6,19,1,66
2024-03-18 20:30:00,12,21,7,25,2,67
2024-03-18 20:40:00,12,21,3,25,0,61
2024-03-18 20:50:00,14,26,8,20,0,68
2024-03-18 21:00:00,10,26,4,20,0,60
2024-03-18 21:10:00,15,30,7,16,1,69
2024-03-18 21:20:00,13,26,1,18,0,58
2024-03-18 21:30:00,18,19,4,16,2,59
2024-03-18 21:40:00,7,21,2,15,1,46
2024-03-18 21:50:00,16,19,1,15,0,51
2024-03-18 22:00:00,12,15,4,17,0,48
2024-03-18 22:10:00,10,13,8,22,1,54
2024-03-18 22:20:00,10,12,6,17,2,47
2024-03-18 22:30:00,14,8,9,11,0,42
2024-03-18 22:40:00,10,10,2,10,0,32
2024-03-18 22:50:00,4,8,2,9,0,23
2024-03-18 23:00:00,7,17,2,7,0,33
2024-03-18 23:10:00,8,13,1,12,0,34
2024-03-18 23:20:00,4,9,1,7,0,21
2024-03-18 23:30:00,2,8,5,7,0,22
2024-03-18 23:40:00,9,7,0,5,0,21
2024-03-18 23:50:00,7,11,3,9,0,30
2024-03-19 00:00:00,3,5,0,5,0,13
2024-03-19 00:10:00,6,7,1,6,0,20
2024-03-19 00:20:00,2,3,0,2,0,7
2024-03-19 00:30:00,2,11,0,3,0,16
2024-03-19 00:40:00,5,6,2,3,0,16
2024-03-19 00:50:00,2,5,2,3,0,12
2024-03-19 01:00:00,0,1,0,1,0,2
2024-03-19 01:10:00,1,3,0,1,0,5
2024-03-19 01:20:00,1,5,0,3,0,9
2024-03-19 01:30:00,0,4,2,0,0,6
2024-03-19 01:40:00,0,2,0,1,0,3
2024-03-19 01:50:00,3,6,0,0,0,9
2024-03-19 02:00:00,1,0,0,0,0,1
2024-03-19 02:10:00,0,0,0,0,0,0
2024-03-19 02:20:00,0,5,0,0,0,5
2024-03-19 02:30:00,0,6,0,2,0,8
2024-03-19 02:40:00,0,1,0,1,0,2
2024-03-19 02:50:00,1,7,1,0,0,9
2024-03-19 03:00:00,1,0,0,1,0,2
2024-03-19 03:10:00,3,1,1,2,0,7
2024-03-19 03:20:00,3,4,0,2,0,9
2024-03-19 03:30:00,1,5,1,3,0,10
2024-03-19 03:40:00,1,0,0,4,0,5
2024-03-19 03:50:00,0,0,1,3,0,4
2024-03-19 04:00:00,1,2,0,2,0,5
2024-03-19 04:10:00,1,7,1,4,0,13
2024-03-19 04:20:00,0,1,0,2,0,3
2024-03-19 04:30:00,0,0,5,7,0,12
2024-03-19 04:40:00,2,5,1,7,0,15
2024-03-19 04:50:00,0,5,4,8,0,17
2024-03-19 05:00:00,5,5,12,18,0,40
2024-03-19 05:10:00,3,6,13,16,0,38
2024-03-19 05:20:00,1,8,6,13,0,28
2024-03-19 05:30:00,10,13,21,24,0,68
2024-03-19 05:40:00,5,12,27,31,0,75
2024-03-19 05:50:00,12,20,29,18,0,79
2024-03-19 06:00:00,5,19,34,20,0,78
2024-03-19 06:10:00,6,22,25,19,0,72
2024-03-19 06:20:00,6,17,30,17,1,71
2024-03-19 06:30:00,13,17,40,28,0,98
2024-03-19 06:40:00,10,19,40,36,2,107
2024-03-19 06:50:00,14,23,61,39,4,141
2024-03-19 07:00:00,15,35,48,38,3,139
2024-03-19 07:10:00,13,25,52,30,5,125
2024-03-19 07:20:00,25,35,70,39,4,173
2024-03-19 07:30:00,19,33,62,47,4,165
2024-03-19 07:40:00,15,48,72,49,3,187
2024-03-19 07:50:00,25,35,64,38,7,169
2024-03-19 08:00:00,18,42,55,38,7,160
2024-03-19 08:10:00,8,35,45,41,6,135
2024-03-19 08:20:00,11,34,73,60,7,185
2024-03-19 08:30:00,8,18,74,48,8,156
2024-03-19 08:40:00,12,32,64,36,6,150
2024-03-19 08:50:00,4,32,59,46,6,147
2024-03-19 09:00:00,2,32,45,43,6,128
2024-03-19 09:10:00,6,36,39,40,5,126
2024-03-19 09:20:00,3,43,47,40,8,141
2024-03-19 09:30:00,2,41,34,49,3,129
2024-03-19 09:40:00,2,41,34,48,3,128
2024-03-19 09:50:00,1,44,30,50,2,127
2024-03-19 10:00:00,0,39,37,52,3,131
2024-03-19 10:10:00,2,28,36,41,6,113
2024-03-19 10:20:00,12,47,37,42,4,142
2024-03-19 10:30:00,1,37,35,46,7,126
2024-03-19 10:40:00,0,44,26,45,5,120
2024-03-19 10:50:00,1,44,34,43,6,128
2024-03-19 11:00:00,1,42,34,49,3,129
2024-03-19 11:10:00,8,39,43,40,4,134
2024-03-19 11:20:00,9,51,26,35,6,127
2024-03-19 11:30:00,5,37,48,55,7,152
2024-03-19 11:40:00,3,53,25,46,4,131
2024-03-19 11:50:00,6,43,33,39,6,127
2024-03-19 12:00:00,4,55,34,59,2,154
2024-03-19 12:10:00,3,33,27,45,7,115
2024-03-19 12:20:00,0,45,36,42,6,129
2024-03-19 12:30:00,0,44,25,52,3,124
2024-03-19 12:40:00,5,38,39,48,6,136
2024-03-19 12:50:00,6,33,24,43,8,114
2024-03-19 13:00:00,3,36,27,32,9,107
2024-03-19 13:10:00,6,44,24,39,7,120
2024-03-19 13:20:00,6,43,26,42,8,125
2024-03-19 13:30:00,6,42,34,41,8,131
2024-03-19 13:40:00,12,39,31,48,6,136
2024-03-19 13:50:00,13,46,37,51,7,154
2024-03-19 14:00:00,11,51,25,45,5,137
2024-03-19 14:10:00,5,56,38,51,6,156
2024-03-19 14:20:00,4,40,34,46,2,126
2024-03-19 14:30:00,8,42,24,47,6,127
2024-03-19 14:40:00,10,41,31,47,6,135
2024-03-19 14:50:00,14,52,37,37,8,148
2024-03-19 15:00:00,20,41,35,48,6,150
2024-03-19 15:10:00,33,37,27,50,6,153
2024-03-19 15:20:00,25,55,28,45,9,162
2024-03-19 15:30:00,44,50,39,52,6,191
2024-03-19 15:40:00,35,35,28,49,5,152
2024-03-19 15:50:00,48,50,34,52,5,189
2024-03-19 16:00:00,40,40,31,49,8,168
2024-03-19 16:10:00,36,43,27,52,7,165
2024-03-19 16:20:00,31,28,30,45,9,143
2024-03-19 16:30:00,29,34,31,50,8,152
2024-03-19 16:40:00,39,34,29,38,7,147
2024-03-19 16:50:00,44,43,37,41,8,173
2024-03-19 17:00:00,40,42,38,55,5,180
2024-03-19 17:10:00,42,37,37,59,7,182
2024-03-19 17:20:00,46,39,26,50,12,173
2024-03-19 17:30:00,30,38,34,56,7,165
2024-03-19 17:40:00,34,35,29,53,6,157
2024-03-19 17:50:00,30,40,25,49,7,151
2024-03-19 18:00:00,40,35,43,58,5,181
2024-03-19 18:10:00,35,32,33,50,8,158
2024-03-19 18:20:00,28,31,28,45,9,141
2024-03-19 18:30:00,30,24,20,39,10,123
2024-03-19 18:40:00,22,27,28,37,12,126
2024-03-19 18:50:00,18,26,20,23,3,90
2024-03-19 19:00:00,22,30,12,24,2,90
2024-03-19 19:10:00,21,26,13,25,7,92
2024-03-19 19:20:00,15,29,13,28,1,86
2024-03-19 19:30:00,21,20,16,26,2,85
2024-03-19 19:40:00,13,19,13,24,3,72
2024-03-19 19:50:00,23,26,11,22,6,88
2024-03-19 20:00:00,24,26,16,28,1,95
2024-03-19 20:10:00,18,28,11,19,0,76
2024-03-19 20:20:00,16,30,8,31,0,85
2024-03-19 20:30:00,16,28,7,22,1,74
2024-03-19 20:40:00,17,31,5,22,1,76
2024-03-19 20:50:00,17,25,4,17,0,63
2024-03-19 21:00:00,13,18,4,16,1,52
2024-03-19 21:10:00,14,25,10,24,2,75
2024-03-19 21:20:00,12,29,5,18,2,66
2024-03-19 21:30:00,22,32,6,13,1,74
2024-03-19 21:40:00,18,21,0,12,2,53
2024-03-19 21:50:00,12,22,2,14,1,51
2024-03-19 22:00:00,17,24,3,18,1,63
2024-03-19 22:10:00,15,18,7,18,1,59
2024-03-19 22:20:00,9,15,3,20,1,48
2024-03-19 22:30:00,11,19,5,18,0,53
2024-03-19 22:40:00,13,23,3,9,0,48
2024-03-19 22:50:00,9,17,3,17,0,46
2024-03-19 23:00:00,13,14,0,11,1,39
2024-03-19 23:10:00,4,17,3,12,0,36
2024-03-19 23:20:00,8,11,2,4,0,25
2024-03-19 23:30:00,4,13,1,10,0,28
2024-03-19 23:40:00,2,4,0,2,0,8
2024-03-19 23:50:00,4,13,3,10,0,30
2024-03-20 00:00:00,1,5,0,2,0,8
2024-03-20 00:10:00,4,7,1,6,0,18
2024-03-20 00:20:00,0,2,0,3,0,5
2024-03-20 00:30:00,4,12,1,6,0,23
2024-03-20 00:40:00,0,4,2,8,0,14
2024-03-20 00:50:00,2,8,2,3,0,15
2024-03-20 01:00:00,0,3,1,2,0,6
2024-03-20 01:10:00,1,4,1,4,0,10
2024-03-20 01:20:00,1,3,0,0,0,4
2024-03-20 01:30:00,2,4,0,3,0,9
2024-03-20 01:40:00,1,1,2,3,0,7
2024-03-20 01:50:00,1,0,0,0,0,1
2024-03-20 02:00:00,0,5,0,1,0,6
2024-03-20 02:10:00,0,4,0,1,0,5
2024-03-20 02:20:00,1,0,1,5,0,7
2024-03-20 02:30:00,0,2,0,0,0,2
2024-03-20 02:40:00,2,3,0,3,0,8
2024-03-20 02:50:00,0,3,1,1,0,5
2024-03-20 03:00:00,2,4,0,0,0,6
2024-03-20 03:10:00,2,0,0,0,0,2
2024-03-20 03:20:00,0,2,1,0,0,3
2024-03-20 03:30:00,1,5,0,0,0,6
2024-03-20 03:40:00,2,2,0,3,0,7
2024-03-20 03:50:00,1,2,0,3,0,6
2024-03-20 04:00:00,0,4,0,3,0,7
2024-03-20 04:10:00,0,4,0,6,0,10
2024-03-20 04:20:00,0,3,1,3,0,7
2024-03-20 04:30:00,1,0,1,4,0,6
2024-03-20 04:40:00,1,2,1,5,0,9
2024-03-20 04:50:00,2,5,4,7,0,18
2024-03-20 05:00:00,0,6,18,15,0,39
2024-03-20 05:10:00,1,10,10,16,0,37
2024-03-20 05:20:00,4,8,10,14,0,36
2024-03-20 05:30:00,5,10,33,25,0,73
2024-03-20 05:40:00,5,16,36,24,1,82
2024-03-20 05:50:00,2,17,29,22,0,70
2024-03-20 06:00:00,2,24,36,20,0,82
2024-03-20 06:10:00,8,15,35,29,1,88
2024-03-20 06:20:00,4,21,37,25,1,88
2024-03-20 06:30:00,3,15,45,34,1,98
2024-03-20 06:40:00,8,24,56,39,1,128
2024-03-20 06:50:00,6,25,53,40,5,129
2024-03-20 07:00:00,7,24,61,48,5,145
2024-03-20 07:10:00,13,27,51,40,4,135
2024-03-20 07:20:00,14,48,76,52,2,192
2024-03-20 07:30:00,12,30,71,37,3,153
2024-03-20 07:40:00,15,37,75,59,3,189
2024-03-20 07:50:00,13,32,62,35,6,148
2024-03-20 08:00:00,20,53,71,46,6,196
2024-03-20 08:10:00,10,25,70,45,10,160
2024-03-20 08:20:00,13,37,66,35,7,158
2024-03-20 08:30:00,4,32,66,34,5,141
2024-03-20 08:40:00,10,20,51,24,8,113
2024-03-20 08:50:00,1,29,54,30,12,126
2024-03-20 09:00:00,3,34,44,33,7,121
2024-03-20 09:10:00,0,39,49,45,5,138
2024-03-20 09:20:00,1,40,38,43,4,126
2024-03-20 09:30:00,1,51,41,43,3,139
2024-03-20 09:40:00,4,37,42,46,6,135
2024-03-20 09:50:00,2,47,28,41,6,124
2024-03-20 10:00:00,4,48,33,58,1,144
2024-03-20 10:10:00,2,45,31,47,5,130
2024-03-20 10:20:00,6,36,37,41,5,125
2024-03-20 10:30:00,2,36,26,49,6,119
2024-03-20 10:40:00,8,35,27,38,9,117
2024-03-20 10:50:00,7,34,36,38,8,123
2024-03-20 11:00:00,3,47,32,49,5,136
2024-03-20 11:10:00,3,38,29,49,4,123
2024-03-20 11:20:00,2,50,31,50,3,136
2024-03-20 11:30:00,7,52,31,38,4,132
2024-03-20 11:40:00,0,53,17,45,5,120
2024-03-20 11:50:00,5,33,21,41,6,106
2024-03-20 12:00:00,3,41,31,37,7,119
2024-03-20 12:10:00,10,38,24,39,6,117
2024-03-20 12:20:00,16,37,31,42,6,132
2024-03-20 12:30:00,9,54,30,43,6,142
2024-03-20 12:40:00,4,43,25,45,5,122
2024-03-20 12:50:00,6,46,35,50,4,141
2024-03-20 13:00:00,7,34,25,30,10,106
2024-03-20 13:10:00,6,44,24,37,6,117
2024-03-20 13:20:00,9,51,34,54,6,154
2024-03-20 13:30:00,4,56,29,39,6,134
2024-03-20 13:40:00,2,50,35,47,5,139
2024-03-20 13:50:00,12,35,28,35,12,122
2024-03-20 14:00:00,18,46,25,34,7,130
2024-03-20 14:10:00,28,50,16,36,5,135
2024-03-20 14:20:00,21,58,35,56,7,177
2024-03-20 14:30:00,20,47,32,52,4,155
2024-03-20 14:40:00,28,38,29,57,6,158
2024-03-20 14:50:00,35,58,30,44,6,173
2024-03-20 15:00:00,34,40,22,48,7,151
2024-03-20 15:10:00,34,32,25,46,6,143
2024-03-20 15:20:00,48,33,20,30,9,140
2024-03-20 15:30:00,43,36,27,47,6,159
2024-03-20 15:40:00,34,36,20,51,6,147
2024-03-20 15:50:00,41,45,36,57,4,183
2024-03-20 16:00:00,34,45,31,52,5,167
2024-03-20 16:10:00,34,45,30,49,9,167
2024-03-20 16:20:00,32,43,30,47,7,159
2024-03-20 16:30:00,44,40,25,43,8,160
2024-03-20 16:40:00,23,50,28,56,5,162
2024-03-20 16:50:00,30,42,31,45,9,157
2024-03-20 17:00:00,39,40,26,52,8,165
2024-03-20 17:10:00,38,40,22,47,10,157
2024-03-20 17:20:00,36,28,35,42,11,152
2024-03-20 17:30:00,37,35,36,50,9,167
2024-03-20 17:40:00,27,27,25,35,10,124
2024-03-20 17:50:00,47,49,24,43,6,169
2024-03-20 18:00:00,34,39,22,40,9,144
2024-03-20 18:10:00,30,25,21,33,10,119
2024-03-20 18:20:00,43,32,20,37,6,138
2024-03-20 18:30:00,35,26,21,39,6,127
2024-03-20 18:40:00,28,27,17,37,5,114
2024-03-20 18:50:00,30,24,21,29,6,110
2024-03-20 19:00:00,28,30,22,22,7,109
2024-03-20 19:10:00,25,33,16,24,4,102
2024-03-20 19:20:00,31,33,11,22,2,99
2024-03-20 19:30:00,22,28,12,24,3,89
2024-03-20 19:40:00,27,28,10,28,4,97
2024-03-20 19:50:00,27,26,11,24,6,94
2024-03-20 20:00:00,14,30,11,30,2,87
2024-03-20 20:10:00,18,23,10,25,4,80
2024-03-20 20:20:00,22,29,10,24,3,88
2024-03-20 20:30:00,17,29,10,21,0,77
2024-03-20 20:40:00,19,27,4,24,2,76
2024-03-20 20:50:00,15,36,3,21,1,76
2024-03-20 21:00:00,23,24,7,24,1,79
2024-03-20 21:10:00,19,30,8,21,1,79
2024-03-20 21:20:00,20,31,5,20,0,76
2024-03-20 21:30:00,23,20,4,18,1,66
2024-03-20 21:40:00,14,23,9,20,2,68
2024-03-20 21:50:00,18,21,3,16,1,59
2024-03-20 22:00:00,19,22,4,15,0,60
2024-03-20 22:10:00,19,28,6,18,1,72
2024-03-20 22:20:00,13,20,8,21,1,63
2024-03-20 22:30:00,14,12,4,14,0,44
2024-03-20 22:40:00,11,12,3,12,0,38
2024-03-20 22:50:00,15,18,4,17,0,54
2024-03-20 23:00:00,10,15,2,11,0,38
2024-03-20 23:10:00,13,9,3,14,0,39
2024-03-20 23:20:00,4,8,3,9,0,24
2024-03-20 23:30:00,8,5,4,8,0,25
2024-03-20 23:40:00,6,11,1,9,0,27
2024-03-20 23:50:00,3,5,3,3,0,14
2024-03-21 00:00:00,1,2,2,2,0,7
2024-03-21 00:10:00,1,5,2,2,0,10
2024-03-21 00:20:00,1,5,4,5,0,15
2024-03-21 00:30:00,0,7,5,5,0,17
2024-03-21 00:40:00,2,4,0,4,0,10
2024-03-21 00:50:00,2,5,2,1,0,10
2024-03-21 01:00:00,1,2,0,3,0,6
2024-03-21 01:10:00,3,2,3,2,0,10
2024-03-21 01:20:00,1,8,0,1,0,10
2024-03-21 01:30:00,3,2,1,5,0,11
2024-03-21 01:40:00,2,1,1,1,0,5
2024-03-21 01:50:00,0,1,1,3,0,5
2024-03-21 02:00:00,0,2,0,1,0,3
2024-03-21 02:10:00,1,2,0,1,0,4
2024-03-21 02:20:00,2,4,2,2,0,10
2024-03-21 02:30:00,0,3,0,1,0,4
2024-03-21 02:40:00,0,0,2,3,0,5
2024-03-21 02:50:00,0,2,0,1,0,3
2024-03-21 03:00:00,1,3,1,1,0,6
2024-03-21 03:10:00,0,4,0,2,0,6
2024-03-21 03:20:00,2,4,0,0,0,6
2024-03-21 03:30:00,2,2,0,1,0,5
2024-03-21 03:40:00,0,1,0,1,0,2
2024-03-21 03:50:00,0,3,0,4,0,7
2024-03-21 04:00:00,2,3,1,3,0,9
2024-03-21 04:10:00,1,3,0,4,0,8
2024-03-21 04:20:00,1,1,2,0,0,4
2024-03-21 04:30:00,1,3,6,2,0,12
2024-03-21 04:40:00,0,2,2,9,0,13
2024-03-21 04:50:00,2,8,6,8,0,24
2024-03-21 05:00:00,3,5,13,18,0,39
2024-03-21 05:10:00,3,13,12,17,0,45
2024-03-21 05:20:00,2,12,9,11,0,34
2024-03-21 05:30:00,5,11,26,24,0,66
2024-03-21 05:40:00,6,16,38,23,0,83
2024-03-21 05:50:00,10,16,31,19,0,76
2024-03-21 06:00:00,6,27,28,18,0,79
2024-03-21 06:10:00,8,20,32,20,0,80
2024-03-21 06:20:00,14,24,29,25,1,93
2024-03-21 06:30:00,7,19,43,40,0,109
2024-03-21 06:40:00,17,27,48,35,3,130
2024-03-21 06:50:00,12,25,58,48,2,145
2024-03-21 07:00:00,15,26,54,49,4,148
2024-03-21 07:10:00,16,27,56,35,4,138
2024-03-21 07:20:00,17,27,55,49,6,154
2024-03-21 07:30:00,20,32,65,47,6,170
2024-03-21 07:40:00,11,37,69,54,3,174
2024-03-21 07:50:00,21,35,54,41,6,157
2024-03-21 08:00:00,10,42,64,48,6,170
2024-03-21 08:10:00,15,37,60,36,7,155
2024-03-21 08:20:00,11,31,73,46,5,166
2024-03-21 08:30:00,20,32,76,42,8,178
2024-03-21 08:40:00,13,42,40,33,4,132
2024-03-21 08:50:00,10,26,53,49,8,146
2024-03-21 09:00:00,8,30,49,39,6,132
2024-03-21 09:10:00,3,40,42,40,7,132
2024-03-21 09:20:00,1,32,39,43,5,120
2024-03-21 09:30:00,13,38,47,48,6,152
2024-03-21 09:40:00,3,40,35,43,6,127
2024-03-21 09:50:00,11,43,48,50,4,156
2024-03-21 10:00:00,5,39,36,44,6,130
2024-03-21 10:10:00,1,43,36,41,5,126
2024-03-21 10:20:00,5,43,24,30,5,107
2024-03-21 10:30:00,5,54,45,51,4,159
2024-03-21 10:40:00,3,32,35,37,9,116
2024-03-21 10:50:00,5,45,31,46,7,134
2024-03-21 11:00:00,6,44,41,42,5,138
2024-03-21 11:10:00,5,26,34,36,6,107
2024-03-21 11:20:00,5,36,30,42,5,118
2024-03-21 11:30:00,6,41,34,43,4,128
2024-03-21 11:40:00,1,46,34,51,5,137
2024-03-21 11:50:00,9,49,34,44,6,142
2024-03-21 12:00:00,1,41,34,38,5,119
2024-03-21 12:10:00,5,34,38,56,6,139
2024-03-21 12:20:00,3,30,30,48,6,117
2024-03-21 12:30:00,5,37,30,35,7,114
2024-03-21 12:40:00,4,46,30,40,6,126
2024-03-21 12:50:00,9,47,25,47,4,132
2024-03-21 13:00:00,13,32,28,45,6,124
2024-03-21 13:10:00,4,31,30,45,6,116
2024-03-21 13:20:00,1,42,34,39,4,120
2024-03-21 13:30:00,10,47,28,52,5,142
2024-03-21 13:40:00,15,48,30,52,7,152
2024-03-21 13:50:00,11,57,16,40,6,130
2024-03-21 14:00:00,10,45,29,57,6,147
2024-03-21 14:10:00,10,49,21,43,7,130
2024-03-21 14:20:00,33,44,31,45,10,163
2024-03-21 14:30:00,39,43,37,34,7,160
2024-03-21 14:40:00,38,46,33,46,6,169
2024-03-21 14:50:00,34,43,34,50,10,171
2024-03-21 15:00:00,28,37,33,47,5,150
2024-03-21 15:10:00,41,46,38,52,7,184
2024-03-21 15:20:00,34,36,37,59,9,175
2024-03-21 15:30:00,41,44,24,69,4,182
2024-03-21 15:40:00,37,30,31,52,10,160
2024-03-21 15:50:00,45,30,28,61,9,173
2024-03-21 16:00:00,43,41,26,39,7,156
2024-03-21 16:10:00,42,38,21,43,6,150
2024-03-21 16:20:00,38,34,38,66,8,184
2024-03-21 16:30:00,23,40,28,42,5,138
2024-03-21 16:40:00,35,38,40,53,10,176
2024-03-21 16:50:00,37,24,27,44,4,136
2024-03-21 17:00:00,54,42,33,59,4,192
2024-03-21 17:10:00,39,38,26,59,7,169
2024-03-21 17:20:00,34,41,31,58,7,171
2024-03-21 17:30:00,35,32,33,59,8,167
2024-03-21 17:40:00,33,29,36,50,9,157
2024-03-21 17:50:00,32,35,30,52,6,155
2024-03-21 18:00:00,30,27,25,53,9,144
2024-03-21 18:10:00,29,31,26,43,7,136
2024-03-21 18:20:00,30,43,23,45,4,145
2024-03-21 18:30:00,22,29,18,36,7,112
2024-03-21 18:40:00,26,20,19,36,8,109
2024-03-21 18:50:00,21,22,25,21,6,95
2024-03-21 19:00:00,26,37,7,29,4,103
2024-03-21 19:10:00,21,30,15,27,2,95
2024-03-21 19:20:00,18,32,11,26,4,91
2024-03-21 19:30:00,25,25,13,20,4,87
2024-03-21 19:40:00,22,30,10,28,2,92
2024-03-21 19:50:00,16,22,21,28,2,89
2024-03-21 20:00:00,21,22,13,29,5,90
2024-03-21 20:10:00,22,33,12,21,4,92
2024-03-21 20:20:00,13,26,15,23,0,77
2024-03-21 20:30:00,18,24,11,26,1,80
2024-03-21 20:40:00,15,23,14,29,1,82
2024-03-21 20:50:00,20,26,8,21,2,77
2024-03-21 21:00:00,16,22,9,17,3,67
2024-03-21 21:10:00,18,23,2,19,2,64
2024-03-21 21:20:00,16,23,5,22,2,68
2024-03-21 21:30:00,20,30,1,16,2,69
2024-03-21 21:40:00,15,31,6,15,0,67
2024-03-21 21:50:00,19,28,5,21,0,73
2024-03-21 22:00:00,14,25,7,22,0,68
2024-03-21 22:10:00,10,16,5,19,0,50
2024-03-21 22:20:00,9,22,4,12,2,49
2024-03-21 22:30:00,11,16,6,19,1,53
2024-03-21 22:40:00,9,11,3,17,1,41
2024-03-21 22:50:00,12,14,1,11,0,38
2024-03-21 23:00:00,9,20,3,9,1,42
2024-03-21 23:10:00,5,10,0,10,0,25
2024-03-21 23:20:00,7,9,2,14,0,32
2024-03-21 23:30:00,9,12,2,7,0,30
2024-03-21 23:40:00,4,11,1,6,0,22
2024-03-21 23:50:00,8,12,2,4,0,26
2024-03-22 00:00:00,8,7,2,4,0,21
2024-03-22 00:10:00,4,7,0,2,0,13
2024-03-22 00:20:00,4,7,1,5,0,17
2024-03-22 00:30:00,3,9,3,5,0,20
2024-03-22 00:40:00,1,5,2,4,0,12
2024-03-22 00:50:00,0,9,2,3,0,14
2024-03-22 01:00:00,1,4,0,2,0,7
2024-03-22 01:10:00,2,7,2,3,0,14
2024-03-22 01:20:00,1,8,1,2,0,12
2024-03-22 01:30:00,1,3,0,3,0,7
2024-03-22 01:40:00,1,6,3,0,0,10
2024-03-22 01:50:00,0,2,0,0,0,2
2024-03-22 02:00:00,2,3,2,4,0,11
2024-03-22 02:10:00,1,6,2,0,0,9
2024-03-22 02:20:00,1,3,1,1,0,6
2024-03-22 02:30:00,0,4,0,3,0,7
2024-03-22 02:40:00,1,3,1,0,0,5
2024-03-22 02:50:00,1,4,1,1,0,7
2024-03-22 03:00:00,0,3,2,2,0,7
2024-03-22 03:10:00,0,1,0,0,0,1
2024-03-22 03:20:00,2,7,1,3,0,13
2024-03-22 03:30:00,0,3,0,1,0,4
2024-03-22 03:40:00,2,2,1,2,0,7
2024-03-22 03:50:00,0,4,0,1,0,5
2024-03-22 04:00:00,0,1,0,1,0,2
2024-03-22 04:10:00,0,5,0,3,0,8
2024-03-22 04:20:00,1,2,2,6,0,11
2024-03-22 04:30:00,3,0,4,6,0,13
2024-03-22 04:40:00,1,0,3,8,0,12
2024-03-22 04:50:00,3,7,5,10,0,25
2024-03-22 05:00:00,1,4,13,19,0,37
2024-03-22 05:10:00,2,14,11,15,0,42
2024-03-22 05:20:00,2,11,7,16,0,36
2024-03-22 05:30:00,5,7,29,21,0,62
2024-03-22 05:40:00,6,13,23,23,0,65
2024-03-22 05:50:00,10,16,31,23,0,80
2024-03-22 06:00:00,4,17,18,19,0,58
2024-03-22 06:10:00,8,10,23,18,1,60
2024-03-22 06:20:00,9,19,33,34,0,95
2024-03-22 06:30:00,8,16,44,34,1,103
2024-03-22 06:40:00,10,26,45,42,1,124
2024-03-22 06:50:00,9,20,47,42,3,121
2024-03-22 07:00:00,5,33,46,37,5,126
2024-03-22 07:10:00,10,29,55,45,4,143
2024-03-22 07:20:00,5,27,69,61,2,164
2024-03-22 07:30:00,4,44,61,37,5,151
2024-03-22 07:40:00,9,45,65,45,2,166
2024-03-22 07:50:00,10,35,61,33,3,142
2024-03-22 08:00:00,9,32,41,27,3,112
2024-03-22 08:10:00,11,38,64,35,6,154
2024-03-22 08:20:00,5,26,52,21,9,113
2024-03-22 08:30:00,11,31,57,38,7,144
2024-03-22 08:40:00,4,32,48,31,5,120
2024-03-22 08:50:00,4,34,48,34,6,126
2024-03-22 09:00:00,0,33,37,28,8,106
2024-03-22 09:10:00,5,31,36,33,9,114
2024-03-22 09:20:00,3,40,38,37,6,124
2024-03-22 09:30:00,0,30,39,45,3,117
2024-03-22 09:40:00,5,30,44,50,5,134
2024-03-22 09:50:00,6,38,24,44,5,117
2024-03-22 10:00:00,6,30,42,52,4,134
2024-03-22 10:10:00,2,33,35,39,7,116
2024-03-22 10:20:00,1,30,44,46,4,125
2024-03-22 10:30:00,1,43,33,43,8,128
2024-03-22 10:40:00,0,35,43,32,7,117
2024-03-22 10:50:00,4,47,37,43,6,137
2024-03-22 11:00:00,1,30,45,50,6,132
2024-03-22 11:10:00,7,52,42,52,3,156
2024-03-22 11:20:00,3,44,28,40,7,122
2024-03-22 11:30:00,3,41,43,48,3,138
2024-03-22 11:40:00,3,42,35,54,4,138
2024-03-22 11:50:00,3,46,30,52,3,134
2024-03-22 12:00:00,3,30,43,40,10,126
2024-03-22 12:10:00,1,31,48,54,5,139
2024-03-22 12:20:00,4,29,36,62,6,137
2024-03-22 12:30:00,7,39,40,45,10,141
2024-03-22 12:40:00,9,31,49,41,9,139
2024-03-22 12:50:00,3,42,39,46,7,137
2024-03-22 13:00:00,5,45,49,70,4,173
2024-03-22 13:10:00,3,31,41,57,8,140
2024-03-22 13:20:00,8,44,23,45,6,126
2024-03-22 13:30:00,4,36,38,48,6,132
2024-03-22 13:40:00,4,28,33,42,6,113
2024-03-22 13:50:00,7,49,26,45,9,136
2024-03-22 14:00:00,6,41,30,64,5,146
2024-03-22 14:10:00,10,39,39,48,3,139
2024-03-22 14:20:00,10,40,21,38,6,115
2024-03-22 14:30:00,29,40,20,41,7,137
2024-03-22 14:40:00,29,34,33,43,6,145
2024-03-22 14:50:00,23,45,38,41,7,154
2024-03-22 15:00:00,26,45,31,40,7,149
2024-03-22 15:10:00,35,45,40,47,8,175
2024-03-22 15:20:00,27,46,24,49,8,154
2024-03-22 15:30:00,27,40,38,43,8,156
2024-03-22 15:40:00,33,39,32,53,5,162
2024-03-22 15:50:00,37,33,38,51,8,167
2024-03-22 16:00:00,27,43,27,37,9,143
2024-03-22 16:10:00,34,40,17,46,7,144
2024-03-22 16:20:00,36,30,23,54,3,146
2024-03-22 16:30:00,39,40,31,30,11,151
2024-03-22 16:40:00,28,35,27,42,7,139
2024-03-22 16:50:00,26,24,18,50,5,123
2024-03-22 17:00:00,28,39,30,63,4,164
2024-03-22 17:10:00,22,24,25,50,7,128
2024-03-22 17:20:00,29,39,28,55,7,158
2024-03-22 17:30:00,28,31,39,43,10,151
2024-03-22 17:40:00,31,51,27,41,3,153
2024-03-22 17:50:00,31,29,24,51,7,142
2024-03-22 18:00:00,32,39,26,48,6,151
2024-03-22 18:10:00,26,33,18,39,7,123
2024-03-22 18:20:00,22,32,27,38,8,127
2024-03-22 18:30:00,15,20,9,20,3,67
2024-03-22 18:40:00,12,15,11,17,2,57
2024-03-22 18:50:00,13,9,8,13,4,47
2024-03-22 19:00:00,19,29,20,29,1,98
2024-03-22 19:10:00,17,31,7,27,3,85
2024-03-22 19:20:00,17,31,12,22,1,83
2024-03-22 19:30:00,4,37,16,19,2,78
2024-03-22 19:40:00,3,27,14,26,4,74
2024-03-22 19:50:00,3,30,20,26,4,83
2024-03-22 20:00:00,3,34,14,26,0,77
2024-03-22 20:10:00,3,40,11,22,4,80
2024-03-22 20:20:00,10,31,17,22,2,82
2024-03-22 20:30:00,0,36,11,23,2,72
2024-03-22 20:40:00,1,48,7,25,3,84
2024-03-22 20:50:00,0,30,6,24,1,61
2024-03-22 21:00:00,2,25,8,22,2,59
2024-03-22 21:10:00,3,30,11,23,3,70
2024-03-22 21:20:00,2,37,9,24,0,72
2024-03-22 21:30:00,2,26,6,13,2,49
2024-03-22 21:40:00,0,36,8,20,0,64
2024-03-22 21:50:00,2,41,11,18,0,72
2024-03-22 22:00:00,2,38,6,19,0,65
2024-03-22 22:10:00,1,29,9,20,0,59
2024-03-22 22:20:00,0,27,2,33,0,62
2024-03-22 22:30:00,2,21,12,19,0,54
2024-03-22 22:40:00,2,22,5,16,0,45
2024-03-22 22:50:00,0,25,5,19,0,49
2024-03-22 23:00:00,0,16,4,22,2,44
2024-03-22 23:10:00,3,31,6,15,1,56
2024-03-22 23:20:00,3,24,2,13,0,42
2024-03-22 23:30:00,4,25,5,20,0,54
2024-03-22 23:40:00,3,19,6,12,1,41
2024-03-22 23:50:00,4,20,2,7,0,33
2024-03-23 00:00:00,0,13,5,17,0,35
2024-03-23 00:10:00,2,17,2,11,0,32
2024-03-23 00:20:00,2,8,5,7,0,22
2024-03-23 00:30:00,1,17,2,12,0,32
2024-03-23 00:40:00,1,7,2,11,0,21
2024-03-23 00:50:00,2,18,2,9,0,31
2024-03-23 01:00:00,1,10,5,8,0,24
2024-03-23 01:10:00,5,13,2,8,0,28
2024-03-23 01:20:00,1,10,4,5,0,20
2024-03-23 01:30:00,5,10,4,10,0,29
2024-03-23 01:40:00,1,11,0,5,0,17
2024-03-23 01:50:00,1,8,2,8,0,19
2024-03-23 02:00:00,0,7,0,3,0,10
2024-03-23 02:10:00,1,9,1,5,0,16
2024-03-23 02:20:00,0,5,2,6,0,13
2024-03-23 02:30:00,2,12,0,2,0,16
2024-03-23 02:40:00,1,6,2,7,0,16
2024-03-23 02:50:00,0,2,3,8,0,13
2024-03-23 03:00:00,0,7,1,2,0,10
2024-03-23 03:10:00,2,7,1,7,0,17
2024-03-23 03:20:00,0,9,0,1,0,10
2024-03-23 03:30:00,1,4,0,0,0,5
2024-03-23 03:40:00,0,4,0,3,0,7
2024-03-23 03:50:00,0,6,1,4,0,11
2024-03-23 04:00:00,0,4,0,3,0,7
2024-03-23 04:10:00,0,8,0,5,0,13
2024-03-23 04:20:00,0,3,0,2,0,5
2024-03-23 04:30:00,2,1,2,6,0,11
2024-03-23 04:40:00,0,6,2,9,0,17
2024-03-23 04:50:00,0,7,1,9,1,18
2024-03-23 05:00:00,1,8,2,14,0,25
2024-03-23 05:10:00,1,5,3,12,0,21
2024-03-23 05:20:00,0,6,2,9,0,17
2024-03-23 05:30:00,0,6,5,11,0,22
2024-03-23 05:40:00,9,7,10,15,0,41
2024-03-23 05:50:00,36,11,7,15,0,69
2024-03-23 06:00:00,15,5,4,10,0,34
2024-03-23 06:10:00,6,6,2,9,0,23
2024-03-23 06:20:00,1,8,5,12,0,26
2024-03-23 06:30:00,0,7,4,12,0,23
2024-03-23 06:40:00,2,12,4,12,0,30
2024-03-23 06:50:00,6,16,7,13,1,43
2024-03-23 07:00:00,0,17,8,13,0,38
2024-03-23 07:10:00,2,7,8,15,1,33
2024-03-23 07:20:00,2,11,11,14,1,39
2024-03-23 07:30:00,0,19,8,18,1,46
2024-03-23 07:40:00,4,14,14,26,1,59
2024-03-23 07:50:00,1,15,14,18,3,51
2024-03-23 08:00:00,1,13,6,19,0,39
2024-03-23 08:10:00,3,12,6,15,5,41
2024-03-23 08:20:00,4,17,10,25,1,57
2024-03-23 08:30:00,7,13,11,20,0,51
2024-03-23 08:40:00,3,23,14,25,3,68
2024-03-23 08:50:00,0,14,11,26,2,53
2024-03-23 09:00:00,4,23,18,20,4,69
2024-03-23 09:10:00,2,16,16,31,4,69
2024-03-23 09:20:00,8,32,25,32,2,99
2024-03-23 09:30:00,4,30,25,32,5,96
2024-03-23 09:40:00,6,29,25,33,3,96
2024-03-23 09:50:00,15,26,24,33,6,104
2024-03-23 10:00:00,5,29,50,38,3,125
2024-03-23 10:10:00,4,34,21,38,4,101
2024-03-23 10:20:00,4,32,30,42,5,113
2024-03-23 10:30:00,1,25,15,49,5,95
2024-03-23 10:40:00,2,31,37,40,6,116
2024-03-23 10:50:00,0,34,23,33,7,97
2024-03-23 11:00:00,0,41,30,47,3,121
2024-03-23 11:10:00,0,38,23,41,4,106
2024-03-23 11:20:00,2,46,39,45,7,139
2024-03-23 11:30:00,5,38,22,39,7,111
2024-03-23 11:40:00,5,36,26,46,5,118
2024-03-23 11:50:00,5,31,36,48,8,128
2024-03-23 12:00:00,6,32,32,33,4,107
2024-03-23 12:10:00,5,39,39,49,5,137
2024-03-23 12:20:00,1,38,22,47,5,113
2024-03-23 12:30:00,0,39,26,48,7,120
2024-03-23 12:40:00,5,34,31,39,7,116
2024-03-23 12:50:00,0,39,21,43,4,107
2024-03-23 13:00:00,3,34,24,45,5,111
2024-03-23 13:10:00,7,44,30,40,8,129
2024-03-23 13:20:00,0,39,30,45,5,119
2024-03-23 13:30:00,3,36,24,50,6,119
2024-03-23 13:40:00,1,42,23,49,5,120
2024-03-23 13:50:00,5,31,28,27,7,98
2024-03-23 14:00:00,1,38,24,47,4,114
2024-03-23 14:10:00,1,38,29,36,4,108
2024-03-23 14:20:00,2,23,26,23,4,78
2024-03-23 14:30:00,6,32,21,32,5,96
2024-03-23 14:40:00,2,29,29,47,4,111
2024-03-23 14:50:00,5,35,32,35,7,114
2024-03-23 15:00:00,0,38,19,42,4,103
2024-03-23 15:10:00,3,42,18,47,3,113
2024-03-23 15:20:00,3,30,33,37,6,109
2024-03-23 15:30:00,5,33,20,40,3,101
2024-03-23 15:40:00,2,37,9,22,8,78
2024-03-23 15:50:00,3,36,19,37,5,100
2024-03-23 16:00:00,1,44,22,35,4,106
2024-03-23 16:10:00,3,30,17,47,8,105
2024-03-23 16:20:00,0,41,24,42,4,111
2024-03-23 16:30:00,0,31,31,49,7,118
2024-03-23 16:40:00,3,37,17,29,6,92
2024-03-23 16:50:00,0,34,31,58,3,126
2024-03-23 17:00:00,0,39,26,47,2,114
2024-03-23 17:10:00,0,46,12,35,4,97
2024-03-23 17:20:00,0,25,20,43,6,94
2024-03-23 17:30:00,1,24,23,35,7,90
2024-03-23 17:40:00,0,41,23,36,4,104
2024-03-23 17:50:00,0,35,30,38,5,108
2024-03-23 18:00:00,0,40,20,37,3,100
2024-03-23 18:10:00,1,27,19,39,7,93
2024-03-23 18:20:00,2,34,15,38,6,95
2024-03-23 18:30:00,2,29,11,33,6,81
2024-03-23 18:40:00,0,37,16,29,2,84
2024-03-23 18:50:00,11,24,11,27,4,77
2024-03-23 19:00:00,6,29,9,24,1,69
2024-03-23 19:10:00,0,22,12,28,2,64
2024-03-23 19:20:00,11,17,8,24,2,62
2024-03-23 19:30:00,5,30,17,28,1,81
2024-03-23 19:40:00,8,36,5,23,2,74
2024-03-23 19:50:00,3,37,9,31,2,82
2024-03-23 20:00:00,6,33,13,28,0,80
2024-03-23 20:10:00,3,21,8,31,3,66
2024-03-23 20:20:00,3,30,9,20,2,64
2024-03-23 20:30:00,6,35,9,18,0,68
2024-03-23 20:40:00,2,22,6,18,1,49
2024-03-23 20:50:00,1,22,3,19,2,47
2024-03-23 21:00:00,8,16,7,19,3,53
2024-03-23 21:10:00,3,25,3,14,2,47
2024-03-23 21:20:00,5,14,2,15,1,37
2024-03-23 21:30:00,0,26,4,17,1,48
2024-03-23 21:40:00,3,25,8,19,2,57
2024-03-23 21:50:00,4,23,3,19,3,52
2024-03-23 22:00:00,4,21,9,15,2,51
2024-03-23 22:10:00,3,30,7,21,1,62
2024-03-23 22:20:00,7,29,4,19,1,60
2024-03-23 22:30:00,1,21,3,12,0,37
2024-03-23 22:40:00,5,36,5,20,0,66
2024-03-23 22:50:00,7,29,5,17,0,58
2024-03-23 23:00:00,5,32,1,14,0,52
2024-03-23 23:10:00,5,26,2,14,0,47
2024-03-23 23:20:00,4,31,5,16,0,56
2024-03-23 23:30:00,4,26,5,14,0,49
2024-03-23 23:40:00,5,26,5,23,0,59
2024-03-23 23:50:00,3,21,1,11,0,36
2024-03-24 00:00:00,4,17,1,12,0,34
2024-03-24 00:10:00,3,16,5,14,0,38
2024-03-24 00:20:00,1,12,1,13,0,27
2024-03-24 00:30:00,2,15,1,9,0,27
2024-03-24 00:40:00,0,13,4,10,1,28
2024-03-24 00:50:00,3,12,1,9,0,25
2024-03-24 01:00:00,6,6,1,7,0,20
2024-03-24 01:10:00,4,11,0,6,0,21
2024-03-24 01:20:00,2,7,3,11,0,23
2024-03-24 01:30:00,2,5,3,8,0,18
2024-03-24 01:40:00,1,4,0,2,0,7
2024-03-24 01:50:00,1,4,1,10,0,16
2024-03-24 02:00:00,1,3,2,4,0,10
2024-03-24 02:10:00,2,4,1,5,0,12
2024-03-24 02:20:00,0,6,2,11,0,19
2024-03-24 02:30:00,1,7,0,4,0,12
2024-03-24 02:40:00,1,6,1,6,0,14
2024-03-24 02:50:00,1,4,1,6,0,12
2024-03-24 03:00:00,0,2,0,0,0,2
2024-03-24 03:10:00,0,7,1,6,0,14
2024-03-24 03:20:00,0,8,0,4,0,12
2024-03-24 03:30:00,0,13,0,7,0,20
2024-03-24 03:40:00,0,4,1,2,0,7
2024-03-24 03:50:00,0,4,2,3,0,9
2024-03-24 04:00:00,0,3,0,0,0,3
2024-03-24 04:10:00,0,4,0,1,0,5
2024-03-24 04:20:00,1,4,0,4,0,9
2024-03-24 04:30:00,0,5,1,7,0,13
2024-03-24 04:40:00,1,7,2,7,0,17
2024-03-24 04:50:00,0,2,1,10,0,13
2024-03-24 05:00:00,1,2,1,6,0,10
2024-03-24 05:10:00,1,13,3,10,0,27
2024-03-24 05:20:00,0,5,0,5,0,10
2024-03-24 05:30:00,1,2,1,8,0,12
2024-03-24 05:40:00,1,9,7,13,0,30
2024-03-24 05:50:00,0,9,3,8,0,20
2024-03-24 06:00:00,0,10,4,5,0,19
2024-03-24 06:10:00,0,8,4,7,0,19
2024-03-24 06:20:00,0,9,3,8,0,20
2024-03-24 06:30:00,0,9,2,3,0,14
2024-03-24 06:40:00,0,6,4,8,0,18
2024-03-24 06:50:00,0,8,5,6,0,19
2024-03-24 07:00:00,1,6,2,2,0,11
2024-03-24 07:10:00,0,3,1,3,0,7
2024-03-24 07:20:00,0,2,3,7,0,12
2024-03-24 07:30:00,0,7,2,3,2,14
2024-03-24 07:40:00,0,11,1,3,0,15
2024-03-24 07:50:00,0,2,3,12,2,19
2024-03-24 08:00:00,0,8,4,6,1,19
2024-03-24 08:10:00,0,8,3,11,1,23
2024-03-24 08:20:00,2,21,5,10,2,40
2024-03-24 08:30:00,1,10,5,11,0,27
2024-03-24 08:40:00,0,6,5,8,2,21
2024-03-24 08:50:00,0,7,3,7,3,20
2024-03-24 09:00:00,1,8,8,13,1,31
2024-03-24 09:10:00,0,16,3,11,3,33
2024-03-24 09:20:00,1,16,6,21,0,44
2024-03-24 09:30:00,3,10,8,20,1,42
2024-03-24 09:40:00,3,19,9,23,2,56
2024-03-24 09:50:00,1,22,14,19,1,57
2024-03-24 10:00:00,9,17,14,24,2,66
2024-03-24 10:10:00,4,17,12,23,3,59
2024-03-24 10:20:00,9,16,12,23,1,61
2024-03-24 10:30:00,9,14,17,35,3,78
2024-03-24 10:40:00,6,21,19,26,1,73
2024-03-24 10:50:00,10,21,10,26,2,69
2024-03-24 11:00:00,10,13,18,32,2,75
2024-03-24 11:10:00,11,19,16,27,3,76
2024-03-24 11:20:00,12,24,11,27,1,75
2024-03-24 11:30:00,14,20,11,25,2,72
2024-03-24 11:40:00,16,25,13,34,1,89
2024-03-24 11:50:00,21,20,17,28,1,87
2024-03-24 12:00:00,12,18,16,31,2,79
2024-03-24 12:10:00,17,24,22,40,0,103
2024-03-24 12:20:00,21,25,28,25,0,99
2024-03-24 12:30:00,20,17,18,32,1,88
2024-03-24 12:40:00,13,19,19,36,0,87
2024-03-24 12:50:00,11,20,22,33,3,89
2024-03-24 13:00:00,16,17,9,27,3,72
2024-03-24 13:10:00,18,23,12,29,3,85
2024-03-24 13:20:00,13,13,11,33,1,71
2024-03-24 13:30:00,14,36,11,42,1,104
2024-03-24 13:40:00,20,29,18,33,2,102
2024-03-24 13:50:00,10,23,14,40,3,90
2024-03-24 14:00:00,20,35,18,30,4,107
2024-03-24 14:10:00,23,29,15,29,4,100
2024-03-24 14:20:00,23,15,14,43,0,95
2024-03-24 14:30:00,17,31,13,49,3,113
2024-03-24 14:40:00,23,29,20,41,2,115
2024-03-24 14:50:00,19,22,14,39,5,99
2024-03-24 15:00:00,17,17,14,28,3,79
2024-03-24 15:10:00,17,13,12,31,7,80
2024-03-24 15:20:00,14,21,14,34,5,88
2024-03-24 15:30:00,20,23,13,22,2,80
2024-03-24 15:40:00,17,22,19,32,6,96
2024-03-24 15:50:00,18,25,15,32,6,96
2024-03-24 16:00:00,12,20,12,32,7,83
2024-03-24 16:10:00,20,26,11,30,7,94
2024-03-24 16:20:00,14,32,19,36,4,105
2024-03-24 16:30:00,15,22,13,32,0,82
2024-03-24 16:40:00,14,21,10,25,1,71
2024-03-24 16:50:00,13,24,17,23,4,81
2024-03-24 17:00:00,16,26,24,28,2,96
2024-03-24 17:10:00,22,22,15,31,3,93
2024-03-24 17:20:00,15,29,20,25,5,94
2024-03-24 17:30:00,15,28,11,29,3,86
2024-03-24 17:40:00,15,29,19,27,5,95
2024-03-24 17:50:00,19,20,26,30,2,97
2024-03-24 18:00:00,18,26,21,27,1,93
2024-03-24 18:10:00,23,29,18,31,4,105
2024-03-24 18:20:00,21,25,25,21,5,97
2024-03-24 18:30:00,20,22,23,22,4,91
2024-03-24 18:40:00,19,29,20,15,5,88
2024-03-24 18:50:00,16,31,12,14,3,76
2024-03-24 19:00:00,9,16,16,7,3,51
2024-03-24 19:10:00,22,31,11,19,6,89
2024-03-24 19:20:00,13,23,13,16,1,66
2024-03-24 19:30:00,11,19,12,20,0,62
2024-03-24 19:40:00,10,28,13,18,1,70
2024-03-24 19:50:00,15,29,14,16,0,74
2024-03-24 20:00:00,12,30,13,27,2,84
2024-03-24 20:10:00,8,21,18,23,0,70
2024-03-24 20:20:00,14,25,16,27,1,83
2024-03-24 20:30:00,10,22,10,17,1,60
2024-03-24 20:40:00,9,27,14,12,0,62
2024-03-24 20:50:00,8,29,9,16,0,62
2024-03-24 21:00:00,12,24,13,20,0,69
2024-03-24 21:10:00,7,31,11,10,0,59
2024-03-24 21:20:00,13,23,12,15,0,63
2024-03-24 21:30:00,13,24,12,17,0,66
2024-03-24 21:40:00,14,20,5,15,0,54
2024-03-24 21:50:00,16,17,10,14,0,57
2024-03-24 22:00:00,3,34,7,11,1,56
2024-03-24 22:10:00,10,22,6,11,0,49
2024-03-24 22:20:00,8,17,2,8,1,36
2024-03-24 22:30:00,4,16,0,8,0,28
2024-03-24 22:40:00,8,16,4,7,0,35
2024-03-24 22:50:00,7,11,4,7,0,29
2024-03-24 23:00:00,5,13,6,15,0,39
2024-03-24 23:10:00,9,20,4,9,0,42
2024-03-24 23:20:00,5,9,3,9,0,26
2024-03-24 23:30:00,3,6,4,3,0,16
2024-03-24 23:40:00,1,5,0,8,0,14
2024-03-24 23:50:00,10,6,1,5,1,23
2024-03-25 00:00:00,1,6,1,4,0,12
2024-03-25 00:10:00,1,7,2,7,0,17
2024-03-25 00:20:00,1,9,4,7,0,21
2024-03-25 00:30:00,3,6,0,5,0,14
2024-03-25 00:40:00,1,2,0,5,0,8
2024-03-25 00:50:00,0,1,1,4,0,6
2024-03-25 01:00:00,2,4,2,6,0,14
2024-03-25 01:10:00,0,0,3,6,0,9
2024-03-25 01:20:00,0,1,1,4,0,6
2024-03-25 01:30:00,0,0,0,1,0,1
2024-03-25 01:40:00,0,8,0,0,0,8
2024-03-25 01:50:00,0,3,0,1,0,4
2024-03-25 02:00:00,0,2,1,2,0,5
2024-03-25 02:10:00,1,1,1,2,0,5
2024-03-25 02:20:00,2,3,2,4,0,11
2024-03-25 02:30:00,2,0,0,0,0,2
2024-03-25 02:40:00,2,1,0,1,0,4
2024-03-25 02:50:00,0,5,0,0,0,5
2024-03-25 03:00:00,0,5,2,2,0,9
2024-03-25 03:10:00,0,2,0,3,0,5
2024-03-25 03:20:00,0,2,0,0,0,2
2024-03-25 03:30:00,1,2,0,0,0,3
2024-03-25 03:40:00,1,0,1,3,0,5
2024-03-25 03:50:00,0,3,0,4,0,7
2024-03-25 04:00:00,0,3,0,5,0,8
2024-03-25 04:10:00,2,8,0,2,0,12
2024-03-25 04:20:00,1,3,0,6,0,10
2024-03-25 04:30:00,1,6,1,9,0,17
2024-03-25 04:40:00,1,4,5,10,0,20
2024-03-25 04:50:00,2,4,3,11,0,20
2024-03-25 05:00:00,1,1,10,17,0,29
2024-03-25 05:10:00,5,4,15,11,0,35
2024-03-25 05:20:00,4,13,8,12,0,37
2024-03-25 05:30:00,3,8,28,27,0,66
2024-03-25 05:40:00,6,17,19,22,0,64
2024-03-25 05:50:00,3,14,29,19,0,65
2024-03-25 06:00:00,8,19,29,19,0,75
2024-03-25 06:10:00,10,19,29,26,0,84
2024-03-25 06:20:00,7,17,43,32,2,101
2024-03-25 06:30:00,4,23,41,37,1,106
2024-03-25 06:40:00,14,31,53,42,0,140
2024-03-25 06:50:00,10,21,46,39,2,118
2024-03-25 07:00:00,14,19,54,40,2,129
2024-03-25 07:10:00,7,20,47,42,6,122
2024-03-25 07:20:00,10,18,61,52,1,142
2024-03-25 07:30:00,17,41,54,37,1,150
2024-03-25 07:40:00,6,33,64,39,3,145
2024-03-25 07:50:00,9,30,63,42,5,149
2024-03-25 08:00:00,10,36,34,36,8,124
2024-03-25 08:10:00,20,29,50,43,8,150
2024-03-25 08:20:00,12,30,46,38,6,132
2024-03-25 08:30:00,20,29,52,50,7,158
2024-03-25 08:40:00,8,26,48,37,6,125
2024-03-25 08:50:00,9,32,50,50,6,147
2024-03-25 09:00:00,13,33,39,30,5,120
2024-03-25 09:10:00,11,40,35,37,8,131
2024-03-25 09:20:00,10,30,48,53,6,147
2024-03-25 09:30:00,7,36,40,46,4,133
2024-03-25 09:40:00,4,33,36,57,4,134
2024-03-25 09:50:00,7,41,35,50,5,138
2024-03-25 10:00:00,8,46,29,48,4,135
2024-03-25 10:10:00,2,35,38,33,6,114
2024-03-25 10:20:00,3,36,29,33,8,109
2024-03-25 10:30:00,3,50,38,49,0,140
2024-03-25 10:40:00,9,50,47,50,5,161
2024-03-25 10:50:00,6,48,30,38,3,125
2024-03-25 11:00:00,4,44,34,51,3,136
2024-03-25 11:10:00,8,45,38,44,3,138
2024-03-25 11:20:00,17,43,27,50,6,143
2024-03-25 11:30:00,9,35,32,43,2,121
2024-03-25 11:40:00,9,37,34,44,7,131
2024-03-25 11:50:00,97,42,31,40,6,216
2024-03-25 12:00:00,2,52,32,51,6,143
2024-03-25 12:10:00,2,47,33,40,5,127
2024-03-25 12:20:00,6,41,31,41,5,124
2024-03-25 12:30:00,6,37,28,46,7,124
2024-03-25 12:40:00,8,30,31,54,9,132
2024-03-25 12:50:00,5,25,32,37,9,108
2024-03-25 13:00:00,4,32,32,50,6,124
2024-03-25 13:10:00,4,41,19,45,9,118
2024-03-25 13:20:00,10,36,26,46,6,124
2024-03-25 13:30:00,7,46,33,42,7,135
2024-03-25 13:40:00,7,37,22,42,5,113
2024-03-25 13:50:00,3,54,26,33,8,124
2024-03-25 14:00:00,7,38,37,49,8,139
2024-03-25 14:10:00,6,55,32,48,9,150
2024-03-25 14:20:00,4,41,26,39,7,117
2024-03-25 14:30:00,9,47,36,48,7,147
2024-03-25 14:40:00,2,44,31,50,7,134
2024-03-25 14:50:00,4,44,24,35,5,112
2024-03-25 15:00:00,23,33,25,36,11,128
2024-03-25 15:10:00,42,41,32,30,6,151
2024-03-25 15:20:00,41,45,30,32,9,157
2024-03-25 15:30:00,38,36,33,37,10,154
2024-03-25 15:40:00,41,46,39,49,7,182
2024-03-25 15:50:00,29,24,64,51,10,178
2024-03-25 16:00:00,32,27,59,53,8,179
2024-03-25 16:10:00,29,40,38,58,6,171
2024-03-25 16:20:00,41,39,28,48,8,164
2024-03-25 16:30:00,38,40,33,65,8,184
2024-03-25 16:40:00,39,34,37,55,10,175
2024-03-25 16:50:00,38,41,19,46,7,151
2024-03-25 17:00:00,44,50,33,53,4,184
2024-03-25 17:10:00,40,38,20,41,8,147
2024-03-25 17:20:00,30,37,25,39,8,139
2024-03-25 17:30:00,33,34,22,42,8,139
2024-03-25 17:40:00,24,24,26,33,9,116
2024-03-25 17:50:00,30,29,34,48,5,146
2024-03-25 18:00:00,32,40,20,45,6,143
2024-03-25 18:10:00,28,26,24,37,9,124
2024-03-25 18:20:00,28,23,25,37,10,123
2024-03-25 18:30:00,26,35,29,46,6,142
2024-03-25 18:40:00,35,34,22,28,10,129
2024-03-25 18:50:00,29,26,13,26,8,102
2024-03-25 19:00:00,27,30,16,19,6,98
2024-03-25 19:10:00,13,28,10,22,2,75
2024-03-25 19:20:00,18,24,5,20,4,71
2024-03-25 19:30:00,18,24,12,27,2,83
2024-03-25 19:40:00,19,24,14,36,3,96
2024-03-25 19:50:00,8,20,10,22,1,61
2024-03-25 20:00:00,20,22,14,33,0,89
2024-03-25 20:10:00,18,22,12,29,1,82
2024-03-25 20:20:00,18,21,14,21,3,77
2024-03-25 20:30:00,16,20,10,20,1,67
2024-03-25 20:40:00,19,30,7,19,3,78
2024-03-25 20:50:00,18,25,7,26,1,77
2024-03-25 21:00:00,12,18,5,15,2,52
2024-03-25 21:10:00,11,25,6,24,0,66
2024-03-25 21:20:00,9,26,4,21,1,61
2024-03-25 21:30:00,10,26,4,16,0,56
2024-03-25 21:40:00,9,30,6,20,1,66
2024-03-25 21:50:00,26,29,6,13,1,75
2024-03-25 22:00:00,12,19,4,15,1,51
2024-03-25 22:10:00,14,17,6,15,1,53
2024-03-25 22:20:00,9,15,9,10,0,43
2024-03-25 22:30:00,11,12,5,13,1,42
2024-03-25 22:40:00,7,16,3,8,1,35
2024-03-25 22:50:00,10,19,5,16,0,50
2024-03-25 23:00:00,16,17,4,6,2,45
2024-03-25 23:10:00,17,21,5,5,0,48
2024-03-25 23:20:00,11,11,0,7,1,30
2024-03-25 23:30:00,7,6,8,10,0,31
2024-03-25 23:40:00,2,6,5,5,0,18
2024-03-25 23:50:00,3,12,4,7,0,26
2024-03-26 00:00:00,5,8,3,7,0,23
2024-03-26 00:10:00,1,5,4,6,0,16
2024-03-26 00:20:00,2,5,2,5,0,14
2024-03-26 00:30:00,2,6,1,2,0,11
2024-03-26 00:40:00,3,7,0,3,0,13
2024-03-26 00:50:00,0,5,1,4,0,10
2024-03-26 01:00:00,2,4,1,2,0,9
2024-03-26 01:10:00,1,8,3,2,0,14
2024-03-26 01:20:00,2,2,1,3,0,8
2024-03-26 01:30:00,1,2,0,1,0,4
2024-03-26 01:40:00,0,0,0,2,0,2
2024-03-26 01:50:00,1,4,0,1,0,6
2024-03-26 02:00:00,0,2,0,3,0,5
2024-03-26 02:10:00,0,7,0,0,0,7
2024-03-26 02:20:00,1,0,0,1,0,2
2024-03-26 02:30:00,0,1,0,0,0,1
2024-03-26 02:40:00,1,3,0,1,0,5
2024-03-26 02:50:00,0,2,0,5,0,7
2024-03-26 03:00:00,0,8,1,0,0,9
2024-03-26 03:10:00,1,3,0,1,0,5
2024-03-26 03:20:00,2,4,0,0,0,6
2024-03-26 03:30:00,0,1,0,0,0,1
2024-03-26 03:40:00,0,0,0,1,0,1
2024-03-26 03:50:00,2,4,0,2,0,8
2024-03-26 04:00:00,2,1,0,2,0,5
2024-03-26 04:10:00,2,1,0,4,0,7
2024-03-26 04:20:00,2,0,0,6,0,8
2024-03-26 04:30:00,0,1,2,6,0,9
2024-03-26 04:40:00,2,6,6,18,0,32
2024-03-26 04:50:00,1,4,4,7,0,16
2024-03-26 05:00:00,1,9,8,15,0,33
2024-03-26 05:10:00,1,2,10,18,0,31
2024-03-26 05:20:00,0,10,10,15,0,35
2024-03-26 05:30:00,0,16,30,19,0,65
2024-03-26 05:40:00,2,11,22,23,0,58
2024-03-26 05:50:00,4,15,32,23,0,74
2024-03-26 06:00:00,2,22,33,24,0,81
2024-03-26 06:10:00,6,25,36,22,1,90
2024-03-26 06:20:00,6,18,41,28,0,93
2024-03-26 06:30:00,3,26,39,32,0,100
2024-03-26 06:40:00,7,28,49,37,1,122
2024-03-26 06:50:00,5,26,56,47,1,135
2024-03-26 07:00:00,7,23,44,31,4,109
2024-03-26 07:10:00,3,27,52,44,5,131
2024-03-26 07:20:00,4,22,47,34,5,112
2024-03-26 07:30:00,5,41,60,52,2,160
2024-03-26 07:40:00,7,39,60,41,3,150
2024-03-26 07:50:00,8,37,59,29,5,138
2024-03-26 08:00:00,5,39,40,36,5,125
2024-03-26 08:10:00,2,27,65,33,8,135
2024-03-26 08:20:00,5,32,56,41,6,140
2024-03-26 08:30:00,1,29,45,34,7,116
2024-03-26 08:40:00,6,31,55,37,7,136
2024-03-26 08:50:00,3,36,47,46,3,135
2024-03-26 09:00:00,5,33,39,35,7,119
2024-03-26 09:10:00,2,28,40,37,4,111
2024-03-26 09:20:00,0,30,48,33,5,116
2024-03-26 09:30:00,2,44,35,44,6,131
2024-03-26 09:40:00,0,40,37,51,4,132
2024-03-26 09:50:00,2,39,34,39,2,116
2024-03-26 10:00:00,5,35,44,50,6,140
2024-03-26 10:10:00,0,40,40,35,7,122
2024-03-26 10:20:00,0,33,35,42,3,113
2024-03-26 10:30:00,2,44,37,40,4,127
2024-03-26 10:40:00,3,40,46,44,7,140
2024-03-26 10:50:00,3,41,29,50,4,127
2024-03-26 11:00:00,1,31,34,45,1,112
2024-03-26 11:10:00,5,42,31,45,2,125
2024-03-26 11:20:00,5,36,28,47,6,122
2024-03-26 11:30:00,3,29,28,47,7,114
2024-03-26 11:40:00,6,41,32,49,1,129
2024-03-26 11:50:00,2,44,36,39,8,129
2024-03-26 12:00:00,1,28,23,38,6,96
2024-03-26 12:10:00,3,40,14,33,6,96
2024-03-26 12:20:00,1,44,27,42,6,120
2024-03-26 12:30:00,4,53,29,40,7,133
2024-03-26 12:40:00,5,37,33,43,8,126
2024-03-26 12:50:00,2,29,32,43,6,112
2024-03-26 13:00:00,1,33,50,26,9,119
2024-03-26 13:10:00,0,44,31,39,6,120
2024-03-26 13:20:00,3,45,24,45,7,124
2024-03-26 13:30:00,7,33,34,41,11,126
2024-03-26 13:40:00,3,43,22,30,7,105
2024-03-26 13:50:00,10,54,20,37,5,126
2024-03-26 14:00:00,9,38,34,44,6,131
2024-03-26 14:10:00,3,57,26,42,9,137
2024-03-26 14:20:00,6,45,26,46,5,128
2024-03-26 14:30:00,18,52,33,50,5,158
2024-03-26 14:40:00,22,52,29,52,5,160
2024-03-26 14:50:00,29,45,35,68,5,182
2024-03-26 15:00:00,31,31,22,44,8,136
2024-03-26 15:10:00,33,37,23,36,12,141
2024-03-26 15:20:00,38,32,17,41,10,138
2024-03-26 15:30:00,36,32,27,50,8,153
2024-03-26 15:40:00,33,35,29,41,6,144
2024-03-26 15:50:00,26,25,27,38,9,125
2024-03-26 16:00:00,29,44,24,35,6,138
2024-03-26 16:10:00,35,34,23,45,6,143
2024-03-26 16:20:00,47,38,33,56,6,180
2024-03-26 16:30:00,41,38,23,44,6,152
2024-03-26 16:40:00,37,32,40,48,6,163
2024-03-26 16:50:00,29,36,27,42,9,143
2024-03-26 17:00:00,42,33,31,46,7,159
2024-03-26 17:10:00,34,39,32,38,8,151
2024-03-26 17:20:00,36,33,35,57,9,170
2024-03-26 17:30:00,35,43,28,45,6,157
2024-03-26 17:40:00,25,32,23,45,8,133
2024-03-26 17:50:00,25,47,28,41,7,148
2024-03-26 18:00:00,29,32,24,50,8,143
2024-03-26 18:10:00,27,20,26,54,7,134
2024-03-26 18:20:00,30,28,22,40,7,127
2024-03-26 18:30:00,29,34,31,35,5,134
2024-03-26 18:40:00,23,30,18,39,10,120
2024-03-26 18:50:00,24,21,13,21,6,85
2024-03-26 19:00:00,23,33,6,22,3,87
2024-03-26 19:10:00,16,21,8,18,4,67
2024-03-26 19:20:00,17,21,12,26,3,79
2024-03-26 19:30:00,23,23,6,17,2,71
2024-03-26 19:40:00,19,20,9,25,0,73
2024-03-26 19:50:00,19,21,11,23,3,77
2024-03-26 20:00:00,28,24,10,26,1,89
2024-03-26 20:10:00,18,27,12,24,2,83
2024-03-26 20:20:00,12,32,4,25,1,74
2024-03-26 20:30:00,7,23,12,21,0,63
2024-03-26 20:40:00,17,25,13,23,0,78
2024-03-26 20:50:00,14,24,9,26,4,77
2024-03-26 21:00:00,14,22,9,19,1,65
2024-03-26 21:10:00,11,28,8,22,0,69
2024-03-26 21:20:00,14,16,7,20,2,59
2024-03-26 21:30:00,10,24,5,21,3,63
2024-03-26 21:40:00,14,30,2,13,2,61
2024-03-26 21:50:00,14,31,8,17,1,71
2024-03-26 22:00:00,10,24,3,23,2,62
2024-03-26 22:10:00,12,20,3,8,2,45
2024-03-26 22:20:00,12,15,5,20,0,52
2024-03-26 22:30:00,8,15,1,11,0,35
2024-03-26 22:40:00,13,16,3,14,0,46
2024-03-26 22:50:00,10,19,7,14,2,52
2024-03-26 23:00:00,15,12,5,17,1,50
2024-03-26 23:10:00,8,19,2,8,0,37
2024-03-26 23:20:00,7,12,1,9,0,29
2024-03-26 23:30:00,10,10,0,7,0,27
2024-03-26 23:40:00,8,10,3,9,0,30
2024-03-26 23:50:00,9,11,1,4,1,26
2024-03-27 00:00:00,5,4,2,5,1,17
2024-03-27 00:10:00,6,6,2,6,0,20
2024-03-27 00:20:00,1,2,5,7,0,15
2024-03-27 00:30:00,3,6,3,3,0,15
2024-03-27 00:40:00,1,2,0,4,0,7
2024-03-27 00:50:00,0,7,1,3,0,11
2024-03-27 01:00:00,3,1,2,8,0,14
2024-03-27 01:10:00,0,3,1,3,0,7
2024-03-27 01:20:00,1,1,1,2,0,5
2024-03-27 01:30:00,0,2,1,2,0,5
2024-03-27 01:40:00,0,3,0,0,0,3
2024-03-27 01:50:00,0,5,0,1,0,6
2024-03-27 02:00:00,1,2,1,0,0,4
2024-03-27 02:10:00,0,2,0,1,0,3
2024-03-27 02:20:00,0,6,0,4,0,10
2024-03-27 02:30:00,1,3,1,1,0,6
2024-03-27 02:40:00,0,4,0,1,0,5
2024-03-27 02:50:00,0,0,0,2,0,2
2024-03-27 03:00:00,1,4,3,2,0,10
2024-03-27 03:10:00,0,5,0,0,0,5
2024-03-27 03:20:00,0,4,0,0,0,4
2024-03-27 03:30:00,0,8,1,1,0,10
2024-03-27 03:40:00,1,2,2,4,0,9
2024-03-27 03:50:00,1,5,2,1,0,9
2024-03-27 04:00:00,0,4,2,2,0,8
2024-03-27 04:10:00,0,4,0,4,0,8
2024-03-27 04:20:00,3,0,0,3,0,6
2024-03-27 04:30:00,0,0,2,5,0,7
2024-03-27 04:40:00,2,5,2,8,0,17
2024-03-27 04:50:00,1,0,1,9,0,11
2024-03-27 05:00:00,0,3,8,20,0,31
2024-03-27 05:10:00,4,4,9,17,0,34
2024-03-27 05:20:00,1,12,8,19,0,40
2024-03-27 05:30:00,2,12,23,22,0,59
2024-03-27 05:40:00,2,21,15,27,0,65
2024-03-27 05:50:00,0,20,37,29,0,86
2024-03-27 06:00:00,4,13,26,21,0,64
2024-03-27 06:10:00,4,21,31,22,1,79
2024-03-27 06:20:00,4,20,46,30,0,100
2024-03-27 06:30:00,3,19,42,35,0,99
2024-03-27 06:40:00,5,25,43,34,1,108
2024-03-27 06:50:00,8,25,50,41,2,126
2024-03-27 07:00:00,5,19,53,49,5,131
2024-03-27 07:10:00,6,21,57,42,4,130
2024-03-27 07:20:00,6,26,64,47,1,144
2024-03-27 07:30:00,1,33,49,40,2,125
2024-03-27 07:40:00,6,29,46,34,6,121
2024-03-27 07:50:00,7,30,49,52,4,142
2024-03-27 08:00:00,7,27,55,42,3,134
2024-03-27 08:10:00,6,31,55,34,6,132
2024-03-27 08:20:00,1,29,49,37,8,124
2024-03-27 08:30:00,2,35,53,55,6,151
2024-03-27 08:40:00,4,30,52,47,5,138
2024-03-27 08:50:00,2,29,31,47,4,113
2024-03-27 09:00:00,1,26,24,33,8,92
2024-03-27 09:10:00,7,33,45,53,5,143
2024-03-27 09:20:00,0,23,42,47,7,119
2024-03-27 09:30:00,2,29,39,60,4,134
2024-03-27 09:40:00,3,31,48,56,4,142
2024-03-27 09:50:00,1,44,29,52,3,129
2024-03-27 10:00:00,1,32,34,50,4,121
2024-03-27 10:10:00,2,41,40,47,3,133
2024-03-27 10:20:00,3,41,30,39,7,120
2024-03-27 10:30:00,3,49,27,44,3,126
2024-03-27 10:40:00,4,39,45,50,3,141
2024-03-27 10:50:00,1,38,36,47,5,127
2024-03-27 11:00:00,2,45,34,39,8,128
2024-03-27 11:10:00,10,42,32,52,5,141
2024-03-27 11:20:00,1,37,42,45,5,130
2024-03-27 11:30:00,3,31,31,46,8,119
2024-03-27 11:40:00,5,34,30,36,6,111
2024-03-27 11:50:00,1,34,22,32,13,102
2024-03-27 12:00:00,0,47,41,45,6,139
2024-03-27 12:10:00,4,36,40,48,5,133
2024-03-27 12:20:00,3,38,28,48,8,125
2024-03-27 12:30:00,8,34,44,49,7,142
2024-03-27 12:40:00,4,47,37,42,5,135
2024-03-27 12:50:00,3,26,34,38,9,110
2024-03-27 13:00:00,5,41,20,40,8,114
2024-03-27 13:10:00,8,38,29,37,9,121
2024-03-27 13:20:00,3,47,18,45,6,119
2024-03-27 13:30:00,5,46,32,41,5,129
2024-03-27 13:40:00,5,42,39,44,5,135
2024-03-27 13:50:00,5,33,27,47,10,122
2024-03-27 14:00:00,9,46,36,45,6,142
2024-03-27 14:10:00,11,32,27,41,8,119
2024-03-27 14:20:00,11,37,32,51,6,137
2024-03-27 14:30:00,23,36,33,44,5,141
2024-03-27 14:40:00,42,33,28,49,4,156
2024-03-27 14:50:00,28,34,36,55,6,159
2024-03-27 15:00:00,32,32,23,49,4,140
2024-03-27 15:10:00,31,37,35,56,4,163
2024-03-27 15:20:00,35,33,34,43,6,151
2024-03-27 15:30:00,36,46,32,42,4,160
2024-03-27 15:40:00,37,39,42,43,6,167
2024-03-27 15:50:00,32,36,33,47,5,153
2024-03-27 16:00:00,44,49,25,50,6,174
2024-03-27 16:10:00,30,46,27,47,4,154
2024-03-27 16:20:00,41,44,35,56,6,182
2024-03-27 16:30:00,40,43,24,53,4,164
2024-03-27 16:40:00,33,30,30,50,8,151
2024-03-27 16:50:00,36,31,21,33,5,126
2024-03-27 17:00:00,33,27,31,41,6,138
2024-03-27 17:10:00,26,31,18,34,3,112
2024-03-27 17:20:00,29,29,26,26,8,118
2024-03-27 17:30:00,17,14,23,32,9,95
2024-03-27 17:40:00,25,28,23,30,7,113
2024-03-27 17:50:00,21,26,28,21,5,101
2024-03-27 18:00:00,21,34,31,24,4,114
2024-03-27 18:10:00,20,25,26,32,6,109
2024-03-27 18:20:00,16,27,17,39,7,106
2024-03-27 18:30:00,24,33,23,24,4,108
2024-03-27 18:40:00,19,22,21,23,6,91
2024-03-27 18:50:00,23,18,16,21,1,79
2024-03-27 19:00:00,2,18,13,23,3,59
2024-03-27 19:10:00,1,17,20,21,0,59
2024-03-27 19:20:00,4,18,5,20,3,50
2024-03-27 19:30:00,1,18,11,20,3,53
2024-03-27 19:40:00,4,22,7,24,0,57
2024-03-27 19:50:00,3,21,6,19,0,49
2024-03-27 20:00:00,4,19,14,23,2,62
2024-03-27 20:10:00,7,20,15,18,2,62
2024-03-27 20:20:00,7,18,8,21,1,55
2024-03-27 20:30:00,3,20,9,23,0,55
2024-03-27 20:40:00,0,18,15,23,1,57
2024-03-27 20:50:00,5,24,3,18,0,50
2024-03-27 21:00:00,1,33,4,26,0,64
2024-03-27 21:10:00,3,28,9,20,0,60
2024-03-27 21:20:00,0,29,6,26,0,61
2024-03-27 21:30:00,1,24,5,15,0,45
2024-03-27 21:40:00,2,28,10,16,0,56
2024-03-27 21:50:00,3,28,4,17,0,52
2024-03-27 22:00:00,3,35,4,11,1,54
2024-03-27 22:10:00,3,29,8,14,1,55
2024-03-27 22:20:00,1,29,9,13,0,52
2024-03-27 22:30:00,1,25,5,12,0,43
2024-03-27 22:40:00,1,27,2,18,0,48
2024-03-27 22:50:00,2,13,6,13,1,35
2024-03-27 23:00:00,0,31,10,10,0,51
2024-03-27 23:10:00,2,15,9,14,0,40
2024-03-27 23:20:00,1,14,5,11,2,33
2024-03-27 23:30:00,0,18,4,6,0,28
2024-03-27 23:40:00,3,12,1,10,1,27
2024-03-27 23:50:00,0,16,2,7,0,25
2024-03-28 00:00:00,1,7,3,5,0,16
2024-03-28 00:10:00,0,8,2,6,0,16
2024-03-28 00:20:00,1,3,5,3,0,12
2024-03-28 00:30:00,1,9,0,5,0,15
2024-03-28 00:40:00,0,6,0,2,0,8
2024-03-28 00:50:00,2,5,0,2,0,9
2024-03-28 01:00:00,0,7,1,3,0,11
2024-03-28 01:10:00,1,5,2,3,0,11
2024-03-28 01:20:00,1,3,2,4,0,10
2024-03-28 01:30:00,2,4,0,4,0,10
2024-03-28 01:40:00,0,5,1,1,0,7
2024-03-28 01:50:00,0,0,1,3,0,4
2024-03-28 02:00:00,0,2,0,0,0,2
2024-03-28 02:10:00,0,4,0,0,0,4
2024-03-28 02:20:00,0,1,1,1,0,3
2024-03-28 02:30:00,0,2,0,3,0,5
2024-03-28 02:40:00,0,3,1,0,0,4
2024-03-28 02:50:00,0,8,2,5,0,15
2024-03-28 03:00:00,0,5,0,3,0,8
2024-03-28 03:10:00,0,2,0,3,0,5
2024-03-28 03:20:00,0,5,2,1,0,8
2024-03-28 03:30:00,0,0,0,1,0,1
2024-03-28 03:40:00,0,2,0,2,0,4
2024-03-28 03:50:00,0,5,1,2,0,8
2024-03-28 04:00:00,0,5,0,3,0,8
2024-03-28 04:10:00,0,3,0,2,0,5
2024-03-28 04:20:00,1,4,1,4,0,10
2024-03-28 04:30:00,0,2,2,2,0,6
2024-03-28 04:40:00,3,4,1,6,0,14
2024-03-28 04:50:00,1,4,5,8,0,18
2024-03-28 05:00:00,0,3,8,15,0,26
2024-03-28 05:10:00,1,11,10,9,0,31
2024-03-28 05:20:00,1,12,13,13,0,39
2024-03-28 05:30:00,2,15,18,21,0,56
2024-03-28 05:40:00,0,14,29,28,0,71
2024-03-28 05:50:00,4,18,25,20,0,67
2024-03-28 06:00:00,2,13,23,29,0,67
2024-03-28 06:10:00,3,17,30,26,3,79
2024-03-28 06:20:00,3,24,34,25,0,86
2024-03-28 06:30:00,0,20,44,37,0,101
2024-03-28 06:40:00,1,27,42,27,1,98
2024-03-28 06:50:00,10,27,47,35,2,121
2024-03-28 07:00:00,7,31,35,28,4,105
2024-03-28 07:10:00,4,32,42,33,3,114
2024-03-28 07:20:00,5,29,57,41,1,133
2024-03-28 07:30:00,8,31,56,33,3,131
2024-03-28 07:40:00,15,30,47,40,6,138
2024-03-28 07:50:00,8,32,46,51,2,139
2024-03-28 08:00:00,8,35,49,39,5,136
2024-03-28 08:10:00,9,29,40,31,7,116
2024-03-28 08:20:00,9,26,39,33,5,112
2024-03-28 08:30:00,14,24,34,28,4,104
2024-03-28 08:40:00,14,25,45,34,6,124
2024-03-28 08:50:00,7,27,54,37,4,129
2024-03-28 09:00:00,4,25,43,35,5,112
2024-03-28 09:10:00,1,29,38,28,5,101
2024-03-28 09:20:00,1,25,40,37,4,107
2024-03-28 09:30:00,3,24,35,47,5,114
2024-03-28 09:40:00,7,22,36,46,6,117
2024-03-28 09:50:00,2,34,36,54,4,130
2024-03-28 10:00:00,11,22,25,47,6,111
2024-03-28 10:10:00,0,44,40,53,5,142
2024-03-28 10:20:00,6,27,30,44,5,112
2024-03-28 10:30:00,1,33,35,51,1,121
2024-03-28 10:40:00,2,49,43,48,5,147
2024-03-28 10:50:00,14,35,42,58,3,152
2024-03-28 11:00:00,1,43,34,56,2,136
2024-03-28 11:10:00,4,42,38,48,4,136
2024-03-28 11:20:00,3,31,28,42,6,110
2024-03-28 11:30:00,2,33,30,44,5,114
2024-03-28 11:40:00,8,41,35,53,7,144
2024-03-28 11:50:00,5,38,31,46,5,125
2024-03-28 12:00:00,10,38,47,47,7,149
2024-03-28 12:10:00,9,35,30,47,6,127
2024-03-28 12:20:00,8,37,34,59,8,146
2024-03-28 12:30:00,3,39,31,45,6,124
2024-03-28 12:40:00,8,57,30,57,3,155
2024-03-28 12:50:00,14,33,42,54,7,150
2024-03-28 13:00:00,11,38,32,67,10,158
2024-03-28 13:10:00,5,49,36,61,5,156
2024-03-28 13:20:00,10,46,34,47,8,145
2024-03-28 13:30:00,11,31,36,43,7,128
2024-03-28 13:40:00,25,45,28,40,7,145
2024-03-28 13:50:00,10,39,33,46,5,133
2024-03-28 14:00:00,4,43,39,52,2,140
2024-03-28 14:10:00,2,48,31,64,2,147
2024-03-28 14:20:00,10,29,38,65,6,148
2024-03-28 14:30:00,3,42,30,49,4,128
2024-03-28 14:40:00,18,32,23,56,5,134
2024-03-28 14:50:00,41,34,32,71,5,183
2024-03-28 15:00:00,36,38,34,53,5,166
2024-03-28 15:10:00,33,42,23,61,5,164
2024-03-28 15:20:00,42,37,56,72,5,212
2024-03-28 15:30:00,38,41,25,51,5,160
2024-03-28 15:40:00,43,39,29,49,8,168
2024-03-28 15:50:00,37,37,27,51,6,158
2024-03-28 16:00:00,36,38,39,47,5,165
2024-03-28 16:10:00,38,47,33,60,7,185
2024-03-28 16:20:00,43,39,28,42,5,157
2024-03-28 16:30:00,40,46,21,48,6,161
2024-03-28 16:40:00,20,30,39,43,7,139
2024-03-28 16:50:00,33,33,31,54,5,156
2024-03-28 17:00:00,46,39,26,51,9,171
2024-03-28 17:10:00,33,37,27,53,6,156
2024-03-28 17:20:00,36,33,35,54,9,167
2024-03-28 17:30:00,39,28,20,36,10,133
2024-03-28 17:40:00,42,32,20,54,6,154
2024-03-28 17:50:00,26,31,37,61,7,162
2024-03-28 18:00:00,30,28,34,45,7,144
2024-03-28 18:10:00,35,28,32,40,8,143
2024-03-28 18:20:00,22,37,26,49,8,142
2024-03-28 18:30:00,39,40,28,32,5,144
2024-03-28 18:40:00,24,29,19,34,8,114
2024-03-28 18:50:00,24,26,24,36,4,114
2024-03-28 19:00:00,21,26,22,29,3,101
2024-03-28 19:10:00,26,47,18,24,2,117
2024-03-28 19:20:00,22,18,14,20,3,77
2024-03-28 19:30:00,23,40,6,30,0,99
2024-03-28 19:40:00,14,26,10,19,2,71
2024-03-28 19:50:00,18,29,10,22,3,82
2024-03-28 20:00:00,23,27,18,16,1,85
2024-03-28 20:10:00,16,30,12,23,1,82
2024-03-28 20:20:00,21,29,17,23,2,92
2024-03-28 20:30:00,15,18,7,29,2,71
2024-03-28 20:40:00,16,26,12,29,0,83
2024-03-28 20:50:00,10,17,10,21,0,58
2024-03-28 21:00:00,10,27,6,21,2,66
2024-03-28 21:10:00,17,32,14,24,0,87
2024-03-28 21:20:00,12,29,4,23,1,69
2024-03-28 21:30:00,12,33,6,21,0,72
2024-03-28 21:40:00,17,20,5,19,1,62
2024-03-28 21:50:00,18,31,5,22,0,76
2024-03-28 22:00:00,14,21,8,26,0,69
2024-03-28 22:10:00,14,26,13,23,3,79
2024-03-28 22:20:00,12,32,13,18,0,75
2024-03-28 22:30:00,10,17,9,16,0,52
2024-03-28 22:40:00,12,19,6,13,0,50
2024-03-28 22:50:00,8,16,5,11,0,40
2024-03-28 23:00:00,13,19,9,16,0,57
2024-03-28 23:10:00,18,16,8,19,0,61
2024-03-28 23:20:00,8,17,12,12,0,49
2024-03-28 23:30:00,7,22,5,13,1,48
2024-03-28 23:40:00,10,14,5,14,0,43
2024-03-28 23:50:00,8,10,7,12,0,37
2024-03-29 00:00:00,8,15,7,10,0,40
2024-03-29 00:10:00,10,8,4,13,0,35
2024-03-29 00:20:00,6,13,10,12,0,41
2024-03-29 00:30:00,3,11,6,14,0,34
2024-03-29 00:40:00,3,11,3,11,0,28
2024-03-29 00:50:00,7,8,3,7,0,25
2024-03-29 01:00:00,8,5,8,7,0,28
2024-03-29 01:10:00,5,10,4,8,0,27
2024-03-29 01:20:00,5,7,0,4,0,16
2024-03-29 01:30:00,1,6,5,11,0,23
2024-03-29 01:40:00,4,6,4,5,0,19
2024-03-29 01:50:00,1,4,1,6,0,12
2024-03-29 02:00:00,3,4,1,5,0,13
2024-03-29 02:10:00,3,4,1,8,0,16
2024-03-29 02:20:00,2,7,0,3,0,12
2024-03-29 02:30:00,1,2,0,6,0,9
2024-03-29 02:40:00,1,3,0,1,0,5
2024-03-29 02:50:00,1,6,2,2,0,11
2024-03-29 03:00:00,0,4,1,1,0,6
2024-03-29 03:10:00,4,5,3,4,0,16
2024-03-29 03:20:00,0,1,3,2,0,6
2024-03-29 03:30:00,1,2,0,4,0,7
2024-03-29 03:40:00,0,1,2,7,0,10
2024-03-29 03:50:00,1,1,0,1,0,3
2024-03-29 04:00:00,0,5,0,2,0,7
2024-03-29 04:10:00,1,3,0,0,0,4
2024-03-29 04:20:00,1,1,2,2,0,6
2024-03-29 04:30:00,0,4,1,3,0,8
2024-03-29 04:40:00,0,2,0,2,0,4
2024-03-29 04:50:00,0,1,5,8,0,14
2024-03-29 05:00:00,1,0,4,10,0,15
2024-03-29 05:10:00,0,2,3,10,0,15
2024-03-29 05:20:00,2,5,6,10,0,23
2024-03-29 05:30:00,3,6,2,11,0,22
2024-03-29 05:40:00,1,5,4,15,0,25
2024-03-29 05:50:00,2,4,5,9,0,20
2024-03-29 06:00:00,1,2,2,8,0,13
2024-03-29 06:10:00,3,3,2,6,0,14
2024-03-29 06:20:00,3,5,2,13,0,23
2024-03-29 06:30:00,4,6,9,14,0,33
2024-03-29 06:40:00,2,7,3,6,0,18
2024-03-29 06:50:00,7,4,4,11,1,27
2024-03-29 07:00:00,4,9,2,5,0,20
2024-03-29 07:10:00,1,3,3,4,0,11
2024-03-29 07:20:00,1,4,2,6,0,13
2024-03-29 07:30:00,4,4,7,10,0,25
2024-03-29 07:40:00,3,7,4,7,0,21
2024-03-29 07:50:00,5,1,1,6,2,15
2024-03-29 08:00:00,2,9,6,5,0,22
2024-03-29 08:10:00,7,13,2,9,1,32
2024-03-29 08:20:00,6,10,3,9,0,28
2024-03-29 08:30:00,2,3,6,5,0,16
2024-03-29 08:40:00,3,7,9,2,1,22
2024-03-29 08:50:00,4,4,11,10,0,29
2024-03-29 09:00:00,3,10,2,6,0,21
2024-03-29 09:10:00,4,5,8,8,2,27
2024-03-29 09:20:00,4,3,8,16,2,33
2024-03-29 09:30:00,5,11,13,14,1,44
2024-03-29 09:40:00,9,11,12,19,1,52
2024-03-29 09:50:00,10,14,10,17,2,53
2024-03-29 10:00:00,7,12,5,13,3,40
2024-03-29 10:10:00,5,15,15,29,2,66
2024-03-29 10:20:00,11,17,10,17,1,56
2024-03-29 10:30:00,5,9,5,17,3,39
2024-03-29 10:40:00,10,12,13,18,2,55
2024-03-29 10:50:00,9,15,20,21,0,65
2024-03-29 11:00:00,10,15,6,16,0,47
2024-03-29 11:10:00,12,13,14,30,1,70
2024-03-29 11:20:00,12,18,12,20,2,64
2024-03-29 11:30:00,12,19,10,22,4,67
2024-03-29 11:40:00,15,21,8,24,1,69
2024-03-29 11:50:00,17,19,12,22,2,72
2024-03-29 12:00:00,10,25,16,32,2,85
2024-03-29 12:10:00,22,23,16,35,2,98
2024-03-29 12:20:00,14,17,21,30,0,82
2024-03-29 12:30:00,9,22,25,50,0,106
2024-03-29 12:40:00,13,17,23,44,2,99
2024-03-29 12:50:00,13,26,17,40,2,98
2024-03-29 13:00:00,12,26,15,32,3,88
2024-03-29 13:10:00,16,18,12,27,1,74
2024-03-29 13:20:00,21,20,20,28,2,91
2024-03-29 13:30:00,21,22,19,32,3,97
2024-03-29 13:40:00,15,25,24,39,3,106
2024-03-29 13:50:00,17,25,16,33,3,94
2024-03-29 14:00:00,17,25,19,35,3,99
2024-03-29 14:10:00,17,27,18,31,2,95
2024-03-29 14:20:00,18,32,13,25,3,91
2024-03-29 14:30:00,22,34,16,29,2,103
2024-03-29 14:40:00,15,21,19,38,5,98
2024-03-29 14:50:00,13,30,13,25,2,83
2024-03-29 15:00:00,16,26,12,25,3,82
2024-03-29 15:10:00,11,19,20,35,2,87
2024-03-29 15:20:00,14,19,9,23,2,67
2024-03-29 15:30:00,6,23,16,25,4,74
2024-03-29 15:40:00,14,28,8,32,3,85
2024-03-29 15:50:00,8,31,9,26,1,75
2024-03-29 16:00:00,7,16,14,30,2,69
2024-03-29 16:10:00,11,24,16,28,1,80
2024-03-29 16:20:00,4,22,5,24,4,59
2024-03-29 16:30:00,11,23,15,30,6,85
2024-03-29 16:40:00,7,35,15,30,2,89
2024-03-29 16:50:00,4,21,13,28,1,67
2024-03-29 17:00:00,8,20,10,27,1,66
2024-03-29 17:10:00,10,38,14,27,1,90
2024-03-29 17:20:00,7,29,12,26,6,80
2024-03-29 17:30:00,4,25,19,20,3,71
2024-03-29 17:40:00,7,26,10,33,3,79
2024-03-29 17:50:00,6,24,18,21,5,74
2024-03-29 18:00:00,7,26,15,26,5,79
2024-03-29 18:10:00,11,26,19,23,6,85
2024-03-29 18:20:00,9,23,19,23,3,77
2024-03-29 18:30:00,9,26,21,25,4,85
2024-03-29 18:40:00,5,29,11,21,4,70
2024-03-29 18:50:00,9,30,18,24,4,85
2024-03-29 19:00:00,8,15,10,16,3,52
2024-03-29 19:10:00,9,25,10,18,1,63
2024-03-29 19:20:00,8,20,10,20,0,58
2024-03-29 19:30:00,7,18,8,20,0,53
2024-03-29 19:40:00,4,14,5,25,1,49
2024-03-29 19:50:00,5,18,6,28,0,57
2024-03-29 20:00:00,6,20,5,18,2,51
2024-03-29 20:10:00,12,20,4,16,2,54
2024-03-29 20:20:00,3,15,9,18,0,45
2024-03-29 20:30:00,4,18,8,18,0,48
2024-03-29 20:40:00,2,18,6,25,0,51
2024-03-29 20:50:00,2,15,9,18,0,44
2024-03-29 21:00:00,4,13,2,18,0,37
2024-03-29 21:10:00,3,14,2,19,0,38
2024-03-29 21:20:00,8,12,7,14,1,42
2024-03-29 21:30:00,9,21,7,20,0,57
2024-03-29 21:40:00,9,18,7,18,0,52
2024-03-29 21:50:00,6,24,2,16,0,48
2024-03-29 22:00:00,3,20,5,19,0,47
2024-03-29 22:10:00,9,8,2,17,0,36
2024-03-29 22:20:00,3,22,3,12,0,40
2024-03-29 22:30:00,5,13,5,15,0,38
2024-03-29 22:40:00,4,18,3,13,0,38
2024-03-29 22:50:00,4,16,3,13,1,37
2024-03-29 23:00:00,3,17,5,16,0,41
2024-03-29 23:10:00,4,12,1,6,0,23
2024-03-29 23:20:00,0,15,1,13,0,29
2024-03-29 23:30:00,2,10,2,7,0,21
2024-03-29 23:40:00,4,7,2,9,0,22
2024-03-29 23:50:00,4,15,1,7,0,27
2024-03-30 00:00:00,1,7,1,14,0,23
2024-03-30 00:10:00,4,11,2,9,0,26
2024-03-30 00:20:00,3,12,4,13,0,32
2024-03-30 00:30:00,1,11,0,9,0,21
2024-03-30 00:40:00,1,7,0,6,0,14
2024-03-30 00:50:00,1,10,0,5,0,16
2024-03-30 01:00:00,5,6,1,6,0,18
2024-03-30 01:10:00,2,7,0,3,0,12
2024-03-30 01:20:00,1,5,3,4,0,13
2024-03-30 01:30:00,1,6,2,6,0,15
2024-03-30 01:40:00,0,3,0,4,0,7
2024-03-30 01:50:00,0,6,1,5,0,12
2024-03-30 02:00:00,0,3,0,4,0,7
2024-03-30 02:10:00,0,5,0,2,0,7
2024-03-30 02:20:00,2,7,2,1,0,12
2024-03-30 02:30:00,0,5,0,3,0,8
2024-03-30 02:40:00,1,4,0,6,0,11
2024-03-30 02:50:00,0,5,2,3,0,10
2024-03-30 03:00:00,0,1,1,5,0,7
2024-03-30 03:10:00,1,8,0,3,0,12
2024-03-30 03:20:00,0,3,0,6,0,9
2024-03-30 03:30:00,0,6,0,5,0,11
2024-03-30 03:40:00,0,5,0,2,0,7
2024-03-30 03:50:00,0,2,4,6,0,12
2024-03-30 04:00:00,0,5,5,6,0,16
2024-03-30 04:10:00,2,5,0,1,0,8
2024-03-30 04:20:00,1,3,2,4,0,10
2024-03-30 04:30:00,1,1,3,5,0,10
2024-03-30 04:40:00,0,3,2,6,0,11
2024-03-30 04:50:00,0,5,1,6,0,12
2024-03-30 05:00:00,0,4,0,5,0,9
2024-03-30 05:10:00,2,3,4,13,0,22
2024-03-30 05:20:00,2,7,2,6,0,17
2024-03-30 05:30:00,0,4,5,14,0,23
2024-03-30 05:40:00,0,4,5,19,0,28
2024-03-30 05:50:00,1,9,3,10,0,23
2024-03-30 06:00:00,0,4,3,10,1,18
2024-03-30 06:10:00,1,4,4,10,0,19
2024-03-30 06:20:00,0,5,6,12,0,23
2024-03-30 06:30:00,0,4,5,14,0,23
2024-03-30 06:40:00,3,16,3,10,1,33
2024-03-30 06:50:00,0,13,7,13,1,34
2024-03-30 07:00:00,2,8,4,10,0,24
2024-03-30 07:10:00,1,5,4,9,0,19
2024-03-30 07:20:00,1,18,10,15,1,45
2024-03-30 07:30:00,1,9,13,17,0,40
2024-03-30 07:40:00,2,12,5,18,0,37
2024-03-30 07:50:00,4,13,5,14,2,38
2024-03-30 08:00:00,5,14,5,21,1,46
2024-03-30 08:10:00,5,12,5,13,0,35
2024-03-30 08:20:00,3,12,14,25,3,57
2024-03-30 08:30:00,3,21,9,28,2,63
2024-03-30 08:40:00,0,21,11,30,0,62
2024-03-30 08:50:00,2,14,11,32,1,60
2024-03-30 09:00:00,3,22,10,26,0,61
2024-03-30 09:10:00,6,25,13,33,3,80
2024-03-30 09:20:00,4,24,17,25,4,74
2024-03-30 09:30:00,5,25,7,32,3,72
2024-03-30 09:40:00,4,19,17,42,4,86
2024-03-30 09:50:00,4,37,29,45,4,119
2024-03-30 10:00:00,2,29,33,42,3,109
2024-03-30 10:10:00,4,37,14,24,5,84
2024-03-30 10:20:00,2,26,21,32,5,86
2024-03-30 10:30:00,1,35,31,46,4,117
2024-03-30 10:40:00,4,33,31,54,7,129
2024-03-30 10:50:00,3,33,37,50,3,126
2024-03-30 11:00:00,0,37,21,45,3,106
2024-03-30 11:10:00,1,38,18,41,4,102
2024-03-30 11:20:00,0,40,18,44,5,107
2024-03-30 11:30:00,1,48,19,53,1,122
2024-03-30 11:40:00,2,48,24,25,6,105
2024-03-30 11:50:00,0,35,27,43,3,108
2024-03-30 12:00:00,3,34,18,41,3,99
2024-03-30 12:10:00,11,50,17,41,5,124
2024-03-30 12:20:00,3,42,15,30,5,95
2024-03-30 12:30:00,5,35,30,48,7,125
2024-03-30 12:40:00,3,35,33,43,4,118
2024-03-30 12:50:00,1,42,29,51,5,128
2024-03-30 13:00:00,1,38,20,49,6,114
2024-03-30 13:10:00,18,37,27,37,7,126
2024-03-30 13:20:00,1,40,31,37,8,117
2024-03-30 13:30:00,1,27,19,36,8,91
2024-03-30 13:40:00,6,37,21,36,3,103
2024-03-30 13:50:00,2,27,33,53,8,123
2024-03-30 14:00:00,5,51,26,34,4,120
2024-03-30 14:10:00,0,38,22,32,8,100
2024-03-30 14:20:00,2,46,18,44,4,114
2024-03-30 14:30:00,1,36,21,34,5,97
2024-03-30 14:40:00,6,27,19,32,7,91
2024-03-30 14:50:00,3,44,20,39,4,110
2024-03-30 15:00:00,5,35,27,45,7,119
2024-03-30 15:10:00,1,32,24,40,6,103
2024-03-30 15:20:00,9,34,18,31,7,99
2024-03-30 15:30:00,1,28,20,48,4,101
2024-03-30 15:40:00,4,44,30,37,3,118
2024-03-30 15:50:00,0,39,16,40,4,99
2024-03-30 16:00:00,2,39,10,26,6,83
2024-03-30 16:10:00,3,39,18,45,5,110
2024-03-30 16:20:00,1,32,13,32,8,86
2024-03-30 16:30:00,3,38,10,35,5,91
2024-03-30 16:40:00,2,34,23,38,6,103
2024-03-30 16:50:00,2,41,18,43,3,107
2024-03-30 17:00:00,0,38,22,26,4,90
2024-03-30 17:10:00,5,38,14,33,8,98
2024-03-30 17:20:00,2,40,14,29,4,89
2024-03-30 17:30:00,1,34,14,36,5,90
2024-03-30 17:40:00,3,32,22,42,5,104
2024-03-30 17:50:00,7,37,15,29,8,96
2024-03-30 18:00:00,1,43,14,34,5,97
2024-03-30 18:10:00,6,33,14,12,5,70
2024-03-30 18:20:00,5,35,21,25,9,95
2024-03-30 18:30:00,1,35,19,35,4,94
2024-03-30 18:40:00,1,30,8,21,6,66
2024-03-30 18:50:00,5,27,22,32,3,89
2024-03-30 19:00:00,1,28,13,23,5,70
2024-03-30 19:10:00,3,25,5,24,1,58
2024-03-30 19:20:00,2,43,12,25,4,86
2024-03-30 19:30:00,0,29,12,14,3,58
2024-03-30 19:40:00,0,25,11,23,2,61
2024-03-30 19:50:00,3,34,8,24,0,69
2024-03-30 20:00:00,7,32,22,28,2,91
2024-03-30 20:10:00,5,29,13,26,2,75
2024-03-30 20:20:00,4,29,8,21,0,62
2024-03-30 20:30:00,5,30,22,28,0,85
2024-03-30 20:40:00,0,20,8,14,0,42
2024-03-30 20:50:00,0,19,10,22,0,51
2024-03-30 21:00:00,0,33,3,30,0,66
2024-03-30 21:10:00,2,29,3,14,1,49
2024-03-30 21:20:00,2,19,4,18,0,43
2024-03-30 21:30:00,2,37,4,15,0,58
2024-03-30 21:40:00,0,35,10,24,2,71
2024-03-30 21:50:00,1,27,8,23,0,59
2024-03-30 22:00:00,2,37,7,22,1,69
2024-03-30 22:10:00,6,33,6,17,2,64
2024-03-30 22:20:00,0,34,2,15,2,53
2024-03-30 22:30:00,1,30,5,17,0,53
2024-03-30 22:40:00,0,22,8,14,0,44
2024-03-30 22:50:00,1,24,8,13,0,46
2024-03-30 23:00:00,1,21,0,12,0,34
2024-03-30 23:10:00,2,22,2,15,0,41
2024-03-30 23:20:00,2,20,7,17,0,46
2024-03-30 23:30:00,0,12,6,11,0,29
2024-03-30 23:40:00,0,24,4,15,0,43
2024-03-30 23:50:00,0,11,0,17,0,28
2024-03-31 00:00:00,1,16,0,8,0,25
2024-03-31 00:10:00,1,15,4,11,0,31
2024-03-31 00:20:00,0,18,1,6,0,25
2024-03-31 00:30:00,0,13,2,12,0,27
2024-03-31 00:40:00,0,10,3,8,0,21
2024-03-31 00:50:00,2,24,3,7,0,36
2024-03-31 01:00:00,0,15,3,10,0,28
2024-03-31 01:10:00,0,5,3,11,0,19
2024-03-31 01:20:00,0,9,0,10,0,19
2024-03-31 01:30:00,3,4,1,5,0,13
2024-03-31 01:40:00,1,6,1,6,0,14
2024-03-31 01:50:00,0,3,0,5,0,8
2024-03-31 02:00:00,0,0,0,0,0,0
2024-03-31 02:10:00,0,0,0,0,0,0
2024-03-31 02:20:00,0,0,0,0,0,0
2024-03-31 02:30:00,0,0,0,0,0,0
2024-03-31 02:40:00,0,0,0,0,0,0
2024-03-31 02:50:00,0,0,0,0,0,0
2024-03-31 03:00:00,0,0,0,0,0,0
2024-03-31 03:10:00,0,0,0,0,0,0
2024-03-31 03:20:00,0,0,0,0,0,0
2024-03-31 03:30:00,0,0,0,0,0,0
2024-03-31 03:40:00,0,0,0,0,0,0
2024-03-31 03:50:00,0,0,0,0,0,0
2024-03-31 04:00:00,2,8,0,3,0,13
2024-03-31 04:10:00,0,4,3,10,0,17
2024-03-31 04:20:00,0,5,4,8,0,17
2024-03-31 04:30:00,12,7,0,5,0,24
2024-03-31 04:40:00,34,7,2,9,0,52
2024-03-31 04:50:00,62,6,0,6,0,74
2024-03-31 05:00:00,33,6,3,10,0,52
2024-03-31 05:10:00,9,4,6,10,0,29
2024-03-31 05:20:00,37,6,4,16,0,63
2024-03-31 05:30:00,33,4,2,11,0,50
2024-03-31 05:40:00,33,13,1,12,0,59
2024-03-31 05:50:00,7,9,2,9,0,27
2024-03-31 06:00:00,7,8,2,6,0,23
2024-03-31 06:10:00,1,12,3,12,0,28
2024-03-31 06:20:00,0,6,3,12,0,21
2024-03-31 06:30:00,5,15,6,10,0,36
2024-03-31 06:40:00,1,11,2,5,0,19
2024-03-31 06:50:00,1,7,3,7,0,18
2024-03-31 07:00:00,1,7,3,2,1,14
2024-03-31 07:10:00,0,6,0,3,0,9
2024-03-31 07:20:00,0,6,0,2,0,8
2024-03-31 07:30:00,0,3,3,6,0,12
2024-03-31 07:40:00,0,7,4,6,0,17
2024-03-31 07:50:00,0,5,4,9,0,18
2024-03-31 08:00:00,0,5,2,5,0,12
2024-03-31 08:10:00,0,1,2,3,0,6
2024-03-31 08:20:00,0,12,4,6,0,22
2024-03-31 08:30:00,0,3,5,9,1,18
2024-03-31 08:40:00,0,11,2,6,1,20
2024-03-31 08:50:00,0,11,6,12,0,29
2024-03-31 09:00:00,0,14,2,9,1,26
2024-03-31 09:10:00,0,12,8,18,1,39
2024-03-31 09:20:00,0,14,5,22,1,42
2024-03-31 09:30:00,0,13,9,16,1,39
2024-03-31 09:40:00,0,22,6,12,1,41
2024-03-31 09:50:00,2,12,13,20,0,47
2024-03-31 10:00:00,1,22,10,19,4,56
2024-03-31 10:10:00,0,20,8,25,1,54
2024-03-31 10:20:00,1,20,10,22,2,55
2024-03-31 10:30:00,0,24,6,21,1,52
2024-03-31 10:40:00,1,33,12,28,2,76
2024-03-31 10:50:00,2,31,12,20,0,65
2024-03-31 11:00:00,2,19,10,19,1,51
2024-03-31 11:10:00,1,25,8,26,2,62
2024-03-31 11:20:00,0,25,16,23,1,65
2024-03-31 11:30:00,1,31,7,26,3,68
2024-03-31 11:40:00,2,28,16,30,0,76
2024-03-31 11:50:00,3,40,15,22,4,84
2024-03-31 12:00:00,5,38,11,22,2,78
2024-03-31 12:10:00,3,24,7,27,3,64
2024-03-31 12:20:00,8,27,11,20,6,72
2024-03-31 12:30:00,5,29,15,31,5,85
2024-03-31 12:40:00,4,27,15,28,3,77
2024-03-31 12:50:00,6,28,11,23,4,72
2024-03-31 13:00:00,4,32,8,33,2,79
2024-03-31 13:10:00,8,33,13,31,2,87
2024-03-31 13:20:00,10,29,11,24,5,79
2024-03-31 13:30:00,5,21,16,36,2,80
2024-03-31 13:40:00,5,28,10,31,3,77
2024-03-31 13:50:00,10,33,8,25,0,76
2024-03-31 14:00:00,4,32,7,22,6,71
2024-03-31 14:10:00,7,25,11,25,5,73
2024-03-31 14:20:00,9,31,9,36,3,88
2024-03-31 14:30:00,7,25,13,28,6,79
2024-03-31 14:40:00,4,31,14,26,6,81
2024-03-31 14:50:00,7,36,14,30,2,89
2024-03-31 15:00:00,3,21,13,28,2,67
2024-03-31 15:10:00,8,17,11,29,7,72
2024-03-31 15:20:00,5,26,12,34,3,80
2024-03-31 15:30:00,12,23,15,29,3,82
2024-03-31 15:40:00,2,24,11,30,3,70
2024-03-31 15:50:00,7,37,12,27,2,85
2024-03-31 16:00:00,7,27,13,36,2,85
2024-03-31 16:10:00,6,35,10,19,7,77
2024-03-31 16:20:00,6,26,17,31,1,81
2024-03-31 16:30:00,8,26,11,20,2,67
2024-03-31 16:40:00,5,25,21,33,0,84
2024-03-31 16:50:00,5,27,19,33,7,91
2024-03-31 17:00:00,8,31,13,33,0,85
2024-03-31 17:10:00,6,24,11,23,3,67
2024-03-31 17:20:00,4,29,16,34,4,87
2024-03-31 17:30:00,6,24,13,37,5,85
2024-03-31 17:40:00,7,30,16,36,3,92
2024-03-31 17:50:00,9,28,11,26,7,81
2024-03-31 18:00:00,6,30,9,24,3,72
2024-03-31 18:10:00,7,20,8,17,5,57
2024-03-31 18:20:00,4,23,12,25,3,67
2024-03-31 18:30:00,2,23,15,34,3,77
2024-03-31 18:40:00,9,30,12,22,5,78
2024-03-31 18:50:00,7,18,17,21,4,67
2024-03-31 19:00:00,13,38,17,33,5,106
2024-03-31 19:10:00,7,27,15,30,4,83
2024-03-31 19:20:00,9,28,14,30,4,85
2024-03-31 19:30:00,10,25,16,28,5,84
2024-03-31 19:40:00,9,20,16,35,2,82
2024-03-31 19:50:00,6,25,12,18,8,69
2024-03-31 20:00:00,7,18,12,19,4,60
2024-03-31 20:10:00,7,30,11,19,0,67
2024-03-31 20:20:00,11,23,14,20,1,69
2024-03-31 20:30:00,5,25,20,21,0,71
2024-03-31 20:40:00,4,19,9,16,1,49
2024-03-31 20:50:00,3,25,11,21,0,60
2024-03-31 21:00:00,4,17,11,24,1,57
2024-03-31 21:10:00,7,16,17,29,1,70
2024-03-31 21:20:00,4,29,12,30,1,76
2024-03-31 21:30:00,6,28,14,29,2,79
2024-03-31 21:40:00,7,30,7,24,0,68
2024-03-31 21:50:00,5,23,11,19,0,58
2024-03-31 22:00:00,6,28,11,20,0,65
2024-03-31 22:10:00,3,22,11,17,2,55
2024-03-31 22:20:00,6,25,9,15,2,57
2024-03-31 22:30:00,7,22,11,24,0,64
2024-03-31 22:40:00,4,21,9,14,0,48
2024-03-31 22:50:00,4,17,5,15,0,41
2024-03-31 23:00:00,6,20,4,12,0,42
2024-03-31 23:10:00,4,14,5,11,0,34
2024-03-31 23:20:00,3,22,5,9,0,39
2024-03-31 23:30:00,6,13,5,20,0,44
2024-03-31 23:40:00,3,22,2,12,0,39
2024-03-31 23:50:00,1,6,2,9,0,18
2024-04-01 00:00:00,1,8,3,10,0,22
2024-04-01 00:10:00,0,8,2,11,0,21
2024-04-01 00:20:00,2,8,0,10,0,20
2024-04-01 00:30:00,1,8,0,6,0,15
2024-04-01 00:40:00,1,6,2,7,1,17
2024-04-01 00:50:00,3,11,4,5,0,23
2024-04-01 01:00:00,2,9,4,10,0,25
2024-04-01 01:10:00,0,9,2,9,0,20
2024-04-01 01:20:00,2,4,2,7,0,15
2024-04-01 01:30:00,1,4,1,7,0,13
2024-04-01 01:40:00,2,8,2,6,0,18
2024-04-01 01:50:00,0,4,1,3,0,8
2024-04-01 02:00:00,0,5,2,3,0,10
2024-04-01 02:10:00,0,2,1,8,0,11
2024-04-01 02:20:00,0,1,1,3,0,5
2024-04-01 02:30:00,0,8,4,7,0,19
2024-04-01 02:40:00,0,8,2,7,0,17
2024-04-01 02:50:00,1,3,0,4,0,8
2024-04-01 03:00:00,0,1,0,4,0,5
2024-04-01 03:10:00,0,5,6,8,0,19
2024-04-01 03:20:00,1,4,3,5,0,13
2024-04-01 03:30:00,2,1,2,5,0,10
2024-04-01 03:40:00,14,2,1,2,0,19
2024-04-01 03:50:00,19,2,5,9,0,35
2024-04-01 04:00:00,13,4,2,5,0,24
2024-04-01 04:10:00,1,1,0,3,0,5
2024-04-01 04:20:00,5,2,2,4,0,13
2024-04-01 04:30:00,2,3,1,5,0,11
2024-04-01 04:40:00,21,3,0,3,0,27
2024-04-01 04:50:00,40,2,0,3,0,45
2024-04-01 05:00:00,46,4,2,6,0,58
2024-04-01 05:10:00,5,3,2,6,0,16
2024-04-01 05:20:00,16,6,6,11,0,39
2024-04-01 05:30:00,8,6,7,9,0,30
2024-04-01 05:40:00,6,6,4,9,0,25
2024-04-01 05:50:00,41,4,5,11,0,61
2024-04-01 06:00:00,37,6,5,9,0,57
2024-04-01 06:10:00,21,12,1,16,0,50
2024-04-01 06:20:00,11,8,4,9,0,32
2024-04-01 06:30:00,36,10,3,6,0,55
2024-04-01 06:40:00,10,8,1,4,0,23
2024-04-01 06:50:00,4,9,4,6,0,23
2024-04-01 07:00:00,2,4,4,9,0,19
2024-04-01 07:10:00,0,5,2,5,0,12
2024-04-01 07:20:00,0,2,6,10,0,18
2024-04-01 07:30:00,0,7,5,7,0,19
2024-04-01 07:40:00,0,8,6,9,0,23
2024-04-01 07:50:00,0,10,2,11,0,23
2024-04-01 08:00:00,0,7,2,3,0,12
2024-04-01 08:10:00,2,6,9,11,0,28
2024-04-01 08:20:00,0,8,6,11,1,26
2024-04-01 08:30:00,0,4,7,10,0,21
2024-04-01 08:40:00,2,9,5,11,0,27
2024-04-01 08:50:00,0,5,3,10,0,18
2024-04-01 09:00:00,1,6,5,16,1,29
2024-04-01 09:10:00,1,4,6,7,1,19
2024-04-01 09:20:00,1,5,10,18,0,34
2024-04-01 09:30:00,0,12,9,12,1,34
2024-04-01 09:40:00,0,13,8,9,1,31
2024-04-01 09:50:00,1,11,10,11,2,35
2024-04-01 10:00:00,7,11,8,18,2,46
2024-04-01 10:10:00,5,14,11,9,2,41
2024-04-01 10:20:00,1,14,9,6,0,30
2024-04-01 10:30:00,7,20,13,22,2,64
2024-04-01 10:40:00,4,12,15,14,1,46
2024-04-01 10:50:00,6,18,17,17,0,58
2024-04-01 11:00:00,5,11,15,23,1,55
2024-04-01 11:10:00,3,25,14,17,1,60
2024-04-01 11:20:00,4,15,12,16,1,48
2024-04-01 11:30:00,2,21,14,15,3,55
2024-04-01 11:40:00,2,26,26,21,0,75
2024-04-01 11:50:00,2,22,12,20,1,57
2024-04-01 12:00:00,3,19,18,19,4,63
2024-04-01 12:10:00,4,21,20,15,3,63
2024-04-01 12:20:00,11,21,16,15,1,64
2024-04-01 12:30:00,12,30,17,20,3,82
2024-04-01 12:40:00,7,26,18,19,5,75
2024-04-01 12:50:00,6,22,23,32,2,85
2024-04-01 13:00:00,6,21,15,30,5,77
2024-04-01 13:10:00,3,30,17,24,2,76
2024-04-01 13:20:00,3,28,13,30,1,75
2024-04-01 13:30:00,5,20,14,30,5,74
2024-04-01 13:40:00,6,22,15,22,2,67
2024-04-01 13:50:00,5,24,12,27,4,72
2024-04-01 14:00:00,9,28,15,24,1,77
2024-04-01 14:10:00,10,31,17,34,1,93
2024-04-01 14:20:00,7,32,18,23,1,81
2024-04-01 14:30:00,4,29,11,24,3,71
2024-04-01 14:40:00,9,36,13,15,2,75
2024-04-01 14:50:00,8,28,24,22,4,86
2024-04-01 15:00:00,3,28,26,20,0,77
2024-04-01 15:10:00,5,25,15,21,2,68
2024-04-01 15:20:00,4,26,22,25,2,79
2024-04-01 15:30:00,5,29,23,22,5,84
2024-04-01 15:40:00,7,37,18,21,2,85
2024-04-01 15:50:00,10,19,18,26,2,75
2024-04-01 16:00:00,5,35,23,23,4,90
2024-04-01 16:10:00,7,22,20,20,5,74
2024-04-01 16:20:00,9,29,28,27,3,96
2024-04-01 16:30:00,13,34,16,13,5,81
2024-04-01 16:40:00,5,25,17,26,2,75
2024-04-01 16:50:00,13,35,14,22,5,89
2024-04-01 17:00:00,7,27,14,22,2,72
2024-04-01 17:10:00,6,34,26,30,2,98
2024-04-01 17:20:00,7,41,23,38,3,112
2024-04-01 17:30:00,14,32,20,32,2,100
2024-04-01 17:40:00,8,32,18,33,6,97
2024-04-01 17:50:00,6,28,13,25,3,75
2024-04-01 18:00:00,7,31,18,25,5,86
2024-04-01 18:10:00,7,25,16,28,2,78
2024-04-01 18:20:00,2,25,18,28,5,78
2024-04-01 18:30:00,4,26,20,23,4,77
2024-04-01 18:40:00,7,35,19,26,3,90
2024-04-01 18:50:00,6,25,18,23,4,76
2024-04-01 19:00:00,7,29,22,37,2,97
2024-04-01 19:10:00,7,30,18,17,7,79
2024-04-01 19:20:00,8,30,21,28,3,90
2024-04-01 19:30:00,7,26,24,21,2,80
2024-04-01 19:40:00,10,25,19,25,4,83
2024-04-01 19:50:00,3,17,19,23,4,66
2024-04-01 20:00:00,7,21,16,19,1,64
2024-04-01 20:10:00,13,17,13,21,0,64
2024-04-01 20:20:00,17,16,11,28,0,72
2024-04-01 20:30:00,13,16,9,19,0,57
2024-04-01 20:40:00,12,10,14,21,0,57
2024-04-01 20:50:00,8,14,14,23,0,59
2024-04-01 21:00:00,8,12,9,22,0,51
2024-04-01 21:10:00,14,15,20,30,0,79
2024-04-01 21:20:00,15,13,13,26,1,68
2024-04-01 21:30:00,7,19,18,24,0,68
2024-04-01 21:40:00,9,19,8,16,4,56
2024-04-01 21:50:00,11,13,10,18,0,52
2024-04-01 22:00:00,13,19,4,12,0,48
2024-04-01 22:10:00,13,18,8,12,0,51
2024-04-01 22:20:00,10,15,5,14,0,44
2024-04-01 22:30:00,12,16,13,14,0,55
2024-04-01 22:40:00,8,17,6,8,0,39
2024-04-01 22:50:00,5,12,3,8,1,29
2024-04-01 23:00:00,7,23,3,10,0,43
2024-04-01 23:10:00,14,21,9,10,0,54
2024-04-01 23:20:00,5,10,8,13,0,36
2024-04-01 23:30:00,6,11,6,13,0,36
2024-04-01 23:40:00,4,15,1,9,0,29
2024-04-01 23:50:00,3,19,3,6,1,32
2024-04-02 00:00:00,6,10,4,5,0,25
2024-04-02 00:10:00,6,16,5,10,0,37
2024-04-02 00:20:00,2,12,3,7,1,25
2024-04-02 00:30:00,1,8,4,1,0,14
2024-04-02 00:40:00,1,5,0,6,0,12
2024-04-02 00:50:00,4,7,3,10,0,24
2024-04-02 01:00:00,3,9,4,4,1,21
2024-04-02 01:10:00,0,1,0,4,0,5
2024-04-02 01:20:00,3,3,1,2,0,9
2024-04-02 01:30:00,2,2,2,10,0,16
2024-04-02 01:40:00,2,2,3,3,0,10
2024-04-02 01:50:00,0,8,2,2,0,12
2024-04-02 02:00:00,1,2,0,2,0,5
2024-04-02 02:10:00,0,9,0,3,0,12
2024-04-02 02:20:00,0,4,0,0,0,4
2024-04-02 02:30:00,1,2,2,1,0,6
2024-04-02 02:40:00,0,5,0,3,0,8
2024-04-02 02:50:00,2,2,2,3,0,9
2024-04-02 03:00:00,0,1,0,3,0,4
2024-04-02 03:10:00,1,2,0,1,0,4
2024-04-02 03:20:00,1,2,1,1,0,5
2024-04-02 03:30:00,0,0,1,3,0,4
2024-04-02 03:40:00,1,1,0,4,0,6
2024-04-02 03:50:00,0,1,1,5,0,7
2024-04-02 04:00:00,1,2,0,0,0,3
2024-04-02 04:10:00,2,2,0,5,0,9
2024-04-02 04:20:00,2,4,1,3,0,10
2024-04-02 04:30:00,3,4,5,9,0,21
2024-04-02 04:40:00,4,8,4,10,0,26
2024-04-02 04:50:00,2,3,2,10,0,17
2024-04-02 05:00:00,1,3,9,21,0,34
2024-04-02 05:10:00,3,3,8,14,0,28
2024-04-02 05:20:00,0,7,12,15,0,34
2024-04-02 05:30:00,3,14,27,20,0,64
2024-04-02 05:40:00,5,19,25,26,0,75
2024-04-02 05:50:00,4,18,22,20,0,64
2024-04-02 06:00:00,3,28,26,23,0,80
2024-04-02 06:10:00,2,19,24,19,0,64
2024-04-02 06:20:00,4,22,30,20,0,76
2024-04-02 06:30:00,7,20,26,26,0,79
2024-04-02 06:40:00,4,28,46,28,0,106
2024-04-02 06:50:00,0,13,40,24,1,78
2024-04-02 07:00:00,5,20,31,24,3,83
2024-04-02 07:10:00,6,25,39,24,2,96
2024-04-02 07:20:00,5,19,51,42,2,119
2024-04-02 07:30:00,4,24,54,46,3,131
2024-04-02 07:40:00,4,29,42,50,4,129
2024-04-02 07:50:00,10,36,43,37,7,133
2024-04-02 08:00:00,11,29,29,18,6,93
2024-04-02 08:10:00,8,24,17,31,6,86
2024-04-02 08:20:00,4,25,49,34,8,120
2024-04-02 08:30:00,5,34,43,41,4,127
2024-04-02 08:40:00,4,35,44,34,3,120
2024-04-02 08:50:00,7,35,42,47,2,133
2024-04-02 09:00:00,0,34,42,38,6,120
2024-04-02 09:10:00,3,35,29,30,2,99
2024-04-02 09:20:00,3,30,26,24,2,85
2024-04-02 09:30:00,2,32,28,36,4,102
2024-04-02 09:40:00,1,32,32,54,4,123
2024-04-02 09:50:00,0,48,31,58,3,140
2024-04-02 10:00:00,1,24,35,44,4,108
2024-04-02 10:10:00,1,41,31,41,6,120
2024-04-02 10:20:00,2,48,36,44,2,132
2024-04-02 10:30:00,1,44,28,37,4,114
2024-04-02 10:40:00,0,46,33,43,6,128
2024-04-02 10:50:00,1,38,32,44,2,117
2024-04-02 11:00:00,3,39,24,55,4,125
2024-04-02 11:10:00,0,45,46,66,2,159
2024-04-02 11:20:00,0,33,25,29,8,95
2024-04-02 11:30:00,0,31,37,48,3,119
2024-04-02 11:40:00,0,36,29,50,5,120
2024-04-02 11:50:00,0,36,29,49,1,115
2024-04-02 12:00:00,0,30,28,41,8,107
2024-04-02 12:10:00,1,40,20,39,6,106
2024-04-02 12:20:00,4,39,33,42,6,124
2024-04-02 12:30:00,4,42,37,39,4,126
2024-04-02 12:40:00,4,39,23,38,4,108
2024-04-02 12:50:00,4,40,46,45,5,140
2024-04-02 13:00:00,0,36,32,42,2,112
2024-04-02 13:10:00,19,41,31,43,4,138
2024-04-02 13:20:00,4,48,28,39,6,125
2024-04-02 13:30:00,7,28,39,50,5,129
2024-04-02 13:40:00,0,40,34,44,3,121
2024-04-02 13:50:00,3,29,19,19,5,75
2024-04-02 14:00:00,4,37,31,32,6,110
2024-04-02 14:10:00,4,47,33,44,7,135
2024-04-02 14:20:00,8,40,29,48,4,129
2024-04-02 14:30:00,5,31,26,34,6,102
2024-04-02 14:40:00,16,30,32,52,5,135
2024-04-02 14:50:00,17,48,19,29,4,117
2024-04-02 15:00:00,14,27,29,44,5,119
2024-04-02 15:10:00,16,40,40,45,4,145
2024-04-02 15:20:00,20,32,29,41,6,128
2024-04-02 15:30:00,10,40,21,44,3,118
2024-04-02 15:40:00,12,37,22,34,7,112
2024-04-02 15:50:00,38,43,6,29,6,122
2024-04-02 16:00:00,33,30,35,52,4,154
2024-04-02 16:10:00,43,30,33,54,7,167
2024-04-02 16:20:00,32,38,14,45,9,138
2024-04-02 16:30:00,38,32,32,39,6,147
2024-04-02 16:40:00,34,33,19,46,6,138
2024-04-02 16:50:00,34,39,35,20,9,137
2024-04-02 17:00:00,38,39,30,46,7,160
2024-04-02 17:10:00,32,34,28,45,11,150
2024-04-02 17:20:00,33,37,31,46,4,151
2024-04-02 17:30:00,44,43,23,47,5,162
2024-04-02 17:40:00,35,28,25,49,8,145
2024-04-02 17:50:00,23,31,26,39,11,130
2024-04-02 18:00:00,28,39,20,32,9,128
2024-04-02 18:10:00,27,29,18,46,8,128
2024-04-02 18:20:00,16,23,17,37,6,99
2024-04-02 18:30:00,38,31,18,42,4,133
2024-04-02 18:40:00,20,21,17,40,11,109
2024-04-02 18:50:00,18,25,14,33,6,96
2024-04-02 19:00:00,23,33,16,31,9,112
2024-04-02 19:10:00,7,29,16,24,5,81
2024-04-02 19:20:00,11,21,11,30,3,76
2024-04-02 19:30:00,13,22,16,29,8,88
2024-04-02 19:40:00,6,25,12,28,6,77
2024-04-02 19:50:00,9,25,11,25,5,75
2024-04-02 20:00:00,8,20,6,22,7,63
2024-04-02 20:10:00,11,29,14,22,0,76
2024-04-02 20:20:00,10,18,9,15,1,53
2024-04-02 20:30:00,9,32,8,22,2,73
2024-04-02 20:40:00,10,24,13,22,0,69
2024-04-02 20:50:00,4,21,9,21,1,56
2024-04-02 21:00:00,8,19,9,18,3,57
2024-04-02 21:10:00,7,32,9,25,1,74
2024-04-02 21:20:00,4,32,16,25,0,77
2024-04-02 21:30:00,9,24,18,24,2,77
2024-04-02 21:40:00,7,22,7,15,0,51
2024-04-02 21:50:00,5,21,7,23,3,59
2024-04-02 22:00:00,5,30,2,24,0,61
2024-04-02 22:10:00,7,31,12,20,0,70
2024-04-02 22:20:00,6,18,5,17,2,48
2024-04-02 22:30:00,0,16,2,11,0,29
2024-04-02 22:40:00,3,16,5,9,1,34
2024-04-02 22:50:00,9,16,4,11,0,40
2024-04-02 23:00:00,10,33,6,11,1,61
2024-04-02 23:10:00,15,26,4,11,1,57
2024-04-02 23:20:00,8,13,3,14,0,38
2024-04-02 23:30:00,8,18,3,7,0,36
2024-04-02 23:40:00,2,12,3,11,0,28
2024-04-02 23:50:00,5,11,3,5,0,24
2024-04-03 00:00:00,4,10,0,7,0,21
2024-04-03 00:10:00,4,12,2,6,0,24
2024-04-03 00:20:00,1,2,0,6,0,9
2024-04-03 00:30:00,2,8,3,1,0,14
2024-04-03 00:40:00,3,3,4,7,0,17
2024-04-03 00:50:00,2,1,4,6,0,13
2024-04-03 01:00:00,3,5,5,9,0,22
2024-04-03 01:10:00,0,3,0,3,0,6
2024-04-03 01:20:00,1,2,0,2,0,5
2024-04-03 01:30:00,0,4,0,4,0,8
2024-04-03 01:40:00,0,2,0,3,0,5
2024-04-03 01:50:00,0,2,1,5,0,8
2024-04-03 02:00:00,0,5,1,2,0,8
2024-04-03 02:10:00,1,2,0,2,0,5
2024-04-03 02:20:00,0,1,2,5,0,8
2024-04-03 02:30:00,0,1,1,4,0,6
2024-04-03 02:40:00,1,2,0,1,0,4
2024-04-03 02:50:00,0,0,1,2,0,3
2024-04-03 03:00:00,0,4,4,2,0,10
2024-04-03 03:10:00,0,5,4,3,0,12
2024-04-03 03:20:00,1,5,0,0,0,6
2024-04-03 03:30:00,0,3,3,8,0,14
2024-04-03 03:40:00,0,6,1,3,0,10
2024-04-03 03:50:00,0,1,0,2,0,3
2024-04-03 04:00:00,1,2,1,2,0,6
2024-04-03 04:10:00,1,2,1,1,0,5
2024-04-03 04:20:00,0,2,0,2,0,4
2024-04-03 04:30:00,5,6,1,4,0,16
2024-04-03 04:40:00,2,10,7,7,0,26
2024-04-03 04:50:00,1,0,6,15,0,22
2024-04-03 05:00:00,1,4,12,14,0,31
2024-04-03 05:10:00,0,10,14,17,0,41
2024-04-03 05:20:00,2,10,12,15,0,39
2024-04-03 05:30:00,4,14,29,20,0,67
2024-04-03 05:40:00,5,8,22,16,0,51
2024-04-03 05:50:00,1,8,25,23,0,57
2024-04-03 06:00:00,2,12,20,21,0,55
2024-04-03 06:10:00,3,18,24,20,0,65
2024-04-03 06:20:00,4,24,34,22,0,84
2024-04-03 06:30:00,4,23,39,24,0,90
2024-04-03 06:40:00,6,30,40,30,2,108
2024-04-03 06:50:00,0,19,36,22,0,77
2024-04-03 07:00:00,2,14,27,18,3,64
2024-04-03 07:10:00,0,24,37,29,5,95
2024-04-03 07:20:00,8,28,50,40,1,127
2024-04-03 07:30:00,4,27,43,40,2,116
2024-04-03 07:40:00,10,37,49,32,5,133
2024-04-03 07:50:00,9,32,38,36,7,122
2024-04-03 08:00:00,11,24,58,37,6,136
2024-04-03 08:10:00,6,35,55,47,6,149
2024-04-03 08:20:00,4,31,47,34,3,119
2024-04-03 08:30:00,6,23,55,43,7,134
2024-04-03 08:40:00,1,36,54,40,3,134
2024-04-03 08:50:00,1,22,51,35,9,118
2024-04-03 09:00:00,1,27,48,35,4,115
2024-04-03 09:10:00,0,28,37,35,1,101
2024-04-03 09:20:00,2,21,38,43,5,109
2024-04-03 09:30:00,3,25,38,40,1,107
2024-04-03 09:40:00,1,30,17,16,4,68
2024-04-03 09:50:00,6,33,24,35,2,100
2024-04-03 10:00:00,0,30,25,25,2,82
2024-04-03 10:10:00,1,39,34,44,1,119
2024-04-03 10:20:00,3,31,33,50,1,118
2024-04-03 10:30:00,1,37,42,44,2,126
2024-04-03 10:40:00,0,40,36,40,2,118
2024-04-03 10:50:00,2,28,34,48,4,116
2024-04-03 11:00:00,0,23,46,47,6,122
2024-04-03 11:10:00,2,25,23,37,5,92
2024-04-03 11:20:00,1,41,23,35,4,104
2024-04-03 11:30:00,3,32,33,45,3,116
2024-04-03 11:40:00,4,41,30,47,3,125
2024-04-03 11:50:00,1,46,31,59,3,140
2024-04-03 12:00:00,0,37,33,42,5,117
2024-04-03 12:10:00,2,45,34,43,6,130
2024-04-03 12:20:00,5,27,29,44,7,112
2024-04-03 12:30:00,3,46,28,39,3,119
2024-04-03 12:40:00,0,36,40,54,5,135
2024-04-03 12:50:00,4,33,22,41,6,106
2024-04-03 13:00:00,3,29,34,35,8,109
2024-04-03 13:10:00,3,38,28,40,4,113
2024-04-03 13:20:00,2,44,39,58,3,146
2024-04-03 13:30:00,3,37,27,46,7,120
2024-04-03 13:40:00,9,36,31,36,7,119
2024-04-03 13:50:00,5,32,32,46,5,120
2024-04-03 14:00:00,4,43,28,43,6,124
2024-04-03 14:10:00,2,37,38,43,3,123
2024-04-03 14:20:00,4,32,35,48,2,121
2024-04-03 14:30:00,10,42,33,48,4,137
2024-04-03 14:40:00,12,34,39,38,5,128
2024-04-03 14:50:00,3,32,45,41,6,127
2024-04-03 15:00:00,30,36,35,36,6,143
2024-04-03 15:10:00,34,33,21,33,1,122
2024-04-03 15:20:00,30,29,21,27,6,113
2024-04-03 15:30:00,35,37,36,33,4,145
2024-04-03 15:40:00,29,32,35,37,5,138
2024-04-03 15:50:00,39,38,27,48,3,155
2024-04-03 16:00:00,32,35,30,50,1,148
2024-04-03 16:10:00,37,37,35,42,3,154
2024-04-03 16:20:00,33,41,25,41,3,143
2024-04-03 16:30:00,40,29,36,36,6,147
2024-04-03 16:40:00,43,40,20,41,3,147
2024-04-03 16:50:00,42,35,28,44,2,151
2024-04-03 17:00:00,34,35,20,23,6,118
2024-04-03 17:10:00,34,38,20,56,9,157
2024-04-03 17:20:00,38,36,25,52,6,157
2024-04-03 17:30:00,38,37,37,52,4,168
2024-04-03 17:40:00,31,41,35,37,8,152
2024-04-03 17:50:00,35,30,24,41,6,136
2024-04-03 18:00:00,30,32,11,33,5,111
2024-04-03 18:10:00,31,34,24,49,6,144
2024-04-03 18:20:00,26,26,24,39,6,121
2024-04-03 18:30:00,23,33,17,29,7,109
2024-04-03 18:40:00,29,35,18,29,7,118
2024-04-03 18:50:00,25,36,15,31,9,116
2024-04-03 19:00:00,23,24,16,23,10,96
2024-04-03 19:10:00,23,31,12,29,1,96
2024-04-03 19:20:00,9,34,17,32,9,101
2024-04-03 19:30:00,6,30,18,39,4,97
2024-04-03 19:40:00,3,35,5,22,4,69
2024-04-03 19:50:00,0,28,15,37,4,84
2024-04-03 20:00:00,2,29,6,21,5,63
2024-04-03 20:10:00,3,29,7,22,1,62
2024-04-03 20:20:00,1,27,8,22,1,59
2024-04-03 20:30:00,2,34,12,23,0,71
2024-04-03 20:40:00,1,27,5,20,1,54
2024-04-03 20:50:00,0,35,1,19,2,57
2024-04-03 21:00:00,4,29,8,25,1,67
2024-04-03 21:10:00,0,36,9,21,1,67
2024-04-03 21:20:00,4,30,8,24,1,67
2024-04-03 21:30:00,1,22,12,28,0,63
2024-04-03 21:40:00,5,20,13,19,0,57
2024-04-03 21:50:00,6,25,5,19,0,55
2024-04-03 22:00:00,7,21,6,19,0,53
2024-04-03 22:10:00,5,18,8,18,1,50
2024-04-03 22:20:00,5,29,6,21,2,63
2024-04-03 22:30:00,15,13,4,14,0,46
2024-04-03 22:40:00,5,17,3,10,0,35
2024-04-03 22:50:00,4,14,5,17,0,40
2024-04-03 23:00:00,2,15,4,17,0,38
2024-04-03 23:10:00,2,11,6,11,0,30
2024-04-03 23:20:00,5,14,4,9,0,32
2024-04-03 23:30:00,2,10,0,9,0,21
2024-04-03 23:40:00,0,13,3,9,0,25
2024-04-03 23:50:00,4,14,1,9,0,28
2024-04-04 00:00:00,0,6,2,5,0,13
2024-04-04 00:10:00,0,8,2,8,0,18
2024-04-04 00:20:00,2,9,3,6,0,20
2024-04-04 00:30:00,0,7,2,11,0,20
2024-04-04 00:40:00,0,5,1,6,1,13
2024-04-04 00:50:00,0,4,2,4,0,10
2024-04-04 01:00:00,0,7,4,11,0,22
2024-04-04 01:10:00,0,7,2,4,0,13
2024-04-04 01:20:00,0,4,1,3,0,8
2024-04-04 01:30:00,1,1,2,5,0,9
2024-04-04 01:40:00,2,4,3,7,0,16
2024-04-04 01:50:00,2,2,4,6,0,14
2024-04-04 02:00:00,1,3,1,2,0,7
2024-04-04 02:10:00,0,2,1,2,0,5
2024-04-04 02:20:00,0,3,1,1,0,5
2024-04-04 02:30:00,0,2,1,2,0,5
2024-04-04 02:40:00,0,0,2,3,0,5
2024-04-04 02:50:00,0,3,2,1,0,6
2024-04-04 03:00:00,0,3,1,2,0,6
2024-04-04 03:10:00,0,4,2,3,0,9
2024-04-04 03:20:00,0,6,0,0,0,6
2024-04-04 03:30:00,0,3,0,1,0,4
2024-04-04 03:40:00,0,2,0,2,0,4
2024-04-04 03:50:00,0,3,0,3,0,6
2024-04-04 04:00:00,0,1,2,4,0,7
2024-04-04 04:10:00,0,2,4,9,0,15
2024-04-04 04:20:00,1,7,0,3,0,11
2024-04-04 04:30:00,1,1,2,8,0,12
2024-04-04 04:40:00,2,3,1,7,0,13
2024-04-04 04:50:00,1,2,2,7,0,12
2024-04-04 05:00:00,2,4,6,9,0,21
2024-04-04 05:10:00,1,7,17,24,0,49
2024-04-04 05:20:00,1,6,4,14,0,25
2024-04-04 05:30:00,1,14,29,33,0,77
2024-04-04 05:40:00,2,10,17,25,0,54
2024-04-04 05:50:00,1,11,18,20,0,50
2024-04-04 06:00:00,1,13,17,18,0,49
2024-04-04 06:10:00,4,12,21,20,1,58
2024-04-04 06:20:00,2,15,23,26,0,66
2024-04-04 06:30:00,4,20,26,21,0,71
2024-04-04 06:40:00,3,24,37,22,0,86
2024-04-04 06:50:00,8,18,35,24,2,87
2024-04-04 07:00:00,6,26,42,35,2,111
2024-04-04 07:10:00,5,15,45,36,1,102
2024-04-04 07:20:00,8,21,54,39,2,124
2024-04-04 07:30:00,5,41,55,42,3,146
2024-04-04 07:40:00,12,33,49,42,2,138
2024-04-04 07:50:00,7,34,39,43,3,126
2024-04-04 08:00:00,0,30,45,46,4,125
2024-04-04 08:10:00,5,37,43,38,5,128
2024-04-04 08:20:00,2,35,46,30,3,116
2024-04-04 08:30:00,11,25,59,40,8,143
2024-04-04 08:40:00,9,36,42,45,8,140
2024-04-04 08:50:00,7,34,32,33,2,108
2024-04-04 09:00:00,1,28,38,38,7,112
2024-04-04 09:10:00,4,21,29,39,6,99
2024-04-04 09:20:00,3,35,33,47,7,125
2024-04-04 09:30:00,0,30,34,40,4,108
2024-04-04 09:40:00,14,29,26,21,6,96
2024-04-04 09:50:00,2,37,36,41,4,120
2024-04-04 10:00:00,0,39,32,43,5,119
2024-04-04 10:10:00,6,44,36,57,1,144
2024-04-04 10:20:00,2,38,32,50,3,125
2024-04-04 10:30:00,3,39,32,35,1,110
2024-04-04 10:40:00,0,46,36,48,3,133
2024-04-04 10:50:00,0,30,32,44,3,109
2024-04-04 11:00:00,14,42,35,46,3,140
2024-04-04 11:10:00,6,39,33,30,4,112
2024-04-04 11:20:00,1,35,35,40,4,115
2024-04-04 11:30:00,3,29,31,47,8,118
2024-04-04 11:40:00,6,31,32,41,2,112
2024-04-04 11:50:00,4,36,39,38,4,121
2024-04-04 12:00:00,1,40,37,47,4,129
2024-04-04 12:10:00,0,37,43,44,6,130
2024-04-04 12:20:00,1,23,35,35,6,100
2024-04-04 12:30:00,0,31,9,23,4,67
2024-04-04 12:40:00,5,36,31,31,3,106
2024-04-04 12:50:00,2,36,30,34,2,104
2024-04-04 13:00:00,1,32,13,25,3,74
2024-04-04 13:10:00,4,47,20,22,2,95
2024-04-04 13:20:00,4,33,13,20,4,74
2024-04-04 13:30:00,4,26,29,25,9,93
2024-04-04 13:40:00,7,31,28,25,5,96
2024-04-04 13:50:00,8,37,29,29,6,109
2024-04-04 14:00:00,2,29,32,26,4,93
2024-04-04 14:10:00,16,31,27,26,3,103
2024-04-04 14:20:00,5,30,2,26,1,64
2024-04-04 14:30:00,14,31,26,34,6,111
2024-04-04 14:40:00,2,32,34,41,4,113
2024-04-04 14:50:00,15,31,31,33,7,117
2024-04-04 15:00:00,30,33,38,35,2,138
2024-04-04 15:10:00,29,31,28,31,4,123
2024-04-04 15:20:00,26,38,41,34,5,144
2024-04-04 15:30:00,27,31,31,42,5,136
2024-04-04 15:40:00,24,21,39,38,6,128
2024-04-04 15:50:00,27,32,31,39,2,131
2024-04-04 16:00:00,32,35,27,48,4,146
2024-04-04 16:10:00,34,38,34,34,5,145
2024-04-04 16:20:00,36,32,29,56,2,155
2024-04-04 16:30:00,45,37,27,43,4,156
2024-04-04 16:40:00,38,35,40,43,9,165
2024-04-04 16:50:00,41,41,28,46,5,161
2024-04-04 17:00:00,37,36,16,41,3,133
2024-04-04 17:10:00,30,36,24,21,6,117
2024-04-04 17:20:00,27,28,26,35,7,123
2024-04-04 17:30:00,33,35,17,39,8,132
2024-04-04 17:40:00,28,31,28,47,6,140
2024-04-04 17:50:00,29,36,30,48,10,153
2024-04-04 18:00:00,32,27,20,47,10,136
2024-04-04 18:10:00,27,26,27,40,9,129
2024-04-04 18:20:00,32,41,15,29,5,122
2024-04-04 18:30:00,37,31,22,30,4,124
2024-04-04 18:40:00,27,28,18,31,8,112
2024-04-04 18:50:00,27,25,17,37,5,111
2024-04-04 19:00:00,24,28,23,37,5,117
2024-04-04 19:10:00,20,25,16,26,4,91
2024-04-04 19:20:00,14,22,23,32,4,95
2024-04-04 19:30:00,16,17,18,27,5,83
2024-04-04 19:40:00,14,33,15,26,6,94
2024-04-04 19:50:00,17,21,10,30,5,83
2024-04-04 20:00:00,12,15,10,25,7,69
2024-04-04 20:10:00,13,22,9,26,0,70
2024-04-04 20:20:00,16,17,7,18,2,60
2024-04-04 20:30:00,12,14,9,17,4,56
2024-04-04 20:40:00,9,19,2,15,1,46
2024-04-04 20:50:00,14,11,6,20,0,51
2024-04-04 21:00:00,12,20,18,17,0,67
2024-04-04 21:10:00,13,15,13,31,1,73
2024-04-04 21:20:00,10,17,12,21,0,60
2024-04-04 21:30:00,13,19,11,18,1,62
2024-04-04 21:40:00,11,17,9,22,0,59
2024-04-04 21:50:00,13,15,3,13,0,44
2024-04-04 22:00:00,8,20,2,18,2,50
2024-04-04 22:10:00,5,21,6,13,1,46
2024-04-04 22:20:00,10,20,7,9,1,47
2024-04-04 22:30:00,1,14,5,16,0,36
2024-04-04 22:40:00,7,15,5,12,0,39
2024-04-04 22:50:00,5,14,3,8,0,30
2024-04-04 23:00:00,6,20,3,7,1,37
2024-04-04 23:10:00,2,14,6,17,0,39
2024-04-04 23:20:00,2,13,5,11,0,31
2024-04-04 23:30:00,4,12,7,15,0,38
2024-04-04 23:40:00,3,8,6,12,0,29
2024-04-04 23:50:00,1,12,6,10,0,29
2024-04-05 00:00:00,1,10,5,6,1,23
2024-04-05 00:10:00,1,8,4,6,0,19
2024-04-05 00:20:00,4,12,5,5,0,26
2024-04-05 00:30:00,3,11,6,7,0,27
2024-04-05 00:40:00,2,10,5,7,0,24
2024-04-05 00:50:00,0,4,5,7,0,16
2024-04-05 01:00:00,1,6,8,8,0,23
2024-04-05 01:10:00,0,7,2,3,0,12
2024-04-05 01:20:00,0,5,1,3,0,9
2024-04-05 01:30:00,0,1,0,3,0,4
2024-04-05 01:40:00,0,3,2,5,0,10
2024-04-05 01:50:00,0,1,0,1,0,2
2024-04-05 02:00:00,0,0,0,0,0,0
