datetime,V21Z,V22Z,V81Z,V82Z,V321Z,Total
2024-03-01 01:00:00,2,8,4,3,0,17
2024-03-01 01:10:00,5,7,3,2,0,17
2024-03-01 01:20:00,5,3,6,0,0,14
2024-03-01 01:30:00,5,9,1,3,0,18
2024-03-01 01:40:00,2,3,1,2,0,8
2024-03-01 01:50:00,2,8,5,11,0,26
2024-03-01 02:00:00,0,4,5,3,0,12
2024-03-01 02:10:00,1,1,4,0,0,6
2024-03-01 02:20:00,1,3,0,0,0,4
2024-03-01 02:30:00,2,11,0,0,0,13
2024-03-01 02:40:00,2,4,1,1,0,8
2024-03-01 02:50:00,0,2,0,1,0,3
2024-03-01 03:00:00,2,4,0,0,0,6
2024-03-01 03:10:00,2,5,0,2,0,9
2024-03-01 03:20:00,7,12,3,1,0,23
2024-03-01 03:30:00,3,3,3,6,0,15
2024-03-01 03:40:00,2,3,0,6,0,11
2024-03-01 03:50:00,3,3,0,0,0,6
2024-03-01 04:00:00,0,0,1,0,0,1
2024-03-01 04:10:00,3,5,1,3,0,12
2024-03-01 04:20:00,1,9,1,12,0,23
2024-03-01 04:30:00,3,5,4,8,0,20
2024-03-01 04:40:00,1,3,0,10,0,14
2024-03-01 04:50:00,13,11,5,17,0,46
2024-03-01 05:00:00,6,9,8,22,0,45
2024-03-01 05:10:00,10,17,7,19,0,53
2024-03-01 05:20:00,3,4,12,34,0,53
2024-03-01 05:30:00,20,21,22,49,0,112
2024-03-01 05:40:00,26,22,23,47,0,118
2024-03-01 05:50:00,16,20,24,57,0,117
2024-03-01 06:00:00,20,25,19,42,2,108
2024-03-01 06:10:00,28,32,28,48,0,136
2024-03-01 06:20:00,29,28,42,48,0,147
2024-03-01 06:30:00,28,39,29,58,0,154
2024-03-01 06:40:00,27,39,30,66,0,162
2024-03-01 06:50:00,33,35,47,105,0,220
2024-03-01 07:00:00,24,45,31,36,0,136
2024-03-01 07:10:00,16,37,41,44,1,139
2024-03-01 07:20:00,29,34,33,52,7,155
2024-03-01 07:30:00,32,41,58,52,3,186
2024-03-01 07:40:00,30,49,51,46,0,176
2024-03-01 07:50:00,46,44,49,50,0,189
2024-03-01 08:00:00,28,51,47,35,1,162
2024-03-01 08:10:00,25,50,40,45,0,160
2024-03-01 08:20:00,34,32,31,27,5,129
2024-03-01 08:30:00,32,43,32,44,1,152
2024-03-01 08:40:00,41,64,33,58,1,197
2024-03-01 08:50:00,32,53,48,56,0,189
2024-03-01 09:00:00,43,53,35,56,0,187
2024-03-01 09:10:00,26,42,27,57,0,152
2024-03-01 09:20:00,28,55,27,52,5,167
2024-03-01 09:30:00,27,39,30,47,1,144
2024-03-01 09:40:00,42,57,22,41,0,162
2024-03-01 09:50:00,34,47,25,41,1,148
2024-03-01 10:00:00,32,62,27,40,0,161
2024-03-01 10:10:00,29,41,14,41,0,125
2024-03-01 10:20:00,23,41,12,41,2,119
2024-03-01 10:30:00,34,45,14,54,0,147
2024-03-01 10:40:00,41,54,20,48,0,163
2024-03-01 10:50:00,36,46,21,43,0,146
2024-03-01 11:00:00,34,47,14,44,1,140
2024-03-01 11:10:00,28,60,21,46,0,155
2024-03-01 11:20:00,46,63,25,44,0,178
2024-03-01 11:30:00,31,55,14,40,2,142
2024-03-01 11:40:00,35,50,16,38,4,143
2024-03-01 11:50:00,29,50,12,45,2,138
2024-03-01 12:00:00,44,59,12,35,0,150
2024-03-01 12:10:00,42,50,10,33,1,136
2024-03-01 12:20:00,36,43,13,39,2,133
2024-03-01 12:30:00,44,64,12,39,2,161
2024-03-01 12:40:00,61,74,18,58,0,211
2024-03-01 12:50:00,52,65,19,41,1,178
2024-03-01 13:00:00,47,68,13,45,4,177
2024-03-01 13:10:00,60,60,11,43,4,178
2024-03-01 13:20:00,48,79,16,45,0,188
2024-03-01 13:30:00,48,52,16,42,3,161
2024-03-01 13:40:00,44,70,16,41,0,171
2024-03-01 13:50:00,59,60,11,57,1,188
2024-03-01 14:00:00,57,57,11,42,0,167
2024-03-01 14:10:00,55,49,18,50,1,173
2024-03-01 14:20:00,54,67,17,44,2,184
2024-03-01 14:30:00,50,50,8,61,0,169
2024-03-01 14:40:00,58,64,19,29,0,170
2024-03-01 14:50:00,42,53,10,52,1,158
2024-03-01 15:00:00,46,45,15,41,3,150
2024-03-01 15:10:00,58,46,17,44,1,166
2024-03-01 15:20:00,56,57,24,41,0,178
2024-03-01 15:30:00,44,43,25,31,2,145
2024-03-01 15:40:00,48,55,31,31,2,167
2024-03-01 15:50:00,47,51,19,30,3,150
2024-03-01 16:00:00,58,51,27,40,3,179
2024-03-01 16:10:00,48,54,32,39,0,173
2024-03-01 16:20:00,52,63,33,33,0,181
2024-03-01 16:30:00,43,48,22,30,2,145
2024-03-01 16:40:00,50,39,28,22,3,142
2024-03-01 16:50:00,46,68,24,35,1,174
2024-03-01 17:00:00,44,45,20,29,1,139
2024-03-01 17:10:00,51,50,29,35,2,167
2024-03-01 17:20:00,46,47,21,30,1,145
2024-03-01 17:30:00,40,39,30,34,5,148
2024-03-01 17:40:00,48,47,21,34,4,154
2024-03-01 17:50:00,51,39,25,36,0,151
2024-03-01 18:00:00,58,55,30,27,0,170
2024-03-01 18:10:00,51,49,24,39,1,164
2024-03-01 18:20:00,47,66,30,28,0,171
2024-03-01 18:30:00,69,44,27,56,1,197
2024-03-01 18:40:00,63,46,34,51,1,195
2024-03-01 18:50:00,55,60,32,70,1,218
2024-03-01 19:00:00,60,57,32,55,0,204
2024-03-01 19:10:00,54,45,21,47,0,167
2024-03-01 19:20:00,47,46,30,78,3,204
2024-03-01 19:30:00,56,51,39,40,0,186
2024-03-01 19:40:00,33,52,23,51,0,159
2024-03-01 19:50:00,40,51,24,33,3,151
2024-03-01 20:00:00,31,48,30,39,0,148
2024-03-01 20:10:00,23,52,26,44,2,147
2024-03-01 20:20:00,27,44,20,37,0,128
2024-03-01 20:30:00,24,61,25,28,0,138
2024-03-01 20:40:00,28,42,24,37,2,133
2024-03-01 20:50:00,32,43,15,26,0,116
2024-03-01 21:00:00,32,44,21,34,0,131
2024-03-01 21:10:00,27,39,19,26,0,111
2024-03-01 21:20:00,31,36,23,35,0,125
2024-03-01 21:30:00,18,47,16,30,0,111
2024-03-01 21:40:00,34,48,24,41,0,147
2024-03-01 21:50:00,36,47,20,23,1,127
2024-03-01 22:00:00,24,31,16,41,0,112
2024-03-01 22:10:00,21,46,17,26,0,110
2024-03-01 22:20:00,30,55,14,28,0,127
2024-03-01 22:30:00,25,34,19,31,0,109
2024-03-01 22:40:00,35,47,10,21,2,115
2024-03-01 22:50:00,45,53,15,13,0,126
2024-03-01 23:00:00,30,30,23,33,0,116
2024-03-01 23:10:00,28,36,20,19,0,103
2024-03-01 23:20:00,42,42,9,16,0,109
2024-03-01 23:30:00,24,34,15,19,0,92
2024-03-01 23:40:00,15,42,16,15,1,89
2024-03-01 23:50:00,18,52,7,10,0,87
2024-03-02 00:00:00,11,25,9,19,0,64
2024-03-02 00:10:00,9,24,10,16,0,59
2024-03-02 00:20:00,20,26,12,11,0,69
2024-03-02 00:30:00,9,28,13,10,0,60
2024-03-02 00:40:00,7,17,8,9,0,41
2024-03-02 00:50:00,11,21,8,4,0,44
2024-03-02 01:00:00,7,23,5,14,0,49
2024-03-02 01:10:00,7,11,4,6,0,28
2024-03-02 01:20:00,11,24,7,4,0,46
2024-03-02 01:30:00,6,16,7,7,0,36
2024-03-02 01:40:00,3,10,3,0,0,16
2024-03-02 01:50:00,2,23,5,4,0,34
2024-03-02 02:00:00,5,10,5,2,0,22
2024-03-02 02:10:00,5,14,3,0,0,22
2024-03-02 02:20:00,1,13,3,5,0,22
2024-03-02 02:30:00,2,7,3,0,0,12
2024-03-02 02:40:00,6,15,3,0,0,24
2024-03-02 02:50:00,4,9,3,2,0,18
2024-03-02 03:00:00,0,5,2,3,0,10
2024-03-02 03:10:00,3,12,4,8,0,27
2024-03-02 03:20:00,6,17,2,2,0,27
2024-03-02 03:30:00,0,11,3,4,0,18
2024-03-02 03:40:00,2,6,6,4,0,18
2024-03-02 03:50:00,1,6,4,3,0,14
2024-03-02 04:00:00,2,9,5,3,0,19
2024-03-02 04:10:00,6,6,3,4,0,19
2024-03-02 04:20:00,4,9,4,2,0,19
2024-03-02 04:30:00,1,10,1,6,0,18
2024-03-02 04:40:00,2,8,5,11,0,26
2024-03-02 04:50:00,2,3,5,20,0,30
2024-03-02 05:00:00,2,5,2,9,0,18
2024-03-02 05:10:00,0,9,6,7,0,22
2024-03-02 05:20:00,3,10,4,13,0,30
2024-03-02 05:30:00,3,7,13,26,0,49
2024-03-02 05:40:00,15,16,10,21,0,62
2024-03-02 05:50:00,7,16,4,18,0,45
2024-03-02 06:00:00,11,15,7,17,0,50
2024-03-02 06:10:00,5,13,9,12,0,39
2024-03-02 06:20:00,16,18,5,14,0,53
2024-03-02 06:30:00,3,11,11,18,0,43
2024-03-02 06:40:00,16,12,15,13,0,56
2024-03-02 06:50:00,13,18,12,9,0,52
2024-03-02 07:00:00,5,10,6,13,0,34
2024-03-02 07:10:00,7,9,5,10,0,31
2024-03-02 07:20:00,9,10,9,12,0,40
2024-03-02 07:30:00,11,13,12,19,0,55
2024-03-02 07:40:00,13,16,15,13,0,57
2024-03-02 07:50:00,11,20,14,21,0,66
2024-03-02 08:00:00,8,25,8,12,0,53
2024-03-02 08:10:00,18,32,9,24,0,83
2024-03-02 08:20:00,17,29,13,23,0,82
2024-03-02 08:30:00,13,18,19,19,0,69
2024-03-02 08:40:00,12,24,15,27,1,79
2024-03-02 08:50:00,12,25,20,23,0,80
2024-03-02 09:00:00,15,35,22,28,0,100
2024-03-02 09:10:00,17,28,23,33,3,104
2024-03-02 09:20:00,19,27,27,31,0,104
2024-03-02 09:30:00,22,34,27,28,0,111
2024-03-02 09:40:00,25,30,25,28,0,108
2024-03-02 09:50:00,28,41,26,22,0,117
2024-03-02 10:00:00,24,38,27,25,0,114
2024-03-02 10:10:00,28,41,27,29,0,125
2024-03-02 10:20:00,31,45,21,31,0,128
2024-03-02 10:30:00,35,37,19,31,0,122
2024-03-02 10:40:00,31,37,33,31,1,133
2024-03-02 10:50:00,23,53,24,27,0,127
2024-03-02 11:00:00,28,52,29,30,0,139
2024-03-02 11:10:00,32,48,18,29,3,130
2024-03-02 11:20:00,39,49,24,33,1,146
2024-03-02 11:30:00,32,70,30,31,0,163
2024-03-02 11:40:00,46,45,30,32,1,154
2024-03-02 11:50:00,33,52,24,42,0,151
2024-03-02 12:00:00,38,54,27,33,1,153
2024-03-02 12:10:00,45,65,37,32,2,181
2024-03-02 12:20:00,42,72,30,34,0,178
2024-03-02 12:30:00,35,43,34,37,1,150
2024-03-02 12:40:00,38,54,17,24,1,134
2024-03-02 12:50:00,41,46,20,6,1,114
2024-03-02 13:00:00,42,47,7,12,2,110
2024-03-02 13:10:00,39,48,14,9,3,113
2024-03-02 13:20:00,53,66,11,7,1,138
2024-03-02 13:30:00,47,59,12,21,0,139
2024-03-02 13:40:00,44,53,11,10,2,120
2024-03-02 13:50:00,47,62,14,13,0,136
2024-03-02 14:00:00,29,57,21,24,2,133
2024-03-02 14:10:00,27,44,28,35,0,134
2024-03-02 14:20:00,38,64,19,38,2,161
2024-03-02 14:30:00,40,63,24,34,4,165
2024-03-02 14:40:00,40,64,19,23,0,146
2024-03-02 14:50:00,33,59,12,13,0,117
2024-03-02 15:00:00,35,54,16,12,0,117
2024-03-02 15:10:00,30,66,26,35,0,157
2024-03-02 15:20:00,37,42,40,37,3,159
2024-03-02 15:30:00,30,55,24,32,0,141
2024-03-02 15:40:00,30,55,22,22,1,130
2024-03-02 15:50:00,27,60,25,26,0,138
2024-03-02 16:00:00,33,57,22,22,1,135
2024-03-02 16:10:00,28,53,25,29,2,137
2024-03-02 16:20:00,33,49,17,30,0,129
2024-03-02 16:30:00,35,53,28,27,0,143
2024-03-02 16:40:00,20,54,24,29,1,128
2024-03-02 16:50:00,28,45,22,33,0,128
2024-03-02 17:00:00,21,58,27,22,2,130
2024-03-02 17:10:00,33,47,22,29,3,134
2024-03-02 17:20:00,44,67,23,28,0,162
2024-03-02 17:30:00,35,56,29,26,2,148
2024-03-02 17:40:00,40,55,32,35,4,166
2024-03-02 17:50:00,42,64,31,28,2,167
2024-03-02 18:00:00,38,59,27,31,1,156
2024-03-02 18:10:00,38,61,18,28,0,145
2024-03-02 18:20:00,32,54,26,25,0,137
2024-03-02 18:30:00,47,73,21,63,2,206
2024-03-02 18:40:00,47,59,26,67,0,199
2024-03-02 18:50:00,36,39,35,72,1,183
2024-03-02 19:00:00,40,53,23,42,2,160
2024-03-02 19:10:00,40,50,28,40,0,158
2024-03-02 19:20:00,22,56,27,48,1,154
2024-03-02 19:30:00,21,55,29,40,1,146
2024-03-02 19:40:00,17,45,27,47,2,138
2024-03-02 19:50:00,19,65,32,43,0,159
2024-03-02 20:00:00,37,46,17,43,0,143
2024-03-02 20:10:00,30,39,21,39,1,130
2024-03-02 20:20:00,36,51,25,38,0,150
2024-03-02 20:30:00,21,39,15,46,0,121
2024-03-02 20:40:00,14,46,23,27,1,111
2024-03-02 20:50:00,26,35,15,31,0,107
2024-03-02 21:00:00,26,43,10,25,0,104
2024-03-02 21:10:00,21,38,17,19,0,95
2024-03-02 21:20:00,24,38,17,34,0,113
2024-03-02 21:30:00,22,43,23,20,1,109
2024-03-02 21:40:00,22,34,15,27,0,98
2024-03-02 21:50:00,18,38,17,24,2,99
2024-03-02 22:00:00,24,42,14,24,0,104
2024-03-02 22:10:00,29,44,15,30,0,118
2024-03-02 22:20:00,40,48,18,27,0,133
2024-03-02 22:30:00,19,43,15,29,0,106
2024-03-02 22:40:00,29,49,12,16,0,106
2024-03-02 22:50:00,18,42,16,24,0,100
2024-03-02 23:00:00,33,35,16,14,0,98
2024-03-02 23:10:00,25,55,14,17,1,112
2024-03-02 23:20:00,26,32,8,20,0,86
2024-03-02 23:30:00,13,36,11,22,0,82
2024-03-02 23:40:00,17,36,16,21,1,91
2024-03-02 23:50:00,18,31,17,14,0,80
2024-03-03 00:00:00,19,39,8,10,1,77
2024-03-03 00:10:00,29,26,11,14,0,80
2024-03-03 00:20:00,19,27,6,12,0,64
2024-03-03 00:30:00,14,31,11,19,0,75
2024-03-03 00:40:00,22,19,11,9,0,61
2024-03-03 00:50:00,5,20,6,11,1,43
2024-03-03 01:00:00,11,21,8,15,0,55
2024-03-03 01:10:00,14,21,10,6,0,51
2024-03-03 01:20:00,11,16,8,9,0,44
2024-03-03 01:30:00,18,24,6,8,0,56
2024-03-03 01:40:00,11,19,10,13,0,53
2024-03-03 01:50:00,11,14,3,1,0,29
2024-03-03 02:00:00,12,10,5,6,0,33
2024-03-03 02:10:00,0,11,6,0,0,17
2024-03-03 02:20:00,4,13,1,3,0,21
2024-03-03 02:30:00,9,17,4,2,0,32
2024-03-03 02:40:00,7,10,4,6,0,27
2024-03-03 02:50:00,10,10,2,0,0,22
2024-03-03 03:00:00,1,5,4,10,0,20
2024-03-03 03:10:00,4,4,3,5,0,16
2024-03-03 03:20:00,5,7,4,1,0,17
2024-03-03 03:30:00,3,11,2,3,0,19
2024-03-03 03:40:00,1,6,3,7,0,17
2024-03-03 03:50:00,2,3,4,3,0,12
2024-03-03 04:00:00,5,8,3,5,0,21
2024-03-03 04:10:00,2,7,4,2,0,15
2024-03-03 04:20:00,5,13,4,6,0,28
2024-03-03 04:30:00,2,14,0,4,0,20
2024-03-03 04:40:00,2,4,10,11,0,27
2024-03-03 04:50:00,0,5,1,12,0,18
2024-03-03 05:00:00,1,4,3,7,0,15
2024-03-03 05:10:00,5,6,3,11,0,25
2024-03-03 05:20:00,4,7,4,16,0,31
2024-03-03 05:30:00,2,9,5,6,0,22
2024-03-03 05:40:00,6,14,10,13,0,43
2024-03-03 05:50:00,6,11,3,14,0,34
2024-03-03 06:00:00,7,11,4,11,0,33
2024-03-03 06:10:00,2,4,6,12,0,24
2024-03-03 06:20:00,8,4,4,8,0,24
2024-03-03 06:30:00,3,14,4,5,0,26
2024-03-03 06:40:00,9,8,6,14,1,38
2024-03-03 06:50:00,3,5,3,3,0,14
2024-03-03 07:00:00,4,8,1,2,0,15
2024-03-03 07:10:00,3,5,2,4,0,14
2024-03-03 07:20:00,2,4,4,6,0,16
2024-03-03 07:30:00,5,9,6,5,0,25
2024-03-03 07:40:00,4,10,10,11,0,35
2024-03-03 07:50:00,7,4,7,7,0,25
2024-03-03 08:00:00,4,7,7,8,0,26
2024-03-03 08:10:00,7,10,6,3,0,26
2024-03-03 08:20:00,2,9,8,11,0,30
2024-03-03 08:30:00,6,9,10,13,0,38
2024-03-03 08:40:00,11,11,7,11,0,40
2024-03-03 08:50:00,9,20,13,13,1,56
2024-03-03 09:00:00,8,13,11,13,0,45
2024-03-03 09:10:00,15,20,8,14,0,57
2024-03-03 09:20:00,13,24,23,29,0,89
2024-03-03 09:30:00,13,24,16,23,0,76
2024-03-03 09:40:00,13,29,28,33,0,103
2024-03-03 09:50:00,15,30,20,29,0,94
2024-03-03 10:00:00,19,25,28,29,0,101
2024-03-03 10:10:00,17,23,18,28,0,86
2024-03-03 10:20:00,19,27,27,29,0,102
2024-03-03 10:30:00,18,33,14,33,1,99
2024-03-03 10:40:00,24,37,17,28,2,108
2024-03-03 10:50:00,17,27,19,23,0,86
2024-03-03 11:00:00,22,36,23,18,0,99
2024-03-03 11:10:00,27,38,19,20,0,104
2024-03-03 11:20:00,30,40,18,19,3,110
2024-03-03 11:30:00,22,33,20,20,2,97
2024-03-03 11:40:00,33,45,17,31,0,126
2024-03-03 11:50:00,26,37,25,29,3,120
2024-03-03 12:00:00,26,52,21,27,1,127
2024-03-03 12:10:00,39,39,19,22,1,120
2024-03-03 12:20:00,43,42,23,30,2,140
2024-03-03 12:30:00,38,49,19,26,0,132
2024-03-03 12:40:00,38,42,22,25,0,127
2024-03-03 12:50:00,28,38,24,20,5,115
2024-03-03 13:00:00,26,36,16,25,1,104
2024-03-03 13:10:00,50,59,22,22,3,156
2024-03-03 13:20:00,34,60,21,24,0,139
2024-03-03 13:30:00,36,53,31,27,0,147
2024-03-03 13:40:00,30,54,20,40,2,146
2024-03-03 13:50:00,22,48,22,28,3,123
2024-03-03 14:00:00,28,47,16,21,2,114
2024-03-03 14:10:00,31,45,30,32,4,142
2024-03-03 14:20:00,36,59,27,26,0,148
2024-03-03 14:30:00,30,52,22,25,0,129
2024-03-03 14:40:00,27,54,21,20,1,123
2024-03-03 14:50:00,35,48,23,23,1,130
2024-03-03 15:00:00,29,41,17,24,3,114
2024-03-03 15:10:00,27,41,28,26,0,122
2024-03-03 15:20:00,31,37,23,22,0,113
2024-03-03 15:30:00,20,47,20,30,3,120
2024-03-03 15:40:00,30,44,22,21,0,117
2024-03-03 15:50:00,28,35,15,20,0,98
2024-03-03 16:00:00,19,44,18,22,3,106
2024-03-03 16:10:00,28,38,20,33,1,120
2024-03-03 16:20:00,31,33,27,26,0,117
2024-03-03 16:30:00,29,33,26,30,2,120
2024-03-03 16:40:00,33,37,22,32,2,126
2024-03-03 16:50:00,29,28,25,26,1,109
2024-03-03 17:00:00,27,35,24,26,1,113
2024-03-03 17:10:00,27,42,27,31,1,128
2024-03-03 17:20:00,24,52,28,30,0,134
2024-03-03 17:30:00,27,34,25,26,5,117
2024-03-03 17:40:00,38,38,29,30,2,137
2024-03-03 17:50:00,33,44,25,22,0,124
2024-03-03 18:00:00,17,70,22,30,2,141
2024-03-03 18:10:00,32,34,26,28,1,121
2024-03-03 18:20:00,41,50,26,22,1,140
2024-03-03 18:30:00,37,51,16,42,0,146
2024-03-03 18:40:00,36,54,25,39,2,156
2024-03-03 18:50:00,28,46,31,51,0,156
2024-03-03 19:00:00,34,49,31,71,0,185
2024-03-03 19:10:00,37,62,39,47,1,186
2024-03-03 19:20:00,29,39,31,36,0,135
2024-03-03 19:30:00,30,49,18,40,0,137
2024-03-03 19:40:00,27,40,26,55,0,148
2024-03-03 19:50:00,28,38,17,47,0,130
2024-03-03 20:00:00,22,49,18,36,1,126
2024-03-03 20:10:00,23,44,15,30,0,112
2024-03-03 20:20:00,32,40,17,26,0,115
2024-03-03 20:30:00,21,41,19,26,0,107
2024-03-03 20:40:00,17,43,16,33,0,109
2024-03-03 20:50:00,21,29,11,22,0,83
2024-03-03 21:00:00,20,27,14,33,1,95
2024-03-03 21:10:00,32,34,22,30,1,119
2024-03-03 21:20:00,22,29,13,29,0,93
2024-03-03 21:30:00,29,35,17,16,0,97
2024-03-03 21:40:00,22,27,9,20,0,78
2024-03-03 21:50:00,11,25,17,33,0,86
2024-03-03 22:00:00,17,42,11,12,0,82
2024-03-03 22:10:00,33,37,12,20,0,102
2024-03-03 22:20:00,13,24,10,13,0,60
2024-03-03 22:30:00,20,31,16,13,0,80
2024-03-03 22:40:00,7,26,14,21,0,68
2024-03-03 22:50:00,10,25,5,8,0,48
2024-03-03 23:00:00,15,13,8,8,0,44
2024-03-03 23:10:00,8,32,12,10,0,62
2024-03-03 23:20:00,10,12,7,9,0,38
2024-03-03 23:30:00,6,18,12,7,0,43
2024-03-03 23:40:00,7,19,9,0,0,35
2024-03-03 23:50:00,4,13,2,5,0,24
2024-03-04 00:00:00,5,8,9,6,0,28
2024-03-04 00:10:00,1,12,2,2,0,17
2024-03-04 00:20:00,1,13,1,5,0,20
2024-03-04 00:30:00,0,6,11,1,0,18
2024-03-04 00:40:00,5,10,5,0,0,20
2024-03-04 00:50:00,2,7,2,5,0,16
2024-03-04 01:00:00,4,11,2,0,0,17
2024-03-04 01:10:00,5,5,1,1,0,12
2024-03-04 01:20:00,0,4,2,1,0,7
2024-03-04 01:30:00,4,1,0,2,0,7
2024-03-04 01:40:00,1,4,0,0,0,5
2024-03-04 01:50:00,0,2,1,0,0,3
2024-03-04 02:00:00,0,1,2,2,0,5
2024-03-04 02:10:00,0,3,3,0,0,6
2024-03-04 02:20:00,3,5,1,0,0,9
2024-03-04 02:30:00,2,4,1,1,0,8
2024-03-04 02:40:00,3,2,2,0,0,7
2024-03-04 02:50:00,1,5,0,0,0,6
2024-03-04 03:00:00,3,5,1,1,0,10
2024-03-04 03:10:00,0,4,1,0,0,5
2024-03-04 03:20:00,0,0,1,3,0,4
2024-03-04 03:30:00,0,3,0,9,0,12
2024-03-04 03:40:00,1,2,3,3,0,9
2024-03-04 03:50:00,2,2,0,2,0,6
2024-03-04 04:00:00,2,2,3,7,0,14
2024-03-04 04:10:00,3,2,2,0,0,7
2024-03-04 04:20:00,8,3,2,1,0,14
2024-03-04 04:30:00,5,9,4,4,0,22
2024-03-04 04:40:00,2,3,6,19,0,30
2024-03-04 04:50:00,4,7,6,8,0,25
2024-03-04 05:00:00,2,7,11,16,0,36
2024-03-04 05:10:00,13,12,11,26,0,62
2024-03-04 05:20:00,22,16,16,38,0,92
2024-03-04 05:30:00,16,15,23,58,0,112
2024-03-04 05:40:00,16,28,21,45,0,110
2024-03-04 05:50:00,17,24,31,60,0,132
2024-03-04 06:00:00,26,25,19,40,0,110
2024-03-04 06:10:00,30,43,21,53,0,147
2024-03-04 06:20:00,23,39,31,72,0,165
2024-03-04 06:30:00,42,37,37,79,0,195
2024-03-04 06:40:00,37,52,36,88,0,213
2024-03-04 06:50:00,20,41,43,52,1,157
2024-03-04 07:00:00,32,36,39,33,0,140
2024-03-04 07:10:00,34,39,35,38,5,151
2024-03-04 07:20:00,28,42,41,39,4,154
2024-03-04 07:30:00,33,45,49,49,2,178
2024-03-04 07:40:00,32,43,37,31,4,147
2024-03-04 07:50:00,41,56,52,56,3,208
2024-03-04 08:00:00,39,54,48,51,1,193
2024-03-04 08:10:00,41,51,46,43,0,181
2024-03-04 08:20:00,39,47,46,51,1,184
2024-03-04 08:30:00,32,58,47,41,0,178
2024-03-04 08:40:00,36,52,57,52,0,197
2024-03-04 08:50:00,42,48,43,44,0,177
2024-03-04 09:00:00,31,42,25,31,0,129
2024-03-04 09:10:00,37,50,33,32,0,152
2024-03-04 09:20:00,34,50,46,40,3,173
2024-03-04 09:30:00,29,42,42,32,2,147
2024-03-04 09:40:00,29,40,45,29,0,143
2024-03-04 09:50:00,28,36,25,30,3,122
2024-03-04 10:00:00,33,36,15,32,1,117
2024-03-04 10:10:00,26,49,26,36,0,137
2024-03-04 10:20:00,27,46,26,29,1,129
2024-03-04 10:30:00,29,43,37,30,0,139
2024-03-04 10:40:00,28,49,36,42,1,156
2024-03-04 10:50:00,36,46,22,32,1,137
2024-03-04 11:00:00,23,43,25,36,2,129
2024-03-04 11:10:00,27,43,28,35,0,133
2024-03-04 11:20:00,31,55,28,30,0,144
2024-03-04 11:30:00,33,47,17,27,2,126
2024-03-04 11:40:00,38,48,22,26,1,135
2024-03-04 11:50:00,35,60,29,45,0,169
2024-03-04 12:00:00,37,65,21,40,0,163
2024-03-04 12:10:00,31,47,20,30,1,129
2024-03-04 12:20:00,39,59,8,32,0,138
2024-03-04 12:30:00,38,61,23,24,0,146
2024-03-04 12:40:00,42,49,24,35,2,152
2024-03-04 12:50:00,45,54,29,32,0,160
2024-03-04 13:00:00,39,56,30,36,0,161
2024-03-04 13:10:00,38,58,29,34,0,159
2024-03-04 13:20:00,47,54,24,32,1,158
2024-03-04 13:30:00,44,60,24,32,3,163
2024-03-04 13:40:00,42,62,15,28,1,148
2024-03-04 13:50:00,38,54,27,39,3,161
2024-03-04 14:00:00,36,54,22,25,1,138
2024-03-04 14:10:00,48,65,25,35,2,175
2024-03-04 14:20:00,42,65,22,35,1,165
2024-03-04 14:30:00,48,53,18,27,1,147
2024-03-04 14:40:00,44,60,18,40,1,163
2024-03-04 14:50:00,47,58,21,28,2,156
2024-03-04 15:00:00,58,50,27,31,1,167
2024-03-04 15:10:00,53,62,23,33,1,172
2024-03-04 15:20:00,56,48,25,26,1,156
2024-03-04 15:30:00,47,45,25,28,5,150
2024-03-04 15:40:00,58,54,23,33,0,168
2024-03-04 15:50:00,56,51,21,33,3,164
2024-03-04 16:00:00,55,51,24,25,1,156
2024-03-04 16:10:00,60,58,26,26,0,170
2024-03-04 16:20:00,56,48,29,31,1,165
2024-03-04 16:30:00,57,60,23,31,0,171
2024-03-04 16:40:00,54,60,27,29,2,172
2024-03-04 16:50:00,42,44,35,33,1,155
2024-03-04 17:00:00,55,51,22,30,1,159
2024-03-04 17:10:00,48,47,25,27,1,148
2024-03-04 17:20:00,64,41,29,40,1,175
2024-03-04 17:30:00,45,63,32,32,1,173
2024-03-04 17:40:00,61,57,29,33,1,181
2024-03-04 17:50:00,55,52,33,39,2,181
2024-03-04 18:00:00,52,54,22,34,0,162
2024-03-04 18:10:00,65,48,33,33,4,183
2024-03-04 18:20:00,76,69,25,51,0,221
2024-03-04 18:30:00,71,47,24,55,1,198
2024-03-04 18:40:00,52,54,32,57,0,195
2024-03-04 18:50:00,71,48,34,60,1,214
2024-03-04 19:00:00,43,51,24,39,0,157
2024-03-04 19:10:00,63,49,20,43,2,177
2024-03-04 19:20:00,35,45,24,48,0,152
2024-03-04 19:30:00,43,44,28,36,0,151
2024-03-04 19:40:00,31,35,15,38,0,119
2024-03-04 19:50:00,37,35,21,26,0,119
2024-03-04 20:00:00,35,43,25,47,0,150
2024-03-04 20:10:00,35,43,15,19,0,112
2024-03-04 20:20:00,26,40,15,22,0,103
2024-03-04 20:30:00,21,36,8,23,0,88
2024-03-04 20:40:00,19,39,22,19,0,99
2024-03-04 20:50:00,26,42,16,21,0,105
2024-03-04 21:00:00,17,43,18,26,0,104
2024-03-04 21:10:00,23,51,13,11,0,98
2024-03-04 21:20:00,29,34,18,30,0,111
2024-03-04 21:30:00,26,40,10,23,0,99
2024-03-04 21:40:00,30,35,15,12,0,92
2024-03-04 21:50:00,15,29,16,15,0,75
2024-03-04 22:00:00,19,26,11,24,0,80
2024-03-04 22:10:00,15,33,12,17,0,77
2024-03-04 22:20:00,24,42,13,19,0,98
2024-03-04 22:30:00,27,40,11,10,0,88
2024-03-04 22:40:00,19,27,15,17,0,78
2024-03-04 22:50:00,15,25,12,11,0,63
2024-03-04 23:00:00,9,15,8,9,0,41
2024-03-04 23:10:00,12,23,7,9,0,51
2024-03-04 23:20:00,8,16,7,5,0,36
2024-03-04 23:30:00,13,18,6,10,0,47
2024-03-04 23:40:00,8,18,4,2,1,33
2024-03-04 23:50:00,15,13,5,1,0,34
2024-03-05 00:00:00,7,11,4,5,0,27
2024-03-05 00:10:00,1,9,2,8,0,20
2024-03-05 00:20:00,5,8,6,2,0,21
2024-03-05 00:30:00,3,8,2,6,0,19
2024-03-05 00:40:00,2,5,4,5,0,16
2024-03-05 00:50:00,0,7,1,2,0,10
2024-03-05 01:00:00,1,7,1,0,0,9
2024-03-05 01:10:00,3,13,1,0,0,17
2024-03-05 01:20:00,1,5,0,0,0,6
2024-03-05 01:30:00,5,6,4,5,0,20
2024-03-05 01:40:00,0,0,0,1,0,1
2024-03-05 01:50:00,0,2,1,1,0,4
2024-03-05 02:00:00,4,6,1,1,0,12
2024-03-05 02:10:00,2,2,1,0,0,5
2024-03-05 02:20:00,1,3,3,2,0,9
2024-03-05 02:30:00,0,3,2,0,0,5
2024-03-05 02:40:00,1,2,1,0,0,4
2024-03-05 02:50:00,1,3,0,0,0,4
2024-03-05 03:00:00,0,3,2,2,0,7
2024-03-05 03:10:00,0,2,1,1,0,4
2024-03-05 03:20:00,1,5,2,2,0,10
2024-03-05 03:30:00,0,2,2,3,0,7
2024-03-05 03:40:00,2,4,0,0,0,6
2024-03-05 03:50:00,1,4,3,2,0,10
2024-03-05 04:00:00,6,6,0,5,0,17
2024-03-05 04:10:00,0,1,2,6,0,9
2024-03-05 04:20:00,5,3,3,5,0,16
2024-03-05 04:30:00,5,9,4,7,0,25
2024-03-05 04:40:00,3,3,2,11,0,19
2024-03-05 04:50:00,5,6,7,12,0,30
2024-03-05 05:00:00,3,4,18,18,0,43
2024-03-05 05:10:00,12,16,9,22,0,59
2024-03-05 05:20:00,15,20,19,33,0,87
2024-03-05 05:30:00,12,17,15,38,0,82
2024-03-05 05:40:00,31,24,19,61,0,135
2024-03-05 05:50:00,14,18,32,52,0,116
2024-03-05 06:00:00,25,28,30,36,0,119
2024-03-05 06:10:00,23,40,32,50,0,145
2024-03-05 06:20:00,31,34,35,51,0,151
2024-03-05 06:30:00,26,38,44,89,0,197
2024-03-05 06:40:00,45,41,35,68,0,189
2024-03-05 06:50:00,35,40,49,62,0,186
2024-03-05 07:00:00,23,30,35,35,0,123
2024-03-05 07:10:00,18,43,39,51,5,156
2024-03-05 07:20:00,33,31,44,49,6,163
2024-03-05 07:30:00,32,37,47,44,6,166
2024-03-05 07:40:00,31,51,47,35,2,166
2024-03-05 07:50:00,40,59,47,50,1,197
2024-03-05 08:00:00,29,41,56,46,2,174
2024-03-05 08:10:00,38,47,48,44,0,177
2024-03-05 08:20:00,29,51,63,56,0,199
2024-03-05 08:30:00,39,61,51,43,0,194
2024-03-05 08:40:00,38,48,46,51,1,184
2024-03-05 08:50:00,37,59,47,40,1,184
2024-03-05 09:00:00,34,43,47,49,0,173
2024-03-05 09:10:00,35,46,40,43,0,164
2024-03-05 09:20:00,25,37,47,44,0,153
2024-03-05 09:30:00,28,45,34,38,4,149
2024-03-05 09:40:00,30,45,30,43,2,150
2024-03-05 09:50:00,34,42,35,31,2,144
2024-03-05 10:00:00,42,40,31,36,1,150
2024-03-05 10:10:00,28,43,35,26,1,133
2024-03-05 10:20:00,31,48,29,29,0,137
2024-03-05 10:30:00,33,46,32,29,0,140
2024-03-05 10:40:00,32,50,30,28,0,140
2024-03-05 10:50:00,29,47,36,33,3,148
2024-03-05 11:00:00,29,42,30,35,0,136
2024-03-05 11:10:00,24,37,17,35,0,113
2024-03-05 11:20:00,32,41,26,34,1,134
2024-03-05 11:30:00,30,64,18,35,0,147
2024-03-05 11:40:00,36,59,22,34,1,152
2024-03-05 11:50:00,35,57,20,36,0,148
2024-03-05 12:00:00,36,53,18,30,0,137
2024-03-05 12:10:00,35,62,25,29,1,152
2024-03-05 12:20:00,39,43,18,36,1,137
2024-03-05 12:30:00,38,55,29,37,1,160
2024-03-05 12:40:00,39,56,21,46,0,162
2024-03-05 12:50:00,37,51,19,24,0,131
2024-03-05 13:00:00,43,74,25,32,0,174
2024-03-05 13:10:00,61,73,25,39,0,198
2024-03-05 13:20:00,46,46,16,24,3,135
2024-03-05 13:30:00,33,61,22,30,0,146
2024-03-05 13:40:00,38,56,23,28,4,149
2024-03-05 13:50:00,52,57,30,35,1,175
2024-03-05 14:00:00,49,51,19,17,6,142
2024-03-05 14:10:00,35,57,23,28,1,144
2024-03-05 14:20:00,49,60,29,28,1,167
2024-03-05 14:30:00,50,61,27,28,3,169
2024-03-05 14:40:00,50,70,26,42,2,190
2024-03-05 14:50:00,51,58,30,38,1,178
2024-03-05 15:00:00,37,62,24,35,0,158
2024-03-05 15:10:00,46,61,23,39,0,169
2024-03-05 15:20:00,57,61,28,45,0,191
2024-03-05 15:30:00,63,64,21,36,2,186
2024-03-05 15:40:00,51,53,30,30,0,164
2024-03-05 15:50:00,50,53,19,33,0,155
2024-03-05 16:00:00,58,56,25,41,2,182
2024-03-05 16:10:00,39,44,27,26,3,139
2024-03-05 16:20:00,67,60,26,29,0,182
2024-03-05 16:30:00,70,56,25,32,2,185
2024-03-05 16:40:00,50,48,36,37,3,174
2024-03-05 16:50:00,63,57,25,35,0,180
2024-03-05 17:00:00,52,54,21,31,2,160
2024-03-05 17:10:00,62,53,26,29,1,171
2024-03-05 17:20:00,58,64,25,30,1,178
2024-03-05 17:30:00,46,44,26,28,0,144
2024-03-05 17:40:00,48,51,22,29,1,151
2024-03-05 17:50:00,44,47,26,30,4,151
2024-03-05 18:00:00,60,57,20,30,0,167
2024-03-05 18:10:00,43,42,22,30,3,140
2024-03-05 18:20:00,64,53,30,34,0,181
2024-03-05 18:30:00,61,56,25,44,3,189
2024-03-05 18:40:00,63,63,37,71,1,235
2024-03-05 18:50:00,57,60,42,59,0,218
2024-03-05 19:00:00,50,54,43,59,0,206
2024-03-05 19:10:00,59,50,35,58,2,204
2024-03-05 19:20:00,38,37,32,42,0,149
2024-03-05 19:30:00,41,53,25,37,0,156
2024-03-05 19:40:00,36,58,20,36,0,150
2024-03-05 19:50:00,24,37,20,55,0,136
2024-03-05 20:00:00,41,50,20,29,0,140
2024-03-05 20:10:00,35,41,18,39,1,134
2024-03-05 20:20:00,23,45,25,41,2,136
2024-03-05 20:30:00,25,54,18,34,0,131
2024-03-05 20:40:00,30,40,26,35,0,131
2024-03-05 20:50:00,20,29,16,26,0,91
2024-03-05 21:00:00,20,38,20,36,0,114
2024-03-05 21:10:00,13,35,24,18,0,90
2024-03-05 21:20:00,20,47,16,25,0,108
2024-03-05 21:30:00,24,32,20,33,0,109
2024-03-05 21:40:00,17,28,14,14,0,73
2024-03-05 21:50:00,25,35,20,21,0,101
2024-03-05 22:00:00,19,38,19,20,0,96
2024-03-05 22:10:00,17,31,21,20,0,89
2024-03-05 22:20:00,17,27,9,24,0,77
2024-03-05 22:30:00,24,33,11,24,1,93
2024-03-05 22:40:00,21,52,13,16,1,103
2024-03-05 22:50:00,31,43,11,15,1,101
2024-03-05 23:00:00,21,33,14,15,0,83
2024-03-05 23:10:00,12,29,11,15,0,67
2024-03-05 23:20:00,11,28,10,10,0,59
2024-03-05 23:30:00,8,18,6,5,0,37
2024-03-05 23:40:00,3,13,7,9,1,33
2024-03-05 23:50:00,6,17,5,2,0,30
2024-03-06 00:00:00,2,9,4,1,0,16
2024-03-06 00:10:00,1,5,9,1,0,16
2024-03-06 00:20:00,6,9,7,5,0,27
2024-03-06 00:30:00,5,7,11,10,0,33
2024-03-06 00:40:00,2,2,7,8,0,19
2024-03-06 00:50:00,2,7,4,4,0,17
2024-03-06 01:00:00,4,11,3,4,0,22
2024-03-06 01:10:00,4,4,5,2,0,15
2024-03-06 01:20:00,3,9,1,1,0,14
2024-03-06 01:30:00,2,2,0,1,0,5
2024-03-06 01:40:00,4,4,3,5,0,16
2024-03-06 01:50:00,0,1,0,3,0,4
2024-03-06 02:00:00,1,6,2,0,0,9
2024-03-06 02:10:00,2,2,0,0,0,4
2024-03-06 02:20:00,2,4,3,2,0,11
2024-03-06 02:30:00,0,4,0,0,0,4
2024-03-06 02:40:00,0,2,0,2,0,4
2024-03-06 02:50:00,2,5,1,0,0,8
2024-03-06 03:00:00,4,5,0,1,0,10
2024-03-06 03:10:00,6,4,4,0,0,14
2024-03-06 03:20:00,0,4,0,3,0,7
2024-03-06 03:30:00,2,6,1,2,0,11
2024-03-06 03:40:00,3,7,2,3,0,15
2024-03-06 03:50:00,5,5,1,0,0,11
2024-03-06 04:00:00,1,2,3,9,0,15
2024-03-06 04:10:00,3,4,1,2,0,10
2024-03-06 04:20:00,2,5,7,6,0,20
2024-03-06 04:30:00,2,3,3,12,0,20
2024-03-06 04:40:00,2,5,2,7,0,16
2024-03-06 04:50:00,7,7,3,19,0,36
2024-03-06 05:00:00,1,5,12,14,0,32
2024-03-06 05:10:00,17,13,9,21,0,60
2024-03-06 05:20:00,11,16,22,32,0,81
2024-03-06 05:30:00,16,17,19,37,0,89
2024-03-06 05:40:00,17,24,24,50,0,115
2024-03-06 05:50:00,16,22,23,64,0,125
2024-03-06 06:00:00,20,34,20,24,0,98
2024-03-06 06:10:00,25,28,31,53,0,137
2024-03-06 06:20:00,36,33,27,51,0,147
2024-03-06 06:30:00,32,36,33,61,0,162
2024-03-06 06:40:00,41,55,45,82,0,223
2024-03-06 06:50:00,23,28,37,49,0,137
2024-03-06 07:00:00,26,28,39,30,1,124
2024-03-06 07:10:00,35,39,33,51,2,160
2024-03-06 07:20:00,41,40,48,47,3,179
2024-03-06 07:30:00,33,46,48,44,6,177
2024-03-06 07:40:00,31,56,47,43,2,179
2024-03-06 07:50:00,34,68,57,51,1,211
2024-03-06 08:00:00,27,53,54,33,3,170
2024-03-06 08:10:00,36,51,42,47,2,178
2024-03-06 08:20:00,34,54,47,53,4,192
2024-03-06 08:30:00,27,44,40,44,0,155
2024-03-06 08:40:00,31,70,40,41,1,183
2024-03-06 08:50:00,38,68,36,52,1,195
2024-03-06 09:00:00,39,55,39,57,0,190
2024-03-06 09:10:00,31,45,21,55,0,152
2024-03-06 09:20:00,39,53,35,59,1,187
2024-03-06 09:30:00,34,32,17,43,2,128
2024-03-06 09:40:00,36,45,14,43,2,140
2024-03-06 09:50:00,27,41,15,44,2,129
2024-03-06 10:00:00,27,38,23,40,1,129
2024-03-06 10:10:00,36,49,19,37,3,144
2024-03-06 10:20:00,25,51,21,35,2,134
2024-03-06 10:30:00,29,36,14,31,6,116
2024-03-06 10:40:00,39,48,17,45,0,149
2024-03-06 10:50:00,31,56,11,48,1,147
2024-03-06 11:00:00,31,48,11,47,0,137
2024-03-06 11:10:00,29,53,6,40,0,128
2024-03-06 11:20:00,39,51,11,45,0,146
2024-03-06 11:30:00,32,58,21,47,1,159
2024-03-06 11:40:00,31,50,13,44,0,138
2024-03-06 11:50:00,45,54,17,44,1,161
2024-03-06 12:00:00,41,48,16,49,2,156
2024-03-06 12:10:00,41,44,17,42,2,146
2024-03-06 12:20:00,35,55,16,25,0,131
2024-03-06 12:30:00,31,55,16,48,0,150
2024-03-06 12:40:00,48,74,16,41,1,180
2024-03-06 12:50:00,33,55,20,40,3,151
2024-03-06 13:00:00,45,51,19,45,0,160
2024-03-06 13:10:00,45,48,9,45,0,147
2024-03-06 13:20:00,34,58,15,37,2,146
2024-03-06 13:30:00,36,57,7,52,2,154
2024-03-06 13:40:00,50,52,17,39,2,160
2024-03-06 13:50:00,50,63,19,42,0,174
2024-03-06 14:00:00,38,52,9,33,0,132
2024-03-06 14:10:00,42,66,6,47,0,161
2024-03-06 14:20:00,46,51,17,33,2,149
2024-03-06 14:30:00,55,50,17,52,0,174
2024-03-06 14:40:00,58,22,17,39,2,138
2024-03-06 14:50:00,53,52,18,42,0,165
2024-03-06 15:00:00,53,69,11,43,3,179
2024-03-06 15:10:00,50,51,29,45,1,176
2024-03-06 15:20:00,51,52,32,38,0,173
2024-03-06 15:30:00,44,57,35,27,1,164
2024-03-06 15:40:00,40,53,27,31,0,151
2024-03-06 15:50:00,62,58,28,31,0,179
2024-03-06 16:00:00,62,54,32,30,2,180
2024-03-06 16:10:00,60,59,26,23,4,172
2024-03-06 16:20:00,64,61,35,39,1,200
2024-03-06 16:30:00,64,64,32,35,0,195
2024-03-06 16:40:00,43,45,28,45,1,162
2024-03-06 16:50:00,44,60,33,36,1,174
2024-03-06 17:00:00,57,52,31,40,2,182
2024-03-06 17:10:00,44,53,33,38,3,171
2024-03-06 17:20:00,61,59,38,30,5,193
2024-03-06 17:30:00,61,46,30,36,1,174
2024-03-06 17:40:00,42,41,20,17,2,122
2024-03-06 17:50:00,48,49,30,37,4,168
2024-03-06 18:00:00,50,41,26,21,3,141
2024-03-06 18:10:00,51,42,31,30,5,159
2024-03-06 18:20:00,47,54,23,27,0,151
2024-03-06 18:30:00,68,63,38,54,0,223
2024-03-06 18:40:00,51,65,45,67,0,228
2024-03-06 18:50:00,35,61,40,60,1,197
2024-03-06 19:00:00,47,62,19,53,0,181
2024-03-06 19:10:00,43,56,19,72,0,190
2024-03-06 19:20:00,46,49,23,92,0,210
2024-03-06 19:30:00,37,64,27,65,0,193
2024-03-06 19:40:00,46,46,31,50,0,173
2024-03-06 19:50:00,31,59,30,44,1,165
2024-03-06 20:00:00,33,50,23,31,0,137
2024-03-06 20:10:00,35,44,18,28,0,125
2024-03-06 20:20:00,18,57,21,38,1,135
2024-03-06 20:30:00,37,55,16,38,0,146
2024-03-06 20:40:00,28,50,23,24,0,125
2024-03-06 20:50:00,21,45,13,29,0,108
2024-03-06 21:00:00,29,46,14,21,0,110
2024-03-06 21:10:00,40,56,20,26,1,143
2024-03-06 21:20:00,36,52,19,20,0,127
2024-03-06 21:30:00,27,44,17,35,0,123
2024-03-06 21:40:00,19,34,15,38,0,106
2024-03-06 21:50:00,17,39,14,20,0,90
2024-03-06 22:00:00,29,47,15,23,1,115
2024-03-06 22:10:00,15,31,12,28,0,86
2024-03-06 22:20:00,19,19,15,21,1,75
2024-03-06 22:30:00,17,34,12,17,0,80
2024-03-06 22:40:00,26,32,12,17,0,87
2024-03-06 22:50:00,18,30,14,19,0,81
2024-03-06 23:00:00,21,43,13,14,0,91
2024-03-06 23:10:00,15,35,3,13,0,66
2024-03-06 23:20:00,6,22,4,10,0,42
2024-03-06 23:30:00,18,19,10,10,0,57
2024-03-06 23:40:00,9,18,5,4,0,36
2024-03-06 23:50:00,10,13,7,9,0,39
2024-03-07 00:00:00,4,21,5,1,0,31
2024-03-07 00:10:00,12,19,3,9,0,43
2024-03-07 00:20:00,3,4,0,4,0,11
2024-03-07 00:30:00,5,7,2,12,0,26
2024-03-07 00:40:00,5,6,2,4,0,17
2024-03-07 00:50:00,3,10,6,2,0,21
2024-03-07 01:00:00,1,13,2,0,0,16
2024-03-07 01:10:00,3,5,3,6,0,17
2024-03-07 01:20:00,4,6,3,5,0,18
2024-03-07 01:30:00,2,5,2,3,0,12
2024-03-07 01:40:00,3,7,4,0,0,14
2024-03-07 01:50:00,0,4,1,0,0,5
2024-03-07 02:00:00,1,6,1,3,0,11
2024-03-07 02:10:00,0,0,2,0,0,2
2024-03-07 02:20:00,1,9,2,3,0,15
2024-03-07 02:30:00,4,5,3,2,0,14
2024-03-07 02:40:00,1,1,1,0,0,3
2024-03-07 02:50:00,4,4,0,2,0,10
2024-03-07 03:00:00,5,4,0,1,0,10
2024-03-07 03:10:00,0,5,1,0,0,6
2024-03-07 03:20:00,0,6,0,0,0,6
2024-03-07 03:30:00,0,6,0,2,0,8
2024-03-07 03:40:00,1,3,2,4,0,10
2024-03-07 03:50:00,1,2,2,0,0,5
2024-03-07 04:00:00,5,2,0,2,0,9
2024-03-07 04:10:00,3,2,2,11,0,18
2024-03-07 04:20:00,2,6,6,2,0,16
2024-03-07 04:30:00,2,7,1,7,0,17
2024-03-07 04:40:00,5,9,3,13,0,30
2024-03-07 04:50:00,9,9,4,8,0,30
2024-03-07 05:00:00,7,6,10,10,0,33
2024-03-07 05:10:00,10,10,10,31,0,61
2024-03-07 05:20:00,13,19,17,29,0,78
2024-03-07 05:30:00,19,16,10,36,0,81
2024-03-07 05:40:00,27,19,20,66,0,132
2024-03-07 05:50:00,14,20,20,39,0,93
2024-03-07 06:00:00,21,26,27,51,0,125
2024-03-07 06:10:00,27,40,30,69,0,166
2024-03-07 06:20:00,28,29,36,51,0,144
2024-03-07 06:30:00,31,35,32,76,0,174
2024-03-07 06:40:00,35,38,33,55,0,161
2024-03-07 06:50:00,23,34,42,48,0,147
2024-03-07 07:00:00,26,33,41,47,0,147
2024-03-07 07:10:00,35,49,41,42,3,170
2024-03-07 07:20:00,33,34,50,39,4,160
2024-03-07 07:30:00,32,47,47,44,2,172
2024-03-07 07:40:00,42,60,45,49,1,197
2024-03-07 07:50:00,30,40,38,44,0,152
2024-03-07 08:00:00,46,40,21,13,0,120
2024-03-07 08:10:00,38,41,46,42,0,167
2024-03-07 08:20:00,38,47,59,47,0,191
2024-03-07 08:30:00,37,49,50,42,0,178
2024-03-07 08:40:00,50,58,56,42,1,207
2024-03-07 08:50:00,38,54,40,38,3,173
2024-03-07 09:00:00,24,46,29,52,0,151
2024-03-07 09:10:00,33,43,35,48,3,162
2024-03-07 09:20:00,32,35,25,60,2,154
2024-03-07 09:30:00,43,51,16,33,0,143
2024-03-07 09:40:00,25,40,14,45,0,124
2024-03-07 09:50:00,30,53,26,47,0,156
2024-03-07 10:00:00,28,50,21,47,0,146
2024-03-07 10:10:00,35,42,19,32,0,128
2024-03-07 10:20:00,24,53,14,32,0,123
2024-03-07 10:30:00,32,48,15,48,0,143
2024-03-07 10:40:00,30,43,18,53,2,146
2024-03-07 10:50:00,40,55,15,37,2,149
2024-03-07 11:00:00,30,51,17,44,0,142
2024-03-07 11:10:00,30,48,21,39,1,139
2024-03-07 11:20:00,41,52,25,31,1,150
2024-03-07 11:30:00,41,61,17,48,2,169
2024-03-07 11:40:00,37,48,14,40,1,140
2024-03-07 11:50:00,41,58,19,47,1,166
2024-03-07 12:00:00,37,54,20,41,1,153
2024-03-07 12:10:00,37,52,13,35,1,138
2024-03-07 12:20:00,43,68,12,45,0,168
2024-03-07 12:30:00,37,57,15,35,2,146
2024-03-07 12:40:00,47,47,20,38,2,154
2024-03-07 12:50:00,42,71,13,40,0,166
2024-03-07 13:00:00,39,55,10,42,2,148
2024-03-07 13:10:00,51,63,10,47,2,173
2024-03-07 13:20:00,39,58,11,32,1,141
2024-03-07 13:30:00,46,73,13,44,0,176
2024-03-07 13:40:00,43,54,17,37,0,151
2024-03-07 13:50:00,50,79,16,41,2,188
2024-03-07 14:00:00,40,51,17,38,0,146
2024-03-07 14:10:00,52,82,9,60,0,203
2024-03-07 14:20:00,52,73,16,47,4,192
2024-03-07 14:30:00,48,64,19,30,2,163
2024-03-07 14:40:00,46,64,20,41,2,173
2024-03-07 14:50:00,64,68,18,38,4,192
2024-03-07 15:00:00,40,57,21,48,4,170
2024-03-07 15:10:00,49,43,13,44,0,149
2024-03-07 15:20:00,62,65,16,33,2,178
2024-03-07 15:30:00,74,71,14,45,1,205
2024-03-07 15:40:00,49,50,17,40,3,159
2024-03-07 15:50:00,58,64,12,41,1,176
2024-03-07 16:00:00,58,62,12,52,2,186
2024-03-07 16:10:00,58,45,26,34,3,166
2024-03-07 16:20:00,53,49,30,35,1,168
2024-03-07 16:30:00,65,64,38,37,0,204
2024-03-07 16:40:00,51,58,28,32,1,170
2024-03-07 16:50:00,55,63,30,33,0,181
2024-03-07 17:00:00,51,51,34,41,2,179
2024-03-07 17:10:00,47,38,28,24,2,139
2024-03-07 17:20:00,57,48,26,24,2,157
2024-03-07 17:30:00,52,48,22,26,4,152
2024-03-07 17:40:00,56,56,34,24,3,173
2024-03-07 17:50:00,52,57,22,39,4,174
2024-03-07 18:00:00,53,55,27,26,2,163
2024-03-07 18:10:00,49,54,27,32,0,162
2024-03-07 18:20:00,48,48,21,30,1,148
2024-03-07 18:30:00,52,49,34,48,3,186
2024-03-07 18:40:00,89,50,42,59,0,240
2024-03-07 18:50:00,60,49,31,65,1,206
2024-03-07 19:00:00,49,52,29,55,1,186
2024-03-07 19:10:00,47,67,30,62,1,207
2024-03-07 19:20:00,38,62,32,34,3,169
2024-03-07 19:30:00,26,41,17,27,2,113
2024-03-07 19:40:00,43,55,26,58,1,183
2024-03-07 19:50:00,33,60,21,39,1,154
2024-03-07 20:00:00,28,47,18,28,0,121
2024-03-07 20:10:00,24,47,14,30,0,115
2024-03-07 20:20:00,22,47,17,34,0,120
2024-03-07 20:30:00,38,35,18,31,0,122
2024-03-07 20:40:00,27,54,20,29,2,132
2024-03-07 20:50:00,35,47,17,25,0,124
2024-03-07 21:00:00,28,59,9,37,0,133
2024-03-07 21:10:00,33,49,16,27,0,125
2024-03-07 21:20:00,38,42,10,25,0,115
2024-03-07 21:30:00,19,34,10,28,2,93
2024-03-07 21:40:00,20,54,13,31,1,119
2024-03-07 21:50:00,19,40,11,21,0,91
2024-03-07 22:00:00,27,37,7,34,0,105
2024-03-07 22:10:00,26,33,12,21,0,92
2024-03-07 22:20:00,13,32,11,28,1,85
2024-03-07 22:30:00,14,33,18,15,0,80
2024-03-07 22:40:00,18,31,9,28,0,86
2024-03-07 22:50:00,34,36,12,29,1,112
2024-03-07 23:00:00,11,24,16,6,0,57
2024-03-07 23:10:00,12,18,4,5,1,40
2024-03-07 23:20:00,6,21,8,4,0,39
2024-03-07 23:30:00,4,9,9,11,0,33
2024-03-07 23:40:00,8,11,4,3,0,26
2024-03-07 23:50:00,6,18,11,5,0,40
2024-03-08 00:00:00,8,7,4,2,0,21
2024-03-08 00:10:00,5,21,4,5,0,35
2024-03-08 00:20:00,2,6,2,4,0,14
2024-03-08 00:30:00,1,10,6,1,0,18
2024-03-08 00:40:00,1,4,2,5,0,12
2024-03-08 00:50:00,0,9,1,3,0,13
2024-03-08 01:00:00,3,7,2,7,0,19
2024-03-08 01:10:00,2,7,2,2,0,13
2024-03-08 01:20:00,0,4,3,3,0,10
2024-03-08 01:30:00,3,9,3,1,0,16
2024-03-08 01:40:00,5,8,4,0,0,17
2024-03-08 01:50:00,4,5,4,4,0,17
2024-03-08 02:00:00,1,4,1,0,0,6
2024-03-08 02:10:00,2,3,4,0,0,9
2024-03-08 02:20:00,3,8,1,3,0,15
2024-03-08 02:30:00,0,5,1,6,0,12
2024-03-08 02:40:00,2,3,1,0,0,6
2024-03-08 02:50:00,4,5,4,0,0,13
2024-03-08 03:00:00,2,6,0,3,0,11
2024-03-08 03:10:00,4,5,4,0,0,13
2024-03-08 03:20:00,4,8,1,0,0,13
2024-03-08 03:30:00,0,1,0,8,0,9
2024-03-08 03:40:00,0,0,0,3,0,3
2024-03-08 03:50:00,3,5,0,4,0,12
2024-03-08 04:00:00,2,3,6,6,0,17
2024-03-08 04:10:00,0,7,4,2,0,13
2024-03-08 04:20:00,7,7,4,4,0,22
2024-03-08 04:30:00,2,8,8,13,0,31
2024-03-08 04:40:00,4,5,3,9,0,21
2024-03-08 04:50:00,6,10,3,13,0,32
2024-03-08 05:00:00,3,4,8,26,0,41
2024-03-08 05:10:00,7,19,15,17,0,58
2024-03-08 05:20:00,15,9,17,35,0,76
2024-03-08 05:30:00,8,7,17,47,0,79
2024-03-08 05:40:00,27,17,23,46,0,113
2024-03-08 05:50:00,15,23,21,40,0,99
2024-03-08 06:00:00,9,20,24,45,0,98
2024-03-08 06:10:00,29,39,22,38,0,128
2024-03-08 06:20:00,25,18,36,53,0,132
2024-03-08 06:30:00,26,41,32,56,0,155
2024-03-08 06:40:00,24,30,32,36,0,122
2024-03-08 06:50:00,21,28,37,39,0,125
2024-03-08 07:00:00,18,34,37,34,0,123
2024-03-08 07:10:00,36,41,41,38,3,159
2024-03-08 07:20:00,29,33,51,45,4,162
2024-03-08 07:30:00,32,44,46,47,4,173
2024-03-08 07:40:00,47,45,38,51,2,183
2024-03-08 07:50:00,35,54,42,47,0,178
2024-03-08 08:00:00,24,40,46,44,2,156
2024-03-08 08:10:00,29,42,48,44,4,167
2024-03-08 08:20:00,41,51,42,42,5,181
2024-03-08 08:30:00,32,39,40,37,1,149
2024-03-08 08:40:00,39,52,45,35,0,171
2024-03-08 08:50:00,42,57,31,37,0,167
2024-03-08 09:00:00,30,50,33,30,0,143
2024-03-08 09:10:00,35,47,40,41,0,163
2024-03-08 09:20:00,30,41,32,41,0,144
2024-03-08 09:30:00,25,40,27,37,1,130
2024-03-08 09:40:00,30,52,30,37,0,149
2024-03-08 09:50:00,31,56,18,37,0,142
2024-03-08 10:00:00,34,56,27,34,0,151
2024-03-08 10:10:00,31,54,15,43,3,146
2024-03-08 10:20:00,39,54,26,35,0,154
2024-03-08 10:30:00,32,48,29,29,0,138
2024-03-08 10:40:00,29,48,19,35,7,138
2024-03-08 10:50:00,38,52,22,35,1,148
2024-03-08 11:00:00,47,69,25,29,0,170
2024-03-08 11:10:00,39,51,38,34,0,162
2024-03-08 11:20:00,46,61,30,37,1,175
2024-03-08 11:30:00,39,57,22,22,1,141
2024-03-08 11:40:00,33,60,31,26,3,153
2024-03-08 11:50:00,48,65,34,24,0,171
2024-03-08 12:00:00,51,62,31,31,0,175
2024-03-08 12:10:00,46,87,28,26,0,187
2024-03-08 12:20:00,44,62,23,25,0,154
2024-03-08 12:30:00,49,71,27,41,0,188
2024-03-08 12:40:00,58,66,24,40,0,188
2024-03-08 12:50:00,42,52,26,44,0,164
2024-03-08 13:00:00,66,89,23,24,1,203
2024-03-08 13:10:00,62,65,25,38,1,191
2024-03-08 13:20:00,43,67,25,36,0,171
2024-03-08 13:30:00,50,70,27,28,1,176
2024-03-08 13:40:00,67,65,29,23,1,185
2024-03-08 13:50:00,53,63,23,23,0,162
2024-03-08 14:00:00,55,49,21,37,0,162
2024-03-08 14:10:00,57,60,29,37,1,184
2024-03-08 14:20:00,68,67,15,26,1,177
2024-03-08 14:30:00,61,54,21,21,1,158
2024-03-08 14:40:00,48,48,15,31,3,145
2024-03-08 14:50:00,55,56,21,32,3,167
2024-03-08 15:00:00,62,58,20,16,0,156
2024-03-08 15:10:00,60,58,30,33,0,181
2024-03-08 15:20:00,62,46,17,27,0,152
2024-03-08 15:30:00,64,49,22,36,1,172
2024-03-08 15:40:00,54,41,22,19,1,137
2024-03-08 15:50:00,46,49,26,34,6,161
2024-03-08 16:00:00,40,38,22,31,3,134
2024-03-08 16:10:00,48,45,23,34,1,151
2024-03-08 16:20:00,46,55,27,34,2,164
2024-03-08 16:30:00,56,44,29,30,0,159
2024-03-08 16:40:00,51,47,26,33,3,160
2024-03-08 16:50:00,52,50,23,26,7,158
2024-03-08 17:00:00,49,51,29,28,3,160
2024-03-08 17:10:00,58,61,24,36,7,186
2024-03-08 17:20:00,56,55,29,27,1,168
2024-03-08 17:30:00,46,35,25,29,0,135
2024-03-08 17:40:00,53,52,34,33,0,172
2024-03-08 17:50:00,43,48,37,39,1,168
2024-03-08 18:00:00,51,50,21,28,3,153
2024-03-08 18:10:00,60,49,40,34,0,183
2024-03-08 18:20:00,43,47,27,32,6,155
2024-03-08 18:30:00,43,44,40,40,1,168
2024-03-08 18:40:00,62,38,50,69,2,221
2024-03-08 18:50:00,66,46,45,64,2,223
2024-03-08 19:00:00,43,62,40,47,0,192
2024-03-08 19:10:00,50,45,39,49,2,185
2024-03-08 19:20:00,48,44,31,41,0,164
2024-03-08 19:30:00,30,44,32,36,1,143
2024-03-08 19:40:00,26,52,30,63,1,172
2024-03-08 19:50:00,40,51,23,32,1,147
2024-03-08 20:00:00,38,30,36,39,1,144
2024-03-08 20:10:00,53,49,23,50,0,175
2024-03-08 20:20:00,35,44,22,29,0,130
2024-03-08 20:30:00,39,45,25,46,1,156
2024-03-08 20:40:00,32,51,26,45,0,154
2024-03-08 20:50:00,26,47,23,25,1,122
2024-03-08 21:00:00,23,34,20,37,0,114
2024-03-08 21:10:00,31,56,23,33,0,143
2024-03-08 21:20:00,32,51,20,26,0,129
2024-03-08 21:30:00,28,47,24,28,1,128
2024-03-08 21:40:00,21,49,12,28,0,110
2024-03-08 21:50:00,22,48,21,33,0,124
2024-03-08 22:00:00,22,48,10,32,0,112
2024-03-08 22:10:00,41,56,26,27,0,150
2024-03-08 22:20:00,19,39,17,29,0,104
2024-03-08 22:30:00,32,53,18,15,0,118
2024-03-08 22:40:00,36,65,19,21,0,141
2024-03-08 22:50:00,31,45,20,30,0,126
2024-03-08 23:00:00,41,53,14,17,0,125
2024-03-08 23:10:00,37,52,17,26,0,132
2024-03-08 23:20:00,32,49,14,23,0,118
2024-03-08 23:30:00,23,36,8,10,0,77
2024-03-08 23:40:00,13,32,6,13,1,65
2024-03-08 23:50:00,16,47,6,12,2,83
2024-03-09 00:00:00,6,23,6,8,0,43
2024-03-09 00:10:00,20,30,7,10,2,69
2024-03-09 00:20:00,25,22,11,17,0,75
2024-03-09 00:30:00,20,23,6,9,0,58
2024-03-09 00:40:00,4,18,8,11,0,41
2024-03-09 00:50:00,5,13,7,11,0,36
2024-03-09 01:00:00,15,28,5,13,0,61
2024-03-09 01:10:00,5,19,14,5,0,43
2024-03-09 01:20:00,4,13,10,9,0,36
2024-03-09 01:30:00,8,17,5,5,0,35
2024-03-09 01:40:00,5,16,7,4,0,32
2024-03-09 01:50:00,8,19,7,2,0,36
2024-03-09 02:00:00,14,10,3,0,0,27
2024-03-09 02:10:00,5,7,3,7,0,22
2024-03-09 02:20:00,9,10,5,1,0,25
2024-03-09 02:30:00,0,6,5,8,0,19
2024-03-09 02:40:00,3,9,4,0,0,16
2024-03-09 02:50:00,7,18,3,0,0,28
2024-03-09 03:00:00,2,8,2,3,0,15
2024-03-09 03:10:00,2,15,4,5,0,26
2024-03-09 03:20:00,5,9,9,0,0,23
2024-03-09 03:30:00,3,1,5,1,0,10
2024-03-09 03:40:00,2,3,1,2,0,8
2024-03-09 03:50:00,2,4,3,1,0,10
2024-03-09 04:00:00,4,7,1,4,0,16
2024-03-09 04:10:00,0,3,3,10,0,16
2024-03-09 04:20:00,1,7,1,1,0,10
2024-03-09 04:30:00,1,7,1,6,0,15
2024-03-09 04:40:00,2,8,5,2,0,17
2024-03-09 04:50:00,4,6,3,8,0,21
2024-03-09 05:00:00,1,8,5,13,0,27
2024-03-09 05:10:00,5,7,7,8,0,27
2024-03-09 05:20:00,2,8,9,12,0,31
2024-03-09 05:30:00,8,8,8,18,0,42
2024-03-09 05:40:00,7,17,4,14,0,42
2024-03-09 05:50:00,8,16,3,13,0,40
2024-03-09 06:00:00,11,13,5,5,0,34
2024-03-09 06:10:00,10,11,12,12,0,45
2024-03-09 06:20:00,6,12,11,16,0,45
2024-03-09 06:30:00,8,19,6,26,0,59
2024-03-09 06:40:00,10,20,8,14,0,52
2024-03-09 06:50:00,12,21,4,7,0,44
2024-03-09 07:00:00,9,8,10,12,0,39
2024-03-09 07:10:00,10,6,9,8,0,33
2024-03-09 07:20:00,12,12,12,20,0,56
2024-03-09 07:30:00,16,31,16,14,0,77
2024-03-09 07:40:00,8,18,15,16,0,57
2024-03-09 07:50:00,17,25,15,28,0,85
2024-03-09 08:00:00,9,29,9,14,0,61
2024-03-09 08:10:00,19,16,13,18,0,66
2024-03-09 08:20:00,10,23,13,24,0,70
2024-03-09 08:30:00,17,24,16,19,1,77
2024-03-09 08:40:00,10,29,19,24,0,82
2024-03-09 08:50:00,18,35,17,19,0,89
2024-03-09 09:00:00,22,22,18,28,0,90
2024-03-09 09:10:00,16,46,25,39,2,128
2024-03-09 09:20:00,26,44,23,25,1,119
2024-03-09 09:30:00,30,33,21,19,0,103
2024-03-09 09:40:00,28,43,21,23,2,117
2024-03-09 09:50:00,31,39,24,33,1,128
2024-03-09 10:00:00,27,34,26,38,2,127
2024-03-09 10:10:00,22,35,20,28,2,107
2024-03-09 10:20:00,24,53,30,33,1,141
2024-03-09 10:30:00,33,48,26,33,0,140
2024-03-09 10:40:00,35,60,28,36,1,160
2024-03-09 10:50:00,37,47,31,33,0,148
2024-03-09 11:00:00,34,42,23,34,4,137
2024-03-09 11:10:00,37,46,25,34,1,143
2024-03-09 11:20:00,37,51,22,34,3,147
2024-03-09 11:30:00,42,54,35,38,0,169
2024-03-09 11:40:00,24,55,24,29,8,140
2024-03-09 11:50:00,33,45,34,39,1,152
2024-03-09 12:00:00,36,42,33,32,0,143
2024-03-09 12:10:00,49,55,35,32,1,172
2024-03-09 12:20:00,44,63,24,26,0,157
2024-03-09 12:30:00,42,52,34,40,0,168
2024-03-09 12:40:00,47,64,26,26,0,163
2024-03-09 12:50:00,39,62,27,34,1,163
2024-03-09 13:00:00,42,57,32,34,2,167
2024-03-09 13:10:00,44,54,20,33,1,152
2024-03-09 13:20:00,44,60,20,32,1,157
2024-03-09 13:30:00,36,60,24,30,2,152
2024-03-09 13:40:00,48,50,33,37,0,168
2024-03-09 13:50:00,38,55,30,36,1,160
2024-03-09 14:00:00,36,62,29,28,1,156
2024-03-09 14:10:00,49,59,29,23,0,160
2024-03-09 14:20:00,36,67,33,31,0,167
2024-03-09 14:30:00,42,67,30,24,0,163
2024-03-09 14:40:00,44,46,19,23,1,133
2024-03-09 14:50:00,32,49,28,29,0,138
2024-03-09 15:00:00,40,62,29,28,0,159
2024-03-09 15:10:00,36,67,20,19,0,142
2024-03-09 15:20:00,47,57,31,30,1,166
2024-03-09 15:30:00,37,37,21,27,2,124
2024-03-09 15:40:00,32,52,31,25,0,140
2024-03-09 15:50:00,39,48,22,34,1,144
2024-03-09 16:00:00,35,48,20,28,2,133
2024-03-09 16:10:00,30,51,24,40,1,146
2024-03-09 16:20:00,35,54,26,19,1,135
2024-03-09 16:30:00,29,49,30,27,1,136
2024-03-09 16:40:00,36,53,25,39,0,153
2024-03-09 16:50:00,28,49,26,35,3,141
2024-03-09 17:00:00,34,54,28,30,0,146
2024-03-09 17:10:00,28,47,21,32,1,129
2024-03-09 17:20:00,32,45,26,33,3,139
2024-03-09 17:30:00,34,53,27,29,0,143
2024-03-09 17:40:00,41,43,23,25,2,134
2024-03-09 17:50:00,32,49,24,30,1,136
2024-03-09 18:00:00,35,42,21,24,3,125
2024-03-09 18:10:00,41,49,28,32,1,151
2024-03-09 18:20:00,29,52,21,26,1,129
2024-03-09 18:30:00,50,52,29,34,1,166
2024-03-09 18:40:00,47,70,43,45,0,205
2024-03-09 18:50:00,35,58,34,42,1,170
2024-03-09 19:00:00,22,64,35,70,1,192
2024-03-09 19:10:00,31,43,33,43,1,151
2024-03-09 19:20:00,32,51,28,51,1,163
2024-03-09 19:30:00,15,40,25,39,2,121
2024-03-09 19:40:00,38,51,37,53,0,179
2024-03-09 19:50:00,18,40,32,35,0,125
2024-03-09 20:00:00,26,53,22,52,0,153
2024-03-09 20:10:00,23,38,20,34,0,115
2024-03-09 20:20:00,31,52,13,23,1,120
2024-03-09 20:30:00,26,34,21,32,2,115
2024-03-09 20:40:00,21,41,27,29,0,118
2024-03-09 20:50:00,13,41,23,22,0,99
2024-03-09 21:00:00,14,36,23,41,0,114
2024-03-09 21:10:00,21,40,17,32,0,110
2024-03-09 21:20:00,16,33,12,17,0,78
2024-03-09 21:30:00,26,36,26,23,0,111
2024-03-09 21:40:00,15,28,18,22,1,84
2024-03-09 21:50:00,26,32,15,30,0,103
2024-03-09 22:00:00,25,40,21,33,1,120
2024-03-09 22:10:00,34,38,16,30,0,118
2024-03-09 22:20:00,30,40,15,16,0,101
2024-03-09 22:30:00,23,31,22,22,0,98
2024-03-09 22:40:00,46,40,13,22,0,121
2024-03-09 22:50:00,26,47,16,25,0,114
2024-03-09 23:00:00,39,40,9,11,0,99
2024-03-09 23:10:00,38,40,15,8,0,101
2024-03-09 23:20:00,22,33,20,10,0,85
2024-03-09 23:30:00,20,34,9,16,0,79
2024-03-09 23:40:00,8,35,16,15,0,74
2024-03-09 23:50:00,16,41,9,13,2,81
2024-03-10 00:00:00,17,22,8,10,0,57
2024-03-10 00:10:00,23,27,21,10,0,81
2024-03-10 00:20:00,12,24,8,14,0,58
2024-03-10 00:30:00,5,23,15,6,0,49
2024-03-10 00:40:00,4,19,13,18,2,56
2024-03-10 00:50:00,6,23,6,10,0,45
2024-03-10 01:00:00,8,36,4,18,0,66
2024-03-10 01:10:00,17,18,10,4,0,49
2024-03-10 01:20:00,12,27,7,7,0,53
2024-03-10 01:30:00,12,20,14,11,0,57
2024-03-10 01:40:00,12,18,6,8,0,44
2024-03-10 01:50:00,8,11,6,4,0,29
2024-03-10 02:00:00,2,12,3,11,1,29
2024-03-10 02:10:00,12,17,8,4,0,41
2024-03-10 02:20:00,2,8,7,2,0,19
2024-03-10 02:30:00,7,20,4,1,0,32
2024-03-10 02:40:00,11,13,5,3,0,32
2024-03-10 02:50:00,8,5,1,5,0,19
2024-03-10 03:00:00,8,8,4,0,0,20
2024-03-10 03:10:00,6,13,3,3,0,25
2024-03-10 03:20:00,1,5,0,1,0,7
2024-03-10 03:30:00,5,8,8,4,0,25
2024-03-10 03:40:00,6,11,2,3,0,22
2024-03-10 03:50:00,3,7,9,2,0,21
2024-03-10 04:00:00,5,6,1,2,0,14
2024-03-10 04:10:00,5,10,8,7,0,30
2024-03-10 04:20:00,0,8,2,2,0,12
2024-03-10 04:30:00,0,3,3,3,0,9
2024-03-10 04:40:00,5,3,3,5,0,16
2024-03-10 04:50:00,3,5,3,5,0,16
2024-03-10 05:00:00,2,13,2,5,0,22
2024-03-10 05:10:00,1,3,3,11,0,18
2024-03-10 05:20:00,4,6,10,7,0,27
2024-03-10 05:30:00,4,12,9,8,0,33
2024-03-10 05:40:00,4,9,2,11,0,26
2024-03-10 05:50:00,8,14,1,16,0,39
2024-03-10 06:00:00,8,10,5,9,0,32
2024-03-10 06:10:00,0,8,5,2,0,15
2024-03-10 06:20:00,2,11,13,10,0,36
2024-03-10 06:30:00,10,5,3,4,0,22
2024-03-10 06:40:00,14,13,0,6,0,33
2024-03-10 06:50:00,4,6,1,3,0,14
2024-03-10 07:00:00,2,7,3,5,0,17
2024-03-10 07:10:00,5,5,9,4,0,23
2024-03-10 07:20:00,3,7,7,2,0,19
2024-03-10 07:30:00,2,7,14,7,0,30
2024-03-10 07:40:00,5,14,15,9,0,43
2024-03-10 07:50:00,3,3,7,6,0,19
2024-03-10 08:00:00,2,4,7,4,0,17
2024-03-10 08:10:00,7,10,9,10,0,36
2024-03-10 08:20:00,8,10,6,13,0,37
2024-03-10 08:30:00,9,12,9,13,0,43
2024-03-10 08:40:00,7,9,3,14,0,33
2024-03-10 08:50:00,8,16,10,16,0,50
2024-03-10 09:00:00,12,18,10,10,0,50
2024-03-10 09:10:00,5,19,12,15,0,51
2024-03-10 09:20:00,12,15,10,18,0,55
2024-03-10 09:30:00,10,17,17,22,0,66
2024-03-10 09:40:00,21,17,21,24,1,84
2024-03-10 09:50:00,18,23,20,23,0,84
2024-03-10 10:00:00,17,37,22,30,0,106
2024-03-10 10:10:00,18,34,19,25,1,97
2024-03-10 10:20:00,17,28,24,23,0,92
2024-03-10 10:30:00,13,30,16,25,0,84
2024-03-10 10:40:00,13,37,15,26,2,93
2024-03-10 10:50:00,17,28,14,25,2,86
2024-03-10 11:00:00,17,33,12,20,1,83
2024-03-10 11:10:00,23,35,21,20,1,100
2024-03-10 11:20:00,18,39,15,32,0,104
2024-03-10 11:30:00,26,41,17,29,2,115
2024-03-10 11:40:00,23,31,21,20,0,95
2024-03-10 11:50:00,20,34,19,24,0,97
2024-03-10 12:00:00,16,30,23,26,0,95
2024-03-10 12:10:00,28,45,22,35,1,131
2024-03-10 12:20:00,33,43,20,26,1,123
2024-03-10 12:30:00,26,42,18,16,1,103
2024-03-10 12:40:00,26,48,34,29,0,137
2024-03-10 12:50:00,27,46,18,26,0,117
2024-03-10 13:00:00,24,44,19,22,0,109
2024-03-10 13:10:00,29,26,24,32,0,111
2024-03-10 13:20:00,26,50,22,26,0,124
2024-03-10 13:30:00,20,53,25,31,1,130
2024-03-10 13:40:00,31,49,23,31,0,134
2024-03-10 13:50:00,34,36,24,29,0,123
2024-03-10 14:00:00,40,55,22,27,1,145
2024-03-10 14:10:00,36,35,19,28,2,120
2024-03-10 14:20:00,38,53,29,26,0,146
2024-03-10 14:30:00,30,41,28,34,0,133
2024-03-10 14:40:00,33,36,22,42,0,133
2024-03-10 14:50:00,35,44,33,39,1,152
2024-03-10 15:00:00,33,53,24,29,0,139
2024-03-10 15:10:00,28,56,21,28,1,134
2024-03-10 15:20:00,30,41,23,30,2,126
2024-03-10 15:30:00,22,49,30,35,1,137
2024-03-10 15:40:00,23,51,18,28,0,120
2024-03-10 15:50:00,27,50,27,32,0,136
2024-03-10 16:00:00,35,47,8,28,0,118
2024-03-10 16:10:00,30,39,16,21,4,110
2024-03-10 16:20:00,37,44,22,22,0,125
2024-03-10 16:30:00,19,27,26,29,2,103
2024-03-10 16:40:00,27,39,19,26,0,111
2024-03-10 16:50:00,28,49,13,34,0,124
2024-03-10 17:00:00,26,42,25,28,5,126
2024-03-10 17:10:00,29,40,33,37,0,139
2024-03-10 17:20:00,32,32,27,32,1,124
2024-03-10 17:30:00,30,50,27,30,0,137
2024-03-10 17:40:00,29,42,29,34,2,136
2024-03-10 17:50:00,20,31,23,22,1,97
2024-03-10 18:00:00,27,30,25,29,0,111
2024-03-10 18:10:00,29,39,19,22,0,109
2024-03-10 18:20:00,20,44,27,29,1,121
2024-03-10 18:30:00,34,51,27,30,0,142
2024-03-10 18:40:00,26,41,29,35,0,131
2024-03-10 18:50:00,39,37,31,62,0,169
2024-03-10 19:00:00,38,47,32,42,1,160
2024-03-10 19:10:00,31,36,22,50,0,139
2024-03-10 19:20:00,20,43,17,39,0,119
2024-03-10 19:30:00,31,35,33,50,1,150
2024-03-10 19:40:00,33,33,29,55,1,151
2024-03-10 19:50:00,34,33,25,37,0,129
2024-03-10 20:00:00,28,41,25,36,0,130
2024-03-10 20:10:00,24,45,28,43,1,141
2024-03-10 20:20:00,29,50,23,24,0,126
2024-03-10 20:30:00,37,40,22,20,0,119
2024-03-10 20:40:00,17,44,12,20,1,94
2024-03-10 20:50:00,17,31,16,40,0,104
2024-03-10 21:00:00,23,44,17,20,0,104
2024-03-10 21:10:00,27,38,10,21,1,97
2024-03-10 21:20:00,24,40,13,31,0,108
2024-03-10 21:30:00,30,38,10,22,0,100
2024-03-10 21:40:00,21,26,13,26,0,86
2024-03-10 21:50:00,13,42,12,17,0,84
2024-03-10 22:00:00,18,38,16,20,0,92
2024-03-10 22:10:00,17,20,17,22,1,77
2024-03-10 22:20:00,13,25,12,13,0,63
2024-03-10 22:30:00,16,18,7,7,0,48
2024-03-10 22:40:00,125,71,12,11,0,219
2024-03-10 22:50:00,6,11,13,13,0,43
2024-03-10 23:00:00,8,19,8,8,0,43
2024-03-10 23:10:00,12,20,11,11,0,54
2024-03-10 23:20:00,9,10,8,6,0,33
2024-03-10 23:30:00,12,12,7,4,0,35
2024-03-10 23:40:00,10,16,7,3,1,37
2024-03-10 23:50:00,5,13,6,8,0,32
2024-03-11 00:00:00,5,9,4,3,0,21
2024-03-11 00:10:00,3,9,6,5,0,23
2024-03-11 00:20:00,6,7,5,4,0,22
2024-03-11 00:30:00,3,8,4,4,0,19
2024-03-11 00:40:00,2,4,0,2,0,8
2024-03-11 00:50:00,4,7,4,3,0,18
2024-03-11 01:00:00,2,8,4,3,0,17
2024-03-11 01:10:00,4,6,4,5,0,19
2024-03-11 01:20:00,2,4,3,2,0,11
2024-03-11 01:30:00,9,7,1,1,0,18
2024-03-11 01:40:00,0,1,2,2,0,5
2024-03-11 01:50:00,1,3,1,1,0,6
2024-03-11 02:00:00,8,7,5,4,0,24
2024-03-11 02:10:00,0,2,1,1,0,4
2024-03-11 02:20:00,1,3,1,3,0,8
2024-03-11 02:30:00,0,2,0,0,0,2
2024-03-11 02:40:00,2,4,1,1,0,8
2024-03-11 02:50:00,1,1,3,4,0,9
2024-03-11 03:00:00,0,1,1,2,0,4
2024-03-11 03:10:00,1,4,2,2,0,9
2024-03-11 03:20:00,0,1,3,3,0,7
2024-03-11 03:30:00,0,1,1,1,0,3
2024-03-11 03:40:00,1,3,3,3,0,10
2024-03-11 03:50:00,1,6,2,2,0,11
2024-03-11 04:00:00,3,2,1,2,0,8
2024-03-11 04:10:00,1,2,2,2,0,7
2024-03-11 04:20:00,3,4,8,9,0,24
2024-03-11 04:30:00,1,2,3,5,0,11
2024-03-11 04:40:00,1,2,10,9,0,22
2024-03-11 04:50:00,8,10,6,5,0,29
2024-03-11 05:00:00,8,8,17,15,0,48
2024-03-11 05:10:00,15,17,16,18,0,66
2024-03-11 05:20:00,16,11,15,21,0,63
2024-03-11 05:30:00,15,19,17,14,0,65
2024-03-11 05:40:00,13,18,23,22,0,76
2024-03-11 05:50:00,13,19,24,31,0,87
2024-03-11 06:00:00,19,24,25,25,0,93
2024-03-11 06:10:00,15,33,16,22,0,86
2024-03-11 06:20:00,15,32,20,23,0,90
2024-03-11 06:30:00,20,34,24,27,0,105
2024-03-11 06:40:00,31,38,31,35,0,135
2024-03-11 06:50:00,27,34,34,42,0,137
2024-03-11 07:00:00,32,40,30,25,1,128
2024-03-11 07:10:00,34,51,38,35,2,160
2024-03-11 07:20:00,28,40,44,42,5,159
2024-03-11 07:30:00,31,44,44,44,3,166
2024-03-11 07:40:00,40,58,46,60,3,207
2024-03-11 07:50:00,40,50,44,49,2,185
2024-03-11 08:00:00,41,51,49,47,0,188
2024-03-11 08:10:00,26,41,39,41,4,151
2024-03-11 08:20:00,37,58,48,41,1,185
2024-03-11 08:30:00,38,52,40,37,0,167
2024-03-11 08:40:00,39,72,59,49,0,219
2024-03-11 08:50:00,45,60,39,48,0,192
2024-03-11 09:00:00,36,47,45,46,0,174
2024-03-11 09:10:00,29,39,32,40,1,141
2024-03-11 09:20:00,27,47,30,35,2,141
2024-03-11 09:30:00,25,33,29,33,0,120
2024-03-11 09:40:00,32,50,33,39,1,155
2024-03-11 09:50:00,29,36,26,24,2,117
2024-03-11 10:00:00,32,45,25,36,2,140
2024-03-11 10:10:00,35,50,27,26,0,138
2024-03-11 10:20:00,34,44,26,30,3,137
2024-03-11 10:30:00,22,51,24,33,0,130
2024-03-11 10:40:00,29,45,32,31,0,137
2024-03-11 10:50:00,28,46,24,32,0,130
2024-03-11 11:00:00,36,47,29,35,3,150
2024-03-11 11:10:00,31,45,18,36,1,131
2024-03-11 11:20:00,36,55,27,39,0,157
2024-03-11 11:30:00,40,55,33,28,0,156
2024-03-11 11:40:00,38,50,20,28,2,138
2024-03-11 11:50:00,28,63,22,28,0,141
2024-03-11 12:00:00,38,62,29,31,0,160
2024-03-11 12:10:00,38,54,32,37,0,161
2024-03-11 12:20:00,36,42,30,28,3,139
2024-03-11 12:30:00,45,64,25,32,0,166
2024-03-11 12:40:00,44,51,25,27,1,148
2024-03-11 12:50:00,38,60,25,37,2,162
2024-03-11 13:00:00,33,53,30,32,2,150
2024-03-11 13:10:00,48,55,21,23,0,147
2024-03-11 13:20:00,50,66,30,37,1,184
2024-03-11 13:30:00,36,49,28,32,1,146
2024-03-11 13:40:00,41,55,21,26,1,144
2024-03-11 13:50:00,41,52,23,34,2,152
2024-03-11 14:00:00,38,55,21,25,0,139
2024-03-11 14:10:00,34,60,21,28,0,143
2024-03-11 14:20:00,55,63,22,31,0,171
2024-03-11 14:30:00,47,61,26,34,6,174
2024-03-11 14:40:00,48,64,29,28,1,170
2024-03-11 14:50:00,48,57,26,35,0,166
2024-03-11 15:00:00,43,67,22,34,2,168
2024-03-11 15:10:00,57,61,21,32,0,171
2024-03-11 15:20:00,66,61,26,35,0,188
2024-03-11 15:30:00,52,54,17,28,3,154
2024-03-11 15:40:00,57,44,24,35,0,160
2024-03-11 15:50:00,49,55,28,28,1,161
2024-03-11 16:00:00,48,41,25,34,3,151
2024-03-11 16:10:00,49,43,25,28,0,145
2024-03-11 16:20:00,43,48,24,33,1,149
2024-03-11 16:30:00,61,45,23,28,1,158
2024-03-11 16:40:00,56,60,30,41,2,189
2024-03-11 16:50:00,55,51,22,27,1,156
2024-03-11 17:00:00,58,52,20,21,2,153
2024-03-11 17:10:00,50,39,27,15,3,134
2024-03-11 17:20:00,57,52,21,20,5,155
2024-03-11 17:30:00,62,57,24,40,1,184
2024-03-11 17:40:00,61,47,32,34,0,174
2024-03-11 17:50:00,50,55,26,36,0,167
2024-03-11 18:00:00,44,43,7,27,1,122
2024-03-11 18:10:00,51,54,19,42,0,166
2024-03-11 18:20:00,55,47,23,21,2,148
2024-03-11 18:30:00,50,36,17,31,1,135
2024-03-11 18:40:00,58,41,30,31,1,161
2024-03-11 18:50:00,59,38,23,52,0,172
2024-03-11 19:00:00,56,59,31,49,2,197
2024-03-11 19:10:00,46,34,19,41,2,142
2024-03-11 19:20:00,34,42,27,53,0,156
2024-03-11 19:30:00,36,37,18,36,0,127
2024-03-11 19:40:00,41,36,29,47,0,153
2024-03-11 19:50:00,37,42,19,41,0,139
2024-03-11 20:00:00,19,50,26,29,1,125
2024-03-11 20:10:00,38,47,14,24,0,123
2024-03-11 20:20:00,34,42,26,37,0,139
2024-03-11 20:30:00,25,46,9,28,0,108
2024-03-11 20:40:00,35,38,2,39,1,115
2024-03-11 20:50:00,25,33,12,44,0,114
2024-03-11 21:00:00,16,44,4,34,0,98
2024-03-11 21:10:00,42,33,6,37,0,118
2024-03-11 21:20:00,37,46,7,30,0,120
2024-03-11 21:30:00,29,35,17,11,0,92
2024-03-11 21:40:00,21,40,13,11,0,85
2024-03-11 21:50:00,14,19,14,18,0,65
2024-03-11 22:00:00,36,24,5,25,0,90
2024-03-11 22:10:00,33,38,10,19,2,102
2024-03-11 22:20:00,30,25,11,17,0,83
2024-03-11 22:30:00,26,29,7,15,0,77
2024-03-11 22:40:00,21,28,9,19,0,77
2024-03-11 22:50:00,9,22,12,11,0,54
2024-03-11 23:00:00,21,21,9,16,2,69
2024-03-11 23:10:00,11,20,14,7,0,52
2024-03-11 23:20:00,12,24,10,5,0,51
2024-03-11 23:30:00,10,13,3,7,0,33
2024-03-11 23:40:00,14,18,7,3,0,42
2024-03-11 23:50:00,6,12,5,7,0,30
2024-03-12 00:00:00,5,7,5,0,0,17
2024-03-12 00:10:00,2,13,4,2,0,21
2024-03-12 00:20:00,0,7,2,2,0,11
2024-03-12 00:30:00,7,5,3,4,0,19
2024-03-12 00:40:00,4,10,8,2,0,24
2024-03-12 00:50:00,3,4,1,2,0,10
2024-03-12 01:00:00,1,2,3,8,0,14
2024-03-12 01:10:00,0,1,7,5,0,13
2024-03-12 01:20:00,0,3,1,2,0,6
2024-03-12 01:30:00,0,4,3,2,0,9
2024-03-12 01:40:00,0,0,0,0,0,0
2024-03-12 01:50:00,1,4,2,4,0,11
2024-03-12 02:00:00,0,8,4,0,0,12
2024-03-12 02:10:00,2,1,1,3,0,7
2024-03-12 02:20:00,1,6,2,1,0,10
2024-03-12 02:30:00,0,1,1,0,0,2
2024-03-12 02:40:00,2,2,0,2,0,6
2024-03-12 02:50:00,2,3,0,2,0,7
2024-03-12 03:00:00,5,7,2,1,0,15
2024-03-12 03:10:00,2,3,0,4,0,9
2024-03-12 03:20:00,0,7,3,3,0,13
2024-03-12 03:30:00,4,4,0,3,0,11
2024-03-12 03:40:00,3,4,1,0,0,8
2024-03-12 03:50:00,0,2,2,0,0,4
2024-03-12 04:00:00,0,0,3,0,0,3
2024-03-12 04:10:00,0,0,1,5,0,6
2024-03-12 04:20:00,1,7,5,5,0,18
2024-03-12 04:30:00,3,3,2,3,0,11
2024-03-12 04:40:00,0,0,5,14,0,19
2024-03-12 04:50:00,6,6,3,15,0,30
2024-03-12 05:00:00,6,7,4,23,0,40
2024-03-12 05:10:00,7,10,14,39,0,70
2024-03-12 05:20:00,16,15,15,35,0,81
2024-03-12 05:30:00,23,18,17,40,0,98
2024-03-12 05:40:00,16,21,18,48,0,103
2024-03-12 05:50:00,25,25,26,38,0,114
2024-03-12 06:00:00,25,22,24,48,0,119
2024-03-12 06:10:00,16,38,30,53,0,137
2024-03-12 06:20:00,30,26,41,49,0,146
2024-03-12 06:30:00,34,37,29,56,0,156
2024-03-12 06:40:00,30,37,37,56,0,160
2024-03-12 06:50:00,31,36,43,49,0,159
2024-03-12 07:00:00,25,31,41,43,2,142
2024-03-12 07:10:00,34,43,50,43,3,173
2024-03-12 07:20:00,31,44,50,57,6,188
2024-03-12 07:30:00,28,45,37,37,6,153
2024-03-12 07:40:00,26,39,44,44,5,158
2024-03-12 07:50:00,23,52,42,34,0,151
2024-03-12 08:00:00,27,52,58,43,0,180
2024-03-12 08:10:00,24,51,43,51,5,174
2024-03-12 08:20:00,37,51,51,51,1,191
2024-03-12 08:30:00,34,55,47,48,0,184
2024-03-12 08:40:00,30,60,46,35,0,171
2024-03-12 08:50:00,32,48,44,38,0,162
2024-03-12 09:00:00,24,43,42,47,1,157
2024-03-12 09:10:00,35,44,39,39,0,157
2024-03-12 09:20:00,30,49,42,39,4,164
2024-03-12 09:30:00,29,48,30,32,1,140
2024-03-12 09:40:00,26,47,31,41,0,145
2024-03-12 09:50:00,21,49,26,31,1,128
2024-03-12 10:00:00,25,49,28,27,7,136
2024-03-12 10:10:00,33,44,41,34,0,152
2024-03-12 10:20:00,28,49,24,34,0,135
2024-03-12 10:30:00,30,46,32,30,3,141
2024-03-12 10:40:00,23,41,31,36,0,131
2024-03-12 10:50:00,34,51,33,28,0,146
2024-03-12 11:00:00,36,54,25,31,1,147
2024-03-12 11:10:00,34,47,25,32,0,138
2024-03-12 11:20:00,33,49,21,36,1,140
2024-03-12 11:30:00,23,55,22,29,0,129
2024-03-12 11:40:00,37,66,20,33,0,156
2024-03-12 11:50:00,27,51,28,29,0,135
2024-03-12 12:00:00,35,55,31,37,0,158
2024-03-12 12:10:00,47,55,25,17,2,146
2024-03-12 12:20:00,34,57,19,30,0,140
2024-03-12 12:30:00,36,50,34,30,0,150
2024-03-12 12:40:00,38,50,21,26,5,140
2024-03-12 12:50:00,40,60,21,29,0,150
2024-03-12 13:00:00,35,61,24,31,0,151
2024-03-12 13:10:00,48,56,26,34,0,164
2024-03-12 13:20:00,39,49,26,26,1,141
2024-03-12 13:30:00,46,67,28,27,1,169
2024-03-12 13:40:00,27,44,24,38,1,134
2024-03-12 13:50:00,32,66,26,36,0,160
2024-03-12 14:00:00,36,55,24,25,0,140
2024-03-12 14:10:00,43,56,22,22,0,143
2024-03-12 14:20:00,54,64,29,33,2,182
2024-03-12 14:30:00,59,74,34,32,0,199
2024-03-12 14:40:00,59,69,27,31,1,187
2024-03-12 14:50:00,45,65,26,25,2,163
2024-03-12 15:00:00,56,58,24,25,2,165
2024-03-12 15:10:00,51,56,41,33,0,181
2024-03-12 15:20:00,61,55,26,36,1,179
2024-03-12 15:30:00,45,47,24,24,0,140
2024-03-12 15:40:00,52,53,32,37,2,176
2024-03-12 15:50:00,58,53,24,32,3,170
2024-03-12 16:00:00,59,57,23,35,0,174
2024-03-12 16:10:00,75,49,26,34,1,185
2024-03-12 16:20:00,57,48,34,36,2,177
2024-03-12 16:30:00,70,52,28,28,2,180
2024-03-12 16:40:00,51,49,34,36,2,172
2024-03-12 16:50:00,58,53,22,28,5,166
2024-03-12 17:00:00,60,65,32,42,0,199
2024-03-12 17:10:00,67,71,30,42,1,211
2024-03-12 17:20:00,59,59,25,33,1,177
2024-03-12 17:30:00,61,60,31,38,0,190
2024-03-12 17:40:00,63,55,31,36,0,185
2024-03-12 17:50:00,57,53,23,34,1,168
2024-03-12 18:00:00,48,48,20,23,2,141
2024-03-12 18:10:00,42,49,23,24,2,140
2024-03-12 18:20:00,53,57,19,32,0,161
2024-03-12 18:30:00,65,54,29,59,1,208
2024-03-12 18:40:00,67,44,31,41,1,184
2024-03-12 18:50:00,48,39,27,62,1,177
2024-03-12 19:00:00,57,54,30,51,1,193
2024-03-12 19:10:00,53,46,30,53,3,185
2024-03-12 19:20:00,37,49,26,53,0,165
2024-03-12 19:30:00,44,42,16,37,0,139
2024-03-12 19:40:00,47,38,26,48,0,159
2024-03-12 19:50:00,36,48,14,45,1,144
2024-03-12 20:00:00,39,47,14,41,1,142
2024-03-12 20:10:00,26,37,22,36,0,121
2024-03-12 20:20:00,25,36,23,38,0,122
2024-03-12 20:30:00,24,47,13,28,0,112
2024-03-12 20:40:00,4,28,12,18,0,62
2024-03-12 20:50:00,13,30,20,12,2,77
2024-03-12 21:00:00,29,30,14,10,0,83
2024-03-12 21:10:00,20,25,15,11,0,71
2024-03-12 21:20:00,33,31,16,16,1,97
2024-03-12 21:30:00,21,24,16,12,0,73
2024-03-12 21:40:00,34,26,12,15,0,87
2024-03-12 21:50:00,20,31,12,8,0,71
2024-03-12 22:00:00,21,24,14,13,0,72
2024-03-12 22:10:00,12,30,14,17,0,73
2024-03-12 22:20:00,15,30,13,8,0,66
2024-03-12 22:30:00,25,35,10,11,0,81
2024-03-12 22:40:00,23,23,14,13,0,73
2024-03-12 22:50:00,12,21,13,11,0,57
2024-03-12 23:00:00,8,17,14,13,0,52
2024-03-12 23:10:00,10,22,9,17,0,58
2024-03-12 23:20:00,5,17,12,19,0,53
2024-03-12 23:30:00,1,8,7,7,0,23
2024-03-12 23:40:00,11,13,6,8,0,38
2024-03-12 23:50:00,1,8,10,11,0,30
2024-03-13 00:00:00,8,13,7,7,0,35
2024-03-13 00:10:00,6,10,4,4,0,24
2024-03-13 00:20:00,2,5,0,0,0,7
2024-03-13 00:30:00,3,4,0,2,0,9
2024-03-13 00:40:00,2,2,1,3,0,8
2024-03-13 00:50:00,2,3,4,1,0,10
2024-03-13 01:00:00,2,6,2,2,0,12
2024-03-13 01:10:00,3,7,3,1,0,14
2024-03-13 01:20:00,2,4,1,1,0,8
2024-03-13 01:30:00,0,4,3,2,0,9
2024-03-13 01:40:00,3,4,2,0,0,9
2024-03-13 01:50:00,0,1,5,3,0,9
2024-03-13 02:00:00,2,3,0,0,0,5
2024-03-13 02:10:00,2,5,3,1,0,11
2024-03-13 02:20:00,0,2,3,4,0,9
2024-03-13 02:30:00,2,4,2,1,0,9
2024-03-13 02:40:00,0,1,0,0,0,1
2024-03-13 02:50:00,2,4,1,3,0,10
2024-03-13 03:00:00,0,3,0,0,0,3
2024-03-13 03:10:00,2,5,2,5,0,14
2024-03-13 03:20:00,1,5,2,0,0,8
2024-03-13 03:30:00,1,4,2,2,0,9
2024-03-13 03:40:00,3,4,2,3,0,12
2024-03-13 03:50:00,2,3,1,0,0,6
2024-03-13 04:00:00,0,1,2,5,0,8
2024-03-13 04:10:00,0,2,2,2,0,6
2024-03-13 04:20:00,4,2,4,0,0,10
2024-03-13 04:30:00,1,5,4,6,0,16
2024-03-13 04:40:00,2,5,4,5,0,16
2024-03-13 04:50:00,3,4,4,8,0,19
2024-03-13 05:00:00,5,4,6,8,0,23
2024-03-13 05:10:00,8,9,8,15,0,40
2024-03-13 05:20:00,12,15,17,16,0,60
2024-03-13 05:30:00,15,15,13,15,0,58
2024-03-13 05:40:00,27,23,20,39,0,109
2024-03-13 05:50:00,16,19,20,18,0,73
2024-03-13 06:00:00,19,23,19,27,0,88
2024-03-13 06:10:00,34,34,17,28,0,113
2024-03-13 06:20:00,21,35,26,30,0,112
2024-03-13 06:30:00,27,38,32,38,0,135
2024-03-13 06:40:00,22,42,30,28,0,122
2024-03-13 06:50:00,26,38,35,37,0,136
2024-03-13 07:00:00,30,38,38,44,0,150
2024-03-13 07:10:00,35,54,39,45,1,174
2024-03-13 07:20:00,30,41,54,39,1,165
2024-03-13 07:30:00,32,41,45,36,5,159
2024-03-13 07:40:00,35,60,40,45,0,180
2024-03-13 07:50:00,30,38,40,37,0,145
2024-03-13 08:00:00,36,62,43,38,0,179
2024-03-13 08:10:00,39,56,53,47,0,195
2024-03-13 08:20:00,29,48,45,39,0,161
2024-03-13 08:30:00,35,47,42,43,1,168
2024-03-13 08:40:00,38,51,47,39,1,176
2024-03-13 08:50:00,37,51,44,46,2,180
2024-03-13 09:00:00,31,62,36,28,2,159
2024-03-13 09:10:00,23,52,19,25,0,119
2024-03-13 09:20:00,27,47,45,54,0,173
2024-03-13 09:30:00,38,49,37,28,0,152
2024-03-13 09:40:00,30,41,41,43,0,155
2024-03-13 09:50:00,32,47,31,33,0,143
2024-03-13 10:00:00,27,41,31,34,0,133
2024-03-13 10:10:00,33,46,34,35,2,150
2024-03-13 10:20:00,36,52,34,39,1,162
2024-03-13 10:30:00,20,48,35,32,0,135
2024-03-13 10:40:00,33,60,25,32,1,151
2024-03-13 10:50:00,35,53,30,35,0,153
2024-03-13 11:00:00,25,46,19,27,2,119
2024-03-13 11:10:00,35,59,24,34,0,152
2024-03-13 11:20:00,37,50,15,32,0,134
2024-03-13 11:30:00,31,50,25,34,0,140
2024-03-13 11:40:00,36,60,16,29,2,143
2024-03-13 11:50:00,32,49,20,32,0,133
2024-03-13 12:00:00,38,67,20,28,0,153
2024-03-13 12:10:00,46,65,29,29,0,169
2024-03-13 12:20:00,32,47,24,35,0,138
2024-03-13 12:30:00,42,50,22,32,1,147
2024-03-13 12:40:00,31,57,21,32,2,143
2024-03-13 12:50:00,49,63,25,28,0,165
2024-03-13 13:00:00,36,66,24,37,0,163
2024-03-13 13:10:00,49,58,25,25,2,159
2024-03-13 13:20:00,44,61,25,33,0,163
2024-03-13 13:30:00,46,78,23,30,0,177
2024-03-13 13:40:00,42,53,26,29,2,152
2024-03-13 13:50:00,48,66,27,41,3,185
2024-03-13 14:00:00,41,72,23,35,0,171
2024-03-13 14:10:00,54,75,19,25,2,175
2024-03-13 14:20:00,47,65,26,35,0,173
2024-03-13 14:30:00,46,69,17,37,0,169
2024-03-13 14:40:00,42,60,23,34,2,161
2024-03-13 14:50:00,49,74,32,36,0,191
2024-03-13 15:00:00,45,46,26,33,2,152
2024-03-13 15:10:00,51,53,37,42,0,183
2024-03-13 15:20:00,57,52,25,33,3,170
2024-03-13 15:30:00,60,46,28,35,2,171
2024-03-13 15:40:00,57,51,34,32,2,176
2024-03-13 15:50:00,62,51,25,32,0,170
2024-03-13 16:00:00,54,57,29,36,0,176
2024-03-13 16:10:00,61,67,27,31,0,186
2024-03-13 16:20:00,60,46,31,33,3,173
2024-03-13 16:30:00,64,53,21,37,3,178
2024-03-13 16:40:00,56,54,23,36,1,170
2024-03-13 16:50:00,49,60,31,44,0,184
2024-03-13 17:00:00,57,58,25,42,1,183
2024-03-13 17:10:00,61,49,31,39,2,182
2024-03-13 17:20:00,58,50,20,36,4,168
2024-03-13 17:30:00,60,60,30,35,0,185
2024-03-13 17:40:00,70,50,25,43,1,189
2024-03-13 17:50:00,60,63,27,34,1,185
2024-03-13 18:00:00,43,42,25,29,4,143
2024-03-13 18:10:00,57,55,26,31,1,170
2024-03-13 18:20:00,47,52,19,21,2,141
2024-03-13 18:30:00,61,48,34,25,2,170
2024-03-13 18:40:00,49,49,24,40,0,162
2024-03-13 18:50:00,60,39,27,38,0,164
2024-03-13 19:00:00,57,44,17,45,2,165
2024-03-13 19:10:00,42,63,23,55,3,186
2024-03-13 19:20:00,35,46,24,46,2,153
2024-03-13 19:30:00,31,62,23,48,0,164
2024-03-13 19:40:00,42,43,22,33,0,140
2024-03-13 19:50:00,49,49,20,34,0,152
2024-03-13 20:00:00,31,45,24,40,2,142
2024-03-13 20:10:00,41,42,14,28,1,126
2024-03-13 20:20:00,38,51,24,49,0,162
2024-03-13 20:30:00,24,48,18,27,0,117
2024-03-13 20:40:00,25,44,23,28,0,120
2024-03-13 20:50:00,35,41,23,21,0,120
2024-03-13 21:00:00,19,32,19,23,1,94
2024-03-13 21:10:00,25,59,6,28,0,118
2024-03-13 21:20:00,28,54,14,29,0,125
2024-03-13 21:30:00,25,48,17,38,0,128
2024-03-13 21:40:00,22,35,14,15,0,86
2024-03-13 21:50:00,29,42,15,22,0,108
2024-03-13 22:00:00,29,28,14,26,0,97
2024-03-13 22:10:00,24,43,18,21,0,106
2024-03-13 22:20:00,25,29,9,28,0,91
2024-03-13 22:30:00,49,54,12,20,0,135
2024-03-13 22:40:00,31,43,15,16,0,105
2024-03-13 22:50:00,14,41,4,14,0,73
2024-03-13 23:00:00,18,36,2,14,0,70
2024-03-13 23:10:00,13,34,12,11,2,72
2024-03-13 23:20:00,12,22,12,9,0,55
2024-03-13 23:30:00,13,19,9,5,0,46
2024-03-13 23:40:00,9,16,8,8,0,41
2024-03-13 23:50:00,5,20,5,6,0,36
2024-03-14 00:00:00,9,17,6,4,0,36
2024-03-14 00:10:00,8,11,5,8,0,32
2024-03-14 00:20:00,6,12,7,2,0,27
2024-03-14 00:30:00,8,12,3,7,0,30
2024-03-14 00:40:00,1,11,4,2,0,18
2024-03-14 00:50:00,0,7,2,5,0,14
2024-03-14 01:00:00,3,5,1,2,0,11
2024-03-14 01:10:00,1,5,1,0,0,7
2024-03-14 01:20:00,2,5,4,0,0,11
2024-03-14 01:30:00,4,3,0,1,0,8
2024-03-14 01:40:00,0,9,2,0,0,11
2024-03-14 01:50:00,0,3,0,1,0,4
2024-03-14 02:00:00,1,7,0,0,0,8
2024-03-14 02:10:00,2,5,1,0,0,8
2024-03-14 02:20:00,0,13,4,0,0,17
2024-03-14 02:30:00,0,3,0,1,0,4
2024-03-14 02:40:00,0,0,0,1,0,1
2024-03-14 02:50:00,0,3,3,3,0,9
2024-03-14 03:00:00,3,4,0,1,0,8
2024-03-14 03:10:00,2,5,0,2,0,9
2024-03-14 03:20:00,2,0,1,2,0,5
2024-03-14 03:30:00,0,4,5,5,0,14
2024-03-14 03:40:00,2,5,0,0,0,7
2024-03-14 03:50:00,1,3,2,1,0,7
2024-03-14 04:00:00,0,6,3,4,0,13
2024-03-14 04:10:00,2,3,1,5,0,11
2024-03-14 04:20:00,4,9,4,7,0,24
2024-03-14 04:30:00,0,0,3,6,0,9
2024-03-14 04:40:00,6,5,4,13,0,28
2024-03-14 04:50:00,4,7,7,19,0,37
2024-03-14 05:00:00,4,5,15,21,0,45
2024-03-14 05:10:00,6,14,14,25,0,59
2024-03-14 05:20:00,17,22,22,29,0,90
2024-03-14 05:30:00,11,13,21,43,0,88
2024-03-14 05:40:00,22,24,26,58,0,130
2024-03-14 05:50:00,12,21,27,39,0,99
2024-03-14 06:00:00,26,16,31,47,0,120
2024-03-14 06:10:00,31,30,31,54,0,146
2024-03-14 06:20:00,31,31,34,72,0,168
2024-03-14 06:30:00,23,33,28,37,0,121
2024-03-14 06:40:00,22,32,28,31,0,113
2024-03-14 06:50:00,35,34,52,47,0,168
2024-03-14 07:00:00,23,25,38,42,2,130
2024-03-14 07:10:00,37,44,47,49,3,180
2024-03-14 07:20:00,24,38,36,38,5,141
2024-03-14 07:30:00,34,56,56,42,11,199
2024-03-14 07:40:00,34,52,34,35,4,159
2024-03-14 07:50:00,39,52,48,52,0,191
2024-03-14 08:00:00,40,51,40,40,1,172
2024-03-14 08:10:00,34,56,46,41,2,179
2024-03-14 08:20:00,32,51,38,35,0,156
2024-03-14 08:30:00,36,44,39,33,0,152
2024-03-14 08:40:00,41,55,40,44,2,182
2024-03-14 08:50:00,39,48,43,61,0,191
2024-03-14 09:00:00,34,37,46,38,0,155
2024-03-14 09:10:00,39,48,35,31,1,154
2024-03-14 09:20:00,28,43,32,31,3,137
2024-03-14 09:30:00,37,41,28,33,2,141
2024-03-14 09:40:00,31,52,30,32,0,145
2024-03-14 09:50:00,34,49,29,28,1,141
2024-03-14 10:00:00,31,42,25,33,1,132
2024-03-14 10:10:00,30,43,23,31,2,129
2024-03-14 10:20:00,40,46,30,36,0,152
2024-03-14 10:30:00,27,44,22,32,1,126
2024-03-14 10:40:00,34,40,24,32,0,130
2024-03-14 10:50:00,34,46,21,25,0,126
2024-03-14 11:00:00,37,51,24,40,0,152
2024-03-14 11:10:00,32,55,29,33,0,149
2024-03-14 11:20:00,38,64,27,29,1,159
2024-03-14 11:30:00,35,54,26,33,0,148
2024-03-14 11:40:00,40,55,28,29,4,156
2024-03-14 11:50:00,43,51,28,30,12,164
2024-03-14 12:00:00,47,61,26,30,2,166
2024-03-14 12:10:00,43,58,30,35,2,168
2024-03-14 12:20:00,39,57,24,29,0,149
2024-03-14 12:30:00,43,60,29,36,0,168
2024-03-14 12:40:00,43,59,21,33,0,156
2024-03-14 12:50:00,34,51,32,21,0,138
2024-03-14 13:00:00,51,65,25,35,0,176
2024-03-14 13:10:00,47,68,30,32,3,180
2024-03-14 13:20:00,34,53,24,33,0,144
2024-03-14 13:30:00,37,54,35,38,0,164
2024-03-14 13:40:00,60,78,24,34,0,196
2024-03-14 13:50:00,45,69,24,32,0,170
2024-03-14 14:00:00,41,66,31,32,0,170
2024-03-14 14:10:00,49,75,33,31,0,188
2024-03-14 14:20:00,57,78,36,37,0,208
2024-03-14 14:30:00,52,62,29,27,2,172
2024-03-14 14:40:00,46,54,25,23,1,149
2024-03-14 14:50:00,54,59,32,37,1,183
2024-03-14 15:00:00,52,46,23,26,2,149
2024-03-14 15:10:00,55,53,20,33,1,162
2024-03-14 15:20:00,48,57,16,36,6,163
2024-03-14 15:30:00,54,62,29,33,0,178
2024-03-14 15:40:00,58,62,29,35,4,188
2024-03-14 15:50:00,58,64,21,35,0,178
2024-03-14 16:00:00,50,49,27,39,1,166
2024-03-14 16:10:00,59,54,25,32,1,171
2024-03-14 16:20:00,56,48,37,44,0,185
2024-03-14 16:30:00,73,72,39,32,0,216
2024-03-14 16:40:00,61,61,32,24,1,179
2024-03-14 16:50:00,54,53,18,33,1,159
2024-03-14 17:00:00,54,49,21,32,0,156
2024-03-14 17:10:00,58,55,28,32,1,174
2024-03-14 17:20:00,61,53,22,32,0,168
2024-03-14 17:30:00,52,50,37,29,3,171
2024-03-14 17:40:00,47,49,28,32,3,159
2024-03-14 17:50:00,54,52,33,43,1,183
2024-03-14 18:00:00,52,59,27,33,1,172
2024-03-14 18:10:00,15,13,10,9,3,50
2024-03-14 18:20:00,19,19,10,8,3,59
2024-03-14 18:30:00,38,38,23,26,1,126
2024-03-14 18:40:00,74,47,32,31,2,186
2024-03-14 18:50:00,61,41,41,65,0,208
2024-03-14 19:00:00,55,48,34,63,2,202
2024-03-14 19:10:00,53,49,35,50,3,190
2024-03-14 19:20:00,45,47,26,40,3,161
2024-03-14 19:30:00,48,44,18,32,1,143
2024-03-14 19:40:00,41,50,14,56,0,161
2024-03-14 19:50:00,29,46,20,47,3,145
2024-03-14 20:00:00,20,38,15,47,0,120
2024-03-14 20:10:00,35,65,24,42,0,166
2024-03-14 20:20:00,23,42,18,37,0,120
2024-03-14 20:30:00,26,41,10,32,0,109
2024-03-14 20:40:00,27,38,14,35,0,114
2024-03-14 20:50:00,32,44,14,30,1,121
2024-03-14 21:00:00,22,33,13,26,0,94
2024-03-14 21:10:00,23,52,3,25,0,103
2024-03-14 21:20:00,56,57,12,17,0,142
2024-03-14 21:30:00,26,48,6,23,0,103
2024-03-14 21:40:00,37,47,8,37,0,129
2024-03-14 21:50:00,29,40,18,31,0,118
2024-03-14 22:00:00,23,35,11,27,0,96
2024-03-14 22:10:00,23,39,10,23,1,96
2024-03-14 22:20:00,22,31,15,21,0,89
2024-03-14 22:30:00,18,28,14,21,0,81
2024-03-14 22:40:00,21,35,6,22,0,84
2024-03-14 22:50:00,12,34,12,18,0,76
2024-03-14 23:00:00,37,48,6,8,0,99
2024-03-14 23:10:00,18,25,14,21,0,78
2024-03-14 23:20:00,21,25,6,11,0,63
2024-03-14 23:30:00,16,25,11,21,0,73
2024-03-14 23:40:00,7,17,11,4,0,39
2024-03-14 23:50:00,5,29,8,9,0,51
2024-03-15 00:00:00,6,15,3,4,0,28
2024-03-15 00:10:00,3,13,8,1,0,25
2024-03-15 00:20:00,6,17,4,3,0,30
2024-03-15 00:30:00,6,13,9,6,0,34
2024-03-15 00:40:00,2,5,6,5,0,18
2024-03-15 00:50:00,3,5,5,5,0,18
2024-03-15 01:00:00,6,7,0,2,0,15
2024-03-15 01:10:00,4,12,2,4,0,22
2024-03-15 01:20:00,7,7,1,1,0,16
2024-03-15 01:30:00,6,4,0,2,0,12
2024-03-15 01:40:00,0,7,0,0,0,7
2024-03-15 01:50:00,0,1,0,0,0,1
2024-03-15 02:00:00,0,5,1,3,0,9
2024-03-15 02:10:00,0,1,0,2,0,3
2024-03-15 02:20:00,1,3,0,1,0,5
2024-03-15 02:30:00,4,6,0,3,0,13
2024-03-15 02:40:00,0,2,1,0,0,3
2024-03-15 02:50:00,0,1,1,0,0,2
2024-03-15 03:00:00,1,5,1,0,0,7
2024-03-15 03:10:00,0,0,4,0,0,4
2024-03-15 03:20:00,0,4,1,5,0,10
2024-03-15 03:30:00,0,4,0,1,0,5
2024-03-15 03:40:00,2,2,3,0,0,7
2024-03-15 03:50:00,2,4,1,3,0,10
2024-03-15 04:00:00,5,8,1,2,0,16
2024-03-15 04:10:00,7,4,1,6,0,18
2024-03-15 04:20:00,2,5,4,3,0,14
2024-03-15 04:30:00,0,2,4,9,0,15
2024-03-15 04:40:00,5,3,1,12,0,21
2024-03-15 04:50:00,4,6,10,15,0,35
2024-03-15 05:00:00,4,4,5,16,0,29
2024-03-15 05:10:00,9,9,10,21,0,49
2024-03-15 05:20:00,16,15,14,25,0,70
2024-03-15 05:30:00,17,13,19,41,0,90
2024-03-15 05:40:00,24,22,20,35,0,101
2024-03-15 05:50:00,14,19,21,41,0,95
2024-03-15 06:00:00,22,25,26,41,0,114
2024-03-15 06:10:00,29,26,21,52,0,128
2024-03-15 06:20:00,19,26,36,45,0,126
2024-03-15 06:30:00,16,25,26,31,0,98
2024-03-15 06:40:00,28,35,41,48,0,152
2024-03-15 06:50:00,29,27,35,36,0,127
2024-03-15 07:00:00,24,47,48,37,0,156
2024-03-15 07:10:00,26,46,37,39,1,149
2024-03-15 07:20:00,31,48,43,44,7,173
2024-03-15 07:30:00,32,43,44,49,5,173
2024-03-15 07:40:00,32,38,40,34,6,150
2024-03-15 07:50:00,33,50,45,35,0,163
2024-03-15 08:00:00,25,36,40,46,1,148
2024-03-15 08:10:00,19,32,37,34,3,125
2024-03-15 08:20:00,26,45,29,31,1,132
2024-03-15 08:30:00,27,51,41,32,0,151
2024-03-15 08:40:00,40,60,52,41,1,194
2024-03-15 08:50:00,32,63,38,34,0,167
2024-03-15 09:00:00,31,39,33,32,2,137
2024-03-15 09:10:00,35,42,30,40,1,148
2024-03-15 09:20:00,31,42,40,34,2,149
2024-03-15 09:30:00,34,49,38,32,2,155
2024-03-15 09:40:00,32,43,31,29,6,141
2024-03-15 09:50:00,23,47,35,33,2,140
2024-03-15 10:00:00,12,60,23,38,0,133
2024-03-15 10:10:00,15,38,14,27,0,94
2024-03-15 10:20:00,28,45,25,24,0,122
2024-03-15 10:30:00,25,42,27,30,0,124
2024-03-15 10:40:00,34,49,36,38,0,157
2024-03-15 10:50:00,32,55,29,41,0,157
2024-03-15 11:00:00,28,59,26,36,0,149
2024-03-15 11:10:00,36,52,25,35,0,148
2024-03-15 11:20:00,32,73,22,34,0,161
2024-03-15 11:30:00,42,61,29,26,0,158
2024-03-15 11:40:00,35,42,16,29,0,122
2024-03-15 11:50:00,41,61,31,36,0,169
2024-03-15 12:00:00,31,63,25,33,0,152
2024-03-15 12:10:00,41,60,20,33,0,154
2024-03-15 12:20:00,47,79,28,30,0,184
2024-03-15 12:30:00,45,53,16,37,1,152
2024-03-15 12:40:00,40,67,22,46,1,176
2024-03-15 12:50:00,45,58,27,27,1,158
2024-03-15 13:00:00,46,78,26,30,1,181
2024-03-15 13:10:00,39,48,25,27,0,139
2024-03-15 13:20:00,49,60,31,25,0,165
2024-03-15 13:30:00,57,65,24,34,3,183
2024-03-15 13:40:00,46,54,17,33,2,152
2024-03-15 13:50:00,47,67,32,36,2,184
2024-03-15 14:00:00,36,45,23,24,3,131
2024-03-15 14:10:00,52,50,28,37,0,167
2024-03-15 14:20:00,57,39,29,38,1,164
2024-03-15 14:30:00,54,56,25,39,0,174
2024-03-15 14:40:00,59,53,31,38,0,181
2024-03-15 14:50:00,54,55,28,37,2,176
2024-03-15 15:00:00,49,58,30,29,0,166
2024-03-15 15:10:00,56,50,27,30,1,164
2024-03-15 15:20:00,59,58,23,31,1,172
2024-03-15 15:30:00,58,52,15,25,0,150
2024-03-15 15:40:00,55,47,29,33,1,165
2024-03-15 15:50:00,48,39,18,26,5,136
2024-03-15 16:00:00,47,40,24,34,0,145
2024-03-15 16:10:00,53,49,30,33,1,166
2024-03-15 16:20:00,55,54,32,29,2,172
2024-03-15 16:30:00,52,48,23,27,0,150
2024-03-15 16:40:00,59,52,32,33,0,176
2024-03-15 16:50:00,57,47,25,30,3,162
2024-03-15 17:00:00,52,39,27,40,3,161
2024-03-15 17:10:00,55,51,34,31,3,174
2024-03-15 17:20:00,41,42,23,28,4,138
2024-03-15 17:30:00,49,54,26,37,0,166
2024-03-15 17:40:00,65,55,34,36,0,190
2024-03-15 17:50:00,54,41,35,35,2,167
2024-03-15 18:00:00,47,36,27,34,1,145
2024-03-15 18:10:00,50,52,38,46,1,187
2024-03-15 18:20:00,49,41,34,34,0,158
2024-03-15 18:30:00,42,47,28,36,0,153
2024-03-15 18:40:00,58,49,30,39,0,176
2024-03-15 18:50:00,73,53,29,80,0,235
2024-03-15 19:00:00,55,47,42,52,0,196
2024-03-15 19:10:00,41,43,41,69,0,194
2024-03-15 19:20:00,35,51,29,50,1,166
2024-03-15 19:30:00,29,42,16,34,2,123
2024-03-15 19:40:00,39,43,29,38,0,149
2024-03-15 19:50:00,23,47,25,30,0,125
2024-03-15 20:00:00,26,44,19,40,0,129
2024-03-15 20:10:00,39,52,15,39,1,146
2024-03-15 20:20:00,31,39,24,26,0,120
2024-03-15 20:30:00,32,49,14,34,0,129
2024-03-15 20:40:00,22,33,17,27,1,100
2024-03-15 20:50:00,33,45,14,36,1,129
2024-03-15 21:00:00,33,36,17,28,2,116
2024-03-15 21:10:00,19,28,16,24,0,87
2024-03-15 21:20:00,27,39,15,36,1,118
2024-03-15 21:30:00,25,37,12,33,0,107
2024-03-15 21:40:00,19,41,19,22,0,101
2024-03-15 21:50:00,30,39,22,22,0,113
2024-03-15 22:00:00,28,40,17,26,0,111
2024-03-15 22:10:00,26,53,13,35,0,127
2024-03-15 22:20:00,21,44,20,25,1,111
2024-03-15 22:30:00,35,44,10,19,0,108
2024-03-15 22:40:00,20,58,10,24,0,112
2024-03-15 22:50:00,20,35,12,37,2,106
2024-03-15 23:00:00,36,41,14,23,2,116
2024-03-15 23:10:00,35,46,13,21,0,115
2024-03-15 23:20:00,27,50,13,27,1,118
2024-03-15 23:30:00,15,33,13,17,0,78
2024-03-15 23:40:00,14,38,12,13,0,77
2024-03-15 23:50:00,21,29,13,7,0,70
2024-03-16 00:00:00,13,22,9,13,0,57
2024-03-16 00:10:00,13,30,13,17,0,73
2024-03-16 00:20:00,12,20,7,4,0,43
2024-03-16 00:30:00,6,14,8,7,0,35
2024-03-16 00:40:00,8,16,9,9,0,42
2024-03-16 00:50:00,9,18,9,4,0,40
2024-03-16 01:00:00,6,25,3,3,0,37
2024-03-16 01:10:00,9,12,4,13,0,38
2024-03-16 01:20:00,15,19,1,8,0,43
2024-03-16 01:30:00,5,8,6,7,0,26
2024-03-16 01:40:00,1,8,0,3,0,12
2024-03-16 01:50:00,2,9,5,3,0,19
2024-03-16 02:00:00,4,10,7,1,0,22
2024-03-16 02:10:00,1,10,4,8,0,23
2024-03-16 02:20:00,6,8,3,1,0,18
2024-03-16 02:30:00,5,6,1,3,0,15
2024-03-16 02:40:00,2,10,1,3,0,16
2024-03-16 02:50:00,1,3,2,3,0,9
2024-03-16 03:00:00,0,3,4,1,0,8
2024-03-16 03:10:00,4,5,2,5,0,16
2024-03-16 03:20:00,1,2,2,2,0,7
2024-03-16 03:30:00,2,4,7,6,0,19
2024-03-16 03:40:00,6,11,6,8,0,31
2024-03-16 03:50:00,4,5,1,3,0,13
2024-03-16 04:00:00,2,4,1,1,0,8
2024-03-16 04:10:00,3,4,5,3,0,15
2024-03-16 04:20:00,5,7,4,2,0,18
2024-03-16 04:30:00,2,9,5,2,0,18
2024-03-16 04:40:00,1,3,6,7,0,17
2024-03-16 04:50:00,2,4,3,2,0,11
2024-03-16 05:00:00,5,7,4,9,0,25
2024-03-16 05:10:00,5,11,1,5,0,22
2024-03-16 05:20:00,7,8,10,10,0,35
2024-03-16 05:30:00,4,15,11,10,0,40
2024-03-16 05:40:00,7,15,5,7,0,34
2024-03-16 05:50:00,3,6,6,6,0,21
2024-03-16 06:00:00,4,7,6,15,0,32
2024-03-16 06:10:00,4,7,11,15,0,37
2024-03-16 06:20:00,5,12,8,15,0,40
2024-03-16 06:30:00,7,14,5,7,0,33
2024-03-16 06:40:00,9,13,10,7,1,40
2024-03-16 06:50:00,7,12,7,7,0,33
2024-03-16 07:00:00,9,7,7,7,0,30
2024-03-16 07:10:00,7,15,7,16,0,45
2024-03-16 07:20:00,6,12,11,15,0,44
2024-03-16 07:30:00,8,20,12,18,0,58
2024-03-16 07:40:00,11,24,16,15,0,66
2024-03-16 07:50:00,12,19,14,17,0,62
2024-03-16 08:00:00,11,20,12,15,2,60
2024-03-16 08:10:00,10,26,13,15,0,64
2024-03-16 08:20:00,14,29,17,27,0,87
2024-03-16 08:30:00,15,38,22,21,0,96
2024-03-16 08:40:00,17,29,15,26,0,87
2024-03-16 08:50:00,22,29,20,33,0,104
2024-03-16 09:00:00,21,31,25,25,0,102
2024-03-16 09:10:00,22,38,22,24,0,106
2024-03-16 09:20:00,16,33,23,42,0,114
2024-03-16 09:30:00,25,46,11,21,0,103
2024-03-16 09:40:00,19,43,20,22,0,104
2024-03-16 09:50:00,30,37,30,26,2,125
2024-03-16 10:00:00,38,43,21,16,1,119
2024-03-16 10:10:00,22,42,19,26,1,110
2024-03-16 10:20:00,27,38,31,26,2,124
2024-03-16 10:30:00,42,45,38,37,0,162
2024-03-16 10:40:00,26,52,23,30,0,131
2024-03-16 10:50:00,30,43,22,37,1,133
2024-03-16 11:00:00,29,43,26,37,2,137
2024-03-16 11:10:00,29,34,24,29,2,118
2024-03-16 11:20:00,27,40,31,34,1,133
2024-03-16 11:30:00,28,51,24,36,1,140
2024-03-16 11:40:00,31,52,23,23,1,130
2024-03-16 11:50:00,30,38,24,31,0,123
2024-03-16 12:00:00,36,56,24,33,3,152
2024-03-16 12:10:00,28,64,19,32,0,143
2024-03-16 12:20:00,36,61,28,29,0,154
2024-03-16 12:30:00,35,52,29,31,0,147
2024-03-16 12:40:00,39,68,19,29,0,155
2024-03-16 12:50:00,29,62,22,38,0,151
2024-03-16 13:00:00,32,45,30,28,1,136
2024-03-16 13:10:00,32,49,29,33,1,144
2024-03-16 13:20:00,31,58,24,32,0,145
2024-03-16 13:30:00,37,60,22,30,0,149
2024-03-16 13:40:00,35,45,18,39,0,137
2024-03-16 13:50:00,39,44,27,27,1,138
2024-03-16 14:00:00,38,44,26,38,0,146
2024-03-16 14:10:00,36,57,18,37,1,149
2024-03-16 14:20:00,44,58,22,34,0,158
2024-03-16 14:30:00,38,55,24,41,1,159
2024-03-16 14:40:00,45,59,24,29,0,157
2024-03-16 14:50:00,37,58,28,35,0,158
2024-03-16 15:00:00,39,69,16,23,0,147
2024-03-16 15:10:00,42,46,19,35,0,142
2024-03-16 15:20:00,35,51,22,23,0,131
2024-03-16 15:30:00,45,50,32,34,0,161
2024-03-16 15:40:00,35,45,24,27,1,132
2024-03-16 15:50:00,40,55,24,27,3,149
2024-03-16 16:00:00,28,47,20,24,1,120
2024-03-16 16:10:00,41,48,22,24,0,135
2024-03-16 16:20:00,29,40,19,26,0,114
2024-03-16 16:30:00,39,57,21,24,2,143
2024-03-16 16:40:00,5,47,31,38,0,121
2024-03-16 16:50:00,0,59,25,25,0,109
2024-03-16 17:00:00,17,35,25,28,0,105
2024-03-16 17:10:00,34,45,25,39,0,143
2024-03-16 17:20:00,31,42,19,37,0,129
2024-03-16 17:30:00,36,52,27,34,0,149
2024-03-16 17:40:00,43,55,31,27,0,156
2024-03-16 17:50:00,47,57,26,18,3,151
2024-03-16 18:00:00,47,47,19,21,1,135
2024-03-16 18:10:00,45,63,24,22,1,155
2024-03-16 18:20:00,44,49,19,29,1,142
2024-03-16 18:30:00,40,52,21,25,0,138
2024-03-16 18:40:00,36,49,34,22,2,143
2024-03-16 18:50:00,49,49,34,44,1,177
2024-03-16 19:00:00,29,50,25,44,0,148
2024-03-16 19:10:00,47,38,30,49,0,164
2024-03-16 19:20:00,40,57,28,30,0,155
2024-03-16 19:30:00,31,43,23,33,2,132
2024-03-16 19:40:00,40,43,27,51,0,161
2024-03-16 19:50:00,36,57,33,40,2,168
2024-03-16 20:00:00,9,51,24,40,0,124
2024-03-16 20:10:00,21,57,21,47,0,146
2024-03-16 20:20:00,40,53,29,34,0,156
2024-03-16 20:30:00,19,39,17,37,0,112
2024-03-16 20:40:00,20,30,26,28,2,106
2024-03-16 20:50:00,22,39,19,35,1,116
2024-03-16 21:00:00,27,45,20,31,0,123
2024-03-16 21:10:00,23,43,25,25,0,116
2024-03-16 21:20:00,14,46,23,26,1,110
2024-03-16 21:30:00,20,36,21,15,0,92
2024-03-16 21:40:00,28,53,18,32,0,131
2024-03-16 21:50:00,24,43,25,27,1,120
2024-03-16 22:00:00,29,34,18,24,0,105
2024-03-16 22:10:00,26,33,16,26,0,101
2024-03-16 22:20:00,25,29,15,16,0,85
2024-03-16 22:30:00,26,42,17,26,0,111
2024-03-16 22:40:00,23,56,14,28,0,121
2024-03-16 22:50:00,29,51,17,24,0,121
2024-03-16 23:00:00,38,56,16,26,0,136
2024-03-16 23:10:00,21,40,17,17,0,95
2024-03-16 23:20:00,32,27,6,21,0,86
2024-03-16 23:30:00,16,24,13,17,0,70
2024-03-16 23:40:00,16,40,13,26,0,95
2024-03-16 23:50:00,9,29,10,7,0,55
2024-03-17 00:00:00,13,29,14,17,0,73
2024-03-17 00:10:00,20,25,14,12,0,71
2024-03-17 00:20:00,19,38,16,14,0,87
2024-03-17 00:30:00,18,25,6,18,0,67
2024-03-17 00:40:00,8,23,18,18,1,68
2024-03-17 00:50:00,12,19,11,10,0,52
2024-03-17 01:00:00,12,22,9,10,1,54
2024-03-17 01:10:00,14,23,10,7,0,54
2024-03-17 01:20:00,4,22,8,8,0,42
2024-03-17 01:30:00,21,25,14,6,0,66
2024-03-17 01:40:00,7,23,3,9,0,42
2024-03-17 01:50:00,13,18,5,7,0,43
2024-03-17 02:00:00,12,19,6,8,0,45
2024-03-17 02:10:00,5,22,7,7,0,41
2024-03-17 02:20:00,4,19,6,9,0,38
2024-03-17 02:30:00,6,12,3,0,0,21
2024-03-17 02:40:00,6,16,3,9,0,34
2024-03-17 02:50:00,5,13,3,4,0,25
2024-03-17 03:00:00,3,10,4,4,0,21
2024-03-17 03:10:00,6,11,4,4,0,25
2024-03-17 03:20:00,1,13,3,7,0,24
2024-03-17 03:30:00,2,6,4,4,0,16
2024-03-17 03:40:00,3,7,5,6,0,21
2024-03-17 03:50:00,0,1,0,5,0,6
2024-03-17 04:00:00,9,9,1,3,0,22
2024-03-17 04:10:00,1,3,2,4,0,10
2024-03-17 04:20:00,4,13,2,6,0,25
2024-03-17 04:30:00,2,7,1,0,0,10
2024-03-17 04:40:00,4,6,0,10,0,20
2024-03-17 04:50:00,1,8,3,3,0,15
2024-03-17 05:00:00,2,3,5,16,0,26
2024-03-17 05:10:00,0,2,1,6,0,9
2024-03-17 05:20:00,3,6,2,12,0,23
2024-03-17 05:30:00,5,7,9,15,0,36
2024-03-17 05:40:00,8,10,7,15,0,40
2024-03-17 05:50:00,4,14,4,7,0,29
2024-03-17 06:00:00,2,10,1,7,0,20
2024-03-17 06:10:00,7,11,6,13,0,37
2024-03-17 06:20:00,2,11,6,4,0,23
2024-03-17 06:30:00,9,6,5,9,0,29
2024-03-17 06:40:00,4,10,3,3,0,20
2024-03-17 06:50:00,5,6,6,7,0,24
2024-03-17 07:00:00,3,7,6,7,0,23
2024-03-17 07:10:00,2,9,6,3,0,20
2024-03-17 07:20:00,3,8,5,3,0,19
2024-03-17 07:30:00,1,8,5,8,0,22
2024-03-17 07:40:00,3,8,6,4,0,21
2024-03-17 07:50:00,3,6,7,7,0,23
2024-03-17 08:00:00,6,10,6,6,2,30
2024-03-17 08:10:00,5,7,8,5,0,25
2024-03-17 08:20:00,4,9,7,13,0,33
2024-03-17 08:30:00,7,9,7,10,0,33
2024-03-17 08:40:00,11,14,13,19,0,57
2024-03-17 08:50:00,9,16,9,14,0,48
2024-03-17 09:00:00,9,14,12,9,0,44
2024-03-17 09:10:00,13,23,14,11,0,61
2024-03-17 09:20:00,7,17,11,14,0,49
2024-03-17 09:30:00,15,22,15,23,0,75
2024-03-17 09:40:00,9,21,25,24,0,79
2024-03-17 09:50:00,16,28,15,23,0,82
2024-03-17 10:00:00,19,19,22,24,1,85
2024-03-17 10:10:00,14,20,13,28,0,75
2024-03-17 10:20:00,14,22,14,20,0,70
2024-03-17 10:30:00,19,41,18,26,0,104
2024-03-17 10:40:00,17,30,20,26,0,93
2024-03-17 10:50:00,25,32,15,18,0,90
2024-03-17 11:00:00,20,30,20,25,0,95
2024-03-17 11:10:00,13,34,17,24,1,89
2024-03-17 11:20:00,25,38,13,25,2,103
2024-03-17 11:30:00,26,27,12,30,0,95
2024-03-17 11:40:00,17,36,14,22,1,90
2024-03-17 11:50:00,26,38,27,23,0,114
2024-03-17 12:00:00,31,32,16,28,1,108
2024-03-17 12:10:00,34,45,15,28,1,123
2024-03-17 12:20:00,32,47,22,35,0,136
2024-03-17 12:30:00,23,55,23,19,1,121
2024-03-17 12:40:00,31,54,25,30,0,140
2024-03-17 12:50:00,31,49,17,30,0,127
2024-03-17 13:00:00,24,36,22,24,1,107
2024-03-17 13:10:00,31,47,18,25,0,121
2024-03-17 13:20:00,23,41,30,23,0,117
2024-03-17 13:30:00,21,31,25,22,3,102
2024-03-17 13:40:00,26,37,23,34,0,120
2024-03-17 13:50:00,29,37,21,29,2,118
2024-03-17 14:00:00,23,42,19,26,4,114
2024-03-17 14:10:00,33,37,22,32,2,126
2024-03-17 14:20:00,29,52,26,31,0,138
2024-03-17 14:30:00,37,59,23,28,8,155
2024-03-17 14:40:00,28,49,27,33,2,139
2024-03-17 14:50:00,27,48,23,38,0,136
2024-03-17 15:00:00,26,47,20,35,0,128
2024-03-17 15:10:00,22,40,19,25,2,108
2024-03-17 15:20:00,27,36,22,21,2,108
2024-03-17 15:30:00,24,43,18,26,1,112
2024-03-17 15:40:00,28,44,18,30,2,122
2024-03-17 15:50:00,28,48,26,33,0,135
2024-03-17 16:00:00,28,34,19,26,2,109
2024-03-17 16:10:00,18,36,25,28,0,107
2024-03-17 16:20:00,19,41,20,29,0,109
2024-03-17 16:30:00,23,42,25,16,1,107
2024-03-17 16:40:00,24,47,24,28,1,124
2024-03-17 16:50:00,36,40,29,23,1,129
2024-03-17 17:00:00,25,38,20,26,0,109
2024-03-17 17:10:00,23,53,28,24,1,129
2024-03-17 17:20:00,33,45,31,24,0,133
2024-03-17 17:30:00,36,47,23,32,0,138
2024-03-17 17:40:00,31,46,28,28,2,135
2024-03-17 17:50:00,18,35,25,27,1,106
2024-03-17 18:00:00,25,46,23,26,0,120
2024-03-17 18:10:00,22,50,23,33,0,128
2024-03-17 18:20:00,33,37,27,27,0,124
2024-03-17 18:30:00,30,37,22,24,1,114
2024-03-17 18:40:00,21,38,28,31,0,118
2024-03-17 18:50:00,21,40,21,45,0,127
2024-03-17 19:00:00,47,39,26,45,0,157
2024-03-17 19:10:00,34,46,22,38,0,140
2024-03-17 19:20:00,28,40,22,37,1,128
2024-03-17 19:30:00,26,40,30,44,0,140
2024-03-17 19:40:00,23,46,28,43,0,140
2024-03-17 19:50:00,14,28,16,41,0,99
2024-03-17 20:00:00,13,29,16,47,0,105
2024-03-17 20:10:00,29,39,19,39,0,126
2024-03-17 20:20:00,44,60,23,28,0,155
2024-03-17 20:30:00,31,43,23,25,0,122
2024-03-17 20:40:00,24,39,14,31,0,108
2024-03-17 20:50:00,21,40,24,23,0,108
2024-03-17 21:00:00,17,37,16,23,0,93
2024-03-17 21:10:00,21,34,21,11,0,87
2024-03-17 21:20:00,28,36,13,33,0,110
2024-03-17 21:30:00,25,45,12,21,0,103
2024-03-17 21:40:00,17,32,12,13,0,74
2024-03-17 21:50:00,17,32,13,17,0,79
2024-03-17 22:00:00,17,24,13,22,0,76
2024-03-17 22:10:00,10,37,20,16,0,83
2024-03-17 22:20:00,11,23,8,26,0,68
2024-03-17 22:30:00,4,15,11,14,0,44
2024-03-17 22:40:00,12,18,18,12,3,63
2024-03-17 22:50:00,16,25,10,7,0,58
2024-03-17 23:00:00,8,18,6,15,0,47
2024-03-17 23:10:00,4,20,4,7,0,35
2024-03-17 23:20:00,9,19,14,11,0,53
2024-03-17 23:30:00,6,11,9,8,0,34
2024-03-17 23:40:00,4,8,7,5,0,24
2024-03-17 23:50:00,3,22,5,2,0,32
2024-03-18 00:00:00,4,16,8,3,0,31
2024-03-18 00:10:00,3,6,2,2,0,13
2024-03-18 00:20:00,3,8,5,1,0,17
2024-03-18 00:30:00,5,5,10,3,0,23
2024-03-18 00:40:00,4,4,3,5,0,16
2024-03-18 00:50:00,2,3,1,3,0,9
2024-03-18 01:00:00,3,12,3,0,0,18
2024-03-18 01:10:00,0,6,1,4,0,11
2024-03-18 01:20:00,3,11,0,1,0,15
2024-03-18 01:30:00,0,1,1,0,0,2
2024-03-18 01:40:00,0,3,2,0,0,5
2024-03-18 01:50:00,0,4,0,2,0,6
2024-03-18 02:00:00,0,0,1,3,0,4
2024-03-18 02:10:00,0,0,3,3,0,6
2024-03-18 02:20:00,0,5,2,0,0,7
2024-03-18 02:30:00,2,5,0,0,0,7
2024-03-18 02:40:00,2,4,0,0,0,6
2024-03-18 02:50:00,0,5,1,0,0,6
2024-03-18 03:00:00,3,3,0,1,0,7
2024-03-18 03:10:00,0,1,1,1,0,3
2024-03-18 03:20:00,0,3,1,0,0,4
2024-03-18 03:30:00,0,2,3,4,0,9
2024-03-18 03:40:00,0,3,0,6,0,9
2024-03-18 03:50:00,3,5,2,1,0,11
2024-03-18 04:00:00,1,5,5,3,0,14
2024-03-18 04:10:00,6,5,2,4,0,17
2024-03-18 04:20:00,2,5,2,3,0,12
2024-03-18 04:30:00,3,7,3,6,0,19
2024-03-18 04:40:00,2,3,7,4,0,16
2024-03-18 04:50:00,3,14,9,13,0,39
2024-03-18 05:00:00,3,7,9,18,0,37
2024-03-18 05:10:00,14,19,13,22,0,68
2024-03-18 05:20:00,22,31,9,26,0,88
2024-03-18 05:30:00,10,21,20,53,0,104
2024-03-18 05:40:00,9,26,24,53,0,112
2024-03-18 05:50:00,24,25,25,37,0,111
2024-03-18 06:00:00,21,24,27,54,0,126
2024-03-18 06:10:00,29,34,38,52,0,153
2024-03-18 06:20:00,21,26,39,40,0,126
2024-03-18 06:30:00,26,33,32,40,1,132
2024-03-18 06:40:00,29,35,25,33,1,123
2024-03-18 06:50:00,32,35,45,48,1,161
2024-03-18 07:00:00,30,41,50,41,0,162
2024-03-18 07:10:00,32,43,47,53,1,176
2024-03-18 07:20:00,41,37,38,39,5,160
2024-03-18 07:30:00,27,51,37,48,8,171
2024-03-18 07:40:00,33,57,48,46,5,189
2024-03-18 07:50:00,28,39,49,50,0,166
2024-03-18 08:00:00,32,58,52,54,0,196
2024-03-18 08:10:00,27,44,35,31,1,138
2024-03-18 08:20:00,27,50,55,53,0,185
2024-03-18 08:30:00,42,45,41,32,0,160
2024-03-18 08:40:00,36,51,48,42,0,177
2024-03-18 08:50:00,44,53,39,43,0,179
2024-03-18 09:00:00,34,53,49,47,1,184
2024-03-18 09:10:00,36,54,41,42,1,174
2024-03-18 09:20:00,27,47,24,34,0,132
2024-03-18 09:30:00,27,40,31,37,3,138
2024-03-18 09:40:00,26,44,33,35,1,139
2024-03-18 09:50:00,27,56,36,36,2,157
2024-03-18 10:00:00,29,50,20,41,0,140
2024-03-18 10:10:00,25,56,27,39,0,147
2024-03-18 10:20:00,33,46,31,34,1,145
2024-03-18 10:30:00,38,49,32,34,2,155
2024-03-18 10:40:00,33,56,28,30,2,149
2024-03-18 10:50:00,31,54,27,40,0,152
2024-03-18 11:00:00,23,53,22,32,1,131
2024-03-18 11:10:00,24,45,33,27,0,129
2024-03-18 11:20:00,37,54,29,36,0,156
2024-03-18 11:30:00,40,44,31,23,1,139
2024-03-18 11:40:00,30,59,20,29,3,141
2024-03-18 11:50:00,27,45,26,36,0,134
2024-03-18 12:00:00,32,59,15,35,0,141
2024-03-18 12:10:00,30,62,26,37,0,155
2024-03-18 12:20:00,34,55,32,23,1,145
2024-03-18 12:30:00,42,53,29,31,1,156
2024-03-18 12:40:00,46,59,27,36,0,168
2024-03-18 12:50:00,32,56,21,30,1,140
2024-03-18 13:00:00,38,66,12,24,1,141
2024-03-18 13:10:00,40,64,21,38,1,164
2024-03-18 13:20:00,37,63,26,26,0,152
2024-03-18 13:30:00,45,67,11,34,3,160
2024-03-18 13:40:00,45,62,30,34,0,171
2024-03-18 13:50:00,54,70,28,49,0,201
2024-03-18 14:00:00,41,54,28,38,0,161
2024-03-18 14:10:00,40,53,21,36,0,150
2024-03-18 14:20:00,42,65,27,29,1,164
2024-03-18 14:30:00,45,63,29,36,0,173
2024-03-18 14:40:00,55,76,26,28,0,185
2024-03-18 14:50:00,49,56,20,24,1,150
2024-03-18 15:00:00,46,66,24,32,2,170
2024-03-18 15:10:00,60,60,26,35,0,181
2024-03-18 15:20:00,52,53,24,32,2,163
2024-03-18 15:30:00,52,45,28,38,2,165
2024-03-18 15:40:00,53,51,25,41,0,170
2024-03-18 15:50:00,55,61,23,34,2,175
2024-03-18 16:00:00,49,54,24,32,3,162
2024-03-18 16:10:00,65,69,19,32,0,185
2024-03-18 16:20:00,46,57,24,29,3,159
2024-03-18 16:30:00,60,50,22,32,0,164
2024-03-18 16:40:00,50,35,23,23,3,134
2024-03-18 16:50:00,59,53,29,36,0,177
2024-03-18 17:00:00,61,52,23,33,2,171
2024-03-18 17:10:00,59,50,18,41,3,171
2024-03-18 17:20:00,65,74,22,30,3,194
2024-03-18 17:30:00,46,53,26,32,4,161
2024-03-18 17:40:00,49,46,21,28,3,147
2024-03-18 17:50:00,62,59,40,32,0,193
2024-03-18 18:00:00,52,42,24,23,0,141
2024-03-18 18:10:00,62,42,32,42,0,178
2024-03-18 18:20:00,65,53,21,21,1,161
2024-03-18 18:30:00,46,46,30,29,1,152
2024-03-18 18:40:00,38,47,27,30,0,142
2024-03-18 18:50:00,48,45,28,32,2,155
2024-03-18 19:00:00,69,38,29,57,0,193
2024-03-18 19:10:00,46,55,30,36,2,169
2024-03-18 19:20:00,42,50,24,40,5,161
2024-03-18 19:30:00,43,59,21,40,1,164
2024-03-18 19:40:00,45,40,43,53,0,181
2024-03-18 19:50:00,23,50,15,31,0,119
2024-03-18 20:00:00,33,56,18,38,0,145
2024-03-18 20:10:00,32,45,17,44,0,138
2024-03-18 20:20:00,26,49,19,25,0,119
2024-03-18 20:30:00,23,31,11,34,0,99
2024-03-18 20:40:00,29,48,19,22,0,118
2024-03-18 20:50:00,25,44,13,27,0,109
2024-03-18 21:00:00,50,43,20,22,0,135
2024-03-18 21:10:00,9,45,15,18,0,87
2024-03-18 21:20:00,29,39,13,20,2,103
2024-03-18 21:30:00,27,41,12,26,0,106
2024-03-18 21:40:00,18,37,10,13,0,78
2024-03-18 21:50:00,26,34,16,8,0,84
2024-03-18 22:00:00,23,34,11,14,0,82
2024-03-18 22:10:00,22,33,7,24,0,86
2024-03-18 22:20:00,20,29,10,19,0,78
2024-03-18 22:30:00,19,33,6,8,0,66
2024-03-18 22:40:00,17,32,10,11,0,70
2024-03-18 22:50:00,8,21,9,8,0,46
2024-03-18 23:00:00,11,28,7,8,0,54
2024-03-18 23:10:00,11,32,6,4,1,54
2024-03-18 23:20:00,13,22,8,7,0,50
2024-03-18 23:30:00,8,14,6,8,0,36
2024-03-18 23:40:00,4,24,6,3,0,37
2024-03-18 23:50:00,9,7,4,3,0,23
2024-03-19 00:00:00,5,9,6,5,0,25
2024-03-19 00:10:00,1,12,2,5,0,20
2024-03-19 00:20:00,2,7,1,8,0,18
2024-03-19 00:30:00,8,7,4,0,0,19
2024-03-19 00:40:00,0,15,4,5,0,24
2024-03-19 00:50:00,1,3,0,0,0,4
2024-03-19 01:00:00,1,1,1,4,0,7
2024-03-19 01:10:00,0,3,2,1,0,6
2024-03-19 01:20:00,6,10,3,0,0,19
2024-03-19 01:30:00,2,2,0,1,0,5
2024-03-19 01:40:00,0,5,2,2,0,9
2024-03-19 01:50:00,0,4,0,0,0,4
2024-03-19 02:00:00,1,1,0,0,0,2
2024-03-19 02:10:00,2,3,0,2,0,7
2024-03-19 02:20:00,6,8,0,0,0,14
2024-03-19 02:30:00,2,7,0,2,0,11
2024-03-19 02:40:00,0,1,0,0,0,1
2024-03-19 02:50:00,3,7,1,4,0,15
2024-03-19 03:00:00,0,2,2,0,0,4
2024-03-19 03:10:00,3,5,0,1,0,9
2024-03-19 03:20:00,3,9,3,3,0,18
2024-03-19 03:30:00,1,9,1,2,0,13
2024-03-19 03:40:00,0,0,2,2,0,4
2024-03-19 03:50:00,3,6,2,3,0,14
2024-03-19 04:00:00,1,7,1,3,0,12
2024-03-19 04:10:00,4,4,3,9,0,20
2024-03-19 04:20:00,4,7,11,1,0,23
2024-03-19 04:30:00,2,2,6,5,0,15
2024-03-19 04:40:00,5,5,4,11,0,25
2024-03-19 04:50:00,2,4,8,13,0,27
2024-03-19 05:00:00,4,8,18,19,0,49
2024-03-19 05:10:00,3,8,14,14,0,39
2024-03-19 05:20:00,14,22,16,19,0,71
2024-03-19 05:30:00,20,21,30,52,0,123
2024-03-19 05:40:00,9,26,26,55,0,116
2024-03-19 05:50:00,16,26,26,47,0,115
2024-03-19 06:00:00,16,24,29,45,0,114
2024-03-19 06:10:00,34,27,28,40,0,129
2024-03-19 06:20:00,26,24,33,37,0,120
2024-03-19 06:30:00,25,37,25,39,0,126
2024-03-19 06:40:00,22,31,37,37,0,127
2024-03-19 06:50:00,24,37,40,38,0,139
2024-03-19 07:00:00,31,34,38,42,0,145
2024-03-19 07:10:00,26,41,48,51,4,170
2024-03-19 07:20:00,28,39,53,39,5,164
2024-03-19 07:30:00,26,42,47,38,9,162
2024-03-19 07:40:00,35,45,44,39,3,166
2024-03-19 07:50:00,38,52,45,52,1,188
2024-03-19 08:00:00,32,62,53,45,1,193
2024-03-19 08:10:00,32,60,38,37,4,171
2024-03-19 08:20:00,42,55,60,45,0,202
2024-03-19 08:30:00,32,50,48,41,0,171
2024-03-19 08:40:00,45,53,43,43,2,186
2024-03-19 08:50:00,38,53,41,48,0,180
2024-03-19 09:00:00,30,45,42,42,0,159
2024-03-19 09:10:00,30,53,42,41,0,166
2024-03-19 09:20:00,34,51,41,38,3,167
2024-03-19 09:30:00,18,31,33,29,3,114
2024-03-19 09:40:00,28,43,38,34,1,144
2024-03-19 09:50:00,31,49,25,40,0,145
2024-03-19 10:00:00,37,45,27,33,0,142
2024-03-19 10:10:00,24,37,27,25,2,115
2024-03-19 10:20:00,38,39,33,33,1,144
2024-03-19 10:30:00,25,41,38,33,1,138
2024-03-19 10:40:00,27,46,22,34,0,129
2024-03-19 10:50:00,27,40,18,33,1,119
2024-03-19 11:00:00,28,43,26,37,0,134
2024-03-19 11:10:00,37,58,32,27,0,154
2024-03-19 11:20:00,32,55,29,30,2,148
2024-03-19 11:30:00,30,46,26,29,0,131
2024-03-19 11:40:00,42,50,29,30,0,151
2024-03-19 11:50:00,31,55,22,32,1,141
2024-03-19 12:00:00,25,54,27,22,0,128
2024-03-19 12:10:00,37,57,31,31,6,162
2024-03-19 12:20:00,37,46,22,35,5,145
2024-03-19 12:30:00,39,55,28,23,2,147
2024-03-19 12:40:00,46,66,23,35,0,170
2024-03-19 12:50:00,42,58,37,42,2,181
2024-03-19 13:00:00,40,63,28,39,3,173
2024-03-19 13:10:00,46,61,29,30,0,166
2024-03-19 13:20:00,46,54,33,24,0,157
2024-03-19 13:30:00,41,49,33,39,0,162
2024-03-19 13:40:00,35,54,37,43,1,170
2024-03-19 13:50:00,46,51,34,35,1,167
2024-03-19 14:00:00,41,48,27,41,0,157
2024-03-19 14:10:00,32,46,26,35,1,140
2024-03-19 14:20:00,49,58,23,19,2,151
2024-03-19 14:30:00,51,68,33,27,2,181
2024-03-19 14:40:00,42,60,29,28,2,161
2024-03-19 14:50:00,45,61,22,31,8,167
2024-03-19 15:00:00,53,65,19,33,1,171
2024-03-19 15:10:00,57,50,23,32,0,162
2024-03-19 15:20:00,62,52,31,33,3,181
2024-03-19 15:30:00,52,38,15,30,0,135
2024-03-19 15:40:00,55,51,20,28,0,154
2024-03-19 15:50:00,60,60,26,36,2,184
2024-03-19 16:00:00,61,45,32,32,0,170
2024-03-19 16:10:00,41,37,25,32,2,137
2024-03-19 16:20:00,56,58,28,26,4,172
2024-03-19 16:30:00,60,55,17,35,2,169
2024-03-19 16:40:00,48,48,27,29,2,154
2024-03-19 16:50:00,54,55,27,32,1,169
2024-03-19 17:00:00,56,64,25,40,2,187
2024-03-19 17:10:00,55,58,34,41,2,190
2024-03-19 17:20:00,47,54,23,33,5,162
2024-03-19 17:30:00,27,32,25,24,7,115
2024-03-19 17:40:00,62,64,27,44,2,199
2024-03-19 17:50:00,62,50,23,30,2,167
2024-03-19 18:00:00,61,44,22,28,0,155
2024-03-19 18:10:00,70,62,35,38,3,208
2024-03-19 18:20:00,56,47,25,31,0,159
2024-03-19 18:30:00,53,59,32,37,1,182
2024-03-19 18:40:00,40,42,26,35,2,145
2024-03-19 18:50:00,58,50,35,36,3,182
2024-03-19 19:00:00,63,53,26,47,0,189
2024-03-19 19:10:00,41,53,17,55,2,168
2024-03-19 19:20:00,43,49,29,44,0,165
2024-03-19 19:30:00,40,55,20,41,0,156
2024-03-19 19:40:00,30,43,23,49,2,147
2024-03-19 19:50:00,34,41,20,46,0,141
2024-03-19 20:00:00,36,37,22,55,0,150
2024-03-19 20:10:00,32,47,21,43,0,143
2024-03-19 20:20:00,32,56,17,31,0,136
2024-03-19 20:30:00,23,40,20,39,0,122
2024-03-19 20:40:00,29,45,20,40,0,134
2024-03-19 20:50:00,25,37,16,30,0,108
2024-03-19 21:00:00,32,48,13,34,0,127
2024-03-19 21:10:00,26,40,18,25,1,110
2024-03-19 21:20:00,39,33,13,26,1,112
2024-03-19 21:30:00,28,46,12,22,0,108
2024-03-19 21:40:00,24,55,14,29,0,122
2024-03-19 21:50:00,28,36,14,16,0,94
2024-03-19 22:00:00,21,30,8,20,0,79
2024-03-19 22:10:00,15,37,11,29,1,93
2024-03-19 22:20:00,21,30,23,16,0,90
2024-03-19 22:30:00,12,30,9,24,0,75
2024-03-19 22:40:00,30,32,7,21,0,90
2024-03-19 22:50:00,9,33,10,16,0,68
2024-03-19 23:00:00,25,28,5,7,0,65
2024-03-19 23:10:00,9,20,8,9,0,46
2024-03-19 23:20:00,4,16,16,15,0,51
2024-03-19 23:30:00,4,19,5,18,0,46
2024-03-19 23:40:00,6,16,4,5,1,32
2024-03-19 23:50:00,6,23,3,7,0,39
2024-03-20 00:00:00,5,12,5,4,0,26
2024-03-20 00:10:00,8,13,7,6,0,34
2024-03-20 00:20:00,3,5,0,1,0,9
2024-03-20 00:30:00,3,15,4,4,0,26
2024-03-20 00:40:00,2,14,3,0,0,19
2024-03-20 00:50:00,3,6,6,3,0,18
2024-03-20 01:00:00,0,4,2,3,0,9
2024-03-20 01:10:00,0,6,2,4,0,12
2024-03-20 01:20:00,0,8,1,2,0,11
2024-03-20 01:30:00,0,2,1,9,0,12
2024-03-20 01:40:00,2,2,2,2,0,8
2024-03-20 01:50:00,0,2,0,0,0,2
2024-03-20 02:00:00,0,1,0,1,0,2
2024-03-20 02:10:00,3,1,2,1,0,7
2024-03-20 02:20:00,4,4,0,2,0,10
2024-03-20 02:30:00,2,2,0,0,0,4
2024-03-20 02:40:00,1,2,2,0,0,5
2024-03-20 02:50:00,0,7,0,0,0,7
2024-03-20 03:00:00,1,2,0,0,0,3
2024-03-20 03:10:00,0,4,0,2,0,6
2024-03-20 03:20:00,2,7,0,0,0,9
2024-03-20 03:30:00,2,7,1,0,0,10
2024-03-20 03:40:00,0,5,2,4,0,11
2024-03-20 03:50:00,0,7,6,2,0,15
2024-03-20 04:00:00,2,2,0,7,0,11
2024-03-20 04:10:00,3,10,5,5,0,23
2024-03-20 04:20:00,2,8,5,3,0,18
2024-03-20 04:30:00,7,7,6,2,0,22
2024-03-20 04:40:00,4,4,7,7,0,22
2024-03-20 04:50:00,5,7,3,12,0,27
2024-03-20 05:00:00,2,9,7,12,0,30
2024-03-20 05:10:00,8,7,10,20,0,45
2024-03-20 05:20:00,16,16,17,27,0,76
2024-03-20 05:30:00,13,16,13,37,0,79
2024-03-20 05:40:00,17,20,28,57,0,122
2024-03-20 05:50:00,4,24,29,35,0,92
2024-03-20 06:00:00,32,18,29,62,0,141
2024-03-20 06:10:00,28,26,28,49,0,131
2024-03-20 06:20:00,23,18,30,30,0,101
2024-03-20 06:30:00,32,41,37,37,0,147
2024-03-20 06:40:00,31,26,37,35,0,129
2024-03-20 06:50:00,31,27,41,52,1,152
2024-03-20 07:00:00,26,39,42,46,0,153
2024-03-20 07:10:00,25,36,48,28,3,140
2024-03-20 07:20:00,39,45,41,39,2,166
2024-03-20 07:30:00,35,47,45,40,4,171
2024-03-20 07:40:00,30,58,41,42,5,176
2024-03-20 07:50:00,45,47,57,37,0,186
2024-03-20 08:00:00,31,47,49,44,0,171
2024-03-20 08:10:00,36,56,59,42,0,193
2024-03-20 08:20:00,41,58,54,57,0,210
2024-03-20 08:30:00,38,46,51,55,0,190
2024-03-20 08:40:00,43,66,49,42,0,200
2024-03-20 08:50:00,36,74,47,36,0,193
2024-03-20 09:00:00,40,67,40,39,1,187
2024-03-20 09:10:00,29,37,35,36,0,137
2024-03-20 09:20:00,28,51,33,37,2,151
2024-03-20 09:30:00,35,32,34,35,0,136
2024-03-20 09:40:00,36,47,37,43,0,163
2024-03-20 09:50:00,27,48,33,40,0,148
2024-03-20 10:00:00,26,47,31,24,0,128
2024-03-20 10:10:00,34,46,28,27,2,137
2024-03-20 10:20:00,38,50,28,23,4,143
2024-03-20 10:30:00,25,45,20,36,1,127
2024-03-20 10:40:00,23,36,12,39,0,110
2024-03-20 10:50:00,33,58,21,40,0,152
2024-03-20 11:00:00,42,41,31,28,2,144
2024-03-20 11:10:00,35,46,31,40,6,158
2024-03-20 11:20:00,23,46,25,34,2,130
2024-03-20 11:30:00,40,52,22,27,1,142
2024-03-20 11:40:00,42,51,30,30,0,153
2024-03-20 11:50:00,31,46,15,17,0,109
2024-03-20 12:00:00,32,44,17,29,4,126
2024-03-20 12:10:00,37,45,22,26,1,131
2024-03-20 12:20:00,35,61,32,33,1,162
2024-03-20 12:30:00,51,63,19,27,1,161
2024-03-20 12:40:00,40,49,30,36,0,155
2024-03-20 12:50:00,36,46,25,31,2,140
2024-03-20 13:00:00,45,58,21,31,0,155
2024-03-20 13:10:00,43,71,22,36,0,172
2024-03-20 13:20:00,46,52,20,27,6,151
2024-03-20 13:30:00,40,51,30,41,2,164
2024-03-20 13:40:00,49,74,28,32,1,184
2024-03-20 13:50:00,45,62,22,35,1,165
2024-03-20 14:00:00,34,57,26,31,1,149
2024-03-20 14:10:00,45,61,28,33,1,168
2024-03-20 14:20:00,46,60,23,36,1,166
2024-03-20 14:30:00,39,63,22,26,3,153
2024-03-20 14:40:00,37,53,21,25,3,139
2024-03-20 14:50:00,47,63,23,34,1,168
2024-03-20 15:00:00,50,56,19,20,0,145
2024-03-20 15:10:00,61,53,28,32,0,174
2024-03-20 15:20:00,58,52,16,31,0,157
2024-03-20 15:30:00,51,54,25,33,1,164
2024-03-20 15:40:00,52,47,28,31,1,159
2024-03-20 15:50:00,62,58,34,31,5,190
2024-03-20 16:00:00,44,39,22,35,2,142
2024-03-20 16:10:00,60,54,16,24,4,158
2024-03-20 16:20:00,48,47,29,29,4,157
2024-03-20 16:30:00,70,54,22,33,1,180
2024-03-20 16:40:00,38,47,27,24,4,140
2024-03-20 16:50:00,62,49,25,24,4,164
2024-03-20 17:00:00,56,57,27,29,1,170
2024-03-20 17:10:00,52,45,25,35,0,157
2024-03-20 17:20:00,64,37,23,36,1,161
2024-03-20 17:30:00,61,40,27,35,2,165
2024-03-20 17:40:00,58,48,32,31,3,172
2024-03-20 17:50:00,48,48,30,37,2,165
2024-03-20 18:00:00,57,47,32,31,2,169
2024-03-20 18:10:00,51,40,36,35,7,169
2024-03-20 18:20:00,56,49,28,29,2,164
2024-03-20 18:30:00,53,53,31,28,3,168
2024-03-20 18:40:00,58,51,31,41,0,181
2024-03-20 18:50:00,46,40,40,35,0,161
2024-03-20 19:00:00,41,55,19,50,4,169
2024-03-20 19:10:00,47,59,27,38,1,172
2024-03-20 19:20:00,56,49,32,64,1,202
2024-03-20 19:30:00,49,51,27,35,0,162
2024-03-20 19:40:00,32,37,28,51,0,148
2024-03-20 19:50:00,39,46,23,47,1,156
2024-03-20 20:00:00,29,43,20,42,1,135
2024-03-20 20:10:00,37,63,20,40,0,160
2024-03-20 20:20:00,35,47,21,41,0,144
2024-03-20 20:30:00,30,37,28,34,0,129
2024-03-20 20:40:00,29,37,15,37,0,118
2024-03-20 20:50:00,28,50,9,30,0,117
2024-03-20 21:00:00,22,43,8,30,0,103
2024-03-20 21:10:00,24,55,13,29,0,121
2024-03-20 21:20:00,37,53,18,41,1,150
2024-03-20 21:30:00,36,45,15,17,1,114
2024-03-20 21:40:00,32,57,15,17,0,121
2024-03-20 21:50:00,22,42,25,31,0,120
2024-03-20 22:00:00,34,44,15,25,0,118
2024-03-20 22:10:00,26,46,13,26,0,111
2024-03-20 22:20:00,15,36,16,35,2,104
2024-03-20 22:30:00,12,31,18,20,0,81
2024-03-20 22:40:00,14,36,19,13,0,82
2024-03-20 22:50:00,13,51,12,28,0,104
2024-03-20 23:00:00,23,40,13,10,1,87
2024-03-20 23:10:00,21,36,8,8,0,73
2024-03-20 23:20:00,17,28,18,10,0,73
2024-03-20 23:30:00,4,14,8,4,0,30
2024-03-20 23:40:00,10,21,3,4,0,38
2024-03-20 23:50:00,11,15,2,11,0,39
2024-03-21 00:00:00,5,8,6,3,0,22
2024-03-21 00:10:00,6,12,4,3,0,25
2024-03-21 00:20:00,5,11,6,11,0,33
2024-03-21 00:30:00,6,9,10,1,0,26
2024-03-21 00:40:00,3,7,2,2,0,14
2024-03-21 00:50:00,5,5,2,0,1,13
2024-03-21 01:00:00,0,7,0,7,0,14
2024-03-21 01:10:00,4,7,2,2,0,15
2024-03-21 01:20:00,4,6,4,5,0,19
2024-03-21 01:30:00,2,5,5,1,0,13
2024-03-21 01:40:00,0,2,1,0,0,3
2024-03-21 01:50:00,0,1,3,0,0,4
2024-03-21 02:00:00,1,1,3,2,0,7
2024-03-21 02:10:00,2,2,2,0,0,6
2024-03-21 02:20:00,2,7,2,3,0,14
2024-03-21 02:30:00,0,1,0,1,0,2
2024-03-21 02:40:00,1,10,3,2,0,16
2024-03-21 02:50:00,1,6,1,3,0,11
2024-03-21 03:00:00,0,5,2,1,0,8
2024-03-21 03:10:00,0,2,0,3,0,5
2024-03-21 03:20:00,0,6,0,0,0,6
2024-03-21 03:30:00,2,5,1,0,0,8
2024-03-21 03:40:00,0,3,2,7,0,12
2024-03-21 03:50:00,0,1,1,4,0,6
2024-03-21 04:00:00,3,5,0,2,0,10
2024-03-21 04:10:00,7,5,3,2,0,17
2024-03-21 04:20:00,2,3,3,7,0,15
2024-03-21 04:30:00,2,12,4,6,0,24
2024-03-21 04:40:00,5,3,3,12,0,23
2024-03-21 04:50:00,4,3,2,15,0,24
2024-03-21 05:00:00,5,11,8,20,0,44
2024-03-21 05:10:00,13,12,14,35,0,74
2024-03-21 05:20:00,14,18,20,36,0,88
2024-03-21 05:30:00,19,9,18,50,0,96
2024-03-21 05:40:00,14,19,26,58,0,117
2024-03-21 05:50:00,17,23,29,49,0,118
2024-03-21 06:00:00,38,15,20,39,0,112
2024-03-21 06:10:00,24,32,23,43,0,122
2024-03-21 06:20:00,25,25,26,41,0,117
2024-03-21 06:30:00,20,35,27,37,0,119
2024-03-21 06:40:00,30,29,25,38,0,122
2024-03-21 06:50:00,32,26,46,55,0,159
2024-03-21 07:00:00,31,31,35,44,0,141
2024-03-21 07:10:00,28,46,38,41,3,156
2024-03-21 07:20:00,37,37,50,48,4,176
2024-03-21 07:30:00,33,35,32,27,16,143
2024-03-21 07:40:00,30,48,41,39,6,164
2024-03-21 07:50:00,23,50,52,45,0,170
2024-03-21 08:00:00,32,46,38,44,2,162
2024-03-21 08:10:00,37,46,43,45,2,173
2024-03-21 08:20:00,25,46,41,36,0,148
2024-03-21 08:30:00,40,53,39,47,3,182
2024-03-21 08:40:00,40,44,52,40,1,177
2024-03-21 08:50:00,24,49,32,34,1,140
2024-03-21 09:00:00,10,56,40,40,0,146
2024-03-21 09:10:00,22,46,40,41,2,151
2024-03-21 09:20:00,34,38,34,30,8,144
2024-03-21 09:30:00,16,37,36,37,2,128
2024-03-21 09:40:00,41,49,29,25,1,145
2024-03-21 09:50:00,22,50,30,42,1,145
2024-03-21 10:00:00,29,42,25,28,0,124
2024-03-21 10:10:00,34,49,32,38,0,153
2024-03-21 10:20:00,34,45,22,40,0,141
2024-03-21 10:30:00,35,45,27,33,2,142
2024-03-21 10:40:00,30,46,31,30,0,137
2024-03-21 10:50:00,38,50,17,45,0,150
2024-03-21 11:00:00,27,42,13,32,1,115
2024-03-21 11:10:00,32,47,15,39,0,133
2024-03-21 11:20:00,40,50,23,33,0,146
2024-03-21 11:30:00,35,52,29,23,0,139
2024-03-21 11:40:00,34,50,25,29,5,143
2024-03-21 11:50:00,33,57,27,31,1,149
2024-03-21 12:00:00,13,56,27,29,6,131
2024-03-21 12:10:00,42,61,29,30,0,162
2024-03-21 12:20:00,50,62,31,32,0,175
2024-03-21 12:30:00,38,48,32,27,1,146
2024-03-21 12:40:00,54,72,26,38,2,192
2024-03-21 12:50:00,35,49,27,25,0,136
2024-03-21 13:00:00,49,72,24,28,1,174
2024-03-21 13:10:00,37,46,18,28,0,129
2024-03-21 13:20:00,46,49,27,30,1,153
2024-03-21 13:30:00,44,55,23,30,2,154
2024-03-21 13:40:00,41,62,22,35,2,162
2024-03-21 13:50:00,39,67,30,23,0,159
2024-03-21 14:00:00,37,42,19,28,0,126
2024-03-21 14:10:00,47,72,34,16,1,170
2024-03-21 14:20:00,50,55,16,25,3,149
2024-03-21 14:30:00,55,62,30,35,4,186
2024-03-21 14:40:00,54,60,26,24,7,171
2024-03-21 14:50:00,62,60,21,27,1,171
2024-03-21 15:00:00,43,47,20,37,4,151
2024-03-21 15:10:00,51,50,27,34,7,169
2024-03-21 15:20:00,66,64,22,29,0,181
2024-03-21 15:30:00,56,45,26,26,1,154
2024-03-21 15:40:00,64,55,35,32,1,187
2024-03-21 15:50:00,63,63,22,28,3,179
2024-03-21 16:00:00,59,60,25,33,2,179
2024-03-21 16:10:00,59,52,26,28,1,166
2024-03-21 16:20:00,53,53,27,29,2,164
2024-03-21 16:30:00,56,46,24,25,2,153
2024-03-21 16:40:00,71,58,24,47,2,202
2024-03-21 16:50:00,50,53,27,23,2,155
2024-03-21 17:00:00,46,55,32,32,3,168
2024-03-21 17:10:00,58,62,28,32,3,183
2024-03-21 17:20:00,57,51,23,31,3,165
2024-03-21 17:30:00,52,53,29,29,1,164
2024-03-21 17:40:00,63,61,35,39,5,203
2024-03-21 17:50:00,60,53,26,36,1,176
2024-03-21 18:00:00,53,47,27,31,3,161
2024-03-21 18:10:00,53,49,33,26,3,164
2024-03-21 18:20:00,55,64,22,35,1,177
2024-03-21 18:30:00,61,55,34,43,1,194
2024-03-21 18:40:00,50,51,22,27,0,150
2024-03-21 18:50:00,47,52,26,33,1,159
2024-03-21 19:00:00,68,49,24,58,0,199
2024-03-21 19:10:00,57,42,23,51,1,174
2024-03-21 19:20:00,39,44,24,44,5,156
2024-03-21 19:30:00,37,56,27,47,0,167
2024-03-21 19:40:00,39,57,35,57,0,188
2024-03-21 19:50:00,32,46,28,48,1,155
2024-03-21 20:00:00,31,51,18,41,0,141
2024-03-21 20:10:00,49,40,21,29,1,140
2024-03-21 20:20:00,37,39,15,32,0,123
2024-03-21 20:30:00,26,37,21,35,0,119
2024-03-21 20:40:00,31,44,18,33,0,126
2024-03-21 20:50:00,32,38,19,24,0,113
2024-03-21 21:00:00,27,31,14,24,0,96
2024-03-21 21:10:00,35,47,14,43,0,139
2024-03-21 21:20:00,27,45,16,36,0,124
2024-03-21 21:30:00,41,43,8,20,0,112
2024-03-21 21:40:00,35,37,19,25,0,116
2024-03-21 21:50:00,26,42,6,23,0,97
2024-03-21 22:00:00,24,27,18,27,0,96
2024-03-21 22:10:00,12,31,11,17,0,71
2024-03-21 22:20:00,15,23,11,24,0,73
2024-03-21 22:30:00,18,37,18,21,2,96
2024-03-21 22:40:00,17,27,11,27,2,84
2024-03-21 22:50:00,30,39,10,21,0,100
2024-03-21 23:00:00,28,37,11,14,0,90
2024-03-21 23:10:00,10,29,8,13,0,60
2024-03-21 23:20:00,9,25,16,12,0,62
2024-03-21 23:30:00,9,18,9,10,0,46
2024-03-21 23:40:00,4,21,3,5,0,33
2024-03-21 23:50:00,10,28,11,6,1,56
2024-03-22 00:00:00,5,14,1,8,0,28
2024-03-22 00:10:00,9,16,2,5,0,32
2024-03-22 00:20:00,1,7,3,6,0,17
2024-03-22 00:30:00,3,5,4,5,0,17
2024-03-22 00:40:00,3,7,3,5,0,18
2024-03-22 00:50:00,3,7,6,4,0,20
2024-03-22 01:00:00,1,8,2,5,0,16
2024-03-22 01:10:00,6,6,6,5,0,23
2024-03-22 01:20:00,5,6,2,2,0,15
2024-03-22 01:30:00,1,5,2,3,0,11
2024-03-22 01:40:00,1,3,3,3,0,10
2024-03-22 01:50:00,5,5,2,0,0,12
2024-03-22 02:00:00,5,7,2,0,0,14
2024-03-22 02:10:00,0,5,1,1,0,7
2024-03-22 02:20:00,0,1,1,2,0,4
2024-03-22 02:30:00,0,4,2,1,0,7
2024-03-22 02:40:00,5,8,1,1,0,15
2024-03-22 02:50:00,5,6,0,0,0,11
2024-03-22 03:00:00,0,2,3,0,0,5
2024-03-22 03:10:00,2,4,0,4,0,10
2024-03-22 03:20:00,2,6,2,4,0,14
2024-03-22 03:30:00,2,3,0,0,0,5
2024-03-22 03:40:00,0,2,6,2,0,10
2024-03-22 03:50:00,3,4,0,3,0,10
2024-03-22 04:00:00,1,1,0,3,0,5
2024-03-22 04:10:00,4,3,3,7,0,17
2024-03-22 04:20:00,1,7,3,3,0,14
2024-03-22 04:30:00,1,4,4,9,0,18
2024-03-22 04:40:00,6,3,5,7,0,21
2024-03-22 04:50:00,7,6,3,17,0,33
2024-03-22 05:00:00,2,4,8,19,0,33
2024-03-22 05:10:00,10,11,19,18,0,58
2024-03-22 05:20:00,6,18,15,26,0,65
2024-03-22 05:30:00,17,15,19,55,0,106
2024-03-22 05:40:00,9,14,17,52,0,92
2024-03-22 05:50:00,13,24,19,43,1,100
2024-03-22 06:00:00,29,19,29,40,0,117
2024-03-22 06:10:00,22,25,33,29,0,109
2024-03-22 06:20:00,19,20,36,25,0,100
2024-03-22 06:30:00,22,28,25,40,0,115
2024-03-22 06:40:00,26,27,34,35,0,122
2024-03-22 06:50:00,20,28,52,46,1,147
2024-03-22 07:00:00,21,37,40,45,0,143
2024-03-22 07:10:00,28,32,33,27,7,127
2024-03-22 07:20:00,25,47,57,47,1,177
2024-03-22 07:30:00,34,42,48,56,7,187
2024-03-22 07:40:00,22,35,45,28,3,133
2024-03-22 07:50:00,22,49,46,47,0,164
2024-03-22 08:00:00,36,49,42,45,1,173
2024-03-22 08:10:00,33,49,47,45,0,174
2024-03-22 08:20:00,35,46,32,25,4,142
2024-03-22 08:30:00,29,41,37,37,0,144
2024-03-22 08:40:00,41,61,37,27,1,167
2024-03-22 08:50:00,43,47,43,37,1,171
2024-03-22 09:00:00,25,39,29,28,1,122
2024-03-22 09:10:00,33,44,30,35,1,143
2024-03-22 09:20:00,39,56,42,40,0,177
2024-03-22 09:30:00,37,42,35,31,1,146
2024-03-22 09:40:00,37,55,34,33,7,166
2024-03-22 09:50:00,27,49,31,33,1,141
2024-03-22 10:00:00,33,46,24,41,0,144
2024-03-22 10:10:00,27,45,37,38,2,149
2024-03-22 10:20:00,21,44,30,35,0,130
2024-03-22 10:30:00,36,64,12,37,0,149
2024-03-22 10:40:00,32,55,27,35,0,149
2024-03-22 10:50:00,38,48,34,39,0,159
2024-03-22 11:00:00,37,64,27,33,0,161
2024-03-22 11:10:00,32,50,18,36,0,136
2024-03-22 11:20:00,40,66,25,42,0,173
2024-03-22 11:30:00,33,42,29,28,2,134
2024-03-22 11:40:00,34,50,26,28,11,149
2024-03-22 11:50:00,33,35,26,33,5,132
2024-03-22 12:00:00,46,62,20,32,3,163
2024-03-22 12:10:00,48,62,23,31,0,164
2024-03-22 12:20:00,43,64,30,37,3,177
2024-03-22 12:30:00,38,59,33,32,0,162
2024-03-22 12:40:00,54,59,33,33,4,183
2024-03-22 12:50:00,39,56,27,25,1,148
2024-03-22 13:00:00,50,71,24,44,1,190
2024-03-22 13:10:00,42,50,28,25,5,150
2024-03-22 13:20:00,47,72,30,34,2,185
2024-03-22 13:30:00,50,73,27,36,2,188
2024-03-22 13:40:00,50,68,22,44,3,187
2024-03-22 13:50:00,60,80,27,33,0,200
2024-03-22 14:00:00,45,58,24,36,2,165
2024-03-22 14:10:00,52,76,30,39,0,197
2024-03-22 14:20:00,47,56,18,31,3,155
2024-03-22 14:30:00,62,67,33,40,0,202
2024-03-22 14:40:00,56,69,37,38,0,200
2024-03-22 14:50:00,52,64,32,37,3,188
2024-03-22 15:00:00,56,59,18,35,1,169
2024-03-22 15:10:00,63,57,30,38,0,188
2024-03-22 15:20:00,58,56,23,32,2,171
2024-03-22 15:30:00,48,44,19,27,8,146
2024-03-22 15:40:00,52,43,33,21,2,151
2024-03-22 15:50:00,58,51,24,39,1,173
2024-03-22 16:00:00,50,55,24,36,2,167
2024-03-22 16:10:00,53,61,23,30,1,168
2024-03-22 16:20:00,57,56,23,34,0,170
2024-03-22 16:30:00,47,44,29,21,4,145
2024-03-22 16:40:00,42,41,31,32,4,150
2024-03-22 16:50:00,55,55,39,22,1,172
2024-03-22 17:00:00,53,51,37,24,0,165
2024-03-22 17:10:00,50,38,28,39,2,157
2024-03-22 17:20:00,40,39,22,28,1,130
2024-03-22 17:30:00,54,42,31,33,1,161
2024-03-22 17:40:00,47,46,30,22,3,148
2024-03-22 17:50:00,48,52,31,34,4,169
2024-03-22 18:00:00,42,36,20,20,3,121
2024-03-22 18:10:00,52,51,31,37,0,171
2024-03-22 18:20:00,59,46,24,26,1,156
2024-03-22 18:30:00,27,21,16,25,1,90
2024-03-22 18:40:00,19,19,9,7,1,55
2024-03-22 18:50:00,20,17,11,18,1,67
2024-03-22 19:00:00,45,37,27,40,2,151
2024-03-22 19:10:00,41,43,41,43,1,169
2024-03-22 19:20:00,40,38,34,48,2,162
2024-03-22 19:30:00,32,47,34,26,3,142
2024-03-22 19:40:00,26,34,25,49,0,134
2024-03-22 19:50:00,43,46,19,49,0,157
2024-03-22 20:00:00,47,37,20,48,0,152
2024-03-22 20:10:00,24,49,13,44,0,130
2024-03-22 20:20:00,30,53,17,27,1,128
2024-03-22 20:30:00,40,48,21,40,0,149
2024-03-22 20:40:00,33,51,11,38,1,134
2024-03-22 20:50:00,17,42,28,26,0,113
2024-03-22 21:00:00,25,37,14,54,1,131
2024-03-22 21:10:00,24,44,17,28,2,115
2024-03-22 21:20:00,35,37,15,38,0,125
2024-03-22 21:30:00,25,44,19,34,0,122
2024-03-22 21:40:00,32,46,12,20,0,110
2024-03-22 21:50:00,22,34,25,22,1,104
2024-03-22 22:00:00,30,53,16,30,0,129
2024-03-22 22:10:00,25,32,15,24,0,96
2024-03-22 22:20:00,19,25,17,22,0,83
2024-03-22 22:30:00,17,32,13,34,0,96
2024-03-22 22:40:00,36,61,25,34,0,156
2024-03-22 22:50:00,35,35,16,28,1,115
2024-03-22 23:00:00,23,33,10,14,0,80
2024-03-22 23:10:00,28,42,13,12,0,95
2024-03-22 23:20:00,19,36,11,6,0,72
2024-03-22 23:30:00,14,31,15,21,0,81
2024-03-22 23:40:00,23,32,15,21,0,91
2024-03-22 23:50:00,16,26,12,13,0,67
2024-03-23 00:00:00,10,29,8,14,0,61
2024-03-23 00:10:00,5,27,11,5,0,48
2024-03-23 00:20:00,14,24,6,8,0,52
2024-03-23 00:30:00,13,23,14,15,0,65
2024-03-23 00:40:00,4,19,9,5,0,37
2024-03-23 00:50:00,10,15,10,3,0,38
2024-03-23 01:00:00,17,18,9,10,0,54
2024-03-23 01:10:00,3,19,3,11,0,36
2024-03-23 01:20:00,8,22,2,10,0,42
2024-03-23 01:30:00,3,10,6,5,0,24
2024-03-23 01:40:00,12,15,0,1,0,28
2024-03-23 01:50:00,4,9,4,3,0,20
2024-03-23 02:00:00,5,11,2,0,0,18
2024-03-23 02:10:00,6,14,5,2,0,27
2024-03-23 02:20:00,7,14,5,1,0,27
2024-03-23 02:30:00,4,10,1,4,0,19
2024-03-23 02:40:00,3,18,4,2,0,27
2024-03-23 02:50:00,3,8,4,6,0,21
2024-03-23 03:00:00,2,5,5,1,0,13
2024-03-23 03:10:00,3,5,4,5,0,17
2024-03-23 03:20:00,3,20,2,2,0,27
2024-03-23 03:30:00,5,8,1,2,0,16
2024-03-23 03:40:00,2,3,1,4,0,10
2024-03-23 03:50:00,5,8,8,0,0,21
2024-03-23 04:00:00,4,3,3,2,0,12
2024-03-23 04:10:00,8,8,1,7,0,24
2024-03-23 04:20:00,0,4,4,1,0,9
2024-03-23 04:30:00,0,3,2,3,0,8
2024-03-23 04:40:00,7,6,6,5,0,24
2024-03-23 04:50:00,3,10,6,7,0,26
2024-03-23 05:00:00,4,5,8,6,0,23
2024-03-23 05:10:00,2,9,6,19,0,36
2024-03-23 05:20:00,7,12,7,16,0,42
2024-03-23 05:30:00,10,11,7,14,0,42
2024-03-23 05:40:00,8,10,9,11,0,38
2024-03-23 05:50:00,4,8,12,8,0,32
2024-03-23 06:00:00,9,15,7,5,0,36
2024-03-23 06:10:00,9,12,10,5,0,36
2024-03-23 06:20:00,6,15,18,8,0,47
2024-03-23 06:30:00,5,12,10,8,0,35
2024-03-23 06:40:00,6,12,10,14,0,42
2024-03-23 06:50:00,13,25,5,6,0,49
2024-03-23 07:00:00,6,23,11,6,0,46
2024-03-23 07:10:00,5,11,6,17,0,39
2024-03-23 07:20:00,6,19,12,9,0,46
2024-03-23 07:30:00,16,24,11,13,0,64
2024-03-23 07:40:00,16,25,9,19,0,69
2024-03-23 07:50:00,14,28,12,21,1,76
2024-03-23 08:00:00,10,21,10,8,0,49
2024-03-23 08:10:00,10,29,13,15,0,67
2024-03-23 08:20:00,16,19,15,17,0,67
2024-03-23 08:30:00,9,19,14,21,0,63
2024-03-23 08:40:00,16,24,14,24,1,79
2024-03-23 08:50:00,16,24,16,25,0,81
2024-03-23 09:00:00,20,34,19,16,0,89
2024-03-23 09:10:00,17,34,18,30,0,99
2024-03-23 09:20:00,18,37,18,23,0,96
2024-03-23 09:30:00,31,30,17,33,0,111
2024-03-23 09:40:00,36,33,23,28,0,120
2024-03-23 09:50:00,29,48,30,38,1,146
2024-03-23 10:00:00,20,32,21,31,0,104
2024-03-23 10:10:00,30,30,14,31,0,105
2024-03-23 10:20:00,25,46,17,25,0,113
2024-03-23 10:30:00,29,45,22,30,2,128
2024-03-23 10:40:00,25,43,25,34,1,128
2024-03-23 10:50:00,28,45,35,36,0,144
2024-03-23 11:00:00,30,50,30,35,1,146
2024-03-23 11:10:00,30,39,19,30,4,122
2024-03-23 11:20:00,25,44,20,29,0,118
2024-03-23 11:30:00,28,38,25,24,0,115
2024-03-23 11:40:00,34,48,27,33,0,142
2024-03-23 11:50:00,42,46,24,38,0,150
2024-03-23 12:00:00,37,63,28,29,0,157
2024-03-23 12:10:00,41,52,31,38,0,162
2024-03-23 12:20:00,36,55,19,22,0,132
2024-03-23 12:30:00,38,71,28,29,0,166
2024-03-23 12:40:00,31,47,24,39,0,141
2024-03-23 12:50:00,37,59,18,36,1,151
2024-03-23 13:00:00,35,48,24,25,0,132
2024-03-23 13:10:00,37,59,28,34,0,158
2024-03-23 13:20:00,44,43,26,31,2,146
2024-03-23 13:30:00,30,47,27,37,1,142
2024-03-23 13:40:00,26,55,32,41,1,155
2024-03-23 13:50:00,39,52,32,39,0,162
2024-03-23 14:00:00,35,48,28,37,0,148
2024-03-23 14:10:00,39,52,24,24,1,140
2024-03-23 14:20:00,40,57,26,36,0,159
2024-03-23 14:30:00,47,60,21,28,0,156
2024-03-23 14:40:00,42,46,31,30,0,149
2024-03-23 14:50:00,46,57,23,26,0,152
2024-03-23 15:00:00,41,58,20,30,2,151
2024-03-23 15:10:00,37,61,23,34,0,155
2024-03-23 15:20:00,42,54,25,26,1,148
2024-03-23 15:30:00,32,53,26,24,0,135
2024-03-23 15:40:00,21,57,19,20,0,117
2024-03-23 15:50:00,34,52,24,27,2,139
2024-03-23 16:00:00,28,37,27,32,0,124
2024-03-23 16:10:00,35,47,24,26,2,134
2024-03-23 16:20:00,33,59,21,30,3,146
2024-03-23 16:30:00,22,51,28,27,0,128
2024-03-23 16:40:00,36,54,30,34,0,154
2024-03-23 16:50:00,37,50,26,35,0,148
2024-03-23 17:00:00,34,42,20,31,4,131
2024-03-23 17:10:00,31,48,34,26,0,139
2024-03-23 17:20:00,35,51,23,29,5,143
2024-03-23 17:30:00,41,37,15,25,2,120
2024-03-23 17:40:00,33,48,24,35,0,140
2024-03-23 17:50:00,24,39,24,30,2,119
2024-03-23 18:00:00,27,48,15,22,2,114
2024-03-23 18:10:00,25,35,20,28,0,108
2024-03-23 18:20:00,30,57,25,28,0,140
2024-03-23 18:30:00,29,58,16,21,0,124
2024-03-23 18:40:00,30,39,23,38,0,130
2024-03-23 18:50:00,24,47,22,23,0,116
2024-03-23 19:00:00,31,46,31,45,0,153
2024-03-23 19:10:00,30,35,25,46,1,137
2024-03-23 19:20:00,32,44,29,43,0,148
2024-03-23 19:30:00,27,36,33,31,2,129
2024-03-23 19:40:00,24,49,22,45,0,140
2024-03-23 19:50:00,30,44,26,42,2,144
2024-03-23 20:00:00,33,38,32,59,1,163
2024-03-23 20:10:00,34,58,26,36,1,155
2024-03-23 20:20:00,20,33,26,34,0,113
2024-03-23 20:30:00,27,32,24,51,0,134
2024-03-23 20:40:00,13,38,23,35,0,109
2024-03-23 20:50:00,30,39,18,36,0,123
2024-03-23 21:00:00,18,37,22,15,0,92
2024-03-23 21:10:00,22,33,18,25,0,98
2024-03-23 21:20:00,29,32,20,34,0,115
2024-03-23 21:30:00,23,30,12,25,0,90
2024-03-23 21:40:00,12,27,16,31,0,86
2024-03-23 21:50:00,17,27,14,17,0,75
2024-03-23 22:00:00,13,29,12,29,0,83
2024-03-23 22:10:00,22,41,13,19,0,95
2024-03-23 22:20:00,27,37,10,17,0,91
2024-03-23 22:30:00,24,40,14,22,0,100
2024-03-23 22:40:00,31,48,11,19,0,109
2024-03-23 22:50:00,39,53,14,34,1,141
2024-03-23 23:00:00,29,45,10,19,0,103
2024-03-23 23:10:00,16,34,17,23,0,90
2024-03-23 23:20:00,15,47,13,10,0,85
2024-03-23 23:30:00,15,35,10,17,0,77
2024-03-23 23:40:00,28,43,10,23,1,105
2024-03-23 23:50:00,22,40,12,12,1,87
2024-03-24 00:00:00,20,27,11,12,0,70
2024-03-24 00:10:00,13,22,11,12,0,58
2024-03-24 00:20:00,26,30,14,7,0,77
2024-03-24 00:30:00,6,22,7,8,0,43
2024-03-24 00:40:00,12,28,8,6,0,54
2024-03-24 00:50:00,8,12,7,7,0,34
2024-03-24 01:00:00,12,34,3,15,0,64
2024-03-24 01:10:00,8,18,11,14,0,51
2024-03-24 01:20:00,5,21,9,13,0,48
2024-03-24 01:30:00,7,11,9,5,0,32
2024-03-24 01:40:00,6,16,6,1,0,29
2024-03-24 01:50:00,17,17,10,9,0,53
2024-03-24 02:00:00,5,10,2,6,0,23
2024-03-24 02:10:00,4,14,11,3,0,32
2024-03-24 02:20:00,3,6,6,7,0,22
2024-03-24 02:30:00,9,6,7,5,0,27
2024-03-24 02:40:00,4,17,3,5,0,29
2024-03-24 02:50:00,2,9,7,4,0,22
2024-03-24 03:00:00,2,8,7,0,0,17
2024-03-24 03:10:00,8,8,7,4,0,27
2024-03-24 03:20:00,7,13,9,6,0,35
2024-03-24 03:30:00,3,9,1,1,0,14
2024-03-24 03:40:00,0,4,4,3,0,11
2024-03-24 03:50:00,1,5,3,1,0,10
2024-03-24 04:00:00,5,3,3,0,0,11
2024-03-24 04:10:00,1,5,3,0,0,9
2024-03-24 04:20:00,0,3,5,1,0,9
2024-03-24 04:30:00,2,4,7,4,0,17
2024-03-24 04:40:00,3,10,7,6,0,26
2024-03-24 04:50:00,3,6,4,3,0,16
2024-03-24 05:00:00,5,4,5,5,0,19
2024-03-24 05:10:00,3,6,3,7,0,19
2024-03-24 05:20:00,5,13,4,2,0,24
2024-03-24 05:30:00,2,8,9,17,0,36
2024-03-24 05:40:00,4,9,8,17,0,38
2024-03-24 05:50:00,5,16,5,8,0,34
2024-03-24 06:00:00,3,13,3,6,0,25
2024-03-24 06:10:00,2,15,5,5,0,27
2024-03-24 06:20:00,2,5,5,7,0,19
2024-03-24 06:30:00,5,3,3,3,0,14
2024-03-24 06:40:00,2,3,4,5,0,14
2024-03-24 06:50:00,7,6,3,4,0,20
2024-03-24 07:00:00,4,7,6,4,0,21
2024-03-24 07:10:00,4,4,0,4,0,12
2024-03-24 07:20:00,1,5,0,8,0,14
2024-03-24 07:30:00,1,5,4,5,0,15
2024-03-24 07:40:00,4,11,3,6,0,24
2024-03-24 07:50:00,1,7,4,6,0,18
2024-03-24 08:00:00,1,10,5,4,0,20
2024-03-24 08:10:00,5,10,11,8,0,34
2024-03-24 08:20:00,6,15,4,7,0,32
2024-03-24 08:30:00,8,11,6,11,0,36
2024-03-24 08:40:00,4,12,9,10,0,35
2024-03-24 08:50:00,15,7,9,16,0,47
2024-03-24 09:00:00,7,14,8,17,0,46
2024-03-24 09:10:00,8,20,11,11,0,50
2024-03-24 09:20:00,9,16,9,20,1,55
2024-03-24 09:30:00,5,22,11,23,0,61
2024-03-24 09:40:00,11,27,27,31,1,97
2024-03-24 09:50:00,15,20,18,24,0,77
2024-03-24 10:00:00,12,19,19,21,0,71
2024-03-24 10:10:00,21,32,16,28,0,97
2024-03-24 10:20:00,15,20,12,25,0,72
2024-03-24 10:30:00,17,27,15,39,2,100
2024-03-24 10:40:00,13,32,20,20,0,85
2024-03-24 10:50:00,20,29,20,25,0,94
2024-03-24 11:00:00,27,34,15,24,0,100
2024-03-24 11:10:00,19,27,19,24,3,92
2024-03-24 11:20:00,16,27,18,26,0,87
2024-03-24 11:30:00,22,33,18,15,0,88
2024-03-24 11:40:00,21,30,15,24,0,90
2024-03-24 11:50:00,22,35,13,25,0,95
2024-03-24 12:00:00,28,32,19,27,0,106
2024-03-24 12:10:00,28,34,20,24,0,106
2024-03-24 12:20:00,27,35,19,24,0,105
2024-03-24 12:30:00,26,32,19,18,0,95
2024-03-24 12:40:00,28,38,17,19,0,102
2024-03-24 12:50:00,24,46,21,27,1,119
2024-03-24 13:00:00,36,23,16,18,0,93
2024-03-24 13:10:00,31,38,18,30,0,117
2024-03-24 13:20:00,30,43,22,20,0,115
2024-03-24 13:30:00,25,38,26,26,0,115
2024-03-24 13:40:00,30,41,18,24,0,113
2024-03-24 13:50:00,36,42,23,28,3,132
2024-03-24 14:00:00,21,33,14,23,0,91
2024-03-24 14:10:00,32,44,22,27,0,125
2024-03-24 14:20:00,25,42,25,26,1,119
2024-03-24 14:30:00,32,36,23,27,2,120
2024-03-24 14:40:00,29,51,20,27,0,127
2024-03-24 14:50:00,33,35,27,28,2,125
2024-03-24 15:00:00,34,44,23,31,2,134
2024-03-24 15:10:00,26,33,19,18,2,98
2024-03-24 15:20:00,24,36,20,32,3,115
2024-03-24 15:30:00,28,22,15,23,2,90
2024-03-24 15:40:00,18,30,17,26,2,93
2024-03-24 15:50:00,24,33,24,35,1,117
2024-03-24 16:00:00,28,40,20,30,0,118
2024-03-24 16:10:00,23,40,18,16,1,98
2024-03-24 16:20:00,20,37,20,28,0,105
2024-03-24 16:30:00,25,43,15,27,2,112
2024-03-24 16:40:00,20,32,29,35,1,117
2024-03-24 16:50:00,14,30,28,33,0,105
2024-03-24 17:00:00,27,31,24,24,1,107
2024-03-24 17:10:00,36,40,23,31,0,130
2024-03-24 17:20:00,22,38,21,30,2,113
2024-03-24 17:30:00,20,34,21,28,0,103
2024-03-24 17:40:00,25,42,28,35,0,130
2024-03-24 17:50:00,31,44,18,28,0,121
2024-03-24 18:00:00,18,30,22,29,0,99
2024-03-24 18:10:00,28,35,18,28,0,109
2024-03-24 18:20:00,25,34,24,26,0,109
2024-03-24 18:30:00,25,43,18,22,2,110
2024-03-24 18:40:00,29,41,19,17,0,106
2024-03-24 18:50:00,26,36,21,18,0,101
2024-03-24 19:00:00,13,37,18,17,0,85
2024-03-24 19:10:00,25,42,17,16,7,107
2024-03-24 19:20:00,22,35,17,25,0,99
2024-03-24 19:30:00,32,32,16,17,2,99
2024-03-24 19:40:00,31,37,16,17,0,101
2024-03-24 19:50:00,19,38,17,22,1,97
2024-03-24 20:00:00,29,37,15,31,0,112
2024-03-24 20:10:00,28,51,18,37,0,134
2024-03-24 20:20:00,18,34,16,23,0,91
2024-03-24 20:30:00,41,38,15,37,0,131
2024-03-24 20:40:00,23,30,16,27,0,96
2024-03-24 20:50:00,19,33,10,25,0,87
2024-03-24 21:00:00,13,42,15,33,0,103
2024-03-24 21:10:00,18,37,12,28,0,95
2024-03-24 21:20:00,15,39,14,34,1,103
2024-03-24 21:30:00,20,36,11,18,0,85
2024-03-24 21:40:00,21,39,17,36,0,113
2024-03-24 21:50:00,18,35,12,21,0,86
2024-03-24 22:00:00,26,32,11,21,0,90
2024-03-24 22:10:00,24,26,13,23,0,86
2024-03-24 22:20:00,9,22,11,18,0,60
2024-03-24 22:30:00,17,32,8,16,0,73
2024-03-24 22:40:00,10,25,15,16,0,66
2024-03-24 22:50:00,7,18,8,14,0,47
2024-03-24 23:00:00,9,23,10,8,0,50
2024-03-24 23:10:00,4,12,7,8,0,31
2024-03-24 23:20:00,3,8,9,8,0,28
2024-03-24 23:30:00,5,9,14,6,0,34
2024-03-24 23:40:00,7,13,9,8,0,37
2024-03-24 23:50:00,3,16,7,5,0,31
2024-03-25 00:00:00,5,12,2,5,0,24
2024-03-25 00:10:00,13,13,10,2,0,38
2024-03-25 00:20:00,2,7,8,2,0,19
2024-03-25 00:30:00,2,14,5,2,0,23
2024-03-25 00:40:00,2,9,3,2,0,16
2024-03-25 00:50:00,1,4,0,2,0,7
2024-03-25 01:00:00,1,7,3,6,0,17
2024-03-25 01:10:00,0,6,3,7,0,16
2024-03-25 01:20:00,0,5,7,3,0,15
2024-03-25 01:30:00,4,3,1,2,0,10
2024-03-25 01:40:00,2,4,0,1,0,7
2024-03-25 01:50:00,2,1,0,0,0,3
2024-03-25 02:00:00,1,3,3,3,0,10
2024-03-25 02:10:00,0,6,1,4,0,11
2024-03-25 02:20:00,1,3,2,3,0,9
2024-03-25 02:30:00,0,4,1,1,0,6
2024-03-25 02:40:00,1,8,1,0,0,10
2024-03-25 02:50:00,0,4,4,2,0,10
2024-03-25 03:00:00,8,9,1,0,0,18
2024-03-25 03:10:00,3,5,0,5,0,13
2024-03-25 03:20:00,1,5,0,3,0,9
2024-03-25 03:30:00,0,1,0,1,0,2
2024-03-25 03:40:00,0,5,0,3,0,8
2024-03-25 03:50:00,1,4,2,2,0,9
2024-03-25 04:00:00,0,1,1,7,0,9
2024-03-25 04:10:00,3,4,3,1,0,11
2024-03-25 04:20:00,6,10,1,8,0,25
2024-03-25 04:30:00,0,6,4,9,0,19
2024-03-25 04:40:00,5,7,11,10,0,33
2024-03-25 04:50:00,2,8,4,12,0,26
2024-03-25 05:00:00,2,4,11,18,0,35
2024-03-25 05:10:00,13,20,6,28,0,67
2024-03-25 05:20:00,14,17,18,19,0,68
2024-03-25 05:30:00,16,20,12,40,0,88
2024-03-25 05:40:00,21,25,30,52,0,128
2024-03-25 05:50:00,13,21,30,46,0,110
2024-03-25 06:00:00,20,23,26,33,0,102
2024-03-25 06:10:00,22,24,29,27,0,102
2024-03-25 06:20:00,22,19,43,36,0,120
2024-03-25 06:30:00,24,27,29,32,0,112
2024-03-25 06:40:00,24,19,44,39,0,126
2024-03-25 06:50:00,27,25,34,34,0,120
2024-03-25 07:00:00,26,25,42,35,0,128
2024-03-25 07:10:00,21,38,46,46,0,151
2024-03-25 07:20:00,22,39,58,40,2,161
2024-03-25 07:30:00,27,44,46,40,1,158
2024-03-25 07:40:00,36,51,45,32,0,164
2024-03-25 07:50:00,35,41,51,49,0,176
2024-03-25 08:00:00,33,39,33,27,0,132
2024-03-25 08:10:00,34,48,35,33,1,151
2024-03-25 08:20:00,30,50,40,33,1,154
2024-03-25 08:30:00,32,45,39,44,0,160
2024-03-25 08:40:00,31,35,42,53,0,161
2024-03-25 08:50:00,38,47,49,36,0,170
2024-03-25 09:00:00,30,30,29,35,0,124
2024-03-25 09:10:00,35,46,30,31,2,144
2024-03-25 09:20:00,32,50,34,30,0,146
2024-03-25 09:30:00,50,63,38,33,0,184
2024-03-25 09:40:00,41,45,35,41,0,162
2024-03-25 09:50:00,29,39,36,24,1,129
2024-03-25 10:00:00,26,49,31,35,1,142
2024-03-25 10:10:00,38,39,31,27,1,136
2024-03-25 10:20:00,36,33,26,33,3,131
2024-03-25 10:30:00,41,45,25,33,1,145
2024-03-25 10:40:00,40,51,30,36,0,157
2024-03-25 10:50:00,41,44,23,37,0,145
2024-03-25 11:00:00,37,47,21,28,0,133
2024-03-25 11:10:00,28,41,31,35,3,138
2024-03-25 11:20:00,31,58,30,30,0,149
2024-03-25 11:30:00,41,52,32,37,4,166
2024-03-25 11:40:00,38,44,30,35,0,147
2024-03-25 11:50:00,27,48,18,37,0,130
2024-03-25 12:00:00,38,59,24,26,1,148
2024-03-25 12:10:00,47,51,26,33,0,157
2024-03-25 12:20:00,39,58,27,25,0,149
2024-03-25 12:30:00,27,49,26,30,0,132
2024-03-25 12:40:00,36,50,29,32,0,147
2024-03-25 12:50:00,35,44,27,33,0,139
2024-03-25 13:00:00,31,48,26,31,1,137
2024-03-25 13:10:00,50,57,34,38,1,180
2024-03-25 13:20:00,47,56,22,35,1,161
2024-03-25 13:30:00,36,61,31,27,0,155
2024-03-25 13:40:00,43,47,27,36,0,153
2024-03-25 13:50:00,43,54,25,28,1,151
2024-03-25 14:00:00,45,72,27,31,0,175
2024-03-25 14:10:00,39,52,28,41,0,160
2024-03-25 14:20:00,43,60,27,42,1,173
2024-03-25 14:30:00,39,48,24,27,3,141
2024-03-25 14:40:00,49,64,28,22,1,164
2024-03-25 14:50:00,53,49,26,43,0,171
2024-03-25 15:00:00,42,46,35,38,1,162
2024-03-25 15:10:00,61,48,30,35,0,174
2024-03-25 15:20:00,53,52,26,48,0,179
2024-03-25 15:30:00,54,57,33,58,2,204
2024-03-25 15:40:00,63,65,36,43,3,210
2024-03-25 15:50:00,62,59,33,46,0,200
2024-03-25 16:00:00,58,47,34,38,2,179
2024-03-25 16:10:00,54,67,22,31,0,174
2024-03-25 16:20:00,56,52,31,31,4,174
2024-03-25 16:30:00,64,57,35,28,0,184
2024-03-25 16:40:00,57,52,43,20,7,179
2024-03-25 16:50:00,56,56,23,27,3,165
2024-03-25 17:00:00,59,58,21,35,2,175
2024-03-25 17:10:00,62,61,24,28,4,179
2024-03-25 17:20:00,53,55,30,34,5,177
2024-03-25 17:30:00,59,47,29,36,0,171
2024-03-25 17:40:00,54,57,22,31,0,164
2024-03-25 17:50:00,39,46,23,22,2,132
2024-03-25 18:00:00,41,43,27,26,1,138
2024-03-25 18:10:00,43,56,23,26,3,151
2024-03-25 18:20:00,48,45,25,26,1,145
2024-03-25 18:30:00,44,38,37,24,2,145
2024-03-25 18:40:00,34,39,30,21,2,126
2024-03-25 18:50:00,36,44,21,24,0,125
2024-03-25 19:00:00,32,48,28,20,0,128
2024-03-25 19:10:00,44,49,30,42,0,165
2024-03-25 19:20:00,33,43,29,48,2,155
2024-03-25 19:30:00,30,51,19,31,3,134
2024-03-25 19:40:00,22,45,19,31,0,117
2024-03-25 19:50:00,38,42,25,31,0,136
2024-03-25 20:00:00,30,33,23,25,1,112
2024-03-25 20:10:00,46,26,11,25,1,109
2024-03-25 20:20:00,26,30,20,34,2,112
2024-03-25 20:30:00,17,27,22,40,0,106
2024-03-25 20:40:00,36,39,17,22,0,114
2024-03-25 20:50:00,28,39,20,23,0,110
2024-03-25 21:00:00,13,28,7,11,0,59
2024-03-25 21:10:00,34,30,14,33,0,111
2024-03-25 21:20:00,31,22,13,23,0,89
2024-03-25 21:30:00,17,29,20,21,0,87
2024-03-25 21:40:00,20,21,13,22,0,76
2024-03-25 21:50:00,34,42,16,25,0,117
2024-03-25 22:00:00,31,41,15,22,0,109
2024-03-25 22:10:00,20,32,7,11,0,70
2024-03-25 22:20:00,17,30,7,24,0,78
2024-03-25 22:30:00,16,27,17,14,0,74
2024-03-25 22:40:00,28,29,13,18,0,88
2024-03-25 22:50:00,29,29,11,15,0,84
2024-03-25 23:00:00,20,25,9,10,0,64
2024-03-25 23:10:00,17,32,7,14,0,70
2024-03-25 23:20:00,18,26,6,11,0,61
2024-03-25 23:30:00,9,22,14,12,0,57
2024-03-25 23:40:00,10,15,7,5,1,38
2024-03-25 23:50:00,15,13,9,6,0,43
2024-03-26 00:00:00,12,7,4,9,0,32
2024-03-26 00:10:00,4,9,7,13,0,33
2024-03-26 00:20:00,1,8,4,0,0,13
2024-03-26 00:30:00,1,10,1,9,0,21
2024-03-26 00:40:00,4,15,9,3,0,31
2024-03-26 00:50:00,6,4,1,4,0,15
2024-03-26 01:00:00,8,7,1,3,0,19
2024-03-26 01:10:00,5,10,3,7,0,25
2024-03-26 01:20:00,1,8,2,1,0,12
2024-03-26 01:30:00,4,7,1,1,0,13
2024-03-26 01:40:00,0,1,1,3,0,5
2024-03-26 01:50:00,0,7,2,0,0,9
2024-03-26 02:00:00,3,7,1,1,0,12
2024-03-26 02:10:00,2,7,0,5,0,14
2024-03-26 02:20:00,2,5,2,1,0,10
2024-03-26 02:30:00,4,4,0,0,0,8
2024-03-26 02:40:00,6,6,2,1,0,15
2024-03-26 02:50:00,2,4,5,1,0,12
2024-03-26 03:00:00,1,7,2,1,0,11
2024-03-26 03:10:00,2,2,1,0,0,5
2024-03-26 03:20:00,1,5,0,0,0,6
2024-03-26 03:30:00,0,3,0,3,0,6
2024-03-26 03:40:00,1,2,1,5,0,9
2024-03-26 03:50:00,0,0,1,0,0,1
2024-03-26 04:00:00,3,8,1,3,0,15
2024-03-26 04:10:00,3,5,7,4,0,19
2024-03-26 04:20:00,2,4,0,4,0,10
2024-03-26 04:30:00,2,3,1,9,0,15
2024-03-26 04:40:00,3,2,7,11,0,23
2024-03-26 04:50:00,5,2,5,10,0,22
2024-03-26 05:00:00,3,0,8,17,0,28
2024-03-26 05:10:00,9,15,13,24,0,61
2024-03-26 05:20:00,10,16,19,25,0,70
2024-03-26 05:30:00,11,20,22,37,0,90
2024-03-26 05:40:00,22,22,28,43,0,115
2024-03-26 05:50:00,17,21,22,36,0,96
2024-03-26 06:00:00,18,17,17,26,0,78
2024-03-26 06:10:00,20,20,25,28,0,93
2024-03-26 06:20:00,20,26,36,29,0,111
2024-03-26 06:30:00,22,26,28,31,0,107
2024-03-26 06:40:00,19,27,39,42,0,127
2024-03-26 06:50:00,23,33,48,41,0,145
2024-03-26 07:00:00,24,30,29,28,0,111
2024-03-26 07:10:00,36,36,45,52,5,174
2024-03-26 07:20:00,29,43,44,41,0,157
2024-03-26 07:30:00,36,42,43,41,0,162
2024-03-26 07:40:00,30,41,68,45,0,184
2024-03-26 07:50:00,29,35,51,53,0,168
2024-03-26 08:00:00,25,37,49,48,0,159
2024-03-26 08:10:00,33,49,47,47,1,177
2024-03-26 08:20:00,33,41,52,46,2,174
2024-03-26 08:30:00,37,39,39,40,3,158
2024-03-26 08:40:00,44,53,55,40,1,193
2024-03-26 08:50:00,37,44,38,42,0,161
2024-03-26 09:00:00,30,56,39,34,0,159
2024-03-26 09:10:00,31,50,40,41,0,162
2024-03-26 09:20:00,35,38,36,43,3,155
2024-03-26 09:30:00,31,49,33,36,0,149
2024-03-26 09:40:00,45,54,33,35,0,167
2024-03-26 09:50:00,26,52,38,36,1,153
2024-03-26 10:00:00,26,51,29,31,0,137
2024-03-26 10:10:00,40,48,18,39,1,146
2024-03-26 10:20:00,24,41,27,33,0,125
2024-03-26 10:30:00,24,40,28,28,0,120
2024-03-26 10:40:00,24,41,37,35,0,137
2024-03-26 10:50:00,43,56,18,33,0,150
2024-03-26 11:00:00,29,38,28,38,0,133
2024-03-26 11:10:00,45,54,26,28,1,154
2024-03-26 11:20:00,31,48,29,40,0,148
2024-03-26 11:30:00,39,63,21,31,0,154
2024-03-26 11:40:00,36,60,33,26,0,155
2024-03-26 11:50:00,30,59,23,31,0,143
2024-03-26 12:00:00,40,61,31,33,0,165
2024-03-26 12:10:00,44,56,29,29,0,158
2024-03-26 12:20:00,39,53,24,37,0,153
2024-03-26 12:30:00,41,50,23,29,0,143
2024-03-26 12:40:00,38,62,19,37,0,156
2024-03-26 12:50:00,34,41,30,37,0,142
2024-03-26 13:00:00,38,53,40,32,0,163
2024-03-26 13:10:00,46,53,36,23,1,159
2024-03-26 13:20:00,33,63,30,36,0,162
2024-03-26 13:30:00,41,46,32,23,0,142
2024-03-26 13:40:00,40,54,23,30,0,147
2024-03-26 13:50:00,46,46,20,41,0,153
2024-03-26 14:00:00,49,52,22,33,1,157
2024-03-26 14:10:00,44,53,25,25,1,148
2024-03-26 14:20:00,46,48,26,26,4,150
2024-03-26 14:30:00,50,60,30,28,2,170
2024-03-26 14:40:00,41,42,32,34,2,151
2024-03-26 14:50:00,48,49,30,30,1,158
2024-03-26 15:00:00,55,51,20,23,1,150
2024-03-26 15:10:00,42,38,27,30,3,140
2024-03-26 15:20:00,52,41,25,27,0,145
2024-03-26 15:30:00,52,48,26,30,2,158
2024-03-26 15:40:00,61,55,32,36,1,185
2024-03-26 15:50:00,60,63,34,31,0,188
2024-03-26 16:00:00,46,48,22,29,2,147
2024-03-26 16:10:00,63,61,22,34,1,181
2024-03-26 16:20:00,60,61,25,37,1,184
2024-03-26 16:30:00,65,53,19,27,2,166
2024-03-26 16:40:00,46,40,23,27,2,138
2024-03-26 16:50:00,51,65,26,28,0,170
2024-03-26 17:00:00,47,48,33,33,1,162
2024-03-26 17:10:00,56,51,30,26,4,167
2024-03-26 17:20:00,61,62,35,35,1,194
2024-03-26 17:30:00,57,57,28,40,1,183
2024-03-26 17:40:00,66,59,37,37,1,200
2024-03-26 17:50:00,61,43,18,35,0,157
2024-03-26 18:00:00,59,56,24,22,1,162
2024-03-26 18:10:00,53,45,36,39,1,174
2024-03-26 18:20:00,50,40,20,34,2,146
2024-03-26 18:30:00,55,56,33,36,0,180
2024-03-26 18:40:00,43,48,20,18,2,131
2024-03-26 18:50:00,35,30,22,30,0,117
2024-03-26 19:00:00,43,53,19,25,1,141
2024-03-26 19:10:00,57,51,25,42,3,178
2024-03-26 19:20:00,38,39,22,36,1,136
2024-03-26 19:30:00,37,29,20,27,0,113
2024-03-26 19:40:00,41,40,23,52,3,159
2024-03-26 19:50:00,27,46,20,24,0,117
2024-03-26 20:00:00,31,34,20,59,0,144
2024-03-26 20:10:00,36,45,28,43,1,153
2024-03-26 20:20:00,19,53,17,27,0,116
2024-03-26 20:30:00,34,31,20,27,1,113
2024-03-26 20:40:00,27,31,22,20,1,101
2024-03-26 20:50:00,28,43,12,29,0,112
2024-03-26 21:00:00,22,34,12,26,3,97
2024-03-26 21:10:00,28,36,14,26,0,104
2024-03-26 21:20:00,19,37,15,31,0,102
2024-03-26 21:30:00,20,28,16,25,0,89
2024-03-26 21:40:00,22,30,10,20,2,84
2024-03-26 21:50:00,19,32,19,27,0,97
2024-03-26 22:00:00,23,38,9,21,0,91
2024-03-26 22:10:00,18,31,17,11,0,77
2024-03-26 22:20:00,24,20,13,25,0,82
2024-03-26 22:30:00,12,23,12,11,0,58
2024-03-26 22:40:00,19,39,9,18,2,87
2024-03-26 22:50:00,20,23,3,29,0,75
2024-03-26 23:00:00,21,32,12,16,0,81
2024-03-26 23:10:00,12,24,5,14,0,55
2024-03-26 23:20:00,11,23,8,19,0,61
2024-03-26 23:30:00,11,25,7,3,2,48
2024-03-26 23:40:00,7,19,15,7,0,48
2024-03-26 23:50:00,5,21,3,4,0,33
2024-03-27 00:00:00,6,12,8,8,0,34
2024-03-27 00:10:00,10,13,6,3,0,32
2024-03-27 00:20:00,4,6,3,3,0,16
2024-03-27 00:30:00,7,18,1,1,0,27
2024-03-27 00:40:00,0,7,4,6,0,17
2024-03-27 00:50:00,1,3,5,2,0,11
2024-03-27 01:00:00,2,5,7,5,0,19
2024-03-27 01:10:00,4,12,2,6,0,24
2024-03-27 01:20:00,1,2,1,1,0,5
2024-03-27 01:30:00,3,6,2,6,0,17
2024-03-27 01:40:00,0,7,1,0,0,8
2024-03-27 01:50:00,1,3,3,4,0,11
2024-03-27 02:00:00,0,3,2,2,0,7
2024-03-27 02:10:00,5,10,2,3,0,20
2024-03-27 02:20:00,3,4,3,1,0,11
2024-03-27 02:30:00,3,4,4,1,0,12
2024-03-27 02:40:00,1,4,2,3,0,10
2024-03-27 02:50:00,0,2,4,2,0,8
2024-03-27 03:00:00,4,4,1,4,0,13
2024-03-27 03:10:00,2,3,1,3,0,9
2024-03-27 03:20:00,1,5,0,0,0,6
2024-03-27 03:30:00,3,3,0,8,0,14
2024-03-27 03:40:00,1,2,5,2,0,10
2024-03-27 03:50:00,2,3,1,0,0,6
2024-03-27 04:00:00,3,2,5,5,0,15
2024-03-27 04:10:00,1,5,4,7,0,17
2024-03-27 04:20:00,2,7,6,3,0,18
2024-03-27 04:30:00,1,5,6,6,0,18
2024-03-27 04:40:00,5,7,3,13,0,28
2024-03-27 04:50:00,4,8,6,14,0,32
2024-03-27 05:00:00,0,2,13,20,0,35
2024-03-27 05:10:00,9,14,6,26,0,55
2024-03-27 05:20:00,10,12,20,31,0,73
2024-03-27 05:30:00,15,20,17,35,0,87
2024-03-27 05:40:00,25,22,21,49,0,117
2024-03-27 05:50:00,16,20,32,33,0,101
2024-03-27 06:00:00,17,22,30,23,0,92
2024-03-27 06:10:00,23,27,29,27,0,106
2024-03-27 06:20:00,20,20,38,28,0,106
2024-03-27 06:30:00,16,22,22,36,0,96
2024-03-27 06:40:00,29,32,44,42,0,147
2024-03-27 06:50:00,25,26,38,41,0,130
2024-03-27 07:00:00,30,30,43,34,0,137
2024-03-27 07:10:00,22,31,48,55,0,156
2024-03-27 07:20:00,21,33,46,36,3,139
2024-03-27 07:30:00,25,42,42,46,0,155
2024-03-27 07:40:00,31,39,46,36,1,153
2024-03-27 07:50:00,28,44,48,44,0,164
2024-03-27 08:00:00,27,40,40,33,0,140
2024-03-27 08:10:00,30,47,36,32,3,148
2024-03-27 08:20:00,31,47,46,39,0,163
2024-03-27 08:30:00,28,35,41,25,3,132
2024-03-27 08:40:00,40,47,51,51,0,189
2024-03-27 08:50:00,30,46,39,39,1,155
2024-03-27 09:00:00,22,46,44,45,2,159
2024-03-27 09:10:00,33,50,39,42,0,164
2024-03-27 09:20:00,30,49,35,42,0,156
2024-03-27 09:30:00,35,34,31,36,1,137
2024-03-27 09:40:00,33,58,26,34,2,153
2024-03-27 09:50:00,31,58,38,37,0,164
2024-03-27 10:00:00,31,46,36,39,0,152
2024-03-27 10:10:00,24,39,31,35,2,131
2024-03-27 10:20:00,26,45,25,24,2,122
2024-03-27 10:30:00,36,64,28,29,0,157
2024-03-27 10:40:00,37,63,16,38,0,154
2024-03-27 10:50:00,37,56,18,41,1,153
2024-03-27 11:00:00,30,43,9,25,0,107
2024-03-27 11:10:00,29,51,28,20,1,129
2024-03-27 11:20:00,36,58,30,36,0,160
2024-03-27 11:30:00,40,48,28,33,2,151
2024-03-27 11:40:00,33,45,29,26,3,136
2024-03-27 11:50:00,34,59,32,30,1,156
2024-03-27 12:00:00,29,57,31,26,1,144
2024-03-27 12:10:00,33,67,33,26,0,159
2024-03-27 12:20:00,42,58,28,19,3,150
2024-03-27 12:30:00,42,49,28,32,4,155
2024-03-27 12:40:00,41,66,26,30,5,168
2024-03-27 12:50:00,11,57,29,25,3,125
2024-03-27 13:00:00,29,44,33,33,3,142
2024-03-27 13:10:00,39,61,22,23,3,148
2024-03-27 13:20:00,38,59,22,27,1,147
2024-03-27 13:30:00,41,68,30,37,0,176
2024-03-27 13:40:00,30,53,34,34,0,151
2024-03-27 13:50:00,38,61,29,37,0,165
2024-03-27 14:00:00,39,58,22,35,2,156
2024-03-27 14:10:00,44,62,22,40,0,168
2024-03-27 14:20:00,45,51,29,30,5,160
2024-03-27 14:30:00,55,60,21,28,0,164
2024-03-27 14:40:00,56,68,32,35,1,192
2024-03-27 14:50:00,38,56,33,46,0,173
2024-03-27 15:00:00,58,52,21,33,1,165
2024-03-27 15:10:00,42,51,27,39,0,159
2024-03-27 15:20:00,59,67,28,24,0,178
2024-03-27 15:30:00,52,61,33,36,1,183
2024-03-27 15:40:00,56,51,36,37,1,181
2024-03-27 15:50:00,66,66,26,29,3,190
2024-03-27 16:00:00,42,51,26,27,1,147
2024-03-27 16:10:00,67,63,28,32,0,190
2024-03-27 16:20:00,56,51,30,34,1,172
2024-03-27 16:30:00,58,57,22,30,5,172
2024-03-27 16:40:00,64,62,28,38,0,192
2024-03-27 16:50:00,56,54,25,32,2,169
2024-03-27 17:00:00,58,53,26,29,1,167
2024-03-27 17:10:00,50,40,22,30,1,143
2024-03-27 17:20:00,68,65,26,28,0,187
2024-03-27 17:30:00,60,52,26,34,0,172
2024-03-27 17:40:00,54,72,22,42,0,190
2024-03-27 17:50:00,51,63,26,36,0,176
2024-03-27 18:00:00,50,46,22,30,1,149
2024-03-27 18:10:00,55,46,32,27,2,162
2024-03-27 18:20:00,50,47,18,24,2,141
2024-03-27 18:30:00,53,56,24,26,0,159
2024-03-27 18:40:00,43,47,19,21,0,130
2024-03-27 18:50:00,40,48,39,29,3,159
2024-03-27 19:00:00,41,43,27,28,0,139
2024-03-27 19:10:00,42,39,27,32,0,140
2024-03-27 19:20:00,37,31,17,25,2,112
2024-03-27 19:30:00,36,34,20,32,0,122
2024-03-27 19:40:00,26,34,20,27,2,109
2024-03-27 19:50:00,36,39,22,28,1,126
2024-03-27 20:00:00,25,38,12,22,0,97
2024-03-27 20:10:00,36,35,17,23,0,111
2024-03-27 20:20:00,22,34,15,28,0,99
2024-03-27 20:30:00,23,30,22,27,0,102
2024-03-27 20:40:00,28,32,20,28,0,108
2024-03-27 20:50:00,32,34,17,26,0,109
2024-03-27 21:00:00,17,28,20,26,0,91
2024-03-27 21:10:00,19,26,10,23,2,80
2024-03-27 21:20:00,23,41,18,15,0,97
2024-03-27 21:30:00,18,37,15,31,0,101
2024-03-27 21:40:00,20,30,15,18,1,84
2024-03-27 21:50:00,28,36,11,20,0,95
2024-03-27 22:00:00,25,31,7,27,0,90
2024-03-27 22:10:00,24,34,9,28,0,95
2024-03-27 22:20:00,14,36,18,15,0,83
2024-03-27 22:30:00,27,32,9,17,0,85
2024-03-27 22:40:00,23,38,13,18,1,93
2024-03-27 22:50:00,16,35,11,19,0,81
2024-03-27 23:00:00,25,41,10,10,0,86
2024-03-27 23:10:00,10,33,8,0,0,51
2024-03-27 23:20:00,12,15,6,9,0,42
2024-03-27 23:30:00,4,17,2,8,0,31
2024-03-27 23:40:00,4,23,6,10,1,44
2024-03-27 23:50:00,9,18,2,7,1,37
2024-03-28 00:00:00,2,13,8,0,0,23
2024-03-28 00:10:00,3,7,4,6,0,20
2024-03-28 00:20:00,2,13,4,1,0,20
2024-03-28 00:30:00,8,10,4,6,0,28
2024-03-28 00:40:00,5,8,6,5,0,24
2024-03-28 00:50:00,2,6,0,1,0,9
2024-03-28 01:00:00,10,15,4,3,0,32
2024-03-28 01:10:00,2,4,2,3,0,11
2024-03-28 01:20:00,5,5,4,3,0,17
2024-03-28 01:30:00,4,4,0,3,0,11
2024-03-28 01:40:00,2,4,4,4,0,14
2024-03-28 01:50:00,1,1,4,2,0,8
2024-03-28 02:00:00,2,3,3,1,0,9
2024-03-28 02:10:00,0,1,2,1,0,4
2024-03-28 02:20:00,1,2,4,0,0,7
2024-03-28 02:30:00,0,0,4,6,0,10
2024-03-28 02:40:00,0,1,4,2,0,7
2024-03-28 02:50:00,3,8,2,5,0,18
2024-03-28 03:00:00,1,9,1,5,0,16
2024-03-28 03:10:00,2,4,3,2,0,11
2024-03-28 03:20:00,2,13,0,0,0,15
2024-03-28 03:30:00,0,0,1,3,0,4
2024-03-28 03:40:00,0,2,0,0,0,2
2024-03-28 03:50:00,0,2,1,3,0,6
2024-03-28 04:00:00,1,6,0,5,0,12
2024-03-28 04:10:00,1,6,5,6,0,18
2024-03-28 04:20:00,0,4,0,2,0,6
2024-03-28 04:30:00,5,8,1,6,0,20
2024-03-28 04:40:00,7,8,3,8,0,26
2024-03-28 04:50:00,7,4,8,14,0,33
2024-03-28 05:00:00,6,6,5,13,0,30
2024-03-28 05:10:00,6,19,14,25,0,64
2024-03-28 05:20:00,11,16,18,16,0,61
2024-03-28 05:30:00,20,23,15,29,0,87
2024-03-28 05:40:00,13,24,19,61,0,117
2024-03-28 05:50:00,11,18,25,38,0,92
2024-03-28 06:00:00,15,10,20,20,1,66
2024-03-28 06:10:00,12,13,29,26,0,80
2024-03-28 06:20:00,17,18,34,30,0,99
2024-03-28 06:30:00,16,23,31,25,0,95
2024-03-28 06:40:00,16,26,40,34,0,116
2024-03-28 06:50:00,25,34,31,33,1,124
2024-03-28 07:00:00,25,30,35,41,0,131
2024-03-28 07:10:00,24,38,37,35,1,135
2024-03-28 07:20:00,28,42,49,40,1,160
2024-03-28 07:30:00,39,38,45,44,2,168
2024-03-28 07:40:00,38,56,24,34,0,152
2024-03-28 07:50:00,33,48,23,46,0,150
2024-03-28 08:00:00,35,51,35,39,0,160
2024-03-28 08:10:00,35,44,37,33,2,151
2024-03-28 08:20:00,24,39,50,43,0,156
2024-03-28 08:30:00,28,45,35,35,0,143
2024-03-28 08:40:00,35,54,48,38,2,177
2024-03-28 08:50:00,30,50,35,32,1,148
2024-03-28 09:00:00,22,59,32,34,0,147
2024-03-28 09:10:00,33,47,27,25,1,133
2024-03-28 09:20:00,30,40,39,34,0,143
2024-03-28 09:30:00,25,51,30,32,0,138
2024-03-28 09:40:00,34,59,30,29,0,152
2024-03-28 09:50:00,33,54,28,27,0,142
2024-03-28 10:00:00,40,42,21,31,0,134
2024-03-28 10:10:00,26,41,35,23,0,125
2024-03-28 10:20:00,31,49,22,30,2,134
2024-03-28 10:30:00,30,51,15,37,2,135
2024-03-28 10:40:00,31,52,29,36,0,148
2024-03-28 10:50:00,38,48,26,26,0,138
2024-03-28 11:00:00,34,65,25,27,0,151
2024-03-28 11:10:00,37,57,34,42,1,171
2024-03-28 11:20:00,40,63,26,30,2,161
2024-03-28 11:30:00,28,59,25,21,1,134
2024-03-28 11:40:00,46,56,38,42,0,182
2024-03-28 11:50:00,35,52,27,31,0,145
2024-03-28 12:00:00,34,55,29,25,2,145
2024-03-28 12:10:00,47,68,28,33,0,176
2024-03-28 12:20:00,36,58,21,39,1,155
2024-03-28 12:30:00,40,63,22,27,0,152
2024-03-28 12:40:00,41,56,32,34,0,163
2024-03-28 12:50:00,35,69,28,32,1,165
2024-03-28 13:00:00,35,49,22,28,2,136
2024-03-28 13:10:00,43,71,40,35,0,189
2024-03-28 13:20:00,45,57,34,44,0,180
2024-03-28 13:30:00,34,66,28,31,0,159
2024-03-28 13:40:00,46,60,22,30,2,160
2024-03-28 13:50:00,48,61,25,29,1,164
2024-03-28 14:00:00,61,76,29,31,0,197
2024-03-28 14:10:00,57,76,29,32,1,195
2024-03-28 14:20:00,70,73,33,32,2,210
2024-03-28 14:30:00,47,67,25,33,3,175
2024-03-28 14:40:00,60,67,34,34,0,195
2024-03-28 14:50:00,60,69,32,32,12,205
2024-03-28 15:00:00,52,50,28,37,0,167
2024-03-28 15:10:00,52,59,33,45,3,192
2024-03-28 15:20:00,62,57,31,31,5,186
2024-03-28 15:30:00,61,52,29,30,2,174
2024-03-28 15:40:00,66,63,31,31,0,191
2024-03-28 15:50:00,50,48,21,22,2,143
2024-03-28 16:00:00,47,47,32,34,0,160
2024-03-28 16:10:00,55,57,22,26,2,162
2024-03-28 16:20:00,64,64,29,37,1,195
2024-03-28 16:30:00,51,44,23,26,5,149
2024-03-28 16:40:00,65,60,24,30,3,182
2024-03-28 16:50:00,68,54,23,39,2,186
2024-03-28 17:00:00,63,60,29,32,0,184
2024-03-28 17:10:00,68,49,31,33,5,186
2024-03-28 17:20:00,62,59,28,44,1,194
2024-03-28 17:30:00,64,55,37,43,0,199
2024-03-28 17:40:00,56,51,27,32,1,167
2024-03-28 17:50:00,64,60,32,38,0,194
2024-03-28 18:00:00,56,45,26,31,0,158
2024-03-28 18:10:00,60,50,34,38,1,183
2024-03-28 18:20:00,45,44,26,28,3,146
2024-03-28 18:30:00,42,46,25,27,4,144
2024-03-28 18:40:00,52,49,19,30,0,150
2024-03-28 18:50:00,39,33,23,34,0,129
2024-03-28 19:00:00,37,47,29,38,3,154
2024-03-28 19:10:00,50,60,25,39,2,176
2024-03-28 19:20:00,37,50,23,59,0,169
2024-03-28 19:30:00,46,58,17,60,0,181
2024-03-28 19:40:00,43,53,24,61,3,184
2024-03-28 19:50:00,40,43,25,44,0,152
2024-03-28 20:00:00,28,41,21,51,2,143
2024-03-28 20:10:00,44,53,22,41,0,160
2024-03-28 20:20:00,46,44,29,42,0,161
2024-03-28 20:30:00,35,44,25,41,0,145
2024-03-28 20:40:00,19,29,17,29,0,94
2024-03-28 20:50:00,25,39,25,42,0,131
2024-03-28 21:00:00,24,51,19,32,0,126
2024-03-28 21:10:00,25,38,18,31,0,112
2024-03-28 21:20:00,27,52,18,27,0,124
2024-03-28 21:30:00,15,38,20,24,0,97
2024-03-28 21:40:00,34,57,24,25,1,141
2024-03-28 21:50:00,17,36,22,21,0,96
2024-03-28 22:00:00,27,36,26,26,0,115
2024-03-28 22:10:00,26,37,17,23,0,103
2024-03-28 22:20:00,22,48,14,24,0,108
2024-03-28 22:30:00,26,41,12,22,0,101
2024-03-28 22:40:00,27,35,10,13,0,85
2024-03-28 22:50:00,25,37,15,24,0,101
2024-03-28 23:00:00,32,33,17,10,0,92
2024-03-28 23:10:00,24,27,18,15,0,84
2024-03-28 23:20:00,5,23,5,9,0,42
2024-03-28 23:30:00,14,18,9,17,0,58
2024-03-28 23:40:00,13,30,6,7,0,56
2024-03-28 23:50:00,19,20,16,13,0,68
2024-03-29 00:00:00,13,21,17,9,0,60
2024-03-29 00:10:00,9,21,7,4,0,41
2024-03-29 00:20:00,10,21,7,6,0,44
2024-03-29 00:30:00,8,22,13,7,0,50
2024-03-29 00:40:00,9,21,6,11,0,47
2024-03-29 00:50:00,5,14,5,4,0,28
2024-03-29 01:00:00,12,15,7,4,0,38
2024-03-29 01:10:00,9,21,10,2,0,42
2024-03-29 01:20:00,2,8,4,2,0,16
2024-03-29 01:30:00,7,14,12,6,0,39
2024-03-29 01:40:00,1,9,8,9,0,27
2024-03-29 01:50:00,8,5,5,4,0,22
2024-03-29 02:00:00,2,5,8,4,0,19
2024-03-29 02:10:00,5,4,4,2,0,15
2024-03-29 02:20:00,8,17,0,0,0,25
2024-03-29 02:30:00,4,6,0,4,0,14
2024-03-29 02:40:00,0,2,6,4,0,12
2024-03-29 02:50:00,4,6,2,0,0,12
2024-03-29 03:00:00,0,5,8,1,0,14
2024-03-29 03:10:00,2,3,1,5,0,11
2024-03-29 03:20:00,3,9,0,3,0,15
2024-03-29 03:30:00,1,6,3,9,0,19
2024-03-29 03:40:00,6,6,3,4,0,19
2024-03-29 03:50:00,1,3,2,2,0,8
2024-03-29 04:00:00,0,3,2,2,0,7
2024-03-29 04:10:00,2,6,3,4,0,15
2024-03-29 04:20:00,0,3,2,4,0,9
2024-03-29 04:30:00,7,7,9,8,2,33
2024-03-29 04:40:00,0,2,1,4,0,7
2024-03-29 04:50:00,3,6,1,2,0,12
2024-03-29 05:00:00,1,5,7,11,0,24
2024-03-29 05:10:00,2,5,3,9,0,19
2024-03-29 05:20:00,5,9,8,10,0,32
2024-03-29 05:30:00,2,10,7,12,0,31
2024-03-29 05:40:00,8,10,7,10,0,35
2024-03-29 05:50:00,6,13,7,3,0,29
2024-03-29 06:00:00,1,7,3,3,0,14
2024-03-29 06:10:00,4,8,4,3,0,19
2024-03-29 06:20:00,7,14,6,5,0,32
2024-03-29 06:30:00,3,6,9,5,0,23
2024-03-29 06:40:00,10,18,8,5,0,41
2024-03-29 06:50:00,3,5,5,6,1,20
2024-03-29 07:00:00,9,15,4,4,0,32
2024-03-29 07:10:00,3,7,5,3,0,18
2024-03-29 07:20:00,2,8,8,1,0,19
2024-03-29 07:30:00,9,14,12,5,0,40
2024-03-29 07:40:00,6,9,4,4,2,25
2024-03-29 07:50:00,5,10,7,2,0,24
2024-03-29 08:00:00,8,14,8,8,0,38
2024-03-29 08:10:00,9,19,6,5,0,39
2024-03-29 08:20:00,12,13,9,5,0,39
2024-03-29 08:30:00,10,13,7,3,0,33
2024-03-29 08:40:00,9,18,5,4,0,36
2024-03-29 08:50:00,7,12,8,9,0,36
2024-03-29 09:00:00,8,12,9,9,0,38
2024-03-29 09:10:00,3,18,9,11,0,41
2024-03-29 09:20:00,15,23,16,14,0,68
2024-03-29 09:30:00,12,18,14,14,0,58
2024-03-29 09:40:00,12,30,20,24,0,86
2024-03-29 09:50:00,20,31,13,10,0,74
2024-03-29 10:00:00,21,31,14,11,0,77
2024-03-29 10:10:00,16,24,15,14,0,69
2024-03-29 10:20:00,15,24,14,12,0,65
2024-03-29 10:30:00,14,32,14,12,0,72
2024-03-29 10:40:00,24,35,16,18,2,95
2024-03-29 10:50:00,17,30,20,14,0,81
2024-03-29 11:00:00,23,37,14,18,0,92
2024-03-29 11:10:00,23,36,13,25,0,97
2024-03-29 11:20:00,29,46,18,21,0,114
2024-03-29 11:30:00,21,34,25,15,0,95
2024-03-29 11:40:00,22,29,16,10,0,77
2024-03-29 11:50:00,23,26,17,17,0,83
2024-03-29 12:00:00,17,28,22,17,2,86
2024-03-29 12:10:00,32,43,21,25,0,121
2024-03-29 12:20:00,15,28,24,25,0,92
2024-03-29 12:30:00,17,30,22,25,2,96
2024-03-29 12:40:00,16,24,30,26,2,98
2024-03-29 12:50:00,27,23,19,20,2,91
2024-03-29 13:00:00,28,26,21,17,0,92
2024-03-29 13:10:00,21,30,19,22,0,92
2024-03-29 13:20:00,24,19,24,23,0,90
2024-03-29 13:30:00,18,25,16,20,0,79
2024-03-29 13:40:00,16,31,26,20,0,93
2024-03-29 13:50:00,19,35,20,21,0,95
2024-03-29 14:00:00,23,31,26,30,0,110
2024-03-29 14:10:00,22,32,23,17,0,94
2024-03-29 14:20:00,21,35,22,28,0,106
2024-03-29 14:30:00,31,39,25,22,0,117
2024-03-29 14:40:00,16,23,21,14,0,74
2024-03-29 14:50:00,26,34,18,31,0,109
2024-03-29 15:00:00,23,45,21,23,0,112
2024-03-29 15:10:00,28,31,21,20,0,100
2024-03-29 15:20:00,21,41,19,10,0,91
2024-03-29 15:30:00,19,25,18,21,0,83
2024-03-29 15:40:00,29,26,21,19,0,95
2024-03-29 15:50:00,26,31,14,19,0,90
2024-03-29 16:00:00,12,20,29,27,0,88
2024-03-29 16:10:00,21,26,22,28,1,98
2024-03-29 16:20:00,20,30,25,19,0,94
2024-03-29 16:30:00,21,37,20,15,0,93
2024-03-29 16:40:00,26,39,16,22,0,103
2024-03-29 16:50:00,18,32,22,24,0,96
2024-03-29 17:00:00,24,23,19,27,0,93
2024-03-29 17:10:00,14,29,23,19,0,85
2024-03-29 17:20:00,18,24,21,18,2,83
2024-03-29 17:30:00,20,29,13,16,0,78
2024-03-29 17:40:00,23,25,25,20,0,93
2024-03-29 17:50:00,26,22,19,30,3,100
2024-03-29 18:00:00,22,28,15,21,0,86
2024-03-29 18:10:00,22,36,20,21,0,99
2024-03-29 18:20:00,20,26,21,27,1,95
2024-03-29 18:30:00,12,29,23,20,0,84
2024-03-29 18:40:00,25,25,18,25,0,93
2024-03-29 18:50:00,16,30,16,15,0,77
2024-03-29 19:00:00,21,30,17,16,0,84
2024-03-29 19:10:00,29,45,21,20,0,115
2024-03-29 19:20:00,32,34,23,21,0,110
2024-03-29 19:30:00,22,35,21,26,3,107
2024-03-29 19:40:00,27,36,13,22,0,98
2024-03-29 19:50:00,13,23,14,23,0,73
2024-03-29 20:00:00,31,28,19,25,0,103
2024-03-29 20:10:00,19,32,14,13,0,78
2024-03-29 20:20:00,16,34,14,25,0,89
2024-03-29 20:30:00,25,35,14,20,0,94
2024-03-29 20:40:00,18,33,18,21,1,91
2024-03-29 20:50:00,17,38,12,24,0,91
2024-03-29 21:00:00,13,28,13,17,0,71
2024-03-29 21:10:00,20,29,16,14,0,79
2024-03-29 21:20:00,13,27,14,25,0,79
2024-03-29 21:30:00,21,28,13,17,0,79
2024-03-29 21:40:00,18,30,14,9,0,71
2024-03-29 21:50:00,16,27,15,17,0,75
2024-03-29 22:00:00,26,38,9,9,0,82
2024-03-29 22:10:00,24,34,13,13,0,84
2024-03-29 22:20:00,27,23,10,16,0,76
2024-03-29 22:30:00,19,20,12,12,1,64
2024-03-29 22:40:00,16,25,11,15,0,67
2024-03-29 22:50:00,16,25,10,9,0,60
2024-03-29 23:00:00,17,21,8,8,0,54
2024-03-29 23:10:00,11,18,7,10,0,46
2024-03-29 23:20:00,15,25,13,13,0,66
2024-03-29 23:30:00,11,26,7,13,0,57
2024-03-29 23:40:00,4,13,10,12,0,39
2024-03-29 23:50:00,5,15,9,11,0,40
2024-03-30 00:00:00,8,15,11,11,0,45
2024-03-30 00:10:00,10,14,10,6,0,40
2024-03-30 00:20:00,16,16,4,9,0,45
2024-03-30 00:30:00,10,14,6,6,0,36
2024-03-30 00:40:00,9,15,8,7,1,40
2024-03-30 00:50:00,3,9,1,6,0,19
2024-03-30 01:00:00,10,13,4,3,0,30
2024-03-30 01:10:00,3,16,1,7,0,27
2024-03-30 01:20:00,8,11,2,2,0,23
2024-03-30 01:30:00,4,7,5,2,0,18
2024-03-30 01:40:00,7,11,3,2,0,23
2024-03-30 01:50:00,5,7,4,3,0,19
2024-03-30 02:00:00,3,4,8,6,0,21
2024-03-30 02:10:00,2,9,1,0,0,12
2024-03-30 02:20:00,4,6,6,3,0,19
2024-03-30 02:30:00,0,5,3,3,0,11
2024-03-30 02:40:00,3,8,1,4,0,16
2024-03-30 02:50:00,5,6,1,1,0,13
2024-03-30 03:00:00,5,8,7,3,0,23
2024-03-30 03:10:00,8,10,3,3,0,24
2024-03-30 03:20:00,4,8,3,0,0,15
2024-03-30 03:30:00,0,4,1,1,0,6
2024-03-30 03:40:00,3,4,0,0,0,7
2024-03-30 03:50:00,1,4,0,1,0,6
2024-03-30 04:00:00,0,1,2,3,0,6
2024-03-30 04:10:00,6,7,1,1,0,15
2024-03-30 04:20:00,4,4,4,1,0,13
2024-03-30 04:30:00,1,7,4,3,0,15
2024-03-30 04:40:00,1,5,4,8,0,18
2024-03-30 04:50:00,2,5,2,7,0,16
2024-03-30 05:00:00,4,5,7,6,0,22
2024-03-30 05:10:00,5,5,6,6,0,22
2024-03-30 05:20:00,5,11,9,9,0,34
2024-03-30 05:30:00,6,12,10,12,0,40
2024-03-30 05:40:00,3,9,5,32,0,49
2024-03-30 05:50:00,7,13,5,16,0,41
2024-03-30 06:00:00,4,10,5,4,0,23
2024-03-30 06:10:00,2,5,7,8,0,22
2024-03-30 06:20:00,5,7,12,9,0,33
2024-03-30 06:30:00,5,7,5,11,1,29
2024-03-30 06:40:00,9,11,7,12,0,39
2024-03-30 06:50:00,5,13,6,8,0,32
2024-03-30 07:00:00,10,13,3,5,0,31
2024-03-30 07:10:00,5,7,5,9,0,26
2024-03-30 07:20:00,6,12,7,14,0,39
2024-03-30 07:30:00,8,16,6,9,0,39
2024-03-30 07:40:00,11,20,7,12,0,50
2024-03-30 07:50:00,9,17,6,13,1,46
2024-03-30 08:00:00,11,23,9,18,0,61
2024-03-30 08:10:00,9,30,8,10,0,57
2024-03-30 08:20:00,12,23,12,19,0,66
2024-03-30 08:30:00,15,27,15,15,2,74
2024-03-30 08:40:00,15,28,16,35,0,94
2024-03-30 08:50:00,11,26,13,25,0,75
2024-03-30 09:00:00,15,26,10,29,0,80
2024-03-30 09:10:00,16,28,19,25,3,91
2024-03-30 09:20:00,22,41,19,28,0,110
2024-03-30 09:30:00,20,40,19,24,3,106
2024-03-30 09:40:00,17,37,27,35,0,116
2024-03-30 09:50:00,32,32,32,37,0,133
2024-03-30 10:00:00,19,28,28,35,0,110
2024-03-30 10:10:00,29,37,25,36,0,127
2024-03-30 10:20:00,34,40,26,34,0,134
2024-03-30 10:30:00,35,44,21,29,1,130
2024-03-30 10:40:00,31,45,18,32,0,126
2024-03-30 10:50:00,30,42,33,27,1,133
2024-03-30 11:00:00,38,33,34,37,0,142
2024-03-30 11:10:00,29,46,24,31,1,131
2024-03-30 11:20:00,36,46,27,31,0,140
2024-03-30 11:30:00,37,52,28,37,0,154
2024-03-30 11:40:00,34,43,22,24,2,125
2024-03-30 11:50:00,32,47,36,34,1,150
2024-03-30 12:00:00,29,46,20,37,2,134
2024-03-30 12:10:00,37,50,29,35,1,152
2024-03-30 12:20:00,31,50,31,28,0,140
2024-03-30 12:30:00,34,52,27,39,0,152
2024-03-30 12:40:00,34,52,22,31,0,139
2024-03-30 12:50:00,26,41,26,28,0,121
2024-03-30 13:00:00,42,48,29,18,0,137
2024-03-30 13:10:00,42,60,22,26,0,150
2024-03-30 13:20:00,25,41,28,33,1,128
2024-03-30 13:30:00,31,39,27,35,2,134
2024-03-30 13:40:00,40,51,19,28,0,138
2024-03-30 13:50:00,37,52,26,30,0,145
2024-03-30 14:00:00,36,35,28,27,0,126
2024-03-30 14:10:00,38,48,26,31,0,143
2024-03-30 14:20:00,37,39,22,34,0,132
2024-03-30 14:30:00,36,48,23,28,1,136
2024-03-30 14:40:00,38,56,17,33,0,144
2024-03-30 14:50:00,40,49,23,27,0,139
2024-03-30 15:00:00,34,42,23,24,1,124
2024-03-30 15:10:00,40,45,23,16,0,124
2024-03-30 15:20:00,26,54,21,29,0,130
2024-03-30 15:30:00,29,46,26,28,1,130
2024-03-30 15:40:00,28,41,26,28,2,125
2024-03-30 15:50:00,28,53,23,27,1,132
2024-03-30 16:00:00,30,53,18,25,0,126
2024-03-30 16:10:00,32,48,18,27,1,126
2024-03-30 16:20:00,28,43,15,22,0,108
2024-03-30 16:30:00,22,44,21,19,0,106
2024-03-30 16:40:00,24,44,26,22,7,123
2024-03-30 16:50:00,24,35,24,30,3,116
2024-03-30 17:00:00,30,45,23,27,0,125
2024-03-30 17:10:00,30,40,15,26,1,112
2024-03-30 17:20:00,32,46,25,26,1,130
2024-03-30 17:30:00,27,51,27,27,2,134
2024-03-30 17:40:00,23,50,22,27,0,122
2024-03-30 17:50:00,35,44,17,28,0,124
2024-03-30 18:00:00,28,44,17,24,0,113
2024-03-30 18:10:00,21,42,20,32,6,121
2024-03-30 18:20:00,26,50,27,28,1,132
2024-03-30 18:30:00,22,46,17,28,0,113
2024-03-30 18:40:00,26,42,24,27,0,119
2024-03-30 18:50:00,25,36,23,33,0,117
2024-03-30 19:00:00,18,37,17,20,1,93
2024-03-30 19:10:00,34,51,27,44,0,156
2024-03-30 19:20:00,29,36,27,39,0,131
2024-03-30 19:30:00,22,42,14,29,0,107
2024-03-30 19:40:00,38,27,20,45,0,130
2024-03-30 19:50:00,26,27,20,45,0,118
2024-03-30 20:00:00,21,34,19,42,0,116
2024-03-30 20:10:00,31,41,16,44,0,132
2024-03-30 20:20:00,36,36,19,43,0,134
2024-03-30 20:30:00,34,25,15,36,0,110
2024-03-30 20:40:00,20,31,26,38,1,116
2024-03-30 20:50:00,14,20,24,30,0,88
2024-03-30 21:00:00,15,31,22,28,0,96
2024-03-30 21:10:00,11,41,17,24,0,93
2024-03-30 21:20:00,18,37,21,25,0,101
2024-03-30 21:30:00,10,35,16,31,0,92
2024-03-30 21:40:00,10,42,17,28,0,97
2024-03-30 21:50:00,18,42,19,23,0,102
2024-03-30 22:00:00,13,34,17,25,0,89
2024-03-30 22:10:00,11,30,17,27,0,85
2024-03-30 22:20:00,29,42,14,25,0,110
2024-03-30 22:30:00,22,34,17,12,1,86
2024-03-30 22:40:00,25,42,10,12,0,89
2024-03-30 22:50:00,29,36,14,14,0,93
2024-03-30 23:00:00,24,29,12,28,1,94
2024-03-30 23:10:00,13,39,10,8,0,70
2024-03-30 23:20:00,14,28,17,25,0,84
2024-03-30 23:30:00,20,29,6,8,0,63
2024-03-30 23:40:00,11,25,15,10,0,61
2024-03-30 23:50:00,15,18,9,9,0,51
2024-03-31 00:00:00,12,20,6,13,0,51
2024-03-31 00:10:00,9,19,10,10,0,48
2024-03-31 00:20:00,4,18,8,12,1,43
2024-03-31 00:30:00,10,24,6,19,0,59
2024-03-31 00:40:00,7,17,6,9,0,39
2024-03-31 00:50:00,9,30,4,5,0,48
2024-03-31 01:00:00,8,20,11,14,0,53
2024-03-31 01:10:00,1,13,7,5,0,26
2024-03-31 01:20:00,3,6,8,9,0,26
2024-03-31 01:30:00,6,9,12,5,0,32
2024-03-31 01:40:00,3,15,5,8,0,31
2024-03-31 01:50:00,3,14,6,2,0,25
2024-03-31 02:00:00,0,0,0,0,0,0
2024-03-31 02:10:00,0,0,0,0,0,0
2024-03-31 02:20:00,0,0,0,0,0,0
2024-03-31 02:30:00,0,0,0,0,0,0
2024-03-31 02:40:00,0,0,0,0,0,0
2024-03-31 02:50:00,0,0,0,0,0,0
2024-03-31 03:00:00,0,0,0,0,0,0
2024-03-31 03:10:00,0,0,0,0,0,0
2024-03-31 03:20:00,0,0,0,0,0,0
2024-03-31 03:30:00,0,0,0,0,0,0
2024-03-31 03:40:00,0,0,0,0,0,0
2024-03-31 03:50:00,0,0,0,0,0,0
2024-03-31 04:00:00,5,6,4,3,0,18
2024-03-31 04:10:00,3,10,5,7,0,25
2024-03-31 04:20:00,1,8,4,0,0,13
2024-03-31 04:30:00,3,7,3,2,0,15
2024-03-31 04:40:00,5,8,4,2,0,19
2024-03-31 04:50:00,3,11,4,3,0,21
2024-03-31 05:00:00,5,11,4,4,0,24
2024-03-31 05:10:00,2,8,10,7,0,27
2024-03-31 05:20:00,5,9,9,6,0,29
2024-03-31 05:30:00,5,9,12,9,0,35
2024-03-31 05:40:00,5,13,14,8,0,40
2024-03-31 05:50:00,3,13,2,2,0,20
2024-03-31 06:00:00,6,10,4,5,0,25
2024-03-31 06:10:00,9,11,1,7,0,28
2024-03-31 06:20:00,2,7,5,5,0,19
2024-03-31 06:30:00,2,10,4,6,0,22
2024-03-31 06:40:00,13,13,2,5,0,33
2024-03-31 06:50:00,8,13,1,2,0,24
2024-03-31 07:00:00,1,9,3,1,0,14
2024-03-31 07:10:00,0,7,1,3,0,11
2024-03-31 07:20:00,0,4,7,4,0,15
2024-03-31 07:30:00,1,5,4,1,0,11
2024-03-31 07:40:00,3,5,7,4,0,19
2024-03-31 07:50:00,3,6,6,4,0,19
2024-03-31 08:00:00,0,8,4,1,0,13
2024-03-31 08:10:00,2,1,5,2,0,10
2024-03-31 08:20:00,8,13,6,6,0,33
2024-03-31 08:30:00,6,15,2,8,1,32
2024-03-31 08:40:00,6,9,10,9,0,34
2024-03-31 08:50:00,5,12,10,7,0,34
2024-03-31 09:00:00,10,15,9,8,0,42
2024-03-31 09:10:00,12,15,8,16,0,51
2024-03-31 09:20:00,6,16,17,20,0,59
2024-03-31 09:30:00,9,19,15,15,0,58
2024-03-31 09:40:00,15,28,22,22,0,87
2024-03-31 09:50:00,16,20,13,21,0,70
2024-03-31 10:00:00,18,32,20,19,0,89
2024-03-31 10:10:00,15,23,13,22,0,73
2024-03-31 10:20:00,11,32,20,21,0,84
2024-03-31 10:30:00,16,28,11,18,0,73
2024-03-31 10:40:00,17,26,19,24,0,86
2024-03-31 10:50:00,15,37,18,23,0,93
2024-03-31 11:00:00,34,36,19,21,0,110
2024-03-31 11:10:00,15,28,17,24,0,84
2024-03-31 11:20:00,15,30,17,19,0,81
2024-03-31 11:30:00,27,32,16,27,0,102
2024-03-31 11:40:00,31,30,24,28,0,113
2024-03-31 11:50:00,33,49,14,16,3,115
2024-03-31 12:00:00,24,43,24,20,0,111
2024-03-31 12:10:00,19,51,18,31,0,119
2024-03-31 12:20:00,29,40,17,24,0,110
2024-03-31 12:30:00,25,31,17,19,1,93
2024-03-31 12:40:00,24,44,19,23,0,110
2024-03-31 12:50:00,23,42,14,22,0,101
2024-03-31 13:00:00,19,34,16,14,0,83
2024-03-31 13:10:00,28,25,11,14,0,78
2024-03-31 13:20:00,20,37,16,22,0,95
2024-03-31 13:30:00,22,39,18,26,0,105
2024-03-31 13:40:00,25,43,17,19,0,104
2024-03-31 13:50:00,23,27,16,30,1,97
2024-03-31 14:00:00,23,41,20,24,0,108
2024-03-31 14:10:00,29,41,17,25,1,113
2024-03-31 14:20:00,23,44,21,25,0,113
2024-03-31 14:30:00,25,45,17,19,0,106
2024-03-31 14:40:00,34,39,18,27,0,118
2024-03-31 14:50:00,28,46,16,19,2,111
2024-03-31 15:00:00,18,34,20,19,0,91
2024-03-31 15:10:00,23,38,19,23,0,103
2024-03-31 15:20:00,20,43,19,29,0,111
2024-03-31 15:30:00,15,35,19,26,0,95
2024-03-31 15:40:00,18,34,18,23,2,95
2024-03-31 15:50:00,16,36,10,16,0,78
2024-03-31 16:00:00,25,29,16,23,0,93
2024-03-31 16:10:00,18,34,22,33,0,107
2024-03-31 16:20:00,25,32,26,23,2,108
2024-03-31 16:30:00,14,32,19,22,1,88
2024-03-31 16:40:00,23,34,9,26,2,94
2024-03-31 16:50:00,22,35,25,25,0,107
2024-03-31 17:00:00,23,27,27,30,4,111
2024-03-31 17:10:00,21,29,19,18,1,88
2024-03-31 17:20:00,19,28,26,34,0,107
2024-03-31 17:30:00,17,29,20,32,0,98
2024-03-31 17:40:00,25,39,19,31,0,114
2024-03-31 17:50:00,23,33,17,24,0,97
2024-03-31 18:00:00,16,29,24,25,0,94
2024-03-31 18:10:00,22,30,25,36,1,114
2024-03-31 18:20:00,25,30,20,34,0,109
2024-03-31 18:30:00,17,33,20,27,0,97
2024-03-31 18:40:00,23,29,18,23,0,93
2024-03-31 18:50:00,20,29,30,32,0,111
2024-03-31 19:00:00,31,42,19,23,5,120
2024-03-31 19:10:00,19,36,20,24,0,99
2024-03-31 19:20:00,26,35,16,16,1,94
2024-03-31 19:30:00,28,31,17,30,0,106
2024-03-31 19:40:00,23,29,20,30,0,102
2024-03-31 19:50:00,27,25,18,24,0,94
2024-03-31 20:00:00,22,22,21,24,0,89
2024-03-31 20:10:00,25,39,22,45,0,131
2024-03-31 20:20:00,25,37,26,36,2,126
2024-03-31 20:30:00,24,33,18,44,0,119
2024-03-31 20:40:00,19,38,19,31,0,107
2024-03-31 20:50:00,25,25,20,36,1,107
2024-03-31 21:00:00,16,24,15,40,0,95
2024-03-31 21:10:00,21,24,16,53,0,114
2024-03-31 21:20:00,24,27,19,50,0,120
2024-03-31 21:30:00,22,34,20,38,1,115
2024-03-31 21:40:00,25,41,13,36,1,116
2024-03-31 21:50:00,23,41,24,34,0,122
2024-03-31 22:00:00,21,25,17,18,0,81
2024-03-31 22:10:00,16,33,11,18,0,78
2024-03-31 22:20:00,12,33,17,25,0,87
2024-03-31 22:30:00,13,18,13,43,0,87
2024-03-31 22:40:00,15,27,18,25,0,85
2024-03-31 22:50:00,15,25,14,26,0,80
2024-03-31 23:00:00,25,23,10,15,0,73
2024-03-31 23:10:00,17,23,15,10,0,65
2024-03-31 23:20:00,8,21,11,9,0,49
2024-03-31 23:30:00,16,19,12,14,0,61
2024-03-31 23:40:00,17,23,7,6,0,53
2024-03-31 23:50:00,10,13,7,7,0,37
2024-04-01 00:00:00,10,13,9,7,0,39
2024-04-01 00:10:00,10,12,9,5,0,36
2024-04-01 00:20:00,4,9,8,6,0,27
2024-04-01 00:30:00,5,15,8,7,0,35
2024-04-01 00:40:00,12,12,7,3,0,34
2024-04-01 00:50:00,7,10,4,2,0,23
2024-04-01 01:00:00,7,17,8,7,0,39
2024-04-01 01:10:00,5,13,4,5,0,27
2024-04-01 01:20:00,7,11,5,6,0,29
2024-04-01 01:30:00,6,9,4,2,0,21
2024-04-01 01:40:00,4,7,7,8,0,26
2024-04-01 01:50:00,4,9,3,5,0,21
2024-04-01 02:00:00,8,11,1,1,0,21
2024-04-01 02:10:00,4,10,6,1,0,21
2024-04-01 02:20:00,0,2,3,3,0,8
2024-04-01 02:30:00,0,4,7,7,0,18
2024-04-01 02:40:00,4,7,5,0,0,16
2024-04-01 02:50:00,4,6,3,1,0,14
2024-04-01 03:00:00,1,4,2,0,0,7
2024-04-01 03:10:00,1,9,4,3,0,17
2024-04-01 03:20:00,1,3,2,4,0,10
2024-04-01 03:30:00,4,3,4,2,0,13
2024-04-01 03:40:00,5,4,3,3,0,15
2024-04-01 03:50:00,0,1,6,4,0,11
2024-04-01 04:00:00,6,4,6,1,0,17
2024-04-01 04:10:00,1,4,2,1,0,8
2024-04-01 04:20:00,0,5,5,2,0,12
2024-04-01 04:30:00,1,3,5,4,0,13
2024-04-01 04:40:00,2,4,2,3,0,11
2024-04-01 04:50:00,5,4,3,2,0,14
2024-04-01 05:00:00,1,4,3,2,0,10
2024-04-01 05:10:00,0,1,3,5,0,9
2024-04-01 05:20:00,1,2,11,14,0,28
2024-04-01 05:30:00,4,7,10,10,0,31
2024-04-01 05:40:00,5,10,4,6,0,25
2024-04-01 05:50:00,7,7,8,4,0,26
2024-04-01 06:00:00,4,4,3,5,0,16
2024-04-01 06:10:00,6,14,9,8,0,37
2024-04-01 06:20:00,3,15,6,4,0,28
2024-04-01 06:30:00,6,8,8,3,0,25
2024-04-01 06:40:00,6,11,6,6,0,29
2024-04-01 06:50:00,3,6,7,5,0,21
2024-04-01 07:00:00,5,7,7,6,0,25
2024-04-01 07:10:00,2,6,7,3,0,18
2024-04-01 07:20:00,2,7,4,4,0,17
2024-04-01 07:30:00,2,7,6,5,0,20
2024-04-01 07:40:00,3,8,4,4,0,19
2024-04-01 07:50:00,3,8,9,4,0,24
2024-04-01 08:00:00,2,5,2,2,0,11
2024-04-01 08:10:00,4,12,7,5,0,28
2024-04-01 08:20:00,6,10,7,6,0,29
2024-04-01 08:30:00,2,13,7,5,0,27
2024-04-01 08:40:00,4,12,7,5,0,28
2024-04-01 08:50:00,3,11,6,6,0,26
2024-04-01 09:00:00,6,16,10,11,0,43
2024-04-01 09:10:00,6,15,9,14,1,45
2024-04-01 09:20:00,7,16,7,17,0,47
2024-04-01 09:30:00,10,23,9,11,0,53
2024-04-01 09:40:00,9,23,18,15,0,65
2024-04-01 09:50:00,12,15,7,17,0,51
2024-04-01 10:00:00,10,13,9,15,0,47
2024-04-01 10:10:00,11,24,16,13,0,64
2024-04-01 10:20:00,17,28,12,16,0,73
2024-04-01 10:30:00,14,22,25,23,0,84
2024-04-01 10:40:00,15,31,13,12,0,71
2024-04-01 10:50:00,19,24,15,16,0,74
2024-04-01 11:00:00,21,21,19,15,0,76
2024-04-01 11:10:00,13,25,16,19,0,73
2024-04-01 11:20:00,14,23,12,21,0,70
2024-04-01 11:30:00,13,34,21,24,1,93
2024-04-01 11:40:00,24,25,19,24,0,92
2024-04-01 11:50:00,27,30,21,21,0,99
2024-04-01 12:00:00,15,33,19,19,1,87
2024-04-01 12:10:00,23,32,20,26,3,104
2024-04-01 12:20:00,24,39,21,24,4,112
2024-04-01 12:30:00,30,44,20,18,0,112
2024-04-01 12:40:00,15,33,25,22,0,95
2024-04-01 12:50:00,21,30,20,23,0,94
2024-04-01 13:00:00,18,32,14,20,0,84
2024-04-01 13:10:00,18,34,18,15,0,85
2024-04-01 13:20:00,22,34,18,19,0,93
2024-04-01 13:30:00,25,30,24,23,0,102
2024-04-01 13:40:00,24,39,15,21,1,100
2024-04-01 13:50:00,22,36,23,18,2,101
2024-04-01 14:00:00,27,41,19,26,0,113
2024-04-01 14:10:00,28,25,26,22,0,101
2024-04-01 14:20:00,35,42,25,28,0,130
2024-04-01 14:30:00,23,32,21,19,0,95
2024-04-01 14:40:00,33,38,30,22,0,123
2024-04-01 14:50:00,27,42,17,25,0,111
2024-04-01 15:00:00,23,38,21,25,0,107
2024-04-01 15:10:00,31,27,25,32,1,116
2024-04-01 15:20:00,29,29,25,32,1,116
2024-04-01 15:30:00,33,31,22,17,0,103
2024-04-01 15:40:00,29,35,27,37,0,128
2024-04-01 15:50:00,12,36,23,25,0,96
2024-04-01 16:00:00,22,38,23,32,0,115
2024-04-01 16:10:00,22,35,21,22,1,101
2024-04-01 16:20:00,20,35,19,27,0,101
2024-04-01 16:30:00,17,38,19,23,0,97
2024-04-01 16:40:00,25,47,26,15,3,116
2024-04-01 16:50:00,22,40,23,31,0,116
2024-04-01 17:00:00,25,41,23,33,0,122
2024-04-01 17:10:00,21,30,25,28,1,105
2024-04-01 17:20:00,16,40,28,27,0,111
2024-04-01 17:30:00,22,53,28,22,0,125
2024-04-01 17:40:00,30,41,22,22,0,115
2024-04-01 17:50:00,15,32,22,26,1,96
2024-04-01 18:00:00,18,43,25,24,0,110
2024-04-01 18:10:00,23,37,26,23,0,109
2024-04-01 18:20:00,20,35,18,19,0,92
2024-04-01 18:30:00,16,34,23,30,0,103
2024-04-01 18:40:00,14,21,22,21,0,78
2024-04-01 18:50:00,20,40,20,30,1,111
2024-04-01 19:00:00,20,31,20,26,1,98
2024-04-01 19:10:00,18,42,24,18,0,102
2024-04-01 19:20:00,37,48,19,19,0,123
2024-04-01 19:30:00,18,29,16,22,2,87
2024-04-01 19:40:00,22,28,18,28,0,96
2024-04-01 19:50:00,15,33,13,17,3,81
2024-04-01 20:00:00,16,29,20,33,0,98
2024-04-01 20:10:00,21,32,20,16,0,89
2024-04-01 20:20:00,13,32,18,19,0,82
2024-04-01 20:30:00,16,37,15,17,1,86
2024-04-01 20:40:00,23,23,13,23,3,85
2024-04-01 20:50:00,15,40,14,27,0,96
2024-04-01 21:00:00,18,36,15,21,0,90
2024-04-01 21:10:00,30,32,15,28,0,105
2024-04-01 21:20:00,16,37,19,23,0,95
2024-04-01 21:30:00,11,23,16,27,0,77
2024-04-01 21:40:00,22,33,21,19,0,95
2024-04-01 21:50:00,15,17,13,21,2,68
2024-04-01 22:00:00,20,25,13,21,0,79
2024-04-01 22:10:00,21,32,9,18,0,80
2024-04-01 22:20:00,11,19,9,12,0,51
2024-04-01 22:30:00,15,24,12,17,0,68
2024-04-01 22:40:00,9,23,8,10,1,51
2024-04-01 22:50:00,17,27,10,23,0,77
2024-04-01 23:00:00,15,23,12,16,1,67
2024-04-01 23:10:00,9,24,5,7,0,45
2024-04-01 23:20:00,13,19,9,13,0,54
2024-04-01 23:30:00,9,16,7,10,0,42
2024-04-01 23:40:00,8,20,11,9,0,48
2024-04-01 23:50:00,10,15,11,17,0,53
2024-04-02 00:00:00,5,13,5,8,0,31
2024-04-02 00:10:00,8,16,10,12,0,46
2024-04-02 00:20:00,6,7,6,3,0,22
2024-04-02 00:30:00,2,12,6,8,0,28
2024-04-02 00:40:00,7,14,7,7,0,35
2024-04-02 00:50:00,1,8,5,6,0,20
2024-04-02 01:00:00,2,10,5,3,0,20
2024-04-02 01:10:00,2,7,8,4,0,21
2024-04-02 01:20:00,1,6,1,1,0,9
2024-04-02 01:30:00,0,2,4,0,0,6
2024-04-02 01:40:00,0,8,3,0,0,11
2024-04-02 01:50:00,2,6,1,4,0,13
2024-04-02 02:00:00,0,2,2,0,0,4
2024-04-02 02:10:00,5,3,5,3,0,16
2024-04-02 02:20:00,3,5,0,0,0,8
2024-04-02 02:30:00,0,8,7,2,0,17
2024-04-02 02:40:00,0,9,1,0,0,10
2024-04-02 02:50:00,1,2,5,4,0,12
2024-04-02 03:00:00,2,5,2,3,0,12
2024-04-02 03:10:00,2,2,0,0,0,4
2024-04-02 03:20:00,0,3,1,2,0,6
2024-04-02 03:30:00,0,0,1,3,0,4
2024-04-02 03:40:00,0,4,5,4,0,13
2024-04-02 03:50:00,0,3,1,10,0,14
2024-04-02 04:00:00,2,3,2,0,0,7
2024-04-02 04:10:00,2,4,4,6,0,16
2024-04-02 04:20:00,4,8,1,2,0,15
2024-04-02 04:30:00,6,6,5,10,0,27
2024-04-02 04:40:00,3,7,2,13,0,25
2024-04-02 04:50:00,3,6,8,8,0,25
2024-04-02 05:00:00,0,5,9,18,0,32
2024-04-02 05:10:00,4,7,18,21,0,50
2024-04-02 05:20:00,15,21,12,36,0,84
2024-04-02 05:30:00,20,15,25,32,0,92
2024-04-02 05:40:00,17,25,15,54,0,111
2024-04-02 05:50:00,11,24,24,49,0,108
2024-04-02 06:00:00,16,26,25,35,0,102
2024-04-02 06:10:00,23,32,35,30,0,120
2024-04-02 06:20:00,28,30,33,49,0,140
2024-04-02 06:30:00,26,41,33,47,0,147
2024-04-02 06:40:00,29,37,37,78,0,181
2024-04-02 06:50:00,30,49,35,52,0,166
2024-04-02 07:00:00,24,23,30,31,0,108
2024-04-02 07:10:00,16,35,36,39,0,126
2024-04-02 07:20:00,24,43,43,35,0,145
2024-04-02 07:30:00,28,35,51,44,2,160
2024-04-02 07:40:00,22,44,41,36,0,143
2024-04-02 07:50:00,28,36,39,33,0,136
2024-04-02 08:00:00,22,40,51,40,0,153
2024-04-02 08:10:00,16,32,48,46,0,142
2024-04-02 08:20:00,30,42,44,33,0,149
2024-04-02 08:30:00,30,45,39,33,0,147
2024-04-02 08:40:00,41,45,51,47,0,184
2024-04-02 08:50:00,40,52,36,31,0,159
2024-04-02 09:00:00,31,41,33,36,2,143
2024-04-02 09:10:00,26,46,31,30,0,133
2024-04-02 09:20:00,36,41,39,45,0,161
2024-04-02 09:30:00,22,33,32,36,0,123
2024-04-02 09:40:00,27,34,26,37,1,125
2024-04-02 09:50:00,24,45,34,33,0,136
2024-04-02 10:00:00,22,37,25,35,0,119
2024-04-02 10:10:00,28,36,32,35,1,132
2024-04-02 10:20:00,30,42,37,31,1,141
2024-04-02 10:30:00,30,33,32,29,1,125
2024-04-02 10:40:00,33,42,28,30,0,133
2024-04-02 10:50:00,39,43,35,33,0,150
2024-04-02 11:00:00,36,57,30,25,0,148
2024-04-02 11:10:00,35,45,18,26,1,125
2024-04-02 11:20:00,34,43,25,30,0,132
2024-04-02 11:30:00,36,44,29,30,2,141
2024-04-02 11:40:00,33,54,9,28,1,125
2024-04-02 11:50:00,23,41,19,21,1,105
2024-04-02 12:00:00,35,47,24,30,0,136
2024-04-02 12:10:00,37,54,22,28,0,141
2024-04-02 12:20:00,42,50,28,21,0,141
2024-04-02 12:30:00,35,57,32,39,0,163
2024-04-02 12:40:00,38,48,24,29,2,141
2024-04-02 12:50:00,36,44,18,37,0,135
2024-04-02 13:00:00,38,48,21,19,0,126
2024-04-02 13:10:00,34,48,26,33,0,141
2024-04-02 13:20:00,41,61,31,35,0,168
2024-04-02 13:30:00,34,52,30,26,0,142
2024-04-02 13:40:00,32,49,21,28,2,132
2024-04-02 13:50:00,32,51,28,39,0,150
2024-04-02 14:00:00,44,50,27,29,1,151
2024-04-02 14:10:00,46,50,33,27,4,160
2024-04-02 14:20:00,42,45,28,30,1,146
2024-04-02 14:30:00,42,62,31,33,1,169
2024-04-02 14:40:00,52,72,28,32,0,184
2024-04-02 14:50:00,55,53,28,28,0,164
2024-04-02 15:00:00,55,52,29,26,0,162
2024-04-02 15:10:00,46,52,20,33,0,151
2024-04-02 15:20:00,43,50,25,39,0,157
2024-04-02 15:30:00,65,61,27,33,2,188
2024-04-02 15:40:00,65,69,35,28,0,197
2024-04-02 15:50:00,62,58,24,29,0,173
2024-04-02 16:00:00,58,57,26,25,0,166
2024-04-02 16:10:00,50,55,27,29,1,162
2024-04-02 16:20:00,64,53,35,41,1,194
2024-04-02 16:30:00,56,56,33,26,0,171
2024-04-02 16:40:00,50,59,28,23,2,162
2024-04-02 16:50:00,60,60,27,27,0,174
2024-04-02 17:00:00,52,49,29,27,2,159
2024-04-02 17:10:00,52,52,30,36,3,173
2024-04-02 17:20:00,60,64,30,34,0,188
2024-04-02 17:30:00,55,45,26,35,2,163
2024-04-02 17:40:00,53,52,25,29,0,159
2024-04-02 17:50:00,44,45,35,45,0,169
2024-04-02 18:00:00,51,50,23,25,1,150
2024-04-02 18:10:00,48,49,21,33,1,152
2024-04-02 18:20:00,57,41,28,35,2,163
2024-04-02 18:30:00,44,48,26,36,0,154
2024-04-02 18:40:00,46,51,31,26,1,155
2024-04-02 18:50:00,26,44,27,35,1,133
2024-04-02 19:00:00,42,37,26,22,3,130
2024-04-02 19:10:00,37,40,20,25,2,124
2024-04-02 19:20:00,36,35,21,28,0,120
2024-04-02 19:30:00,30,42,15,19,0,106
2024-04-02 19:40:00,31,38,19,15,0,103
2024-04-02 19:50:00,23,38,15,18,0,94
2024-04-02 20:00:00,27,30,15,18,2,92
2024-04-02 20:10:00,35,51,19,22,1,128
2024-04-02 20:20:00,24,42,21,24,0,111
2024-04-02 20:30:00,35,42,19,28,0,124
2024-04-02 20:40:00,23,31,20,25,2,101
2024-04-02 20:50:00,28,30,25,37,1,121
2024-04-02 21:00:00,13,27,11,24,0,75
2024-04-02 21:10:00,33,41,13,27,0,114
2024-04-02 21:20:00,31,31,23,25,0,110
2024-04-02 21:30:00,19,27,25,30,0,101
2024-04-02 21:40:00,21,25,16,25,2,89
2024-04-02 21:50:00,17,31,22,29,0,99
2024-04-02 22:00:00,19,30,24,16,0,89
2024-04-02 22:10:00,22,33,15,21,0,91
2024-04-02 22:20:00,12,29,18,12,0,71
2024-04-02 22:30:00,17,14,17,19,0,67
2024-04-02 22:40:00,11,26,10,18,0,65
2024-04-02 22:50:00,22,33,10,25,0,90
2024-04-02 23:00:00,22,30,14,8,0,74
2024-04-02 23:10:00,15,33,12,25,0,85
2024-04-02 23:20:00,14,20,10,14,1,59
2024-04-02 23:30:00,8,29,12,10,0,59
2024-04-02 23:40:00,12,20,9,6,0,47
2024-04-02 23:50:00,7,18,6,9,0,40
2024-04-03 00:00:00,13,8,8,6,0,35
2024-04-03 00:10:00,11,22,2,7,0,42
2024-04-03 00:20:00,7,16,6,4,0,33
2024-04-03 00:30:00,2,4,7,4,0,17
2024-04-03 00:40:00,5,14,1,6,0,26
2024-04-03 00:50:00,1,5,1,14,0,21
2024-04-03 01:00:00,4,11,6,6,0,27
2024-04-03 01:10:00,2,9,1,1,0,13
2024-04-03 01:20:00,3,6,5,8,0,22
2024-04-03 01:30:00,2,7,7,4,0,20
2024-04-03 01:40:00,1,5,6,4,0,16
2024-04-03 01:50:00,3,8,1,1,0,13
2024-04-03 02:00:00,6,4,5,2,0,17
2024-04-03 02:10:00,0,3,0,0,0,3
2024-04-03 02:20:00,4,6,4,5,0,19
2024-04-03 02:30:00,1,4,7,3,0,15
2024-04-03 02:40:00,0,2,3,1,2,8
2024-04-03 02:50:00,3,1,4,4,0,12
2024-04-03 03:00:00,2,9,3,2,0,16
2024-04-03 03:10:00,1,3,3,3,0,10
2024-04-03 03:20:00,2,4,2,0,0,8
2024-04-03 03:30:00,0,1,1,10,0,12
2024-04-03 03:40:00,1,2,0,3,0,6
2024-04-03 03:50:00,0,2,3,4,0,9
2024-04-03 04:00:00,6,3,3,0,0,12
2024-04-03 04:10:00,4,4,2,4,0,14
2024-04-03 04:20:00,3,3,5,6,0,17
2024-04-03 04:30:00,6,11,8,2,0,27
2024-04-03 04:40:00,5,8,6,12,0,31
2024-04-03 04:50:00,3,4,6,9,0,22
2024-04-03 05:00:00,2,3,12,13,0,30
2024-04-03 05:10:00,9,9,13,26,0,57
2024-04-03 05:20:00,11,16,15,40,0,82
2024-04-03 05:30:00,19,16,29,53,0,117
2024-04-03 05:40:00,20,21,20,63,0,124
2024-04-03 05:50:00,7,14,33,48,0,102
2024-04-03 06:00:00,21,24,28,42,0,115
2024-04-03 06:10:00,19,26,31,25,0,101
2024-04-03 06:20:00,33,22,38,45,0,138
2024-04-03 06:30:00,29,33,46,63,0,171
2024-04-03 06:40:00,21,29,46,57,0,153
2024-04-03 06:50:00,25,29,42,38,0,134
2024-04-03 07:00:00,26,31,36,33,0,126
2024-04-03 07:10:00,21,29,34,39,1,124
2024-04-03 07:20:00,27,31,36,29,1,124
2024-04-03 07:30:00,21,39,39,35,0,134
2024-04-03 07:40:00,37,41,50,42,0,170
2024-04-03 07:50:00,31,42,38,31,1,143
2024-04-03 08:00:00,35,42,41,37,0,155
2024-04-03 08:10:00,38,44,26,36,0,144
2024-04-03 08:20:00,31,42,35,38,1,147
2024-04-03 08:30:00,26,29,48,40,0,143
2024-04-03 08:40:00,24,44,46,41,0,155
2024-04-03 08:50:00,32,50,58,44,0,184
2024-04-03 09:00:00,31,45,37,37,3,153
2024-04-03 09:10:00,31,43,30,29,0,133
2024-04-03 09:20:00,30,48,34,35,0,147
2024-04-03 09:30:00,28,50,29,38,1,146
2024-04-03 09:40:00,30,39,28,39,3,139
2024-04-03 09:50:00,26,41,34,32,0,133
2024-04-03 10:00:00,25,53,34,35,2,149
2024-04-03 10:10:00,31,43,39,40,1,154
2024-04-03 10:20:00,30,47,29,37,0,143
2024-04-03 10:30:00,31,46,21,44,0,142
2024-04-03 10:40:00,37,55,25,45,4,166
2024-04-03 10:50:00,37,48,9,33,0,127
2024-04-03 11:00:00,32,44,33,30,0,139
2024-04-03 11:10:00,37,45,24,23,0,129
2024-04-03 11:20:00,29,41,22,25,1,118
2024-04-03 11:30:00,27,44,31,23,0,125
2024-04-03 11:40:00,38,51,31,39,0,159
2024-04-03 11:50:00,29,41,22,29,0,121
2024-04-03 12:00:00,36,53,26,32,0,147
2024-04-03 12:10:00,35,57,29,30,1,152
2024-04-03 12:20:00,41,49,28,24,1,143
2024-04-03 12:30:00,29,58,27,30,0,144
2024-04-03 12:40:00,42,49,25,33,0,149
2024-04-03 12:50:00,29,50,21,30,0,130
2024-04-03 13:00:00,36,48,28,23,0,135
2024-04-03 13:10:00,41,58,22,26,0,147
2024-04-03 13:20:00,44,66,24,34,0,168
2024-04-03 13:30:00,29,45,22,26,1,123
2024-04-03 13:40:00,43,56,32,30,2,163
2024-04-03 13:50:00,29,54,18,28,1,130
2024-04-03 14:00:00,38,50,23,34,0,145
2024-04-03 14:10:00,45,66,25,35,1,172
2024-04-03 14:20:00,47,56,31,23,0,157
2024-04-03 14:30:00,56,54,26,40,0,176
2024-04-03 14:40:00,42,58,26,22,0,148
2024-04-03 14:50:00,49,42,30,30,0,151
2024-04-03 15:00:00,53,58,24,29,0,164
2024-04-03 15:10:00,52,53,30,39,1,175
2024-04-03 15:20:00,67,65,26,26,0,184
2024-04-03 15:30:00,63,55,36,34,1,189
2024-04-03 15:40:00,56,52,27,41,0,176
2024-04-03 15:50:00,50,48,13,28,0,139
2024-04-03 16:00:00,61,64,13,25,0,163
2024-04-03 16:10:00,53,65,11,25,3,157
2024-04-03 16:20:00,52,68,23,34,1,178
2024-04-03 16:30:00,59,63,34,35,0,191
2024-04-03 16:40:00,61,56,22,27,0,166
2024-04-03 16:50:00,54,39,24,33,1,151
2024-04-03 17:00:00,51,47,33,31,1,163
2024-04-03 17:10:00,55,54,32,33,0,174
2024-04-03 17:20:00,50,54,22,31,2,159
2024-04-03 17:30:00,43,50,35,39,0,167
2024-04-03 17:40:00,52,55,23,35,1,166
2024-04-03 17:50:00,56,48,25,27,2,158
2024-04-03 18:00:00,48,49,24,28,2,151
2024-04-03 18:10:00,50,49,29,35,1,164
2024-04-03 18:20:00,47,37,26,30,0,140
2024-04-03 18:30:00,42,39,29,36,0,146
2024-04-03 18:40:00,37,44,27,28,3,139
2024-04-03 18:50:00,42,41,23,30,1,137
2024-04-03 19:00:00,26,55,27,26,0,134
2024-04-03 19:10:00,23,50,26,28,0,127
2024-04-03 19:20:00,17,38,27,30,0,112
2024-04-03 19:30:00,23,49,26,21,1,120
2024-04-03 19:40:00,26,38,18,18,2,102
2024-04-03 19:50:00,20,50,22,18,0,110
2024-04-03 20:00:00,14,40,20,19,1,94
2024-04-03 20:10:00,20,38,30,17,1,106
2024-04-03 20:20:00,25,35,23,61,0,144
2024-04-03 20:30:00,16,31,27,37,0,111
2024-04-03 20:40:00,25,31,16,27,2,101
2024-04-03 20:50:00,18,43,16,25,0,102
2024-04-03 21:00:00,26,32,15,27,0,100
2024-04-03 21:10:00,26,42,14,40,1,123
2024-04-03 21:20:00,28,43,20,39,0,130
2024-04-03 21:30:00,20,33,15,23,0,91
2024-04-03 21:40:00,18,30,19,25,0,92
2024-04-03 21:50:00,21,31,15,21,0,88
2024-04-03 22:00:00,26,42,16,20,0,104
2024-04-03 22:10:00,22,26,14,25,0,87
2024-04-03 22:20:00,14,34,13,25,0,86
2024-04-03 22:30:00,18,26,11,16,0,71
2024-04-03 22:40:00,20,34,14,16,0,84
2024-04-03 22:50:00,22,34,25,24,0,105
2024-04-03 23:00:00,26,28,13,17,0,84
2024-04-03 23:10:00,21,25,12,11,1,70
2024-04-03 23:20:00,9,20,8,7,0,44
2024-04-03 23:30:00,8,16,7,6,0,37
2024-04-03 23:40:00,8,18,6,5,0,37
2024-04-03 23:50:00,7,20,3,4,0,34
2024-04-04 00:00:00,5,14,5,4,0,28
2024-04-04 00:10:00,4,10,7,9,0,30
2024-04-04 00:20:00,4,12,5,4,0,25
2024-04-04 00:30:00,6,10,7,8,0,31
2024-04-04 00:40:00,6,15,8,3,0,32
2024-04-04 00:50:00,2,6,7,4,1,20
2024-04-04 01:00:00,8,8,8,4,0,28
2024-04-04 01:10:00,3,12,3,3,0,21
2024-04-04 01:20:00,2,4,5,3,0,14
2024-04-04 01:30:00,8,9,5,1,0,23
2024-04-04 01:40:00,0,4,3,4,0,11
2024-04-04 01:50:00,1,3,5,5,0,14
2024-04-04 02:00:00,5,9,2,4,0,20
2024-04-04 02:10:00,3,5,2,0,0,10
2024-04-04 02:20:00,0,5,2,1,0,8
2024-04-04 02:30:00,1,6,1,1,0,9
2024-04-04 02:40:00,2,7,0,0,0,9
2024-04-04 02:50:00,2,7,2,0,0,11
2024-04-04 03:00:00,0,3,0,4,0,7
2024-04-04 03:10:00,1,3,1,0,0,5
2024-04-04 03:20:00,2,6,1,2,0,11
2024-04-04 03:30:00,2,2,1,1,0,6
2024-04-04 03:40:00,1,2,0,3,0,6
2024-04-04 03:50:00,0,2,2,1,0,5
2024-04-04 04:00:00,0,2,3,3,0,8
2024-04-04 04:10:00,1,5,3,8,0,17
2024-04-04 04:20:00,2,7,2,7,0,18
2024-04-04 04:30:00,3,3,6,8,0,20
2024-04-04 04:40:00,2,4,3,5,0,14
2024-04-04 04:50:00,9,8,6,10,0,33
2024-04-04 05:00:00,5,4,5,12,0,26
2024-04-04 05:10:00,4,7,14,15,0,40
2024-04-04 05:20:00,7,8,12,27,0,54
2024-04-04 05:30:00,14,20,16,29,0,79
2024-04-04 05:40:00,14,20,25,23,0,82
2024-04-04 05:50:00,14,24,14,27,0,79
2024-04-04 06:00:00,22,24,14,23,0,83
2024-04-04 06:10:00,23,30,20,28,0,101
2024-04-04 06:20:00,22,30,29,33,0,114
2024-04-04 06:30:00,24,31,24,35,1,115
2024-04-04 06:40:00,30,32,29,38,0,129
2024-04-04 06:50:00,25,41,28,30,0,124
2024-04-04 07:00:00,24,34,27,36,0,121
2024-04-04 07:10:00,17,30,32,36,1,116
2024-04-04 07:20:00,25,38,38,40,3,144
2024-04-04 07:30:00,21,32,40,33,1,127
2024-04-04 07:40:00,30,41,35,45,0,151
2024-04-04 07:50:00,23,38,41,35,2,139
2024-04-04 08:00:00,30,39,44,29,0,142
2024-04-04 08:10:00,33,43,44,37,0,157
2024-04-04 08:20:00,32,44,41,35,0,152
2024-04-04 08:30:00,26,50,41,32,0,149
2024-04-04 08:40:00,25,39,50,40,0,154
2024-04-04 08:50:00,32,46,35,35,1,149
2024-04-04 09:00:00,28,30,45,45,2,150
2024-04-04 09:10:00,21,48,31,42,0,142
2024-04-04 09:20:00,26,39,36,34,0,135
2024-04-04 09:30:00,25,39,34,38,0,136
2024-04-04 09:40:00,25,53,41,32,1,152
2024-04-04 09:50:00,33,44,36,39,0,152
2024-04-04 10:00:00,21,38,31,36,0,126
2024-04-04 10:10:00,34,47,28,38,0,147
2024-04-04 10:20:00,22,48,35,35,0,140
2024-04-04 10:30:00,42,49,25,35,0,151
2024-04-04 10:40:00,21,53,31,29,0,134
2024-04-04 10:50:00,30,39,36,26,0,131
2024-04-04 11:00:00,32,50,37,41,1,161
2024-04-04 11:10:00,24,53,23,33,0,133
2024-04-04 11:20:00,32,49,20,34,1,136
2024-04-04 11:30:00,34,65,17,33,1,150
2024-04-04 11:40:00,28,44,25,31,0,128
2024-04-04 11:50:00,30,52,32,35,0,149
2024-04-04 12:00:00,33,52,19,27,0,131
2024-04-04 12:10:00,40,61,36,23,0,160
2024-04-04 12:20:00,35,49,15,21,0,120
2024-04-04 12:30:00,33,50,17,31,0,131
2024-04-04 12:40:00,34,52,27,34,0,147
2024-04-04 12:50:00,35,56,24,31,0,146
2024-04-04 13:00:00,31,61,19,27,0,138
2024-04-04 13:10:00,42,63,21,17,0,143
2024-04-04 13:20:00,38,67,28,32,0,165
2024-04-04 13:30:00,47,67,29,47,0,190
2024-04-04 13:40:00,48,66,24,36,0,174
2024-04-04 13:50:00,30,74,26,25,0,155
2024-04-04 14:00:00,33,70,26,31,0,160
2024-04-04 14:10:00,43,75,47,36,0,201
2024-04-04 14:20:00,45,61,31,26,0,163
2024-04-04 14:30:00,42,72,34,38,0,186
2024-04-04 14:40:00,39,56,29,34,3,161
2024-04-04 14:50:00,44,61,25,34,1,165
2024-04-04 15:00:00,48,62,21,39,0,170
2024-04-04 15:10:00,44,50,27,61,0,182
2024-04-04 15:20:00,47,46,23,52,2,170
2024-04-04 15:30:00,69,61,34,34,0,198
2024-04-04 15:40:00,53,63,33,36,2,187
2024-04-04 15:50:00,48,49,30,25,0,152
2024-04-04 16:00:00,58,42,32,29,1,162
2024-04-04 16:10:00,52,60,30,29,1,172
2024-04-04 16:20:00,55,50,36,33,2,176
2024-04-04 16:30:00,61,48,30,35,2,176
2024-04-04 16:40:00,57,52,32,40,2,183
2024-04-04 16:50:00,66,54,37,35,0,192
2024-04-04 17:00:00,63,49,25,26,1,164
2024-04-04 17:10:00,62,54,33,34,0,183
2024-04-04 17:20:00,65,61,28,33,0,187
2024-04-04 17:30:00,59,47,26,37,1,170
2024-04-04 17:40:00,57,45,23,36,0,161
2024-04-04 17:50:00,54,43,38,39,0,174
2024-04-04 18:00:00,53,42,24,37,1,157
2024-04-04 18:10:00,54,42,24,32,1,153
2024-04-04 18:20:00,47,50,21,22,0,140
2024-04-04 18:30:00,50,48,22,30,2,152
2024-04-04 18:40:00,43,29,21,31,5,129
2024-04-04 18:50:00,31,42,22,29,2,126
2024-04-04 19:00:00,37,45,24,23,0,129
2024-04-04 19:10:00,37,36,30,24,1,128
2024-04-04 19:20:00,41,62,25,27,0,155
2024-04-04 19:30:00,31,38,24,21,1,115
2024-04-04 19:40:00,28,39,18,28,0,113
2024-04-04 19:50:00,23,37,14,17,0,91
2024-04-04 20:00:00,16,26,19,16,1,78
2024-04-04 20:10:00,23,50,9,17,0,99
2024-04-04 20:20:00,24,40,14,28,0,106
2024-04-04 20:30:00,23,36,24,23,1,107
2024-04-04 20:40:00,28,39,23,21,4,115
2024-04-04 20:50:00,23,40,22,27,0,112
2024-04-04 21:00:00,27,40,13,28,0,108
2024-04-04 21:10:00,20,35,19,38,0,112
2024-04-04 21:20:00,27,42,11,26,1,107
2024-04-04 21:30:00,21,35,13,16,1,86
2024-04-04 21:40:00,12,23,19,16,0,70
2024-04-04 21:50:00,17,26,12,11,0,66
2024-04-04 22:00:00,25,29,11,21,0,86
2024-04-04 22:10:00,12,24,12,15,1,64
2024-04-04 22:20:00,20,24,15,16,0,75
2024-04-04 22:30:00,14,31,11,11,0,67
2024-04-04 22:40:00,15,25,7,10,0,57
2024-04-04 22:50:00,25,36,10,14,0,85
2024-04-04 23:00:00,20,18,6,10,0,54
2024-04-04 23:10:00,20,28,14,9,1,72
2024-04-04 23:20:00,16,28,11,11,0,66
2024-04-04 23:30:00,10,19,5,2,0,36
2024-04-04 23:40:00,8,20,5,4,0,37
2024-04-04 23:50:00,7,20,8,5,0,40
2024-04-05 00:00:00,7,12,11,8,0,38
2024-04-05 00:10:00,3,10,5,4,0,22
2024-04-05 00:20:00,1,10,4,5,0,20
2024-04-05 00:30:00,5,18,7,3,0,33
2024-04-05 00:40:00,6,12,4,6,0,28
2024-04-05 00:50:00,3,7,1,1,0,12
2024-04-05 01:00:00,1,7,2,2,0,12
2024-04-05 01:10:00,4,7,4,4,0,19
2024-04-05 01:20:00,2,7,1,1,0,11
2024-04-05 01:30:00,0,2,4,3,0,9
2024-04-05 01:40:00,0,1,1,1,0,3
2024-04-05 01:50:00,1,5,2,0,0,8
2024-04-05 02:00:00,0,1,0,0,0,1
