datetime,V21Z,V22Z,V81Z,V321Z,Total
2024-03-01 01:00:00,13,13,12,0,38
2024-03-01 01:10:00,8,11,9,0,28
2024-03-01 01:20:00,4,7,6,0,17
2024-03-01 01:30:00,7,6,7,0,20
2024-03-01 01:40:00,7,5,2,0,14
2024-03-01 01:50:00,7,1,1,0,9
2024-03-01 02:00:00,8,5,5,0,18
2024-03-01 02:10:00,3,2,2,0,7
2024-03-01 02:20:00,0,5,5,0,10
2024-03-01 02:30:00,4,1,1,0,6
2024-03-01 02:40:00,1,5,5,0,11
2024-03-01 02:50:00,5,2,2,0,9
2024-03-01 03:00:00,1,4,4,0,9
2024-03-01 03:10:00,2,0,0,0,2
2024-03-01 03:20:00,3,7,6,0,16
2024-03-01 03:30:00,1,5,2,0,8
2024-03-01 03:40:00,1,2,1,0,4
2024-03-01 03:50:00,5,6,10,0,21
2024-03-01 04:00:00,6,3,3,0,12
2024-03-01 04:10:00,8,17,14,0,39
2024-03-01 04:20:00,9,2,2,0,13
2024-03-01 04:30:00,6,2,2,0,10
2024-03-01 04:40:00,8,8,8,0,24
2024-03-01 04:50:00,6,12,9,1,28
2024-03-01 05:00:00,13,12,11,0,36
2024-03-01 05:10:00,13,14,13,0,40
2024-03-01 05:20:00,28,21,20,0,69
2024-03-01 05:30:00,48,29,35,0,112
2024-03-01 05:40:00,31,37,38,0,106
2024-03-01 05:50:00,39,27,38,0,104
2024-03-01 06:00:00,33,35,49,0,117
2024-03-01 06:10:00,33,32,61,0,126
2024-03-01 06:20:00,49,40,57,0,146
2024-03-01 06:30:00,40,37,63,0,140
2024-03-01 06:40:00,51,49,77,0,177
2024-03-01 06:50:00,47,60,83,0,190
2024-03-01 07:00:00,32,37,77,0,146
2024-03-01 07:10:00,28,39,80,1,148
2024-03-01 07:20:00,36,41,90,5,172
2024-03-01 07:30:00,29,29,94,3,155
2024-03-01 07:40:00,40,36,87,1,164
2024-03-01 07:50:00,48,41,97,1,187
2024-03-01 08:00:00,38,34,90,1,163
2024-03-01 08:10:00,33,37,92,0,162
2024-03-01 08:20:00,39,45,92,0,176
2024-03-01 08:30:00,46,37,85,2,170
2024-03-01 08:40:00,35,36,88,2,161
2024-03-01 08:50:00,39,34,93,5,171
2024-03-01 09:00:00,35,37,86,3,161
2024-03-01 09:10:00,45,48,78,3,174
2024-03-01 09:20:00,44,45,94,2,185
2024-03-01 09:30:00,34,40,90,2,166
2024-03-01 09:40:00,36,45,94,1,176
2024-03-01 09:50:00,53,38,92,1,184
2024-03-01 10:00:00,38,32,65,4,139
2024-03-01 10:10:00,41,47,95,7,190
2024-03-01 10:20:00,46,45,99,0,190
2024-03-01 10:30:00,35,41,78,1,155
2024-03-01 10:40:00,34,33,86,3,156
2024-03-01 10:50:00,43,38,90,2,173
2024-03-01 11:00:00,41,21,73,4,139
2024-03-01 11:10:00,21,34,80,1,136
2024-03-01 11:20:00,18,49,91,0,158
2024-03-01 11:30:00,32,33,68,1,134
2024-03-01 11:40:00,29,36,88,1,154
2024-03-01 11:50:00,23,35,72,0,130
2024-03-01 12:00:00,33,25,91,3,152
2024-03-01 12:10:00,47,39,97,0,183
2024-03-01 12:20:00,25,26,66,2,119
2024-03-01 12:30:00,10,42,86,1,139
2024-03-01 12:40:00,18,25,92,2,137
2024-03-01 12:50:00,39,23,74,10,146
2024-03-01 13:00:00,38,46,109,3,196
2024-03-01 13:10:00,3,44,106,2,155
2024-03-01 13:20:00,5,35,92,2,134
2024-03-01 13:30:00,7,38,99,5,149
2024-03-01 13:40:00,0,41,98,1,140
2024-03-01 13:50:00,35,26,88,4,153
2024-03-01 14:00:00,47,22,92,0,161
2024-03-01 14:10:00,54,45,102,2,203
2024-03-01 14:20:00,5,44,91,2,142
2024-03-01 14:30:00,42,29,90,1,162
2024-03-01 14:40:00,29,31,84,2,146
2024-03-01 14:50:00,47,50,88,2,187
2024-03-01 15:00:00,30,41,108,1,180
2024-03-01 15:10:00,54,37,108,1,200
2024-03-01 15:20:00,42,42,96,1,181
2024-03-01 15:30:00,47,34,95,3,179
2024-03-01 15:40:00,49,39,94,1,183
2024-03-01 15:50:00,45,27,96,1,169
2024-03-01 16:00:00,44,48,95,2,189
2024-03-01 16:10:00,30,31,90,4,155
2024-03-01 16:20:00,41,33,99,4,177
2024-03-01 16:30:00,39,30,89,3,161
2024-03-01 16:40:00,51,46,96,5,198
2024-03-01 16:50:00,39,37,90,6,172
2024-03-01 17:00:00,60,41,84,4,189
2024-03-01 17:10:00,43,44,119,1,207
2024-03-01 17:20:00,44,34,103,2,183
2024-03-01 17:30:00,48,33,103,2,186
2024-03-01 17:40:00,34,24,98,4,160
2024-03-01 17:50:00,44,29,93,4,170
2024-03-01 18:00:00,50,39,94,2,185
2024-03-01 18:10:00,35,25,88,4,152
2024-03-01 18:20:00,40,31,100,1,172
2024-03-01 18:30:00,97,66,119,1,283
2024-03-01 18:40:00,60,70,118,2,250
2024-03-01 18:50:00,67,43,97,2,209
2024-03-01 19:00:00,64,58,85,0,207
2024-03-01 19:10:00,73,67,89,2,231
2024-03-01 19:20:00,50,63,98,2,213
2024-03-01 19:30:00,65,67,91,2,225
2024-03-01 19:40:00,57,69,75,2,203
2024-03-01 19:50:00,48,66,82,1,197
2024-03-01 20:00:00,52,54,72,0,178
2024-03-01 20:10:00,53,44,54,3,154
2024-03-01 20:20:00,64,55,61,0,180
2024-03-01 20:30:00,45,61,60,1,167
2024-03-01 20:40:00,40,39,51,2,132
2024-03-01 20:50:00,40,54,52,1,147
2024-03-01 21:00:00,48,55,63,0,166
2024-03-01 21:10:00,42,34,43,1,120
2024-03-01 21:20:00,39,40,42,0,121
2024-03-01 21:30:00,68,36,38,1,143
2024-03-01 21:40:00,48,41,50,1,140
2024-03-01 21:50:00,24,27,23,1,75
2024-03-01 22:00:00,53,42,36,0,131
2024-03-01 22:10:00,48,46,50,0,144
2024-03-01 22:20:00,54,36,39,1,130
2024-03-01 22:30:00,37,32,43,0,112
2024-03-01 22:40:00,30,41,31,0,102
2024-03-01 22:50:00,29,32,34,1,96
2024-03-01 23:00:00,42,38,29,0,109
2024-03-01 23:10:00,39,23,20,0,82
2024-03-01 23:20:00,28,15,12,0,55
2024-03-01 23:30:00,24,32,24,1,81
2024-03-01 23:40:00,7,14,15,0,36
2024-03-01 23:50:00,21,22,19,0,62
2024-03-02 00:00:00,15,30,22,0,67
2024-03-02 00:10:00,25,21,23,0,69
2024-03-02 00:20:00,18,17,19,0,54
2024-03-02 00:30:00,22,20,16,0,58
2024-03-02 00:40:00,19,22,16,0,57
2024-03-02 00:50:00,14,13,12,0,39
2024-03-02 01:00:00,19,17,10,0,46
2024-03-02 01:10:00,8,11,10,0,29
2024-03-02 01:20:00,9,7,5,1,22
2024-03-02 01:30:00,10,12,12,0,34
2024-03-02 01:40:00,7,16,9,0,32
2024-03-02 01:50:00,11,4,4,0,19
2024-03-02 02:00:00,14,17,14,0,45
2024-03-02 02:10:00,3,10,14,0,27
2024-03-02 02:20:00,8,9,5,0,22
2024-03-02 02:30:00,6,6,5,0,17
2024-03-02 02:40:00,7,7,6,0,20
2024-03-02 02:50:00,11,7,8,0,26
2024-03-02 03:00:00,5,10,8,0,23
2024-03-02 03:10:00,5,6,6,0,17
2024-03-02 03:20:00,3,7,5,0,15
2024-03-02 03:30:00,3,9,7,0,19
2024-03-02 03:40:00,8,3,5,0,16
2024-03-02 03:50:00,7,8,8,0,23
2024-03-02 04:00:00,3,9,8,0,20
2024-03-02 04:10:00,7,4,5,0,16
2024-03-02 04:20:00,3,1,2,0,6
2024-03-02 04:30:00,3,5,5,0,13
2024-03-02 04:40:00,4,9,6,0,19
2024-03-02 04:50:00,9,5,3,0,17
2024-03-02 05:00:00,10,8,7,0,25
2024-03-02 05:10:00,9,11,10,0,30
2024-03-02 05:20:00,12,15,10,0,37
2024-03-02 05:30:00,24,12,9,0,45
2024-03-02 05:40:00,12,16,12,0,40
2024-03-02 05:50:00,21,12,11,0,44
2024-03-02 06:00:00,20,15,17,0,52
2024-03-02 06:10:00,20,18,19,0,57
2024-03-02 06:20:00,16,13,12,0,41
2024-03-02 06:30:00,14,15,17,0,46
2024-03-02 06:40:00,13,23,23,0,59
2024-03-02 06:50:00,10,14,14,0,38
2024-03-02 07:00:00,15,11,12,0,38
2024-03-02 07:10:00,8,21,21,0,50
2024-03-02 07:20:00,12,21,29,0,62
2024-03-02 07:30:00,20,25,30,0,75
2024-03-02 07:40:00,8,17,24,0,49
2024-03-02 07:50:00,24,31,37,0,92
2024-03-02 08:00:00,31,26,34,0,91
2024-03-02 08:10:00,26,29,35,0,90
2024-03-02 08:20:00,33,32,38,0,103
2024-03-02 08:30:00,32,33,49,1,115
2024-03-02 08:40:00,40,39,61,0,140
2024-03-02 08:50:00,23,39,60,2,124
2024-03-02 09:00:00,32,34,47,4,117
2024-03-02 09:10:00,44,33,62,1,140
2024-03-02 09:20:00,34,35,63,1,133
2024-03-02 09:30:00,27,46,63,4,140
2024-03-02 09:40:00,49,31,72,3,155
2024-03-02 09:50:00,30,40,99,5,174
2024-03-02 10:00:00,36,34,67,3,140
2024-03-02 10:10:00,45,53,82,3,183
2024-03-02 10:20:00,50,58,94,2,204
2024-03-02 10:30:00,53,50,87,0,190
2024-03-02 10:40:00,45,36,95,3,179
2024-03-02 10:50:00,46,50,98,3,197
2024-03-02 11:00:00,46,41,79,1,167
2024-03-02 11:10:00,45,40,99,3,187
2024-03-02 11:20:00,40,42,99,1,182
2024-03-02 11:30:00,45,44,85,0,174
2024-03-02 11:40:00,37,46,91,3,177
2024-03-02 11:50:00,37,40,96,1,174
2024-03-02 12:00:00,42,43,90,4,179
2024-03-02 12:10:00,61,42,104,2,209
2024-03-02 12:20:00,36,35,84,4,159
2024-03-02 12:30:00,48,41,98,5,192
2024-03-02 12:40:00,34,44,105,0,183
2024-03-02 12:50:00,37,42,80,5,164
2024-03-02 13:00:00,44,36,105,4,189
2024-03-02 13:10:00,39,34,92,3,168
2024-03-02 13:20:00,58,46,101,3,208
2024-03-02 13:30:00,43,47,91,1,182
2024-03-02 13:40:00,45,22,83,2,152
2024-03-02 13:50:00,35,18,87,5,145
2024-03-02 14:00:00,61,5,41,3,110
2024-03-02 14:10:00,35,14,82,1,132
2024-03-02 14:20:00,40,2,22,1,65
2024-03-02 14:30:00,38,15,58,2,113
2024-03-02 14:40:00,36,36,92,1,165
2024-03-02 14:50:00,54,17,82,0,153
2024-03-02 15:00:00,62,38,95,1,196
2024-03-02 15:10:00,50,36,110,0,196
2024-03-02 15:20:00,36,39,88,3,166
2024-03-02 15:30:00,44,30,95,4,173
2024-03-02 15:40:00,38,32,80,11,161
2024-03-02 15:50:00,37,42,73,0,152
2024-03-02 16:00:00,42,32,62,3,139
2024-03-02 16:10:00,44,44,76,1,165
2024-03-02 16:20:00,40,40,79,2,161
2024-03-02 16:30:00,44,41,71,1,157
2024-03-02 16:40:00,50,34,86,0,170
2024-03-02 16:50:00,40,43,77,1,161
2024-03-02 17:00:00,34,31,76,4,145
2024-03-02 17:10:00,40,28,86,7,161
2024-03-02 17:20:00,52,40,90,3,185
2024-03-02 17:30:00,42,33,91,2,168
2024-03-02 17:40:00,47,32,77,1,157
2024-03-02 17:50:00,38,43,101,1,183
2024-03-02 18:00:00,41,43,77,3,164
2024-03-02 18:10:00,36,34,79,3,152
2024-03-02 18:20:00,50,31,97,5,183
2024-03-02 18:30:00,55,60,83,1,199
2024-03-02 18:40:00,58,73,99,0,230
2024-03-02 18:50:00,79,57,87,3,226
2024-03-02 19:00:00,60,60,76,2,198
2024-03-02 19:10:00,64,58,75,1,198
2024-03-02 19:20:00,57,45,69,2,173
2024-03-02 19:30:00,55,54,67,2,178
2024-03-02 19:40:00,62,55,64,0,181
2024-03-02 19:50:00,53,45,61,1,160
2024-03-02 20:00:00,59,53,54,1,167
2024-03-02 20:10:00,56,47,46,3,152
2024-03-02 20:20:00,46,51,55,0,152
2024-03-02 20:30:00,54,43,60,1,158
2024-03-02 20:40:00,60,51,58,7,176
2024-03-02 20:50:00,39,45,66,1,151
2024-03-02 21:00:00,32,46,54,0,132
2024-03-02 21:10:00,46,43,44,0,133
2024-03-02 21:20:00,47,28,38,0,113
2024-03-02 21:30:00,36,41,45,0,122
2024-03-02 21:40:00,35,33,34,0,102
2024-03-02 21:50:00,41,40,40,0,121
2024-03-02 22:00:00,42,33,32,1,108
2024-03-02 22:10:00,37,37,46,0,120
2024-03-02 22:20:00,29,43,49,0,121
2024-03-02 22:30:00,38,27,23,0,88
2024-03-02 22:40:00,32,38,40,0,110
2024-03-02 22:50:00,31,28,28,0,87
2024-03-02 23:00:00,35,40,47,0,122
2024-03-02 23:10:00,34,22,24,1,81
2024-03-02 23:20:00,19,27,22,0,68
2024-03-02 23:30:00,22,31,18,0,71
2024-03-02 23:40:00,27,27,28,0,82
2024-03-02 23:50:00,44,28,25,0,97
2024-03-03 00:00:00,30,25,29,0,84
2024-03-03 00:10:00,25,22,19,0,66
2024-03-03 00:20:00,31,20,17,0,68
2024-03-03 00:30:00,19,19,16,0,54
2024-03-03 00:40:00,17,31,29,0,77
2024-03-03 00:50:00,9,27,27,0,63
2024-03-03 01:00:00,24,13,18,0,55
2024-03-03 01:10:00,18,19,15,0,52
2024-03-03 01:20:00,22,11,10,0,43
2024-03-03 01:30:00,6,19,16,0,41
2024-03-03 01:40:00,16,8,2,0,26
2024-03-03 01:50:00,19,4,5,0,28
2024-03-03 02:00:00,12,18,14,0,44
2024-03-03 02:10:00,3,3,3,0,9
2024-03-03 02:20:00,9,16,10,0,35
2024-03-03 02:30:00,6,6,6,1,19
2024-03-03 02:40:00,8,8,7,0,23
2024-03-03 02:50:00,6,10,10,0,26
2024-03-03 03:00:00,12,8,7,0,27
2024-03-03 03:10:00,4,13,13,0,30
2024-03-03 03:20:00,10,4,4,0,18
2024-03-03 03:30:00,7,5,4,0,16
2024-03-03 03:40:00,5,9,7,0,21
2024-03-03 03:50:00,4,6,4,0,14
2024-03-03 04:00:00,10,5,3,0,18
2024-03-03 04:10:00,9,4,4,0,17
2024-03-03 04:20:00,8,5,5,0,18
2024-03-03 04:30:00,4,8,7,0,19
2024-03-03 04:40:00,5,4,5,0,14
2024-03-03 04:50:00,2,8,6,0,16
2024-03-03 05:00:00,1,7,7,0,15
2024-03-03 05:10:00,8,5,6,0,19
2024-03-03 05:20:00,10,10,8,0,28
2024-03-03 05:30:00,22,9,7,0,38
2024-03-03 05:40:00,17,6,6,0,29
2024-03-03 05:50:00,5,5,4,0,14
2024-03-03 06:00:00,6,6,3,0,15
2024-03-03 06:10:00,9,17,15,0,41
2024-03-03 06:20:00,3,7,9,0,19
2024-03-03 06:30:00,7,10,12,0,29
2024-03-03 06:40:00,15,3,2,0,20
2024-03-03 06:50:00,7,6,5,0,18
2024-03-03 07:00:00,8,10,9,0,27
2024-03-03 07:10:00,3,7,6,0,16
2024-03-03 07:20:00,6,6,6,0,18
2024-03-03 07:30:00,5,13,11,0,29
2024-03-03 07:40:00,4,12,12,0,28
2024-03-03 07:50:00,9,12,12,0,33
2024-03-03 08:00:00,6,12,12,0,30
2024-03-03 08:10:00,16,11,11,0,38
2024-03-03 08:20:00,16,15,16,0,47
2024-03-03 08:30:00,8,18,17,0,43
2024-03-03 08:40:00,10,17,17,0,44
2024-03-03 08:50:00,18,23,28,0,69
2024-03-03 09:00:00,13,22,24,0,59
2024-03-03 09:10:00,15,28,36,1,80
2024-03-03 09:20:00,20,25,32,0,77
2024-03-03 09:30:00,33,28,37,0,98
2024-03-03 09:40:00,25,42,68,0,135
2024-03-03 09:50:00,29,41,57,0,127
2024-03-03 10:00:00,24,42,49,0,115
2024-03-03 10:10:00,19,40,56,1,116
2024-03-03 10:20:00,21,35,51,1,108
2024-03-03 10:30:00,26,45,59,0,130
2024-03-03 10:40:00,34,41,64,0,139
2024-03-03 10:50:00,32,35,52,0,119
2024-03-03 11:00:00,34,38,46,0,118
2024-03-03 11:10:00,25,33,42,0,100
2024-03-03 11:20:00,31,41,59,0,131
2024-03-03 11:30:00,27,39,60,0,126
2024-03-03 11:40:00,28,38,65,0,131
2024-03-03 11:50:00,39,41,65,2,147
2024-03-03 12:00:00,38,47,59,3,147
2024-03-03 12:10:00,35,57,97,0,189
2024-03-03 12:20:00,41,45,69,0,155
2024-03-03 12:30:00,46,52,77,0,175
2024-03-03 12:40:00,36,44,65,1,146
2024-03-03 12:50:00,40,36,72,3,151
2024-03-03 13:00:00,47,45,81,0,173
2024-03-03 13:10:00,39,55,100,1,195
2024-03-03 13:20:00,39,36,76,1,152
2024-03-03 13:30:00,46,36,59,2,143
2024-03-03 13:40:00,39,50,62,1,152
2024-03-03 13:50:00,39,40,70,1,150
2024-03-03 14:00:00,43,43,81,1,168
2024-03-03 14:10:00,41,45,71,0,157
2024-03-03 14:20:00,38,50,76,1,165
2024-03-03 14:30:00,40,40,75,0,155
2024-03-03 14:40:00,41,42,89,1,173
2024-03-03 14:50:00,38,40,76,2,156
2024-03-03 15:00:00,33,44,68,1,146
2024-03-03 15:10:00,34,55,95,0,184
2024-03-03 15:20:00,37,35,66,2,140
2024-03-03 15:30:00,42,41,56,1,140
2024-03-03 15:40:00,38,37,77,1,153
2024-03-03 15:50:00,39,47,73,2,161
2024-03-03 16:00:00,43,40,58,1,142
2024-03-03 16:10:00,39,36,62,1,138
2024-03-03 16:20:00,30,35,57,3,125
2024-03-03 16:30:00,36,35,64,0,135
2024-03-03 16:40:00,34,46,79,1,160
2024-03-03 16:50:00,43,39,60,1,143
2024-03-03 17:00:00,37,57,88,0,182
2024-03-03 17:10:00,30,40,62,2,134
2024-03-03 17:20:00,46,45,71,4,166
2024-03-03 17:30:00,37,36,67,0,140
2024-03-03 17:40:00,42,45,85,1,173
2024-03-03 17:50:00,30,43,82,0,155
2024-03-03 18:00:00,45,35,68,3,151
2024-03-03 18:10:00,41,37,82,1,161
2024-03-03 18:20:00,37,44,92,1,174
2024-03-03 18:30:00,58,34,65,2,159
2024-03-03 18:40:00,43,48,80,1,172
2024-03-03 18:50:00,47,56,84,1,188
2024-03-03 19:00:00,54,50,59,1,164
2024-03-03 19:10:00,42,42,75,1,160
2024-03-03 19:20:00,62,54,82,0,198
2024-03-03 19:30:00,33,57,67,1,158
2024-03-03 19:40:00,49,49,57,1,156
2024-03-03 19:50:00,43,45,49,0,137
2024-03-03 20:00:00,59,47,50,2,158
2024-03-03 20:10:00,44,42,41,0,127
2024-03-03 20:20:00,33,37,58,0,128
2024-03-03 20:30:00,52,56,48,1,157
2024-03-03 20:40:00,34,30,41,0,105
2024-03-03 20:50:00,33,40,42,0,115
2024-03-03 21:00:00,31,37,39,0,107
2024-03-03 21:10:00,44,41,43,1,129
2024-03-03 21:20:00,30,31,28,1,90
2024-03-03 21:30:00,41,27,29,0,97
2024-03-03 21:40:00,37,24,26,1,88
2024-03-03 21:50:00,24,22,18,0,64
2024-03-03 22:00:00,31,23,19,0,73
2024-03-03 22:10:00,32,26,39,0,97
2024-03-03 22:20:00,24,20,21,0,65
2024-03-03 22:30:00,15,32,30,0,77
2024-03-03 22:40:00,35,17,17,0,69
2024-03-03 22:50:00,28,25,24,0,77
2024-03-03 23:00:00,25,14,22,0,61
2024-03-03 23:10:00,23,11,14,0,48
2024-03-03 23:20:00,18,24,13,0,55
2024-03-03 23:30:00,14,10,10,0,34
2024-03-03 23:40:00,13,6,4,0,23
2024-03-03 23:50:00,7,10,5,0,22
2024-03-04 00:00:00,7,7,5,0,19
2024-03-04 00:10:00,2,5,4,0,11
2024-03-04 00:20:00,3,7,7,0,17
2024-03-04 00:30:00,8,8,8,0,24
2024-03-04 00:40:00,8,1,1,0,10
2024-03-04 00:50:00,8,9,8,0,25
2024-03-04 01:00:00,2,6,4,0,12
2024-03-04 01:10:00,2,4,4,0,10
2024-03-04 01:20:00,2,9,7,0,18
2024-03-04 01:30:00,3,1,1,0,5
2024-03-04 01:40:00,4,3,4,0,11
2024-03-04 01:50:00,0,4,5,0,9
2024-03-04 02:00:00,1,3,3,0,7
2024-03-04 02:10:00,0,0,0,0,0
2024-03-04 02:20:00,1,3,3,0,7
2024-03-04 02:30:00,4,0,0,0,4
2024-03-04 02:40:00,2,4,3,0,9
2024-03-04 02:50:00,1,5,6,0,12
2024-03-04 03:00:00,4,6,3,0,13
2024-03-04 03:10:00,4,3,3,0,10
2024-03-04 03:20:00,0,2,2,0,4
2024-03-04 03:30:00,4,4,2,0,10
2024-03-04 03:40:00,3,9,5,0,17
2024-03-04 03:50:00,3,10,4,0,17
2024-03-04 04:00:00,1,3,3,0,7
2024-03-04 04:10:00,6,5,4,0,15
2024-03-04 04:20:00,7,2,3,0,12
2024-03-04 04:30:00,6,3,3,0,12
2024-03-04 04:40:00,4,10,8,0,22
2024-03-04 04:50:00,13,11,14,0,38
2024-03-04 05:00:00,17,9,4,0,30
2024-03-04 05:10:00,10,14,12,0,36
2024-03-04 05:20:00,26,16,19,0,61
2024-03-04 05:30:00,43,29,39,0,111
2024-03-04 05:40:00,35,45,49,0,129
2024-03-04 05:50:00,34,34,40,1,109
2024-03-04 06:00:00,50,29,59,0,138
2024-03-04 06:10:00,35,41,59,0,135
2024-03-04 06:20:00,36,43,70,1,150
2024-03-04 06:30:00,54,49,72,0,175
2024-03-04 06:40:00,36,55,86,0,177
2024-03-04 06:50:00,37,51,90,2,180
2024-03-04 07:00:00,40,36,87,2,165
2024-03-04 07:10:00,44,46,90,1,181
2024-03-04 07:20:00,36,44,115,3,198
2024-03-04 07:30:00,37,38,93,7,175
2024-03-04 07:40:00,41,27,79,3,150
2024-03-04 07:50:00,42,21,84,3,150
2024-03-04 08:00:00,31,33,111,2,177
2024-03-04 08:10:00,33,28,92,3,156
2024-03-04 08:20:00,12,36,95,1,144
2024-03-04 08:30:00,22,26,102,2,152
2024-03-04 08:40:00,44,39,98,2,183
2024-03-04 08:50:00,50,43,94,1,188
2024-03-04 09:00:00,43,31,76,5,155
2024-03-04 09:10:00,31,31,72,2,136
2024-03-04 09:20:00,33,45,95,5,178
2024-03-04 09:30:00,39,39,103,1,182
2024-03-04 09:40:00,52,42,86,1,181
2024-03-04 09:50:00,39,34,98,1,172
2024-03-04 10:00:00,36,29,84,3,152
2024-03-04 10:10:00,40,36,80,3,159
2024-03-04 10:20:00,46,44,67,6,163
2024-03-04 10:30:00,42,33,80,2,157
2024-03-04 10:40:00,43,42,73,1,159
2024-03-04 10:50:00,35,41,80,5,161
2024-03-04 11:00:00,50,38,69,1,158
2024-03-04 11:10:00,26,32,71,5,134
2024-03-04 11:20:00,38,34,76,2,150
2024-03-04 11:30:00,44,35,83,1,163
2024-03-04 11:40:00,34,26,70,2,132
2024-03-04 11:50:00,46,29,66,3,144
2024-03-04 12:00:00,29,27,60,4,120
2024-03-04 12:10:00,32,33,80,4,149
2024-03-04 12:20:00,44,38,86,1,169
2024-03-04 12:30:00,36,36,83,4,159
2024-03-04 12:40:00,42,34,75,3,154
2024-03-04 12:50:00,34,36,75,5,150
2024-03-04 13:00:00,42,38,74,2,156
2024-03-04 13:10:00,6,36,82,3,127
2024-03-04 13:20:00,2,29,87,2,120
2024-03-04 13:30:00,15,34,80,2,131
2024-03-04 13:40:00,25,27,69,2,123
2024-03-04 13:50:00,35,34,67,2,138
2024-03-04 14:00:00,36,38,96,4,174
2024-03-04 14:10:00,44,37,80,5,166
2024-03-04 14:20:00,50,49,87,2,188
2024-03-04 14:30:00,36,22,70,0,128
2024-03-04 14:40:00,34,3,53,2,92
2024-03-04 14:50:00,31,0,29,3,63
2024-03-04 15:00:00,39,34,96,1,170
2024-03-04 15:10:00,42,45,90,3,180
2024-03-04 15:20:00,19,34,89,1,143
2024-03-04 15:30:00,31,33,78,4,146
2024-03-04 15:40:00,31,25,78,5,139
2024-03-04 15:50:00,20,31,71,4,126
2024-03-04 16:00:00,0,46,83,3,132
2024-03-04 16:10:00,24,31,100,2,157
2024-03-04 16:20:00,16,27,87,3,133
2024-03-04 16:30:00,0,44,80,2,126
2024-03-04 16:40:00,3,34,86,2,125
2024-03-04 16:50:00,0,41,99,2,142
2024-03-04 17:00:00,4,26,87,4,121
2024-03-04 17:10:00,3,29,82,3,117
2024-03-04 17:20:00,4,30,87,4,125
2024-03-04 17:30:00,1,32,102,0,135
2024-03-04 17:40:00,31,41,83,8,163
2024-03-04 17:50:00,35,25,89,9,158
2024-03-04 18:00:00,28,28,84,3,143
2024-03-04 18:10:00,77,26,88,3,194
2024-03-04 18:20:00,64,55,101,2,222
2024-03-04 18:30:00,53,40,78,2,173
2024-03-04 18:40:00,62,57,98,3,220
2024-03-04 18:50:00,64,48,82,3,197
2024-03-04 19:00:00,63,52,78,2,195
2024-03-04 19:10:00,48,33,70,2,153
2024-03-04 19:20:00,55,57,82,1,195
2024-03-04 19:30:00,54,53,67,0,174
2024-03-04 19:40:00,56,62,76,1,195
2024-03-04 19:50:00,62,43,47,1,153
2024-03-04 20:00:00,47,49,52,1,149
2024-03-04 20:10:00,50,39,34,1,124
2024-03-04 20:20:00,41,47,60,0,148
2024-03-04 20:30:00,29,31,38,0,98
2024-03-04 20:40:00,40,30,39,0,109
2024-03-04 20:50:00,45,40,36,1,122
2024-03-04 21:00:00,55,35,33,0,123
2024-03-04 21:10:00,48,36,37,0,121
2024-03-04 21:20:00,45,37,32,0,114
2024-03-04 21:30:00,42,20,24,1,87
2024-03-04 21:40:00,42,26,22,0,90
2024-03-04 21:50:00,36,36,33,0,105
2024-03-04 22:00:00,35,34,40,0,109
2024-03-04 22:10:00,20,28,28,0,76
2024-03-04 22:20:00,28,40,43,0,111
2024-03-04 22:30:00,34,34,33,0,101
2024-03-04 22:40:00,19,27,24,0,70
2024-03-04 22:50:00,21,18,14,0,53
2024-03-04 23:00:00,10,18,15,0,43
2024-03-04 23:10:00,17,8,5,0,30
2024-03-04 23:20:00,19,14,11,0,44
2024-03-04 23:30:00,11,17,11,0,39
2024-03-04 23:40:00,15,8,7,0,30
2024-03-04 23:50:00,6,17,12,1,36
2024-03-05 00:00:00,7,11,10,0,28
2024-03-05 00:10:00,1,13,8,0,22
2024-03-05 00:20:00,5,2,2,0,9
2024-03-05 00:30:00,4,8,6,0,18
2024-03-05 00:40:00,19,7,4,0,30
2024-03-05 00:50:00,5,12,8,0,25
2024-03-05 01:00:00,1,11,9,0,21
2024-03-05 01:10:00,2,6,4,0,12
2024-03-05 01:20:00,2,5,3,0,10
2024-03-05 01:30:00,5,6,6,0,17
2024-03-05 01:40:00,4,5,2,0,11
2024-03-05 01:50:00,3,2,2,0,7
2024-03-05 02:00:00,5,6,4,0,15
2024-03-05 02:10:00,2,1,1,0,4
2024-03-05 02:20:00,8,0,0,0,8
2024-03-05 02:30:00,6,2,2,0,10
2024-03-05 02:40:00,1,3,2,0,6
2024-03-05 02:50:00,2,0,0,0,2
2024-03-05 03:00:00,0,1,1,0,2
2024-03-05 03:10:00,3,1,1,0,5
2024-03-05 03:20:00,5,1,1,0,7
2024-03-05 03:30:00,0,2,2,0,4
2024-03-05 03:40:00,2,5,5,0,12
2024-03-05 03:50:00,1,9,10,0,20
2024-03-05 04:00:00,7,2,3,0,12
2024-03-05 04:10:00,5,2,3,0,10
2024-03-05 04:20:00,7,5,3,0,15
2024-03-05 04:30:00,8,8,7,0,23
2024-03-05 04:40:00,19,9,8,0,36
2024-03-05 04:50:00,7,6,8,0,21
2024-03-05 05:00:00,7,12,10,0,29
2024-03-05 05:10:00,13,13,9,0,35
2024-03-05 05:20:00,33,26,22,0,81
2024-03-05 05:30:00,34,39,34,0,107
2024-03-05 05:40:00,35,39,38,0,112
2024-03-05 05:50:00,34,45,45,0,124
2024-03-05 06:00:00,21,32,57,0,110
2024-03-05 06:10:00,34,40,54,0,128
2024-03-05 06:20:00,34,52,71,0,157
2024-03-05 06:30:00,45,39,55,0,139
2024-03-05 06:40:00,43,55,95,0,193
2024-03-05 06:50:00,51,52,101,1,205
2024-03-05 07:00:00,27,44,85,1,157
2024-03-05 07:10:00,33,43,86,2,164
2024-03-05 07:20:00,34,41,121,7,203
2024-03-05 07:30:00,35,36,102,2,175
2024-03-05 07:40:00,37,31,102,4,174
2024-03-05 07:50:00,31,31,98,2,162
2024-03-05 08:00:00,20,32,83,2,137
2024-03-05 08:10:00,19,45,94,4,162
2024-03-05 08:20:00,2,36,122,2,162
2024-03-05 08:30:00,18,33,96,4,151
2024-03-05 08:40:00,40,30,82,3,155
2024-03-05 08:50:00,51,39,93,0,183
2024-03-05 09:00:00,40,50,96,3,189
2024-03-05 09:10:00,44,40,85,3,172
2024-03-05 09:20:00,53,42,94,0,189
2024-03-05 09:30:00,37,47,91,2,177
2024-03-05 09:40:00,40,38,99,3,180
2024-03-05 09:50:00,47,44,91,4,186
2024-03-05 10:00:00,41,42,82,1,166
2024-03-05 10:10:00,39,47,75,2,163
2024-03-05 10:20:00,42,35,85,2,164
2024-03-05 10:30:00,42,44,78,2,166
2024-03-05 10:40:00,50,36,61,1,148
2024-03-05 10:50:00,55,46,82,1,184
2024-03-05 11:00:00,49,45,74,1,169
2024-03-05 11:10:00,38,35,71,1,145
2024-03-05 11:20:00,40,32,72,4,148
2024-03-05 11:30:00,41,34,82,1,158
2024-03-05 11:40:00,34,30,87,3,154
2024-03-05 11:50:00,40,35,71,1,147
2024-03-05 12:00:00,39,44,81,3,167
2024-03-05 12:10:00,32,26,85,2,145
2024-03-05 12:20:00,45,41,89,2,177
2024-03-05 12:30:00,42,49,77,2,170
2024-03-05 12:40:00,47,35,96,1,179
2024-03-05 12:50:00,32,37,81,4,154
2024-03-05 13:00:00,26,38,87,2,153
2024-03-05 13:10:00,33,35,76,3,147
2024-03-05 13:20:00,53,34,78,2,167
2024-03-05 13:30:00,43,44,86,1,174
2024-03-05 13:40:00,34,40,78,2,154
2024-03-05 13:50:00,3,27,84,3,117
2024-03-05 14:00:00,3,25,85,0,113
2024-03-05 14:10:00,5,41,102,5,153
2024-03-05 14:20:00,42,32,69,0,143
2024-03-05 14:30:00,35,37,83,2,157
2024-03-05 14:40:00,46,26,87,0,159
2024-03-05 14:50:00,28,21,63,1,113
2024-03-05 15:00:00,31,17,56,2,106
2024-03-05 15:10:00,28,40,88,1,157
2024-03-05 15:20:00,4,27,86,1,118
2024-03-05 15:30:00,33,36,97,2,168
2024-03-05 15:40:00,13,14,75,2,104
2024-03-05 15:50:00,4,5,39,1,49
2024-03-05 16:00:00,5,0,49,4,58
2024-03-05 16:10:00,8,22,66,0,96
2024-03-05 16:20:00,4,21,75,3,103
2024-03-05 16:30:00,2,5,65,6,78
2024-03-05 16:40:00,4,7,48,4,63
2024-03-05 16:50:00,4,33,101,1,139
2024-03-05 17:00:00,1,27,78,2,108
2024-03-05 17:10:00,0,9,47,3,59
2024-03-05 17:20:00,7,24,66,3,100
2024-03-05 17:30:00,11,22,77,4,114
2024-03-05 17:40:00,31,26,63,4,124
2024-03-05 17:50:00,23,20,85,2,130
2024-03-05 18:00:00,37,33,88,3,161
2024-03-05 18:10:00,48,36,89,4,177
2024-03-05 18:20:00,36,42,105,3,186
2024-03-05 18:30:00,60,54,81,1,196
2024-03-05 18:40:00,73,49,78,1,201
2024-03-05 18:50:00,58,49,86,2,195
2024-03-05 19:00:00,55,57,92,1,205
2024-03-05 19:10:00,61,57,92,2,212
2024-03-05 19:20:00,56,74,85,0,215
2024-03-05 19:30:00,70,63,82,0,215
2024-03-05 19:40:00,66,56,91,3,216
2024-03-05 19:50:00,39,65,67,0,171
2024-03-05 20:00:00,49,41,54,2,146
2024-03-05 20:10:00,52,34,51,1,138
2024-03-05 20:20:00,47,45,51,0,143
2024-03-05 20:30:00,53,38,46,1,138
2024-03-05 20:40:00,44,32,43,1,120
2024-03-05 20:50:00,64,43,43,0,150
2024-03-05 21:00:00,44,42,33,0,119
2024-03-05 21:10:00,48,41,37,0,126
2024-03-05 21:20:00,70,27,34,0,131
2024-03-05 21:30:00,54,40,30,0,124
2024-03-05 21:40:00,31,27,31,2,91
2024-03-05 21:50:00,48,36,32,1,117
2024-03-05 22:00:00,24,43,37,0,104
2024-03-05 22:10:00,40,48,53,0,141
2024-03-05 22:20:00,23,47,37,0,107
2024-03-05 22:30:00,28,16,19,0,63
2024-03-05 22:40:00,39,29,26,0,94
2024-03-05 22:50:00,21,21,16,0,58
2024-03-05 23:00:00,25,20,20,1,66
2024-03-05 23:10:00,24,22,19,0,65
2024-03-05 23:20:00,15,20,15,0,50
2024-03-05 23:30:00,18,16,17,0,51
2024-03-05 23:40:00,19,9,8,0,36
2024-03-05 23:50:00,7,9,9,0,25
2024-03-06 00:00:00,13,12,7,0,32
2024-03-06 00:10:00,11,10,8,0,29
2024-03-06 00:20:00,7,14,11,0,32
2024-03-06 00:30:00,6,7,7,0,20
2024-03-06 00:40:00,1,4,3,0,8
2024-03-06 00:50:00,5,7,7,0,19
2024-03-06 01:00:00,5,0,0,0,5
2024-03-06 01:10:00,7,9,6,0,22
2024-03-06 01:20:00,4,3,3,0,10
2024-03-06 01:30:00,2,4,3,0,9
2024-03-06 01:40:00,6,5,5,0,16
2024-03-06 01:50:00,7,6,7,0,20
2024-03-06 02:00:00,2,7,7,0,16
2024-03-06 02:10:00,7,0,0,0,7
2024-03-06 02:20:00,9,2,2,0,13
2024-03-06 02:30:00,6,4,4,0,14
2024-03-06 02:40:00,5,2,2,0,9
2024-03-06 02:50:00,2,3,2,0,7
2024-03-06 03:00:00,3,2,1,0,6
2024-03-06 03:10:00,5,1,1,0,7
2024-03-06 03:20:00,2,2,2,0,6
2024-03-06 03:30:00,2,0,0,0,2
2024-03-06 03:40:00,1,5,7,0,13
2024-03-06 03:50:00,0,2,2,0,4
2024-03-06 04:00:00,4,9,5,0,18
2024-03-06 04:10:00,8,3,1,0,12
2024-03-06 04:20:00,3,1,1,0,5
2024-03-06 04:30:00,6,2,2,0,10
2024-03-06 04:40:00,9,10,8,0,27
2024-03-06 04:50:00,5,10,10,0,25
2024-03-06 05:00:00,16,16,18,0,50
2024-03-06 05:10:00,24,14,14,0,52
2024-03-06 05:20:00,33,15,15,0,63
2024-03-06 05:30:00,38,28,34,0,100
2024-03-06 05:40:00,31,43,51,1,126
2024-03-06 05:50:00,55,33,46,0,134
2024-03-06 06:00:00,38,47,59,0,144
2024-03-06 06:10:00,34,36,63,0,133
2024-03-06 06:20:00,35,54,79,0,168
2024-03-06 06:30:00,47,33,69,0,149
2024-03-06 06:40:00,43,55,79,0,177
2024-03-06 06:50:00,36,45,95,0,176
2024-03-06 07:00:00,28,32,95,0,155
2024-03-06 07:10:00,32,42,86,2,162
2024-03-06 07:20:00,44,37,115,3,199
2024-03-06 07:30:00,31,41,96,5,173
2024-03-06 07:40:00,35,42,97,1,175
2024-03-06 07:50:00,1,38,91,0,130
2024-03-06 08:00:00,1,36,98,3,138
2024-03-06 08:10:00,15,28,84,4,131
2024-03-06 08:20:00,47,35,96,3,181
2024-03-06 08:30:00,36,33,84,1,154
2024-03-06 08:40:00,46,45,96,2,189
2024-03-06 08:50:00,43,33,86,2,164
2024-03-06 09:00:00,37,40,81,1,159
2024-03-06 09:10:00,35,37,88,2,162
2024-03-06 09:20:00,39,44,89,4,176
2024-03-06 09:30:00,46,48,90,2,186
2024-03-06 09:40:00,45,36,104,2,187
2024-03-06 09:50:00,38,36,81,2,157
2024-03-06 10:00:00,42,49,74,1,166
2024-03-06 10:10:00,27,37,82,2,148
2024-03-06 10:20:00,39,39,75,0,153
2024-03-06 10:30:00,45,42,75,1,163
2024-03-06 10:40:00,38,41,78,3,160
2024-03-06 10:50:00,53,58,100,2,213
2024-03-06 11:00:00,38,45,74,0,157
2024-03-06 11:10:00,38,47,63,1,149
2024-03-06 11:20:00,44,43,70,2,159
2024-03-06 11:30:00,40,39,78,1,158
2024-03-06 11:40:00,49,39,87,2,177
2024-03-06 11:50:00,52,43,93,0,188
2024-03-06 12:00:00,43,29,59,3,134
2024-03-06 12:10:00,53,43,84,3,183
2024-03-06 12:20:00,44,32,73,3,152
2024-03-06 12:30:00,42,41,69,2,154
2024-03-06 12:40:00,27,29,70,4,130
2024-03-06 12:50:00,39,48,83,3,173
2024-03-06 13:00:00,3,29,74,5,111
2024-03-06 13:10:00,30,23,106,4,163
2024-03-06 13:20:00,43,39,79,2,163
2024-03-06 13:30:00,38,48,83,3,172
2024-03-06 13:40:00,44,37,88,1,170
2024-03-06 13:50:00,34,22,72,8,136
2024-03-06 14:00:00,37,36,84,2,159
2024-03-06 14:10:00,30,29,79,0,138
2024-03-06 14:20:00,29,19,74,2,124
2024-03-06 14:30:00,47,48,100,1,196
2024-03-06 14:40:00,29,23,70,2,124
2024-03-06 14:50:00,26,36,82,1,145
2024-03-06 15:00:00,23,25,90,2,140
2024-03-06 15:10:00,27,32,89,4,152
2024-03-06 15:20:00,41,27,101,2,171
2024-03-06 15:30:00,25,31,82,5,143
2024-03-06 15:40:00,1,13,66,0,80
2024-03-06 15:50:00,0,21,58,5,84
2024-03-06 16:00:00,24,32,97,1,154
2024-03-06 16:10:00,19,24,106,3,152
2024-03-06 16:20:00,26,27,84,3,140
2024-03-06 16:30:00,8,14,48,5,75
2024-03-06 16:40:00,4,7,70,2,83
2024-03-06 16:50:00,30,4,45,1,80
2024-03-06 17:00:00,46,55,104,3,208
2024-03-06 17:10:00,29,21,80,5,135
2024-03-06 17:20:00,49,34,97,3,183
2024-03-06 17:30:00,47,32,89,4,172
2024-03-06 17:40:00,39,43,84,3,169
2024-03-06 17:50:00,42,38,87,5,172
2024-03-06 18:00:00,56,41,81,1,179
2024-03-06 18:10:00,38,41,93,2,174
2024-03-06 18:20:00,34,33,103,4,174
2024-03-06 18:30:00,57,48,101,2,208
2024-03-06 18:40:00,64,58,100,2,224
2024-03-06 18:50:00,64,57,104,2,227
2024-03-06 19:00:00,55,56,83,4,198
2024-03-06 19:10:00,48,76,85,1,210
2024-03-06 19:20:00,83,52,82,0,217
2024-03-06 19:30:00,50,61,90,4,205
2024-03-06 19:40:00,51,55,68,0,174
2024-03-06 19:50:00,49,58,63,3,173
2024-03-06 20:00:00,59,49,45,1,154
2024-03-06 20:10:00,66,33,38,2,139
2024-03-06 20:20:00,53,38,61,4,156
2024-03-06 20:30:00,66,42,49,2,159
2024-03-06 20:40:00,48,44,40,0,132
2024-03-06 20:50:00,53,45,43,1,142
2024-03-06 21:00:00,43,27,29,0,99
2024-03-06 21:10:00,55,32,34,1,122
2024-03-06 21:20:00,51,35,45,3,134
2024-03-06 21:30:00,36,24,32,0,92
2024-03-06 21:40:00,42,39,46,3,130
2024-03-06 21:50:00,47,34,29,0,110
2024-03-06 22:00:00,33,37,34,0,104
2024-03-06 22:10:00,29,46,42,0,117
2024-03-06 22:20:00,31,29,30,0,90
2024-03-06 22:30:00,27,33,37,0,97
2024-03-06 22:40:00,28,33,30,1,92
2024-03-06 22:50:00,22,30,23,0,75
2024-03-06 23:00:00,26,29,26,0,81
2024-03-06 23:10:00,20,22,18,0,60
2024-03-06 23:20:00,19,23,19,0,61
2024-03-06 23:30:00,10,9,13,0,32
2024-03-06 23:40:00,15,12,10,0,37
2024-03-06 23:50:00,10,8,8,1,27
2024-03-07 00:00:00,4,21,15,0,40
2024-03-07 00:10:00,9,8,6,0,23
2024-03-07 00:20:00,9,12,8,0,29
2024-03-07 00:30:00,8,5,4,0,17
2024-03-07 00:40:00,14,3,3,0,20
2024-03-07 00:50:00,7,2,2,0,11
2024-03-07 01:00:00,1,11,7,0,19
2024-03-07 01:10:00,4,10,7,0,21
2024-03-07 01:20:00,1,1,1,0,3
2024-03-07 01:30:00,5,4,4,0,13
2024-03-07 01:40:00,2,9,8,0,19
2024-03-07 01:50:00,0,6,4,0,10
2024-03-07 02:00:00,8,3,3,0,14
2024-03-07 02:10:00,4,3,5,0,12
2024-03-07 02:20:00,3,6,5,0,14
2024-03-07 02:30:00,3,3,2,0,8
2024-03-07 02:40:00,3,0,0,0,3
2024-03-07 02:50:00,2,4,3,0,9
2024-03-07 03:00:00,7,1,2,0,10
2024-03-07 03:10:00,3,5,2,0,10
2024-03-07 03:20:00,2,1,1,0,4
2024-03-07 03:30:00,2,1,1,0,4
2024-03-07 03:40:00,2,4,4,0,10
2024-03-07 03:50:00,2,5,4,0,11
2024-03-07 04:00:00,3,5,3,0,11
2024-03-07 04:10:00,5,0,0,0,5
2024-03-07 04:20:00,1,9,8,0,18
2024-03-07 04:30:00,12,2,3,0,17
2024-03-07 04:40:00,9,5,5,0,19
2024-03-07 04:50:00,6,14,15,0,35
2024-03-07 05:00:00,19,14,16,0,49
2024-03-07 05:10:00,20,10,15,0,45
2024-03-07 05:20:00,21,12,12,0,45
2024-03-07 05:30:00,29,30,30,0,89
2024-03-07 05:40:00,35,41,52,0,128
2024-03-07 05:50:00,27,38,45,1,111
2024-03-07 06:00:00,33,28,44,0,105
2024-03-07 06:10:00,39,35,53,0,127
2024-03-07 06:20:00,30,33,56,3,122
2024-03-07 06:30:00,49,39,59,0,147
2024-03-07 06:40:00,40,56,97,0,193
2024-03-07 06:50:00,41,42,102,0,185
2024-03-07 07:00:00,29,50,88,0,167
2024-03-07 07:10:00,45,46,89,1,181
2024-03-07 07:20:00,42,33,94,4,173
2024-03-07 07:30:00,34,44,95,0,173
2024-03-07 07:40:00,8,36,103,2,149
2024-03-07 07:50:00,34,31,122,2,189
2024-03-07 08:00:00,40,45,111,1,197
2024-03-07 08:10:00,36,8,68,4,116
2024-03-07 08:20:00,30,21,91,1,143
2024-03-07 08:30:00,35,43,90,4,172
2024-03-07 08:40:00,30,32,86,1,149
2024-03-07 08:50:00,25,31,89,2,147
2024-03-07 09:00:00,36,35,100,3,174
2024-03-07 09:10:00,35,57,94,2,188
2024-03-07 09:20:00,33,28,72,2,135
2024-03-07 09:30:00,42,43,91,1,177
2024-03-07 09:40:00,40,36,94,4,174
2024-03-07 09:50:00,36,32,90,3,161
2024-03-07 10:00:00,25,42,85,4,156
2024-03-07 10:10:00,33,36,85,2,156
2024-03-07 10:20:00,45,32,84,3,164
2024-03-07 10:30:00,42,41,82,2,167
2024-03-07 10:40:00,37,40,94,5,176
2024-03-07 10:50:00,46,55,88,1,190
2024-03-07 11:00:00,40,29,78,4,151
2024-03-07 11:10:00,41,27,75,3,146
2024-03-07 11:20:00,39,38,83,3,163
2024-03-07 11:30:00,41,23,82,4,150
2024-03-07 11:40:00,33,35,86,5,159
2024-03-07 11:50:00,43,36,81,1,161
2024-03-07 12:00:00,40,37,93,3,173
2024-03-07 12:10:00,40,27,78,4,149
2024-03-07 12:20:00,29,28,92,5,154
2024-03-07 12:30:00,24,26,97,2,149
2024-03-07 12:40:00,39,30,76,1,146
2024-03-07 12:50:00,45,37,86,1,169
2024-03-07 13:00:00,39,29,68,3,139
2024-03-07 13:10:00,36,43,90,1,170
2024-03-07 13:20:00,41,34,103,2,180
2024-03-07 13:30:00,55,34,90,2,181
2024-03-07 13:40:00,39,30,95,4,168
2024-03-07 13:50:00,37,19,71,13,140
2024-03-07 14:00:00,41,41,90,2,174
2024-03-07 14:10:00,29,21,76,1,127
2024-03-07 14:20:00,56,41,89,1,187
2024-03-07 14:30:00,40,25,79,3,147
2024-03-07 14:40:00,6,27,78,1,112
2024-03-07 14:50:00,12,16,82,3,113
2024-03-07 15:00:00,25,30,89,2,146
2024-03-07 15:10:00,59,44,105,1,209
2024-03-07 15:20:00,41,19,65,1,126
2024-03-07 15:30:00,39,7,63,3,112
2024-03-07 15:40:00,33,8,55,9,105
2024-03-07 15:50:00,7,20,87,1,115
2024-03-07 16:00:00,29,2,33,4,68
2024-03-07 16:10:00,28,36,85,2,151
2024-03-07 16:20:00,1,31,92,3,127
2024-03-07 16:30:00,13,21,74,4,112
2024-03-07 16:40:00,11,12,56,3,82
2024-03-07 16:50:00,7,4,58,2,71
2024-03-07 17:00:00,4,9,32,0,45
2024-03-07 17:10:00,4,6,49,5,64
2024-03-07 17:20:00,16,30,71,1,118
2024-03-07 17:30:00,10,13,47,2,72
2024-03-07 17:40:00,23,50,97,1,171
2024-03-07 17:50:00,39,35,79,2,155
2024-03-07 18:00:00,37,40,96,2,175
2024-03-07 18:10:00,52,37,97,2,188
2024-03-07 18:20:00,30,26,98,3,157
2024-03-07 18:30:00,39,51,103,1,194
2024-03-07 18:40:00,69,61,86,2,218
2024-03-07 18:50:00,64,49,102,6,221
2024-03-07 19:00:00,73,52,72,2,199
2024-03-07 19:10:00,72,57,74,1,204
2024-03-07 19:20:00,54,53,70,2,179
2024-03-07 19:30:00,71,50,65,2,188
2024-03-07 19:40:00,45,58,73,1,177
2024-03-07 19:50:00,61,60,60,0,181
2024-03-07 20:00:00,48,50,59,0,157
2024-03-07 20:10:00,63,46,55,1,165
2024-03-07 20:20:00,60,46,50,1,157
2024-03-07 20:30:00,48,48,54,0,150
2024-03-07 20:40:00,53,40,49,1,143
2024-03-07 20:50:00,51,48,47,0,146
2024-03-07 21:00:00,35,36,35,0,106
2024-03-07 21:10:00,58,34,31,0,123
2024-03-07 21:20:00,54,29,37,0,120
2024-03-07 21:30:00,61,45,46,1,153
2024-03-07 21:40:00,39,29,33,1,102
2024-03-07 21:50:00,42,32,42,0,116
2024-03-07 22:00:00,31,46,51,0,128
2024-03-07 22:10:00,28,39,39,1,107
2024-03-07 22:20:00,30,42,38,1,111
2024-03-07 22:30:00,25,26,31,0,82
2024-03-07 22:40:00,31,27,24,0,82
2024-03-07 22:50:00,30,36,31,0,97
2024-03-07 23:00:00,27,30,22,1,80
2024-03-07 23:10:00,17,19,18,0,54
2024-03-07 23:20:00,27,19,16,0,62
2024-03-07 23:30:00,19,14,16,0,49
2024-03-07 23:40:00,10,18,10,0,38
2024-03-07 23:50:00,16,15,10,0,41
2024-03-08 00:00:00,14,17,14,0,45
2024-03-08 00:10:00,7,12,9,0,28
2024-03-08 00:20:00,3,10,8,0,21
2024-03-08 00:30:00,5,8,8,0,21
2024-03-08 00:40:00,5,9,7,0,21
2024-03-08 00:50:00,1,13,8,0,22
2024-03-08 01:00:00,5,8,7,0,20
2024-03-08 01:10:00,8,5,3,0,16
2024-03-08 01:20:00,0,5,4,0,9
2024-03-08 01:30:00,5,1,1,0,7
2024-03-08 01:40:00,2,3,2,0,7
2024-03-08 01:50:00,5,4,4,0,13
2024-03-08 02:00:00,6,9,6,0,21
2024-03-08 02:10:00,2,5,3,0,10
2024-03-08 02:20:00,0,3,1,0,4
2024-03-08 02:30:00,3,2,2,0,7
2024-03-08 02:40:00,3,3,3,0,9
2024-03-08 02:50:00,0,4,3,0,7
2024-03-08 03:00:00,1,3,3,0,7
2024-03-08 03:10:00,2,5,4,0,11
2024-03-08 03:20:00,4,2,1,0,7
2024-03-08 03:30:00,2,2,0,0,4
2024-03-08 03:40:00,0,2,4,0,6
2024-03-08 03:50:00,3,6,4,0,13
2024-03-08 04:00:00,5,3,4,0,12
2024-03-08 04:10:00,5,7,3,0,15
2024-03-08 04:20:00,6,4,3,0,13
2024-03-08 04:30:00,7,1,2,0,10
2024-03-08 04:40:00,9,8,8,0,25
2024-03-08 04:50:00,4,6,8,0,18
2024-03-08 05:00:00,11,22,15,0,48
2024-03-08 05:10:00,20,12,10,0,42
2024-03-08 05:20:00,26,17,17,0,60
2024-03-08 05:30:00,41,26,24,0,91
2024-03-08 05:40:00,36,34,41,0,111
2024-03-08 05:50:00,31,25,38,0,94
2024-03-08 06:00:00,31,40,51,0,122
2024-03-08 06:10:00,27,31,41,0,99
2024-03-08 06:20:00,44,35,64,0,143
2024-03-08 06:30:00,39,53,74,0,166
2024-03-08 06:40:00,45,37,68,0,150
2024-03-08 06:50:00,39,42,88,1,170
2024-03-08 07:00:00,41,37,82,1,161
2024-03-08 07:10:00,37,34,78,1,150
2024-03-08 07:20:00,29,41,80,2,152
2024-03-08 07:30:00,33,46,103,3,185
2024-03-08 07:40:00,41,39,98,2,180
2024-03-08 07:50:00,42,35,102,0,179
2024-03-08 08:00:00,45,30,89,2,166
2024-03-08 08:10:00,37,32,85,3,157
2024-03-08 08:20:00,32,34,76,4,146
2024-03-08 08:30:00,78,49,103,2,232
2024-03-08 08:40:00,34,40,93,3,170
2024-03-08 08:50:00,49,34,78,0,161
2024-03-08 09:00:00,44,51,89,1,185
2024-03-08 09:10:00,47,42,90,3,182
2024-03-08 09:20:00,31,39,94,4,168
2024-03-08 09:30:00,38,35,92,0,165
2024-03-08 09:40:00,47,34,73,0,154
2024-03-08 09:50:00,46,31,91,4,172
2024-03-08 10:00:00,28,31,77,3,139
2024-03-08 10:10:00,35,33,74,3,145
2024-03-08 10:20:00,37,34,83,1,155
2024-03-08 10:30:00,45,40,81,5,171
2024-03-08 10:40:00,48,34,89,1,172
2024-03-08 10:50:00,44,37,80,3,164
2024-03-08 11:00:00,50,46,78,1,175
2024-03-08 11:10:00,35,32,89,4,160
2024-03-08 11:20:00,49,45,109,2,205
2024-03-08 11:30:00,40,31,75,4,150
2024-03-08 11:40:00,37,35,98,2,172
2024-03-08 11:50:00,45,29,89,5,168
2024-03-08 12:00:00,21,20,82,4,127
2024-03-08 12:10:00,10,25,117,2,154
2024-03-08 12:20:00,25,34,99,4,162
2024-03-08 12:30:00,63,40,75,1,179
2024-03-08 12:40:00,48,34,92,3,177
2024-03-08 12:50:00,43,18,94,6,161
2024-03-08 13:00:00,23,40,88,3,154
2024-03-08 13:10:00,27,26,86,4,143
2024-03-08 13:20:00,22,25,93,3,143
2024-03-08 13:30:00,18,40,89,3,150
2024-03-08 13:40:00,7,29,104,2,142
2024-03-08 13:50:00,27,35,95,3,160
2024-03-08 14:00:00,32,43,93,3,171
2024-03-08 14:10:00,48,32,109,3,192
2024-03-08 14:20:00,57,47,97,1,202
2024-03-08 14:30:00,38,36,76,3,153
2024-03-08 14:40:00,31,21,108,1,161
2024-03-08 14:50:00,30,24,111,2,167
2024-03-08 15:00:00,40,19,90,3,152
2024-03-08 15:10:00,57,32,99,3,191
2024-03-08 15:20:00,18,12,74,6,110
2024-03-08 15:30:00,49,17,57,0,123
2024-03-08 15:40:00,48,30,88,2,168
2024-03-08 15:50:00,45,25,92,2,164
2024-03-08 16:00:00,37,29,87,3,156
2024-03-08 16:10:00,39,39,95,3,176
2024-03-08 16:20:00,47,28,94,2,171
2024-03-08 16:30:00,48,26,92,2,168
2024-03-08 16:40:00,36,10,60,2,108
2024-03-08 16:50:00,43,31,101,1,176
2024-03-08 17:00:00,37,22,97,4,160
2024-03-08 17:10:00,52,12,70,2,136
2024-03-08 17:20:00,46,16,67,3,132
2024-03-08 17:30:00,43,32,89,4,168
2024-03-08 17:40:00,43,7,68,3,121
2024-03-08 17:50:00,41,1,42,2,86
2024-03-08 18:00:00,29,4,48,2,83
2024-03-08 18:10:00,40,18,93,1,152
2024-03-08 18:20:00,38,37,96,2,173
2024-03-08 18:30:00,32,33,114,2,181
2024-03-08 18:40:00,67,33,100,4,204
2024-03-08 18:50:00,55,62,102,3,222
2024-03-08 19:00:00,78,46,97,2,223
2024-03-08 19:10:00,62,42,99,4,207
2024-03-08 19:20:00,60,58,68,0,186
2024-03-08 19:30:00,64,53,79,2,198
2024-03-08 19:40:00,67,54,68,0,189
2024-03-08 19:50:00,63,65,71,0,199
2024-03-08 20:00:00,71,55,78,1,205
2024-03-08 20:10:00,64,52,64,0,180
2024-03-08 20:20:00,55,49,63,0,167
2024-03-08 20:30:00,62,38,51,0,151
2024-03-08 20:40:00,51,50,50,1,152
2024-03-08 20:50:00,39,39,44,1,123
2024-03-08 21:00:00,49,48,51,1,149
2024-03-08 21:10:00,51,48,42,0,141
2024-03-08 21:20:00,49,43,41,0,133
2024-03-08 21:30:00,58,42,34,2,136
2024-03-08 21:40:00,52,52,38,0,142
2024-03-08 21:50:00,43,32,45,0,120
2024-03-08 22:00:00,40,38,44,0,122
2024-03-08 22:10:00,51,40,38,0,129
2024-03-08 22:20:00,29,53,55,0,137
2024-03-08 22:30:00,52,25,27,0,104
2024-03-08 22:40:00,56,41,31,0,128
2024-03-08 22:50:00,41,37,32,0,110
2024-03-08 23:00:00,32,17,20,0,69
2024-03-08 23:10:00,26,35,31,4,96
2024-03-08 23:20:00,28,20,18,0,66
2024-03-08 23:30:00,31,16,19,1,67
2024-03-08 23:40:00,43,31,20,0,94
2024-03-08 23:50:00,33,12,14,0,59
2024-03-09 00:00:00,25,20,21,0,66
2024-03-09 00:10:00,28,22,16,0,66
2024-03-09 00:20:00,16,12,11,0,39
2024-03-09 00:30:00,6,17,17,0,40
2024-03-09 00:40:00,22,13,18,0,53
2024-03-09 00:50:00,13,16,10,0,39
2024-03-09 01:00:00,23,13,11,0,47
2024-03-09 01:10:00,12,12,12,0,36
2024-03-09 01:20:00,12,12,7,0,31
2024-03-09 01:30:00,18,8,10,0,36
2024-03-09 01:40:00,14,11,7,0,32
2024-03-09 01:50:00,7,7,6,0,20
2024-03-09 02:00:00,8,13,9,0,30
2024-03-09 02:10:00,11,6,5,0,22
2024-03-09 02:20:00,14,5,5,0,24
2024-03-09 02:30:00,6,9,8,0,23
2024-03-09 02:40:00,5,6,6,0,17
2024-03-09 02:50:00,9,8,4,0,21
2024-03-09 03:00:00,8,6,6,0,20
2024-03-09 03:10:00,5,5,7,0,17
2024-03-09 03:20:00,7,8,5,0,20
2024-03-09 03:30:00,4,3,4,0,11
2024-03-09 03:40:00,8,3,3,0,14
2024-03-09 03:50:00,2,5,5,0,12
2024-03-09 04:00:00,9,6,4,0,19
2024-03-09 04:10:00,2,2,2,0,6
2024-03-09 04:20:00,9,4,5,0,18
2024-03-09 04:30:00,6,3,2,0,11
2024-03-09 04:40:00,4,1,1,0,6
2024-03-09 04:50:00,6,8,4,0,18
2024-03-09 05:00:00,7,10,9,0,26
2024-03-09 05:10:00,7,7,7,1,22
2024-03-09 05:20:00,23,4,5,0,32
2024-03-09 05:30:00,25,24,16,0,65
2024-03-09 05:40:00,17,19,17,0,53
2024-03-09 05:50:00,21,12,10,0,43
2024-03-09 06:00:00,9,20,17,0,46
2024-03-09 06:10:00,13,16,16,0,45
2024-03-09 06:20:00,5,19,15,0,39
2024-03-09 06:30:00,17,22,20,0,59
2024-03-09 06:40:00,15,16,12,0,43
2024-03-09 06:50:00,14,14,19,0,47
2024-03-09 07:00:00,17,9,13,0,39
2024-03-09 07:10:00,15,22,27,0,64
2024-03-09 07:20:00,15,23,24,1,63
2024-03-09 07:30:00,24,28,31,1,84
2024-03-09 07:40:00,19,29,40,0,88
2024-03-09 07:50:00,21,27,27,0,75
2024-03-09 08:00:00,25,29,30,0,84
2024-03-09 08:10:00,26,41,45,0,112
2024-03-09 08:20:00,27,37,44,1,109
2024-03-09 08:30:00,23,33,46,2,104
2024-03-09 08:40:00,32,35,59,5,131
2024-03-09 08:50:00,29,38,62,3,132
2024-03-09 09:00:00,36,36,51,0,123
2024-03-09 09:10:00,41,32,58,0,131
2024-03-09 09:20:00,38,41,63,3,145
2024-03-09 09:30:00,34,43,76,1,154
2024-03-09 09:40:00,30,37,79,1,147
2024-03-09 09:50:00,32,42,86,6,166
2024-03-09 10:00:00,44,51,83,1,179
2024-03-09 10:10:00,41,45,76,1,163
2024-03-09 10:20:00,36,41,88,3,168
2024-03-09 10:30:00,33,38,88,2,161
2024-03-09 10:40:00,34,41,94,3,172
2024-03-09 10:50:00,46,35,80,0,161
2024-03-09 11:00:00,33,41,91,2,167
2024-03-09 11:10:00,39,43,89,2,173
2024-03-09 11:20:00,42,45,98,0,185
2024-03-09 11:30:00,42,50,95,1,188
2024-03-09 11:40:00,41,31,124,2,198
2024-03-09 11:50:00,44,47,92,2,185
2024-03-09 12:00:00,53,51,121,2,227
2024-03-09 12:10:00,40,40,94,2,176
2024-03-09 12:20:00,51,46,104,2,203
2024-03-09 12:30:00,48,36,66,3,153
2024-03-09 12:40:00,30,32,84,1,147
2024-03-09 12:50:00,41,22,74,2,139
2024-03-09 13:00:00,55,29,77,7,168
2024-03-09 13:10:00,36,27,85,3,151
2024-03-09 13:20:00,43,32,90,5,170
2024-03-09 13:30:00,48,54,105,0,207
2024-03-09 13:40:00,44,35,96,3,178
2024-03-09 13:50:00,33,22,82,3,140
2024-03-09 14:00:00,55,34,84,4,177
2024-03-09 14:10:00,37,30,94,3,164
2024-03-09 14:20:00,63,40,111,1,215
2024-03-09 14:30:00,37,36,84,7,164
2024-03-09 14:40:00,45,33,110,5,193
2024-03-09 14:50:00,50,32,69,1,152
2024-03-09 15:00:00,46,41,77,1,165
2024-03-09 15:10:00,53,36,92,2,183
2024-03-09 15:20:00,45,34,91,3,173
2024-03-09 15:30:00,40,39,92,1,172
2024-03-09 15:40:00,38,37,86,2,163
2024-03-09 15:50:00,48,41,95,1,185
2024-03-09 16:00:00,47,42,69,1,159
2024-03-09 16:10:00,33,29,70,1,133
2024-03-09 16:20:00,36,29,69,0,134
2024-03-09 16:30:00,52,47,80,0,179
2024-03-09 16:40:00,35,35,92,5,167
2024-03-09 16:50:00,48,25,77,3,153
2024-03-09 17:00:00,34,41,74,4,153
2024-03-09 17:10:00,31,44,86,2,163
2024-03-09 17:20:00,37,34,74,3,148
2024-03-09 17:30:00,55,41,91,1,188
2024-03-09 17:40:00,40,32,80,4,156
2024-03-09 17:50:00,36,42,92,7,177
2024-03-09 18:00:00,36,34,84,2,156
2024-03-09 18:10:00,37,40,80,3,160
2024-03-09 18:20:00,31,31,96,2,160
2024-03-09 18:30:00,64,35,111,1,211
2024-03-09 18:40:00,66,58,96,1,221
2024-03-09 18:50:00,62,64,81,1,208
2024-03-09 19:00:00,68,54,89,1,212
2024-03-09 19:10:00,67,48,84,1,200
2024-03-09 19:20:00,58,64,93,3,218
2024-03-09 19:30:00,65,80,78,0,223
2024-03-09 19:40:00,58,58,75,1,192
2024-03-09 19:50:00,64,43,63,5,175
2024-03-09 20:00:00,57,52,54,3,166
2024-03-09 20:10:00,59,50,68,1,178
2024-03-09 20:20:00,61,54,47,3,165
2024-03-09 20:30:00,56,51,67,0,174
2024-03-09 20:40:00,38,38,38,2,116
2024-03-09 20:50:00,31,45,51,1,128
2024-03-09 21:00:00,50,42,43,0,135
2024-03-09 21:10:00,73,23,23,0,119
2024-03-09 21:20:00,36,41,34,1,112
2024-03-09 21:30:00,53,35,32,0,120
2024-03-09 21:40:00,26,32,41,2,101
2024-03-09 21:50:00,35,37,32,1,105
2024-03-09 22:00:00,58,37,28,0,123
2024-03-09 22:10:00,39,43,49,0,131
2024-03-09 22:20:00,45,42,36,1,124
2024-03-09 22:30:00,38,31,26,0,95
2024-03-09 22:40:00,43,30,34,0,107
2024-03-09 22:50:00,44,36,42,0,122
2024-03-09 23:00:00,41,43,39,0,123
2024-03-09 23:10:00,32,24,28,1,85
2024-03-09 23:20:00,39,24,30,0,93
2024-03-09 23:30:00,28,25,20,0,73
2024-03-09 23:40:00,24,22,23,0,69
2024-03-09 23:50:00,26,32,28,0,86
2024-03-10 00:00:00,28,29,28,0,85
2024-03-10 00:10:00,24,19,20,0,63
2024-03-10 00:20:00,21,28,18,0,67
2024-03-10 00:30:00,26,22,23,0,71
2024-03-10 00:40:00,18,31,25,0,74
2024-03-10 00:50:00,16,20,18,0,54
2024-03-10 01:00:00,13,18,14,0,45
2024-03-10 01:10:00,12,10,7,0,29
2024-03-10 01:20:00,13,19,15,0,47
2024-03-10 01:30:00,13,21,18,0,52
2024-03-10 01:40:00,16,16,14,0,46
2024-03-10 01:50:00,7,11,7,0,25
2024-03-10 02:00:00,11,6,8,0,25
2024-03-10 02:10:00,6,8,8,0,22
2024-03-10 02:20:00,6,12,8,0,26
2024-03-10 02:30:00,7,11,8,0,26
2024-03-10 02:40:00,6,11,10,0,27
2024-03-10 02:50:00,9,3,3,0,15
2024-03-10 03:00:00,6,10,9,0,25
2024-03-10 03:10:00,7,8,7,0,22
2024-03-10 03:20:00,4,2,2,0,8
2024-03-10 03:30:00,6,0,0,0,6
2024-03-10 03:40:00,7,7,5,0,19
2024-03-10 03:50:00,10,4,5,0,19
2024-03-10 04:00:00,4,0,0,0,4
2024-03-10 04:10:00,6,6,6,0,18
2024-03-10 04:20:00,1,4,4,0,9
2024-03-10 04:30:00,2,4,2,0,8
2024-03-10 04:40:00,4,6,5,0,15
2024-03-10 04:50:00,1,2,2,0,5
2024-03-10 05:00:00,5,5,1,0,11
2024-03-10 05:10:00,9,4,3,0,16
2024-03-10 05:20:00,3,11,8,0,22
2024-03-10 05:30:00,13,10,8,0,31
2024-03-10 05:40:00,15,9,9,0,33
2024-03-10 05:50:00,4,7,5,0,16
2024-03-10 06:00:00,17,11,11,0,39
2024-03-10 06:10:00,7,17,14,0,38
2024-03-10 06:20:00,2,10,9,0,21
2024-03-10 06:30:00,10,15,15,0,40
2024-03-10 06:40:00,7,2,4,0,13
2024-03-10 06:50:00,9,5,5,0,19
2024-03-10 07:00:00,6,5,5,0,16
2024-03-10 07:10:00,4,12,12,0,28
2024-03-10 07:20:00,3,11,14,0,28
2024-03-10 07:30:00,11,11,11,0,33
2024-03-10 07:40:00,10,13,16,0,39
2024-03-10 07:50:00,7,13,13,0,33
2024-03-10 08:00:00,3,11,10,0,24
2024-03-10 08:10:00,7,19,21,0,47
2024-03-10 08:20:00,6,16,17,0,39
2024-03-10 08:30:00,4,15,18,0,37
2024-03-10 08:40:00,14,24,31,0,69
2024-03-10 08:50:00,10,18,20,0,48
2024-03-10 09:00:00,16,15,16,0,47
2024-03-10 09:10:00,18,20,24,0,62
2024-03-10 09:20:00,19,28,35,1,83
2024-03-10 09:30:00,13,38,43,3,97
2024-03-10 09:40:00,28,30,46,1,105
2024-03-10 09:50:00,20,29,48,2,99
2024-03-10 10:00:00,25,47,66,0,138
2024-03-10 10:10:00,26,32,51,1,110
2024-03-10 10:20:00,24,40,47,1,112
2024-03-10 10:30:00,37,31,38,1,107
2024-03-10 10:40:00,28,32,49,0,109
2024-03-10 10:50:00,28,35,51,0,114
2024-03-10 11:00:00,39,32,42,0,113
2024-03-10 11:10:00,35,41,52,0,128
2024-03-10 11:20:00,32,37,55,1,125
2024-03-10 11:30:00,35,47,66,0,148
2024-03-10 11:40:00,42,32,56,1,131
2024-03-10 11:50:00,31,49,68,0,148
2024-03-10 12:00:00,27,42,52,1,122
2024-03-10 12:10:00,32,30,63,3,128
2024-03-10 12:20:00,56,50,74,1,181
2024-03-10 12:30:00,33,42,77,1,153
2024-03-10 12:40:00,43,38,54,0,135
2024-03-10 12:50:00,31,35,49,2,117
2024-03-10 13:00:00,42,44,67,0,153
2024-03-10 13:10:00,31,41,62,4,138
2024-03-10 13:20:00,34,40,67,0,141
2024-03-10 13:30:00,41,51,67,0,159
2024-03-10 13:40:00,41,35,65,1,142
2024-03-10 13:50:00,35,41,67,0,143
2024-03-10 14:00:00,36,41,56,0,133
2024-03-10 14:10:00,46,49,75,0,170
2024-03-10 14:20:00,41,46,78,2,167
2024-03-10 14:30:00,43,36,68,1,148
2024-03-10 14:40:00,43,54,85,0,182
2024-03-10 14:50:00,42,45,70,0,157
2024-03-10 15:00:00,34,56,78,1,169
2024-03-10 15:10:00,44,52,85,1,182
2024-03-10 15:20:00,45,42,66,1,154
2024-03-10 15:30:00,27,43,56,0,126
2024-03-10 15:40:00,39,38,75,2,154
2024-03-10 15:50:00,33,38,48,2,121
2024-03-10 16:00:00,44,39,62,0,145
2024-03-10 16:10:00,29,40,56,0,125
2024-03-10 16:20:00,30,40,62,0,132
2024-03-10 16:30:00,36,43,75,0,154
2024-03-10 16:40:00,35,43,69,8,155
2024-03-10 16:50:00,30,38,69,1,138
2024-03-10 17:00:00,43,46,74,1,164
2024-03-10 17:10:00,37,42,72,1,152
2024-03-10 17:20:00,35,51,73,1,160
2024-03-10 17:30:00,42,51,82,1,176
2024-03-10 17:40:00,28,41,69,1,139
2024-03-10 17:50:00,41,42,80,1,164
2024-03-10 18:00:00,42,39,72,0,153
2024-03-10 18:10:00,30,44,76,0,150
2024-03-10 18:20:00,37,43,68,0,148
2024-03-10 18:30:00,54,47,72,1,174
2024-03-10 18:40:00,56,48,74,2,180
2024-03-10 18:50:00,39,44,61,1,145
2024-03-10 19:00:00,47,47,56,0,150
2024-03-10 19:10:00,47,27,35,1,110
2024-03-10 19:20:00,55,52,68,0,175
2024-03-10 19:30:00,56,41,50,0,147
2024-03-10 19:40:00,45,46,59,0,150
2024-03-10 19:50:00,34,52,57,0,143
2024-03-10 20:00:00,39,51,58,0,148
2024-03-10 20:10:00,35,42,59,0,136
2024-03-10 20:20:00,51,36,50,1,138
2024-03-10 20:30:00,47,46,44,0,137
2024-03-10 20:40:00,34,32,39,0,105
2024-03-10 20:50:00,28,35,40,1,104
2024-03-10 21:00:00,36,36,49,0,121
2024-03-10 21:10:00,40,30,25,0,95
2024-03-10 21:20:00,48,36,39,1,124
2024-03-10 21:30:00,47,33,35,1,116
2024-03-10 21:40:00,24,18,17,0,59
2024-03-10 21:50:00,22,30,28,0,80
2024-03-10 22:00:00,24,22,21,0,67
2024-03-10 22:10:00,42,23,25,0,90
2024-03-10 22:20:00,24,22,22,0,68
2024-03-10 22:30:00,14,19,22,1,56
2024-03-10 22:40:00,18,13,15,0,46
2024-03-10 22:50:00,15,15,22,0,52
2024-03-10 23:00:00,16,16,18,0,50
2024-03-10 23:10:00,13,11,13,0,37
2024-03-10 23:20:00,12,9,10,0,31
2024-03-10 23:30:00,2,11,16,0,29
2024-03-10 23:40:00,8,8,9,0,25
2024-03-10 23:50:00,7,5,4,0,16
2024-03-11 00:00:00,2,7,4,0,13
2024-03-11 00:10:00,4,5,8,0,17
2024-03-11 00:20:00,3,7,13,0,23
2024-03-11 00:30:00,1,3,4,0,8
2024-03-11 00:40:00,6,2,2,0,10
2024-03-11 00:50:00,4,4,5,0,13
2024-03-11 01:00:00,4,2,2,0,8
2024-03-11 01:10:00,2,2,3,0,7
2024-03-11 01:20:00,7,3,3,0,13
2024-03-11 01:30:00,2,2,1,0,5
2024-03-11 01:40:00,1,1,1,0,3
2024-03-11 01:50:00,3,5,3,0,11
2024-03-11 02:00:00,1,0,0,0,1
2024-03-11 02:10:00,0,1,1,0,2
2024-03-11 02:20:00,1,1,1,0,3
2024-03-11 02:30:00,4,2,1,0,7
2024-03-11 02:40:00,0,0,0,0,0
2024-03-11 02:50:00,1,5,2,0,8
2024-03-11 03:00:00,0,2,2,0,4
2024-03-11 03:10:00,1,1,1,0,3
2024-03-11 03:20:00,2,1,1,0,4
2024-03-11 03:30:00,2,3,2,0,7
2024-03-11 03:40:00,1,3,5,0,9
2024-03-11 03:50:00,1,12,10,0,23
2024-03-11 04:00:00,0,3,4,0,7
2024-03-11 04:10:00,5,3,3,0,11
2024-03-11 04:20:00,1,7,6,0,14
2024-03-11 04:30:00,8,4,4,0,16
2024-03-11 04:40:00,7,8,7,0,22
2024-03-11 04:50:00,10,6,11,0,27
2024-03-11 05:00:00,7,12,12,0,31
2024-03-11 05:10:00,13,12,13,0,38
2024-03-11 05:20:00,13,10,16,0,39
2024-03-11 05:30:00,21,15,29,0,65
2024-03-11 05:40:00,33,22,59,0,114
2024-03-11 05:50:00,24,19,30,0,73
2024-03-11 06:00:00,19,24,57,0,100
2024-03-11 06:10:00,15,20,55,1,91
2024-03-11 06:20:00,30,26,66,0,122
2024-03-11 06:30:00,20,23,70,0,113
2024-03-11 06:40:00,27,24,67,0,118
2024-03-11 06:50:00,38,29,102,0,169
2024-03-11 07:00:00,33,29,96,1,159
2024-03-11 07:10:00,30,34,87,0,151
2024-03-11 07:20:00,35,25,97,3,160
2024-03-11 07:30:00,29,65,98,3,195
2024-03-11 07:40:00,28,34,103,2,167
2024-03-11 07:50:00,21,18,73,1,113
2024-03-11 08:00:00,18,29,89,5,141
2024-03-11 08:10:00,50,36,82,4,172
2024-03-11 08:20:00,41,29,75,2,147
2024-03-11 08:30:00,14,34,89,1,138
2024-03-11 08:40:00,21,43,96,2,162
2024-03-11 08:50:00,30,27,88,4,149
2024-03-11 09:00:00,42,55,95,3,195
2024-03-11 09:10:00,32,39,81,4,156
2024-03-11 09:20:00,36,35,92,1,164
2024-03-11 09:30:00,25,33,78,1,137
2024-03-11 09:40:00,40,43,101,1,185
2024-03-11 09:50:00,38,34,72,4,148
2024-03-11 10:00:00,45,40,85,0,170
2024-03-11 10:10:00,48,42,78,2,170
2024-03-11 10:20:00,49,52,96,0,197
2024-03-11 10:30:00,39,39,78,1,157
2024-03-11 10:40:00,43,30,75,3,151
2024-03-11 10:50:00,44,35,80,3,162
2024-03-11 11:00:00,36,28,73,6,143
2024-03-11 11:10:00,40,37,72,0,149
2024-03-11 11:20:00,41,27,81,4,153
2024-03-11 11:30:00,33,43,72,4,152
2024-03-11 11:40:00,38,35,68,1,142
2024-03-11 11:50:00,50,33,87,5,175
2024-03-11 12:00:00,45,26,68,5,144
2024-03-11 12:10:00,34,26,65,1,126
2024-03-11 12:20:00,41,39,83,4,167
2024-03-11 12:30:00,44,37,78,3,162
2024-03-11 12:40:00,37,29,76,3,145
2024-03-11 12:50:00,40,34,84,3,161
2024-03-11 13:00:00,38,35,70,3,146
2024-03-11 13:10:00,44,36,92,1,173
2024-03-11 13:20:00,49,43,81,3,176
2024-03-11 13:30:00,34,32,85,8,159
2024-03-11 13:40:00,23,15,44,3,85
2024-03-11 13:50:00,25,31,70,0,126
2024-03-11 14:00:00,47,40,93,1,181
2024-03-11 14:10:00,39,33,91,1,164
2024-03-11 14:20:00,37,37,100,1,175
2024-03-11 14:30:00,39,26,68,5,138
2024-03-11 14:40:00,40,42,95,1,178
2024-03-11 14:50:00,44,38,79,2,163
2024-03-11 15:00:00,56,31,85,3,175
2024-03-11 15:10:00,40,30,77,2,149
2024-03-11 15:20:00,38,35,79,7,159
2024-03-11 15:30:00,42,29,82,4,157
2024-03-11 15:40:00,34,31,96,5,166
2024-03-11 15:50:00,44,31,97,5,177
2024-03-11 16:00:00,5,4,40,1,50
2024-03-11 16:10:00,1,11,56,3,71
2024-03-11 16:20:00,2,8,41,7,58
2024-03-11 16:30:00,5,7,69,1,82
2024-03-11 16:40:00,2,4,39,2,47
2024-03-11 16:50:00,2,1,48,1,52
2024-03-11 17:00:00,0,17,85,4,106
2024-03-11 17:10:00,5,3,34,6,48
2024-03-11 17:20:00,3,2,40,2,47
2024-03-11 17:30:00,12,7,45,2,66
2024-03-11 17:40:00,55,20,59,1,135
2024-03-11 17:50:00,40,21,82,5,148
2024-03-11 18:00:00,45,29,83,5,162
2024-03-11 18:10:00,41,34,91,1,167
2024-03-11 18:20:00,51,37,71,1,160
2024-03-11 18:30:00,35,29,85,3,152
2024-03-11 18:40:00,56,37,93,1,187
2024-03-11 18:50:00,68,46,66,1,181
2024-03-11 19:00:00,67,55,77,3,202
2024-03-11 19:10:00,63,49,81,2,195
2024-03-11 19:20:00,63,53,62,3,181
2024-03-11 19:30:00,62,53,61,0,176
2024-03-11 19:40:00,56,58,73,1,188
2024-03-11 19:50:00,56,38,42,1,137
2024-03-11 20:00:00,60,43,57,2,162
2024-03-11 20:10:00,49,55,66,0,170
2024-03-11 20:20:00,60,39,52,1,152
2024-03-11 20:30:00,38,36,41,1,116
2024-03-11 20:40:00,56,50,47,2,155
2024-03-11 20:50:00,36,42,50,1,129
2024-03-11 21:00:00,46,34,46,1,127
2024-03-11 21:10:00,43,35,41,1,120
2024-03-11 21:20:00,54,38,32,1,125
2024-03-11 21:30:00,38,25,23,0,86
2024-03-11 21:40:00,42,32,31,0,105
2024-03-11 21:50:00,40,22,24,0,86
2024-03-11 22:00:00,33,33,32,0,98
2024-03-11 22:10:00,22,39,45,1,107
2024-03-11 22:20:00,28,25,26,0,79
2024-03-11 22:30:00,31,21,20,0,72
2024-03-11 22:40:00,28,17,17,0,62
2024-03-11 22:50:00,14,15,15,0,44
2024-03-11 23:00:00,11,20,20,0,51
2024-03-11 23:10:00,8,15,15,1,39
2024-03-11 23:20:00,10,15,9,0,34
2024-03-11 23:30:00,17,5,6,0,28
2024-03-11 23:40:00,11,8,6,0,25
2024-03-11 23:50:00,14,6,5,0,25
2024-03-12 00:00:00,5,8,7,0,20
2024-03-12 00:10:00,10,5,6,0,21
2024-03-12 00:20:00,11,4,3,0,18
2024-03-12 00:30:00,5,10,8,0,23
2024-03-12 00:40:00,9,3,3,0,15
2024-03-12 00:50:00,8,10,7,0,25
2024-03-12 01:00:00,15,3,1,0,19
2024-03-12 01:10:00,3,3,2,0,8
2024-03-12 01:20:00,3,3,2,0,8
2024-03-12 01:30:00,7,5,3,0,15
2024-03-12 01:40:00,1,4,4,0,9
2024-03-12 01:50:00,0,5,4,0,9
2024-03-12 02:00:00,8,3,2,0,13
2024-03-12 02:10:00,3,1,1,0,5
2024-03-12 02:20:00,2,3,3,0,8
2024-03-12 02:30:00,7,2,1,0,10
2024-03-12 02:40:00,2,5,4,0,11
2024-03-12 02:50:00,2,2,2,0,6
2024-03-12 03:00:00,1,3,2,0,6
2024-03-12 03:10:00,5,2,3,0,10
2024-03-12 03:20:00,0,0,0,0,0
2024-03-12 03:30:00,0,2,3,0,5
2024-03-12 03:40:00,3,4,5,0,12
2024-03-12 03:50:00,2,6,6,0,14
2024-03-12 04:00:00,2,7,4,0,13
2024-03-12 04:10:00,6,3,4,0,13
2024-03-12 04:20:00,4,4,2,0,10
2024-03-12 04:30:00,6,8,8,0,22
2024-03-12 04:40:00,13,5,3,0,21
2024-03-12 04:50:00,9,6,6,0,21
2024-03-12 05:00:00,10,18,14,0,42
2024-03-12 05:10:00,19,12,13,0,44
2024-03-12 05:20:00,25,31,25,0,81
2024-03-12 05:30:00,30,22,25,0,77
2024-03-12 05:40:00,44,44,50,0,138
2024-03-12 05:50:00,47,29,40,0,116
2024-03-12 06:00:00,30,35,57,0,122
2024-03-12 06:10:00,30,38,63,4,135
2024-03-12 06:20:00,61,37,61,0,159
2024-03-12 06:30:00,51,34,54,1,140
2024-03-12 06:40:00,42,38,102,0,182
2024-03-12 06:50:00,39,30,92,1,162
2024-03-12 07:00:00,33,50,94,2,179
2024-03-12 07:10:00,40,49,91,0,180
2024-03-12 07:20:00,45,40,104,1,190
2024-03-12 07:30:00,31,30,106,3,170
2024-03-12 07:40:00,40,38,91,1,170
2024-03-12 07:50:00,5,43,98,2,148
2024-03-12 08:00:00,23,35,107,4,169
2024-03-12 08:10:00,6,51,98,2,157
2024-03-12 08:20:00,18,23,95,2,138
2024-03-12 08:30:00,34,31,94,3,162
2024-03-12 08:40:00,33,22,90,9,154
2024-03-12 08:50:00,30,12,91,3,136
2024-03-12 09:00:00,49,38,85,3,175
2024-03-12 09:10:00,41,39,87,5,172
2024-03-12 09:20:00,40,41,113,3,197
2024-03-12 09:30:00,35,29,87,3,154
2024-03-12 09:40:00,45,36,100,2,183
2024-03-12 09:50:00,47,43,88,2,180
2024-03-12 10:00:00,33,27,69,4,133
2024-03-12 10:10:00,33,42,69,3,147
2024-03-12 10:20:00,39,28,66,2,135
2024-03-12 10:30:00,41,46,89,0,176
2024-03-12 10:40:00,49,36,82,2,169
2024-03-12 10:50:00,43,30,88,5,166
2024-03-12 11:00:00,35,38,73,4,150
2024-03-12 11:10:00,44,48,83,0,175
2024-03-12 11:20:00,41,33,77,4,155
2024-03-12 11:30:00,29,32,72,7,140
2024-03-12 11:40:00,51,32,67,2,152
2024-03-12 11:50:00,37,40,61,1,139
2024-03-12 12:00:00,35,31,79,2,147
2024-03-12 12:10:00,33,35,85,4,157
2024-03-12 12:20:00,38,38,69,3,148
2024-03-12 12:30:00,31,38,88,3,160
2024-03-12 12:40:00,44,36,79,3,162
2024-03-12 12:50:00,31,36,75,2,144
2024-03-12 13:00:00,25,38,95,5,163
2024-03-12 13:10:00,15,32,87,3,137
2024-03-12 13:20:00,35,24,69,3,131
2024-03-12 13:30:00,41,38,84,1,164
2024-03-12 13:40:00,22,46,84,0,152
2024-03-12 13:50:00,38,33,86,2,159
2024-03-12 14:00:00,46,41,82,1,170
2024-03-12 14:10:00,36,44,110,2,192
2024-03-12 14:20:00,32,16,41,2,91
2024-03-12 14:30:00,41,19,72,3,135
2024-03-12 14:40:00,24,36,85,2,147
2024-03-12 14:50:00,33,49,90,2,174
2024-03-12 15:00:00,30,55,106,1,192
2024-03-12 15:10:00,57,35,91,1,184
2024-03-12 15:20:00,36,25,101,3,165
2024-03-12 15:30:00,18,20,91,2,131
2024-03-12 15:40:00,2,9,36,13,60
2024-03-12 15:50:00,7,2,65,3,77
2024-03-12 16:00:00,0,20,47,4,71
2024-03-12 16:10:00,0,23,74,2,99
2024-03-12 16:20:00,2,25,83,3,113
2024-03-12 16:30:00,4,10,56,5,75
2024-03-12 16:40:00,4,5,39,2,50
2024-03-12 16:50:00,2,4,39,3,48
2024-03-12 17:00:00,2,19,69,3,93
2024-03-12 17:10:00,8,26,59,2,95
2024-03-12 17:20:00,44,26,83,2,155
2024-03-12 17:30:00,43,13,63,3,122
2024-03-12 17:40:00,20,37,86,3,146
2024-03-12 17:50:00,50,34,107,3,194
2024-03-12 18:00:00,39,37,106,9,191
2024-03-12 18:10:00,33,17,80,3,133
2024-03-12 18:20:00,29,46,107,1,183
2024-03-12 18:30:00,44,50,102,3,199
2024-03-12 18:40:00,77,60,87,2,226
2024-03-12 18:50:00,62,60,89,2,213
2024-03-12 19:00:00,73,56,76,2,207
2024-03-12 19:10:00,60,56,96,4,216
2024-03-12 19:20:00,54,48,79,2,183
2024-03-12 19:30:00,51,65,65,1,182
2024-03-12 19:40:00,65,49,72,1,187
2024-03-12 19:50:00,64,40,45,1,150
2024-03-12 20:00:00,49,53,66,1,169
2024-03-12 20:10:00,39,36,46,2,123
2024-03-12 20:20:00,50,46,62,1,159
2024-03-12 20:30:00,32,24,37,1,94
2024-03-12 20:40:00,22,25,46,0,93
2024-03-12 20:50:00,25,26,44,0,95
2024-03-12 21:00:00,26,25,41,0,92
2024-03-12 21:10:00,29,24,44,2,99
2024-03-12 21:20:00,36,25,31,0,92
2024-03-12 21:30:00,30,19,62,0,111
2024-03-12 21:40:00,24,18,32,0,74
2024-03-12 21:50:00,22,22,33,1,78
2024-03-12 22:00:00,25,25,36,0,86
2024-03-12 22:10:00,17,18,28,0,63
2024-03-12 22:20:00,17,23,38,0,78
2024-03-12 22:30:00,21,19,37,1,78
2024-03-12 22:40:00,14,18,32,0,64
2024-03-12 22:50:00,13,20,27,0,60
2024-03-12 23:00:00,14,13,23,0,50
2024-03-12 23:10:00,17,13,18,0,48
2024-03-12 23:20:00,13,9,10,0,32
2024-03-12 23:30:00,11,20,26,0,57
2024-03-12 23:40:00,13,11,18,0,42
2024-03-12 23:50:00,10,10,12,0,32
2024-03-13 00:00:00,6,9,9,0,24
2024-03-13 00:10:00,6,6,5,0,17
2024-03-13 00:20:00,7,5,3,0,15
2024-03-13 00:30:00,5,6,7,0,18
2024-03-13 00:40:00,6,4,4,0,14
2024-03-13 00:50:00,1,6,4,0,11
2024-03-13 01:00:00,3,3,2,0,8
2024-03-13 01:10:00,2,4,4,0,10
2024-03-13 01:20:00,0,3,3,0,6
2024-03-13 01:30:00,2,1,1,0,4
2024-03-13 01:40:00,2,4,3,0,9
2024-03-13 01:50:00,2,3,2,0,7
2024-03-13 02:00:00,3,1,2,0,6
2024-03-13 02:10:00,2,3,3,0,8
2024-03-13 02:20:00,2,7,8,0,17
2024-03-13 02:30:00,4,2,1,0,7
2024-03-13 02:40:00,0,0,0,0,0
2024-03-13 02:50:00,0,2,2,0,4
2024-03-13 03:00:00,0,4,4,0,8
2024-03-13 03:10:00,4,0,0,0,4
2024-03-13 03:20:00,0,0,0,0,0
2024-03-13 03:30:00,2,1,1,0,4
2024-03-13 03:40:00,2,6,8,0,16
2024-03-13 03:50:00,1,4,4,0,9
2024-03-13 04:00:00,3,2,2,0,7
2024-03-13 04:10:00,4,3,4,0,11
2024-03-13 04:20:00,1,4,4,0,9
2024-03-13 04:30:00,4,4,5,0,13
2024-03-13 04:40:00,9,5,4,0,18
2024-03-13 04:50:00,9,10,13,0,32
2024-03-13 05:00:00,6,12,10,0,28
2024-03-13 05:10:00,9,10,18,0,37
2024-03-13 05:20:00,16,14,22,0,52
2024-03-13 05:30:00,27,19,28,0,74
2024-03-13 05:40:00,23,31,57,0,111
2024-03-13 05:50:00,27,24,49,0,100
2024-03-13 06:00:00,24,25,48,0,97
2024-03-13 06:10:00,24,28,65,1,118
2024-03-13 06:20:00,23,33,54,0,110
2024-03-13 06:30:00,37,34,81,0,152
2024-03-13 06:40:00,28,42,87,0,157
2024-03-13 06:50:00,28,32,77,1,138
2024-03-13 07:00:00,43,33,87,0,163
2024-03-13 07:10:00,36,35,100,0,171
2024-03-13 07:20:00,35,33,98,1,167
2024-03-13 07:30:00,20,22,77,4,123
2024-03-13 07:40:00,4,32,97,3,136
2024-03-13 07:50:00,34,19,87,2,142
2024-03-13 08:00:00,23,25,92,3,143
2024-03-13 08:10:00,1,18,94,2,115
2024-03-13 08:20:00,15,23,84,0,122
2024-03-13 08:30:00,24,38,101,1,164
2024-03-13 08:40:00,36,33,88,2,159
2024-03-13 08:50:00,50,36,102,1,189
2024-03-13 09:00:00,34,29,79,2,144
2024-03-13 09:10:00,33,40,88,2,163
2024-03-13 09:20:00,44,45,93,1,183
2024-03-13 09:30:00,19,40,80,2,141
2024-03-13 09:40:00,44,29,85,1,159
2024-03-13 09:50:00,28,45,86,1,160
2024-03-13 10:00:00,50,48,78,1,177
2024-03-13 10:10:00,34,36,71,2,143
2024-03-13 10:20:00,47,38,87,3,175
2024-03-13 10:30:00,44,38,78,2,162
2024-03-13 10:40:00,37,36,65,3,141
2024-03-13 10:50:00,40,38,97,2,177
2024-03-13 11:00:00,49,40,84,1,174
2024-03-13 11:10:00,42,40,77,2,161
2024-03-13 11:20:00,40,35,70,3,148
2024-03-13 11:30:00,40,39,72,2,153
2024-03-13 11:40:00,48,50,82,4,184
2024-03-13 11:50:00,49,33,71,5,158
2024-03-13 12:00:00,53,39,78,2,172
2024-03-13 12:10:00,26,35,72,3,136
2024-03-13 12:20:00,36,28,72,1,137
2024-03-13 12:30:00,48,41,62,3,154
2024-03-13 12:40:00,44,46,101,0,191
2024-03-13 12:50:00,44,45,78,2,169
2024-03-13 13:00:00,41,40,73,2,156
2024-03-13 13:10:00,51,41,73,6,171
2024-03-13 13:20:00,34,38,91,3,166
2024-03-13 13:30:00,44,52,80,1,177
2024-03-13 13:40:00,34,50,93,2,179
2024-03-13 13:50:00,44,57,87,2,190
2024-03-13 14:00:00,42,38,70,0,150
2024-03-13 14:10:00,46,37,88,1,172
2024-03-13 14:20:00,36,31,101,4,172
2024-03-13 14:30:00,43,28,82,2,155
2024-03-13 14:40:00,41,37,83,1,162
2024-03-13 14:50:00,41,50,98,0,189
2024-03-13 15:00:00,32,39,84,0,155
2024-03-13 15:10:00,39,30,96,2,167
2024-03-13 15:20:00,36,25,85,1,147
2024-03-13 15:30:00,48,32,93,2,175
2024-03-13 15:40:00,25,43,104,1,173
2024-03-13 15:50:00,41,34,89,1,165
2024-03-13 16:00:00,49,38,75,2,164
2024-03-13 16:10:00,35,44,91,1,171
2024-03-13 16:20:00,29,40,107,1,177
2024-03-13 16:30:00,37,27,91,2,157
2024-03-13 16:40:00,44,43,98,3,188
2024-03-13 16:50:00,16,19,77,2,114
2024-03-13 17:00:00,36,37,82,11,166
2024-03-13 17:10:00,32,35,80,3,150
2024-03-13 17:20:00,19,9,58,5,91
2024-03-13 17:30:00,34,7,43,1,85
2024-03-13 17:40:00,39,8,53,4,104
2024-03-13 17:50:00,29,34,99,3,165
2024-03-13 18:00:00,35,28,71,3,137
2024-03-13 18:10:00,35,8,65,2,110
2024-03-13 18:20:00,37,4,40,3,84
2024-03-13 18:30:00,36,21,110,2,169
2024-03-13 18:40:00,93,52,75,2,222
2024-03-13 18:50:00,57,52,92,1,202
2024-03-13 19:00:00,64,59,83,1,207
2024-03-13 19:10:00,51,51,77,1,180
2024-03-13 19:20:00,70,73,73,2,218
2024-03-13 19:30:00,60,41,65,2,168
2024-03-13 19:40:00,56,77,82,1,216
2024-03-13 19:50:00,62,45,57,0,164
2024-03-13 20:00:00,59,29,37,2,127
2024-03-13 20:10:00,44,45,54,3,146
2024-03-13 20:20:00,35,40,56,3,134
2024-03-13 20:30:00,58,37,36,1,132
2024-03-13 20:40:00,29,34,43,1,107
2024-03-13 20:50:00,41,33,36,1,111
2024-03-13 21:00:00,56,39,44,1,140
2024-03-13 21:10:00,48,39,34,1,122
2024-03-13 21:20:00,39,30,35,1,105
2024-03-13 21:30:00,48,41,36,0,125
2024-03-13 21:40:00,49,28,33,0,110
2024-03-13 21:50:00,25,34,38,0,97
2024-03-13 22:00:00,31,40,38,0,109
2024-03-13 22:10:00,28,33,32,1,94
2024-03-13 22:20:00,20,42,35,0,97
2024-03-13 22:30:00,26,35,29,0,90
2024-03-13 22:40:00,30,32,31,0,93
2024-03-13 22:50:00,19,23,18,0,60
2024-03-13 23:00:00,24,33,25,0,82
2024-03-13 23:10:00,25,26,19,0,70
2024-03-13 23:20:00,23,27,22,0,72
2024-03-13 23:30:00,14,14,10,0,38
2024-03-13 23:40:00,9,10,8,0,27
2024-03-13 23:50:00,6,6,4,0,16
2024-03-14 00:00:00,12,14,8,0,34
2024-03-14 00:10:00,9,7,6,0,22
2024-03-14 00:20:00,9,13,7,0,29
2024-03-14 00:30:00,6,8,5,0,19
2024-03-14 00:40:00,8,2,2,0,12
2024-03-14 00:50:00,2,10,6,0,18
2024-03-14 01:00:00,3,4,4,0,11
2024-03-14 01:10:00,10,4,4,0,18
2024-03-14 01:20:00,6,8,6,0,20
2024-03-14 01:30:00,0,3,2,0,5
2024-03-14 01:40:00,6,4,4,0,14
2024-03-14 01:50:00,4,6,5,0,15
2024-03-14 02:00:00,2,5,4,0,11
2024-03-14 02:10:00,8,3,2,0,13
2024-03-14 02:20:00,6,4,3,0,13
2024-03-14 02:30:00,4,3,1,0,8
2024-03-14 02:40:00,1,2,2,0,5
2024-03-14 02:50:00,0,4,2,0,6
2024-03-14 03:00:00,0,7,5,0,12
2024-03-14 03:10:00,6,3,3,0,12
2024-03-14 03:20:00,5,4,2,0,11
2024-03-14 03:30:00,1,2,1,0,4
2024-03-14 03:40:00,2,3,4,0,9
2024-03-14 03:50:00,4,3,2,0,9
2024-03-14 04:00:00,4,4,5,0,13
2024-03-14 04:10:00,5,8,4,0,17
2024-03-14 04:20:00,13,1,1,0,15
2024-03-14 04:30:00,9,17,14,0,40
2024-03-14 04:40:00,15,9,6,0,30
2024-03-14 04:50:00,4,12,13,0,29
2024-03-14 05:00:00,16,10,6,0,32
2024-03-14 05:10:00,22,19,14,0,55
2024-03-14 05:20:00,33,18,20,0,71
2024-03-14 05:30:00,31,37,34,0,102
2024-03-14 05:40:00,42,27,37,0,106
2024-03-14 05:50:00,45,47,38,0,130
2024-03-14 06:00:00,33,44,69,0,146
2024-03-14 06:10:00,34,46,56,0,136
2024-03-14 06:20:00,47,40,52,0,139
2024-03-14 06:30:00,40,43,71,0,154
2024-03-14 06:40:00,44,50,75,0,169
2024-03-14 06:50:00,41,38,91,0,170
2024-03-14 07:00:00,37,39,80,2,158
2024-03-14 07:10:00,32,45,83,2,162
2024-03-14 07:20:00,41,51,99,2,193
2024-03-14 07:30:00,35,34,104,5,178
2024-03-14 07:40:00,36,37,100,1,174
2024-03-14 07:50:00,44,35,112,3,194
2024-03-14 08:00:00,36,27,83,4,150
2024-03-14 08:10:00,34,34,93,3,164
2024-03-14 08:20:00,32,34,104,2,172
2024-03-14 08:30:00,41,40,105,0,186
2024-03-14 08:40:00,44,48,86,2,180
2024-03-14 08:50:00,25,34,101,3,163
2024-03-14 09:00:00,36,54,104,1,195
2024-03-14 09:10:00,32,45,88,1,166
2024-03-14 09:20:00,47,37,95,2,181
2024-03-14 09:30:00,39,41,83,5,168
2024-03-14 09:40:00,38,46,77,2,163
2024-03-14 09:50:00,33,37,81,4,155
2024-03-14 10:00:00,30,48,89,1,168
2024-03-14 10:10:00,38,45,80,1,164
2024-03-14 10:20:00,34,46,86,6,172
2024-03-14 10:30:00,38,40,82,4,164
2024-03-14 10:40:00,41,43,79,1,164
2024-03-14 10:50:00,42,34,75,1,152
2024-03-14 11:00:00,34,39,73,3,149
2024-03-14 11:10:00,43,27,67,5,142
2024-03-14 11:20:00,46,29,81,6,162
2024-03-14 11:30:00,44,39,88,1,172
2024-03-14 11:40:00,41,39,70,3,153
2024-03-14 11:50:00,30,32,75,2,139
2024-03-14 12:00:00,46,31,80,4,161
2024-03-14 12:10:00,35,34,89,4,162
2024-03-14 12:20:00,34,37,75,3,149
2024-03-14 12:30:00,41,30,88,4,163
2024-03-14 12:40:00,43,36,78,2,159
2024-03-14 12:50:00,40,47,86,4,177
2024-03-14 13:00:00,44,40,77,3,164
2024-03-14 13:10:00,41,30,95,5,171
2024-03-14 13:20:00,50,44,78,1,173
2024-03-14 13:30:00,36,34,81,0,151
2024-03-14 13:40:00,55,32,89,0,176
2024-03-14 13:50:00,33,33,81,3,150
2024-03-14 14:00:00,40,37,90,6,173
2024-03-14 14:10:00,38,33,93,0,164
2024-03-14 14:20:00,36,37,102,4,179
2024-03-14 14:30:00,35,28,91,3,157
2024-03-14 14:40:00,26,13,58,2,99
2024-03-14 14:50:00,0,3,48,2,53
2024-03-14 15:00:00,8,24,73,6,111
2024-03-14 15:10:00,39,42,92,1,174
2024-03-14 15:20:00,38,46,81,3,168
2024-03-14 15:30:00,4,35,98,6,143
2024-03-14 15:40:00,9,23,102,0,134
2024-03-14 15:50:00,24,30,92,3,149
2024-03-14 16:00:00,23,40,103,7,173
2024-03-14 16:10:00,29,7,45,3,84
2024-03-14 16:20:00,43,5,47,3,98
2024-03-14 16:30:00,40,5,42,2,89
2024-03-14 16:40:00,13,4,53,7,77
2024-03-14 16:50:00,1,2,36,3,42
2024-03-14 17:00:00,1,5,23,2,31
2024-03-14 17:10:00,3,2,32,4,41
2024-03-14 17:20:00,24,25,96,2,147
2024-03-14 17:30:00,41,28,90,2,161
2024-03-14 17:40:00,1,29,102,2,134
2024-03-14 17:50:00,17,19,65,5,106
2024-03-14 18:00:00,28,24,88,4,144
2024-03-14 18:10:00,15,8,34,1,58
2024-03-14 18:20:00,21,1,28,3,53
2024-03-14 18:30:00,31,18,99,3,151
2024-03-14 18:40:00,52,28,106,2,188
2024-03-14 18:50:00,57,54,110,10,231
2024-03-14 19:00:00,64,46,84,2,196
2024-03-14 19:10:00,76,47,75,2,200
2024-03-14 19:20:00,63,58,71,0,192
2024-03-14 19:30:00,65,39,65,3,172
2024-03-14 19:40:00,56,53,86,2,197
2024-03-14 19:50:00,47,49,74,3,173
2024-03-14 20:00:00,59,39,52,4,154
2024-03-14 20:10:00,44,40,52,1,137
2024-03-14 20:20:00,47,55,52,1,155
2024-03-14 20:30:00,37,51,51,1,140
2024-03-14 20:40:00,48,45,47,0,140
2024-03-14 20:50:00,41,39,53,0,133
2024-03-14 21:00:00,32,39,47,0,118
2024-03-14 21:10:00,78,36,34,1,149
2024-03-14 21:20:00,51,45,50,2,148
2024-03-14 21:30:00,66,40,40,0,146
2024-03-14 21:40:00,46,39,37,1,123
2024-03-14 21:50:00,43,26,28,0,97
2024-03-14 22:00:00,30,45,32,0,107
2024-03-14 22:10:00,30,40,40,1,111
2024-03-14 22:20:00,33,31,42,0,106
2024-03-14 22:30:00,46,28,27,0,101
2024-03-14 22:40:00,24,35,31,1,91
2024-03-14 22:50:00,24,31,22,0,77
2024-03-14 23:00:00,29,26,33,0,88
2024-03-14 23:10:00,23,17,15,0,55
2024-03-14 23:20:00,19,16,16,0,51
2024-03-14 23:30:00,21,22,17,0,60
2024-03-14 23:40:00,14,12,12,0,38
2024-03-14 23:50:00,16,7,7,0,30
2024-03-15 00:00:00,11,7,7,0,25
2024-03-15 00:10:00,7,9,9,0,25
2024-03-15 00:20:00,4,6,5,0,15
2024-03-15 00:30:00,21,10,11,0,42
2024-03-15 00:40:00,8,6,5,0,19
2024-03-15 00:50:00,7,11,8,1,27
2024-03-15 01:00:00,1,4,3,0,8
2024-03-15 01:10:00,5,8,7,0,20
2024-03-15 01:20:00,8,5,3,0,16
2024-03-15 01:30:00,0,5,7,0,12
2024-03-15 01:40:00,3,5,4,0,12
2024-03-15 01:50:00,6,6,6,0,18
2024-03-15 02:00:00,2,6,4,0,12
2024-03-15 02:10:00,4,4,4,0,12
2024-03-15 02:20:00,2,4,3,0,9
2024-03-15 02:30:00,4,4,3,0,11
2024-03-15 02:40:00,0,0,0,0,0
2024-03-15 02:50:00,1,3,1,0,5
2024-03-15 03:00:00,4,1,1,0,6
2024-03-15 03:10:00,0,1,1,0,2
2024-03-15 03:20:00,3,4,3,0,10
2024-03-15 03:30:00,3,2,2,0,7
2024-03-15 03:40:00,6,6,8,0,20
2024-03-15 03:50:00,4,6,4,0,14
2024-03-15 04:00:00,3,3,3,0,9
2024-03-15 04:10:00,6,3,4,0,13
2024-03-15 04:20:00,3,5,4,0,12
2024-03-15 04:30:00,10,5,6,0,21
2024-03-15 04:40:00,10,2,3,0,15
2024-03-15 04:50:00,11,13,15,0,39
2024-03-15 05:00:00,8,20,13,0,41
2024-03-15 05:10:00,11,15,17,0,43
2024-03-15 05:20:00,27,16,18,0,61
2024-03-15 05:30:00,55,27,23,0,105
2024-03-15 05:40:00,32,37,34,0,103
2024-03-15 05:50:00,42,33,41,0,116
2024-03-15 06:00:00,42,33,41,0,116
2024-03-15 06:10:00,25,37,49,0,111
2024-03-15 06:20:00,28,32,51,1,112
2024-03-15 06:30:00,29,32,58,0,119
2024-03-15 06:40:00,27,46,82,1,156
2024-03-15 06:50:00,27,47,80,0,154
2024-03-15 07:00:00,44,37,80,0,161
2024-03-15 07:10:00,42,42,96,1,181
2024-03-15 07:20:00,29,36,102,2,169
2024-03-15 07:30:00,41,47,99,1,188
2024-03-15 07:40:00,37,37,84,3,161
2024-03-15 07:50:00,40,39,84,2,165
2024-03-15 08:00:00,38,28,92,2,160
2024-03-15 08:10:00,46,35,92,2,175
2024-03-15 08:20:00,42,47,93,3,185
2024-03-15 08:30:00,40,37,100,1,178
2024-03-15 08:40:00,29,26,84,5,144
2024-03-15 08:50:00,34,34,79,2,149
2024-03-15 09:00:00,39,45,77,1,162
2024-03-15 09:10:00,29,34,83,5,151
2024-03-15 09:20:00,33,44,91,2,170
2024-03-15 09:30:00,50,33,74,3,160
2024-03-15 09:40:00,37,40,95,5,177
2024-03-15 09:50:00,56,51,101,1,209
2024-03-15 10:00:00,31,40,92,1,164
2024-03-15 10:10:00,39,42,85,2,168
2024-03-15 10:20:00,27,24,83,5,139
2024-03-15 10:30:00,42,23,64,3,132
2024-03-15 10:40:00,44,45,85,2,176
2024-03-15 10:50:00,42,39,83,4,168
2024-03-15 11:00:00,34,36,77,3,150
2024-03-15 11:10:00,38,32,68,2,140
2024-03-15 11:20:00,39,31,87,4,161
2024-03-15 11:30:00,31,26,75,3,135
2024-03-15 11:40:00,36,41,98,3,178
2024-03-15 11:50:00,41,31,94,1,167
2024-03-15 12:00:00,3,36,81,2,122
2024-03-15 12:10:00,0,39,87,1,127
2024-03-15 12:20:00,3,35,87,3,128
2024-03-15 12:30:00,0,23,81,3,107
2024-03-15 12:40:00,3,18,94,2,117
2024-03-15 12:50:00,5,28,75,2,110
2024-03-15 13:00:00,22,29,80,0,131
2024-03-15 13:10:00,28,23,65,4,120
2024-03-15 13:20:00,8,0,46,3,57
2024-03-15 13:30:00,45,24,77,0,146
2024-03-15 13:40:00,8,48,100,3,159
2024-03-15 13:50:00,32,47,96,0,175
2024-03-15 14:00:00,49,41,98,5,193
2024-03-15 14:10:00,42,34,113,0,189
2024-03-15 14:20:00,40,38,111,1,190
2024-03-15 14:30:00,37,24,83,2,146
2024-03-15 14:40:00,26,28,113,2,169
2024-03-15 14:50:00,50,50,103,2,205
2024-03-15 15:00:00,52,40,83,2,177
2024-03-15 15:10:00,39,8,49,3,99
2024-03-15 15:20:00,54,13,53,1,121
2024-03-15 15:30:00,50,26,81,3,160
2024-03-15 15:40:00,42,10,72,1,125
2024-03-15 15:50:00,42,34,83,2,161
2024-03-15 16:00:00,44,23,76,4,147
2024-03-15 16:10:00,53,29,88,2,172
2024-03-15 16:20:00,44,45,90,3,182
2024-03-15 16:30:00,40,33,92,4,169
2024-03-15 16:40:00,44,48,93,2,187
2024-03-15 16:50:00,45,31,95,4,175
2024-03-15 17:00:00,36,43,96,2,177
2024-03-15 17:10:00,44,28,96,2,170
2024-03-15 17:20:00,29,37,97,2,165
2024-03-15 17:30:00,10,16,100,3,129
2024-03-15 17:40:00,29,35,91,5,160
2024-03-15 17:50:00,43,30,113,2,188
2024-03-15 18:00:00,26,42,83,2,153
2024-03-15 18:10:00,41,40,78,5,164
2024-03-15 18:20:00,33,25,90,1,149
2024-03-15 18:30:00,45,30,101,2,178
2024-03-15 18:40:00,73,43,102,5,223
2024-03-15 18:50:00,66,64,101,2,233
2024-03-15 19:00:00,75,51,92,4,222
2024-03-15 19:10:00,66,47,83,3,199
2024-03-15 19:20:00,47,36,88,1,172
2024-03-15 19:30:00,35,28,76,1,140
2024-03-15 19:40:00,36,34,88,1,159
2024-03-15 19:50:00,39,31,71,2,143
2024-03-15 20:00:00,30,36,70,0,136
2024-03-15 20:10:00,45,29,56,1,131
2024-03-15 20:20:00,25,36,59,0,120
2024-03-15 20:30:00,41,29,59,0,129
2024-03-15 20:40:00,37,40,68,2,147
2024-03-15 20:50:00,34,26,45,1,106
2024-03-15 21:00:00,28,26,42,1,97
2024-03-15 21:10:00,19,24,45,1,89
2024-03-15 21:20:00,37,30,34,1,102
2024-03-15 21:30:00,36,29,44,0,109
2024-03-15 21:40:00,42,35,56,0,133
2024-03-15 21:50:00,33,35,33,0,101
2024-03-15 22:00:00,30,47,43,0,120
2024-03-15 22:10:00,38,40,43,0,121
2024-03-15 22:20:00,26,38,45,3,112
2024-03-15 22:30:00,36,35,36,0,107
2024-03-15 22:40:00,42,31,32,0,105
2024-03-15 22:50:00,37,32,32,0,101
2024-03-15 23:00:00,35,21,22,1,79
2024-03-15 23:10:00,31,30,25,0,86
2024-03-15 23:20:00,33,21,18,0,72
2024-03-15 23:30:00,24,36,31,0,91
2024-03-15 23:40:00,33,17,17,0,67
2024-03-15 23:50:00,30,18,16,0,64
2024-03-16 00:00:00,28,23,22,0,73
2024-03-16 00:10:00,23,19,18,0,60
2024-03-16 00:20:00,17,28,27,0,72
2024-03-16 00:30:00,31,11,9,0,51
2024-03-16 00:40:00,15,23,16,0,54
2024-03-16 00:50:00,15,13,11,0,39
2024-03-16 01:00:00,7,11,6,2,26
2024-03-16 01:10:00,7,10,10,0,27
2024-03-16 01:20:00,16,12,10,0,38
2024-03-16 01:30:00,8,19,18,0,45
2024-03-16 01:40:00,9,11,8,0,28
2024-03-16 01:50:00,16,9,10,0,35
2024-03-16 02:00:00,12,7,5,0,24
2024-03-16 02:10:00,9,4,3,0,16
2024-03-16 02:20:00,8,8,5,0,21
2024-03-16 02:30:00,12,6,4,0,22
2024-03-16 02:40:00,9,8,6,0,23
2024-03-16 02:50:00,9,6,5,0,20
2024-03-16 03:00:00,1,6,5,0,12
2024-03-16 03:10:00,7,3,3,0,13
2024-03-16 03:20:00,2,2,3,0,7
2024-03-16 03:30:00,6,4,4,0,14
2024-03-16 03:40:00,1,3,5,0,9
2024-03-16 03:50:00,4,4,3,0,11
2024-03-16 04:00:00,2,1,1,0,4
2024-03-16 04:10:00,3,2,2,0,7
2024-03-16 04:20:00,3,2,1,0,6
2024-03-16 04:30:00,3,4,4,0,11
2024-03-16 04:40:00,6,3,3,0,12
2024-03-16 04:50:00,8,4,3,0,15
2024-03-16 05:00:00,5,7,8,0,20
2024-03-16 05:10:00,7,7,8,0,22
2024-03-16 05:20:00,13,9,14,0,36
2024-03-16 05:30:00,18,15,17,0,50
2024-03-16 05:40:00,17,14,18,0,49
2024-03-16 05:50:00,10,9,11,0,30
2024-03-16 06:00:00,3,17,19,0,39
2024-03-16 06:10:00,8,21,30,0,59
2024-03-16 06:20:00,11,12,15,0,38
2024-03-16 06:30:00,9,25,28,0,62
2024-03-16 06:40:00,15,12,11,0,38
2024-03-16 06:50:00,15,16,16,0,47
2024-03-16 07:00:00,11,14,14,0,39
2024-03-16 07:10:00,18,20,21,0,59
2024-03-16 07:20:00,20,23,24,0,67
2024-03-16 07:30:00,15,21,23,0,59
2024-03-16 07:40:00,26,21,23,0,70
2024-03-16 07:50:00,18,23,25,0,66
2024-03-16 08:00:00,27,23,33,1,84
2024-03-16 08:10:00,24,26,38,1,89
2024-03-16 08:20:00,25,27,32,0,84
2024-03-16 08:30:00,26,43,63,1,133
2024-03-16 08:40:00,38,41,66,1,146
2024-03-16 08:50:00,32,38,55,1,126
2024-03-16 09:00:00,35,34,60,0,129
2024-03-16 09:10:00,34,35,50,2,121
2024-03-16 09:20:00,23,41,70,2,136
2024-03-16 09:30:00,29,39,68,2,138
2024-03-16 09:40:00,37,30,68,2,137
2024-03-16 09:50:00,35,42,75,2,154
2024-03-16 10:00:00,36,41,82,2,161
2024-03-16 10:10:00,33,38,84,2,157
2024-03-16 10:20:00,37,31,76,3,147
2024-03-16 10:30:00,42,47,91,0,180
2024-03-16 10:40:00,47,44,72,2,165
2024-03-16 10:50:00,36,37,79,0,152
2024-03-16 11:00:00,46,46,78,3,173
2024-03-16 11:10:00,46,38,65,1,150
2024-03-16 11:20:00,49,41,90,1,181
2024-03-16 11:30:00,47,40,89,1,177
2024-03-16 11:40:00,39,39,86,3,167
2024-03-16 11:50:00,38,35,85,2,160
2024-03-16 12:00:00,29,25,88,1,143
2024-03-16 12:10:00,29,29,86,1,145
2024-03-16 12:20:00,39,50,95,3,187
2024-03-16 12:30:00,45,25,85,2,157
2024-03-16 12:40:00,39,13,44,1,97
2024-03-16 12:50:00,47,21,58,3,129
2024-03-16 13:00:00,40,5,60,3,108
2024-03-16 13:10:00,37,12,62,3,114
2024-03-16 13:20:00,40,36,102,3,181
2024-03-16 13:30:00,59,53,87,1,200
2024-03-16 13:40:00,44,15,41,1,101
2024-03-16 13:50:00,36,1,28,1,66
2024-03-16 14:00:00,27,6,56,4,93
2024-03-16 14:10:00,46,28,62,6,142
2024-03-16 14:20:00,35,26,67,2,130
2024-03-16 14:30:00,41,3,40,2,86
2024-03-16 14:40:00,44,5,56,0,105
2024-03-16 14:50:00,41,37,98,2,178
2024-03-16 15:00:00,42,39,75,2,158
2024-03-16 15:10:00,36,42,85,3,166
2024-03-16 15:20:00,56,46,81,0,183
2024-03-16 15:30:00,51,44,89,2,186
2024-03-16 15:40:00,31,34,65,3,133
2024-03-16 15:50:00,45,40,72,5,162
2024-03-16 16:00:00,44,45,86,1,176
2024-03-16 16:10:00,50,43,67,0,160
2024-03-16 16:20:00,46,40,73,1,160
2024-03-16 16:30:00,42,33,79,4,158
2024-03-16 16:40:00,33,43,84,2,162
2024-03-16 16:50:00,37,31,67,3,138
2024-03-16 17:00:00,38,31,74,1,144
2024-03-16 17:10:00,38,30,75,3,146
2024-03-16 17:20:00,39,37,83,4,163
2024-03-16 17:30:00,48,42,76,5,171
2024-03-16 17:40:00,26,32,74,4,136
2024-03-16 17:50:00,50,43,86,2,181
2024-03-16 18:00:00,23,31,70,1,125
2024-03-16 18:10:00,9,36,71,3,119
2024-03-16 18:20:00,29,45,85,3,162
2024-03-16 18:30:00,44,34,76,1,155
2024-03-16 18:40:00,41,28,80,2,151
2024-03-16 18:50:00,64,48,77,3,192
2024-03-16 19:00:00,57,41,84,0,182
2024-03-16 19:10:00,57,44,56,1,158
2024-03-16 19:20:00,69,39,65,1,174
2024-03-16 19:30:00,67,34,63,3,167
2024-03-16 19:40:00,56,48,64,2,170
2024-03-16 19:50:00,55,43,69,2,169
2024-03-16 20:00:00,56,57,63,2,178
2024-03-16 20:10:00,46,39,33,2,120
2024-03-16 20:20:00,45,53,72,2,172
2024-03-16 20:30:00,55,43,38,0,136
2024-03-16 20:40:00,45,50,58,1,154
2024-03-16 20:50:00,57,42,48,1,148
2024-03-16 21:00:00,46,31,37,2,116
2024-03-16 21:10:00,45,44,43,0,132
2024-03-16 21:20:00,52,31,34,1,118
2024-03-16 21:30:00,30,43,34,0,107
2024-03-16 21:40:00,69,38,32,0,139
2024-03-16 21:50:00,43,22,31,1,97
2024-03-16 22:00:00,30,42,41,0,113
2024-03-16 22:10:00,37,31,38,1,107
2024-03-16 22:20:00,34,33,24,0,91
2024-03-16 22:30:00,40,26,16,0,82
2024-03-16 22:40:00,31,50,40,0,121
2024-03-16 22:50:00,39,29,26,0,94
2024-03-16 23:00:00,23,36,43,0,102
2024-03-16 23:10:00,45,32,35,0,112
2024-03-16 23:20:00,38,25,25,0,88
2024-03-16 23:30:00,25,31,27,0,83
2024-03-16 23:40:00,32,39,30,0,101
2024-03-16 23:50:00,24,29,25,0,78
2024-03-17 00:00:00,17,28,27,0,72
2024-03-17 00:10:00,16,35,30,0,81
2024-03-17 00:20:00,21,21,19,0,61
2024-03-17 00:30:00,20,22,24,0,66
2024-03-17 00:40:00,15,19,18,0,52
2024-03-17 00:50:00,10,25,16,0,51
2024-03-17 01:00:00,32,15,17,0,64
2024-03-17 01:10:00,12,15,16,0,43
2024-03-17 01:20:00,19,11,12,0,42
2024-03-17 01:30:00,13,13,10,0,36
2024-03-17 01:40:00,23,10,10,0,43
2024-03-17 01:50:00,11,13,9,0,33
2024-03-17 02:00:00,19,10,17,0,46
2024-03-17 02:10:00,13,7,6,0,26
2024-03-17 02:20:00,9,7,8,0,24
2024-03-17 02:30:00,7,12,11,0,30
2024-03-17 02:40:00,4,15,10,0,29
2024-03-17 02:50:00,13,6,3,0,22
2024-03-17 03:00:00,9,6,4,0,19
2024-03-17 03:10:00,10,7,6,0,23
2024-03-17 03:20:00,2,10,7,0,19
2024-03-17 03:30:00,6,7,6,0,19
2024-03-17 03:40:00,3,4,4,0,11
2024-03-17 03:50:00,9,2,2,0,13
2024-03-17 04:00:00,5,4,2,0,11
2024-03-17 04:10:00,4,2,2,0,8
2024-03-17 04:20:00,15,7,5,0,27
2024-03-17 04:30:00,3,4,4,0,11
2024-03-17 04:40:00,6,7,5,0,18
2024-03-17 04:50:00,2,8,7,0,17
2024-03-17 05:00:00,8,5,3,0,16
2024-03-17 05:10:00,5,8,6,0,19
2024-03-17 05:20:00,10,10,8,0,28
2024-03-17 05:30:00,13,21,15,0,49
2024-03-17 05:40:00,14,3,3,0,20
2024-03-17 05:50:00,6,8,8,0,22
2024-03-17 06:00:00,4,14,9,0,27
2024-03-17 06:10:00,7,13,15,0,35
2024-03-17 06:20:00,5,15,15,0,35
2024-03-17 06:30:00,5,6,7,0,18
2024-03-17 06:40:00,8,1,1,0,10
2024-03-17 06:50:00,7,4,4,0,15
2024-03-17 07:00:00,4,9,8,0,21
2024-03-17 07:10:00,5,8,8,0,21
2024-03-17 07:20:00,12,5,5,0,22
2024-03-17 07:30:00,10,12,11,0,33
2024-03-17 07:40:00,10,13,15,0,38
2024-03-17 07:50:00,12,8,8,0,28
2024-03-17 08:00:00,9,9,8,0,26
2024-03-17 08:10:00,6,15,14,0,35
2024-03-17 08:20:00,11,11,11,0,33
2024-03-17 08:30:00,7,21,24,0,52
2024-03-17 08:40:00,12,25,29,0,66
2024-03-17 08:50:00,12,23,24,0,59
2024-03-17 09:00:00,12,15,17,1,45
2024-03-17 09:10:00,24,29,34,0,87
2024-03-17 09:20:00,12,33,40,0,85
2024-03-17 09:30:00,20,32,41,1,94
2024-03-17 09:40:00,26,39,52,0,117
2024-03-17 09:50:00,26,45,58,1,130
2024-03-17 10:00:00,23,49,51,0,123
2024-03-17 10:10:00,20,40,48,1,109
2024-03-17 10:20:00,22,35,54,1,112
2024-03-17 10:30:00,23,35,44,0,102
2024-03-17 10:40:00,22,42,51,1,116
2024-03-17 10:50:00,22,26,43,1,92
2024-03-17 11:00:00,28,40,52,0,120
2024-03-17 11:10:00,25,27,40,2,94
2024-03-17 11:20:00,23,33,43,0,99
2024-03-17 11:30:00,38,39,51,0,128
2024-03-17 11:40:00,25,47,59,1,132
2024-03-17 11:50:00,46,44,64,0,154
2024-03-17 12:00:00,28,43,60,1,132
2024-03-17 12:10:00,56,41,57,0,154
2024-03-17 12:20:00,25,45,65,1,136
2024-03-17 12:30:00,38,51,87,0,176
2024-03-17 12:40:00,38,39,59,2,138
2024-03-17 12:50:00,38,40,62,4,144
2024-03-17 13:00:00,53,47,75,0,175
2024-03-17 13:10:00,33,46,58,3,140
2024-03-17 13:20:00,40,36,57,2,135
2024-03-17 13:30:00,38,37,69,1,145
2024-03-17 13:40:00,30,44,77,1,152
2024-03-17 13:50:00,39,40,55,1,135
2024-03-17 14:00:00,40,34,66,1,141
2024-03-17 14:10:00,35,42,68,1,146
2024-03-17 14:20:00,41,51,69,1,162
2024-03-17 14:30:00,35,30,70,4,139
2024-03-17 14:40:00,36,38,66,4,144
2024-03-17 14:50:00,32,44,88,0,164
2024-03-17 15:00:00,38,41,73,0,152
2024-03-17 15:10:00,31,34,61,1,127
2024-03-17 15:20:00,37,45,78,0,160
2024-03-17 15:30:00,39,44,66,1,150
2024-03-17 15:40:00,32,42,68,1,143
2024-03-17 15:50:00,33,41,64,2,140
2024-03-17 16:00:00,37,39,57,0,133
2024-03-17 16:10:00,29,33,56,0,118
2024-03-17 16:20:00,32,32,44,2,110
2024-03-17 16:30:00,45,45,58,0,148
2024-03-17 16:40:00,30,51,76,0,157
2024-03-17 16:50:00,25,38,65,0,128
2024-03-17 17:00:00,39,37,51,0,127
2024-03-17 17:10:00,31,44,61,1,137
2024-03-17 17:20:00,39,40,83,2,164
2024-03-17 17:30:00,42,46,75,1,164
2024-03-17 17:40:00,39,45,65,1,150
2024-03-17 17:50:00,31,43,62,4,140
2024-03-17 18:00:00,46,46,75,1,168
2024-03-17 18:10:00,35,41,72,1,149
2024-03-17 18:20:00,36,44,61,1,142
2024-03-17 18:30:00,41,40,81,0,162
2024-03-17 18:40:00,33,38,59,2,132
2024-03-17 18:50:00,38,43,49,1,131
2024-03-17 19:00:00,56,55,69,0,180
2024-03-17 19:10:00,44,33,45,3,125
2024-03-17 19:20:00,50,49,48,1,148
2024-03-17 19:30:00,58,50,46,0,154
2024-03-17 19:40:00,45,49,52,1,147
2024-03-17 19:50:00,46,44,60,0,150
2024-03-17 20:00:00,52,45,43,0,140
2024-03-17 20:10:00,39,47,43,0,129
2024-03-17 20:20:00,55,38,45,1,139
2024-03-17 20:30:00,45,33,34,0,112
2024-03-17 20:40:00,53,37,51,1,142
2024-03-17 20:50:00,24,36,35,0,95
2024-03-17 21:00:00,29,48,45,0,122
2024-03-17 21:10:00,41,30,34,0,105
2024-03-17 21:20:00,45,20,23,0,88
2024-03-17 21:30:00,52,24,15,0,91
2024-03-17 21:40:00,36,31,28,1,96
2024-03-17 21:50:00,26,37,36,0,99
2024-03-17 22:00:00,27,26,26,0,79
2024-03-17 22:10:00,30,28,26,0,84
2024-03-17 22:20:00,27,32,33,0,92
2024-03-17 22:30:00,23,27,19,3,72
2024-03-17 22:40:00,24,19,17,0,60
2024-03-17 22:50:00,22,22,18,0,62
2024-03-17 23:00:00,18,19,15,0,52
2024-03-17 23:10:00,29,25,18,1,73
2024-03-17 23:20:00,15,19,17,0,51
2024-03-17 23:30:00,14,14,10,0,38
2024-03-17 23:40:00,10,14,9,0,33
2024-03-17 23:50:00,8,5,4,0,17
2024-03-18 00:00:00,8,7,7,0,22
2024-03-18 00:10:00,11,7,6,0,24
2024-03-18 00:20:00,4,14,10,0,28
2024-03-18 00:30:00,10,10,7,0,27
2024-03-18 00:40:00,3,11,9,0,23
2024-03-18 00:50:00,4,5,6,0,15
2024-03-18 01:00:00,6,4,3,0,13
2024-03-18 01:10:00,5,3,1,0,9
2024-03-18 01:20:00,4,3,2,0,9
2024-03-18 01:30:00,12,6,5,0,23
2024-03-18 01:40:00,1,1,1,0,3
2024-03-18 01:50:00,0,2,2,0,4
2024-03-18 02:00:00,7,2,2,0,11
2024-03-18 02:10:00,2,6,4,0,12
2024-03-18 02:20:00,7,2,2,0,11
2024-03-18 02:30:00,2,3,3,0,8
2024-03-18 02:40:00,5,2,2,0,9
2024-03-18 02:50:00,5,2,2,0,9
2024-03-18 03:00:00,3,1,1,0,5
2024-03-18 03:10:00,5,1,1,0,7
2024-03-18 03:20:00,0,2,2,0,4
2024-03-18 03:30:00,3,6,7,0,16
2024-03-18 03:40:00,1,7,6,0,14
2024-03-18 03:50:00,3,1,1,0,5
2024-03-18 04:00:00,4,1,1,0,6
2024-03-18 04:10:00,0,6,6,0,12
2024-03-18 04:20:00,2,2,2,0,6
2024-03-18 04:30:00,6,13,11,0,30
2024-03-18 04:40:00,16,5,3,0,24
2024-03-18 04:50:00,8,5,5,0,18
2024-03-18 05:00:00,15,16,17,0,48
2024-03-18 05:10:00,16,15,16,0,47
2024-03-18 05:20:00,25,26,22,0,73
2024-03-18 05:30:00,38,31,30,0,99
2024-03-18 05:40:00,44,46,45,0,135
2024-03-18 05:50:00,53,41,44,0,138
2024-03-18 06:00:00,33,42,59,0,134
2024-03-18 06:10:00,26,52,66,0,144
2024-03-18 06:20:00,28,39,63,0,130
2024-03-18 06:30:00,27,28,61,0,116
2024-03-18 06:40:00,32,39,83,1,155
2024-03-18 06:50:00,47,38,86,1,172
2024-03-18 07:00:00,31,35,81,1,148
2024-03-18 07:10:00,29,38,82,2,151
2024-03-18 07:20:00,46,44,97,0,187
2024-03-18 07:30:00,40,37,104,1,182
2024-03-18 07:40:00,38,36,97,2,173
2024-03-18 07:50:00,39,23,103,2,167
2024-03-18 08:00:00,27,42,104,2,175
2024-03-18 08:10:00,37,9,67,9,122
2024-03-18 08:20:00,40,32,96,3,171
2024-03-18 08:30:00,41,38,91,2,172
2024-03-18 08:40:00,35,24,84,1,144
2024-03-18 08:50:00,32,33,72,4,141
2024-03-18 09:00:00,42,40,92,2,176
2024-03-18 09:10:00,40,43,97,3,183
2024-03-18 09:20:00,43,40,86,3,172
2024-03-18 09:30:00,42,40,87,1,170
2024-03-18 09:40:00,45,21,64,1,131
2024-03-18 09:50:00,34,44,89,2,169
2024-03-18 10:00:00,52,50,92,0,194
2024-03-18 10:10:00,35,36,78,2,151
2024-03-18 10:20:00,32,28,82,2,144
2024-03-18 10:30:00,40,32,74,7,153
2024-03-18 10:40:00,37,28,85,1,151
2024-03-18 10:50:00,37,25,62,1,125
2024-03-18 11:00:00,47,36,77,2,162
2024-03-18 11:10:00,33,43,92,3,171
2024-03-18 11:20:00,37,35,85,2,159
2024-03-18 11:30:00,38,22,62,2,124
2024-03-18 11:40:00,44,29,79,3,155
2024-03-18 11:50:00,28,22,69,0,119
2024-03-18 12:00:00,46,36,60,1,143
2024-03-18 12:10:00,27,27,60,3,117
2024-03-18 12:20:00,35,40,78,3,156
2024-03-18 12:30:00,45,40,88,3,176
2024-03-18 12:40:00,45,29,90,2,166
2024-03-18 12:50:00,33,18,68,1,120
2024-03-18 13:00:00,38,28,59,3,128
2024-03-18 13:10:00,38,35,82,5,160
2024-03-18 13:20:00,41,28,77,2,148
2024-03-18 13:30:00,33,30,77,1,141
2024-03-18 13:40:00,43,29,85,3,160
2024-03-18 13:50:00,42,39,76,1,158
2024-03-18 14:00:00,43,41,86,1,171
2024-03-18 14:10:00,31,46,87,2,166
2024-03-18 14:20:00,43,39,95,5,182
2024-03-18 14:30:00,33,36,74,2,145
2024-03-18 14:40:00,48,32,87,2,169
2024-03-18 14:50:00,48,35,87,3,173
2024-03-18 15:00:00,37,29,81,1,148
2024-03-18 15:10:00,45,32,94,4,175
2024-03-18 15:20:00,43,26,90,1,160
2024-03-18 15:30:00,47,40,84,4,175
2024-03-18 15:40:00,14,41,93,5,153
2024-03-18 15:50:00,9,45,105,3,162
2024-03-18 16:00:00,33,27,82,2,144
2024-03-18 16:10:00,35,18,77,2,132
2024-03-18 16:20:00,27,31,75,3,136
2024-03-18 16:30:00,12,25,108,1,146
2024-03-18 16:40:00,33,31,81,4,149
2024-03-18 16:50:00,58,29,89,4,180
2024-03-18 17:00:00,39,30,95,4,168
2024-03-18 17:10:00,6,26,116,7,155
2024-03-18 17:20:00,5,30,97,0,132
2024-03-18 17:30:00,24,21,58,4,107
2024-03-18 17:40:00,37,35,98,2,172
2024-03-18 17:50:00,45,40,86,1,172
2024-03-18 18:00:00,44,44,94,1,183
2024-03-18 18:10:00,42,36,91,3,172
2024-03-18 18:20:00,43,26,74,4,147
2024-03-18 18:30:00,56,38,86,2,182
2024-03-18 18:40:00,37,30,74,3,144
2024-03-18 18:50:00,50,39,72,2,163
2024-03-18 19:00:00,55,39,63,4,161
2024-03-18 19:10:00,63,45,45,2,155
2024-03-18 19:20:00,64,52,81,1,198
2024-03-18 19:30:00,60,47,66,2,175
2024-03-18 19:40:00,60,46,81,4,191
2024-03-18 19:50:00,57,47,61,1,166
2024-03-18 20:00:00,50,48,65,0,163
2024-03-18 20:10:00,41,44,56,2,143
2024-03-18 20:20:00,50,49,44,3,146
2024-03-18 20:30:00,47,41,52,0,140
2024-03-18 20:40:00,46,29,36,1,112
2024-03-18 20:50:00,35,43,48,0,126
2024-03-18 21:00:00,40,42,47,0,129
2024-03-18 21:10:00,43,39,32,0,114
2024-03-18 21:20:00,42,26,22,1,91
2024-03-18 21:30:00,36,24,30,0,90
2024-03-18 21:40:00,22,31,44,0,97
2024-03-18 21:50:00,23,21,22,0,66
2024-03-18 22:00:00,20,23,37,0,80
2024-03-18 22:10:00,21,29,35,0,85
2024-03-18 22:20:00,14,28,36,2,80
2024-03-18 22:30:00,20,37,32,0,89
2024-03-18 22:40:00,21,26,25,0,72
2024-03-18 22:50:00,21,17,18,1,57
2024-03-18 23:00:00,14,19,16,0,49
2024-03-18 23:10:00,25,17,14,0,56
2024-03-18 23:20:00,13,13,9,2,37
2024-03-18 23:30:00,11,16,13,0,40
2024-03-18 23:40:00,7,5,3,0,15
2024-03-18 23:50:00,14,7,5,0,26
2024-03-19 00:00:00,13,13,7,0,33
2024-03-19 00:10:00,11,5,3,0,19
2024-03-19 00:20:00,7,10,7,0,24
2024-03-19 00:30:00,11,8,9,0,28
2024-03-19 00:40:00,3,6,4,0,13
2024-03-19 00:50:00,6,4,3,0,13
2024-03-19 01:00:00,1,3,5,0,9
2024-03-19 01:10:00,2,1,1,0,4
2024-03-19 01:20:00,4,5,4,0,13
2024-03-19 01:30:00,1,7,5,0,13
2024-03-19 01:40:00,3,4,2,0,9
2024-03-19 01:50:00,2,2,2,0,6
2024-03-19 02:00:00,2,4,2,0,8
2024-03-19 02:10:00,7,6,4,0,17
2024-03-19 02:20:00,4,1,1,0,6
2024-03-19 02:30:00,0,3,3,0,6
2024-03-19 02:40:00,0,0,0,0,0
2024-03-19 02:50:00,1,2,3,0,6
2024-03-19 03:00:00,0,0,0,0,0
2024-03-19 03:10:00,1,0,0,0,1
2024-03-19 03:20:00,3,2,2,0,7
2024-03-19 03:30:00,4,3,3,0,10
2024-03-19 03:40:00,0,4,3,0,7
2024-03-19 03:50:00,2,4,5,0,11
2024-03-19 04:00:00,0,4,5,0,9
2024-03-19 04:10:00,4,1,1,0,6
2024-03-19 04:20:00,5,7,5,0,17
2024-03-19 04:30:00,2,13,12,0,27
2024-03-19 04:40:00,13,6,4,0,23
2024-03-19 04:50:00,10,7,6,0,23
2024-03-19 05:00:00,16,18,14,0,48
2024-03-19 05:10:00,16,17,18,0,51
2024-03-19 05:20:00,26,26,21,0,73
2024-03-19 05:30:00,28,35,39,0,102
2024-03-19 05:40:00,42,38,51,0,131
2024-03-19 05:50:00,41,31,40,0,112
2024-03-19 06:00:00,30,36,52,0,118
2024-03-19 06:10:00,40,49,64,0,153
2024-03-19 06:20:00,36,34,59,0,129
2024-03-19 06:30:00,32,28,61,1,122
2024-03-19 06:40:00,32,49,93,0,174
2024-03-19 06:50:00,32,37,90,1,160
2024-03-19 07:00:00,30,34,85,1,150
2024-03-19 07:10:00,34,41,81,1,157
2024-03-19 07:20:00,37,52,95,6,190
2024-03-19 07:30:00,42,23,96,2,163
2024-03-19 07:40:00,49,30,89,3,171
2024-03-19 07:50:00,34,37,94,1,166
2024-03-19 08:00:00,43,40,94,1,178
2024-03-19 08:10:00,38,27,104,5,174
2024-03-19 08:20:00,40,4,23,1,68
2024-03-19 08:30:00,39,16,75,1,131
2024-03-19 08:40:00,41,46,86,1,174
2024-03-19 08:50:00,41,31,94,3,169
2024-03-19 09:00:00,45,38,72,1,156
2024-03-19 09:10:00,36,39,78,5,158
2024-03-19 09:20:00,31,33,82,1,147
2024-03-19 09:30:00,40,37,74,2,153
2024-03-19 09:40:00,44,49,112,1,206
2024-03-19 09:50:00,34,38,75,2,149
2024-03-19 10:00:00,39,41,87,2,169
2024-03-19 10:10:00,38,50,94,0,182
2024-03-19 10:20:00,43,43,90,2,178
2024-03-19 10:30:00,36,34,87,1,158
2024-03-19 10:40:00,42,35,70,3,150
2024-03-19 10:50:00,38,51,90,2,181
2024-03-19 11:00:00,33,39,78,3,153
2024-03-19 11:10:00,52,44,85,2,183
2024-03-19 11:20:00,46,47,80,5,178
2024-03-19 11:30:00,50,43,69,1,163
2024-03-19 11:40:00,32,30,60,6,128
2024-03-19 11:50:00,41,32,71,4,148
2024-03-19 12:00:00,48,37,71,3,159
2024-03-19 12:10:00,34,27,61,2,124
2024-03-19 12:20:00,37,54,76,1,168
2024-03-19 12:30:00,33,33,60,4,130
2024-03-19 12:40:00,33,28,93,1,155
2024-03-19 12:50:00,44,44,65,1,154
2024-03-19 13:00:00,31,36,72,2,141
2024-03-19 13:10:00,37,37,94,3,171
2024-03-19 13:20:00,32,39,73,2,146
2024-03-19 13:30:00,43,51,86,2,182
2024-03-19 13:40:00,42,31,69,3,145
2024-03-19 13:50:00,30,31,73,3,137
2024-03-19 14:00:00,27,44,84,0,155
2024-03-19 14:10:00,40,40,89,2,171
2024-03-19 14:20:00,40,33,77,6,156
2024-03-19 14:30:00,38,33,72,1,144
2024-03-19 14:40:00,56,37,74,2,169
2024-03-19 14:50:00,51,39,84,2,176
2024-03-19 15:00:00,47,36,83,4,170
2024-03-19 15:10:00,48,38,78,0,164
2024-03-19 15:20:00,44,38,94,3,179
2024-03-19 15:30:00,28,34,92,4,158
2024-03-19 15:40:00,28,32,82,4,146
2024-03-19 15:50:00,21,36,98,2,157
2024-03-19 16:00:00,34,44,89,4,171
2024-03-19 16:10:00,41,27,100,2,170
2024-03-19 16:20:00,15,45,89,3,152
2024-03-19 16:30:00,15,25,93,9,142
2024-03-19 16:40:00,18,36,93,4,151
2024-03-19 16:50:00,34,30,81,4,149
2024-03-19 17:00:00,46,40,99,2,187
2024-03-19 17:10:00,45,29,85,4,163
2024-03-19 17:20:00,41,29,94,3,167
2024-03-19 17:30:00,45,40,91,1,177
2024-03-19 17:40:00,42,26,91,4,163
2024-03-19 17:50:00,38,29,85,5,157
2024-03-19 18:00:00,36,41,81,1,159
2024-03-19 18:10:00,39,36,92,3,170
2024-03-19 18:20:00,66,50,104,1,221
2024-03-19 18:30:00,35,45,82,1,163
2024-03-19 18:40:00,30,27,87,2,146
2024-03-19 18:50:00,51,46,102,1,200
2024-03-19 19:00:00,64,44,83,3,194
2024-03-19 19:10:00,71,50,77,2,200
2024-03-19 19:20:00,56,43,68,4,171
2024-03-19 19:30:00,47,55,70,1,173
2024-03-19 19:40:00,54,56,76,2,188
2024-03-19 19:50:00,47,58,86,2,193
2024-03-19 20:00:00,47,50,73,2,172
2024-03-19 20:10:00,41,36,49,2,128
2024-03-19 20:20:00,46,49,47,1,143
2024-03-19 20:30:00,46,49,47,1,143
2024-03-19 20:40:00,50,48,55,0,153
2024-03-19 20:50:00,45,44,44,0,133
2024-03-19 21:00:00,55,47,47,1,150
2024-03-19 21:10:00,47,43,45,1,136
2024-03-19 21:20:00,53,48,51,2,154
2024-03-19 21:30:00,55,39,37,0,131
2024-03-19 21:40:00,48,29,37,1,115
2024-03-19 21:50:00,36,36,34,0,106
2024-03-19 22:00:00,35,42,51,0,128
2024-03-19 22:10:00,37,52,49,0,138
2024-03-19 22:20:00,29,39,43,1,112
2024-03-19 22:30:00,35,31,35,0,101
2024-03-19 22:40:00,16,26,19,0,61
2024-03-19 22:50:00,24,20,19,0,63
2024-03-19 23:00:00,28,21,17,0,66
2024-03-19 23:10:00,20,19,14,1,54
2024-03-19 23:20:00,13,13,13,0,39
2024-03-19 23:30:00,8,18,15,0,41
2024-03-19 23:40:00,10,18,16,0,44
2024-03-19 23:50:00,15,15,15,1,46
2024-03-20 00:00:00,12,18,13,0,43
2024-03-20 00:10:00,4,11,8,0,23
2024-03-20 00:20:00,8,9,7,0,24
2024-03-20 00:30:00,9,6,7,0,22
2024-03-20 00:40:00,3,13,10,0,26
2024-03-20 00:50:00,5,8,7,0,20
2024-03-20 01:00:00,11,4,4,0,19
2024-03-20 01:10:00,7,8,6,0,21
2024-03-20 01:20:00,8,4,4,0,16
2024-03-20 01:30:00,4,4,4,0,12
2024-03-20 01:40:00,4,4,4,0,12
2024-03-20 01:50:00,0,3,1,0,4
2024-03-20 02:00:00,1,4,4,0,9
2024-03-20 02:10:00,3,4,4,0,11
2024-03-20 02:20:00,5,0,0,0,5
2024-03-20 02:30:00,5,5,6,0,16
2024-03-20 02:40:00,3,1,1,0,5
2024-03-20 02:50:00,0,2,2,0,4
2024-03-20 03:00:00,1,1,1,0,3
2024-03-20 03:10:00,2,2,2,0,6
2024-03-20 03:20:00,1,1,1,0,3
2024-03-20 03:30:00,3,2,2,0,7
2024-03-20 03:40:00,0,8,6,0,14
2024-03-20 03:50:00,3,2,2,0,7
2024-03-20 04:00:00,3,5,6,0,14
2024-03-20 04:10:00,8,4,5,0,17
2024-03-20 04:20:00,9,5,4,0,18
2024-03-20 04:30:00,8,8,8,0,24
2024-03-20 04:40:00,8,7,6,0,21
2024-03-20 04:50:00,5,8,9,0,22
2024-03-20 05:00:00,11,21,21,0,53
2024-03-20 05:10:00,17,21,19,0,57
2024-03-20 05:20:00,24,21,21,0,66
2024-03-20 05:30:00,43,36,32,0,111
2024-03-20 05:40:00,37,30,36,0,103
2024-03-20 05:50:00,58,33,48,0,139
2024-03-20 06:00:00,33,32,58,0,123
2024-03-20 06:10:00,36,41,52,0,129
2024-03-20 06:20:00,31,40,54,0,125
2024-03-20 06:30:00,15,45,75,0,135
2024-03-20 06:40:00,34,49,97,0,180
2024-03-20 06:50:00,31,40,92,1,164
2024-03-20 07:00:00,40,33,74,2,149
2024-03-20 07:10:00,37,42,93,0,172
2024-03-20 07:20:00,41,45,104,10,200
2024-03-20 07:30:00,39,24,87,3,153
2024-03-20 07:40:00,44,20,108,3,175
2024-03-20 07:50:00,44,33,107,0,184
2024-03-20 08:00:00,32,35,113,4,184
2024-03-20 08:10:00,34,42,87,3,166
2024-03-20 08:20:00,28,35,127,1,191
2024-03-20 08:30:00,33,36,91,3,163
2024-03-20 08:40:00,48,35,86,0,169
2024-03-20 08:50:00,44,39,106,1,190
2024-03-20 09:00:00,35,42,92,2,171
2024-03-20 09:10:00,29,37,75,3,144
2024-03-20 09:20:00,35,23,62,2,122
2024-03-20 09:30:00,35,42,81,2,160
2024-03-20 09:40:00,31,39,84,3,157
2024-03-20 09:50:00,33,27,75,4,139
2024-03-20 10:00:00,41,36,91,2,170
2024-03-20 10:10:00,50,43,77,1,171
2024-03-20 10:20:00,43,35,71,0,149
2024-03-20 10:30:00,40,46,73,1,160
2024-03-20 10:40:00,46,49,75,1,171
2024-03-20 10:50:00,30,35,67,2,134
2024-03-20 11:00:00,35,28,78,5,146
2024-03-20 11:10:00,40,26,65,1,132
2024-03-20 11:20:00,49,31,80,2,162
2024-03-20 11:30:00,44,28,81,3,156
2024-03-20 11:40:00,48,50,70,5,173
2024-03-20 11:50:00,35,30,85,4,154
2024-03-20 12:00:00,28,37,80,2,147
2024-03-20 12:10:00,45,28,64,4,141
2024-03-20 12:20:00,35,30,65,5,135
2024-03-20 12:30:00,32,33,91,1,157
2024-03-20 12:40:00,40,47,80,3,170
2024-03-20 12:50:00,41,35,86,4,166
2024-03-20 13:00:00,47,34,60,2,143
2024-03-20 13:10:00,31,39,88,4,162
2024-03-20 13:20:00,46,39,78,2,165
2024-03-20 13:30:00,21,51,80,3,155
2024-03-20 13:40:00,24,41,102,3,170
2024-03-20 13:50:00,43,42,86,7,178
2024-03-20 14:00:00,41,34,68,1,144
2024-03-20 14:10:00,37,31,82,5,155
2024-03-20 14:20:00,40,40,95,3,178
2024-03-20 14:30:00,44,22,76,3,145
2024-03-20 14:40:00,41,31,84,3,159
2024-03-20 14:50:00,49,47,77,1,174
2024-03-20 15:00:00,40,46,91,3,180
2024-03-20 15:10:00,54,38,94,1,187
2024-03-20 15:20:00,47,34,83,5,169
2024-03-20 15:30:00,38,23,85,5,151
2024-03-20 15:40:00,29,24,77,3,133
2024-03-20 15:50:00,41,31,74,1,147
2024-03-20 16:00:00,31,35,77,7,150
2024-03-20 16:10:00,6,30,81,1,118
2024-03-20 16:20:00,15,37,92,13,157
2024-03-20 16:30:00,26,24,76,3,129
2024-03-20 16:40:00,48,10,52,6,116
2024-03-20 16:50:00,31,28,75,5,139
2024-03-20 17:00:00,35,31,110,5,181
2024-03-20 17:10:00,38,33,89,2,162
2024-03-20 17:20:00,38,44,85,4,171
2024-03-20 17:30:00,35,21,74,5,135
2024-03-20 17:40:00,18,23,94,4,139
2024-03-20 17:50:00,41,27,97,8,173
2024-03-20 18:00:00,41,29,84,6,160
2024-03-20 18:10:00,43,38,84,1,166
2024-03-20 18:20:00,39,29,80,4,152
2024-03-20 18:30:00,45,41,85,3,174
2024-03-20 18:40:00,38,36,101,2,177
2024-03-20 18:50:00,61,49,122,2,234
2024-03-20 19:00:00,71,40,53,2,166
2024-03-20 19:10:00,60,48,93,4,205
2024-03-20 19:20:00,57,50,69,1,177
2024-03-20 19:30:00,69,52,59,3,183
2024-03-20 19:40:00,60,62,74,1,197
2024-03-20 19:50:00,61,45,59,2,167
2024-03-20 20:00:00,40,34,50,1,125
2024-03-20 20:10:00,43,48,50,0,141
2024-03-20 20:20:00,48,53,58,0,159
2024-03-20 20:30:00,46,40,51,2,139
2024-03-20 20:40:00,59,34,55,1,149
2024-03-20 20:50:00,47,50,51,0,148
2024-03-20 21:00:00,34,48,50,2,134
2024-03-20 21:10:00,50,43,35,0,128
2024-03-20 21:20:00,52,22,21,0,95
2024-03-20 21:30:00,48,31,28,0,107
2024-03-20 21:40:00,48,35,43,1,127
2024-03-20 21:50:00,32,27,34,0,93
2024-03-20 22:00:00,42,39,39,1,121
2024-03-20 22:10:00,32,51,59,1,143
2024-03-20 22:20:00,29,27,33,1,90
2024-03-20 22:30:00,29,48,40,0,117
2024-03-20 22:40:00,22,24,22,0,68
2024-03-20 22:50:00,25,27,25,0,77
2024-03-20 23:00:00,21,22,23,0,66
2024-03-20 23:10:00,20,17,15,0,52
2024-03-20 23:20:00,10,17,13,0,40
2024-03-20 23:30:00,13,14,9,0,36
2024-03-20 23:40:00,12,15,14,0,41
2024-03-20 23:50:00,13,6,6,0,25
2024-03-21 00:00:00,3,4,2,0,9
2024-03-21 00:10:00,9,13,10,0,32
2024-03-21 00:20:00,2,7,5,0,14
2024-03-21 00:30:00,3,12,8,0,23
2024-03-21 00:40:00,3,5,4,0,12
2024-03-21 00:50:00,10,4,3,0,17
2024-03-21 01:00:00,5,7,6,0,18
2024-03-21 01:10:00,3,8,6,0,17
2024-03-21 01:20:00,3,4,4,0,11
2024-03-21 01:30:00,7,6,3,0,16
2024-03-21 01:40:00,3,5,5,0,13
2024-03-21 01:50:00,7,1,1,0,9
2024-03-21 02:00:00,5,5,4,0,14
2024-03-21 02:10:00,1,1,2,0,4
2024-03-21 02:20:00,1,2,2,0,5
2024-03-21 02:30:00,7,2,1,0,10
2024-03-21 02:40:00,1,1,1,0,3
2024-03-21 02:50:00,6,1,1,0,8
2024-03-21 03:00:00,1,7,6,0,14
2024-03-21 03:10:00,1,1,1,0,3
2024-03-21 03:20:00,0,2,2,0,4
2024-03-21 03:30:00,2,4,2,0,8
2024-03-21 03:40:00,1,6,4,0,11
2024-03-21 03:50:00,4,3,3,0,10
2024-03-21 04:00:00,3,5,5,0,13
2024-03-21 04:10:00,6,7,4,0,17
2024-03-21 04:20:00,4,3,4,0,11
2024-03-21 04:30:00,4,7,6,0,17
2024-03-21 04:40:00,13,6,5,0,24
2024-03-21 04:50:00,11,10,9,0,30
2024-03-21 05:00:00,15,19,17,0,51
2024-03-21 05:10:00,14,24,24,0,62
2024-03-21 05:20:00,20,13,20,0,53
2024-03-21 05:30:00,35,28,30,0,93
2024-03-21 05:40:00,23,33,40,0,96
2024-03-21 05:50:00,44,31,42,0,117
2024-03-21 06:00:00,35,32,47,0,114
2024-03-21 06:10:00,26,53,80,0,159
2024-03-21 06:20:00,23,35,49,0,107
2024-03-21 06:30:00,29,29,60,0,118
2024-03-21 06:40:00,35,46,91,0,172
2024-03-21 06:50:00,32,47,78,1,158
2024-03-21 07:00:00,38,48,83,0,169
2024-03-21 07:10:00,26,43,93,0,162
2024-03-21 07:20:00,31,25,79,3,138
2024-03-21 07:30:00,39,40,93,12,184
2024-03-21 07:40:00,42,28,93,4,167
2024-03-21 07:50:00,38,30,106,2,176
2024-03-21 08:00:00,33,27,93,2,155
2024-03-21 08:10:00,40,38,101,1,180
2024-03-21 08:20:00,38,21,76,1,136
2024-03-21 08:30:00,56,44,95,1,196
2024-03-21 08:40:00,35,42,79,1,157
2024-03-21 08:50:00,30,41,99,2,172
2024-03-21 09:00:00,31,25,72,2,130
2024-03-21 09:10:00,48,39,69,2,158
2024-03-21 09:20:00,35,40,79,3,157
2024-03-21 09:30:00,34,35,83,6,158
2024-03-21 09:40:00,31,41,82,1,155
2024-03-21 09:50:00,41,48,83,2,174
2024-03-21 10:00:00,39,37,72,2,150
2024-03-21 10:10:00,42,34,72,3,151
2024-03-21 10:20:00,47,47,88,0,182
2024-03-21 10:30:00,40,49,81,1,171
2024-03-21 10:40:00,39,33,69,4,145
2024-03-21 10:50:00,32,28,72,4,136
2024-03-21 11:00:00,41,28,90,3,162
2024-03-21 11:10:00,39,37,74,5,155
2024-03-21 11:20:00,42,43,95,2,182
2024-03-21 11:30:00,37,34,76,2,149
2024-03-21 11:40:00,37,40,77,2,156
2024-03-21 11:50:00,43,26,71,0,140
2024-03-21 12:00:00,48,38,72,3,161
2024-03-21 12:10:00,50,44,74,3,171
2024-03-21 12:20:00,42,41,89,1,173
2024-03-21 12:30:00,46,53,87,5,191
2024-03-21 12:40:00,38,31,81,1,151
2024-03-21 12:50:00,46,45,122,2,215
2024-03-21 13:00:00,38,39,86,2,165
2024-03-21 13:10:00,38,39,92,3,172
2024-03-21 13:20:00,33,43,86,2,164
2024-03-21 13:30:00,21,34,82,1,138
2024-03-21 13:40:00,38,25,76,4,143
2024-03-21 13:50:00,45,53,99,1,198
2024-03-21 14:00:00,59,38,75,2,174
2024-03-21 14:10:00,38,33,90,3,164
2024-03-21 14:20:00,32,30,104,8,174
2024-03-21 14:30:00,39,34,91,2,166
2024-03-21 14:40:00,37,35,84,4,160
2024-03-21 14:50:00,44,35,90,5,174
2024-03-21 15:00:00,50,30,80,2,162
2024-03-21 15:10:00,44,30,84,0,158
2024-03-21 15:20:00,53,37,107,2,199
2024-03-21 15:30:00,40,39,79,6,164
2024-03-21 15:40:00,44,39,88,5,176
2024-03-21 15:50:00,39,38,89,2,168
2024-03-21 16:00:00,42,21,87,7,157
2024-03-21 16:10:00,33,24,79,2,138
2024-03-21 16:20:00,31,34,93,3,161
2024-03-21 16:30:00,18,40,102,4,164
2024-03-21 16:40:00,50,36,88,1,175
2024-03-21 16:50:00,36,29,89,6,160
2024-03-21 17:00:00,47,46,87,2,182
2024-03-21 17:10:00,48,9,69,4,130
2024-03-21 17:20:00,37,28,62,12,139
2024-03-21 17:30:00,40,25,89,3,157
2024-03-21 17:40:00,47,34,90,3,174
2024-03-21 17:50:00,38,25,69,3,135
2024-03-21 18:00:00,51,31,74,3,159
2024-03-21 18:10:00,30,18,88,4,140
2024-03-21 18:20:00,27,30,88,3,148
2024-03-21 18:30:00,38,29,70,2,139
2024-03-21 18:40:00,45,32,97,2,176
2024-03-21 18:50:00,45,34,94,3,176
2024-03-21 19:00:00,74,58,79,2,213
2024-03-21 19:10:00,61,67,86,2,216
2024-03-21 19:20:00,73,47,88,1,209
2024-03-21 19:30:00,55,52,72,1,180
2024-03-21 19:40:00,66,54,54,2,176
2024-03-21 19:50:00,49,54,76,2,181
2024-03-21 20:00:00,51,50,70,2,173
2024-03-21 20:10:00,44,45,54,3,146
2024-03-21 20:20:00,48,35,52,2,137
2024-03-21 20:30:00,44,55,47,0,146
2024-03-21 20:40:00,49,45,52,1,147
2024-03-21 20:50:00,50,42,50,1,143
2024-03-21 21:00:00,31,39,38,1,109
2024-03-21 21:10:00,50,54,42,1,147
2024-03-21 21:20:00,53,33,35,0,121
2024-03-21 21:30:00,38,31,35,3,107
2024-03-21 21:40:00,44,38,46,0,128
2024-03-21 21:50:00,45,49,50,1,145
2024-03-21 22:00:00,33,35,39,0,107
2024-03-21 22:10:00,36,30,32,0,98
2024-03-21 22:20:00,25,37,36,0,98
2024-03-21 22:30:00,34,44,38,0,116
2024-03-21 22:40:00,20,32,29,0,81
2024-03-21 22:50:00,19,20,21,2,62
2024-03-21 23:00:00,29,28,24,0,81
2024-03-21 23:10:00,17,16,17,0,50
2024-03-21 23:20:00,25,24,26,0,75
2024-03-21 23:30:00,26,21,18,0,65
2024-03-21 23:40:00,8,18,18,0,44
2024-03-21 23:50:00,29,14,13,0,56
2024-03-22 00:00:00,20,19,14,1,54
2024-03-22 00:10:00,6,12,11,0,29
2024-03-22 00:20:00,13,13,10,0,36
2024-03-22 00:30:00,7,12,9,1,29
2024-03-22 00:40:00,6,10,6,0,22
2024-03-22 00:50:00,2,11,8,0,21
2024-03-22 01:00:00,7,4,2,0,13
2024-03-22 01:10:00,7,7,7,0,21
2024-03-22 01:20:00,1,6,5,0,12
2024-03-22 01:30:00,5,3,2,0,10
2024-03-22 01:40:00,4,2,2,0,8
2024-03-22 01:50:00,3,0,0,0,3
2024-03-22 02:00:00,1,3,3,0,7
2024-03-22 02:10:00,3,4,3,0,10
2024-03-22 02:20:00,4,1,1,0,6
2024-03-22 02:30:00,5,3,3,0,11
2024-03-22 02:40:00,0,4,4,0,8
2024-03-22 02:50:00,4,1,1,0,6
2024-03-22 03:00:00,2,5,3,0,10
2024-03-22 03:10:00,3,0,0,0,3
2024-03-22 03:20:00,6,6,5,0,17
2024-03-22 03:30:00,1,4,2,0,7
2024-03-22 03:40:00,1,3,3,0,7
2024-03-22 03:50:00,3,4,4,0,11
2024-03-22 04:00:00,3,6,6,0,15
2024-03-22 04:10:00,6,4,3,0,13
2024-03-22 04:20:00,8,3,2,0,13
2024-03-22 04:30:00,3,7,7,0,17
2024-03-22 04:40:00,6,11,12,0,29
2024-03-22 04:50:00,11,7,7,0,25
2024-03-22 05:00:00,12,23,23,0,58
2024-03-22 05:10:00,14,15,12,0,41
2024-03-22 05:20:00,17,19,19,0,55
2024-03-22 05:30:00,44,30,33,0,107
2024-03-22 05:40:00,29,30,35,0,94
2024-03-22 05:50:00,49,32,41,0,122
2024-03-22 06:00:00,22,31,38,0,91
2024-03-22 06:10:00,27,43,60,0,130
2024-03-22 06:20:00,24,26,48,0,98
2024-03-22 06:30:00,25,32,57,0,114
2024-03-22 06:40:00,27,37,65,0,129
2024-03-22 06:50:00,32,42,98,0,172
2024-03-22 07:00:00,37,42,68,2,149
2024-03-22 07:10:00,32,42,69,0,143
2024-03-22 07:20:00,32,46,94,2,174
2024-03-22 07:30:00,37,42,111,3,193
2024-03-22 07:40:00,38,44,96,2,180
2024-03-22 07:50:00,28,28,97,2,155
2024-03-22 08:00:00,40,36,88,2,166
2024-03-22 08:10:00,35,43,80,3,161
2024-03-22 08:20:00,44,47,92,1,184
2024-03-22 08:30:00,44,42,76,3,165
2024-03-22 08:40:00,37,31,82,4,154
2024-03-22 08:50:00,48,29,87,2,166
2024-03-22 09:00:00,44,41,81,0,166
2024-03-22 09:10:00,25,31,78,3,137
2024-03-22 09:20:00,40,32,62,3,137
2024-03-22 09:30:00,30,39,81,1,151
2024-03-22 09:40:00,48,46,94,1,189
2024-03-22 09:50:00,39,49,98,1,187
2024-03-22 10:00:00,38,34,76,4,152
2024-03-22 10:10:00,33,36,92,9,170
2024-03-22 10:20:00,32,39,82,3,156
2024-03-22 10:30:00,42,21,66,2,131
2024-03-22 10:40:00,54,47,92,4,197
2024-03-22 10:50:00,33,29,80,4,146
2024-03-22 11:00:00,47,31,93,1,172
2024-03-22 11:10:00,48,32,72,4,156
2024-03-22 11:20:00,40,39,93,3,175
2024-03-22 11:30:00,40,56,81,0,177
2024-03-22 11:40:00,41,34,98,1,174
2024-03-22 11:50:00,42,54,86,4,186
2024-03-22 12:00:00,37,31,62,2,132
2024-03-22 12:10:00,52,39,87,6,184
2024-03-22 12:20:00,52,46,100,2,200
2024-03-22 12:30:00,30,36,86,2,154
2024-03-22 12:40:00,30,27,101,1,159
2024-03-22 12:50:00,51,38,107,1,197
2024-03-22 13:00:00,15,24,101,1,141
2024-03-22 13:10:00,22,28,85,2,137
2024-03-22 13:20:00,54,50,105,1,210
2024-03-22 13:30:00,43,45,87,1,176
2024-03-22 13:40:00,49,34,87,3,173
2024-03-22 13:50:00,40,29,95,4,168
2024-03-22 14:00:00,57,20,79,4,160
2024-03-22 14:10:00,44,22,89,4,159
2024-03-22 14:20:00,41,20,96,3,160
2024-03-22 14:30:00,41,24,98,7,170
2024-03-22 14:40:00,26,35,89,5,155
2024-03-22 14:50:00,39,17,51,1,108
2024-03-22 15:00:00,35,2,29,2,68
2024-03-22 15:10:00,50,3,34,2,89
2024-03-22 15:20:00,3,3,44,2,52
2024-03-22 15:30:00,18,0,38,1,57
2024-03-22 15:40:00,20,19,95,3,137
2024-03-22 15:50:00,38,21,82,3,144
2024-03-22 16:00:00,36,40,87,4,167
2024-03-22 16:10:00,58,40,89,2,189
2024-03-22 16:20:00,44,29,92,5,170
2024-03-22 16:30:00,44,40,90,2,176
2024-03-22 16:40:00,41,36,80,1,158
2024-03-22 16:50:00,53,24,90,4,171
2024-03-22 17:00:00,39,29,96,2,166
2024-03-22 17:10:00,46,43,109,2,200
2024-03-22 17:20:00,42,24,89,6,161
2024-03-22 17:30:00,39,38,80,3,160
2024-03-22 17:40:00,39,25,81,2,147
2024-03-22 17:50:00,47,16,73,5,141
2024-03-22 18:00:00,49,37,91,1,178
2024-03-22 18:10:00,46,34,100,8,188
2024-03-22 18:20:00,46,38,74,3,161
2024-03-22 18:30:00,21,27,59,1,108
2024-03-22 18:40:00,12,16,27,2,57
2024-03-22 18:50:00,15,27,67,2,111
2024-03-22 19:00:00,63,55,90,1,209
2024-03-22 19:10:00,72,52,83,3,210
2024-03-22 19:20:00,61,51,79,0,191
2024-03-22 19:30:00,65,48,63,2,178
2024-03-22 19:40:00,58,45,71,1,175
2024-03-22 19:50:00,50,56,93,2,201
2024-03-22 20:00:00,51,34,56,0,141
2024-03-22 20:10:00,47,38,60,1,146
2024-03-22 20:20:00,70,51,58,1,180
2024-03-22 20:30:00,55,52,62,1,170
2024-03-22 20:40:00,34,47,62,1,144
2024-03-22 20:50:00,34,40,46,0,120
2024-03-22 21:00:00,39,34,32,1,106
2024-03-22 21:10:00,53,37,49,2,141
2024-03-22 21:20:00,36,44,44,1,125
2024-03-22 21:30:00,41,30,37,0,108
2024-03-22 21:40:00,45,31,44,1,121
2024-03-22 21:50:00,49,26,28,0,103
2024-03-22 22:00:00,34,46,48,0,128
2024-03-22 22:10:00,51,37,43,0,131
2024-03-22 22:20:00,38,45,58,0,141
2024-03-22 22:30:00,32,36,34,0,102
2024-03-22 22:40:00,28,23,25,0,76
2024-03-22 22:50:00,21,36,34,0,91
2024-03-22 23:00:00,40,25,32,0,97
2024-03-22 23:10:00,37,20,17,3,77
2024-03-22 23:20:00,37,28,29,0,94
2024-03-22 23:30:00,28,31,33,2,94
2024-03-22 23:40:00,22,22,24,0,68
2024-03-22 23:50:00,23,22,19,0,64
2024-03-23 00:00:00,26,22,14,0,62
2024-03-23 00:10:00,22,32,31,0,85
2024-03-23 00:20:00,17,28,20,0,65
2024-03-23 00:30:00,15,13,14,0,42
2024-03-23 00:40:00,19,13,20,0,52
2024-03-23 00:50:00,17,10,11,0,38
2024-03-23 01:00:00,12,19,17,0,48
2024-03-23 01:10:00,10,17,12,0,39
2024-03-23 01:20:00,9,10,10,0,29
2024-03-23 01:30:00,10,14,10,0,34
2024-03-23 01:40:00,17,10,7,0,34
2024-03-23 01:50:00,10,13,14,0,37
2024-03-23 02:00:00,7,11,7,0,25
2024-03-23 02:10:00,9,12,12,0,33
2024-03-23 02:20:00,10,4,4,0,18
2024-03-23 02:30:00,13,12,9,0,34
2024-03-23 02:40:00,5,5,3,0,13
2024-03-23 02:50:00,5,3,2,0,10
2024-03-23 03:00:00,6,4,2,0,12
2024-03-23 03:10:00,4,4,4,0,12
2024-03-23 03:20:00,18,1,1,0,20
2024-03-23 03:30:00,7,5,3,0,15
2024-03-23 03:40:00,7,6,7,0,20
2024-03-23 03:50:00,8,3,3,0,14
2024-03-23 04:00:00,1,8,6,0,15
2024-03-23 04:10:00,8,10,6,0,24
2024-03-23 04:20:00,13,5,3,0,21
2024-03-23 04:30:00,3,8,6,0,17
2024-03-23 04:40:00,5,6,6,0,17
2024-03-23 04:50:00,6,5,5,0,16
2024-03-23 05:00:00,6,7,6,0,19
2024-03-23 05:10:00,6,12,11,0,29
2024-03-23 05:20:00,13,9,7,0,29
2024-03-23 05:30:00,16,13,14,0,43
2024-03-23 05:40:00,18,21,15,0,54
2024-03-23 05:50:00,9,11,14,1,35
2024-03-23 06:00:00,8,14,26,0,48
2024-03-23 06:10:00,11,20,29,0,60
2024-03-23 06:20:00,12,12,17,0,41
2024-03-23 06:30:00,11,14,22,0,47
2024-03-23 06:40:00,15,16,22,0,53
2024-03-23 06:50:00,15,14,16,0,45
2024-03-23 07:00:00,20,17,17,0,54
2024-03-23 07:10:00,9,20,24,0,53
2024-03-23 07:20:00,9,21,24,1,55
2024-03-23 07:30:00,12,27,32,0,71
2024-03-23 07:40:00,15,22,21,0,58
2024-03-23 07:50:00,18,22,28,1,69
2024-03-23 08:00:00,21,27,36,1,85
2024-03-23 08:10:00,21,23,30,0,74
2024-03-23 08:20:00,25,34,39,0,98
2024-03-23 08:30:00,26,36,49,1,112
2024-03-23 08:40:00,30,41,69,1,141
2024-03-23 08:50:00,33,41,57,3,134
2024-03-23 09:00:00,38,35,49,0,122
2024-03-23 09:10:00,33,31,54,3,121
2024-03-23 09:20:00,30,42,69,0,141
2024-03-23 09:30:00,37,47,72,1,157
2024-03-23 09:40:00,32,43,82,2,159
2024-03-23 09:50:00,40,49,85,1,175
2024-03-23 10:00:00,35,39,68,1,143
2024-03-23 10:10:00,39,46,82,1,168
2024-03-23 10:20:00,47,47,100,0,194
2024-03-23 10:30:00,50,37,72,1,160
2024-03-23 10:40:00,35,35,71,2,143
2024-03-23 10:50:00,46,47,84,1,178
2024-03-23 11:00:00,44,44,70,2,160
2024-03-23 11:10:00,40,38,66,1,145
2024-03-23 11:20:00,30,30,75,4,139
2024-03-23 11:30:00,44,33,82,3,162
2024-03-23 11:40:00,40,37,86,2,165
2024-03-23 11:50:00,38,39,90,4,171
2024-03-23 12:00:00,49,44,89,1,183
2024-03-23 12:10:00,47,50,94,2,193
2024-03-23 12:20:00,38,32,86,1,157
2024-03-23 12:30:00,44,30,80,0,154
2024-03-23 12:40:00,45,38,89,0,172
2024-03-23 12:50:00,54,48,80,3,185
2024-03-23 13:00:00,50,39,95,2,186
2024-03-23 13:10:00,48,34,89,2,173
2024-03-23 13:20:00,50,50,84,1,185
2024-03-23 13:30:00,52,44,98,1,195
2024-03-23 13:40:00,36,32,77,2,147
2024-03-23 13:50:00,42,32,70,4,148
2024-03-23 14:00:00,61,45,93,3,202
2024-03-23 14:10:00,47,43,92,0,182
2024-03-23 14:20:00,35,43,96,1,175
2024-03-23 14:30:00,47,50,98,0,195
2024-03-23 14:40:00,36,46,99,1,182
2024-03-23 14:50:00,40,42,79,2,163
2024-03-23 15:00:00,39,36,87,1,163
2024-03-23 15:10:00,47,38,85,2,172
2024-03-23 15:20:00,46,46,81,0,173
2024-03-23 15:30:00,45,37,68,1,151
2024-03-23 15:40:00,47,51,89,3,190
2024-03-23 15:50:00,36,41,91,2,170
2024-03-23 16:00:00,48,42,86,3,179
2024-03-23 16:10:00,36,34,70,3,143
2024-03-23 16:20:00,44,35,70,3,152
2024-03-23 16:30:00,53,38,83,2,176
2024-03-23 16:40:00,40,31,72,0,143
2024-03-23 16:50:00,44,38,73,3,158
2024-03-23 17:00:00,45,42,89,1,177
2024-03-23 17:10:00,49,38,68,1,156
2024-03-23 17:20:00,44,45,78,5,172
2024-03-23 17:30:00,43,32,60,3,138
2024-03-23 17:40:00,33,36,82,2,153
2024-03-23 17:50:00,35,34,91,2,162
2024-03-23 18:00:00,44,37,72,0,153
2024-03-23 18:10:00,39,47,95,1,182
2024-03-23 18:20:00,33,38,74,5,150
2024-03-23 18:30:00,43,40,83,1,167
2024-03-23 18:40:00,33,39,74,5,151
2024-03-23 18:50:00,33,35,75,4,147
2024-03-23 19:00:00,34,41,74,4,153
2024-03-23 19:10:00,55,56,85,1,197
2024-03-23 19:20:00,42,42,70,3,157
2024-03-23 19:30:00,69,38,70,1,178
2024-03-23 19:40:00,43,39,74,3,159
2024-03-23 19:50:00,49,58,64,1,172
2024-03-23 20:00:00,63,46,57,1,167
2024-03-23 20:10:00,54,54,58,0,166
2024-03-23 20:20:00,42,42,52,2,138
2024-03-23 20:30:00,54,41,36,1,132
2024-03-23 20:40:00,46,46,48,1,141
2024-03-23 20:50:00,36,38,40,1,115
2024-03-23 21:00:00,39,47,38,0,124
2024-03-23 21:10:00,31,36,42,0,109
2024-03-23 21:20:00,42,26,30,1,99
2024-03-23 21:30:00,37,44,44,0,125
2024-03-23 21:40:00,38,22,20,0,80
2024-03-23 21:50:00,33,45,30,0,108
2024-03-23 22:00:00,27,37,29,0,93
2024-03-23 22:10:00,33,35,30,0,98
2024-03-23 22:20:00,41,33,36,1,111
2024-03-23 22:30:00,15,39,42,0,96
2024-03-23 22:40:00,43,30,39,0,112
2024-03-23 22:50:00,17,34,38,0,89
2024-03-23 23:00:00,31,48,39,0,118
2024-03-23 23:10:00,32,26,26,1,85
2024-03-23 23:20:00,43,36,22,0,101
2024-03-23 23:30:00,32,34,32,0,98
2024-03-23 23:40:00,34,24,23,0,81
2024-03-23 23:50:00,31,21,22,0,74
2024-03-24 00:00:00,21,27,29,0,77
2024-03-24 00:10:00,16,17,21,0,54
2024-03-24 00:20:00,10,12,13,0,35
2024-03-24 00:30:00,16,11,11,0,38
2024-03-24 00:40:00,13,19,20,0,52
2024-03-24 00:50:00,9,14,17,0,40
2024-03-24 01:00:00,23,14,16,0,53
2024-03-24 01:10:00,14,24,17,0,55
2024-03-24 01:20:00,26,21,17,0,64
2024-03-24 01:30:00,26,9,5,0,40
2024-03-24 01:40:00,9,10,9,0,28
2024-03-24 01:50:00,11,7,8,0,26
2024-03-24 02:00:00,13,11,10,0,34
2024-03-24 02:10:00,3,5,5,0,13
2024-03-24 02:20:00,8,10,9,0,27
2024-03-24 02:30:00,10,11,6,0,27
2024-03-24 02:40:00,7,10,7,0,24
2024-03-24 02:50:00,6,10,5,0,21
2024-03-24 03:00:00,15,12,9,0,36
2024-03-24 03:10:00,8,1,2,0,11
2024-03-24 03:20:00,7,9,7,0,23
2024-03-24 03:30:00,8,9,8,0,25
2024-03-24 03:40:00,6,4,2,0,12
2024-03-24 03:50:00,1,6,4,0,11
2024-03-24 04:00:00,9,9,5,0,23
2024-03-24 04:10:00,5,8,6,0,19
2024-03-24 04:20:00,3,3,2,0,8
2024-03-24 04:30:00,2,6,4,0,12
2024-03-24 04:40:00,10,6,2,0,18
2024-03-24 04:50:00,2,3,4,0,9
2024-03-24 05:00:00,10,4,4,0,18
2024-03-24 05:10:00,3,10,8,0,21
2024-03-24 05:20:00,8,5,5,0,18
2024-03-24 05:30:00,11,11,10,0,32
2024-03-24 05:40:00,14,12,7,0,33
2024-03-24 05:50:00,5,14,10,0,29
2024-03-24 06:00:00,4,13,15,0,32
2024-03-24 06:10:00,6,14,14,0,34
2024-03-24 06:20:00,4,7,8,0,19
2024-03-24 06:30:00,5,8,7,0,20
2024-03-24 06:40:00,9,8,8,0,25
2024-03-24 06:50:00,10,9,9,0,28
2024-03-24 07:00:00,6,8,7,0,21
2024-03-24 07:10:00,4,6,7,1,18
2024-03-24 07:20:00,8,12,12,0,32
2024-03-24 07:30:00,9,5,5,0,19
2024-03-24 07:40:00,7,4,4,0,15
2024-03-24 07:50:00,5,8,10,0,23
2024-03-24 08:00:00,8,11,11,0,30
2024-03-24 08:10:00,10,8,8,0,26
2024-03-24 08:20:00,8,12,13,0,33
2024-03-24 08:30:00,12,17,20,0,49
2024-03-24 08:40:00,14,16,17,0,47
2024-03-24 08:50:00,15,20,19,0,54
2024-03-24 09:00:00,13,25,30,0,68
2024-03-24 09:10:00,17,19,19,0,55
2024-03-24 09:20:00,12,23,24,0,59
2024-03-24 09:30:00,11,24,31,0,66
2024-03-24 09:40:00,27,32,57,0,116
2024-03-24 09:50:00,23,39,50,0,112
2024-03-24 10:00:00,21,28,40,0,89
2024-03-24 10:10:00,29,33,40,0,102
2024-03-24 10:20:00,23,43,48,0,114
2024-03-24 10:30:00,23,33,40,0,96
2024-03-24 10:40:00,30,39,59,0,128
2024-03-24 10:50:00,28,31,45,1,105
2024-03-24 11:00:00,27,33,40,0,100
2024-03-24 11:10:00,37,28,39,0,104
2024-03-24 11:20:00,37,34,53,2,126
2024-03-24 11:30:00,27,34,49,0,110
2024-03-24 11:40:00,24,31,39,0,94
2024-03-24 11:50:00,27,30,45,1,103
2024-03-24 12:00:00,34,39,69,0,142
2024-03-24 12:10:00,27,37,56,0,120
2024-03-24 12:20:00,31,38,55,0,124
2024-03-24 12:30:00,33,41,65,0,139
2024-03-24 12:40:00,30,37,58,2,127
2024-03-24 12:50:00,34,33,57,0,124
2024-03-24 13:00:00,29,43,55,1,128
2024-03-24 13:10:00,39,32,43,0,114
2024-03-24 13:20:00,35,28,46,0,109
2024-03-24 13:30:00,38,43,65,0,146
2024-03-24 13:40:00,34,38,68,1,141
2024-03-24 13:50:00,37,43,61,0,141
2024-03-24 14:00:00,31,49,67,0,147
2024-03-24 14:10:00,40,44,66,1,151
2024-03-24 14:20:00,46,53,80,0,179
2024-03-24 14:30:00,37,46,72,1,156
2024-03-24 14:40:00,37,36,50,1,124
2024-03-24 14:50:00,41,34,53,3,131
2024-03-24 15:00:00,35,38,61,0,134
2024-03-24 15:10:00,33,39,54,0,126
2024-03-24 15:20:00,28,33,57,1,119
2024-03-24 15:30:00,35,47,60,1,143
2024-03-24 15:40:00,30,40,64,0,134
2024-03-24 15:50:00,29,39,52,1,121
2024-03-24 16:00:00,30,40,59,0,129
2024-03-24 16:10:00,30,31,56,2,119
2024-03-24 16:20:00,32,41,55,0,128
2024-03-24 16:30:00,30,41,56,1,128
2024-03-24 16:40:00,33,28,56,1,118
2024-03-24 16:50:00,28,44,66,1,139
2024-03-24 17:00:00,37,44,73,0,154
2024-03-24 17:10:00,32,43,83,1,159
2024-03-24 17:20:00,37,41,63,1,142
2024-03-24 17:30:00,38,33,69,0,140
2024-03-24 17:40:00,36,45,75,1,157
2024-03-24 17:50:00,31,44,79,0,154
2024-03-24 18:00:00,38,45,81,2,166
2024-03-24 18:10:00,39,38,71,1,149
2024-03-24 18:20:00,31,44,60,3,138
2024-03-24 18:30:00,35,37,79,1,152
2024-03-24 18:40:00,23,44,66,1,134
2024-03-24 18:50:00,31,42,64,2,139
2024-03-24 19:00:00,35,55,56,1,147
2024-03-24 19:10:00,25,63,77,1,166
2024-03-24 19:20:00,31,48,55,0,134
2024-03-24 19:30:00,36,59,63,0,158
2024-03-24 19:40:00,32,43,42,2,119
2024-03-24 19:50:00,54,34,50,0,138
2024-03-24 20:00:00,34,44,55,0,133
2024-03-24 20:10:00,46,50,52,1,149
2024-03-24 20:20:00,38,41,51,0,130
2024-03-24 20:30:00,46,35,31,0,112
2024-03-24 20:40:00,36,35,40,0,111
2024-03-24 20:50:00,32,33,36,3,104
2024-03-24 21:00:00,32,39,35,0,106
2024-03-24 21:10:00,41,41,40,0,122
2024-03-24 21:20:00,31,37,35,1,104
2024-03-24 21:30:00,44,29,21,0,94
2024-03-24 21:40:00,41,28,27,1,97
2024-03-24 21:50:00,40,28,25,0,93
2024-03-24 22:00:00,28,31,31,0,90
2024-03-24 22:10:00,21,23,25,0,69
2024-03-24 22:20:00,23,25,27,0,75
2024-03-24 22:30:00,17,19,20,0,56
2024-03-24 22:40:00,18,19,23,1,61
2024-03-24 22:50:00,20,19,10,1,50
2024-03-24 23:00:00,17,32,27,0,76
2024-03-24 23:10:00,21,14,15,0,50
2024-03-24 23:20:00,12,12,13,0,37
2024-03-24 23:30:00,14,5,4,1,24
2024-03-24 23:40:00,13,5,4,0,22
2024-03-24 23:50:00,14,11,9,0,34
2024-03-25 00:00:00,3,11,12,0,26
2024-03-25 00:10:00,9,10,8,0,27
2024-03-25 00:20:00,11,9,9,0,29
2024-03-25 00:30:00,4,6,4,0,14
2024-03-25 00:40:00,8,3,2,0,13
2024-03-25 00:50:00,3,7,7,0,17
2024-03-25 01:00:00,3,8,6,0,17
2024-03-25 01:10:00,4,9,6,0,19
2024-03-25 01:20:00,6,6,4,0,16
2024-03-25 01:30:00,3,5,5,0,13
2024-03-25 01:40:00,6,0,0,0,6
2024-03-25 01:50:00,4,1,1,0,6
2024-03-25 02:00:00,6,4,3,0,13
2024-03-25 02:10:00,2,3,2,0,7
2024-03-25 02:20:00,3,2,2,0,7
2024-03-25 02:30:00,3,6,4,0,13
2024-03-25 02:40:00,0,4,3,0,7
2024-03-25 02:50:00,7,0,0,0,7
2024-03-25 03:00:00,3,4,3,0,10
2024-03-25 03:10:00,8,2,2,0,12
2024-03-25 03:20:00,3,1,1,0,5
2024-03-25 03:30:00,3,0,0,0,3
2024-03-25 03:40:00,2,5,4,0,11
2024-03-25 03:50:00,2,7,6,0,15
2024-03-25 04:00:00,2,0,0,0,2
2024-03-25 04:10:00,8,7,3,0,18
2024-03-25 04:20:00,5,2,2,0,9
2024-03-25 04:30:00,12,6,4,0,22
2024-03-25 04:40:00,14,8,8,0,30
2024-03-25 04:50:00,7,7,8,0,22
2024-03-25 05:00:00,13,20,16,0,49
2024-03-25 05:10:00,10,10,9,0,29
2024-03-25 05:20:00,32,15,19,0,66
2024-03-25 05:30:00,41,46,43,0,130
2024-03-25 05:40:00,39,29,39,0,107
2024-03-25 05:50:00,43,33,28,1,105
2024-03-25 06:00:00,17,26,37,0,80
2024-03-25 06:10:00,24,35,63,0,122
2024-03-25 06:20:00,27,34,44,0,105
2024-03-25 06:30:00,17,27,47,0,91
2024-03-25 06:40:00,34,37,73,0,144
2024-03-25 06:50:00,33,41,81,0,155
2024-03-25 07:00:00,34,39,81,2,156
2024-03-25 07:10:00,36,41,91,1,169
2024-03-25 07:20:00,40,44,94,1,179
2024-03-25 07:30:00,39,48,104,0,191
2024-03-25 07:40:00,51,35,83,7,176
2024-03-25 07:50:00,31,30,69,4,134
2024-03-25 08:00:00,37,38,101,2,178
2024-03-25 08:10:00,35,37,81,3,156
2024-03-25 08:20:00,32,41,95,2,170
2024-03-25 08:30:00,36,40,79,1,156
2024-03-25 08:40:00,43,40,82,3,168
2024-03-25 08:50:00,41,33,72,3,149
2024-03-25 09:00:00,51,31,81,2,165
2024-03-25 09:10:00,38,37,89,3,167
2024-03-25 09:20:00,30,28,75,4,137
2024-03-25 09:30:00,41,40,70,2,153
2024-03-25 09:40:00,44,38,82,6,170
2024-03-25 09:50:00,29,42,84,5,160
2024-03-25 10:00:00,40,35,70,2,147
2024-03-25 10:10:00,31,37,68,1,137
2024-03-25 10:20:00,41,45,81,2,169
2024-03-25 10:30:00,32,47,74,1,154
2024-03-25 10:40:00,44,37,81,2,164
2024-03-25 10:50:00,25,25,89,3,142
2024-03-25 11:00:00,47,45,79,4,175
2024-03-25 11:10:00,41,29,87,2,159
2024-03-25 11:20:00,47,48,104,2,201
2024-03-25 11:30:00,45,29,63,3,140
2024-03-25 11:40:00,35,30,70,4,139
2024-03-25 11:50:00,47,50,97,5,199
2024-03-25 12:00:00,19,31,77,4,131
2024-03-25 12:10:00,36,30,75,5,146
2024-03-25 12:20:00,36,45,83,2,166
2024-03-25 12:30:00,48,36,67,2,153
2024-03-25 12:40:00,59,41,78,1,179
2024-03-25 12:50:00,48,38,81,2,169
2024-03-25 13:00:00,49,41,82,6,178
2024-03-25 13:10:00,36,42,88,1,167
2024-03-25 13:20:00,44,48,90,2,184
2024-03-25 13:30:00,39,6,78,7,130
2024-03-25 13:40:00,26,35,95,2,158
2024-03-25 13:50:00,39,36,84,3,162
2024-03-25 14:00:00,46,44,92,1,183
2024-03-25 14:10:00,38,35,79,2,154
2024-03-25 14:20:00,46,35,91,7,179
2024-03-25 14:30:00,36,23,69,5,133
2024-03-25 14:40:00,35,16,79,3,133
2024-03-25 14:50:00,22,30,73,9,134
2024-03-25 15:00:00,37,38,84,6,165
2024-03-25 15:10:00,49,35,57,1,142
2024-03-25 15:20:00,41,35,101,3,180
2024-03-25 15:30:00,47,25,76,3,151
2024-03-25 15:40:00,46,23,78,7,154
2024-03-25 15:50:00,20,22,102,3,147
2024-03-25 16:00:00,2,28,90,5,125
2024-03-25 16:10:00,12,44,89,1,146
2024-03-25 16:20:00,44,39,85,2,170
2024-03-25 16:30:00,45,25,108,4,182
2024-03-25 16:40:00,41,34,83,2,160
2024-03-25 16:50:00,50,36,106,3,195
2024-03-25 17:00:00,39,25,77,3,144
2024-03-25 17:10:00,42,40,104,1,187
2024-03-25 17:20:00,40,29,101,4,174
2024-03-25 17:30:00,34,32,94,1,161
2024-03-25 17:40:00,28,14,80,6,128
2024-03-25 17:50:00,36,42,86,4,168
2024-03-25 18:00:00,36,25,78,4,143
2024-03-25 18:10:00,48,41,82,4,175
2024-03-25 18:20:00,44,35,90,2,171
2024-03-25 18:30:00,37,36,78,6,157
2024-03-25 18:40:00,41,29,86,8,164
2024-03-25 18:50:00,37,37,83,1,158
2024-03-25 19:00:00,37,46,93,1,177
2024-03-25 19:10:00,63,39,74,2,178
2024-03-25 19:20:00,56,50,68,3,177
2024-03-25 19:30:00,59,37,69,1,166
2024-03-25 19:40:00,45,47,58,1,151
2024-03-25 19:50:00,55,42,50,1,148
2024-03-25 20:00:00,57,40,50,0,147
2024-03-25 20:10:00,52,46,44,2,144
2024-03-25 20:20:00,52,34,44,1,131
2024-03-25 20:30:00,46,38,35,0,119
2024-03-25 20:40:00,40,41,41,2,124
2024-03-25 20:50:00,47,40,41,1,129
2024-03-25 21:00:00,48,33,28,0,109
2024-03-25 21:10:00,40,31,29,1,101
2024-03-25 21:20:00,45,23,26,0,94
2024-03-25 21:30:00,44,33,37,0,114
2024-03-25 21:40:00,34,32,31,0,97
2024-03-25 21:50:00,42,26,27,0,95
2024-03-25 22:00:00,40,47,49,0,136
2024-03-25 22:10:00,34,41,39,3,117
2024-03-25 22:20:00,14,34,33,0,81
2024-03-25 22:30:00,43,24,19,0,86
2024-03-25 22:40:00,24,23,24,0,71
2024-03-25 22:50:00,26,19,16,0,61
2024-03-25 23:00:00,15,21,23,2,61
2024-03-25 23:10:00,32,12,13,0,57
2024-03-25 23:20:00,16,7,11,0,34
2024-03-25 23:30:00,16,15,14,0,45
2024-03-25 23:40:00,9,18,17,0,44
2024-03-25 23:50:00,12,17,13,0,42
2024-03-26 00:00:00,2,9,8,0,19
2024-03-26 00:10:00,13,7,8,0,28
2024-03-26 00:20:00,11,8,7,0,26
2024-03-26 00:30:00,7,6,9,0,22
2024-03-26 00:40:00,4,5,4,0,13
2024-03-26 00:50:00,9,6,6,0,21
2024-03-26 01:00:00,6,9,7,0,22
2024-03-26 01:10:00,7,10,8,0,25
2024-03-26 01:20:00,2,2,2,0,6
2024-03-26 01:30:00,2,2,1,0,5
2024-03-26 01:40:00,7,8,9,0,24
2024-03-26 01:50:00,3,4,5,0,12
2024-03-26 02:00:00,2,3,3,0,8
2024-03-26 02:10:00,4,4,3,0,11
2024-03-26 02:20:00,4,7,5,0,16
2024-03-26 02:30:00,2,2,2,0,6
2024-03-26 02:40:00,3,2,2,0,7
2024-03-26 02:50:00,0,1,1,0,2
2024-03-26 03:00:00,1,3,3,0,7
2024-03-26 03:10:00,0,4,5,0,9
2024-03-26 03:20:00,1,0,0,0,1
2024-03-26 03:30:00,3,2,1,0,6
2024-03-26 03:40:00,3,5,6,0,14
2024-03-26 03:50:00,0,3,4,0,7
2024-03-26 04:00:00,5,0,0,0,5
2024-03-26 04:10:00,3,4,3,0,10
2024-03-26 04:20:00,3,4,2,0,9
2024-03-26 04:30:00,7,5,4,0,16
2024-03-26 04:40:00,10,10,11,0,31
2024-03-26 04:50:00,4,8,7,0,19
2024-03-26 05:00:00,11,8,11,0,30
2024-03-26 05:10:00,20,17,19,0,56
2024-03-26 05:20:00,24,22,24,0,70
2024-03-26 05:30:00,39,29,38,0,106
2024-03-26 05:40:00,38,31,42,0,111
2024-03-26 05:50:00,35,32,40,1,108
2024-03-26 06:00:00,23,30,39,0,92
2024-03-26 06:10:00,28,28,63,0,119
2024-03-26 06:20:00,34,30,46,0,110
2024-03-26 06:30:00,25,29,50,0,104
2024-03-26 06:40:00,38,43,70,0,151
2024-03-26 06:50:00,34,50,86,1,171
2024-03-26 07:00:00,38,30,60,1,129
2024-03-26 07:10:00,34,41,93,0,168
2024-03-26 07:20:00,38,45,95,0,178
2024-03-26 07:30:00,46,45,83,1,175
2024-03-26 07:40:00,29,39,102,1,171
2024-03-26 07:50:00,30,35,73,2,140
2024-03-26 08:00:00,43,32,85,4,164
2024-03-26 08:10:00,41,36,73,2,152
2024-03-26 08:20:00,34,45,95,0,174
2024-03-26 08:30:00,34,44,89,2,169
2024-03-26 08:40:00,37,30,59,3,129
2024-03-26 08:50:00,41,41,82,2,166
2024-03-26 09:00:00,39,32,83,2,156
2024-03-26 09:10:00,39,40,85,3,167
2024-03-26 09:20:00,45,36,80,0,161
2024-03-26 09:30:00,36,47,93,1,177
2024-03-26 09:40:00,41,49,96,0,186
2024-03-26 09:50:00,44,39,85,1,169
2024-03-26 10:00:00,39,39,73,2,153
2024-03-26 10:10:00,44,48,85,0,177
2024-03-26 10:20:00,43,41,74,3,161
2024-03-26 10:30:00,41,44,74,2,161
2024-03-26 10:40:00,38,40,88,2,168
2024-03-26 10:50:00,49,43,85,3,180
2024-03-26 11:00:00,44,35,65,2,146
2024-03-26 11:10:00,36,42,77,4,159
2024-03-26 11:20:00,48,30,84,2,164
2024-03-26 11:30:00,39,37,73,5,154
2024-03-26 11:40:00,37,20,70,6,133
2024-03-26 11:50:00,42,35,89,3,169
2024-03-26 12:00:00,27,33,72,3,135
2024-03-26 12:10:00,31,36,84,2,153
2024-03-26 12:20:00,31,26,89,4,150
2024-03-26 12:30:00,33,36,61,5,135
2024-03-26 12:40:00,44,43,79,3,169
2024-03-26 12:50:00,27,28,67,2,124
2024-03-26 13:00:00,35,43,78,6,162
2024-03-26 13:10:00,40,42,92,2,176
2024-03-26 13:20:00,53,35,78,2,168
2024-03-26 13:30:00,53,51,99,1,204
2024-03-26 13:40:00,45,49,87,5,186
2024-03-26 13:50:00,49,36,76,5,166
2024-03-26 14:00:00,50,45,91,1,187
2024-03-26 14:10:00,43,39,89,1,172
2024-03-26 14:20:00,48,32,98,4,182
2024-03-26 14:30:00,46,42,97,2,187
2024-03-26 14:40:00,57,31,86,2,176
2024-03-26 14:50:00,23,28,50,1,102
2024-03-26 15:00:00,5,29,69,1,104
2024-03-26 15:10:00,33,33,96,4,166
2024-03-26 15:20:00,36,43,93,1,173
2024-03-26 15:30:00,7,38,89,1,135
2024-03-26 15:40:00,51,41,85,0,177
2024-03-26 15:50:00,27,35,79,3,144
2024-03-26 16:00:00,55,36,79,4,174
2024-03-26 16:10:00,17,29,81,3,130
2024-03-26 16:20:00,27,36,94,6,163
2024-03-26 16:30:00,18,26,79,6,129
2024-03-26 16:40:00,28,37,92,1,158
2024-03-26 16:50:00,52,37,96,2,187
2024-03-26 17:00:00,21,30,94,3,148
2024-03-26 17:10:00,37,12,47,3,99
2024-03-26 17:20:00,53,54,107,3,217
2024-03-26 17:30:00,45,38,99,2,184
2024-03-26 17:40:00,43,41,95,3,182
2024-03-26 17:50:00,40,38,103,2,183
2024-03-26 18:00:00,41,29,91,4,165
2024-03-26 18:10:00,38,39,81,3,161
2024-03-26 18:20:00,44,27,81,4,156
2024-03-26 18:30:00,45,38,80,1,164
2024-03-26 18:40:00,44,37,87,4,172
2024-03-26 18:50:00,47,34,62,0,143
2024-03-26 19:00:00,55,37,90,0,182
2024-03-26 19:10:00,61,52,64,4,181
2024-03-26 19:20:00,65,32,70,5,172
2024-03-26 19:30:00,68,46,62,0,176
2024-03-26 19:40:00,57,58,70,1,186
2024-03-26 19:50:00,60,40,48,2,150
2024-03-26 20:00:00,44,49,59,0,152
2024-03-26 20:10:00,46,49,51,1,147
2024-03-26 20:20:00,56,54,64,0,174
2024-03-26 20:30:00,48,40,41,0,129
2024-03-26 20:40:00,47,44,44,2,137
2024-03-26 20:50:00,47,36,41,1,125
2024-03-26 21:00:00,34,44,43,0,121
2024-03-26 21:10:00,40,30,32,1,103
2024-03-26 21:20:00,38,38,32,1,109
2024-03-26 21:30:00,49,29,22,0,100
2024-03-26 21:40:00,47,29,27,0,103
2024-03-26 21:50:00,37,38,43,0,118
2024-03-26 22:00:00,35,47,39,0,121
2024-03-26 22:10:00,30,33,40,1,104
2024-03-26 22:20:00,27,27,30,0,84
2024-03-26 22:30:00,26,28,23,0,77
2024-03-26 22:40:00,25,28,24,0,77
2024-03-26 22:50:00,35,27,24,0,86
2024-03-26 23:00:00,28,22,19,0,69
2024-03-26 23:10:00,12,15,14,0,41
2024-03-26 23:20:00,26,13,12,0,51
2024-03-26 23:30:00,12,19,20,0,51
2024-03-26 23:40:00,16,14,11,0,41
2024-03-26 23:50:00,11,6,7,0,24
2024-03-27 00:00:00,15,25,18,0,58
2024-03-27 00:10:00,9,10,7,0,26
2024-03-27 00:20:00,9,11,12,0,32
2024-03-27 00:30:00,4,10,13,0,27
2024-03-27 00:40:00,4,7,5,0,16
2024-03-27 00:50:00,12,9,10,0,31
2024-03-27 01:00:00,6,3,4,0,13
2024-03-27 01:10:00,3,6,4,0,13
2024-03-27 01:20:00,3,3,2,0,8
2024-03-27 01:30:00,2,6,7,0,15
2024-03-27 01:40:00,5,2,2,0,9
2024-03-27 01:50:00,5,3,2,0,10
2024-03-27 02:00:00,1,4,2,0,7
2024-03-27 02:10:00,4,4,4,0,12
2024-03-27 02:20:00,5,3,3,0,11
2024-03-27 02:30:00,5,6,5,0,16
2024-03-27 02:40:00,3,2,2,0,7
2024-03-27 02:50:00,4,1,1,0,6
2024-03-27 03:00:00,2,8,7,0,17
2024-03-27 03:10:00,1,4,3,0,8
2024-03-27 03:20:00,3,4,3,0,10
2024-03-27 03:30:00,4,0,0,0,4
2024-03-27 03:40:00,2,6,8,0,16
2024-03-27 03:50:00,3,4,4,0,11
2024-03-27 04:00:00,2,4,3,0,9
2024-03-27 04:10:00,4,4,3,0,11
2024-03-27 04:20:00,4,8,5,0,17
2024-03-27 04:30:00,7,3,4,0,14
2024-03-27 04:40:00,5,15,11,0,31
2024-03-27 04:50:00,10,8,9,0,27
2024-03-27 05:00:00,8,16,11,0,35
2024-03-27 05:10:00,17,27,16,0,60
2024-03-27 05:20:00,20,29,22,0,71
2024-03-27 05:30:00,43,33,39,1,116
2024-03-27 05:40:00,33,34,35,0,102
2024-03-27 05:50:00,35,26,42,0,103
2024-03-27 06:00:00,29,30,45,0,104
2024-03-27 06:10:00,26,32,60,0,118
2024-03-27 06:20:00,26,37,52,0,115
2024-03-27 06:30:00,18,32,54,1,105
2024-03-27 06:40:00,25,40,73,0,138
2024-03-27 06:50:00,31,47,82,1,161
2024-03-27 07:00:00,37,39,64,1,141
2024-03-27 07:10:00,42,46,88,0,176
2024-03-27 07:20:00,39,41,109,1,190
2024-03-27 07:30:00,36,45,102,1,184
2024-03-27 07:40:00,36,36,88,0,160
2024-03-27 07:50:00,44,42,90,2,178
2024-03-27 08:00:00,26,45,88,0,159
2024-03-27 08:10:00,41,44,86,1,172
2024-03-27 08:20:00,41,22,98,2,163
2024-03-27 08:30:00,52,38,86,1,177
2024-03-27 08:40:00,44,45,89,3,181
2024-03-27 08:50:00,45,43,83,2,173
2024-03-27 09:00:00,33,46,95,2,176
2024-03-27 09:10:00,25,38,81,0,144
2024-03-27 09:20:00,32,43,91,3,169
2024-03-27 09:30:00,45,42,93,1,181
2024-03-27 09:40:00,50,54,92,1,197
2024-03-27 09:50:00,40,39,74,1,154
2024-03-27 10:00:00,54,39,78,1,172
2024-03-27 10:10:00,34,22,71,4,131
2024-03-27 10:20:00,46,31,74,3,154
2024-03-27 10:30:00,40,40,92,3,175
2024-03-27 10:40:00,41,39,85,3,168
2024-03-27 10:50:00,40,21,67,1,129
2024-03-27 11:00:00,43,32,66,3,144
2024-03-27 11:10:00,41,31,69,3,144
2024-03-27 11:20:00,27,30,83,3,143
2024-03-27 11:30:00,31,35,75,2,143
2024-03-27 11:40:00,44,34,78,2,158
2024-03-27 11:50:00,41,39,78,2,160
2024-03-27 12:00:00,38,30,83,5,156
2024-03-27 12:10:00,43,38,91,4,176
2024-03-27 12:20:00,40,34,68,1,143
2024-03-27 12:30:00,45,41,81,1,168
2024-03-27 12:40:00,38,35,79,0,152
2024-03-27 12:50:00,26,27,81,5,139
2024-03-27 13:00:00,1,40,80,3,124
2024-03-27 13:10:00,50,47,98,1,196
2024-03-27 13:20:00,43,39,95,3,180
2024-03-27 13:30:00,39,45,76,2,162
2024-03-27 13:40:00,49,48,93,1,191
2024-03-27 13:50:00,41,32,70,6,149
2024-03-27 14:00:00,41,39,88,1,169
2024-03-27 14:10:00,42,44,92,3,181
2024-03-27 14:20:00,43,40,95,0,178
2024-03-27 14:30:00,57,49,108,1,215
2024-03-27 14:40:00,31,44,94,3,172
2024-03-27 14:50:00,9,38,86,3,136
2024-03-27 15:00:00,22,50,85,4,161
2024-03-27 15:10:00,40,35,102,1,178
2024-03-27 15:20:00,49,33,77,1,160
2024-03-27 15:30:00,56,46,113,2,217
2024-03-27 15:40:00,46,29,91,5,171
2024-03-27 15:50:00,46,41,97,5,189
2024-03-27 16:00:00,49,52,93,0,194
2024-03-27 16:10:00,6,33,99,3,141
2024-03-27 16:20:00,15,43,104,2,164
2024-03-27 16:30:00,6,31,99,5,141
2024-03-27 16:40:00,7,10,41,2,60
2024-03-27 16:50:00,0,17,81,3,101
2024-03-27 17:00:00,7,26,86,3,122
2024-03-27 17:10:00,1,4,49,1,55
2024-03-27 17:20:00,3,2,46,2,53
2024-03-27 17:30:00,16,15,91,3,125
2024-03-27 17:40:00,30,9,78,2,119
2024-03-27 17:50:00,20,24,77,3,124
2024-03-27 18:00:00,31,25,91,1,148
2024-03-27 18:10:00,28,24,89,0,141
2024-03-27 18:20:00,41,31,75,3,150
2024-03-27 18:30:00,33,37,102,2,174
2024-03-27 18:40:00,33,24,98,3,158
2024-03-27 18:50:00,32,26,100,0,158
2024-03-27 19:00:00,38,35,84,2,159
2024-03-27 19:10:00,25,26,71,4,126
2024-03-27 19:20:00,37,32,67,1,137
2024-03-27 19:30:00,25,32,74,3,134
2024-03-27 19:40:00,37,28,49,1,115
2024-03-27 19:50:00,33,29,66,2,130
2024-03-27 20:00:00,35,42,60,0,137
2024-03-27 20:10:00,29,30,52,1,112
2024-03-27 20:20:00,28,24,36,0,88
2024-03-27 20:30:00,29,35,46,1,111
2024-03-27 20:40:00,23,35,48,1,107
2024-03-27 20:50:00,28,32,46,1,107
2024-03-27 21:00:00,21,30,30,0,81
2024-03-27 21:10:00,31,41,40,0,112
2024-03-27 21:20:00,34,37,29,0,100
2024-03-27 21:30:00,30,38,30,1,99
2024-03-27 21:40:00,36,31,24,0,91
2024-03-27 21:50:00,30,36,46,0,112
2024-03-27 22:00:00,32,45,49,0,126
2024-03-27 22:10:00,31,34,40,0,105
2024-03-27 22:20:00,31,25,25,0,81
2024-03-27 22:30:00,37,24,21,0,82
2024-03-27 22:40:00,31,32,32,1,96
2024-03-27 22:50:00,24,28,24,0,76
2024-03-27 23:00:00,26,26,23,0,75
2024-03-27 23:10:00,20,26,19,0,65
2024-03-27 23:20:00,16,19,17,0,52
2024-03-27 23:30:00,21,13,12,0,46
2024-03-27 23:40:00,27,9,11,0,47
2024-03-27 23:50:00,15,14,12,0,41
2024-03-28 00:00:00,8,14,8,0,30
2024-03-28 00:10:00,11,11,10,0,32
2024-03-28 00:20:00,16,9,9,0,34
2024-03-28 00:30:00,7,11,7,0,25
2024-03-28 00:40:00,7,12,10,0,29
2024-03-28 00:50:00,10,5,4,1,20
2024-03-28 01:00:00,5,11,6,0,22
2024-03-28 01:10:00,4,11,10,0,25
2024-03-28 01:20:00,4,9,5,0,18
2024-03-28 01:30:00,8,5,4,0,17
2024-03-28 01:40:00,5,7,4,0,16
2024-03-28 01:50:00,5,5,4,0,14
2024-03-28 02:00:00,4,2,2,0,8
2024-03-28 02:10:00,1,2,2,0,5
2024-03-28 02:20:00,3,9,5,0,17
2024-03-28 02:30:00,5,7,6,0,18
2024-03-28 02:40:00,2,2,2,0,6
2024-03-28 02:50:00,1,5,5,0,11
2024-03-28 03:00:00,2,0,0,0,2
2024-03-28 03:10:00,4,1,1,0,6
2024-03-28 03:20:00,3,8,5,0,16
2024-03-28 03:30:00,2,2,2,0,6
2024-03-28 03:40:00,1,5,4,0,10
2024-03-28 03:50:00,10,5,4,0,19
2024-03-28 04:00:00,7,9,4,0,20
2024-03-28 04:10:00,2,3,1,0,6
2024-03-28 04:20:00,4,4,4,0,12
2024-03-28 04:30:00,4,4,7,0,15
2024-03-28 04:40:00,12,10,7,0,29
2024-03-28 04:50:00,4,7,10,0,21
2024-03-28 05:00:00,9,22,20,0,51
2024-03-28 05:10:00,24,19,16,0,59
2024-03-28 05:20:00,20,17,19,0,56
2024-03-28 05:30:00,33,33,31,0,97
2024-03-28 05:40:00,32,30,33,0,95
2024-03-28 05:50:00,31,33,36,0,100
2024-03-28 06:00:00,15,23,39,0,77
2024-03-28 06:10:00,27,28,50,0,105
2024-03-28 06:20:00,28,31,41,0,100
2024-03-28 06:30:00,27,28,54,0,109
2024-03-28 06:40:00,22,39,70,0,131
2024-03-28 06:50:00,26,42,75,0,143
2024-03-28 07:00:00,39,36,70,0,145
2024-03-28 07:10:00,38,47,82,1,168
2024-03-28 07:20:00,33,33,71,2,139
2024-03-28 07:30:00,40,40,89,1,170
2024-03-28 07:40:00,33,32,83,4,152
2024-03-28 07:50:00,41,38,83,1,163
2024-03-28 08:00:00,38,39,72,6,155
2024-03-28 08:10:00,38,34,72,2,146
2024-03-28 08:20:00,31,38,92,1,162
2024-03-28 08:30:00,40,38,82,0,160
2024-03-28 08:40:00,41,35,77,3,156
2024-03-28 08:50:00,44,33,90,1,168
2024-03-28 09:00:00,38,39,102,0,179
2024-03-28 09:10:00,35,30,79,1,145
2024-03-28 09:20:00,38,41,76,1,156
2024-03-28 09:30:00,26,32,97,2,157
2024-03-28 09:40:00,37,38,74,3,152
2024-03-28 09:50:00,35,42,81,0,158
2024-03-28 10:00:00,38,35,73,3,149
2024-03-28 10:10:00,34,32,75,2,143
2024-03-28 10:20:00,37,30,69,2,138
2024-03-28 10:30:00,36,30,82,2,150
2024-03-28 10:40:00,42,41,90,1,174
2024-03-28 10:50:00,42,24,79,0,145
2024-03-28 11:00:00,42,41,89,2,174
2024-03-28 11:10:00,51,40,110,1,202
2024-03-28 11:20:00,41,37,95,1,174
2024-03-28 11:30:00,46,42,95,1,184
2024-03-28 11:40:00,44,35,85,2,166
2024-03-28 11:50:00,46,43,101,3,193
2024-03-28 12:00:00,42,34,113,1,190
2024-03-28 12:10:00,43,35,67,2,147
2024-03-28 12:20:00,31,34,95,2,162
2024-03-28 12:30:00,43,49,100,2,194
2024-03-28 12:40:00,34,33,105,3,175
2024-03-28 12:50:00,40,38,84,2,164
2024-03-28 13:00:00,45,43,84,0,172
2024-03-28 13:10:00,55,44,94,2,195
2024-03-28 13:20:00,44,40,105,5,194
2024-03-28 13:30:00,45,53,98,2,198
2024-03-28 13:40:00,37,32,81,5,155
2024-03-28 13:50:00,50,42,90,3,185
2024-03-28 14:00:00,27,36,100,3,166
2024-03-28 14:10:00,40,26,101,3,170
2024-03-28 14:20:00,39,31,84,3,157
2024-03-28 14:30:00,50,37,98,5,190
2024-03-28 14:40:00,25,15,66,2,108
2024-03-28 14:50:00,3,25,89,2,119
2024-03-28 15:00:00,2,35,111,4,152
2024-03-28 15:10:00,28,31,95,7,161
2024-03-28 15:20:00,16,11,69,2,98
2024-03-28 15:30:00,5,13,45,2,65
2024-03-28 15:40:00,7,6,43,5,61
2024-03-28 15:50:00,7,2,17,4,30
2024-03-28 16:00:00,4,5,57,2,68
2024-03-28 16:10:00,2,35,112,1,150
2024-03-28 16:20:00,0,37,84,5,126
2024-03-28 16:30:00,4,20,109,2,135
2024-03-28 16:40:00,5,33,96,3,137
2024-03-28 16:50:00,1,28,103,6,138
2024-03-28 17:00:00,4,34,98,2,138
2024-03-28 17:10:00,6,9,44,4,63
2024-03-28 17:20:00,0,22,100,4,126
2024-03-28 17:30:00,3,33,105,2,143
2024-03-28 17:40:00,1,35,86,3,125
2024-03-28 17:50:00,18,27,103,2,150
2024-03-28 18:00:00,56,32,74,4,166
2024-03-28 18:10:00,58,42,92,0,192
2024-03-28 18:20:00,34,35,112,1,182
2024-03-28 18:30:00,44,28,99,3,174
2024-03-28 18:40:00,46,47,110,3,206
2024-03-28 18:50:00,39,22,103,5,169
2024-03-28 19:00:00,38,28,91,1,158
2024-03-28 19:10:00,75,45,88,1,209
2024-03-28 19:20:00,71,43,79,5,198
2024-03-28 19:30:00,59,48,64,3,174
2024-03-28 19:40:00,72,51,70,1,194
2024-03-28 19:50:00,53,41,60,1,155
2024-03-28 20:00:00,70,60,80,1,211
2024-03-28 20:10:00,53,43,68,1,165
2024-03-28 20:20:00,58,51,75,3,187
2024-03-28 20:30:00,62,54,58,0,174
2024-03-28 20:40:00,43,38,68,3,152
2024-03-28 20:50:00,52,44,44,2,142
2024-03-28 21:00:00,49,37,44,1,131
2024-03-28 21:10:00,49,26,34,0,109
2024-03-28 21:20:00,48,31,31,0,110
2024-03-28 21:30:00,49,42,42,0,133
2024-03-28 21:40:00,43,34,38,1,116
2024-03-28 21:50:00,46,35,32,0,113
2024-03-28 22:00:00,50,33,33,0,116
2024-03-28 22:10:00,47,32,26,0,105
2024-03-28 22:20:00,39,33,35,1,108
2024-03-28 22:30:00,30,36,36,0,102
2024-03-28 22:40:00,21,39,39,0,99
2024-03-28 22:50:00,16,34,31,0,81
2024-03-28 23:00:00,32,34,27,0,93
2024-03-28 23:10:00,30,22,23,3,78
2024-03-28 23:20:00,22,34,27,0,83
2024-03-28 23:30:00,30,34,24,0,88
2024-03-28 23:40:00,25,20,21,0,66
2024-03-28 23:50:00,20,12,12,0,44
2024-03-29 00:00:00,21,23,18,0,62
2024-03-29 00:10:00,19,12,11,0,42
2024-03-29 00:20:00,13,21,15,0,49
2024-03-29 00:30:00,16,21,20,0,57
2024-03-29 00:40:00,20,14,13,0,47
2024-03-29 00:50:00,12,20,14,0,46
2024-03-29 01:00:00,10,16,12,0,38
2024-03-29 01:10:00,12,14,10,0,36
2024-03-29 01:20:00,19,15,11,0,45
2024-03-29 01:30:00,9,3,4,0,16
2024-03-29 01:40:00,10,6,5,0,21
2024-03-29 01:50:00,6,6,5,0,17
2024-03-29 02:00:00,7,7,6,0,20
2024-03-29 02:10:00,8,9,7,0,24
2024-03-29 02:20:00,12,4,4,0,20
2024-03-29 02:30:00,8,20,12,0,40
2024-03-29 02:40:00,5,2,2,0,9
2024-03-29 02:50:00,6,7,6,0,19
2024-03-29 03:00:00,6,3,3,0,12
2024-03-29 03:10:00,9,4,3,0,16
2024-03-29 03:20:00,7,8,7,0,22
2024-03-29 03:30:00,7,4,4,0,15
2024-03-29 03:40:00,0,5,2,0,7
2024-03-29 03:50:00,4,3,3,0,10
2024-03-29 04:00:00,0,2,2,0,4
2024-03-29 04:10:00,8,1,2,0,11
2024-03-29 04:20:00,0,3,2,0,5
2024-03-29 04:30:00,2,1,1,0,4
2024-03-29 04:40:00,0,4,3,0,7
2024-03-29 04:50:00,3,1,1,0,5
2024-03-29 05:00:00,7,5,6,0,18
2024-03-29 05:10:00,11,5,5,0,21
2024-03-29 05:20:00,13,7,8,0,28
2024-03-29 05:30:00,16,7,7,0,30
2024-03-29 05:40:00,14,12,13,0,39
2024-03-29 05:50:00,4,9,12,0,25
2024-03-29 06:00:00,2,13,14,0,29
2024-03-29 06:10:00,13,11,17,0,41
2024-03-29 06:20:00,6,16,17,0,39
2024-03-29 06:30:00,7,13,12,0,32
2024-03-29 06:40:00,6,10,10,0,26
2024-03-29 06:50:00,8,10,12,0,30
2024-03-29 07:00:00,6,8,7,0,21
2024-03-29 07:10:00,7,6,6,0,19
2024-03-29 07:20:00,6,13,13,0,32
2024-03-29 07:30:00,7,5,4,0,16
2024-03-29 07:40:00,10,5,5,0,20
2024-03-29 07:50:00,8,12,12,0,32
2024-03-29 08:00:00,8,6,11,0,25
2024-03-29 08:10:00,13,8,9,0,30
2024-03-29 08:20:00,11,8,10,0,29
2024-03-29 08:30:00,14,20,19,0,53
2024-03-29 08:40:00,12,16,17,0,45
2024-03-29 08:50:00,12,17,17,0,46
2024-03-29 09:00:00,22,15,16,0,53
2024-03-29 09:10:00,13,20,27,0,60
2024-03-29 09:20:00,15,22,27,0,64
2024-03-29 09:30:00,17,32,39,1,89
2024-03-29 09:40:00,21,27,33,0,81
2024-03-29 09:50:00,24,21,26,0,71
2024-03-29 10:00:00,23,34,43,0,100
2024-03-29 10:10:00,22,28,36,0,86
2024-03-29 10:20:00,25,22,38,0,85
2024-03-29 10:30:00,21,26,31,0,78
2024-03-29 10:40:00,21,24,29,1,75
2024-03-29 10:50:00,25,24,33,1,83
2024-03-29 11:00:00,29,35,44,0,108
2024-03-29 11:10:00,20,35,53,0,108
2024-03-29 11:20:00,21,36,53,1,111
2024-03-29 11:30:00,22,34,46,0,102
2024-03-29 11:40:00,23,24,34,0,81
2024-03-29 11:50:00,34,43,73,0,150
2024-03-29 12:00:00,22,38,44,0,104
2024-03-29 12:10:00,28,28,41,0,97
2024-03-29 12:20:00,37,37,49,1,124
2024-03-29 12:30:00,39,34,43,0,116
2024-03-29 12:40:00,33,42,64,1,140
2024-03-29 12:50:00,32,36,48,1,117
2024-03-29 13:00:00,30,27,56,0,113
2024-03-29 13:10:00,26,29,46,1,102
2024-03-29 13:20:00,29,45,65,0,139
2024-03-29 13:30:00,37,38,63,0,138
2024-03-29 13:40:00,27,33,56,1,117
2024-03-29 13:50:00,32,24,38,0,94
2024-03-29 14:00:00,30,29,45,0,104
2024-03-29 14:10:00,36,45,79,1,161
2024-03-29 14:20:00,37,45,63,1,146
2024-03-29 14:30:00,33,32,61,1,127
2024-03-29 14:40:00,34,39,61,0,134
2024-03-29 14:50:00,32,37,58,1,128
2024-03-29 15:00:00,31,36,49,0,116
2024-03-29 15:10:00,37,30,47,0,114
2024-03-29 15:20:00,31,24,30,0,85
2024-03-29 15:30:00,30,29,41,0,100
2024-03-29 15:40:00,21,29,49,0,99
2024-03-29 15:50:00,32,27,46,0,105
2024-03-29 16:00:00,24,38,66,0,128
2024-03-29 16:10:00,30,35,68,1,134
2024-03-29 16:20:00,23,37,56,0,116
2024-03-29 16:30:00,35,38,48,1,122
2024-03-29 16:40:00,32,29,57,2,120
2024-03-29 16:50:00,25,30,58,1,114
2024-03-29 17:00:00,35,36,49,0,120
2024-03-29 17:10:00,35,29,48,1,113
2024-03-29 17:20:00,28,30,40,0,98
2024-03-29 17:30:00,23,28,46,1,98
2024-03-29 17:40:00,34,34,52,0,120
2024-03-29 17:50:00,35,40,54,0,129
2024-03-29 18:00:00,31,37,59,0,127
2024-03-29 18:10:00,31,33,58,0,122
2024-03-29 18:20:00,35,27,59,1,122
2024-03-29 18:30:00,28,48,71,1,148
2024-03-29 18:40:00,26,29,46,1,102
2024-03-29 18:50:00,30,30,51,2,113
2024-03-29 19:00:00,20,31,55,3,109
2024-03-29 19:10:00,19,24,53,0,96
2024-03-29 19:20:00,31,21,24,1,77
2024-03-29 19:30:00,28,22,37,1,88
2024-03-29 19:40:00,27,26,34,0,87
2024-03-29 19:50:00,29,36,57,1,123
2024-03-29 20:00:00,28,24,37,1,90
2024-03-29 20:10:00,20,30,38,1,89
2024-03-29 20:20:00,22,26,43,0,91
2024-03-29 20:30:00,25,19,36,0,80
2024-03-29 20:40:00,18,24,34,0,76
2024-03-29 20:50:00,23,17,28,0,68
2024-03-29 21:00:00,19,18,27,0,64
2024-03-29 21:10:00,17,30,48,0,95
2024-03-29 21:20:00,23,24,39,0,86
2024-03-29 21:30:00,25,27,32,0,84
2024-03-29 21:40:00,22,20,18,0,60
2024-03-29 21:50:00,24,26,40,0,90
2024-03-29 22:00:00,23,27,50,0,100
2024-03-29 22:10:00,22,22,32,1,77
2024-03-29 22:20:00,22,22,32,1,77
2024-03-29 22:30:00,16,24,30,0,70
2024-03-29 22:40:00,13,18,27,0,58
2024-03-29 22:50:00,15,17,22,0,54
2024-03-29 23:00:00,10,23,34,0,67
2024-03-29 23:10:00,13,15,18,1,47
2024-03-29 23:20:00,16,16,17,1,50
2024-03-29 23:30:00,12,15,19,0,46
2024-03-29 23:40:00,19,12,14,0,45
2024-03-29 23:50:00,9,14,15,0,38
2024-03-30 00:00:00,11,13,15,0,39
2024-03-30 00:10:00,19,9,9,0,37
2024-03-30 00:20:00,10,12,12,1,35
2024-03-30 00:30:00,7,13,12,0,32
2024-03-30 00:40:00,7,16,20,0,43
2024-03-30 00:50:00,12,8,8,0,28
2024-03-30 01:00:00,6,13,14,0,33
2024-03-30 01:10:00,4,13,13,0,30
2024-03-30 01:20:00,11,7,6,0,24
2024-03-30 01:30:00,3,7,7,0,17
2024-03-30 01:40:00,8,3,4,0,15
2024-03-30 01:50:00,4,5,7,0,16
2024-03-30 02:00:00,1,7,8,0,16
2024-03-30 02:10:00,4,5,5,0,14
2024-03-30 02:20:00,3,2,3,0,8
2024-03-30 02:30:00,6,3,3,0,12
2024-03-30 02:40:00,8,7,9,0,24
2024-03-30 02:50:00,8,5,5,0,18
2024-03-30 03:00:00,7,5,7,0,19
2024-03-30 03:10:00,4,5,6,0,15
2024-03-30 03:20:00,2,3,3,0,8
2024-03-30 03:30:00,4,4,4,0,12
2024-03-30 03:40:00,1,5,5,0,11
2024-03-30 03:50:00,3,3,4,0,10
2024-03-30 04:00:00,5,3,3,0,11
2024-03-30 04:10:00,5,7,9,0,21
2024-03-30 04:20:00,1,2,2,0,5
2024-03-30 04:30:00,2,3,3,0,8
2024-03-30 04:40:00,6,6,7,0,19
2024-03-30 04:50:00,9,1,1,0,11
2024-03-30 05:00:00,4,7,6,0,17
2024-03-30 05:10:00,8,6,6,0,20
2024-03-30 05:20:00,12,9,7,0,28
2024-03-30 05:30:00,12,10,13,0,35
2024-03-30 05:40:00,16,13,16,0,45
2024-03-30 05:50:00,10,9,10,0,29
2024-03-30 06:00:00,6,12,13,0,31
2024-03-30 06:10:00,7,14,19,0,40
2024-03-30 06:20:00,9,10,12,0,31
2024-03-30 06:30:00,10,22,24,0,56
2024-03-30 06:40:00,16,10,9,0,35
2024-03-30 06:50:00,18,10,11,0,39
2024-03-30 07:00:00,18,11,13,0,42
2024-03-30 07:10:00,15,17,20,0,52
2024-03-30 07:20:00,19,18,21,0,58
2024-03-30 07:30:00,19,24,31,0,74
2024-03-30 07:40:00,20,28,30,0,78
2024-03-30 07:50:00,19,28,39,2,88
2024-03-30 08:00:00,34,19,24,4,81
2024-03-30 08:10:00,31,26,28,1,86
2024-03-30 08:20:00,24,39,46,0,109
2024-03-30 08:30:00,31,33,47,1,112
2024-03-30 08:40:00,39,50,70,0,159
2024-03-30 08:50:00,32,37,62,0,131
2024-03-30 09:00:00,44,35,55,1,135
2024-03-30 09:10:00,40,39,59,2,140
2024-03-30 09:20:00,47,47,66,0,160
2024-03-30 09:30:00,29,46,71,1,147
2024-03-30 09:40:00,41,29,87,1,158
2024-03-30 09:50:00,41,40,78,1,160
2024-03-30 10:00:00,44,42,93,1,180
2024-03-30 10:10:00,38,27,84,3,152
2024-03-30 10:20:00,44,34,77,3,158
2024-03-30 10:30:00,37,44,91,2,174
2024-03-30 10:40:00,36,37,65,4,142
2024-03-30 10:50:00,38,29,76,3,146
2024-03-30 11:00:00,52,50,83,0,185
2024-03-30 11:10:00,47,40,83,5,175
2024-03-30 11:20:00,36,51,83,3,173
2024-03-30 11:30:00,62,52,85,0,199
2024-03-30 11:40:00,51,46,86,4,187
2024-03-30 11:50:00,38,51,94,2,185
2024-03-30 12:00:00,49,43,78,1,171
2024-03-30 12:10:00,46,37,90,3,176
2024-03-30 12:20:00,39,45,93,4,181
2024-03-30 12:30:00,35,38,85,4,162
2024-03-30 12:40:00,40,39,92,0,171
2024-03-30 12:50:00,43,44,94,2,183
2024-03-30 13:00:00,49,31,70,1,151
2024-03-30 13:10:00,46,45,85,4,180
2024-03-30 13:20:00,38,32,73,5,148
2024-03-30 13:30:00,52,46,76,2,176
2024-03-30 13:40:00,35,46,84,2,167
2024-03-30 13:50:00,45,35,88,2,170
2024-03-30 14:00:00,53,59,94,1,207
2024-03-30 14:10:00,48,55,87,4,194
2024-03-30 14:20:00,50,52,103,1,206
2024-03-30 14:30:00,57,53,99,0,209
2024-03-30 14:40:00,44,29,77,1,151
2024-03-30 14:50:00,48,36,100,3,187
2024-03-30 15:00:00,66,38,70,1,175
2024-03-30 15:10:00,46,44,93,1,184
2024-03-30 15:20:00,39,41,73,2,155
2024-03-30 15:30:00,60,59,93,2,214
2024-03-30 15:40:00,44,32,73,3,152
2024-03-30 15:50:00,46,44,81,3,174
2024-03-30 16:00:00,47,41,66,1,155
2024-03-30 16:10:00,41,39,63,1,144
2024-03-30 16:20:00,49,41,71,0,161
2024-03-30 16:30:00,52,45,79,2,178
2024-03-30 16:40:00,42,39,59,3,143
2024-03-30 16:50:00,42,49,83,3,177
2024-03-30 17:00:00,39,43,85,2,169
2024-03-30 17:10:00,66,51,85,0,202
2024-03-30 17:20:00,39,35,65,2,141
2024-03-30 17:30:00,43,42,74,1,160
2024-03-30 17:40:00,43,35,69,2,149
2024-03-30 17:50:00,30,32,71,1,134
2024-03-30 18:00:00,41,50,90,4,185
2024-03-30 18:10:00,51,43,60,2,156
2024-03-30 18:20:00,37,36,67,3,143
2024-03-30 18:30:00,43,37,64,1,145
2024-03-30 18:40:00,39,37,65,3,144
2024-03-30 18:50:00,37,27,86,4,154
2024-03-30 19:00:00,32,29,79,1,141
2024-03-30 19:10:00,62,37,66,1,166
2024-03-30 19:20:00,62,55,61,0,178
2024-03-30 19:30:00,50,43,56,3,152
2024-03-30 19:40:00,54,36,46,1,137
2024-03-30 19:50:00,49,40,48,1,138
2024-03-30 20:00:00,54,52,65,0,171
2024-03-30 20:10:00,45,41,51,0,137
2024-03-30 20:20:00,63,43,49,1,156
2024-03-30 20:30:00,41,45,43,0,129
2024-03-30 20:40:00,47,47,46,0,140
2024-03-30 20:50:00,50,37,45,0,132
2024-03-30 21:00:00,48,49,48,0,145
2024-03-30 21:10:00,44,33,28,0,105
2024-03-30 21:20:00,37,26,31,1,95
2024-03-30 21:30:00,37,48,43,0,128
2024-03-30 21:40:00,44,33,47,1,125
2024-03-30 21:50:00,42,28,31,0,101
2024-03-30 22:00:00,23,36,38,0,97
2024-03-30 22:10:00,30,32,36,0,98
2024-03-30 22:20:00,22,31,37,1,91
2024-03-30 22:30:00,40,23,26,1,90
2024-03-30 22:40:00,39,42,37,0,118
2024-03-30 22:50:00,20,27,27,0,74
2024-03-30 23:00:00,28,23,22,0,73
2024-03-30 23:10:00,22,30,31,0,83
2024-03-30 23:20:00,27,30,35,0,92
2024-03-30 23:30:00,32,18,16,0,66
2024-03-30 23:40:00,27,25,21,0,73
2024-03-30 23:50:00,18,23,20,2,63
2024-03-31 00:00:00,8,20,23,0,51
2024-03-31 00:10:00,24,18,14,0,56
2024-03-31 00:20:00,20,13,13,1,47
2024-03-31 00:30:00,10,12,12,0,34
2024-03-31 00:40:00,21,10,11,0,42
2024-03-31 00:50:00,12,19,15,0,46
2024-03-31 01:00:00,15,20,25,0,60
2024-03-31 01:10:00,5,13,12,0,30
2024-03-31 01:20:00,11,7,7,0,25
2024-03-31 01:30:00,7,12,11,0,30
2024-03-31 01:40:00,9,2,1,0,12
2024-03-31 01:50:00,6,6,10,0,22
2024-03-31 02:00:00,0,0,0,0,0
2024-03-31 02:10:00,0,0,0,0,0
2024-03-31 02:20:00,0,0,0,0,0
2024-03-31 02:30:00,0,0,0,0,0
2024-03-31 02:40:00,0,0,0,0,0
2024-03-31 02:50:00,0,0,0,0,0
2024-03-31 03:00:00,0,0,0,0,0
2024-03-31 03:10:00,0,0,0,0,0
2024-03-31 03:20:00,0,0,0,0,0
2024-03-31 03:30:00,0,0,0,0,0
2024-03-31 03:40:00,0,0,0,0,0
2024-03-31 03:50:00,0,0,0,0,0
2024-03-31 04:00:00,8,6,7,0,21
2024-03-31 04:10:00,1,7,7,0,15
2024-03-31 04:20:00,2,4,4,0,10
2024-03-31 04:30:00,7,5,6,0,18
2024-03-31 04:40:00,5,5,5,0,15
2024-03-31 04:50:00,9,1,1,0,11
2024-03-31 05:00:00,10,5,11,0,26
2024-03-31 05:10:00,7,5,6,0,18
2024-03-31 05:20:00,6,4,5,0,15
2024-03-31 05:30:00,9,12,14,0,35
2024-03-31 05:40:00,12,9,12,0,33
2024-03-31 05:50:00,4,8,9,0,21
2024-03-31 06:00:00,5,8,9,0,22
2024-03-31 06:10:00,11,12,15,0,38
2024-03-31 06:20:00,2,11,12,0,25
2024-03-31 06:30:00,4,12,9,0,25
2024-03-31 06:40:00,7,7,5,0,19
2024-03-31 06:50:00,5,6,6,0,17
2024-03-31 07:00:00,4,6,9,0,19
2024-03-31 07:10:00,3,8,8,0,19
2024-03-31 07:20:00,1,4,4,0,9
2024-03-31 07:30:00,3,8,12,0,23
2024-03-31 07:40:00,4,9,10,0,23
2024-03-31 07:50:00,7,3,3,0,13
2024-03-31 08:00:00,1,10,9,0,20
2024-03-31 08:10:00,4,5,5,0,14
2024-03-31 08:20:00,13,11,12,0,36
2024-03-31 08:30:00,9,8,9,0,26
2024-03-31 08:40:00,7,15,16,0,38
2024-03-31 08:50:00,11,16,16,0,43
2024-03-31 09:00:00,12,17,13,0,42
2024-03-31 09:10:00,17,22,21,0,60
2024-03-31 09:20:00,15,26,30,0,71
2024-03-31 09:30:00,15,26,30,0,71
2024-03-31 09:40:00,20,26,37,1,84
2024-03-31 09:50:00,14,37,47,0,98
2024-03-31 10:00:00,15,26,47,1,89
2024-03-31 10:10:00,25,29,40,1,95
2024-03-31 10:20:00,21,34,43,0,98
2024-03-31 10:30:00,16,38,41,0,95
2024-03-31 10:40:00,31,38,46,0,115
2024-03-31 10:50:00,26,38,47,0,111
2024-03-31 11:00:00,28,32,44,0,104
2024-03-31 11:10:00,25,31,48,0,104
2024-03-31 11:20:00,30,28,48,0,106
2024-03-31 11:30:00,35,37,44,0,116
2024-03-31 11:40:00,22,37,52,1,112
2024-03-31 11:50:00,27,42,65,1,135
2024-03-31 12:00:00,38,31,50,0,119
2024-03-31 12:10:00,38,48,64,1,151
2024-03-31 12:20:00,29,40,59,0,128
2024-03-31 12:30:00,31,39,58,1,129
2024-03-31 12:40:00,40,42,62,0,144
2024-03-31 12:50:00,41,38,53,1,133
2024-03-31 13:00:00,42,39,52,0,133
2024-03-31 13:10:00,40,39,65,0,144
2024-03-31 13:20:00,35,44,60,0,139
2024-03-31 13:30:00,28,38,64,1,131
2024-03-31 13:40:00,28,46,72,1,147
2024-03-31 13:50:00,34,38,69,0,141
2024-03-31 14:00:00,44,44,69,0,157
2024-03-31 14:10:00,35,40,58,0,133
2024-03-31 14:20:00,29,35,56,0,120
2024-03-31 14:30:00,34,40,51,1,126
2024-03-31 14:40:00,34,54,77,1,166
2024-03-31 14:50:00,38,38,55,2,133
2024-03-31 15:00:00,36,43,61,0,140
2024-03-31 15:10:00,36,38,61,0,135
2024-03-31 15:20:00,30,35,44,0,109
2024-03-31 15:30:00,34,40,60,1,135
2024-03-31 15:40:00,20,34,56,7,117
2024-03-31 15:50:00,28,33,46,2,109
2024-03-31 16:00:00,30,31,55,0,116
2024-03-31 16:10:00,27,33,48,1,109
2024-03-31 16:20:00,32,41,60,0,133
2024-03-31 16:30:00,42,38,42,1,123
2024-03-31 16:40:00,40,39,58,2,139
2024-03-31 16:50:00,32,41,66,0,139
2024-03-31 17:00:00,36,38,56,0,130
2024-03-31 17:10:00,24,48,74,1,147
2024-03-31 17:20:00,49,42,72,0,163
2024-03-31 17:30:00,25,40,56,1,122
2024-03-31 17:40:00,35,52,71,1,159
2024-03-31 17:50:00,35,45,63,1,144
2024-03-31 18:00:00,42,47,73,1,163
2024-03-31 18:10:00,27,46,78,1,152
2024-03-31 18:20:00,32,43,73,2,150
2024-03-31 18:30:00,32,48,62,1,143
2024-03-31 18:40:00,33,48,71,0,152
2024-03-31 18:50:00,41,40,65,1,147
2024-03-31 19:00:00,31,46,70,4,151
2024-03-31 19:10:00,27,42,59,0,128
2024-03-31 19:20:00,31,31,63,3,128
2024-03-31 19:30:00,29,35,48,5,117
2024-03-31 19:40:00,29,44,62,2,137
2024-03-31 19:50:00,35,29,54,1,119
2024-03-31 20:00:00,27,33,52,0,112
2024-03-31 20:10:00,34,44,71,0,149
2024-03-31 20:20:00,40,49,47,1,137
2024-03-31 20:30:00,35,51,52,0,138
2024-03-31 20:40:00,41,43,43,0,127
2024-03-31 20:50:00,32,42,47,0,121
2024-03-31 21:00:00,38,50,48,0,136
2024-03-31 21:10:00,41,46,51,0,138
2024-03-31 21:20:00,41,44,32,1,118
2024-03-31 21:30:00,52,36,45,0,133
2024-03-31 21:40:00,34,22,25,1,82
2024-03-31 21:50:00,31,32,36,0,99
2024-03-31 22:00:00,36,38,44,0,118
2024-03-31 22:10:00,36,35,37,0,108
2024-03-31 22:20:00,32,31,29,0,92
2024-03-31 22:30:00,26,33,30,1,90
2024-03-31 22:40:00,13,28,28,0,69
2024-03-31 22:50:00,19,22,36,0,77
2024-03-31 23:00:00,20,12,14,1,47
2024-03-31 23:10:00,16,20,24,0,60
2024-03-31 23:20:00,25,14,16,1,56
2024-03-31 23:30:00,13,10,13,11,47
2024-03-31 23:40:00,18,17,20,0,55
2024-03-31 23:50:00,10,10,9,0,29
2024-04-01 00:00:00,12,11,12,0,35
2024-04-01 00:10:00,14,14,16,0,44
2024-04-01 00:20:00,9,20,18,0,47
2024-04-01 00:30:00,7,14,14,0,35
2024-04-01 00:40:00,8,7,9,0,24
2024-04-01 00:50:00,8,9,12,0,29
2024-04-01 01:00:00,10,9,9,0,28
2024-04-01 01:10:00,8,19,16,0,43
2024-04-01 01:20:00,12,9,9,0,30
2024-04-01 01:30:00,4,11,11,0,26
2024-04-01 01:40:00,10,8,9,0,27
2024-04-01 01:50:00,5,4,5,0,14
2024-04-01 02:00:00,9,4,5,0,18
2024-04-01 02:10:00,7,6,8,0,21
2024-04-01 02:20:00,8,11,12,0,31
2024-04-01 02:30:00,4,1,5,0,10
2024-04-01 02:40:00,3,2,2,0,7
2024-04-01 02:50:00,3,4,4,0,11
2024-04-01 03:00:00,2,6,8,0,16
2024-04-01 03:10:00,1,6,5,0,12
2024-04-01 03:20:00,4,7,8,0,19
2024-04-01 03:30:00,5,0,0,0,5
2024-04-01 03:40:00,1,6,6,0,13
2024-04-01 03:50:00,5,2,3,0,10
2024-04-01 04:00:00,3,5,8,0,16
2024-04-01 04:10:00,4,1,2,0,7
2024-04-01 04:20:00,2,2,2,0,6
2024-04-01 04:30:00,2,3,4,0,9
2024-04-01 04:40:00,2,4,5,0,11
2024-04-01 04:50:00,6,2,2,0,10
2024-04-01 05:00:00,4,3,2,0,9
2024-04-01 05:10:00,8,4,4,0,16
2024-04-01 05:20:00,10,3,3,0,16
2024-04-01 05:30:00,12,5,6,0,23
2024-04-01 05:40:00,11,6,8,0,25
2024-04-01 05:50:00,8,10,12,0,30
2024-04-01 06:00:00,7,8,6,0,21
2024-04-01 06:10:00,6,16,21,0,43
2024-04-01 06:20:00,3,10,14,0,27
2024-04-01 06:30:00,3,14,17,0,34
2024-04-01 06:40:00,7,7,9,0,23
2024-04-01 06:50:00,8,8,9,0,25
2024-04-01 07:00:00,8,11,9,0,28
2024-04-01 07:10:00,5,3,3,0,11
2024-04-01 07:20:00,2,6,7,0,15
2024-04-01 07:30:00,3,6,11,0,20
2024-04-01 07:40:00,4,6,6,0,16
2024-04-01 07:50:00,3,11,10,0,24
2024-04-01 08:00:00,5,6,6,0,17
2024-04-01 08:10:00,4,5,5,0,14
2024-04-01 08:20:00,7,7,8,0,22
2024-04-01 08:30:00,4,15,14,0,33
2024-04-01 08:40:00,10,6,11,0,27
2024-04-01 08:50:00,14,10,11,0,35
2024-04-01 09:00:00,10,8,9,0,27
2024-04-01 09:10:00,6,17,20,0,43
2024-04-01 09:20:00,16,16,22,0,54
2024-04-01 09:30:00,13,32,34,1,80
2024-04-01 09:40:00,14,27,36,0,77
2024-04-01 09:50:00,17,24,31,0,72
2024-04-01 10:00:00,14,24,42,0,80
2024-04-01 10:10:00,20,27,33,0,80
2024-04-01 10:20:00,20,27,32,1,80
2024-04-01 10:30:00,22,26,33,0,81
2024-04-01 10:40:00,20,23,43,1,87
2024-04-01 10:50:00,19,29,43,0,91
2024-04-01 11:00:00,28,31,48,1,108
2024-04-01 11:10:00,22,31,46,1,100
2024-04-01 11:20:00,27,31,48,0,106
2024-04-01 11:30:00,30,33,41,0,104
2024-04-01 11:40:00,27,37,56,1,121
2024-04-01 11:50:00,24,36,46,0,106
2024-04-01 12:00:00,21,40,58,0,119
2024-04-01 12:10:00,23,39,79,1,142
2024-04-01 12:20:00,30,36,48,3,117
2024-04-01 12:30:00,32,35,49,0,116
2024-04-01 12:40:00,29,36,55,1,121
2024-04-01 12:50:00,28,33,40,0,101
2024-04-01 13:00:00,26,33,46,0,105
2024-04-01 13:10:00,32,35,43,0,110
2024-04-01 13:20:00,39,32,55,0,126
2024-04-01 13:30:00,24,31,43,0,98
2024-04-01 13:40:00,25,38,59,2,124
2024-04-01 13:50:00,25,45,78,0,148
2024-04-01 14:00:00,35,50,64,0,149
2024-04-01 14:10:00,28,41,71,2,142
2024-04-01 14:20:00,38,33,49,0,120
2024-04-01 14:30:00,39,42,59,0,140
2024-04-01 14:40:00,37,47,66,0,150
2024-04-01 14:50:00,30,40,78,0,148
2024-04-01 15:00:00,36,40,73,0,149
2024-04-01 15:10:00,20,40,51,1,112
2024-04-01 15:20:00,33,40,52,0,125
2024-04-01 15:30:00,28,36,69,0,133
2024-04-01 15:40:00,33,38,70,1,142
2024-04-01 15:50:00,32,39,52,0,123
2024-04-01 16:00:00,33,34,53,0,120
2024-04-01 16:10:00,27,40,51,1,119
2024-04-01 16:20:00,33,39,62,0,134
2024-04-01 16:30:00,33,35,56,2,126
2024-04-01 16:40:00,34,40,62,1,137
2024-04-01 16:50:00,30,38,57,1,126
2024-04-01 17:00:00,31,35,66,1,133
2024-04-01 17:10:00,39,33,57,0,129
2024-04-01 17:20:00,29,52,72,0,153
2024-04-01 17:30:00,32,40,56,1,129
2024-04-01 17:40:00,34,45,71,0,150
2024-04-01 17:50:00,35,39,60,0,134
2024-04-01 18:00:00,32,40,68,0,140
2024-04-01 18:10:00,33,26,50,2,111
2024-04-01 18:20:00,31,32,49,1,113
2024-04-01 18:30:00,37,51,65,0,153
2024-04-01 18:40:00,35,32,61,2,130
2024-04-01 18:50:00,30,30,48,0,108
2024-04-01 19:00:00,34,37,51,0,122
2024-04-01 19:10:00,37,37,58,0,132
2024-04-01 19:20:00,33,40,56,1,130
2024-04-01 19:30:00,42,40,58,0,140
2024-04-01 19:40:00,36,37,62,2,137
2024-04-01 19:50:00,20,30,60,1,111
2024-04-01 20:00:00,40,41,57,0,138
2024-04-01 20:10:00,30,25,38,0,93
2024-04-01 20:20:00,23,24,37,0,84
2024-04-01 20:30:00,23,27,46,1,97
2024-04-01 20:40:00,27,22,32,2,83
2024-04-01 20:50:00,21,28,39,0,88
2024-04-01 21:00:00,18,29,50,0,97
2024-04-01 21:10:00,27,25,38,1,91
2024-04-01 21:20:00,35,20,29,1,85
2024-04-01 21:30:00,24,35,43,0,102
2024-04-01 21:40:00,24,21,36,0,81
2024-04-01 21:50:00,28,26,31,0,85
2024-04-01 22:00:00,18,26,37,0,81
2024-04-01 22:10:00,23,28,45,1,97
2024-04-01 22:20:00,20,20,25,0,65
2024-04-01 22:30:00,20,24,33,0,77
2024-04-01 22:40:00,23,18,23,0,64
2024-04-01 22:50:00,16,24,26,1,67
2024-04-01 23:00:00,23,15,15,0,53
2024-04-01 23:10:00,17,19,20,0,56
2024-04-01 23:20:00,15,21,23,0,59
2024-04-01 23:30:00,13,13,18,1,45
2024-04-01 23:40:00,16,10,9,0,35
2024-04-01 23:50:00,13,12,13,0,38
2024-04-02 00:00:00,12,13,12,0,37
2024-04-02 00:10:00,10,6,8,0,24
2024-04-02 00:20:00,14,10,10,0,34
2024-04-02 00:30:00,12,11,8,0,31
2024-04-02 00:40:00,5,6,6,0,17
2024-04-02 00:50:00,5,5,7,0,17
2024-04-02 01:00:00,3,5,4,0,12
2024-04-02 01:10:00,7,11,10,0,28
2024-04-02 01:20:00,5,11,8,0,24
2024-04-02 01:30:00,1,6,5,0,12
2024-04-02 01:40:00,3,5,5,0,13
2024-04-02 01:50:00,9,6,5,0,20
2024-04-02 02:00:00,2,1,1,0,4
2024-04-02 02:10:00,1,6,5,0,12
2024-04-02 02:20:00,6,4,1,0,11
2024-04-02 02:30:00,8,1,2,0,11
2024-04-02 02:40:00,2,3,3,0,8
2024-04-02 02:50:00,4,3,2,0,9
2024-04-02 03:00:00,0,2,2,0,4
2024-04-02 03:10:00,2,5,4,0,11
2024-04-02 03:20:00,1,2,3,0,6
2024-04-02 03:30:00,3,1,1,0,5
2024-04-02 03:40:00,1,11,10,0,22
2024-04-02 03:50:00,7,9,10,0,26
2024-04-02 04:00:00,6,2,2,0,10
2024-04-02 04:10:00,2,9,7,0,18
2024-04-02 04:20:00,2,7,5,0,14
2024-04-02 04:30:00,6,16,7,0,29
2024-04-02 04:40:00,16,7,6,0,29
2024-04-02 04:50:00,8,8,7,0,23
2024-04-02 05:00:00,9,17,12,0,38
2024-04-02 05:10:00,22,17,13,0,52
2024-04-02 05:20:00,30,18,17,0,65
2024-04-02 05:30:00,37,33,28,0,98
2024-04-02 05:40:00,30,28,43,1,102
2024-04-02 05:50:00,33,31,30,0,94
2024-04-02 06:00:00,27,32,40,0,99
2024-04-02 06:10:00,40,44,55,0,139
2024-04-02 06:20:00,40,35,43,0,118
2024-04-02 06:30:00,44,31,42,0,117
2024-04-02 06:40:00,36,50,67,1,154
2024-04-02 06:50:00,37,56,96,0,189
2024-04-02 07:00:00,26,44,78,1,149
2024-04-02 07:10:00,19,46,89,1,155
2024-04-02 07:20:00,32,30,71,1,134
2024-04-02 07:30:00,44,35,82,1,162
2024-04-02 07:40:00,35,46,84,1,166
2024-04-02 07:50:00,30,40,94,2,166
2024-04-02 08:00:00,28,38,66,3,135
2024-04-02 08:10:00,43,41,64,1,149
2024-04-02 08:20:00,34,50,89,3,176
2024-04-02 08:30:00,33,38,92,1,164
2024-04-02 08:40:00,32,28,82,4,146
2024-04-02 08:50:00,37,35,83,1,156
2024-04-02 09:00:00,33,35,76,2,146
2024-04-02 09:10:00,47,42,82,2,173
2024-04-02 09:20:00,40,46,98,1,185
2024-04-02 09:30:00,38,41,60,3,142
2024-04-02 09:40:00,36,31,79,3,149
2024-04-02 09:50:00,27,37,98,2,164
2024-04-02 10:00:00,40,39,74,1,154
2024-04-02 10:10:00,37,43,82,1,163
2024-04-02 10:20:00,49,43,69,2,163
2024-04-02 10:30:00,47,28,75,2,152
2024-04-02 10:40:00,41,40,64,5,150
2024-04-02 10:50:00,28,20,77,4,129
2024-04-02 11:00:00,37,37,80,2,156
2024-04-02 11:10:00,40,35,66,1,142
2024-04-02 11:20:00,32,38,79,3,152
2024-04-02 11:30:00,43,45,97,1,186
2024-04-02 11:40:00,59,45,92,3,199
2024-04-02 11:50:00,39,38,83,4,164
2024-04-02 12:00:00,48,39,76,6,169
2024-04-02 12:10:00,39,33,76,4,152
2024-04-02 12:20:00,44,43,85,2,174
2024-04-02 12:30:00,52,36,74,4,166
2024-04-02 12:40:00,39,48,81,6,174
2024-04-02 12:50:00,26,28,85,4,143
2024-04-02 13:00:00,30,37,75,2,144
2024-04-02 13:10:00,44,51,83,2,180
2024-04-02 13:20:00,40,36,69,3,148
2024-04-02 13:30:00,39,36,76,3,154
2024-04-02 13:40:00,50,41,79,1,171
2024-04-02 13:50:00,44,44,88,0,176
2024-04-02 14:00:00,45,51,76,1,173
2024-04-02 14:10:00,57,44,98,1,200
2024-04-02 14:20:00,51,57,99,2,209
2024-04-02 14:30:00,48,47,94,1,190
2024-04-02 14:40:00,43,37,85,4,169
2024-04-02 14:50:00,39,22,79,1,141
2024-04-02 15:00:00,41,30,79,3,153
2024-04-02 15:10:00,41,16,48,5,110
2024-04-02 15:20:00,40,34,87,2,163
2024-04-02 15:30:00,35,31,78,6,150
2024-04-02 15:40:00,3,22,80,2,107
2024-04-02 15:50:00,9,28,68,2,107
2024-04-02 16:00:00,46,43,93,2,184
2024-04-02 16:10:00,17,28,83,3,131
2024-04-02 16:20:00,21,25,90,4,140
2024-04-02 16:30:00,37,37,101,1,176
2024-04-02 16:40:00,48,35,127,7,217
2024-04-02 16:50:00,41,37,77,4,159
2024-04-02 17:00:00,37,29,95,2,163
2024-04-02 17:10:00,33,29,68,3,133
2024-04-02 17:20:00,28,28,84,7,147
2024-04-02 17:30:00,47,31,100,3,181
2024-04-02 17:40:00,42,37,74,2,155
2024-04-02 17:50:00,46,35,83,0,164
2024-04-02 18:00:00,39,42,88,2,171
2024-04-02 18:10:00,48,42,99,3,192
2024-04-02 18:20:00,42,29,74,1,146
2024-04-02 18:30:00,37,35,90,2,164
2024-04-02 18:40:00,39,35,79,3,156
2024-04-02 18:50:00,46,49,78,1,174
2024-04-02 19:00:00,44,41,77,1,163
2024-04-02 19:10:00,40,44,73,5,162
2024-04-02 19:20:00,46,47,65,2,160
2024-04-02 19:30:00,40,37,60,2,139
2024-04-02 19:40:00,34,40,63,2,139
2024-04-02 19:50:00,42,40,52,1,135
2024-04-02 20:00:00,34,25,40,3,102
2024-04-02 20:10:00,42,40,53,2,137
2024-04-02 20:20:00,37,44,44,3,128
2024-04-02 20:30:00,44,35,34,3,116
2024-04-02 20:40:00,41,45,51,3,140
2024-04-02 20:50:00,42,40,48,0,130
2024-04-02 21:00:00,44,34,32,1,111
2024-04-02 21:10:00,45,42,37,2,126
2024-04-02 21:20:00,39,42,41,0,122
2024-04-02 21:30:00,42,36,41,0,119
2024-04-02 21:40:00,27,31,27,0,85
2024-04-02 21:50:00,32,32,33,0,97
2024-04-02 22:00:00,37,40,39,0,116
2024-04-02 22:10:00,38,34,34,2,108
2024-04-02 22:20:00,34,32,39,4,109
2024-04-02 22:30:00,22,32,30,0,84
2024-04-02 22:40:00,26,24,27,0,77
2024-04-02 22:50:00,25,29,22,0,76
2024-04-02 23:00:00,31,23,18,0,72
2024-04-02 23:10:00,17,16,14,1,48
2024-04-02 23:20:00,32,23,16,0,71
2024-04-02 23:30:00,9,22,15,3,49
2024-04-02 23:40:00,14,18,14,0,46
2024-04-02 23:50:00,11,16,15,0,42
2024-04-03 00:00:00,8,6,7,0,21
2024-04-03 00:10:00,18,12,11,0,41
2024-04-03 00:20:00,13,18,12,0,43
2024-04-03 00:30:00,4,11,9,0,24
2024-04-03 00:40:00,4,12,10,0,26
2024-04-03 00:50:00,7,5,6,0,18
2024-04-03 01:00:00,5,8,8,0,21
2024-04-03 01:10:00,3,5,4,0,12
2024-04-03 01:20:00,1,1,1,0,3
2024-04-03 01:30:00,10,5,3,0,18
2024-04-03 01:40:00,1,4,3,0,8
2024-04-03 01:50:00,3,7,2,0,12
2024-04-03 02:00:00,4,8,12,0,24
2024-04-03 02:10:00,0,2,2,0,4
2024-04-03 02:20:00,4,5,4,0,13
2024-04-03 02:30:00,5,3,3,0,11
2024-04-03 02:40:00,8,1,1,0,10
2024-04-03 02:50:00,0,6,4,0,10
2024-04-03 03:00:00,3,5,5,0,13
2024-04-03 03:10:00,1,3,2,0,6
2024-04-03 03:20:00,1,2,1,0,4
2024-04-03 03:30:00,1,1,1,0,3
2024-04-03 03:40:00,2,8,6,0,16
2024-04-03 03:50:00,2,6,6,0,14
2024-04-03 04:00:00,0,9,7,0,16
2024-04-03 04:10:00,5,6,4,0,15
2024-04-03 04:20:00,5,5,5,0,15
2024-04-03 04:30:00,4,7,4,0,15
2024-04-03 04:40:00,15,5,8,0,28
2024-04-03 04:50:00,8,12,11,0,31
2024-04-03 05:00:00,15,26,19,0,60
2024-04-03 05:10:00,17,18,15,0,50
2024-04-03 05:20:00,28,13,11,0,52
2024-04-03 05:30:00,45,24,38,0,107
2024-04-03 05:40:00,40,22,34,0,96
2024-04-03 05:50:00,33,28,32,0,93
2024-04-03 06:00:00,36,31,43,0,110
2024-04-03 06:10:00,33,27,54,1,115
2024-04-03 06:20:00,51,31,45,0,127
2024-04-03 06:30:00,40,39,72,0,151
2024-04-03 06:40:00,24,49,75,0,148
2024-04-03 06:50:00,38,31,72,0,141
2024-04-03 07:00:00,30,40,77,1,148
2024-04-03 07:10:00,32,48,73,0,153
2024-04-03 07:20:00,30,26,60,0,116
2024-04-03 07:30:00,35,30,79,2,146
2024-04-03 07:40:00,41,49,109,1,200
2024-04-03 07:50:00,46,36,82,3,167
2024-04-03 08:00:00,35,42,88,1,166
2024-04-03 08:10:00,39,47,73,0,159
2024-04-03 08:20:00,40,34,95,2,171
2024-04-03 08:30:00,48,39,83,1,171
2024-04-03 08:40:00,46,44,95,1,186
2024-04-03 08:50:00,42,31,98,1,172
2024-04-03 09:00:00,35,54,85,1,175
2024-04-03 09:10:00,43,37,81,0,161
2024-04-03 09:20:00,39,35,75,0,149
2024-04-03 09:30:00,34,36,83,1,154
2024-04-03 09:40:00,43,43,90,2,178
2024-04-03 09:50:00,36,33,83,2,154
2024-04-03 10:00:00,27,30,84,5,146
2024-04-03 10:10:00,50,42,71,1,164
2024-04-03 10:20:00,44,42,74,2,162
2024-04-03 10:30:00,44,47,94,1,186
2024-04-03 10:40:00,43,40,84,0,167
2024-04-03 10:50:00,41,33,85,4,163
2024-04-03 11:00:00,44,35,85,1,165
2024-04-03 11:10:00,37,38,72,2,149
2024-04-03 11:20:00,53,38,73,1,165
2024-04-03 11:30:00,53,31,67,2,153
2024-04-03 11:40:00,48,28,67,4,147
2024-04-03 11:50:00,41,43,88,3,175
2024-04-03 12:00:00,50,34,61,2,147
2024-04-03 12:10:00,44,37,64,3,148
2024-04-03 12:20:00,46,42,78,1,167
2024-04-03 12:30:00,47,36,83,3,169
2024-04-03 12:40:00,47,40,89,1,177
2024-04-03 12:50:00,34,38,78,4,154
2024-04-03 13:00:00,48,54,88,3,193
2024-04-03 13:10:00,31,50,74,2,157
2024-04-03 13:20:00,32,34,87,3,156
2024-04-03 13:30:00,31,31,86,1,149
2024-04-03 13:40:00,44,53,87,2,186
2024-04-03 13:50:00,46,44,82,0,172
2024-04-03 14:00:00,51,46,77,1,175
2024-04-03 14:10:00,48,42,90,1,181
2024-04-03 14:20:00,25,38,78,4,145
2024-04-03 14:30:00,32,45,90,4,171
2024-04-03 14:40:00,31,39,87,3,160
2024-04-03 14:50:00,41,31,66,1,139
2024-04-03 15:00:00,38,35,79,1,153
2024-04-03 15:10:00,43,48,87,1,179
2024-04-03 15:20:00,39,45,96,5,185
2024-04-03 15:30:00,54,36,90,0,180
2024-04-03 15:40:00,62,41,97,0,200
2024-04-03 15:50:00,36,30,84,1,151
2024-04-03 16:00:00,39,41,107,0,187
2024-04-03 16:10:00,16,60,119,7,202
2024-04-03 16:20:00,21,46,102,1,170
2024-04-03 16:30:00,26,28,114,1,169
2024-04-03 16:40:00,23,31,112,0,166
2024-04-03 16:50:00,6,15,60,3,84
2024-04-03 17:00:00,0,1,44,1,46
2024-04-03 17:10:00,14,2,44,0,60
2024-04-03 17:20:00,31,14,56,3,104
2024-04-03 17:30:00,27,26,78,1,132
2024-04-03 17:40:00,42,36,95,3,176
2024-04-03 17:50:00,40,40,94,3,177
2024-04-03 18:00:00,45,34,122,2,203
2024-04-03 18:10:00,41,33,102,4,180
2024-04-03 18:20:00,43,24,102,3,172
2024-04-03 18:30:00,36,41,75,7,159
2024-04-03 18:40:00,38,38,77,1,154
2024-04-03 18:50:00,45,41,95,1,182
2024-04-03 19:00:00,36,34,67,1,138
2024-04-03 19:10:00,37,41,68,2,148
2024-04-03 19:20:00,36,40,76,5,157
2024-04-03 19:30:00,45,44,78,1,168
2024-04-03 19:40:00,39,34,62,3,138
2024-04-03 19:50:00,36,32,59,2,129
2024-04-03 20:00:00,26,31,64,0,121
2024-04-03 20:10:00,41,31,41,1,114
2024-04-03 20:20:00,38,30,53,2,123
2024-04-03 20:30:00,36,57,53,1,147
2024-04-03 20:40:00,35,45,46,1,127
2024-04-03 20:50:00,38,48,39,0,125
2024-04-03 21:00:00,39,39,52,3,133
2024-04-03 21:10:00,52,37,46,0,135
2024-04-03 21:20:00,51,31,37,1,120
2024-04-03 21:30:00,37,32,35,0,104
2024-04-03 21:40:00,35,29,27,1,92
2024-04-03 21:50:00,26,21,29,0,76
2024-04-03 22:00:00,28,30,38,1,97
2024-04-03 22:10:00,26,36,42,1,105
2024-04-03 22:20:00,30,33,36,0,99
2024-04-03 22:30:00,22,22,31,0,75
2024-04-03 22:40:00,16,16,17,0,49
2024-04-03 22:50:00,21,24,31,0,76
2024-04-03 23:00:00,20,16,15,0,51
2024-04-03 23:10:00,14,13,15,1,43
2024-04-03 23:20:00,13,20,18,0,51
2024-04-03 23:30:00,15,9,11,2,37
2024-04-03 23:40:00,9,13,14,0,36
2024-04-03 23:50:00,12,11,12,0,35
2024-04-04 00:00:00,9,13,15,0,37
2024-04-04 00:10:00,5,8,9,0,22
2024-04-04 00:20:00,3,6,5,0,14
2024-04-04 00:30:00,10,10,14,0,34
2024-04-04 00:40:00,6,5,5,0,16
2024-04-04 00:50:00,4,12,13,0,29
2024-04-04 01:00:00,4,4,3,0,11
2024-04-04 01:10:00,8,8,9,0,25
2024-04-04 01:20:00,2,6,6,0,14
2024-04-04 01:30:00,5,3,3,0,11
2024-04-04 01:40:00,4,6,6,0,16
2024-04-04 01:50:00,2,4,4,0,10
2024-04-04 02:00:00,4,8,8,0,20
2024-04-04 02:10:00,7,1,1,0,9
2024-04-04 02:20:00,5,2,1,0,8
2024-04-04 02:30:00,2,4,6,0,12
2024-04-04 02:40:00,2,1,1,0,4
2024-04-04 02:50:00,1,3,3,0,7
2024-04-04 03:00:00,2,3,3,0,8
2024-04-04 03:10:00,2,2,2,0,6
2024-04-04 03:20:00,2,0,0,0,2
2024-04-04 03:30:00,2,0,0,0,2
2024-04-04 03:40:00,3,9,7,0,19
2024-04-04 03:50:00,1,3,3,0,7
2024-04-04 04:00:00,3,2,2,0,7
2024-04-04 04:10:00,6,5,5,0,16
2024-04-04 04:20:00,2,5,5,0,12
2024-04-04 04:30:00,7,10,13,0,30
2024-04-04 04:40:00,10,6,6,0,22
2024-04-04 04:50:00,8,3,3,0,14
2024-04-04 05:00:00,6,14,15,0,35
2024-04-04 05:10:00,10,15,16,0,41
2024-04-04 05:20:00,18,11,14,0,43
2024-04-04 05:30:00,25,19,28,0,72
2024-04-04 05:40:00,29,26,34,0,89
2024-04-04 05:50:00,22,20,34,0,76
2024-04-04 06:00:00,24,24,39,0,87
2024-04-04 06:10:00,33,30,53,0,116
2024-04-04 06:20:00,32,18,37,0,87
2024-04-04 06:30:00,27,30,63,0,120
2024-04-04 06:40:00,32,40,80,0,152
2024-04-04 06:50:00,37,31,61,0,129
2024-04-04 07:00:00,35,31,63,1,130
2024-04-04 07:10:00,33,34,76,2,145
2024-04-04 07:20:00,34,35,89,0,158
2024-04-04 07:30:00,38,46,77,1,162
2024-04-04 07:40:00,35,38,85,2,160
2024-04-04 07:50:00,40,38,78,0,156
2024-04-04 08:00:00,45,39,79,1,164
2024-04-04 08:10:00,35,46,81,1,163
2024-04-04 08:20:00,43,43,88,2,176
2024-04-04 08:30:00,43,40,89,2,174
2024-04-04 08:40:00,29,44,85,2,160
2024-04-04 08:50:00,36,38,89,0,163
2024-04-04 09:00:00,29,47,82,2,160
2024-04-04 09:10:00,33,47,87,0,167
2024-04-04 09:20:00,38,39,83,3,163
2024-04-04 09:30:00,35,35,94,1,165
2024-04-04 09:40:00,35,27,89,2,153
2024-04-04 09:50:00,36,52,83,2,173
2024-04-04 10:00:00,39,45,78,1,163
2024-04-04 10:10:00,35,34,65,4,138
2024-04-04 10:20:00,38,39,64,2,143
2024-04-04 10:30:00,37,52,87,0,176
2024-04-04 10:40:00,35,51,72,1,159
2024-04-04 10:50:00,44,40,78,1,163
2024-04-04 11:00:00,40,43,81,1,165
2024-04-04 11:10:00,40,33,77,0,150
2024-04-04 11:20:00,43,34,66,2,145
2024-04-04 11:30:00,38,29,64,3,134
2024-04-04 11:40:00,29,33,87,4,153
2024-04-04 11:50:00,39,52,91,1,183
2024-04-04 12:00:00,34,39,84,1,158
2024-04-04 12:10:00,44,41,86,2,173
2024-04-04 12:20:00,38,35,72,1,146
2024-04-04 12:30:00,36,46,74,0,156
2024-04-04 12:40:00,40,34,83,2,159
2024-04-04 12:50:00,45,33,79,1,158
2024-04-04 13:00:00,28,26,68,1,123
2024-04-04 13:10:00,45,36,72,1,154
2024-04-04 13:20:00,29,26,62,0,117
2024-04-04 13:30:00,39,33,71,0,143
2024-04-04 13:40:00,37,50,86,2,175
2024-04-04 13:50:00,35,37,76,4,152
2024-04-04 14:00:00,42,44,96,3,185
2024-04-04 14:10:00,39,42,94,0,175
2024-04-04 14:20:00,28,41,95,1,165
2024-04-04 14:30:00,29,38,99,0,166
2024-04-04 14:40:00,37,35,95,2,169
2024-04-04 14:50:00,40,32,82,2,156
2024-04-04 15:00:00,34,30,93,2,159
2024-04-04 15:10:00,50,42,82,0,174
2024-04-04 15:20:00,32,35,92,0,159
2024-04-04 15:30:00,42,35,93,2,172
2024-04-04 15:40:00,45,44,82,2,173
2024-04-04 15:50:00,45,32,94,1,172
2024-04-04 16:00:00,13,17,91,2,123
2024-04-04 16:10:00,1,30,97,2,130
2024-04-04 16:20:00,5,29,95,3,132
2024-04-04 16:30:00,4,38,107,4,153
2024-04-04 16:40:00,44,39,87,3,173
2024-04-04 16:50:00,50,18,95,3,166
2024-04-04 17:00:00,35,12,59,3,109
2024-04-04 17:10:00,35,33,71,1,140
2024-04-04 17:20:00,29,32,88,2,151
2024-04-04 17:30:00,25,34,89,0,148
2024-04-04 17:40:00,42,33,92,4,171
2024-04-04 17:50:00,42,29,90,5,166
2024-04-04 18:00:00,49,44,92,2,187
2024-04-04 18:10:00,47,36,94,3,180
2024-04-04 18:20:00,31,35,86,3,155
2024-04-04 18:30:00,50,40,104,1,195
2024-04-04 18:40:00,48,25,82,1,156
2024-04-04 18:50:00,40,42,89,5,176
2024-04-04 19:00:00,34,36,84,2,156
2024-04-04 19:10:00,38,34,68,0,140
2024-04-04 19:20:00,40,35,59,1,135
2024-04-04 19:30:00,43,48,64,0,155
2024-04-04 19:40:00,34,50,73,0,157
2024-04-04 19:50:00,36,46,75,1,158
2024-04-04 20:00:00,28,31,40,3,102
2024-04-04 20:10:00,49,36,48,2,135
2024-04-04 20:20:00,35,42,47,1,125
2024-04-04 20:30:00,34,40,51,3,128
2024-04-04 20:40:00,44,51,41,5,141
2024-04-04 20:50:00,42,59,51,0,152
2024-04-04 21:00:00,42,45,55,0,142
2024-04-04 21:10:00,46,44,44,1,135
2024-04-04 21:20:00,29,34,41,0,104
2024-04-04 21:30:00,34,24,37,0,95
2024-04-04 21:40:00,24,25,41,1,91
2024-04-04 21:50:00,17,21,25,0,63
2024-04-04 22:00:00,26,21,43,2,92
2024-04-04 22:10:00,25,27,46,0,98
2024-04-04 22:20:00,18,18,39,0,75
2024-04-04 22:30:00,23,25,39,0,87
2024-04-04 22:40:00,17,17,26,0,60
2024-04-04 22:50:00,24,18,26,0,68
2024-04-04 23:00:00,15,22,28,2,67
2024-04-04 23:10:00,21,14,16,0,51
2024-04-04 23:20:00,9,14,17,0,40
2024-04-04 23:30:00,13,13,16,0,42
2024-04-04 23:40:00,11,11,14,0,36
2024-04-04 23:50:00,11,11,10,0,32
2024-04-05 00:00:00,10,9,12,0,31
2024-04-05 00:10:00,6,7,10,0,23
2024-04-05 00:20:00,8,7,7,0,22
2024-04-05 00:30:00,9,12,14,0,35
2024-04-05 00:40:00,3,4,4,0,11
2024-04-05 00:50:00,3,6,5,0,14
2024-04-05 01:00:00,1,9,7,0,17
2024-04-05 01:10:00,6,3,3,0,12
2024-04-05 01:20:00,8,8,9,0,25
2024-04-05 01:30:00,1,7,8,0,16
2024-04-05 01:40:00,2,4,3,0,9
2024-04-05 01:50:00,2,6,6,0,14
2024-04-05 02:00:00,1,1,1,0,3
