datetime,D11Z,D21Z,D41Z,D42Z,Total
2024-03-01 01:00:00,3,8,5,4,20
2024-03-01 01:10:00,1,5,2,3,11
2024-03-01 01:20:00,1,6,1,1,9
2024-03-01 01:30:00,0,4,7,0,11
2024-03-01 01:40:00,2,6,6,0,14
2024-03-01 01:50:00,0,9,3,1,13
2024-03-01 02:00:00,0,10,3,2,15
2024-03-01 02:10:00,0,2,5,2,9
2024-03-01 02:20:00,3,6,5,3,17
2024-03-01 02:30:00,0,7,2,3,12
2024-03-01 02:40:00,0,3,6,1,10
2024-03-01 02:50:00,0,5,4,2,11
2024-03-01 03:00:00,0,4,5,0,9
2024-03-01 03:10:00,3,4,1,0,8
2024-03-01 03:20:00,0,3,4,0,7
2024-03-01 03:30:00,0,5,6,3,14
2024-03-01 03:40:00,2,6,7,3,18
2024-03-01 03:50:00,1,7,5,2,15
2024-03-01 04:00:00,1,6,7,7,21
2024-03-01 04:10:00,0,4,8,3,15
2024-03-01 04:20:00,0,5,6,1,12
2024-03-01 04:30:00,0,8,10,2,20
2024-03-01 04:40:00,1,12,12,11,36
2024-03-01 04:50:00,1,11,23,4,39
2024-03-01 05:00:00,1,15,15,5,36
2024-03-01 05:10:00,4,13,23,7,47
2024-03-01 05:20:00,4,32,38,9,83
2024-03-01 05:30:00,4,30,54,7,95
2024-03-01 05:40:00,3,41,53,8,105
2024-03-01 05:50:00,22,50,50,11,133
2024-03-01 06:00:00,5,45,67,16,133
2024-03-01 06:10:00,7,48,73,13,141
2024-03-01 06:20:00,10,70,82,7,169
2024-03-01 06:30:00,3,78,85,11,177
2024-03-01 06:40:00,6,78,82,9,175
2024-03-01 06:50:00,5,99,85,6,195
2024-03-01 07:00:00,2,84,114,9,209
2024-03-01 07:10:00,6,97,138,13,254
2024-03-01 07:20:00,12,116,117,11,256
2024-03-01 07:30:00,14,118,165,10,307
2024-03-01 07:40:00,13,117,162,14,306
2024-03-01 07:50:00,12,150,108,14,284
2024-03-01 08:00:00,6,101,95,10,212
2024-03-01 08:10:00,6,101,106,14,227
2024-03-01 08:20:00,8,97,121,9,235
2024-03-01 08:30:00,8,98,107,12,225
2024-03-01 08:40:00,8,101,102,7,218
2024-03-01 08:50:00,14,126,103,8,251
2024-03-01 09:00:00,11,113,104,5,233
2024-03-01 09:10:00,8,92,104,13,217
2024-03-01 09:20:00,8,107,129,12,256
2024-03-01 09:30:00,8,111,94,8,221
2024-03-01 09:40:00,12,107,99,8,226
2024-03-01 09:50:00,11,97,119,7,234
2024-03-01 10:00:00,11,111,97,6,225
2024-03-01 10:10:00,10,102,90,8,210
2024-03-01 10:20:00,12,91,105,9,217
2024-03-01 10:30:00,7,119,97,12,235
2024-03-01 10:40:00,7,125,134,10,276
2024-03-01 10:50:00,13,113,109,10,245
2024-03-01 11:00:00,15,98,112,6,231
2024-03-01 11:10:00,8,124,125,4,261
2024-03-01 11:20:00,9,106,101,3,219
2024-03-01 11:30:00,8,125,116,14,263
2024-03-01 11:40:00,8,123,110,12,253
2024-03-01 11:50:00,10,141,114,9,274
2024-03-01 12:00:00,15,112,115,11,253
2024-03-01 12:10:00,12,121,143,12,288
2024-03-01 12:20:00,20,134,133,8,295
2024-03-01 12:30:00,21,135,132,6,294
2024-03-01 12:40:00,13,144,125,8,290
2024-03-01 12:50:00,17,161,143,10,331
2024-03-01 13:00:00,7,132,127,15,281
2024-03-01 13:10:00,10,151,108,12,281
2024-03-01 13:20:00,13,125,82,10,230
2024-03-01 13:30:00,15,165,114,10,304
2024-03-01 13:40:00,14,134,139,7,294
2024-03-01 13:50:00,27,146,135,13,321
2024-03-01 14:00:00,17,130,125,10,282
2024-03-01 14:10:00,23,162,118,11,314
2024-03-01 14:20:00,14,155,124,12,305
2024-03-01 14:30:00,5,138,133,13,289
2024-03-01 14:40:00,13,134,111,6,264
2024-03-01 14:50:00,10,156,84,6,256
2024-03-01 15:00:00,15,136,147,6,304
2024-03-01 15:10:00,13,142,141,17,313
2024-03-01 15:20:00,12,172,162,10,356
2024-03-01 15:30:00,13,127,120,8,268
2024-03-01 15:40:00,8,151,146,12,317
2024-03-01 15:50:00,19,135,127,9,290
2024-03-01 16:00:00,7,126,147,11,291
2024-03-01 16:10:00,6,138,139,7,290
2024-03-01 16:20:00,10,149,131,4,294
2024-03-01 16:30:00,18,120,123,10,271
2024-03-01 16:40:00,11,146,113,8,278
2024-03-01 16:50:00,10,137,148,8,303
2024-03-01 17:00:00,11,148,115,9,283
2024-03-01 17:10:00,6,158,149,5,318
2024-03-01 17:20:00,10,147,137,9,303
2024-03-01 17:30:00,18,142,129,4,293
2024-03-01 17:40:00,10,143,136,5,294
2024-03-01 17:50:00,16,125,102,9,252
2024-03-01 18:00:00,6,120,117,6,249
2024-03-01 18:10:00,12,142,124,10,288
2024-03-01 18:20:00,2,126,151,16,295
2024-03-01 18:30:00,15,120,102,10,247
2024-03-01 18:40:00,10,121,106,5,242
2024-03-01 18:50:00,5,134,105,8,252
2024-03-01 19:00:00,7,104,95,17,223
2024-03-01 19:10:00,5,114,122,11,252
2024-03-01 19:20:00,4,94,109,11,218
2024-03-01 19:30:00,6,83,97,14,200
2024-03-01 19:40:00,4,70,79,10,163
2024-03-01 19:50:00,1,83,66,11,161
2024-03-01 20:00:00,6,59,76,8,149
2024-03-01 20:10:00,10,58,82,12,162
2024-03-01 20:20:00,7,60,55,8,130
2024-03-01 20:30:00,3,63,59,6,131
2024-03-01 20:40:00,1,51,47,7,106
2024-03-01 20:50:00,2,43,51,7,103
2024-03-01 21:00:00,3,49,59,9,120
2024-03-01 21:10:00,1,43,54,12,110
2024-03-01 21:20:00,1,55,60,5,121
2024-03-01 21:30:00,1,61,49,10,121
2024-03-01 21:40:00,0,51,50,6,107
2024-03-01 21:50:00,5,35,45,8,93
2024-03-01 22:00:00,1,47,37,4,89
2024-03-01 22:10:00,2,46,44,10,102
2024-03-01 22:20:00,4,42,46,5,97
2024-03-01 22:30:00,1,37,42,3,83
2024-03-01 22:40:00,0,38,34,5,77
2024-03-01 22:50:00,2,41,42,13,98
2024-03-01 23:00:00,1,37,34,2,74
2024-03-01 23:10:00,0,27,18,11,56
2024-03-01 23:20:00,0,27,28,10,65
2024-03-01 23:30:00,1,38,23,3,65
2024-03-01 23:40:00,3,20,22,6,51
2024-03-01 23:50:00,3,32,22,9,66
2024-03-02 00:00:00,4,21,21,1,47
2024-03-02 00:10:00,1,15,21,6,43
2024-03-02 00:20:00,1,15,20,3,39
2024-03-02 00:30:00,3,17,14,0,34
2024-03-02 00:40:00,0,18,9,6,33
2024-03-02 00:50:00,3,15,9,4,31
2024-03-02 01:00:00,0,11,13,4,28
2024-03-02 01:10:00,6,19,17,3,45
2024-03-02 01:20:00,5,14,14,2,35
2024-03-02 01:30:00,2,7,6,3,18
2024-03-02 01:40:00,0,15,7,2,24
2024-03-02 01:50:00,1,12,7,2,22
2024-03-02 02:00:00,2,7,2,4,15
2024-03-02 02:10:00,1,7,8,5,21
2024-03-02 02:20:00,1,9,4,0,14
2024-03-02 02:30:00,1,10,3,2,16
2024-03-02 02:40:00,0,10,6,4,20
2024-03-02 02:50:00,0,7,10,4,21
2024-03-02 03:00:00,0,6,1,1,8
2024-03-02 03:10:00,0,5,3,2,10
2024-03-02 03:20:00,1,9,7,3,20
2024-03-02 03:30:00,0,10,7,4,21
2024-03-02 03:40:00,1,6,11,3,21
2024-03-02 03:50:00,0,14,8,4,26
2024-03-02 04:00:00,0,7,4,2,13
2024-03-02 04:10:00,0,4,5,0,9
2024-03-02 04:20:00,0,8,5,1,14
2024-03-02 04:30:00,0,8,11,1,20
2024-03-02 04:40:00,0,2,5,2,9
2024-03-02 04:50:00,0,4,11,3,18
2024-03-02 05:00:00,0,13,8,2,23
2024-03-02 05:10:00,1,12,13,4,30
2024-03-02 05:20:00,4,17,17,5,43
2024-03-02 05:30:00,2,10,20,3,35
2024-03-02 05:40:00,7,24,14,3,48
2024-03-02 05:50:00,8,19,16,5,48
2024-03-02 06:00:00,3,12,12,4,31
2024-03-02 06:10:00,1,29,13,4,47
2024-03-02 06:20:00,2,11,9,0,22
2024-03-02 06:30:00,1,24,23,2,50
2024-03-02 06:40:00,1,18,26,4,49
2024-03-02 06:50:00,4,31,21,2,58
2024-03-02 07:00:00,2,28,14,2,46
2024-03-02 07:10:00,0,31,27,5,63
2024-03-02 07:20:00,5,32,34,7,78
2024-03-02 07:30:00,3,36,32,1,72
2024-03-02 07:40:00,4,53,35,9,101
2024-03-02 07:50:00,8,47,39,5,99
2024-03-02 08:00:00,2,41,37,7,87
2024-03-02 08:10:00,4,39,56,8,107
2024-03-02 08:20:00,4,52,45,6,107
2024-03-02 08:30:00,3,56,64,11,134
2024-03-02 08:40:00,2,69,62,11,144
2024-03-02 08:50:00,9,76,81,6,172
2024-03-02 09:00:00,6,81,73,6,166
2024-03-02 09:10:00,5,69,89,6,169
2024-03-02 09:20:00,6,72,90,5,173
2024-03-02 09:30:00,6,94,102,3,205
2024-03-02 09:40:00,7,99,92,14,212
2024-03-02 09:50:00,10,93,96,7,206
2024-03-02 10:00:00,5,83,102,3,193
2024-03-02 10:10:00,10,99,120,6,235
2024-03-02 10:20:00,5,82,109,4,200
2024-03-02 10:30:00,8,107,117,9,241
2024-03-02 10:40:00,5,110,127,7,249
2024-03-02 10:50:00,10,107,147,6,270
2024-03-02 11:00:00,6,99,121,9,235
2024-03-02 11:10:00,6,114,111,17,248
2024-03-02 11:20:00,9,125,116,8,258
2024-03-02 11:30:00,8,122,95,8,233
2024-03-02 11:40:00,7,127,122,6,262
2024-03-02 11:50:00,8,105,111,5,229
2024-03-02 12:00:00,8,123,141,11,283
2024-03-02 12:10:00,10,105,114,10,239
2024-03-02 12:20:00,13,134,128,4,279
2024-03-02 12:30:00,7,128,133,8,276
2024-03-02 12:40:00,11,106,121,9,247
2024-03-02 12:50:00,11,101,136,9,257
2024-03-02 13:00:00,7,117,119,6,249
2024-03-02 13:10:00,8,144,111,12,275
2024-03-02 13:20:00,8,141,88,8,245
2024-03-02 13:30:00,10,146,113,9,278
2024-03-02 13:40:00,20,130,98,7,255
2024-03-02 13:50:00,18,134,121,14,287
2024-03-02 14:00:00,19,131,116,10,276
2024-03-02 14:10:00,8,137,122,9,276
2024-03-02 14:20:00,8,130,123,10,271
2024-03-02 14:30:00,4,129,119,3,255
2024-03-02 14:40:00,10,107,111,8,236
2024-03-02 14:50:00,6,116,131,7,260
2024-03-02 15:00:00,5,113,122,7,247
2024-03-02 15:10:00,5,109,128,8,250
2024-03-02 15:20:00,5,123,98,8,234
2024-03-02 15:30:00,9,108,106,10,233
2024-03-02 15:40:00,10,94,96,10,210
2024-03-02 15:50:00,8,92,121,6,227
2024-03-02 16:00:00,2,104,102,7,215
2024-03-02 16:10:00,4,80,105,8,197
2024-03-02 16:20:00,3,101,105,7,216
2024-03-02 16:30:00,5,102,114,6,227
2024-03-02 16:40:00,3,98,98,9,208
2024-03-02 16:50:00,11,91,110,4,216
2024-03-02 17:00:00,2,132,106,15,255
2024-03-02 17:10:00,5,87,118,11,221
2024-03-02 17:20:00,5,103,112,4,224
2024-03-02 17:30:00,10,107,121,10,248
2024-03-02 17:40:00,4,125,124,11,264
2024-03-02 17:50:00,6,141,128,9,284
2024-03-02 18:00:00,1,120,105,8,234
2024-03-02 18:10:00,11,124,95,9,239
2024-03-02 18:20:00,8,129,104,7,248
2024-03-02 18:30:00,10,89,108,11,218
2024-03-02 18:40:00,5,102,95,5,207
2024-03-02 18:50:00,2,103,99,5,209
2024-03-02 19:00:00,5,91,85,1,182
2024-03-02 19:10:00,8,89,89,11,197
2024-03-02 19:20:00,6,92,88,8,194
2024-03-02 19:30:00,3,66,81,11,161
2024-03-02 19:40:00,3,57,78,10,148
2024-03-02 19:50:00,5,69,82,4,160
2024-03-02 20:00:00,4,60,72,5,141
2024-03-02 20:10:00,7,73,64,11,155
2024-03-02 20:20:00,14,48,60,8,130
2024-03-02 20:30:00,1,50,53,4,108
2024-03-02 20:40:00,4,52,58,7,121
2024-03-02 20:50:00,5,37,54,8,104
2024-03-02 21:00:00,1,52,50,8,111
2024-03-02 21:10:00,1,40,42,12,95
2024-03-02 21:20:00,0,41,40,4,85
2024-03-02 21:30:00,1,41,40,9,91
2024-03-02 21:40:00,3,25,45,6,79
2024-03-02 21:50:00,5,39,31,5,80
2024-03-02 22:00:00,3,24,37,6,70
2024-03-02 22:10:00,1,43,27,7,78
2024-03-02 22:20:00,1,52,33,5,91
2024-03-02 22:30:00,4,29,36,5,74
2024-03-02 22:40:00,4,33,35,12,84
2024-03-02 22:50:00,1,36,28,9,74
2024-03-02 23:00:00,4,23,25,2,54
2024-03-02 23:10:00,1,42,18,6,67
2024-03-02 23:20:00,1,24,23,5,53
2024-03-02 23:30:00,0,25,34,5,64
2024-03-02 23:40:00,0,25,27,5,57
2024-03-02 23:50:00,0,23,19,9,51
2024-03-03 00:00:00,2,22,21,5,50
2024-03-03 00:10:00,0,24,21,7,52
2024-03-03 00:20:00,2,25,21,1,49
2024-03-03 00:30:00,1,22,20,3,46
2024-03-03 00:40:00,0,19,21,3,43
2024-03-03 00:50:00,0,17,20,5,42
2024-03-03 01:00:00,2,31,18,4,55
2024-03-03 01:10:00,1,17,21,8,47
2024-03-03 01:20:00,0,19,14,1,34
2024-03-03 01:30:00,0,13,12,2,27
2024-03-03 01:40:00,0,18,9,5,32
2024-03-03 01:50:00,0,9,11,3,23
2024-03-03 02:00:00,2,12,6,1,21
2024-03-03 02:10:00,1,11,8,2,22
2024-03-03 02:20:00,0,10,13,4,27
2024-03-03 02:30:00,1,11,10,2,24
2024-03-03 02:40:00,2,11,11,3,27
2024-03-03 02:50:00,0,9,6,2,17
2024-03-03 03:00:00,0,9,5,3,17
2024-03-03 03:10:00,0,9,8,1,18
2024-03-03 03:20:00,0,7,5,1,13
2024-03-03 03:30:00,0,9,7,3,19
2024-03-03 03:40:00,0,6,6,1,13
2024-03-03 03:50:00,0,4,10,0,14
2024-03-03 04:00:00,0,6,4,2,12
2024-03-03 04:10:00,0,6,4,4,14
2024-03-03 04:20:00,0,3,3,1,7
2024-03-03 04:30:00,0,3,13,1,17
2024-03-03 04:40:00,0,6,13,4,23
2024-03-03 04:50:00,0,7,9,2,18
2024-03-03 05:00:00,1,4,11,2,18
2024-03-03 05:10:00,2,7,13,3,25
2024-03-03 05:20:00,5,16,17,7,45
2024-03-03 05:30:00,3,12,13,2,30
2024-03-03 05:40:00,3,12,10,4,29
2024-03-03 05:50:00,10,9,3,2,24
2024-03-03 06:00:00,0,4,5,0,9
2024-03-03 06:10:00,2,7,7,4,20
2024-03-03 06:20:00,0,7,6,2,15
2024-03-03 06:30:00,0,12,13,1,26
2024-03-03 06:40:00,0,8,7,3,18
2024-03-03 06:50:00,0,10,7,3,20
2024-03-03 07:00:00,0,7,12,1,20
2024-03-03 07:10:00,0,6,8,5,19
2024-03-03 07:20:00,0,9,6,1,16
2024-03-03 07:30:00,0,7,12,0,19
2024-03-03 07:40:00,0,9,16,4,29
2024-03-03 07:50:00,1,12,14,4,31
2024-03-03 08:00:00,2,10,12,1,25
2024-03-03 08:10:00,1,5,9,2,17
2024-03-03 08:20:00,1,14,15,2,32
2024-03-03 08:30:00,0,18,16,1,35
2024-03-03 08:40:00,1,18,25,7,51
2024-03-03 08:50:00,2,25,25,3,55
2024-03-03 09:00:00,0,20,30,3,53
2024-03-03 09:10:00,2,37,42,6,87
2024-03-03 09:20:00,1,40,50,4,95
2024-03-03 09:30:00,6,38,50,4,98
2024-03-03 09:40:00,3,39,57,5,104
2024-03-03 09:50:00,3,55,71,3,132
2024-03-03 10:00:00,3,42,43,3,91
2024-03-03 10:10:00,6,39,50,5,100
2024-03-03 10:20:00,3,44,51,5,103
2024-03-03 10:30:00,4,39,53,5,101
2024-03-03 10:40:00,2,56,67,3,128
2024-03-03 10:50:00,3,42,74,5,124
2024-03-03 11:00:00,5,56,36,4,101
2024-03-03 11:10:00,11,53,46,8,118
2024-03-03 11:20:00,4,87,51,6,148
2024-03-03 11:30:00,8,61,67,5,141
2024-03-03 11:40:00,3,61,69,10,143
2024-03-03 11:50:00,2,74,76,9,161
2024-03-03 12:00:00,8,71,71,4,154
2024-03-03 12:10:00,6,75,85,8,174
2024-03-03 12:20:00,4,65,57,3,129
2024-03-03 12:30:00,3,58,63,10,134
2024-03-03 12:40:00,7,85,67,5,164
2024-03-03 12:50:00,2,83,96,5,186
2024-03-03 13:00:00,8,54,72,6,140
2024-03-03 13:10:00,4,84,88,11,187
2024-03-03 13:20:00,3,80,93,7,183
2024-03-03 13:30:00,3,100,94,12,209
2024-03-03 13:40:00,18,106,78,10,212
2024-03-03 13:50:00,17,92,70,4,183
2024-03-03 14:00:00,7,96,99,5,207
2024-03-03 14:10:00,3,70,85,2,160
2024-03-03 14:20:00,3,86,95,6,190
2024-03-03 14:30:00,5,99,82,5,191
2024-03-03 14:40:00,7,116,106,6,235
2024-03-03 14:50:00,1,92,80,4,177
2024-03-03 15:00:00,3,80,94,5,182
2024-03-03 15:10:00,4,87,98,9,198
2024-03-03 15:20:00,6,91,94,9,200
2024-03-03 15:30:00,9,58,87,7,161
2024-03-03 15:40:00,6,84,94,10,194
2024-03-03 15:50:00,4,85,86,10,185
2024-03-03 16:00:00,7,77,106,5,195
2024-03-03 16:10:00,4,59,83,10,156
2024-03-03 16:20:00,3,75,78,6,162
2024-03-03 16:30:00,6,67,99,7,179
2024-03-03 16:40:00,5,87,102,9,203
2024-03-03 16:50:00,8,79,77,10,174
2024-03-03 17:00:00,3,81,107,10,201
2024-03-03 17:10:00,5,89,102,11,207
2024-03-03 17:20:00,2,74,109,5,190
2024-03-03 17:30:00,4,82,97,10,193
2024-03-03 17:40:00,7,93,84,7,191
2024-03-03 17:50:00,3,108,73,11,195
2024-03-03 18:00:00,2,70,81,6,159
2024-03-03 18:10:00,2,74,81,11,168
2024-03-03 18:20:00,5,71,80,5,161
2024-03-03 18:30:00,4,64,70,8,146
2024-03-03 18:40:00,2,76,73,3,154
2024-03-03 18:50:00,5,69,83,3,160
2024-03-03 19:00:00,1,66,85,9,161
2024-03-03 19:10:00,4,64,66,15,149
2024-03-03 19:20:00,2,70,79,6,157
2024-03-03 19:30:00,6,46,63,12,127
2024-03-03 19:40:00,6,67,55,8,136
2024-03-03 19:50:00,6,58,57,4,125
2024-03-03 20:00:00,11,46,49,5,111
2024-03-03 20:10:00,4,49,45,10,108
2024-03-03 20:20:00,0,45,45,7,97
2024-03-03 20:30:00,5,37,37,8,87
2024-03-03 20:40:00,5,48,26,6,85
2024-03-03 20:50:00,6,43,29,7,85
2024-03-03 21:00:00,4,30,38,3,75
2024-03-03 21:10:00,0,35,31,8,74
2024-03-03 21:20:00,3,37,29,6,75
2024-03-03 21:30:00,3,29,27,6,65
2024-03-03 21:40:00,8,24,23,7,62
2024-03-03 21:50:00,11,29,22,3,65
2024-03-03 22:00:00,1,23,22,4,50
2024-03-03 22:10:00,0,22,15,7,44
2024-03-03 22:20:00,3,17,16,5,41
2024-03-03 22:30:00,0,11,17,1,29
2024-03-03 22:40:00,1,16,15,6,38
2024-03-03 22:50:00,4,19,18,3,44
2024-03-03 23:00:00,0,16,10,2,28
2024-03-03 23:10:00,0,20,15,5,40
2024-03-03 23:20:00,3,14,10,4,31
2024-03-03 23:30:00,0,10,11,2,23
2024-03-03 23:40:00,0,11,3,3,17
2024-03-03 23:50:00,0,15,7,4,26
2024-03-04 00:00:00,0,6,8,6,20
2024-03-04 00:10:00,0,11,10,4,25
2024-03-04 00:20:00,0,7,4,3,14
2024-03-04 00:30:00,0,2,10,3,15
2024-03-04 00:40:00,0,7,1,2,10
2024-03-04 00:50:00,0,3,6,5,14
2024-03-04 01:00:00,3,6,4,3,16
2024-03-04 01:10:00,0,6,2,0,8
2024-03-04 01:20:00,2,3,0,1,6
2024-03-04 01:30:00,2,3,2,1,8
2024-03-04 01:40:00,0,5,3,1,9
2024-03-04 01:50:00,1,4,2,1,8
2024-03-04 02:00:00,1,3,2,1,7
2024-03-04 02:10:00,0,2,1,0,3
2024-03-04 02:20:00,0,4,2,3,9
2024-03-04 02:30:00,0,4,3,1,8
2024-03-04 02:40:00,0,4,3,3,10
2024-03-04 02:50:00,0,3,3,1,7
2024-03-04 03:00:00,0,1,8,2,11
2024-03-04 03:10:00,0,4,3,1,8
2024-03-04 03:20:00,0,5,4,3,12
2024-03-04 03:30:00,0,4,7,2,13
2024-03-04 03:40:00,1,7,7,5,20
2024-03-04 03:50:00,0,4,8,2,14
2024-03-04 04:00:00,0,8,12,3,23
2024-03-04 04:10:00,0,6,7,0,13
2024-03-04 04:20:00,0,3,7,2,12
2024-03-04 04:30:00,2,10,14,6,32
2024-03-04 04:40:00,1,6,19,4,30
2024-03-04 04:50:00,1,10,16,2,29
2024-03-04 05:00:00,1,15,29,5,50
2024-03-04 05:10:00,1,14,36,9,60
2024-03-04 05:20:00,4,26,44,6,80
2024-03-04 05:30:00,2,42,70,16,130
2024-03-04 05:40:00,13,44,68,9,134
2024-03-04 05:50:00,12,46,63,11,132
2024-03-04 06:00:00,6,32,62,7,107
2024-03-04 06:10:00,5,63,63,5,136
2024-03-04 06:20:00,5,69,75,3,152
2024-03-04 06:30:00,7,80,84,18,189
2024-03-04 06:40:00,4,100,97,17,218
2024-03-04 06:50:00,8,113,106,16,243
2024-03-04 07:00:00,5,90,126,10,231
2024-03-04 07:10:00,5,102,135,9,251
2024-03-04 07:20:00,10,147,154,5,316
2024-03-04 07:30:00,17,107,158,14,296
2024-03-04 07:40:00,13,111,162,16,302
2024-03-04 07:50:00,5,140,134,18,297
2024-03-04 08:00:00,7,118,136,15,276
2024-03-04 08:10:00,14,102,129,12,257
2024-03-04 08:20:00,13,118,125,15,271
2024-03-04 08:30:00,7,103,104,8,222
2024-03-04 08:40:00,7,110,109,8,234
2024-03-04 08:50:00,5,104,105,15,229
2024-03-04 09:00:00,8,107,102,7,224
2024-03-04 09:10:00,10,106,107,9,232
2024-03-04 09:20:00,12,87,106,19,224
2024-03-04 09:30:00,10,111,123,15,259
2024-03-04 09:40:00,12,108,110,10,240
2024-03-04 09:50:00,12,91,109,16,228
2024-03-04 10:00:00,7,100,89,13,209
2024-03-04 10:10:00,9,102,108,12,231
2024-03-04 10:20:00,8,101,102,11,222
2024-03-04 10:30:00,8,111,103,12,234
2024-03-04 10:40:00,12,107,95,13,227
2024-03-04 10:50:00,5,113,117,8,243
2024-03-04 11:00:00,2,49,96,9,156
2024-03-04 11:10:00,4,54,97,11,166
2024-03-04 11:20:00,8,118,96,17,239
2024-03-04 11:30:00,9,126,102,17,254
2024-03-04 11:40:00,10,131,108,7,256
2024-03-04 11:50:00,12,114,109,10,245
2024-03-04 12:00:00,14,119,116,11,260
2024-03-04 12:10:00,15,98,102,14,229
2024-03-04 12:20:00,12,120,130,8,270
2024-03-04 12:30:00,14,115,97,8,234
2024-03-04 12:40:00,16,104,113,11,244
2024-03-04 12:50:00,11,119,124,6,260
2024-03-04 13:00:00,10,104,110,11,235
2024-03-04 13:10:00,8,143,127,9,287
2024-03-04 13:20:00,10,138,108,9,265
2024-03-04 13:30:00,6,140,119,11,276
2024-03-04 13:40:00,19,122,99,10,250
2024-03-04 13:50:00,17,113,137,10,277
2024-03-04 14:00:00,24,110,103,13,250
2024-03-04 14:10:00,8,130,93,11,242
2024-03-04 14:20:00,13,129,119,6,267
2024-03-04 14:30:00,14,127,133,9,283
2024-03-04 14:40:00,10,116,129,12,267
2024-03-04 14:50:00,23,134,115,16,288
2024-03-04 15:00:00,12,139,112,16,279
2024-03-04 15:10:00,10,143,128,6,287
2024-03-04 15:20:00,13,129,116,12,270
2024-03-04 15:30:00,21,148,137,3,309
2024-03-04 15:40:00,19,135,151,13,318
2024-03-04 15:50:00,22,150,120,9,301
2024-03-04 16:00:00,23,150,130,10,313
2024-03-04 16:10:00,14,155,140,11,320
2024-03-04 16:20:00,14,145,146,8,313
2024-03-04 16:30:00,34,143,144,10,331
2024-03-04 16:40:00,12,137,122,6,277
2024-03-04 16:50:00,12,140,152,6,310
2024-03-04 17:00:00,27,139,144,18,328
2024-03-04 17:10:00,13,158,157,8,336
2024-03-04 17:20:00,12,161,134,9,316
2024-03-04 17:30:00,14,166,128,12,320
2024-03-04 17:40:00,17,132,117,9,275
2024-03-04 17:50:00,10,130,110,8,258
2024-03-04 18:00:00,11,114,110,11,246
2024-03-04 18:10:00,9,127,133,15,284
2024-03-04 18:20:00,9,114,103,8,234
2024-03-04 18:30:00,6,101,103,13,223
2024-03-04 18:40:00,11,101,98,14,224
2024-03-04 18:50:00,9,88,86,6,189
2024-03-04 19:00:00,6,97,93,10,206
2024-03-04 19:10:00,6,75,90,13,184
2024-03-04 19:20:00,5,71,83,14,173
2024-03-04 19:30:00,10,79,75,10,174
2024-03-04 19:40:00,3,54,59,14,130
2024-03-04 19:50:00,4,66,54,10,134
2024-03-04 20:00:00,7,44,69,8,128
2024-03-04 20:10:00,4,55,58,3,120
2024-03-04 20:20:00,1,54,33,3,91
2024-03-04 20:30:00,3,42,53,5,103
2024-03-04 20:40:00,2,53,42,8,105
2024-03-04 20:50:00,6,36,45,8,95
2024-03-04 21:00:00,2,41,40,7,90
2024-03-04 21:10:00,4,65,39,7,115
2024-03-04 21:20:00,3,37,46,12,98
2024-03-04 21:30:00,3,39,27,8,77
2024-03-04 21:40:00,5,41,31,8,85
2024-03-04 21:50:00,11,32,26,2,71
2024-03-04 22:00:00,3,28,32,4,67
2024-03-04 22:10:00,6,34,27,6,73
2024-03-04 22:20:00,0,27,18,3,48
2024-03-04 22:30:00,6,26,20,5,57
2024-03-04 22:40:00,2,38,22,7,69
2024-03-04 22:50:00,1,27,31,8,67
2024-03-04 23:00:00,1,12,10,1,24
2024-03-04 23:10:00,1,18,9,3,31
2024-03-04 23:20:00,0,8,20,6,34
2024-03-04 23:30:00,0,11,8,2,21
2024-03-04 23:40:00,0,12,5,4,21
2024-03-04 23:50:00,0,9,4,3,16
2024-03-05 00:00:00,1,9,6,0,16
2024-03-05 00:10:00,0,12,6,8,26
2024-03-05 00:20:00,0,5,4,1,10
2024-03-05 00:30:00,0,11,3,1,15
2024-03-05 00:40:00,2,5,6,3,16
2024-03-05 00:50:00,2,5,4,6,17
2024-03-05 01:00:00,0,5,2,0,7
2024-03-05 01:10:00,1,4,1,0,6
2024-03-05 01:20:00,2,2,2,0,6
2024-03-05 01:30:00,2,2,5,1,10
2024-03-05 01:40:00,1,1,3,0,5
2024-03-05 01:50:00,0,0,5,1,6
2024-03-05 02:00:00,0,5,4,2,11
2024-03-05 02:10:00,1,7,4,3,15
2024-03-05 02:20:00,0,7,4,1,12
2024-03-05 02:30:00,0,6,4,1,11
2024-03-05 02:40:00,0,5,0,0,5
2024-03-05 02:50:00,0,5,5,4,14
2024-03-05 03:00:00,0,5,1,1,7
2024-03-05 03:10:00,0,3,2,1,6
2024-03-05 03:20:00,0,7,3,3,13
2024-03-05 03:30:00,0,4,4,4,12
2024-03-05 03:40:00,1,4,11,2,18
2024-03-05 03:50:00,1,5,4,2,12
2024-03-05 04:00:00,0,7,6,2,15
2024-03-05 04:10:00,1,4,9,3,17
2024-03-05 04:20:00,0,8,12,5,25
2024-03-05 04:30:00,1,6,8,5,20
2024-03-05 04:40:00,1,8,16,5,30
2024-03-05 04:50:00,0,11,19,4,34
2024-03-05 05:00:00,1,11,31,6,49
2024-03-05 05:10:00,4,26,33,6,69
2024-03-05 05:20:00,3,29,36,3,71
2024-03-05 05:30:00,6,30,71,16,123
2024-03-05 05:40:00,8,49,58,13,128
2024-03-05 05:50:00,7,49,57,8,121
2024-03-05 06:00:00,8,38,67,13,126
2024-03-05 06:10:00,12,62,67,8,149
2024-03-05 06:20:00,7,85,72,4,168
2024-03-05 06:30:00,4,79,98,15,196
2024-03-05 06:40:00,10,97,96,21,224
2024-03-05 06:50:00,6,113,95,7,221
2024-03-05 07:00:00,4,87,122,17,230
2024-03-05 07:10:00,7,103,133,7,250
2024-03-05 07:20:00,12,117,151,17,297
2024-03-05 07:30:00,13,104,164,6,287
2024-03-05 07:40:00,10,126,167,16,319
2024-03-05 07:50:00,7,137,143,9,296
2024-03-05 08:00:00,9,143,128,17,297
2024-03-05 08:10:00,7,110,141,15,273
2024-03-05 08:20:00,11,107,124,17,259
2024-03-05 08:30:00,8,103,113,6,230
2024-03-05 08:40:00,14,105,112,9,240
2024-03-05 08:50:00,10,108,107,16,241
2024-03-05 09:00:00,7,113,101,15,236
2024-03-05 09:10:00,13,96,107,7,223
2024-03-05 09:20:00,10,93,91,8,202
2024-03-05 09:30:00,8,94,106,9,217
2024-03-05 09:40:00,6,99,110,10,225
2024-03-05 09:50:00,13,111,76,9,209
2024-03-05 10:00:00,8,102,105,7,222
2024-03-05 10:10:00,5,108,97,16,226
2024-03-05 10:20:00,8,115,93,7,223
2024-03-05 10:30:00,10,100,99,12,221
2024-03-05 10:40:00,12,105,110,8,235
2024-03-05 10:50:00,10,98,97,6,211
2024-03-05 11:00:00,13,80,96,7,196
2024-03-05 11:10:00,5,97,105,11,218
2024-03-05 11:20:00,10,114,99,11,234
2024-03-05 11:30:00,11,91,95,9,206
2024-03-05 11:40:00,20,108,126,11,265
2024-03-05 11:50:00,10,111,81,11,213
2024-03-05 12:00:00,8,124,104,7,243
2024-03-05 12:10:00,7,100,103,12,222
2024-03-05 12:20:00,13,119,111,8,251
2024-03-05 12:30:00,4,121,123,12,260
2024-03-05 12:40:00,20,92,105,14,231
2024-03-05 12:50:00,14,117,112,14,257
2024-03-05 13:00:00,12,120,108,8,248
2024-03-05 13:10:00,15,107,121,9,252
2024-03-05 13:20:00,8,114,111,10,243
2024-03-05 13:30:00,14,122,105,14,255
2024-03-05 13:40:00,14,121,110,14,259
2024-03-05 13:50:00,31,113,103,9,256
2024-03-05 14:00:00,23,104,104,9,240
2024-03-05 14:10:00,20,128,122,6,276
2024-03-05 14:20:00,13,136,104,11,264
2024-03-05 14:30:00,9,141,109,12,271
2024-03-05 14:40:00,22,136,106,12,276
2024-03-05 14:50:00,20,146,131,9,306
2024-03-05 15:00:00,19,152,120,14,305
2024-03-05 15:10:00,8,148,141,10,307
2024-03-05 15:20:00,15,129,123,11,278
2024-03-05 15:30:00,22,132,128,7,289
2024-03-05 15:40:00,26,140,147,4,317
2024-03-05 15:50:00,22,148,135,10,315
2024-03-05 16:00:00,16,161,125,7,309
2024-03-05 16:10:00,11,153,131,7,302
2024-03-05 16:20:00,13,156,129,8,306
2024-03-05 16:30:00,18,160,127,8,313
2024-03-05 16:40:00,15,155,93,8,271
2024-03-05 16:50:00,16,150,155,6,327
2024-03-05 17:00:00,15,165,136,5,321
2024-03-05 17:10:00,19,160,144,10,333
2024-03-05 17:20:00,9,142,116,9,276
2024-03-05 17:30:00,20,136,119,13,288
2024-03-05 17:40:00,14,157,126,12,309
2024-03-05 17:50:00,15,117,100,5,237
2024-03-05 18:00:00,8,138,118,15,279
2024-03-05 18:10:00,13,136,111,13,273
2024-03-05 18:20:00,10,123,126,5,264
2024-03-05 18:30:00,13,108,116,12,249
2024-03-05 18:40:00,5,125,97,10,237
2024-03-05 18:50:00,8,108,106,16,238
2024-03-05 19:00:00,4,99,86,13,202
2024-03-05 19:10:00,5,83,93,13,194
2024-03-05 19:20:00,5,82,68,3,158
2024-03-05 19:30:00,3,60,72,11,146
2024-03-05 19:40:00,4,76,65,11,156
2024-03-05 19:50:00,2,74,81,10,167
2024-03-05 20:00:00,10,64,60,8,142
2024-03-05 20:10:00,6,64,65,6,141
2024-03-05 20:20:00,1,52,58,12,123
2024-03-05 20:30:00,4,50,41,11,106
2024-03-05 20:40:00,4,45,49,10,108
2024-03-05 20:50:00,3,60,53,7,123
2024-03-05 21:00:00,4,45,52,11,112
2024-03-05 21:10:00,3,50,61,9,123
2024-03-05 21:20:00,6,40,51,4,101
2024-03-05 21:30:00,1,44,54,13,112
2024-03-05 21:40:00,4,40,45,9,98
2024-03-05 21:50:00,13,30,35,10,88
2024-03-05 22:00:00,4,47,28,1,80
2024-03-05 22:10:00,1,36,42,8,87
2024-03-05 22:20:00,1,27,29,5,62
2024-03-05 22:30:00,0,32,22,7,61
2024-03-05 22:40:00,4,26,27,8,65
2024-03-05 22:50:00,1,22,27,6,56
2024-03-05 23:00:00,0,21,13,2,36
2024-03-05 23:10:00,1,17,10,6,34
2024-03-05 23:20:00,2,12,13,3,30
2024-03-05 23:30:00,0,15,11,2,28
2024-03-05 23:40:00,1,11,9,4,25
2024-03-05 23:50:00,0,8,6,5,19
2024-03-06 00:00:00,0,6,4,4,14
2024-03-06 00:10:00,1,8,7,3,19
2024-03-06 00:20:00,0,8,11,1,20
2024-03-06 00:30:00,0,8,10,1,19
2024-03-06 00:40:00,2,8,4,3,17
2024-03-06 00:50:00,0,5,6,6,17
2024-03-06 01:00:00,1,10,5,2,18
2024-03-06 01:10:00,1,4,4,1,10
2024-03-06 01:20:00,0,6,3,2,11
2024-03-06 01:30:00,3,5,5,2,15
2024-03-06 01:40:00,0,3,1,1,5
2024-03-06 01:50:00,0,1,1,0,2
2024-03-06 02:00:00,0,3,1,0,4
2024-03-06 02:10:00,0,6,4,3,13
2024-03-06 02:20:00,0,11,3,2,16
2024-03-06 02:30:00,2,5,3,1,11
2024-03-06 02:40:00,3,3,5,1,12
2024-03-06 02:50:00,0,6,3,0,9
2024-03-06 03:00:00,0,6,4,2,12
2024-03-06 03:10:00,0,5,3,0,8
2024-03-06 03:20:00,0,7,3,3,13
2024-03-06 03:30:00,0,4,6,1,11
2024-03-06 03:40:00,1,5,9,2,17
2024-03-06 03:50:00,0,5,3,1,9
2024-03-06 04:00:00,0,11,8,1,20
2024-03-06 04:10:00,0,3,7,3,13
2024-03-06 04:20:00,0,4,13,2,19
2024-03-06 04:30:00,0,6,8,1,15
2024-03-06 04:40:00,2,19,17,8,46
2024-03-06 04:50:00,0,8,22,5,35
2024-03-06 05:00:00,2,22,21,4,49
2024-03-06 05:10:00,5,18,31,4,58
2024-03-06 05:20:00,0,25,49,8,82
2024-03-06 05:30:00,5,30,66,12,113
2024-03-06 05:40:00,8,37,62,8,115
2024-03-06 05:50:00,10,40,62,11,123
2024-03-06 06:00:00,6,45,70,13,134
2024-03-06 06:10:00,6,69,68,7,150
2024-03-06 06:20:00,7,70,77,10,164
2024-03-06 06:30:00,5,67,95,12,179
2024-03-06 06:40:00,5,101,95,20,221
2024-03-06 06:50:00,10,104,84,12,210
2024-03-06 07:00:00,4,86,99,13,202
2024-03-06 07:10:00,5,103,162,19,289
2024-03-06 07:20:00,13,123,131,7,274
2024-03-06 07:30:00,12,103,171,8,294
2024-03-06 07:40:00,13,120,164,8,305
2024-03-06 07:50:00,10,143,146,14,313
2024-03-06 08:00:00,8,137,126,14,285
2024-03-06 08:10:00,9,112,130,9,260
2024-03-06 08:20:00,13,111,120,13,257
2024-03-06 08:30:00,15,104,99,14,232
2024-03-06 08:40:00,9,99,100,7,215
2024-03-06 08:50:00,11,100,117,4,232
2024-03-06 09:00:00,14,101,95,6,216
2024-03-06 09:10:00,9,131,95,13,248
2024-03-06 09:20:00,7,98,109,12,226
2024-03-06 09:30:00,13,102,100,13,228
2024-03-06 09:40:00,10,101,118,5,234
2024-03-06 09:50:00,7,106,91,9,213
2024-03-06 10:00:00,8,95,97,10,210
2024-03-06 10:10:00,11,87,102,11,211
2024-03-06 10:20:00,8,93,88,10,199
2024-03-06 10:30:00,7,81,92,7,187
2024-03-06 10:40:00,14,96,96,8,214
2024-03-06 10:50:00,8,90,107,5,210
2024-03-06 11:00:00,16,124,83,8,231
2024-03-06 11:10:00,8,98,118,10,234
2024-03-06 11:20:00,14,91,101,8,214
2024-03-06 11:30:00,9,108,104,11,232
2024-03-06 11:40:00,11,114,95,5,225
2024-03-06 11:50:00,6,109,102,8,225
2024-03-06 12:00:00,13,117,91,16,237
2024-03-06 12:10:00,16,109,101,10,236
2024-03-06 12:20:00,13,111,114,8,246
2024-03-06 12:30:00,5,99,99,13,216
2024-03-06 12:40:00,16,125,104,10,255
2024-03-06 12:50:00,10,101,115,6,232
2024-03-06 13:00:00,10,104,109,14,237
2024-03-06 13:10:00,6,136,101,11,254
2024-03-06 13:20:00,9,125,112,7,253
2024-03-06 13:30:00,10,110,90,11,221
2024-03-06 13:40:00,12,105,111,8,236
2024-03-06 13:50:00,26,110,102,14,252
2024-03-06 14:00:00,21,127,109,15,272
2024-03-06 14:10:00,12,135,110,10,267
2024-03-06 14:20:00,11,133,131,10,285
2024-03-06 14:30:00,15,121,98,6,240
2024-03-06 14:40:00,14,139,124,16,293
2024-03-06 14:50:00,14,128,130,15,287
2024-03-06 15:00:00,12,139,116,12,279
2024-03-06 15:10:00,14,144,127,7,292
2024-03-06 15:20:00,12,130,116,7,265
2024-03-06 15:30:00,30,146,118,7,301
2024-03-06 15:40:00,18,130,135,11,294
2024-03-06 15:50:00,20,129,131,10,290
2024-03-06 16:00:00,16,153,130,7,306
2024-03-06 16:10:00,10,144,146,7,307
2024-03-06 16:20:00,19,158,129,8,314
2024-03-06 16:30:00,16,151,133,14,314
2024-03-06 16:40:00,8,148,124,7,287
2024-03-06 16:50:00,17,164,143,7,331
2024-03-06 17:00:00,12,154,138,8,312
2024-03-06 17:10:00,11,164,136,10,321
2024-03-06 17:20:00,12,140,133,7,292
2024-03-06 17:30:00,9,161,121,14,305
2024-03-06 17:40:00,12,129,115,10,266
2024-03-06 17:50:00,14,141,115,10,280
2024-03-06 18:00:00,8,109,131,11,259
2024-03-06 18:10:00,4,129,121,13,267
2024-03-06 18:20:00,11,107,122,7,247
2024-03-06 18:30:00,10,107,118,7,242
2024-03-06 18:40:00,4,99,123,10,236
2024-03-06 18:50:00,7,102,92,10,211
2024-03-06 19:00:00,13,87,89,11,200
2024-03-06 19:10:00,6,103,98,12,219
2024-03-06 19:20:00,4,83,76,6,169
2024-03-06 19:30:00,3,80,71,10,164
2024-03-06 19:40:00,6,94,75,14,189
2024-03-06 19:50:00,7,82,60,12,161
2024-03-06 20:00:00,10,60,52,13,135
2024-03-06 20:10:00,4,66,72,7,149
2024-03-06 20:20:00,3,64,65,12,144
2024-03-06 20:30:00,5,44,46,6,101
2024-03-06 20:40:00,2,53,31,10,96
2024-03-06 20:50:00,5,44,41,1,91
2024-03-06 21:00:00,7,36,47,12,102
2024-03-06 21:10:00,5,62,50,7,124
2024-03-06 21:20:00,8,48,52,10,118
2024-03-06 21:30:00,2,52,42,7,103
2024-03-06 21:40:00,2,38,31,4,75
2024-03-06 21:50:00,15,37,35,13,100
2024-03-06 22:00:00,4,41,41,8,94
2024-03-06 22:10:00,1,41,32,9,83
2024-03-06 22:20:00,0,32,24,4,60
2024-03-06 22:30:00,0,37,34,5,76
2024-03-06 22:40:00,0,23,27,2,52
2024-03-06 22:50:00,1,26,25,8,60
2024-03-06 23:00:00,0,27,26,4,57
2024-03-06 23:10:00,1,23,24,10,58
2024-03-06 23:20:00,1,14,9,4,28
2024-03-06 23:30:00,0,24,7,5,36
2024-03-06 23:40:00,1,13,6,3,23
2024-03-06 23:50:00,2,9,8,6,25
2024-03-07 00:00:00,1,9,10,3,23
2024-03-07 00:10:00,0,13,8,5,26
2024-03-07 00:20:00,0,2,7,3,12
2024-03-07 00:30:00,0,7,1,0,8
2024-03-07 00:40:00,0,7,4,3,14
2024-03-07 00:50:00,0,3,7,1,11
2024-03-07 01:00:00,1,9,10,3,23
2024-03-07 01:10:00,2,2,4,1,9
2024-03-07 01:20:00,1,5,4,2,12
2024-03-07 01:30:00,3,10,3,4,20
2024-03-07 01:40:00,0,4,3,0,7
2024-03-07 01:50:00,1,6,1,2,10
2024-03-07 02:00:00,1,3,3,3,10
2024-03-07 02:10:00,0,4,3,4,11
2024-03-07 02:20:00,0,9,6,2,17
2024-03-07 02:30:00,0,7,3,0,10
2024-03-07 02:40:00,0,4,5,0,9
2024-03-07 02:50:00,0,8,3,1,12
2024-03-07 03:00:00,0,5,3,1,9
2024-03-07 03:10:00,0,4,2,1,7
2024-03-07 03:20:00,0,6,1,1,8
2024-03-07 03:30:00,0,7,6,5,18
2024-03-07 03:40:00,1,5,7,4,17
2024-03-07 03:50:00,0,3,7,3,13
2024-03-07 04:00:00,1,5,10,1,17
2024-03-07 04:10:00,0,1,10,2,13
2024-03-07 04:20:00,0,7,5,1,13
2024-03-07 04:30:00,1,8,11,2,22
2024-03-07 04:40:00,0,12,14,7,33
2024-03-07 04:50:00,0,14,18,4,36
2024-03-07 05:00:00,1,16,25,4,46
2024-03-07 05:10:00,4,16,33,6,59
2024-03-07 05:20:00,2,20,58,6,86
2024-03-07 05:30:00,6,43,51,14,114
2024-03-07 05:40:00,10,38,61,14,123
2024-03-07 05:50:00,13,54,59,10,136
2024-03-07 06:00:00,6,42,55,15,118
2024-03-07 06:10:00,4,53,66,11,134
2024-03-07 06:20:00,7,70,87,10,174
2024-03-07 06:30:00,2,63,86,11,162
2024-03-07 06:40:00,7,99,102,22,230
2024-03-07 06:50:00,7,112,113,8,240
2024-03-07 07:00:00,8,105,78,15,206
2024-03-07 07:10:00,7,98,140,10,255
2024-03-07 07:20:00,16,116,127,11,270
2024-03-07 07:30:00,14,116,143,11,284
2024-03-07 07:40:00,12,126,150,14,302
2024-03-07 07:50:00,10,132,151,13,306
2024-03-07 08:00:00,12,131,140,12,295
2024-03-07 08:10:00,9,116,126,13,264
2024-03-07 08:20:00,15,99,126,12,252
2024-03-07 08:30:00,14,99,120,6,239
2024-03-07 08:40:00,12,115,94,10,231
2024-03-07 08:50:00,10,130,107,20,267
2024-03-07 09:00:00,11,112,114,13,250
2024-03-07 09:10:00,15,109,92,8,224
2024-03-07 09:20:00,10,100,112,9,231
2024-03-07 09:30:00,10,107,116,7,240
2024-03-07 09:40:00,7,118,127,12,264
2024-03-07 09:50:00,9,96,98,11,214
2024-03-07 10:00:00,6,133,116,15,270
2024-03-07 10:10:00,14,126,106,13,259
2024-03-07 10:20:00,7,116,103,11,237
2024-03-07 10:30:00,11,95,97,7,210
2024-03-07 10:40:00,14,78,98,6,196
2024-03-07 10:50:00,15,106,127,14,262
2024-03-07 11:00:00,12,96,111,13,232
2024-03-07 11:10:00,12,114,116,11,253
2024-03-07 11:20:00,6,103,117,13,239
2024-03-07 11:30:00,10,116,102,10,238
2024-03-07 11:40:00,10,121,122,12,265
2024-03-07 11:50:00,8,116,104,13,241
2024-03-07 12:00:00,21,113,113,13,260
2024-03-07 12:10:00,11,130,127,15,283
2024-03-07 12:20:00,9,113,116,12,250
2024-03-07 12:30:00,10,123,93,11,237
2024-03-07 12:40:00,9,98,125,14,246
2024-03-07 12:50:00,12,110,108,17,247
2024-03-07 13:00:00,8,103,106,9,226
2024-03-07 13:10:00,7,127,101,11,246
2024-03-07 13:20:00,7,134,112,9,262
2024-03-07 13:30:00,7,121,98,15,241
2024-03-07 13:40:00,13,141,124,14,292
2024-03-07 13:50:00,32,107,119,13,271
2024-03-07 14:00:00,19,133,101,4,257
2024-03-07 14:10:00,18,139,127,11,295
2024-03-07 14:20:00,11,144,101,3,259
2024-03-07 14:30:00,15,115,118,13,261
2024-03-07 14:40:00,11,134,113,12,270
2024-03-07 14:50:00,13,135,113,10,271
2024-03-07 15:00:00,10,127,118,10,265
2024-03-07 15:10:00,10,152,133,9,304
2024-03-07 15:20:00,15,129,117,4,265
2024-03-07 15:30:00,23,147,145,16,331
2024-03-07 15:40:00,18,130,113,11,272
2024-03-07 15:50:00,20,150,138,12,320
2024-03-07 16:00:00,24,137,131,9,301
2024-03-07 16:10:00,16,174,143,9,342
2024-03-07 16:20:00,15,144,168,5,332
2024-03-07 16:30:00,16,153,143,10,322
2024-03-07 16:40:00,4,153,140,14,311
2024-03-07 16:50:00,16,154,139,5,314
2024-03-07 17:00:00,16,161,104,13,294
2024-03-07 17:10:00,14,162,146,7,329
2024-03-07 17:20:00,11,154,140,7,312
2024-03-07 17:30:00,16,159,143,12,330
2024-03-07 17:40:00,8,146,144,6,304
2024-03-07 17:50:00,8,160,146,11,325
2024-03-07 18:00:00,17,128,144,15,304
2024-03-07 18:10:00,8,120,166,13,307
2024-03-07 18:20:00,17,130,149,6,302
2024-03-07 18:30:00,8,112,108,18,246
2024-03-07 18:40:00,8,117,117,11,253
2024-03-07 18:50:00,8,132,105,14,259
2024-03-07 19:00:00,11,109,92,8,220
2024-03-07 19:10:00,4,71,79,12,166
2024-03-07 19:20:00,3,87,97,15,202
2024-03-07 19:30:00,5,66,98,7,176
2024-03-07 19:40:00,6,72,66,13,157
2024-03-07 19:50:00,4,78,87,9,178
2024-03-07 20:00:00,6,72,65,9,152
2024-03-07 20:10:00,6,51,70,6,133
2024-03-07 20:20:00,3,84,54,9,150
2024-03-07 20:30:00,3,55,68,5,131
2024-03-07 20:40:00,2,54,42,9,107
2024-03-07 20:50:00,3,64,55,5,127
2024-03-07 21:00:00,3,59,49,7,118
2024-03-07 21:10:00,2,65,45,10,122
2024-03-07 21:20:00,5,63,50,11,129
2024-03-07 21:30:00,1,45,54,4,104
2024-03-07 21:40:00,6,39,39,8,92
2024-03-07 21:50:00,11,39,34,7,91
2024-03-07 22:00:00,4,47,40,8,99
2024-03-07 22:10:00,2,51,40,7,100
2024-03-07 22:20:00,3,34,43,7,87
2024-03-07 22:30:00,1,36,29,5,71
2024-03-07 22:40:00,1,27,20,7,55
2024-03-07 22:50:00,0,29,31,4,64
2024-03-07 23:00:00,1,26,24,6,57
2024-03-07 23:10:00,0,27,10,7,44
2024-03-07 23:20:00,2,10,17,3,32
2024-03-07 23:30:00,0,14,18,4,36
2024-03-07 23:40:00,0,9,11,4,24
2024-03-07 23:50:00,1,6,16,5,28
2024-03-08 00:00:00,1,11,11,2,25
2024-03-08 00:10:00,0,9,14,5,28
2024-03-08 00:20:00,0,7,4,2,13
2024-03-08 00:30:00,0,9,2,2,13
2024-03-08 00:40:00,2,11,5,2,20
2024-03-08 00:50:00,0,7,8,2,17
2024-03-08 01:00:00,0,9,11,2,22
2024-03-08 01:10:00,1,5,9,2,17
2024-03-08 01:20:00,0,3,3,0,6
2024-03-08 01:30:00,5,4,3,3,15
2024-03-08 01:40:00,1,7,5,1,14
2024-03-08 01:50:00,1,5,4,2,12
2024-03-08 02:00:00,0,6,3,1,10
2024-03-08 02:10:00,0,2,6,1,9
2024-03-08 02:20:00,0,9,4,1,14
2024-03-08 02:30:00,0,5,3,1,9
2024-03-08 02:40:00,0,4,3,4,11
2024-03-08 02:50:00,0,5,1,0,6
2024-03-08 03:00:00,1,6,3,1,11
2024-03-08 03:10:00,0,2,2,0,4
2024-03-08 03:20:00,0,5,7,2,14
2024-03-08 03:30:00,0,7,7,3,17
2024-03-08 03:40:00,0,6,7,4,17
2024-03-08 03:50:00,1,4,7,3,15
2024-03-08 04:00:00,1,5,3,3,12
2024-03-08 04:10:00,0,3,9,5,17
2024-03-08 04:20:00,0,5,4,1,10
2024-03-08 04:30:00,0,8,8,4,20
2024-03-08 04:40:00,1,10,18,6,35
2024-03-08 04:50:00,0,5,13,2,20
2024-03-08 05:00:00,1,14,23,8,46
2024-03-08 05:10:00,3,16,25,5,49
2024-03-08 05:20:00,5,24,55,7,91
2024-03-08 05:30:00,4,29,43,11,87
2024-03-08 05:40:00,13,43,65,9,130
2024-03-08 05:50:00,10,40,55,9,114
2024-03-08 06:00:00,4,47,53,8,112
2024-03-08 06:10:00,8,52,77,10,147
2024-03-08 06:20:00,3,63,80,6,152
2024-03-08 06:30:00,5,71,74,12,162
2024-03-08 06:40:00,6,100,97,14,217
2024-03-08 06:50:00,6,116,101,8,231
2024-03-08 07:00:00,11,77,90,14,192
2024-03-08 07:10:00,3,103,127,11,244
2024-03-08 07:20:00,9,114,121,12,256
2024-03-08 07:30:00,14,108,143,9,274
2024-03-08 07:40:00,10,120,110,14,254
2024-03-08 07:50:00,6,141,150,12,309
2024-03-08 08:00:00,11,142,102,10,265
2024-03-08 08:10:00,11,113,115,14,253
2024-03-08 08:20:00,12,115,96,6,229
2024-03-08 08:30:00,12,86,106,11,215
2024-03-08 08:40:00,9,90,118,9,226
2024-03-08 08:50:00,7,120,101,14,242
2024-03-08 09:00:00,10,114,102,11,237
2024-03-08 09:10:00,6,96,106,6,214
2024-03-08 09:20:00,5,101,105,10,221
2024-03-08 09:30:00,7,107,125,10,249
2024-03-08 09:40:00,12,98,124,13,247
2024-03-08 09:50:00,12,109,88,15,224
2024-03-08 10:00:00,9,117,109,11,246
2024-03-08 10:10:00,9,114,107,11,241
2024-03-08 10:20:00,10,116,101,13,240
2024-03-08 10:30:00,12,123,104,11,250
2024-03-08 10:40:00,17,114,119,9,259
2024-03-08 10:50:00,10,119,108,11,248
2024-03-08 11:00:00,11,115,93,9,228
2024-03-08 11:10:00,11,123,115,16,265
2024-03-08 11:20:00,4,146,128,14,292
2024-03-08 11:30:00,10,122,125,10,267
2024-03-08 11:40:00,9,124,123,11,267
2024-03-08 11:50:00,11,123,146,16,296
2024-03-08 12:00:00,21,120,120,10,271
2024-03-08 12:10:00,7,132,129,11,279
2024-03-08 12:20:00,14,141,143,14,312
2024-03-08 12:30:00,12,121,128,15,276
2024-03-08 12:40:00,17,140,113,3,273
2024-03-08 12:50:00,14,125,143,9,291
2024-03-08 13:00:00,16,131,117,13,277
2024-03-08 13:10:00,10,146,135,19,310
2024-03-08 13:20:00,21,150,124,10,305
2024-03-08 13:30:00,13,154,119,7,293
2024-03-08 13:40:00,13,150,132,10,305
2024-03-08 13:50:00,18,167,126,12,323
2024-03-08 14:00:00,17,154,111,17,299
2024-03-08 14:10:00,11,154,80,5,250
2024-03-08 14:20:00,16,143,142,13,314
2024-03-08 14:30:00,17,145,164,11,337
2024-03-08 14:40:00,13,153,131,15,312
2024-03-08 14:50:00,11,137,134,11,293
2024-03-08 15:00:00,18,112,126,6,262
2024-03-08 15:10:00,3,151,148,11,313
2024-03-08 15:20:00,11,153,155,4,323
2024-03-08 15:30:00,10,147,161,15,333
2024-03-08 15:40:00,16,160,128,16,320
2024-03-08 15:50:00,15,146,121,8,290
2024-03-08 16:00:00,6,135,159,12,312
2024-03-08 16:10:00,15,139,150,11,315
2024-03-08 16:20:00,10,148,126,12,296
2024-03-08 16:30:00,14,150,142,17,323
2024-03-08 16:40:00,11,160,154,14,339
2024-03-08 16:50:00,8,132,146,8,294
2024-03-08 17:00:00,17,127,131,7,282
2024-03-08 17:10:00,10,139,133,11,293
2024-03-08 17:20:00,12,126,145,8,291
2024-03-08 17:30:00,8,146,135,13,302
2024-03-08 17:40:00,10,127,132,0,269
2024-03-08 17:50:00,9,112,140,13,274
2024-03-08 18:00:00,11,126,128,17,282
2024-03-08 18:10:00,4,138,141,15,298
2024-03-08 18:20:00,12,130,109,12,263
2024-03-08 18:30:00,9,107,115,6,237
2024-03-08 18:40:00,4,115,130,6,255
2024-03-08 18:50:00,3,123,117,10,253
2024-03-08 19:00:00,11,97,100,17,225
2024-03-08 19:10:00,7,83,93,14,197
2024-03-08 19:20:00,4,76,97,9,186
2024-03-08 19:30:00,7,97,93,10,207
2024-03-08 19:40:00,7,69,84,10,170
2024-03-08 19:50:00,4,68,68,7,147
2024-03-08 20:00:00,6,62,65,7,140
2024-03-08 20:10:00,11,68,62,7,148
2024-03-08 20:20:00,4,69,76,10,159
2024-03-08 20:30:00,2,67,56,11,136
2024-03-08 20:40:00,5,52,60,9,126
2024-03-08 20:50:00,3,46,62,6,117
2024-03-08 21:00:00,2,56,45,16,119
2024-03-08 21:10:00,1,49,64,12,126
2024-03-08 21:20:00,3,58,40,9,110
2024-03-08 21:30:00,5,45,50,12,112
2024-03-08 21:40:00,1,47,41,9,98
2024-03-08 21:50:00,5,44,39,7,95
2024-03-08 22:00:00,2,36,44,3,85
2024-03-08 22:10:00,3,51,47,4,105
2024-03-08 22:20:00,0,45,27,10,82
2024-03-08 22:30:00,0,46,37,5,88
2024-03-08 22:40:00,1,45,52,7,105
2024-03-08 22:50:00,1,49,40,6,96
2024-03-08 23:00:00,1,30,30,3,64
2024-03-08 23:10:00,0,31,31,2,64
2024-03-08 23:20:00,0,29,32,5,66
2024-03-08 23:30:00,1,20,17,2,40
2024-03-08 23:40:00,1,28,21,10,60
2024-03-08 23:50:00,0,20,19,4,43
2024-03-09 00:00:00,0,26,21,8,55
2024-03-09 00:10:00,3,19,12,8,42
2024-03-09 00:20:00,0,23,12,4,39
2024-03-09 00:30:00,3,13,21,9,46
2024-03-09 00:40:00,4,14,14,7,39
2024-03-09 00:50:00,0,11,16,6,33
2024-03-09 01:00:00,0,12,7,2,21
2024-03-09 01:10:00,0,14,9,6,29
2024-03-09 01:20:00,0,10,12,2,24
2024-03-09 01:30:00,0,9,7,1,17
2024-03-09 01:40:00,2,9,12,2,25
2024-03-09 01:50:00,0,9,12,5,26
2024-03-09 02:00:00,1,15,8,2,26
2024-03-09 02:10:00,0,8,3,2,13
2024-03-09 02:20:00,5,4,8,6,23
2024-03-09 02:30:00,1,9,8,1,19
2024-03-09 02:40:00,0,3,3,3,9
2024-03-09 02:50:00,0,6,4,0,10
2024-03-09 03:00:00,0,7,6,4,17
2024-03-09 03:10:00,0,6,12,1,19
2024-03-09 03:20:00,1,11,5,3,20
2024-03-09 03:30:00,0,10,2,1,13
2024-03-09 03:40:00,0,7,8,5,20
2024-03-09 03:50:00,1,5,4,3,13
2024-03-09 04:00:00,0,7,9,4,20
2024-03-09 04:10:00,0,3,6,0,9
2024-03-09 04:20:00,0,5,5,1,11
2024-03-09 04:30:00,0,7,5,0,12
2024-03-09 04:40:00,0,6,8,5,19
2024-03-09 04:50:00,0,6,10,3,19
2024-03-09 05:00:00,2,12,13,6,33
2024-03-09 05:10:00,2,18,15,7,42
2024-03-09 05:20:00,0,14,11,6,31
2024-03-09 05:30:00,4,11,14,3,32
2024-03-09 05:40:00,7,18,16,9,50
2024-03-09 05:50:00,8,12,12,4,36
2024-03-09 06:00:00,1,18,19,5,43
2024-03-09 06:10:00,3,16,19,5,43
2024-03-09 06:20:00,3,21,15,4,43
2024-03-09 06:30:00,0,25,19,2,46
2024-03-09 06:40:00,2,25,13,6,46
2024-03-09 06:50:00,2,22,17,2,43
2024-03-09 07:00:00,2,30,13,7,52
2024-03-09 07:10:00,3,36,36,7,82
2024-03-09 07:20:00,2,37,32,6,77
2024-03-09 07:30:00,2,38,30,5,75
2024-03-09 07:40:00,3,45,46,5,99
2024-03-09 07:50:00,7,67,33,9,116
2024-03-09 08:00:00,3,54,41,5,103
2024-03-09 08:10:00,4,58,61,6,129
2024-03-09 08:20:00,6,54,48,3,111
2024-03-09 08:30:00,2,72,81,10,165
2024-03-09 08:40:00,4,62,71,9,146
2024-03-09 08:50:00,6,89,67,3,165
2024-03-09 09:00:00,4,107,73,9,193
2024-03-09 09:10:00,15,82,87,7,191
2024-03-09 09:20:00,6,98,93,4,201
2024-03-09 09:30:00,11,84,119,8,222
2024-03-09 09:40:00,7,97,90,6,200
2024-03-09 09:50:00,11,98,103,8,220
2024-03-09 10:00:00,7,103,116,5,231
2024-03-09 10:10:00,14,101,99,13,227
2024-03-09 10:20:00,7,117,103,3,230
2024-03-09 10:30:00,12,104,108,10,234
2024-03-09 10:40:00,7,110,136,7,260
2024-03-09 10:50:00,4,123,122,9,258
2024-03-09 11:00:00,6,113,112,9,240
2024-03-09 11:10:00,4,117,120,13,254
2024-03-09 11:20:00,7,114,114,9,244
2024-03-09 11:30:00,17,122,132,7,278
2024-03-09 11:40:00,5,144,123,10,282
2024-03-09 11:50:00,7,129,121,9,266
2024-03-09 12:00:00,6,129,121,7,263
2024-03-09 12:10:00,9,130,128,9,276
2024-03-09 12:20:00,7,118,122,7,254
2024-03-09 12:30:00,4,132,147,10,293
2024-03-09 12:40:00,8,109,146,12,275
2024-03-09 12:50:00,11,128,129,9,277
2024-03-09 13:00:00,7,107,127,6,247
2024-03-09 13:10:00,12,125,146,5,288
2024-03-09 13:20:00,14,141,144,9,308
2024-03-09 13:30:00,12,132,136,11,291
2024-03-09 13:40:00,16,144,120,12,292
2024-03-09 13:50:00,16,118,140,12,286
2024-03-09 14:00:00,14,128,117,9,268
2024-03-09 14:10:00,10,142,123,10,285
2024-03-09 14:20:00,8,116,148,6,278
2024-03-09 14:30:00,9,123,141,13,286
2024-03-09 14:40:00,6,117,153,6,282
2024-03-09 14:50:00,7,126,122,7,262
2024-03-09 15:00:00,10,117,117,7,251
2024-03-09 15:10:00,3,115,131,11,260
2024-03-09 15:20:00,7,111,128,6,252
2024-03-09 15:30:00,3,95,121,8,227
2024-03-09 15:40:00,13,107,113,9,242
2024-03-09 15:50:00,9,104,114,8,235
2024-03-09 16:00:00,8,105,114,7,234
2024-03-09 16:10:00,8,96,106,13,223
2024-03-09 16:20:00,7,99,117,7,230
2024-03-09 16:30:00,10,98,135,12,255
2024-03-09 16:40:00,3,114,121,8,246
2024-03-09 16:50:00,13,114,126,8,261
2024-03-09 17:00:00,7,93,107,9,216
2024-03-09 17:10:00,3,126,106,12,247
2024-03-09 17:20:00,4,110,123,7,244
2024-03-09 17:30:00,10,123,120,6,259
2024-03-09 17:40:00,5,118,138,5,266
2024-03-09 17:50:00,6,124,119,3,252
2024-03-09 18:00:00,6,97,107,8,218
2024-03-09 18:10:00,4,108,100,8,220
2024-03-09 18:20:00,3,94,102,6,205
2024-03-09 18:30:00,2,85,97,10,194
2024-03-09 18:40:00,8,98,98,8,212
2024-03-09 18:50:00,4,99,120,7,230
2024-03-09 19:00:00,3,86,83,10,182
2024-03-09 19:10:00,4,79,95,8,186
2024-03-09 19:20:00,5,88,90,13,196
2024-03-09 19:30:00,9,61,93,8,171
2024-03-09 19:40:00,2,69,84,8,163
2024-03-09 19:50:00,4,67,84,10,165
2024-03-09 20:00:00,5,49,67,6,127
2024-03-09 20:10:00,5,49,77,7,138
2024-03-09 20:20:00,1,54,55,8,118
2024-03-09 20:30:00,4,48,65,8,125
2024-03-09 20:40:00,3,57,58,12,130
2024-03-09 20:50:00,2,39,44,3,88
2024-03-09 21:00:00,3,32,54,2,91
2024-03-09 21:10:00,5,58,46,14,123
2024-03-09 21:20:00,5,41,44,12,102
2024-03-09 21:30:00,3,43,39,6,91
2024-03-09 21:40:00,1,28,41,9,79
2024-03-09 21:50:00,8,27,47,4,86
2024-03-09 22:00:00,3,36,38,5,82
2024-03-09 22:10:00,3,47,37,10,97
2024-03-09 22:20:00,6,33,40,2,81
2024-03-09 22:30:00,3,45,33,7,88
2024-03-09 22:40:00,3,37,25,5,70
2024-03-09 22:50:00,2,42,40,9,93
2024-03-09 23:00:00,1,24,21,2,48
2024-03-09 23:10:00,1,26,25,5,57
2024-03-09 23:20:00,4,41,17,7,69
2024-03-09 23:30:00,1,28,18,9,56
2024-03-09 23:40:00,1,21,23,6,51
2024-03-09 23:50:00,1,28,14,7,50
2024-03-10 00:00:00,1,28,26,4,59
2024-03-10 00:10:00,3,20,22,5,50
2024-03-10 00:20:00,0,28,18,7,53
2024-03-10 00:30:00,0,17,19,2,38
2024-03-10 00:40:00,0,17,26,2,45
2024-03-10 00:50:00,0,23,13,3,39
2024-03-10 01:00:00,4,26,16,3,49
2024-03-10 01:10:00,1,18,10,5,34
2024-03-10 01:20:00,2,11,15,1,29
2024-03-10 01:30:00,3,14,17,6,40
2024-03-10 01:40:00,0,10,14,3,27
2024-03-10 01:50:00,0,13,12,6,31
2024-03-10 02:00:00,1,8,13,4,26
2024-03-10 02:10:00,0,8,6,5,19
2024-03-10 02:20:00,0,9,5,0,14
2024-03-10 02:30:00,0,8,6,2,16
2024-03-10 02:40:00,0,16,10,1,27
2024-03-10 02:50:00,2,8,8,4,22
2024-03-10 03:00:00,0,6,7,2,15
2024-03-10 03:10:00,0,5,7,3,15
2024-03-10 03:20:00,0,14,4,3,21
2024-03-10 03:30:00,0,7,10,0,17
2024-03-10 03:40:00,0,6,10,4,20
2024-03-10 03:50:00,0,10,9,3,22
2024-03-10 04:00:00,0,6,8,1,15
2024-03-10 04:10:00,1,6,8,6,21
2024-03-10 04:20:00,0,5,8,3,16
2024-03-10 04:30:00,0,3,4,0,7
2024-03-10 04:40:00,3,2,13,2,20
2024-03-10 04:50:00,1,1,4,2,8
2024-03-10 05:00:00,4,11,7,1,23
2024-03-10 05:10:00,3,9,12,6,30
2024-03-10 05:20:00,1,6,11,0,18
2024-03-10 05:30:00,4,11,8,3,26
2024-03-10 05:40:00,8,14,12,7,41
2024-03-10 05:50:00,12,8,6,2,28
2024-03-10 06:00:00,1,12,5,2,20
2024-03-10 06:10:00,2,6,6,4,18
2024-03-10 06:20:00,2,4,8,2,16
2024-03-10 06:30:00,0,6,9,3,18
2024-03-10 06:40:00,0,11,9,4,24
2024-03-10 06:50:00,0,12,7,3,22
2024-03-10 07:00:00,0,7,10,2,19
2024-03-10 07:10:00,2,12,15,3,32
2024-03-10 07:20:00,0,13,14,6,33
2024-03-10 07:30:00,0,10,7,0,17
2024-03-10 07:40:00,0,18,10,3,31
2024-03-10 07:50:00,0,11,11,1,23
2024-03-10 08:00:00,2,9,8,4,23
2024-03-10 08:10:00,2,20,18,5,45
2024-03-10 08:20:00,2,20,17,4,43
2024-03-10 08:30:00,2,19,19,1,41
2024-03-10 08:40:00,4,31,29,4,68
2024-03-10 08:50:00,3,24,27,2,56
2024-03-10 09:00:00,6,22,23,4,55
2024-03-10 09:10:00,3,32,29,10,74
2024-03-10 09:20:00,0,43,39,0,82
2024-03-10 09:30:00,2,34,51,2,89
2024-03-10 09:40:00,3,55,64,5,127
2024-03-10 09:50:00,2,47,58,4,111
2024-03-10 10:00:00,5,53,38,1,97
2024-03-10 10:10:00,8,48,52,6,114
2024-03-10 10:20:00,3,58,62,9,132
2024-03-10 10:30:00,1,55,50,6,112
2024-03-10 10:40:00,4,55,67,8,134
2024-03-10 10:50:00,3,63,52,3,121
2024-03-10 11:00:00,3,64,62,3,132
2024-03-10 11:10:00,2,81,62,9,154
2024-03-10 11:20:00,5,65,57,3,130
2024-03-10 11:30:00,2,57,76,5,140
2024-03-10 11:40:00,2,68,64,10,144
2024-03-10 11:50:00,8,81,51,8,148
2024-03-10 12:00:00,2,74,74,6,156
2024-03-10 12:10:00,5,56,72,10,143
2024-03-10 12:20:00,2,85,71,4,162
2024-03-10 12:30:00,9,38,73,9,129
2024-03-10 12:40:00,7,66,61,3,137
2024-03-10 12:50:00,3,87,76,3,169
2024-03-10 13:00:00,7,75,73,7,162
2024-03-10 13:10:00,7,86,65,9,167
2024-03-10 13:20:00,2,65,75,2,144
2024-03-10 13:30:00,2,77,82,6,167
2024-03-10 13:40:00,9,76,67,7,159
2024-03-10 13:50:00,9,74,108,4,195
2024-03-10 14:00:00,12,81,110,11,214
2024-03-10 14:10:00,3,78,85,7,173
2024-03-10 14:20:00,5,73,104,6,188
2024-03-10 14:30:00,1,80,100,6,187
2024-03-10 14:40:00,3,95,94,4,196
2024-03-10 14:50:00,4,77,84,6,171
2024-03-10 15:00:00,6,91,103,5,205
2024-03-10 15:10:00,11,98,93,9,211
2024-03-10 15:20:00,5,73,77,3,158
2024-03-10 15:30:00,6,86,70,3,165
2024-03-10 15:40:00,5,81,88,5,179
2024-03-10 15:50:00,7,81,62,4,154
2024-03-10 16:00:00,6,72,71,2,151
2024-03-10 16:10:00,7,75,69,10,161
2024-03-10 16:20:00,3,84,78,3,168
2024-03-10 16:30:00,4,81,75,8,168
2024-03-10 16:40:00,5,84,81,9,179
2024-03-10 16:50:00,12,66,64,8,150
2024-03-10 17:00:00,6,77,79,5,167
2024-03-10 17:10:00,4,64,91,11,170
2024-03-10 17:20:00,2,80,75,5,162
2024-03-10 17:30:00,2,69,73,6,150
2024-03-10 17:40:00,5,86,89,5,185
2024-03-10 17:50:00,7,79,81,6,173
2024-03-10 18:00:00,3,73,81,4,161
2024-03-10 18:10:00,3,81,76,8,168
2024-03-10 18:20:00,4,70,117,4,195
2024-03-10 18:30:00,5,64,98,6,173
2024-03-10 18:40:00,5,69,107,4,185
2024-03-10 18:50:00,3,58,110,4,175
2024-03-10 19:00:00,4,73,109,17,203
2024-03-10 19:10:00,5,59,61,12,137
2024-03-10 19:20:00,2,55,70,7,134
2024-03-10 19:30:00,3,54,75,15,147
2024-03-10 19:40:00,4,59,64,7,134
2024-03-10 19:50:00,2,52,56,10,120
2024-03-10 20:00:00,4,36,54,4,98
2024-03-10 20:10:00,5,43,48,4,100
2024-03-10 20:20:00,6,39,44,7,96
2024-03-10 20:30:00,0,42,39,8,89
2024-03-10 20:40:00,5,49,35,9,98
2024-03-10 20:50:00,1,38,28,6,73
2024-03-10 21:00:00,1,35,58,11,105
2024-03-10 21:10:00,0,40,36,9,85
2024-03-10 21:20:00,5,39,32,5,81
2024-03-10 21:30:00,3,46,30,11,90
2024-03-10 21:40:00,4,21,27,4,56
2024-03-10 21:50:00,7,27,20,5,59
2024-03-10 22:00:00,1,29,19,4,53
2024-03-10 22:10:00,1,19,19,7,46
2024-03-10 22:20:00,0,18,16,5,39
2024-03-10 22:30:00,2,14,11,0,27
2024-03-10 22:40:00,0,22,13,12,47
2024-03-10 22:50:00,0,13,13,5,31
2024-03-10 23:00:00,0,8,16,3,27
2024-03-10 23:10:00,0,14,11,5,30
2024-03-10 23:20:00,1,11,9,3,24
2024-03-10 23:30:00,0,11,10,3,24
2024-03-10 23:40:00,0,10,11,6,27
2024-03-10 23:50:00,0,11,10,7,28
2024-03-11 00:00:00,0,7,4,0,11
2024-03-11 00:10:00,1,9,3,1,14
2024-03-11 00:20:00,0,8,9,5,22
2024-03-11 00:30:00,0,6,3,3,12
2024-03-11 00:40:00,0,9,5,5,19
2024-03-11 00:50:00,0,5,13,1,19
2024-03-11 01:00:00,0,2,5,2,9
2024-03-11 01:10:00,0,4,5,2,11
2024-03-11 01:20:00,1,6,2,4,13
2024-03-11 01:30:00,2,3,4,1,10
2024-03-11 01:40:00,0,2,1,0,3
2024-03-11 01:50:00,0,3,0,1,4
2024-03-11 02:00:00,0,4,2,0,6
2024-03-11 02:10:00,0,0,2,1,3
2024-03-11 02:20:00,1,3,0,1,5
2024-03-11 02:30:00,1,10,2,1,14
2024-03-11 02:40:00,0,2,5,1,8
2024-03-11 02:50:00,0,5,5,1,11
2024-03-11 03:00:00,0,2,0,1,3
2024-03-11 03:10:00,0,2,2,1,5
2024-03-11 03:20:00,0,3,2,0,5
2024-03-11 03:30:00,0,4,3,2,9
2024-03-11 03:40:00,1,8,4,4,17
2024-03-11 03:50:00,0,5,4,3,12
2024-03-11 04:00:00,0,1,6,3,10
2024-03-11 04:10:00,0,3,9,2,14
2024-03-11 04:20:00,0,4,8,1,13
2024-03-11 04:30:00,0,10,12,2,24
2024-03-11 04:40:00,2,7,13,5,27
2024-03-11 04:50:00,0,11,21,2,34
2024-03-11 05:00:00,1,11,27,8,47
2024-03-11 05:10:00,0,9,25,7,41
2024-03-11 05:20:00,4,25,44,6,79
2024-03-11 05:30:00,6,39,59,10,114
2024-03-11 05:40:00,7,54,71,15,147
2024-03-11 05:50:00,19,44,59,4,126
2024-03-11 06:00:00,4,40,47,8,99
2024-03-11 06:10:00,6,55,71,7,139
2024-03-11 06:20:00,6,73,69,7,155
2024-03-11 06:30:00,3,90,100,20,213
2024-03-11 06:40:00,4,96,89,14,203
2024-03-11 06:50:00,5,120,95,13,233
2024-03-11 07:00:00,7,74,107,11,199
2024-03-11 07:10:00,10,120,147,11,288
2024-03-11 07:20:00,13,103,142,9,267
2024-03-11 07:30:00,13,93,166,9,281
2024-03-11 07:40:00,9,131,160,13,313
2024-03-11 07:50:00,11,146,144,9,310
2024-03-11 08:00:00,15,126,130,13,284
2024-03-11 08:10:00,8,95,123,13,239
2024-03-11 08:20:00,11,113,132,6,262
2024-03-11 08:30:00,10,111,98,11,230
2024-03-11 08:40:00,8,98,119,18,243
2024-03-11 08:50:00,7,99,112,10,228
2024-03-11 09:00:00,7,118,102,8,235
2024-03-11 09:10:00,6,109,86,17,218
2024-03-11 09:20:00,7,106,106,7,226
2024-03-11 09:30:00,5,78,115,10,208
2024-03-11 09:40:00,9,115,109,7,240
2024-03-11 09:50:00,8,105,103,9,225
2024-03-11 10:00:00,4,114,92,11,221
2024-03-11 10:10:00,11,101,94,9,215
2024-03-11 10:20:00,10,98,98,10,216
2024-03-11 10:30:00,13,105,96,11,225
2024-03-11 10:40:00,8,107,105,7,227
2024-03-11 10:50:00,8,95,108,15,226
2024-03-11 11:00:00,11,109,121,11,252
2024-03-11 11:10:00,9,103,105,7,224
2024-03-11 11:20:00,8,108,98,12,226
2024-03-11 11:30:00,9,94,101,13,217
2024-03-11 11:40:00,7,99,99,16,221
2024-03-11 11:50:00,11,113,104,3,231
2024-03-11 12:00:00,11,95,86,12,204
2024-03-11 12:10:00,14,107,117,21,259
2024-03-11 12:20:00,5,81,127,7,220
2024-03-11 12:30:00,13,117,87,16,233
2024-03-11 12:40:00,6,116,108,10,240
2024-03-11 12:50:00,17,108,101,11,237
2024-03-11 13:00:00,7,115,110,9,241
2024-03-11 13:10:00,15,122,117,9,263
2024-03-11 13:20:00,9,118,100,6,233
2024-03-11 13:30:00,9,102,112,7,230
2024-03-11 13:40:00,12,105,107,8,232
2024-03-11 13:50:00,27,108,104,18,257
2024-03-11 14:00:00,17,114,101,7,239
2024-03-11 14:10:00,17,121,117,7,262
2024-03-11 14:20:00,6,147,113,11,277
2024-03-11 14:30:00,7,133,117,6,263
2024-03-11 14:40:00,10,116,130,12,268
2024-03-11 14:50:00,11,134,117,10,272
2024-03-11 15:00:00,23,140,119,6,288
2024-03-11 15:10:00,16,120,152,7,295
2024-03-11 15:20:00,17,124,109,4,254
2024-03-11 15:30:00,26,146,121,8,301
2024-03-11 15:40:00,19,138,112,6,275
2024-03-11 15:50:00,18,143,137,9,307
2024-03-11 16:00:00,23,135,123,9,290
2024-03-11 16:10:00,13,157,132,8,310
2024-03-11 16:20:00,8,153,133,6,300
2024-03-11 16:30:00,22,138,120,9,289
2024-03-11 16:40:00,14,148,126,14,302
2024-03-11 16:50:00,9,143,106,9,267
2024-03-11 17:00:00,18,136,111,11,276
2024-03-11 17:10:00,22,163,132,65,382
2024-03-11 17:20:00,10,134,113,12,269
2024-03-11 17:30:00,11,132,160,5,308
2024-03-11 17:40:00,6,120,124,5,255
2024-03-11 17:50:00,11,122,129,9,271
2024-03-11 18:00:00,7,109,117,12,245
2024-03-11 18:10:00,13,117,119,12,261
2024-03-11 18:20:00,13,93,118,8,232
2024-03-11 18:30:00,6,124,100,11,241
2024-03-11 18:40:00,7,103,87,7,204
2024-03-11 18:50:00,5,105,106,8,224
2024-03-11 19:00:00,5,79,82,9,175
2024-03-11 19:10:00,6,79,77,13,175
2024-03-11 19:20:00,3,78,68,5,154
2024-03-11 19:30:00,9,56,82,9,156
2024-03-11 19:40:00,7,78,86,9,180
2024-03-11 19:50:00,1,66,57,7,131
2024-03-11 20:00:00,4,55,63,11,133
2024-03-11 20:10:00,5,45,53,7,110
2024-03-11 20:20:00,6,43,55,6,110
2024-03-11 20:30:00,0,50,43,15,108
2024-03-11 20:40:00,2,46,35,7,90
2024-03-11 20:50:00,8,38,37,9,92
2024-03-11 21:00:00,4,28,38,9,79
2024-03-11 21:10:00,4,49,34,5,92
2024-03-11 21:20:00,2,48,52,9,111
2024-03-11 21:30:00,2,38,40,9,89
2024-03-11 21:40:00,4,40,32,6,82
2024-03-11 21:50:00,10,35,31,7,83
2024-03-11 22:00:00,0,38,34,2,74
2024-03-11 22:10:00,0,40,30,8,78
2024-03-11 22:20:00,3,33,19,7,62
2024-03-11 22:30:00,1,27,22,4,54
2024-03-11 22:40:00,6,28,25,9,68
2024-03-11 22:50:00,1,26,14,4,45
2024-03-11 23:00:00,2,17,16,4,39
2024-03-11 23:10:00,1,15,10,6,32
2024-03-11 23:20:00,0,15,13,6,34
2024-03-11 23:30:00,0,10,4,2,16
2024-03-11 23:40:00,0,11,8,4,23
2024-03-11 23:50:00,0,6,9,3,18
2024-03-12 00:00:00,1,9,5,5,20
2024-03-12 00:10:00,0,6,2,3,11
2024-03-12 00:20:00,0,3,1,1,5
2024-03-12 00:30:00,0,4,2,0,6
2024-03-12 00:40:00,0,5,4,4,13
2024-03-12 00:50:00,0,5,4,3,12
2024-03-12 01:00:00,4,5,5,2,16
2024-03-12 01:10:00,1,3,2,2,8
2024-03-12 01:20:00,0,3,3,1,7
2024-03-12 01:30:00,2,5,2,4,13
2024-03-12 01:40:00,0,6,5,0,11
2024-03-12 01:50:00,2,9,4,2,17
2024-03-12 02:00:00,2,2,3,1,8
2024-03-12 02:10:00,2,1,2,2,7
2024-03-12 02:20:00,0,4,1,0,5
2024-03-12 02:30:00,0,2,3,1,6
2024-03-12 02:40:00,0,4,6,2,12
2024-03-12 02:50:00,0,5,5,4,14
2024-03-12 03:00:00,1,4,5,0,10
2024-03-12 03:10:00,0,5,5,1,11
2024-03-12 03:20:00,0,5,1,1,7
2024-03-12 03:30:00,1,8,6,5,20
2024-03-12 03:40:00,1,4,3,4,12
2024-03-12 03:50:00,0,4,5,2,11
2024-03-12 04:00:00,0,6,8,7,21
2024-03-12 04:10:00,0,6,10,1,17
2024-03-12 04:20:00,0,6,10,4,20
2024-03-12 04:30:00,0,9,9,5,23
2024-03-12 04:40:00,1,9,12,5,27
2024-03-12 04:50:00,1,9,19,2,31
2024-03-12 05:00:00,0,13,27,7,47
2024-03-12 05:10:00,1,15,27,3,46
2024-03-12 05:20:00,1,15,48,5,69
2024-03-12 05:30:00,4,35,54,11,104
2024-03-12 05:40:00,9,49,49,9,116
2024-03-12 05:50:00,8,36,49,5,98
2024-03-12 06:00:00,4,39,69,10,122
2024-03-12 06:10:00,3,52,42,29,126
2024-03-12 06:20:00,6,58,35,32,131
2024-03-12 06:30:00,3,73,99,15,190
2024-03-12 06:40:00,5,94,105,13,217
2024-03-12 06:50:00,10,95,106,9,220
2024-03-12 07:00:00,7,83,120,12,222
2024-03-12 07:10:00,5,101,150,12,268
2024-03-12 07:20:00,5,84,124,10,223
2024-03-12 07:30:00,12,73,157,14,256
2024-03-12 07:40:00,9,87,164,10,270
2024-03-12 07:50:00,6,115,117,17,255
2024-03-12 08:00:00,11,107,158,16,292
2024-03-12 08:10:00,9,88,156,12,265
2024-03-12 08:20:00,10,88,123,8,229
2024-03-12 08:30:00,8,74,113,15,210
2024-03-12 08:40:00,10,80,128,7,225
2024-03-12 08:50:00,13,104,113,7,237
2024-03-12 09:00:00,5,96,102,0,203
2024-03-12 09:10:00,10,108,103,11,232
2024-03-12 09:20:00,10,112,103,10,235
2024-03-12 09:30:00,13,75,98,17,203
2024-03-12 09:40:00,12,79,95,8,194
2024-03-12 09:50:00,11,95,119,11,236
2024-03-12 10:00:00,6,97,91,8,202
2024-03-12 10:10:00,13,84,101,12,210
2024-03-12 10:20:00,6,99,100,6,211
2024-03-12 10:30:00,16,107,92,8,223
2024-03-12 10:40:00,4,85,106,12,207
2024-03-12 10:50:00,12,99,93,8,212
2024-03-12 11:00:00,8,86,105,8,207
2024-03-12 11:10:00,11,98,110,11,230
2024-03-12 11:20:00,11,93,86,6,196
2024-03-12 11:30:00,8,79,107,10,204
2024-03-12 11:40:00,7,94,101,6,208
2024-03-12 11:50:00,11,120,125,3,259
2024-03-12 12:00:00,12,109,98,10,229
2024-03-12 12:10:00,15,107,97,8,227
2024-03-12 12:20:00,17,113,105,11,246
2024-03-12 12:30:00,7,118,91,12,228
2024-03-12 12:40:00,9,98,107,16,230
2024-03-12 12:50:00,11,94,102,5,212
2024-03-12 13:00:00,5,75,107,16,203
2024-03-12 13:10:00,9,122,123,12,266
2024-03-12 13:20:00,12,102,113,16,243
2024-03-12 13:30:00,10,102,108,11,231
2024-03-12 13:40:00,21,115,107,11,254
2024-03-12 13:50:00,29,111,112,5,257
2024-03-12 14:00:00,10,104,103,12,229
2024-03-12 14:10:00,16,122,109,13,260
2024-03-12 14:20:00,7,125,111,6,249
2024-03-12 14:30:00,11,128,97,8,244
2024-03-12 14:40:00,3,132,110,9,254
2024-03-12 14:50:00,11,107,117,9,244
2024-03-12 15:00:00,14,99,140,11,264
2024-03-12 15:10:00,11,143,139,9,302
2024-03-12 15:20:00,25,115,138,11,289
2024-03-12 15:30:00,27,104,144,14,289
2024-03-12 15:40:00,19,117,154,11,301
2024-03-12 15:50:00,19,125,137,8,289
2024-03-12 16:00:00,20,126,133,7,286
2024-03-12 16:10:00,20,113,138,5,276
2024-03-12 16:20:00,13,132,124,16,285
2024-03-12 16:30:00,13,155,134,8,310
2024-03-12 16:40:00,10,152,139,11,312
2024-03-12 16:50:00,7,138,143,6,294
2024-03-12 17:00:00,22,140,120,9,291
2024-03-12 17:10:00,15,116,150,10,291
2024-03-12 17:20:00,15,133,131,7,286
2024-03-12 17:30:00,10,131,128,10,279
2024-03-12 17:40:00,10,121,106,9,246
2024-03-12 17:50:00,15,117,142,5,279
2024-03-12 18:00:00,10,135,113,14,272
2024-03-12 18:10:00,10,108,140,10,268
2024-03-12 18:20:00,11,115,118,9,253
2024-03-12 18:30:00,4,108,99,8,219
2024-03-12 18:40:00,8,112,117,12,249
2024-03-12 18:50:00,8,121,73,10,212
2024-03-12 19:00:00,9,73,79,12,173
2024-03-12 19:10:00,5,88,90,7,190
2024-03-12 19:20:00,3,64,81,9,157
2024-03-12 19:30:00,6,63,73,9,151
2024-03-12 19:40:00,8,68,67,15,158
2024-03-12 19:50:00,11,74,58,6,149
2024-03-12 20:00:00,9,58,66,11,144
2024-03-12 20:10:00,12,51,50,8,121
2024-03-12 20:20:00,2,46,62,12,122
2024-03-12 20:30:00,3,58,41,7,109
2024-03-12 20:40:00,2,25,50,9,86
2024-03-12 20:50:00,3,44,56,12,115
2024-03-12 21:00:00,3,45,61,13,122
2024-03-12 21:10:00,4,54,47,7,112
2024-03-12 21:20:00,3,40,44,9,96
2024-03-12 21:30:00,2,34,50,17,103
2024-03-12 21:40:00,3,32,42,13,90
2024-03-12 21:50:00,8,33,32,3,76
2024-03-12 22:00:00,4,20,34,3,61
2024-03-12 22:10:00,2,32,23,8,65
2024-03-12 22:20:00,2,37,20,3,62
2024-03-12 22:30:00,3,28,26,7,64
2024-03-12 22:40:00,9,27,23,9,68
2024-03-12 22:50:00,2,11,19,3,35
2024-03-12 23:00:00,0,18,23,2,43
2024-03-12 23:10:00,0,17,12,11,40
2024-03-12 23:20:00,2,14,9,6,31
2024-03-12 23:30:00,2,11,11,5,29
2024-03-12 23:40:00,0,12,7,8,27
2024-03-12 23:50:00,0,8,5,5,18
2024-03-13 00:00:00,0,12,8,1,21
2024-03-13 00:10:00,0,8,9,6,23
2024-03-13 00:20:00,0,6,6,2,14
2024-03-13 00:30:00,0,3,4,1,8
2024-03-13 00:40:00,0,2,7,4,13
2024-03-13 00:50:00,0,8,4,5,17
2024-03-13 01:00:00,0,5,6,3,14
2024-03-13 01:10:00,1,3,2,0,6
2024-03-13 01:20:00,1,4,2,3,10
2024-03-13 01:30:00,2,6,7,4,19
2024-03-13 01:40:00,0,1,2,0,3
2024-03-13 01:50:00,0,3,2,1,6
2024-03-13 02:00:00,0,5,4,2,11
2024-03-13 02:10:00,0,3,3,0,6
2024-03-13 02:20:00,1,8,3,4,16
2024-03-13 02:30:00,1,6,3,2,12
2024-03-13 02:40:00,0,4,2,2,8
2024-03-13 02:50:00,0,5,6,0,11
2024-03-13 03:00:00,0,3,2,1,6
2024-03-13 03:10:00,0,4,3,1,8
2024-03-13 03:20:00,0,5,4,3,12
2024-03-13 03:30:00,0,3,8,2,13
2024-03-13 03:40:00,1,4,7,0,12
2024-03-13 03:50:00,0,6,6,8,20
2024-03-13 04:00:00,0,5,6,3,14
2024-03-13 04:10:00,0,3,10,3,16
2024-03-13 04:20:00,0,1,7,1,9
2024-03-13 04:30:00,1,10,12,5,28
2024-03-13 04:40:00,1,11,8,5,25
2024-03-13 04:50:00,1,4,16,4,25
2024-03-13 05:00:00,1,12,27,7,47
2024-03-13 05:10:00,4,16,27,5,52
2024-03-13 05:20:00,5,15,33,7,60
2024-03-13 05:30:00,3,31,66,11,111
2024-03-13 05:40:00,9,41,61,7,118
2024-03-13 05:50:00,8,35,60,15,118
2024-03-13 06:00:00,6,39,49,10,104
2024-03-13 06:10:00,5,58,74,12,149
2024-03-13 06:20:00,7,57,80,4,148
2024-03-13 06:30:00,5,66,98,15,184
2024-03-13 06:40:00,3,77,101,10,191
2024-03-13 06:50:00,7,95,113,11,226
2024-03-13 07:00:00,7,70,121,13,211
2024-03-13 07:10:00,4,89,140,10,243
2024-03-13 07:20:00,13,90,132,11,246
2024-03-13 07:30:00,9,81,161,6,257
2024-03-13 07:40:00,9,81,179,11,280
2024-03-13 07:50:00,10,93,141,16,260
2024-03-13 08:00:00,12,83,146,14,255
2024-03-13 08:10:00,9,90,128,15,242
2024-03-13 08:20:00,18,86,115,15,234
2024-03-13 08:30:00,7,65,94,9,175
2024-03-13 08:40:00,7,111,131,15,264
2024-03-13 08:50:00,8,81,91,7,187
2024-03-13 09:00:00,5,100,101,8,214
2024-03-13 09:10:00,7,91,94,5,197
2024-03-13 09:20:00,10,68,98,9,185
2024-03-13 09:30:00,8,89,97,11,205
2024-03-13 09:40:00,13,82,110,10,215
2024-03-13 09:50:00,11,83,84,5,183
2024-03-13 10:00:00,12,95,94,5,206
2024-03-13 10:10:00,11,82,85,19,197
2024-03-13 10:20:00,7,93,111,5,216
2024-03-13 10:30:00,20,81,86,12,199
2024-03-13 10:40:00,11,97,101,6,215
2024-03-13 10:50:00,11,83,82,7,183
2024-03-13 11:00:00,11,77,112,4,204
2024-03-13 11:10:00,6,81,90,11,188
2024-03-13 11:20:00,5,93,92,12,202
2024-03-13 11:30:00,11,104,107,14,236
2024-03-13 11:40:00,10,97,119,11,237
2024-03-13 11:50:00,17,116,106,8,247
2024-03-13 12:00:00,15,81,100,16,212
2024-03-13 12:10:00,17,97,96,12,222
2024-03-13 12:20:00,15,90,118,8,231
2024-03-13 12:30:00,8,81,115,18,222
2024-03-13 12:40:00,13,108,110,10,241
2024-03-13 12:50:00,4,95,111,8,218
2024-03-13 13:00:00,17,87,99,13,216
2024-03-13 13:10:00,10,111,98,17,236
2024-03-13 13:20:00,9,110,82,12,213
2024-03-13 13:30:00,11,110,109,17,247
2024-03-13 13:40:00,14,101,103,8,226
2024-03-13 13:50:00,21,121,117,5,264
2024-03-13 14:00:00,22,115,107,8,252
2024-03-13 14:10:00,9,125,121,11,266
2024-03-13 14:20:00,15,111,116,11,253
2024-03-13 14:30:00,10,148,113,12,283
2024-03-13 14:40:00,7,116,114,10,247
2024-03-13 14:50:00,11,120,133,5,269
2024-03-13 15:00:00,12,110,105,13,240
2024-03-13 15:10:00,12,118,113,12,255
2024-03-13 15:20:00,10,119,135,9,273
2024-03-13 15:30:00,36,130,124,7,297
2024-03-13 15:40:00,11,117,146,9,283
2024-03-13 15:50:00,22,119,127,4,272
2024-03-13 16:00:00,23,115,142,8,288
2024-03-13 16:10:00,22,112,138,12,284
2024-03-13 16:20:00,12,126,127,10,275
2024-03-13 16:30:00,16,130,133,9,288
2024-03-13 16:40:00,12,156,158,11,337
2024-03-13 16:50:00,17,114,130,11,272
2024-03-13 17:00:00,11,120,139,15,285
2024-03-13 17:10:00,20,135,152,9,316
2024-03-13 17:20:00,13,119,150,5,287
2024-03-13 17:30:00,12,119,133,17,281
2024-03-13 17:40:00,7,123,139,13,282
2024-03-13 17:50:00,10,143,139,17,309
2024-03-13 18:00:00,10,127,121,11,269
2024-03-13 18:10:00,9,112,134,5,260
2024-03-13 18:20:00,11,97,125,8,241
2024-03-13 18:30:00,7,101,78,8,194
2024-03-13 18:40:00,7,95,107,11,220
2024-03-13 18:50:00,3,88,100,7,198
2024-03-13 19:00:00,11,97,71,10,189
2024-03-13 19:10:00,6,68,105,8,187
2024-03-13 19:20:00,3,93,84,6,186
2024-03-13 19:30:00,1,74,82,8,165
2024-03-13 19:40:00,1,70,62,4,137
2024-03-13 19:50:00,6,65,74,7,152
2024-03-13 20:00:00,4,65,67,5,141
2024-03-13 20:10:00,8,65,71,10,154
2024-03-13 20:20:00,1,58,48,14,121
2024-03-13 20:30:00,5,50,56,6,117
2024-03-13 20:40:00,3,42,36,8,89
2024-03-13 20:50:00,4,31,49,4,88
2024-03-13 21:00:00,2,45,37,10,94
2024-03-13 21:10:00,2,37,64,7,110
2024-03-13 21:20:00,1,55,52,7,115
2024-03-13 21:30:00,4,44,41,7,96
2024-03-13 21:40:00,6,35,42,6,89
2024-03-13 21:50:00,8,40,36,5,89
2024-03-13 22:00:00,4,31,36,7,78
2024-03-13 22:10:00,0,37,39,5,81
2024-03-13 22:20:00,7,33,25,6,71
2024-03-13 22:30:00,2,27,28,4,61
2024-03-13 22:40:00,2,35,17,5,59
2024-03-13 22:50:00,1,26,30,5,62
2024-03-13 23:00:00,2,24,20,3,49
2024-03-13 23:10:00,0,13,22,5,40
2024-03-13 23:20:00,0,24,13,4,41
2024-03-13 23:30:00,3,19,10,1,33
2024-03-13 23:40:00,1,20,13,4,38
2024-03-13 23:50:00,2,13,14,2,31
2024-03-14 00:00:00,0,11,14,5,30
2024-03-14 00:10:00,0,12,10,2,24
2024-03-14 00:20:00,0,10,5,4,19
2024-03-14 00:30:00,1,5,4,1,11
2024-03-14 00:40:00,0,8,9,6,23
2024-03-14 00:50:00,0,4,5,2,11
2024-03-14 01:00:00,1,4,3,2,10
2024-03-14 01:10:00,0,2,2,2,6
2024-03-14 01:20:00,3,5,1,4,13
2024-03-14 01:30:00,0,2,5,3,10
2024-03-14 01:40:00,2,2,3,1,8
2024-03-14 01:50:00,0,1,1,0,2
2024-03-14 02:00:00,0,5,2,2,9
2024-03-14 02:10:00,0,3,3,1,7
2024-03-14 02:20:00,0,6,7,3,16
2024-03-14 02:30:00,0,7,5,0,12
2024-03-14 02:40:00,2,5,5,1,13
2024-03-14 02:50:00,0,5,2,1,8
2024-03-14 03:00:00,0,7,1,2,10
2024-03-14 03:10:00,0,4,0,2,6
2024-03-14 03:20:00,1,4,1,1,7
2024-03-14 03:30:00,1,6,1,3,11
2024-03-14 03:40:00,0,5,10,4,19
2024-03-14 03:50:00,2,7,5,4,18
2024-03-14 04:00:00,0,4,7,6,17
2024-03-14 04:10:00,0,4,8,4,16
2024-03-14 04:20:00,0,4,12,2,18
2024-03-14 04:30:00,0,12,10,3,25
2024-03-14 04:40:00,0,6,11,4,21
2024-03-14 04:50:00,1,9,20,2,32
2024-03-14 05:00:00,0,12,24,5,41
2024-03-14 05:10:00,4,15,33,8,60
2024-03-14 05:20:00,5,22,56,11,94
2024-03-14 05:30:00,6,33,63,9,111
2024-03-14 05:40:00,10,46,59,14,129
2024-03-14 05:50:00,7,32,58,15,112
2024-03-14 06:00:00,3,41,49,10,103
2024-03-14 06:10:00,6,54,62,10,132
2024-03-14 06:20:00,12,66,63,8,149
2024-03-14 06:30:00,5,55,115,8,183
2024-03-14 06:40:00,5,74,92,13,184
2024-03-14 06:50:00,6,79,95,9,189
2024-03-14 07:00:00,5,70,109,18,202
2024-03-14 07:10:00,6,75,136,10,227
2024-03-14 07:20:00,10,104,143,14,271
2024-03-14 07:30:00,13,83,164,7,267
2024-03-14 07:40:00,11,97,180,14,302
2024-03-14 07:50:00,15,100,139,15,269
2024-03-14 08:00:00,9,98,143,14,264
2024-03-14 08:10:00,13,105,143,13,274
2024-03-14 08:20:00,16,97,130,16,259
2024-03-14 08:30:00,8,104,126,9,247
2024-03-14 08:40:00,12,92,129,18,251
2024-03-14 08:50:00,14,97,114,14,239
2024-03-14 09:00:00,5,118,106,7,236
2024-03-14 09:10:00,9,85,117,16,227
2024-03-14 09:20:00,11,114,118,8,251
2024-03-14 09:30:00,6,97,117,12,232
2024-03-14 09:40:00,4,120,114,9,247
2024-03-14 09:50:00,9,103,107,10,229
2024-03-14 10:00:00,13,98,103,10,224
2024-03-14 10:10:00,8,87,107,12,214
2024-03-14 10:20:00,12,117,118,14,261
2024-03-14 10:30:00,9,118,100,12,239
2024-03-14 10:40:00,9,97,116,10,232
2024-03-14 10:50:00,12,100,124,8,244
2024-03-14 11:00:00,16,104,105,6,231
2024-03-14 11:10:00,4,112,117,7,240
2024-03-14 11:20:00,14,97,108,9,228
2024-03-14 11:30:00,13,125,102,9,249
2024-03-14 11:40:00,14,104,125,3,246
2024-03-14 11:50:00,8,113,126,9,256
2024-03-14 12:00:00,13,116,109,12,250
2024-03-14 12:10:00,14,99,123,12,248
2024-03-14 12:20:00,10,105,130,8,253
2024-03-14 12:30:00,20,108,114,12,254
2024-03-14 12:40:00,11,97,105,4,217
2024-03-14 12:50:00,9,112,121,9,251
2024-03-14 13:00:00,8,90,117,8,223
2024-03-14 13:10:00,7,120,122,10,259
2024-03-14 13:20:00,7,140,115,11,273
2024-03-14 13:30:00,11,127,119,9,266
2024-03-14 13:40:00,14,125,117,11,267
2024-03-14 13:50:00,16,120,123,9,268
2024-03-14 14:00:00,18,139,102,12,271
2024-03-14 14:10:00,12,120,126,5,263
2024-03-14 14:20:00,13,139,139,10,301
2024-03-14 14:30:00,10,109,127,13,259
2024-03-14 14:40:00,12,117,120,5,254
2024-03-14 14:50:00,14,150,146,8,318
2024-03-14 15:00:00,20,125,121,7,273
2024-03-14 15:10:00,14,140,120,10,284
2024-03-14 15:20:00,12,138,147,13,310
2024-03-14 15:30:00,32,133,146,7,318
2024-03-14 15:40:00,18,154,135,12,319
2024-03-14 15:50:00,21,133,142,12,308
2024-03-14 16:00:00,14,133,125,12,284
2024-03-14 16:10:00,24,136,141,13,314
2024-03-14 16:20:00,13,156,114,7,290
2024-03-14 16:30:00,14,128,148,14,304
2024-03-14 16:40:00,14,163,140,9,326
2024-03-14 16:50:00,16,152,141,10,319
2024-03-14 17:00:00,10,150,150,14,324
2024-03-14 17:10:00,19,133,157,10,319
2024-03-14 17:20:00,14,136,142,7,299
2024-03-14 17:30:00,13,123,142,12,290
2024-03-14 17:40:00,10,144,145,8,307
2024-03-14 17:50:00,15,128,123,7,273
2024-03-14 18:00:00,18,129,133,10,290
2024-03-14 18:10:00,10,142,126,13,291
2024-03-14 18:20:00,13,108,135,8,264
2024-03-14 18:30:00,7,112,125,8,252
2024-03-14 18:40:00,8,90,119,6,223
2024-03-14 18:50:00,9,111,90,9,219
2024-03-14 19:00:00,2,88,89,11,190
2024-03-14 19:10:00,5,87,70,15,177
2024-03-14 19:20:00,5,79,78,8,170
2024-03-14 19:30:00,5,55,85,9,154
2024-03-14 19:40:00,3,63,84,11,161
2024-03-14 19:50:00,5,64,82,10,161
2024-03-14 20:00:00,4,51,75,10,140
2024-03-14 20:10:00,5,45,62,7,119
2024-03-14 20:20:00,3,62,43,10,118
2024-03-14 20:30:00,3,50,64,8,125
2024-03-14 20:40:00,6,52,62,9,129
2024-03-14 20:50:00,2,65,66,12,145
2024-03-14 21:00:00,3,40,43,8,94
2024-03-14 21:10:00,2,38,42,4,86
2024-03-14 21:20:00,3,48,61,12,124
2024-03-14 21:30:00,3,47,49,13,112
2024-03-14 21:40:00,8,56,48,14,126
2024-03-14 21:50:00,14,45,49,8,116
2024-03-14 22:00:00,0,41,44,5,90
2024-03-14 22:10:00,0,45,37,4,86
2024-03-14 22:20:00,1,31,34,8,74
2024-03-14 22:30:00,1,22,26,3,52
2024-03-14 22:40:00,4,27,24,7,62
2024-03-14 22:50:00,0,25,17,5,47
2024-03-14 23:00:00,1,19,24,5,49
2024-03-14 23:10:00,2,18,13,8,41
2024-03-14 23:20:00,1,9,16,3,29
2024-03-14 23:30:00,0,16,12,2,30
2024-03-14 23:40:00,0,8,12,3,23
2024-03-14 23:50:00,0,7,11,7,25
2024-03-15 00:00:00,0,7,12,2,21
2024-03-15 00:10:00,2,7,6,3,18
2024-03-15 00:20:00,1,11,6,4,22
2024-03-15 00:30:00,0,7,9,1,17
2024-03-15 00:40:00,0,7,12,5,24
2024-03-15 00:50:00,0,9,7,2,18
2024-03-15 01:00:00,1,6,4,4,15
2024-03-15 01:10:00,1,3,3,0,7
2024-03-15 01:20:00,0,3,2,1,6
2024-03-15 01:30:00,3,6,5,2,16
2024-03-15 01:40:00,0,3,2,1,6
2024-03-15 01:50:00,0,6,4,2,12
2024-03-15 02:00:00,0,6,1,4,11
2024-03-15 02:10:00,0,4,2,0,6
2024-03-15 02:20:00,0,3,5,1,9
2024-03-15 02:30:00,0,8,4,4,16
2024-03-15 02:40:00,0,10,3,0,13
2024-03-15 02:50:00,0,5,4,2,11
2024-03-15 03:00:00,0,3,5,1,9
2024-03-15 03:10:00,0,3,2,1,6
2024-03-15 03:20:00,0,1,7,2,10
2024-03-15 03:30:00,0,6,7,6,19
2024-03-15 03:40:00,0,4,7,1,12
2024-03-15 03:50:00,1,10,9,3,23
2024-03-15 04:00:00,1,3,3,3,10
2024-03-15 04:10:00,0,5,9,5,19
2024-03-15 04:20:00,0,6,11,2,19
2024-03-15 04:30:00,0,7,12,5,24
2024-03-15 04:40:00,1,7,11,5,24
2024-03-15 04:50:00,0,11,24,1,36
2024-03-15 05:00:00,0,13,22,9,44
2024-03-15 05:10:00,1,15,23,6,45
2024-03-15 05:20:00,5,20,43,5,73
2024-03-15 05:30:00,4,34,49,8,95
2024-03-15 05:40:00,4,36,55,12,107
2024-03-15 05:50:00,13,45,55,9,122
2024-03-15 06:00:00,9,40,53,11,113
2024-03-15 06:10:00,8,55,76,11,150
2024-03-15 06:20:00,12,58,66,10,146
2024-03-15 06:30:00,5,57,81,9,152
2024-03-15 06:40:00,2,75,105,12,194
2024-03-15 06:50:00,11,87,91,14,203
2024-03-15 07:00:00,8,74,92,6,180
2024-03-15 07:10:00,7,91,114,12,224
2024-03-15 07:20:00,14,72,136,10,232
2024-03-15 07:30:00,14,85,128,9,236
2024-03-15 07:40:00,11,104,152,12,279
2024-03-15 07:50:00,11,129,113,19,272
2024-03-15 08:00:00,9,82,111,12,214
2024-03-15 08:10:00,14,91,128,6,239
2024-03-15 08:20:00,7,96,103,7,213
2024-03-15 08:30:00,5,76,92,12,185
2024-03-15 08:40:00,8,93,109,12,222
2024-03-15 08:50:00,7,89,109,14,219
2024-03-15 09:00:00,11,96,95,11,213
2024-03-15 09:10:00,13,103,110,14,240
2024-03-15 09:20:00,8,105,134,6,253
2024-03-15 09:30:00,12,102,92,12,218
2024-03-15 09:40:00,7,117,114,6,244
2024-03-15 09:50:00,7,94,107,7,215
2024-03-15 10:00:00,9,124,94,12,239
2024-03-15 10:10:00,9,121,125,12,267
2024-03-15 10:20:00,5,101,113,16,235
2024-03-15 10:30:00,9,108,115,9,241
2024-03-15 10:40:00,11,109,118,10,248
2024-03-15 10:50:00,20,114,116,13,263
2024-03-15 11:00:00,18,104,123,6,251
2024-03-15 11:10:00,10,107,112,9,238
2024-03-15 11:20:00,10,92,113,6,221
2024-03-15 11:30:00,8,100,134,15,257
2024-03-15 11:40:00,13,103,117,11,244
2024-03-15 11:50:00,18,106,135,8,267
2024-03-15 12:00:00,16,124,123,11,274
2024-03-15 12:10:00,15,126,109,7,257
2024-03-15 12:20:00,23,111,129,10,273
2024-03-15 12:30:00,22,116,141,15,294
2024-03-15 12:40:00,16,139,116,6,277
2024-03-15 12:50:00,9,136,126,10,281
2024-03-15 13:00:00,10,133,109,9,261
2024-03-15 13:10:00,12,120,145,13,290
2024-03-15 13:20:00,10,153,119,11,293
2024-03-15 13:30:00,12,136,121,12,281
2024-03-15 13:40:00,16,163,127,7,313
2024-03-15 13:50:00,17,137,142,7,303
2024-03-15 14:00:00,16,132,119,11,278
2024-03-15 14:10:00,10,135,141,7,293
2024-03-15 14:20:00,19,149,136,8,312
2024-03-15 14:30:00,7,133,120,15,275
2024-03-15 14:40:00,10,131,148,12,301
2024-03-15 14:50:00,8,124,129,8,269
2024-03-15 15:00:00,9,127,136,6,278
2024-03-15 15:10:00,6,135,157,11,309
2024-03-15 15:20:00,16,134,129,12,291
2024-03-15 15:30:00,10,139,133,8,290
2024-03-15 15:40:00,12,147,132,4,295
2024-03-15 15:50:00,26,147,129,6,308
2024-03-15 16:00:00,11,130,138,8,287
2024-03-15 16:10:00,11,130,156,4,301
2024-03-15 16:20:00,9,127,116,10,262
2024-03-15 16:30:00,15,116,144,4,279
2024-03-15 16:40:00,5,142,134,11,292
2024-03-15 16:50:00,16,132,135,6,289
2024-03-15 17:00:00,5,125,108,4,242
2024-03-15 17:10:00,14,131,162,6,313
2024-03-15 17:20:00,8,135,124,6,273
2024-03-15 17:30:00,15,138,149,5,307
2024-03-15 17:40:00,10,138,150,11,309
2024-03-15 17:50:00,12,136,153,7,308
2024-03-15 18:00:00,5,121,113,7,246
2024-03-15 18:10:00,8,103,152,7,270
2024-03-15 18:20:00,13,122,131,3,269
2024-03-15 18:30:00,10,109,139,8,266
2024-03-15 18:40:00,7,106,144,10,267
2024-03-15 18:50:00,7,94,95,4,200
2024-03-15 19:00:00,8,77,109,8,202
2024-03-15 19:10:00,2,95,100,9,206
2024-03-15 19:20:00,3,64,98,6,171
2024-03-15 19:30:00,2,80,79,10,171
2024-03-15 19:40:00,5,77,83,6,171
2024-03-15 19:50:00,3,65,69,14,151
2024-03-15 20:00:00,8,54,72,10,144
2024-03-15 20:10:00,2,56,67,8,133
2024-03-15 20:20:00,4,55,59,8,126
2024-03-15 20:30:00,1,43,58,11,113
2024-03-15 20:40:00,3,61,51,5,120
2024-03-15 20:50:00,2,36,55,4,97
2024-03-15 21:00:00,2,47,43,8,100
2024-03-15 21:10:00,3,46,56,9,114
2024-03-15 21:20:00,6,58,54,8,126
2024-03-15 21:30:00,9,48,54,9,120
2024-03-15 21:40:00,12,43,56,6,117
2024-03-15 21:50:00,5,50,46,5,106
2024-03-15 22:00:00,0,42,42,6,90
2024-03-15 22:10:00,3,55,37,6,101
2024-03-15 22:20:00,3,40,36,9,88
2024-03-15 22:30:00,0,46,38,7,91
2024-03-15 22:40:00,6,40,37,5,88
2024-03-15 22:50:00,1,35,28,8,72
2024-03-15 23:00:00,1,35,27,4,67
2024-03-15 23:10:00,1,31,35,2,69
2024-03-15 23:20:00,0,24,23,3,50
2024-03-15 23:30:00,0,26,25,4,55
2024-03-15 23:40:00,1,28,19,6,54
2024-03-15 23:50:00,1,19,24,5,49
2024-03-16 00:00:00,0,11,14,1,26
2024-03-16 00:10:00,1,25,17,3,46
2024-03-16 00:20:00,1,15,11,1,28
2024-03-16 00:30:00,1,18,13,1,33
2024-03-16 00:40:00,0,13,19,2,34
2024-03-16 00:50:00,1,12,9,3,25
2024-03-16 01:00:00,1,22,6,1,30
2024-03-16 01:10:00,0,15,18,5,38
2024-03-16 01:20:00,1,17,14,2,34
2024-03-16 01:30:00,0,11,5,2,18
2024-03-16 01:40:00,0,10,7,3,20
2024-03-16 01:50:00,0,9,6,1,16
2024-03-16 02:00:00,0,9,6,1,16
2024-03-16 02:10:00,1,11,2,2,16
2024-03-16 02:20:00,2,9,5,4,20
2024-03-16 02:30:00,1,13,10,3,27
2024-03-16 02:40:00,0,3,5,0,8
2024-03-16 02:50:00,0,5,3,1,9
2024-03-16 03:00:00,0,3,7,4,14
2024-03-16 03:10:00,1,4,9,3,17
2024-03-16 03:20:00,0,7,4,1,12
2024-03-16 03:30:00,1,7,10,5,23
2024-03-16 03:40:00,1,10,6,3,20
2024-03-16 03:50:00,3,10,5,1,19
2024-03-16 04:00:00,0,3,7,2,12
2024-03-16 04:10:00,2,4,9,2,17
2024-03-16 04:20:00,0,5,12,2,19
2024-03-16 04:30:00,0,5,10,1,16
2024-03-16 04:40:00,0,5,5,3,13
2024-03-16 04:50:00,2,10,7,3,22
2024-03-16 05:00:00,0,9,16,3,28
2024-03-16 05:10:00,2,17,21,7,47
2024-03-16 05:20:00,3,6,16,3,28
2024-03-16 05:30:00,3,15,17,5,40
2024-03-16 05:40:00,6,14,19,6,45
2024-03-16 05:50:00,5,15,9,5,34
2024-03-16 06:00:00,1,13,12,1,27
2024-03-16 06:10:00,1,16,20,6,43
2024-03-16 06:20:00,3,18,15,4,40
2024-03-16 06:30:00,2,18,26,2,48
2024-03-16 06:40:00,1,25,14,6,46
2024-03-16 06:50:00,2,31,22,5,60
2024-03-16 07:00:00,4,27,16,6,53
2024-03-16 07:10:00,2,25,31,6,64
2024-03-16 07:20:00,5,27,31,6,69
2024-03-16 07:30:00,3,43,44,11,101
2024-03-16 07:40:00,4,53,39,9,105
2024-03-16 07:50:00,4,50,44,13,111
2024-03-16 08:00:00,2,42,47,5,96
2024-03-16 08:10:00,2,47,54,9,112
2024-03-16 08:20:00,2,55,71,9,137
2024-03-16 08:30:00,4,51,59,3,117
2024-03-16 08:40:00,5,59,67,8,139
2024-03-16 08:50:00,4,65,72,6,147
2024-03-16 09:00:00,1,70,84,3,158
2024-03-16 09:10:00,7,68,87,11,173
2024-03-16 09:20:00,4,77,94,3,178
2024-03-16 09:30:00,3,71,97,7,178
2024-03-16 09:40:00,6,113,102,8,229
2024-03-16 09:50:00,5,112,115,3,235
2024-03-16 10:00:00,4,83,89,4,180
2024-03-16 10:10:00,5,105,107,8,225
2024-03-16 10:20:00,7,109,112,6,234
2024-03-16 10:30:00,4,99,115,9,227
2024-03-16 10:40:00,7,85,108,10,210
2024-03-16 10:50:00,10,109,113,8,240
2024-03-16 11:00:00,9,102,122,8,241
2024-03-16 11:10:00,14,109,118,9,250
2024-03-16 11:20:00,6,97,116,7,226
2024-03-16 11:30:00,6,113,100,5,224
2024-03-16 11:40:00,8,127,118,9,262
2024-03-16 11:50:00,8,102,145,11,266
2024-03-16 12:00:00,10,126,129,4,269
2024-03-16 12:10:00,9,107,129,11,256
2024-03-16 12:20:00,12,113,138,9,272
2024-03-16 12:30:00,9,117,120,11,257
2024-03-16 12:40:00,7,115,133,11,266
2024-03-16 12:50:00,9,128,164,12,313
2024-03-16 13:00:00,11,115,154,10,290
2024-03-16 13:10:00,12,136,125,13,286
2024-03-16 13:20:00,10,92,148,7,257
2024-03-16 13:30:00,11,113,133,10,267
2024-03-16 13:40:00,6,115,137,13,271
2024-03-16 13:50:00,24,124,136,6,290
2024-03-16 14:00:00,13,87,163,9,272
2024-03-16 14:10:00,5,120,133,5,263
2024-03-16 14:20:00,6,129,145,8,288
2024-03-16 14:30:00,5,108,120,12,245
2024-03-16 14:40:00,8,126,127,4,265
2024-03-16 14:50:00,8,106,104,4,222
2024-03-16 15:00:00,6,99,121,8,234
2024-03-16 15:10:00,8,94,122,9,233
2024-03-16 15:20:00,9,99,105,3,216
2024-03-16 15:30:00,5,120,83,3,211
2024-03-16 15:40:00,6,108,108,9,231
2024-03-16 15:50:00,6,88,115,10,219
2024-03-16 16:00:00,7,116,101,7,231
2024-03-16 16:10:00,3,87,94,6,190
2024-03-16 16:20:00,6,104,115,6,231
2024-03-16 16:30:00,2,87,121,9,219
2024-03-16 16:40:00,11,93,96,11,211
2024-03-16 16:50:00,8,96,104,7,215
2024-03-16 17:00:00,2,87,103,7,199
2024-03-16 17:10:00,7,83,90,7,187
2024-03-16 17:20:00,5,97,110,3,215
2024-03-16 17:30:00,1,97,103,8,209
2024-03-16 17:40:00,3,117,133,5,258
2024-03-16 17:50:00,5,115,115,4,239
2024-03-16 18:00:00,5,117,101,9,232
2024-03-16 18:10:00,7,119,111,9,246
2024-03-16 18:20:00,5,118,104,8,235
2024-03-16 18:30:00,3,104,104,5,216
2024-03-16 18:40:00,4,103,103,9,219
2024-03-16 18:50:00,4,73,88,8,173
2024-03-16 19:00:00,3,80,84,4,171
2024-03-16 19:10:00,5,72,80,8,165
2024-03-16 19:20:00,5,72,78,9,164
2024-03-16 19:30:00,4,71,76,8,159
2024-03-16 19:40:00,5,68,71,7,151
2024-03-16 19:50:00,2,69,74,6,151
2024-03-16 20:00:00,9,64,58,0,131
2024-03-16 20:10:00,3,58,71,9,141
2024-03-16 20:20:00,2,78,53,8,141
2024-03-16 20:30:00,3,50,44,9,106
2024-03-16 20:40:00,2,56,51,9,118
2024-03-16 20:50:00,5,44,42,4,95
2024-03-16 21:00:00,2,42,56,9,109
2024-03-16 21:10:00,3,51,56,6,116
2024-03-16 21:20:00,1,52,56,7,116
2024-03-16 21:30:00,4,40,53,8,105
2024-03-16 21:40:00,5,42,64,13,124
2024-03-16 21:50:00,3,54,48,3,108
2024-03-16 22:00:00,2,30,39,5,76
2024-03-16 22:10:00,2,43,43,9,97
2024-03-16 22:20:00,1,34,34,8,77
2024-03-16 22:30:00,1,32,28,4,65
2024-03-16 22:40:00,3,35,25,5,68
2024-03-16 22:50:00,2,33,38,5,78
2024-03-16 23:00:00,0,33,32,5,70
2024-03-16 23:10:00,1,20,32,5,58
2024-03-16 23:20:00,0,27,33,2,62
2024-03-16 23:30:00,4,26,23,3,56
2024-03-16 23:40:00,0,16,26,6,48
2024-03-16 23:50:00,2,28,28,7,65
2024-03-17 00:00:00,1,28,25,5,59
2024-03-17 00:10:00,0,18,28,5,51
2024-03-17 00:20:00,0,21,10,2,33
2024-03-17 00:30:00,0,23,23,3,49
2024-03-17 00:40:00,1,14,13,6,34
2024-03-17 00:50:00,2,20,18,8,48
2024-03-17 01:00:00,0,14,14,2,30
2024-03-17 01:10:00,0,14,14,4,32
2024-03-17 01:20:00,0,13,13,3,29
2024-03-17 01:30:00,2,12,16,0,30
2024-03-17 01:40:00,0,20,9,5,34
2024-03-17 01:50:00,1,6,13,3,23
2024-03-17 02:00:00,2,12,11,4,29
2024-03-17 02:10:00,0,12,11,7,30
2024-03-17 02:20:00,1,12,11,3,27
2024-03-17 02:30:00,0,4,6,1,11
2024-03-17 02:40:00,2,12,5,3,22
2024-03-17 02:50:00,0,9,10,6,25
2024-03-17 03:00:00,0,8,6,0,14
2024-03-17 03:10:00,0,5,13,3,21
2024-03-17 03:20:00,0,8,2,2,12
2024-03-17 03:30:00,0,4,11,2,17
2024-03-17 03:40:00,0,3,2,1,6
2024-03-17 03:50:00,0,4,5,0,9
2024-03-17 04:00:00,0,7,5,3,15
2024-03-17 04:10:00,0,4,4,0,8
2024-03-17 04:20:00,0,9,4,2,15
2024-03-17 04:30:00,0,8,4,1,13
2024-03-17 04:40:00,0,4,8,3,15
2024-03-17 04:50:00,0,3,4,1,8
2024-03-17 05:00:00,2,9,11,2,24
2024-03-17 05:10:00,2,10,14,7,33
2024-03-17 05:20:00,3,7,9,3,22
2024-03-17 05:30:00,1,10,11,3,25
2024-03-17 05:40:00,10,10,6,2,28
2024-03-17 05:50:00,2,9,7,1,19
2024-03-17 06:00:00,0,11,12,1,24
2024-03-17 06:10:00,2,9,9,3,23
2024-03-17 06:20:00,0,8,16,3,27
2024-03-17 06:30:00,1,9,8,1,19
2024-03-17 06:40:00,0,12,9,4,25
2024-03-17 06:50:00,0,7,6,1,14
2024-03-17 07:00:00,0,11,9,1,21
2024-03-17 07:10:00,1,9,8,4,22
2024-03-17 07:20:00,1,9,6,0,16
2024-03-17 07:30:00,0,7,11,2,20
2024-03-17 07:40:00,0,12,9,3,24
2024-03-17 07:50:00,2,11,13,1,27
2024-03-17 08:00:00,1,14,16,1,32
2024-03-17 08:10:00,1,19,21,4,45
2024-03-17 08:20:00,2,13,13,3,31
2024-03-17 08:30:00,0,13,47,7,67
2024-03-17 08:40:00,4,20,24,6,54
2024-03-17 08:50:00,3,23,25,1,52
2024-03-17 09:00:00,2,29,29,4,64
2024-03-17 09:10:00,5,33,38,6,82
2024-03-17 09:20:00,1,41,49,1,92
2024-03-17 09:30:00,3,44,33,5,85
2024-03-17 09:40:00,1,45,64,3,113
2024-03-17 09:50:00,4,37,59,3,103
2024-03-17 10:00:00,2,42,57,4,105
2024-03-17 10:10:00,5,34,50,0,89
2024-03-17 10:20:00,4,34,51,4,93
2024-03-17 10:30:00,4,45,57,5,111
2024-03-17 10:40:00,1,56,62,4,123
2024-03-17 10:50:00,2,52,57,4,115
2024-03-17 11:00:00,5,46,60,3,114
2024-03-17 11:10:00,6,63,65,6,140
2024-03-17 11:20:00,5,63,46,4,118
2024-03-17 11:30:00,4,54,74,2,134
2024-03-17 11:40:00,4,56,69,5,134
2024-03-17 11:50:00,2,50,71,4,127
2024-03-17 12:00:00,3,57,62,4,126
2024-03-17 12:10:00,6,66,83,10,165
2024-03-17 12:20:00,5,54,70,2,131
2024-03-17 12:30:00,1,61,86,5,153
2024-03-17 12:40:00,3,74,89,4,170
2024-03-17 12:50:00,5,75,82,8,170
2024-03-17 13:00:00,2,66,67,1,136
2024-03-17 13:10:00,6,91,86,7,190
2024-03-17 13:20:00,9,76,77,8,170
2024-03-17 13:30:00,2,59,75,1,137
2024-03-17 13:40:00,9,74,70,6,159
2024-03-17 13:50:00,21,55,101,7,184
2024-03-17 14:00:00,2,81,90,1,174
2024-03-17 14:10:00,1,77,86,10,174
2024-03-17 14:20:00,6,67,79,2,154
2024-03-17 14:30:00,5,59,91,5,160
2024-03-17 14:40:00,8,80,85,10,183
2024-03-17 14:50:00,6,90,94,5,195
2024-03-17 15:00:00,5,64,70,5,144
2024-03-17 15:10:00,7,66,71,10,154
2024-03-17 15:20:00,2,79,83,2,166
2024-03-17 15:30:00,5,81,77,7,170
2024-03-17 15:40:00,5,69,74,6,154
2024-03-17 15:50:00,8,76,81,5,170
2024-03-17 16:00:00,6,74,81,8,169
2024-03-17 16:10:00,6,58,96,7,167
2024-03-17 16:20:00,10,63,70,3,146
2024-03-17 16:30:00,6,67,89,6,168
2024-03-17 16:40:00,13,82,58,6,159
2024-03-17 16:50:00,10,72,67,9,158
2024-03-17 17:00:00,6,79,54,6,145
2024-03-17 17:10:00,8,68,91,5,172
2024-03-17 17:20:00,7,63,103,9,182
2024-03-17 17:30:00,12,91,90,7,200
2024-03-17 17:40:00,4,72,82,3,161
2024-03-17 17:50:00,3,81,91,7,182
2024-03-17 18:00:00,2,64,82,5,153
2024-03-17 18:10:00,3,76,81,14,174
2024-03-17 18:20:00,10,87,76,4,177
2024-03-17 18:30:00,4,57,77,8,146
2024-03-17 18:40:00,3,68,63,5,139
2024-03-17 18:50:00,6,59,52,7,124
2024-03-17 19:00:00,5,56,63,6,130
2024-03-17 19:10:00,6,48,45,8,107
2024-03-17 19:20:00,1,36,44,3,84
2024-03-17 19:30:00,5,51,59,8,123
2024-03-17 19:40:00,5,44,68,5,122
2024-03-17 19:50:00,7,47,50,10,114
2024-03-17 20:00:00,8,45,40,3,96
2024-03-17 20:10:00,6,49,52,11,118
2024-03-17 20:20:00,5,39,46,5,95
2024-03-17 20:30:00,5,55,33,8,101
2024-03-17 20:40:00,1,46,40,10,97
2024-03-17 20:50:00,1,40,39,3,83
2024-03-17 21:00:00,1,29,40,5,75
2024-03-17 21:10:00,1,33,42,9,85
2024-03-17 21:20:00,2,35,39,9,85
2024-03-17 21:30:00,3,25,34,6,68
2024-03-17 21:40:00,7,31,32,6,76
2024-03-17 21:50:00,6,21,29,5,61
2024-03-17 22:00:00,0,34,20,4,58
2024-03-17 22:10:00,2,21,23,6,52
2024-03-17 22:20:00,3,32,22,3,60
2024-03-17 22:30:00,2,18,31,6,57
2024-03-17 22:40:00,0,29,14,4,47
2024-03-17 22:50:00,0,20,15,4,39
2024-03-17 23:00:00,2,13,15,4,34
2024-03-17 23:10:00,0,12,9,4,25
2024-03-17 23:20:00,1,13,14,2,30
2024-03-17 23:30:00,0,13,11,7,31
2024-03-17 23:40:00,1,10,8,6,25
2024-03-17 23:50:00,1,6,6,2,15
2024-03-18 00:00:00,2,13,5,3,23
2024-03-18 00:10:00,0,4,11,5,20
2024-03-18 00:20:00,0,4,3,6,13
2024-03-18 00:30:00,1,4,3,0,8
2024-03-18 00:40:00,0,8,4,4,16
2024-03-18 00:50:00,0,2,6,4,12
2024-03-18 01:00:00,0,5,4,1,10
2024-03-18 01:10:00,0,3,5,2,10
2024-03-18 01:20:00,0,5,3,0,8
2024-03-18 01:30:00,2,11,2,5,20
2024-03-18 01:40:00,0,3,6,5,14
2024-03-18 01:50:00,0,5,5,5,15
2024-03-18 02:00:00,0,2,2,2,6
2024-03-18 02:10:00,0,3,6,2,11
2024-03-18 02:20:00,0,2,3,0,5
2024-03-18 02:30:00,0,5,2,3,10
2024-03-18 02:40:00,0,1,3,0,4
2024-03-18 02:50:00,0,2,3,3,8
2024-03-18 03:00:00,1,5,2,1,9
2024-03-18 03:10:00,0,6,6,3,15
2024-03-18 03:20:00,0,3,3,2,8
2024-03-18 03:30:00,0,3,5,2,10
2024-03-18 03:40:00,1,4,3,2,10
2024-03-18 03:50:00,1,4,5,1,11
2024-03-18 04:00:00,0,5,6,3,14
2024-03-18 04:10:00,1,2,12,4,19
2024-03-18 04:20:00,0,9,5,4,18
2024-03-18 04:30:00,0,7,13,1,21
2024-03-18 04:40:00,1,9,12,5,27
2024-03-18 04:50:00,0,12,18,6,36
2024-03-18 05:00:00,3,14,30,5,52
2024-03-18 05:10:00,3,21,21,2,47
2024-03-18 05:20:00,6,27,51,5,89
2024-03-18 05:30:00,5,32,59,6,102
2024-03-18 05:40:00,8,56,70,9,143
2024-03-18 05:50:00,11,42,62,10,125
2024-03-18 06:00:00,8,36,54,12,110
2024-03-18 06:10:00,10,61,69,14,154
2024-03-18 06:20:00,7,65,92,7,171
2024-03-18 06:30:00,2,82,84,11,179
2024-03-18 06:40:00,10,84,100,14,208
2024-03-18 06:50:00,6,102,97,14,219
2024-03-18 07:00:00,7,79,95,10,191
2024-03-18 07:10:00,11,100,161,12,284
2024-03-18 07:20:00,17,120,143,10,290
2024-03-18 07:30:00,13,76,144,13,246
2024-03-18 07:40:00,18,117,166,9,310
2024-03-18 07:50:00,11,131,141,20,303
2024-03-18 08:00:00,11,122,134,18,285
2024-03-18 08:10:00,13,94,137,14,258
2024-03-18 08:20:00,12,108,119,16,255
2024-03-18 08:30:00,13,103,109,13,238
2024-03-18 08:40:00,9,112,121,10,252
2024-03-18 08:50:00,10,109,126,15,260
2024-03-18 09:00:00,6,89,116,15,226
2024-03-18 09:10:00,9,98,101,11,219
2024-03-18 09:20:00,5,96,116,13,230
2024-03-18 09:30:00,8,89,109,14,220
2024-03-18 09:40:00,10,114,98,7,229
2024-03-18 09:50:00,12,101,91,8,212
2024-03-18 10:00:00,12,103,102,8,225
2024-03-18 10:10:00,12,107,103,10,232
2024-03-18 10:20:00,11,106,104,10,231
2024-03-18 10:30:00,10,102,100,12,224
2024-03-18 10:40:00,17,99,98,11,225
2024-03-18 10:50:00,15,112,103,13,243
2024-03-18 11:00:00,10,103,97,11,221
2024-03-18 11:10:00,9,94,105,11,219
2024-03-18 11:20:00,12,95,92,8,207
2024-03-18 11:30:00,9,76,103,14,202
2024-03-18 11:40:00,10,131,116,17,274
2024-03-18 11:50:00,12,107,90,8,217
2024-03-18 12:00:00,10,104,124,12,250
2024-03-18 12:10:00,11,101,116,17,245
2024-03-18 12:20:00,14,125,103,12,254
2024-03-18 12:30:00,14,109,136,15,274
2024-03-18 12:40:00,11,111,103,12,237
2024-03-18 12:50:00,6,102,123,7,238
2024-03-18 13:00:00,16,103,119,12,250
2024-03-18 13:10:00,10,123,105,14,252
2024-03-18 13:20:00,10,106,127,10,253
2024-03-18 13:30:00,7,136,128,13,284
2024-03-18 13:40:00,19,101,119,8,247
2024-03-18 13:50:00,23,100,118,13,254
2024-03-18 14:00:00,21,117,125,10,273
2024-03-18 14:10:00,17,120,117,12,266
2024-03-18 14:20:00,8,141,112,9,270
2024-03-18 14:30:00,5,113,153,16,287
2024-03-18 14:40:00,11,128,102,11,252
2024-03-18 14:50:00,22,142,116,9,289
2024-03-18 15:00:00,19,136,127,12,294
2024-03-18 15:10:00,12,142,113,9,276
2024-03-18 15:20:00,14,136,139,6,295
2024-03-18 15:30:00,29,138,146,13,326
2024-03-18 15:40:00,22,144,144,10,320
2024-03-18 15:50:00,30,157,117,10,314
2024-03-18 16:00:00,30,126,124,11,291
2024-03-18 16:10:00,32,160,133,9,334
2024-03-18 16:20:00,20,146,143,6,315
2024-03-18 16:30:00,19,146,143,8,316
2024-03-18 16:40:00,12,141,139,12,304
2024-03-18 16:50:00,19,127,159,8,313
2024-03-18 17:00:00,17,131,143,21,312
2024-03-18 17:10:00,12,147,158,12,329
2024-03-18 17:20:00,13,138,131,7,289
2024-03-18 17:30:00,15,132,124,8,279
2024-03-18 17:40:00,11,137,134,13,295
2024-03-18 17:50:00,12,152,133,11,308
2024-03-18 18:00:00,12,109,121,7,249
2024-03-18 18:10:00,12,127,132,9,280
2024-03-18 18:20:00,12,111,105,9,237
2024-03-18 18:30:00,6,119,90,9,224
2024-03-18 18:40:00,7,89,109,9,214
2024-03-18 18:50:00,8,84,101,5,198
2024-03-18 19:00:00,4,71,75,6,156
2024-03-18 19:10:00,6,81,87,10,184
2024-03-18 19:20:00,8,66,81,8,163
2024-03-18 19:30:00,5,86,65,8,164
2024-03-18 19:40:00,6,66,68,8,148
2024-03-18 19:50:00,4,63,70,8,145
2024-03-18 20:00:00,6,68,66,7,147
2024-03-18 20:10:00,4,54,50,9,117
2024-03-18 20:20:00,3,59,59,4,125
2024-03-18 20:30:00,0,52,47,7,106
2024-03-18 20:40:00,4,55,64,12,135
2024-03-18 20:50:00,4,44,43,4,95
2024-03-18 21:00:00,3,51,38,7,99
2024-03-18 21:10:00,4,48,36,6,94
2024-03-18 21:20:00,3,42,50,6,101
2024-03-18 21:30:00,0,39,47,8,94
2024-03-18 21:40:00,2,43,28,8,81
2024-03-18 21:50:00,10,32,36,2,80
2024-03-18 22:00:00,1,36,34,10,81
2024-03-18 22:10:00,2,31,25,13,71
2024-03-18 22:20:00,4,34,20,6,64
2024-03-18 22:30:00,1,40,21,3,65
2024-03-18 22:40:00,0,31,23,7,61
2024-03-18 22:50:00,0,15,14,5,34
2024-03-18 23:00:00,1,15,20,3,39
2024-03-18 23:10:00,0,11,13,4,28
2024-03-18 23:20:00,0,18,17,4,39
2024-03-18 23:30:00,0,15,13,5,33
2024-03-18 23:40:00,2,12,6,3,23
2024-03-18 23:50:00,1,9,11,5,26
2024-03-19 00:00:00,0,8,5,2,15
2024-03-19 00:10:00,1,8,6,4,19
2024-03-19 00:20:00,0,8,6,2,16
2024-03-19 00:30:00,0,5,5,1,11
2024-03-19 00:40:00,0,9,4,5,18
2024-03-19 00:50:00,0,8,7,2,17
2024-03-19 01:00:00,0,8,8,5,21
2024-03-19 01:10:00,1,4,4,1,10
2024-03-19 01:20:00,2,3,3,2,10
2024-03-19 01:30:00,0,8,3,4,15
2024-03-19 01:40:00,0,3,2,0,5
2024-03-19 01:50:00,0,2,2,1,5
2024-03-19 02:00:00,0,4,6,6,16
2024-03-19 02:10:00,0,4,3,4,11
2024-03-19 02:20:00,0,5,4,1,10
2024-03-19 02:30:00,0,7,2,3,12
2024-03-19 02:40:00,1,1,4,1,7
2024-03-19 02:50:00,0,7,6,2,15
2024-03-19 03:00:00,4,6,1,2,13
2024-03-19 03:10:00,1,4,1,3,9
2024-03-19 03:20:00,0,5,5,2,12
2024-03-19 03:30:00,0,7,5,1,13
2024-03-19 03:40:00,1,7,4,2,14
2024-03-19 03:50:00,0,5,3,4,12
2024-03-19 04:00:00,0,2,7,3,12
2024-03-19 04:10:00,1,8,9,5,23
2024-03-19 04:20:00,0,9,5,5,19
2024-03-19 04:30:00,0,4,9,3,16
2024-03-19 04:40:00,1,10,14,6,31
2024-03-19 04:50:00,0,12,12,6,30
2024-03-19 05:00:00,1,17,31,5,54
2024-03-19 05:10:00,8,18,40,3,69
2024-03-19 05:20:00,2,21,35,8,66
2024-03-19 05:30:00,7,41,52,11,111
2024-03-19 05:40:00,15,43,63,5,126
2024-03-19 05:50:00,7,36,49,10,102
2024-03-19 06:00:00,5,39,66,8,118
2024-03-19 06:10:00,8,55,80,14,157
2024-03-19 06:20:00,3,64,64,10,141
2024-03-19 06:30:00,7,96,83,14,200
2024-03-19 06:40:00,8,89,98,11,206
2024-03-19 06:50:00,5,84,92,8,189
2024-03-19 07:00:00,8,75,117,12,212
2024-03-19 07:10:00,11,99,145,19,274
2024-03-19 07:20:00,15,113,148,12,288
2024-03-19 07:30:00,15,113,188,11,327
2024-03-19 07:40:00,11,138,150,17,316
2024-03-19 07:50:00,10,167,149,9,335
2024-03-19 08:00:00,6,149,121,20,296
2024-03-19 08:10:00,11,130,158,13,312
2024-03-19 08:20:00,12,117,115,13,257
2024-03-19 08:30:00,10,112,111,14,247
2024-03-19 08:40:00,16,88,119,14,237
2024-03-19 08:50:00,8,94,113,11,226
2024-03-19 09:00:00,7,107,90,10,214
2024-03-19 09:10:00,7,74,121,10,212
2024-03-19 09:20:00,13,97,89,9,208
2024-03-19 09:30:00,8,96,114,8,226
2024-03-19 09:40:00,11,101,112,15,239
2024-03-19 09:50:00,16,111,108,12,247
2024-03-19 10:00:00,16,104,101,10,231
2024-03-19 10:10:00,7,102,94,8,211
2024-03-19 10:20:00,11,74,109,10,204
2024-03-19 10:30:00,11,105,87,8,211
2024-03-19 10:40:00,11,99,113,6,229
2024-03-19 10:50:00,17,102,117,9,245
2024-03-19 11:00:00,7,84,94,11,196
2024-03-19 11:10:00,10,81,93,10,194
2024-03-19 11:20:00,7,97,106,12,222
2024-03-19 11:30:00,10,106,100,15,231
2024-03-19 11:40:00,13,111,92,17,233
2024-03-19 11:50:00,9,97,93,9,208
2024-03-19 12:00:00,13,98,114,13,238
2024-03-19 12:10:00,9,113,93,10,225
2024-03-19 12:20:00,14,99,109,15,237
2024-03-19 12:30:00,13,92,100,9,214
2024-03-19 12:40:00,12,97,127,8,244
2024-03-19 12:50:00,10,126,109,13,258
2024-03-19 13:00:00,12,93,116,8,229
2024-03-19 13:10:00,8,100,103,12,223
2024-03-19 13:20:00,12,110,99,6,227
2024-03-19 13:30:00,9,107,108,16,240
2024-03-19 13:40:00,15,103,102,13,233
2024-03-19 13:50:00,20,119,89,7,235
2024-03-19 14:00:00,25,110,93,10,238
2024-03-19 14:10:00,12,124,109,15,260
2024-03-19 14:20:00,11,144,122,8,285
2024-03-19 14:30:00,13,109,124,15,261
2024-03-19 14:40:00,13,129,125,8,275
2024-03-19 14:50:00,12,122,130,10,274
2024-03-19 15:00:00,17,140,116,8,281
2024-03-19 15:10:00,13,128,142,3,286
2024-03-19 15:20:00,16,139,115,5,275
2024-03-19 15:30:00,19,127,158,9,313
2024-03-19 15:40:00,18,145,138,15,316
2024-03-19 15:50:00,20,162,126,7,315
2024-03-19 16:00:00,16,132,145,13,306
2024-03-19 16:10:00,12,137,136,10,295
2024-03-19 16:20:00,18,150,134,5,307
2024-03-19 16:30:00,17,144,131,7,299
2024-03-19 16:40:00,19,141,129,9,298
2024-03-19 16:50:00,8,168,158,11,345
2024-03-19 17:00:00,34,144,148,11,337
2024-03-19 17:10:00,20,145,146,9,320
2024-03-19 17:20:00,15,133,115,9,272
2024-03-19 17:30:00,11,127,120,10,268
2024-03-19 17:40:00,7,150,121,14,292
2024-03-19 17:50:00,8,131,127,8,274
2024-03-19 18:00:00,9,112,114,10,245
2024-03-19 18:10:00,10,112,123,12,257
2024-03-19 18:20:00,12,128,105,4,249
2024-03-19 18:30:00,4,115,104,12,235
2024-03-19 18:40:00,10,108,109,9,236
2024-03-19 18:50:00,12,132,104,11,259
2024-03-19 19:00:00,1,109,89,9,208
2024-03-19 19:10:00,5,73,84,4,166
2024-03-19 19:20:00,7,79,79,13,178
2024-03-19 19:30:00,9,75,75,12,171
2024-03-19 19:40:00,9,74,72,11,166
2024-03-19 19:50:00,9,61,66,6,142
2024-03-19 20:00:00,9,68,67,11,155
2024-03-19 20:10:00,4,61,59,9,133
2024-03-19 20:20:00,1,49,48,6,104
2024-03-19 20:30:00,3,48,46,8,105
2024-03-19 20:40:00,4,54,38,10,106
2024-03-19 20:50:00,5,50,44,6,105
2024-03-19 21:00:00,5,42,58,10,115
2024-03-19 21:10:00,0,59,49,10,118
2024-03-19 21:20:00,5,42,56,8,111
2024-03-19 21:30:00,2,41,48,12,103
2024-03-19 21:40:00,4,28,38,8,78
2024-03-19 21:50:00,9,41,40,12,102
2024-03-19 22:00:00,6,29,33,6,74
2024-03-19 22:10:00,1,30,30,11,72
2024-03-19 22:20:00,2,29,35,3,69
2024-03-19 22:30:00,2,31,23,5,61
2024-03-19 22:40:00,0,36,25,13,74
2024-03-19 22:50:00,5,20,19,6,50
2024-03-19 23:00:00,0,15,19,4,38
2024-03-19 23:10:00,1,15,24,10,50
2024-03-19 23:20:00,0,14,12,6,32
2024-03-19 23:30:00,1,11,8,3,23
2024-03-19 23:40:00,1,15,11,6,33
2024-03-19 23:50:00,0,5,8,4,17
2024-03-20 00:00:00,0,11,7,3,21
2024-03-20 00:10:00,1,12,11,4,28
2024-03-20 00:20:00,0,8,3,1,12
2024-03-20 00:30:00,0,6,6,3,15
2024-03-20 00:40:00,1,12,3,5,21
2024-03-20 00:50:00,1,5,5,4,15
2024-03-20 01:00:00,0,5,5,1,11
2024-03-20 01:10:00,0,1,2,2,5
2024-03-20 01:20:00,1,2,5,2,10
2024-03-20 01:30:00,2,3,3,1,9
2024-03-20 01:40:00,0,1,3,1,5
2024-03-20 01:50:00,0,2,1,1,4
2024-03-20 02:00:00,0,3,3,1,7
2024-03-20 02:10:00,0,8,2,2,12
2024-03-20 02:20:00,0,6,6,2,14
2024-03-20 02:30:00,0,5,4,5,14
2024-03-20 02:40:00,0,1,3,0,4
2024-03-20 02:50:00,0,4,4,3,11
2024-03-20 03:00:00,0,6,2,0,8
2024-03-20 03:10:00,1,3,2,2,8
2024-03-20 03:20:00,0,8,4,6,18
2024-03-20 03:30:00,0,4,4,1,9
2024-03-20 03:40:00,0,3,4,1,8
2024-03-20 03:50:00,0,8,9,6,23
2024-03-20 04:00:00,2,1,9,4,16
2024-03-20 04:10:00,0,7,7,2,16
2024-03-20 04:20:00,1,3,8,4,16
2024-03-20 04:30:00,1,10,14,6,31
2024-03-20 04:40:00,2,14,13,10,39
2024-03-20 04:50:00,0,13,20,5,38
2024-03-20 05:00:00,2,16,21,8,47
2024-03-20 05:10:00,3,24,35,6,68
2024-03-20 05:20:00,2,19,42,6,69
2024-03-20 05:30:00,2,31,63,15,111
2024-03-20 05:40:00,7,46,60,7,120
2024-03-20 05:50:00,13,46,57,9,125
2024-03-20 06:00:00,3,47,74,14,138
2024-03-20 06:10:00,7,54,71,8,140
2024-03-20 06:20:00,8,57,75,4,144
2024-03-20 06:30:00,5,71,92,12,180
2024-03-20 06:40:00,7,92,83,11,193
2024-03-20 06:50:00,5,100,100,15,220
2024-03-20 07:00:00,4,98,100,9,211
2024-03-20 07:10:00,6,105,136,10,257
2024-03-20 07:20:00,11,111,148,13,283
2024-03-20 07:30:00,14,112,143,6,275
2024-03-20 07:40:00,14,111,167,14,306
2024-03-20 07:50:00,9,126,165,20,320
2024-03-20 08:00:00,7,106,128,18,259
2024-03-20 08:10:00,12,88,142,15,257
2024-03-20 08:20:00,11,111,106,16,244
2024-03-20 08:30:00,8,98,109,8,223
2024-03-20 08:40:00,5,94,109,14,222
2024-03-20 08:50:00,15,108,126,10,259
2024-03-20 09:00:00,9,87,93,9,198
2024-03-20 09:10:00,10,75,102,10,197
2024-03-20 09:20:00,17,95,98,9,219
2024-03-20 09:30:00,10,74,93,15,192
2024-03-20 09:40:00,9,93,109,10,221
2024-03-20 09:50:00,8,106,110,10,234
2024-03-20 10:00:00,7,106,105,11,229
2024-03-20 10:10:00,7,104,98,9,218
2024-03-20 10:20:00,12,104,88,7,211
2024-03-20 10:30:00,10,111,102,6,229
2024-03-20 10:40:00,14,86,112,10,222
2024-03-20 10:50:00,10,101,109,6,226
2024-03-20 11:00:00,9,96,83,13,201
2024-03-20 11:10:00,12,107,97,8,224
2024-03-20 11:20:00,12,102,116,10,240
2024-03-20 11:30:00,9,97,106,13,225
2024-03-20 11:40:00,5,116,123,9,253
2024-03-20 11:50:00,16,97,115,9,237
2024-03-20 12:00:00,20,100,121,14,255
2024-03-20 12:10:00,12,115,129,13,269
2024-03-20 12:20:00,17,103,115,14,249
2024-03-20 12:30:00,10,102,92,12,216
2024-03-20 12:40:00,13,102,110,11,236
2024-03-20 12:50:00,14,123,105,11,253
2024-03-20 13:00:00,9,108,115,10,242
2024-03-20 13:10:00,9,116,120,14,259
2024-03-20 13:20:00,13,122,131,14,280
2024-03-20 13:30:00,10,111,120,12,253
2024-03-20 13:40:00,10,131,110,12,263
2024-03-20 13:50:00,16,115,92,7,230
2024-03-20 14:00:00,20,122,119,14,275
2024-03-20 14:10:00,12,129,115,7,263
2024-03-20 14:20:00,12,127,114,9,262
2024-03-20 14:30:00,18,106,106,15,245
2024-03-20 14:40:00,10,142,102,8,262
2024-03-20 14:50:00,14,113,136,14,277
2024-03-20 15:00:00,11,144,128,12,295
2024-03-20 15:10:00,12,153,140,9,314
2024-03-20 15:20:00,23,126,112,7,268
2024-03-20 15:30:00,28,136,129,10,303
2024-03-20 15:40:00,16,150,134,10,310
2024-03-20 15:50:00,18,150,141,11,320
2024-03-20 16:00:00,23,142,129,12,306
2024-03-20 16:10:00,21,149,147,15,332
2024-03-20 16:20:00,22,162,133,7,324
2024-03-20 16:30:00,17,153,144,10,324
2024-03-20 16:40:00,11,150,147,6,314
2024-03-20 16:50:00,7,145,146,13,311
2024-03-20 17:00:00,15,156,131,16,318
2024-03-20 17:10:00,13,126,147,12,298
2024-03-20 17:20:00,13,141,150,9,313
2024-03-20 17:30:00,14,158,149,12,333
2024-03-20 17:40:00,17,135,136,3,291
2024-03-20 17:50:00,12,108,139,12,271
2024-03-20 18:00:00,14,124,105,7,250
2024-03-20 18:10:00,8,139,128,10,285
2024-03-20 18:20:00,10,134,111,10,265
2024-03-20 18:30:00,7,110,104,11,232
2024-03-20 18:40:00,10,104,88,11,213
2024-03-20 18:50:00,7,97,93,10,207
2024-03-20 19:00:00,6,87,85,9,187
2024-03-20 19:10:00,7,86,86,8,187
2024-03-20 19:20:00,10,106,83,15,214
2024-03-20 19:30:00,11,92,100,11,214
2024-03-20 19:40:00,7,95,78,11,191
2024-03-20 19:50:00,7,58,65,10,140
2024-03-20 20:00:00,5,53,69,11,138
2024-03-20 20:10:00,7,63,61,10,141
2024-03-20 20:20:00,5,54,43,6,108
2024-03-20 20:30:00,4,44,70,12,130
2024-03-20 20:40:00,0,46,38,9,93
2024-03-20 20:50:00,1,41,59,6,107
2024-03-20 21:00:00,1,37,51,7,96
2024-03-20 21:10:00,1,55,48,8,112
2024-03-20 21:20:00,1,43,45,8,97
2024-03-20 21:30:00,4,54,44,10,112
2024-03-20 21:40:00,2,47,38,8,95
2024-03-20 21:50:00,14,31,39,5,89
2024-03-20 22:00:00,1,27,34,10,72
2024-03-20 22:10:00,2,41,41,9,93
2024-03-20 22:20:00,0,32,28,5,65
2024-03-20 22:30:00,0,32,25,7,64
2024-03-20 22:40:00,4,28,20,7,59
2024-03-20 22:50:00,1,24,26,10,61
2024-03-20 23:00:00,2,18,27,6,53
2024-03-20 23:10:00,0,29,19,4,52
2024-03-20 23:20:00,1,23,16,6,46
2024-03-20 23:30:00,1,15,10,5,31
2024-03-20 23:40:00,0,18,5,10,33
2024-03-20 23:50:00,0,14,10,7,31
2024-03-21 00:00:00,0,17,7,1,25
2024-03-21 00:10:00,2,11,9,6,28
2024-03-21 00:20:00,2,8,8,4,22
2024-03-21 00:30:00,0,12,4,5,21
2024-03-21 00:40:00,2,5,7,3,17
2024-03-21 00:50:00,0,3,3,3,9
2024-03-21 01:00:00,1,7,1,1,10
2024-03-21 01:10:00,0,4,3,2,9
2024-03-21 01:20:00,2,3,4,2,11
2024-03-21 01:30:00,3,3,6,4,16
2024-03-21 01:40:00,1,6,1,1,9
2024-03-21 01:50:00,1,4,7,7,19
2024-03-21 02:00:00,0,4,3,0,7
2024-03-21 02:10:00,0,5,3,0,8
2024-03-21 02:20:00,0,5,5,3,13
2024-03-21 02:30:00,1,8,6,3,18
2024-03-21 02:40:00,0,8,5,1,14
2024-03-21 02:50:00,0,7,3,2,12
2024-03-21 03:00:00,0,8,5,1,14
2024-03-21 03:10:00,0,4,4,2,10
2024-03-21 03:20:00,0,4,1,3,8
2024-03-21 03:30:00,0,5,3,3,11
2024-03-21 03:40:00,0,2,3,3,8
2024-03-21 03:50:00,1,5,6,0,12
2024-03-21 04:00:00,1,4,6,5,16
2024-03-21 04:10:00,0,8,11,8,27
2024-03-21 04:20:00,1,5,9,2,17
2024-03-21 04:30:00,1,5,10,5,21
2024-03-21 04:40:00,2,14,7,7,30
2024-03-21 04:50:00,0,7,20,4,31
2024-03-21 05:00:00,1,12,23,6,42
2024-03-21 05:10:00,3,21,36,11,71
2024-03-21 05:20:00,7,25,53,7,92
2024-03-21 05:30:00,6,33,54,10,103
2024-03-21 05:40:00,6,48,59,16,129
2024-03-21 05:50:00,16,40,59,12,127
2024-03-21 06:00:00,8,47,52,8,115
2024-03-21 06:10:00,3,57,64,14,138
2024-03-21 06:20:00,7,80,76,11,174
2024-03-21 06:30:00,4,58,102,6,170
2024-03-21 06:40:00,7,94,90,13,204
2024-03-21 06:50:00,6,99,88,12,205
2024-03-21 07:00:00,4,82,109,10,205
2024-03-21 07:10:00,14,96,152,17,279
2024-03-21 07:20:00,10,99,146,8,263
2024-03-21 07:30:00,13,110,149,10,282
2024-03-21 07:40:00,11,111,187,18,327
2024-03-21 07:50:00,12,129,127,19,287
2024-03-21 08:00:00,13,113,138,14,278
2024-03-21 08:10:00,9,103,141,13,266
2024-03-21 08:20:00,18,108,119,12,257
2024-03-21 08:30:00,11,84,97,7,199
2024-03-21 08:40:00,12,118,100,11,241
2024-03-21 08:50:00,15,98,103,12,228
2024-03-21 09:00:00,14,118,94,10,236
2024-03-21 09:10:00,14,88,132,8,242
2024-03-21 09:20:00,7,101,121,13,242
2024-03-21 09:30:00,8,95,101,9,213
2024-03-21 09:40:00,12,119,121,7,259
2024-03-21 09:50:00,11,117,126,12,266
2024-03-21 10:00:00,14,121,89,12,236
2024-03-21 10:10:00,7,103,97,14,221
2024-03-21 10:20:00,10,91,119,6,226
2024-03-21 10:30:00,25,120,93,8,246
2024-03-21 10:40:00,8,105,108,10,231
2024-03-21 10:50:00,9,125,107,7,248
2024-03-21 11:00:00,12,115,97,11,235
2024-03-21 11:10:00,9,101,120,13,243
2024-03-21 11:20:00,14,107,106,4,231
2024-03-21 11:30:00,17,108,117,15,257
2024-03-21 11:40:00,20,88,114,8,230
2024-03-21 11:50:00,12,129,117,10,268
2024-03-21 12:00:00,12,101,122,10,245
2024-03-21 12:10:00,17,115,127,13,272
2024-03-21 12:20:00,15,109,128,12,264
2024-03-21 12:30:00,17,117,118,10,262
2024-03-21 12:40:00,14,123,120,8,265
2024-03-21 12:50:00,13,127,108,11,259
2024-03-21 13:00:00,11,111,111,12,245
2024-03-21 13:10:00,14,111,110,14,249
2024-03-21 13:20:00,5,137,110,8,260
2024-03-21 13:30:00,7,125,132,10,274
2024-03-21 13:40:00,13,125,111,10,259
2024-03-21 13:50:00,26,122,112,5,265
2024-03-21 14:00:00,10,118,92,10,230
2024-03-21 14:10:00,8,136,103,13,260
2024-03-21 14:20:00,13,144,136,7,300
2024-03-21 14:30:00,16,131,138,14,299
2024-03-21 14:40:00,7,145,155,12,319
2024-03-21 14:50:00,15,123,127,14,279
2024-03-21 15:00:00,13,125,133,6,277
2024-03-21 15:10:00,7,160,146,11,324
2024-03-21 15:20:00,17,131,140,7,295
2024-03-21 15:30:00,23,140,154,7,324
2024-03-21 15:40:00,19,148,136,9,312
2024-03-21 15:50:00,19,150,120,12,301
2024-03-21 16:00:00,15,137,138,15,305
2024-03-21 16:10:00,13,181,148,8,350
2024-03-21 16:20:00,18,158,134,8,318
2024-03-21 16:30:00,14,153,142,6,315
2024-03-21 16:40:00,17,151,134,8,310
2024-03-21 16:50:00,13,150,146,15,324
2024-03-21 17:00:00,11,158,140,8,317
2024-03-21 17:10:00,18,149,144,9,320
2024-03-21 17:20:00,11,167,153,8,339
2024-03-21 17:30:00,17,141,135,7,300
2024-03-21 17:40:00,12,147,152,11,322
2024-03-21 17:50:00,16,150,118,8,292
2024-03-21 18:00:00,15,146,144,9,314
2024-03-21 18:10:00,16,131,155,7,309
2024-03-21 18:20:00,13,137,149,10,309
2024-03-21 18:30:00,9,120,121,5,255
2024-03-21 18:40:00,7,104,119,9,239
2024-03-21 18:50:00,10,91,91,9,201
2024-03-21 19:00:00,7,89,81,4,181
2024-03-21 19:10:00,4,92,84,9,189
2024-03-21 19:20:00,6,91,101,9,207
2024-03-21 19:30:00,4,64,67,8,143
2024-03-21 19:40:00,4,62,81,10,157
2024-03-21 19:50:00,2,67,77,5,151
2024-03-21 20:00:00,4,58,64,11,137
2024-03-21 20:10:00,7,61,58,9,135
2024-03-21 20:20:00,2,55,69,6,132
2024-03-21 20:30:00,1,39,58,7,105
2024-03-21 20:40:00,3,48,50,11,112
2024-03-21 20:50:00,4,58,42,10,114
2024-03-21 21:00:00,10,55,51,7,123
2024-03-21 21:10:00,4,41,65,9,119
2024-03-21 21:20:00,3,61,53,10,127
2024-03-21 21:30:00,1,48,53,6,108
2024-03-21 21:40:00,9,39,47,6,101
2024-03-21 21:50:00,13,42,43,9,107
2024-03-21 22:00:00,2,55,33,8,98
2024-03-21 22:10:00,4,53,29,5,91
2024-03-21 22:20:00,1,38,36,5,80
2024-03-21 22:30:00,1,29,37,3,70
2024-03-21 22:40:00,1,32,23,9,65
2024-03-21 22:50:00,2,38,20,7,67
2024-03-21 23:00:00,1,26,28,3,58
2024-03-21 23:10:00,2,24,14,4,44
2024-03-21 23:20:00,1,17,15,7,40
2024-03-21 23:30:00,0,14,13,5,32
2024-03-21 23:40:00,2,10,11,5,28
2024-03-21 23:50:00,2,18,9,4,33
2024-03-22 00:00:00,0,10,8,0,18
2024-03-22 00:10:00,1,17,8,9,35
2024-03-22 00:20:00,0,8,6,0,14
2024-03-22 00:30:00,0,9,3,3,15
2024-03-22 00:40:00,0,5,7,8,20
2024-03-22 00:50:00,1,8,10,4,23
2024-03-22 01:00:00,1,5,6,3,15
2024-03-22 01:10:00,1,5,4,2,12
2024-03-22 01:20:00,0,3,6,1,10
2024-03-22 01:30:00,2,4,3,1,10
2024-03-22 01:40:00,2,9,2,3,16
2024-03-22 01:50:00,0,6,7,3,16
2024-03-22 02:00:00,0,10,0,1,11
2024-03-22 02:10:00,0,3,5,1,9
2024-03-22 02:20:00,0,10,6,3,19
2024-03-22 02:30:00,0,5,4,4,13
2024-03-22 02:40:00,0,2,5,1,8
2024-03-22 02:50:00,1,4,3,2,10
2024-03-22 03:00:00,0,3,0,1,4
2024-03-22 03:10:00,2,7,3,5,17
2024-03-22 03:20:00,0,4,2,3,9
2024-03-22 03:30:00,0,4,11,3,18
2024-03-22 03:40:00,0,4,3,3,10
2024-03-22 03:50:00,1,3,3,1,8
2024-03-22 04:00:00,2,4,11,4,21
2024-03-22 04:10:00,0,3,11,4,18
2024-03-22 04:20:00,0,4,11,3,18
2024-03-22 04:30:00,0,5,9,2,16
2024-03-22 04:40:00,1,9,13,7,30
2024-03-22 04:50:00,0,11,17,6,34
2024-03-22 05:00:00,2,10,20,4,36
2024-03-22 05:10:00,4,14,29,5,52
2024-03-22 05:20:00,6,25,43,11,85
2024-03-22 05:30:00,4,35,48,9,96
2024-03-22 05:40:00,14,43,61,9,127
2024-03-22 05:50:00,1,37,61,11,110
2024-03-22 06:00:00,6,38,57,7,108
2024-03-22 06:10:00,8,65,60,8,141
2024-03-22 06:20:00,6,60,68,7,141
2024-03-22 06:30:00,6,66,93,10,175
2024-03-22 06:40:00,5,110,87,9,211
2024-03-22 06:50:00,7,90,79,7,183
2024-03-22 07:00:00,7,74,93,13,187
2024-03-22 07:10:00,8,98,140,9,255
2024-03-22 07:20:00,9,102,121,17,249
2024-03-22 07:30:00,16,105,143,9,273
2024-03-22 07:40:00,12,123,124,12,271
2024-03-22 07:50:00,7,132,121,16,276
2024-03-22 08:00:00,13,106,97,17,233
2024-03-22 08:10:00,14,85,111,15,225
2024-03-22 08:20:00,13,101,116,8,238
2024-03-22 08:30:00,4,74,94,9,181
2024-03-22 08:40:00,7,114,128,16,265
2024-03-22 08:50:00,13,108,115,6,242
2024-03-22 09:00:00,7,111,102,8,228
2024-03-22 09:10:00,8,98,105,13,224
2024-03-22 09:20:00,9,109,98,9,225
2024-03-22 09:30:00,6,101,133,12,252
2024-03-22 09:40:00,7,121,125,10,263
2024-03-22 09:50:00,10,107,127,10,254
2024-03-22 10:00:00,9,111,140,13,273
2024-03-22 10:10:00,10,102,140,13,265
2024-03-22 10:20:00,11,112,155,5,283
2024-03-22 10:30:00,13,119,126,10,268
2024-03-22 10:40:00,12,111,147,9,279
2024-03-22 10:50:00,12,105,116,6,239
2024-03-22 11:00:00,8,125,122,5,260
2024-03-22 11:10:00,6,125,125,6,262
2024-03-22 11:20:00,7,157,144,12,320
2024-03-22 11:30:00,14,110,122,13,259
2024-03-22 11:40:00,8,137,141,10,296
2024-03-22 11:50:00,10,133,155,15,313
2024-03-22 12:00:00,20,123,136,15,294
2024-03-22 12:10:00,15,160,169,8,352
2024-03-22 12:20:00,17,123,143,10,293
2024-03-22 12:30:00,14,130,144,13,301
2024-03-22 12:40:00,15,137,140,11,303
2024-03-22 12:50:00,12,142,170,12,336
2024-03-22 13:00:00,10,142,142,4,298
2024-03-22 13:10:00,16,139,137,17,309
2024-03-22 13:20:00,16,160,136,7,319
2024-03-22 13:30:00,10,159,136,5,310
2024-03-22 13:40:00,9,160,121,8,298
2024-03-22 13:50:00,21,146,126,8,301
2024-03-22 14:00:00,13,131,125,10,279
2024-03-22 14:10:00,19,147,146,10,322
2024-03-22 14:20:00,18,143,129,6,296
2024-03-22 14:30:00,15,132,164,11,322
2024-03-22 14:40:00,9,139,135,9,292
2024-03-22 14:50:00,11,159,157,15,342
2024-03-22 15:00:00,9,123,152,10,294
2024-03-22 15:10:00,19,158,153,5,335
2024-03-22 15:20:00,11,144,162,9,326
2024-03-22 15:30:00,12,147,132,5,296
2024-03-22 15:40:00,10,158,144,4,316
2024-03-22 15:50:00,20,132,150,14,316
2024-03-22 16:00:00,16,161,127,11,315
2024-03-22 16:10:00,12,132,133,11,288
2024-03-22 16:20:00,15,150,124,6,295
2024-03-22 16:30:00,12,125,124,5,266
2024-03-22 16:40:00,6,113,140,6,265
2024-03-22 16:50:00,12,128,137,12,289
2024-03-22 17:00:00,13,121,138,7,279
2024-03-22 17:10:00,11,148,128,7,294
2024-03-22 17:20:00,16,130,140,2,288
2024-03-22 17:30:00,7,129,119,11,266
2024-03-22 17:40:00,8,135,145,9,297
2024-03-22 17:50:00,10,118,131,10,269
2024-03-22 18:00:00,7,107,141,11,266
2024-03-22 18:10:00,12,122,117,13,264
2024-03-22 18:20:00,6,108,112,5,231
2024-03-22 18:30:00,9,81,57,2,149
2024-03-22 18:40:00,4,38,51,6,99
2024-03-22 18:50:00,6,44,54,6,110
2024-03-22 19:00:00,6,83,98,9,196
2024-03-22 19:10:00,8,81,99,11,199
2024-03-22 19:20:00,3,85,64,5,157
2024-03-22 19:30:00,3,72,85,10,170
2024-03-22 19:40:00,4,78,74,12,168
2024-03-22 19:50:00,8,82,72,12,174
2024-03-22 20:00:00,8,76,62,9,155
2024-03-22 20:10:00,6,64,64,5,139
2024-03-22 20:20:00,5,56,44,6,111
2024-03-22 20:30:00,1,46,72,12,131
2024-03-22 20:40:00,3,57,53,4,117
2024-03-22 20:50:00,1,48,63,8,120
2024-03-22 21:00:00,2,57,53,11,123
2024-03-22 21:10:00,4,41,61,4,110
2024-03-22 21:20:00,2,56,48,9,115
2024-03-22 21:30:00,3,45,58,13,119
2024-03-22 21:40:00,0,43,41,9,93
2024-03-22 21:50:00,11,35,54,7,107
2024-03-22 22:00:00,0,42,58,11,111
2024-03-22 22:10:00,1,53,34,10,98
2024-03-22 22:20:00,2,45,35,6,88
2024-03-22 22:30:00,0,38,46,3,87
2024-03-22 22:40:00,2,46,27,7,82
2024-03-22 22:50:00,3,41,45,10,99
2024-03-22 23:00:00,0,45,31,8,84
2024-03-22 23:10:00,4,28,41,4,77
2024-03-22 23:20:00,2,30,30,6,68
2024-03-22 23:30:00,2,26,19,5,52
2024-03-22 23:40:00,1,19,28,8,56
2024-03-22 23:50:00,2,14,14,4,34
2024-03-23 00:00:00,2,31,13,6,52
2024-03-23 00:10:00,0,14,23,5,42
2024-03-23 00:20:00,1,17,15,5,38
2024-03-23 00:30:00,2,14,19,3,38
2024-03-23 00:40:00,0,18,12,6,36
2024-03-23 00:50:00,2,10,9,2,23
2024-03-23 01:00:00,1,23,14,1,39
2024-03-23 01:10:00,1,13,17,5,36
2024-03-23 01:20:00,0,12,8,5,25
2024-03-23 01:30:00,0,10,12,4,26
2024-03-23 01:40:00,0,8,5,4,17
2024-03-23 01:50:00,0,14,5,6,25
2024-03-23 02:00:00,1,10,8,3,22
2024-03-23 02:10:00,1,6,8,4,19
2024-03-23 02:20:00,0,5,10,2,17
2024-03-23 02:30:00,0,11,6,4,21
2024-03-23 02:40:00,1,13,12,6,32
2024-03-23 02:50:00,1,8,11,3,23
2024-03-23 03:00:00,0,7,7,2,16
2024-03-23 03:10:00,0,3,11,3,17
2024-03-23 03:20:00,0,10,3,4,17
2024-03-23 03:30:00,0,7,4,1,12
2024-03-23 03:40:00,1,5,8,3,17
2024-03-23 03:50:00,1,10,4,1,16
2024-03-23 04:00:00,0,4,7,3,14
2024-03-23 04:10:00,1,3,2,3,9
2024-03-23 04:20:00,0,7,4,1,12
2024-03-23 04:30:00,1,5,9,1,16
2024-03-23 04:40:00,0,5,8,5,18
2024-03-23 04:50:00,0,7,15,3,25
2024-03-23 05:00:00,1,17,11,4,33
2024-03-23 05:10:00,1,11,20,6,38
2024-03-23 05:20:00,3,15,19,5,42
2024-03-23 05:30:00,2,20,13,4,39
2024-03-23 05:40:00,11,17,21,8,57
2024-03-23 05:50:00,6,14,16,5,41
2024-03-23 06:00:00,1,11,15,5,32
2024-03-23 06:10:00,3,22,18,5,48
2024-03-23 06:20:00,1,27,18,5,51
2024-03-23 06:30:00,3,19,28,2,52
2024-03-23 06:40:00,8,24,19,8,59
2024-03-23 06:50:00,3,28,20,6,57
2024-03-23 07:00:00,4,36,21,8,69
2024-03-23 07:10:00,2,23,25,6,56
2024-03-23 07:20:00,4,25,37,6,72
2024-03-23 07:30:00,3,37,26,5,71
2024-03-23 07:40:00,2,55,37,6,100
2024-03-23 07:50:00,4,50,36,5,95
2024-03-23 08:00:00,4,54,49,6,113
2024-03-23 08:10:00,3,55,51,6,115
2024-03-23 08:20:00,3,41,51,8,103
2024-03-23 08:30:00,2,59,56,12,129
2024-03-23 08:40:00,5,77,62,10,154
2024-03-23 08:50:00,4,52,76,5,137
2024-03-23 09:00:00,8,63,81,6,158
2024-03-23 09:10:00,6,73,79,7,165
2024-03-23 09:20:00,4,67,83,4,158
2024-03-23 09:30:00,8,64,110,7,189
2024-03-23 09:40:00,8,93,110,9,220
2024-03-23 09:50:00,5,111,111,5,232
2024-03-23 10:00:00,4,93,92,6,195
2024-03-23 10:10:00,4,105,110,8,227
2024-03-23 10:20:00,3,120,100,8,231
2024-03-23 10:30:00,3,87,126,7,223
2024-03-23 10:40:00,6,104,113,7,230
2024-03-23 10:50:00,7,95,103,7,212
2024-03-23 11:00:00,8,100,100,7,215
2024-03-23 11:10:00,6,98,103,11,218
2024-03-23 11:20:00,6,119,94,5,224
2024-03-23 11:30:00,5,108,110,5,228
2024-03-23 11:40:00,7,101,125,8,241
2024-03-23 11:50:00,8,116,143,11,278
2024-03-23 12:00:00,13,115,144,12,284
2024-03-23 12:10:00,8,118,129,11,266
2024-03-23 12:20:00,7,127,119,8,261
2024-03-23 12:30:00,4,117,143,9,273
2024-03-23 12:40:00,3,110,131,10,254
2024-03-23 12:50:00,4,104,117,7,232
2024-03-23 13:00:00,11,103,130,7,251
2024-03-23 13:10:00,4,92,122,10,228
2024-03-23 13:20:00,11,116,109,6,242
2024-03-23 13:30:00,7,117,113,12,249
2024-03-23 13:40:00,15,109,120,11,255
2024-03-23 13:50:00,15,117,136,8,276
2024-03-23 14:00:00,9,128,135,8,280
2024-03-23 14:10:00,8,116,128,10,262
2024-03-23 14:20:00,12,147,120,8,287
2024-03-23 14:30:00,10,103,122,7,242
2024-03-23 14:40:00,5,131,142,8,286
2024-03-23 14:50:00,6,102,102,7,217
2024-03-23 15:00:00,5,122,112,8,247
2024-03-23 15:10:00,8,97,112,8,225
2024-03-23 15:20:00,8,106,106,5,225
2024-03-23 15:30:00,7,126,99,3,235
2024-03-23 15:40:00,6,105,105,7,223
2024-03-23 15:50:00,7,92,107,6,212
2024-03-23 16:00:00,5,98,120,5,228
2024-03-23 16:10:00,2,100,110,8,220
2024-03-23 16:20:00,6,99,126,5,236
2024-03-23 16:30:00,6,81,99,3,189
2024-03-23 16:40:00,8,121,101,5,235
2024-03-23 16:50:00,12,102,124,8,246
2024-03-23 17:00:00,4,112,112,4,232
2024-03-23 17:10:00,5,87,102,15,209
2024-03-23 17:20:00,4,100,109,3,216
2024-03-23 17:30:00,8,93,117,4,222
2024-03-23 17:40:00,10,103,113,4,230
2024-03-23 17:50:00,4,91,107,5,207
2024-03-23 18:00:00,8,82,111,2,203
2024-03-23 18:10:00,5,87,123,9,224
2024-03-23 18:20:00,3,88,92,4,187
2024-03-23 18:30:00,5,98,109,8,220
2024-03-23 18:40:00,4,75,97,10,186
2024-03-23 18:50:00,4,73,62,3,142
2024-03-23 19:00:00,2,76,75,8,161
2024-03-23 19:10:00,2,69,71,13,155
2024-03-23 19:20:00,4,64,80,7,155
2024-03-23 19:30:00,6,69,74,11,160
2024-03-23 19:40:00,4,49,76,7,136
2024-03-23 19:50:00,3,47,68,2,120
2024-03-23 20:00:00,9,48,76,5,138
2024-03-23 20:10:00,2,75,66,10,153
2024-03-23 20:20:00,3,48,60,7,118
2024-03-23 20:30:00,5,58,54,8,125
2024-03-23 20:40:00,1,47,58,7,113
2024-03-23 20:50:00,3,41,33,3,80
2024-03-23 21:00:00,3,46,50,4,103
2024-03-23 21:10:00,0,46,38,6,90
2024-03-23 21:20:00,2,50,49,5,106
2024-03-23 21:30:00,5,42,48,7,102
2024-03-23 21:40:00,4,40,54,3,101
2024-03-23 21:50:00,7,36,43,6,92
2024-03-23 22:00:00,0,27,41,10,78
2024-03-23 22:10:00,1,33,35,7,76
2024-03-23 22:20:00,2,34,25,3,64
2024-03-23 22:30:00,1,35,35,7,78
2024-03-23 22:40:00,1,29,21,7,58
2024-03-23 22:50:00,2,34,18,4,58
2024-03-23 23:00:00,3,24,23,6,56
2024-03-23 23:10:00,1,31,29,3,64
2024-03-23 23:20:00,0,23,24,9,56
2024-03-23 23:30:00,2,24,10,3,39
2024-03-23 23:40:00,0,38,15,9,62
2024-03-23 23:50:00,2,28,22,2,54
2024-03-24 00:00:00,2,35,25,2,64
2024-03-24 00:10:00,1,19,19,9,48
2024-03-24 00:20:00,0,25,20,4,49
2024-03-24 00:30:00,0,21,20,4,45
2024-03-24 00:40:00,2,20,11,6,39
2024-03-24 00:50:00,1,8,12,2,23
2024-03-24 01:00:00,0,18,9,2,29
2024-03-24 01:10:00,0,8,16,5,29
2024-03-24 01:20:00,0,18,17,0,35
2024-03-24 01:30:00,1,11,13,2,27
2024-03-24 01:40:00,1,11,10,4,26
2024-03-24 01:50:00,0,16,6,2,24
2024-03-24 02:00:00,1,7,9,4,21
2024-03-24 02:10:00,0,9,12,4,25
2024-03-24 02:20:00,0,10,9,1,20
2024-03-24 02:30:00,1,10,12,3,26
2024-03-24 02:40:00,0,9,6,3,18
2024-03-24 02:50:00,2,11,7,5,25
2024-03-24 03:00:00,0,8,5,1,14
2024-03-24 03:10:00,0,8,5,2,15
2024-03-24 03:20:00,0,7,10,3,20
2024-03-24 03:30:00,0,5,4,1,10
2024-03-24 03:40:00,0,6,6,1,13
2024-03-24 03:50:00,0,7,1,2,10
2024-03-24 04:00:00,0,8,3,2,13
2024-03-24 04:10:00,0,3,3,2,8
2024-03-24 04:20:00,0,2,3,1,6
2024-03-24 04:30:00,0,1,3,0,4
2024-03-24 04:40:00,2,5,4,1,12
2024-03-24 04:50:00,1,5,10,4,20
2024-03-24 05:00:00,1,5,10,2,18
2024-03-24 05:10:00,0,5,10,3,18
2024-03-24 05:20:00,4,12,9,3,28
2024-03-24 05:30:00,2,11,7,4,24
2024-03-24 05:40:00,8,2,6,6,22
2024-03-24 05:50:00,9,11,7,2,29
2024-03-24 06:00:00,0,6,9,5,20
2024-03-24 06:10:00,0,9,14,4,27
2024-03-24 06:20:00,0,2,10,0,12
2024-03-24 06:30:00,2,11,4,2,19
2024-03-24 06:40:00,0,11,7,2,20
2024-03-24 06:50:00,2,7,8,2,19
2024-03-24 07:00:00,1,7,10,1,19
2024-03-24 07:10:00,1,10,14,6,31
2024-03-24 07:20:00,0,13,12,4,29
2024-03-24 07:30:00,0,6,7,1,14
2024-03-24 07:40:00,1,14,13,2,30
2024-03-24 07:50:00,5,10,17,3,35
2024-03-24 08:00:00,0,18,9,2,29
2024-03-24 08:10:00,1,20,12,4,37
2024-03-24 08:20:00,1,22,9,5,37
2024-03-24 08:30:00,1,13,18,3,35
2024-03-24 08:40:00,3,16,27,4,50
2024-03-24 08:50:00,3,19,26,3,51
2024-03-24 09:00:00,3,19,20,1,43
2024-03-24 09:10:00,0,20,25,6,51
2024-03-24 09:20:00,4,36,33,2,75
2024-03-24 09:30:00,6,24,43,7,80
2024-03-24 09:40:00,5,34,62,2,103
2024-03-24 09:50:00,2,40,41,1,84
2024-03-24 10:00:00,1,43,28,2,74
2024-03-24 10:10:00,4,39,39,5,87
2024-03-24 10:20:00,4,42,44,5,95
2024-03-24 10:30:00,4,55,59,6,124
2024-03-24 10:40:00,5,60,55,9,129
2024-03-24 10:50:00,3,60,62,2,127
2024-03-24 11:00:00,5,48,46,4,103
2024-03-24 11:10:00,3,47,44,5,99
2024-03-24 11:20:00,3,39,52,3,97
2024-03-24 11:30:00,6,57,61,7,131
2024-03-24 11:40:00,5,64,64,6,139
2024-03-24 11:50:00,9,58,57,6,130
2024-03-24 12:00:00,3,72,50,4,129
2024-03-24 12:10:00,4,63,65,5,137
2024-03-24 12:20:00,2,77,52,5,136
2024-03-24 12:30:00,3,70,67,5,145
2024-03-24 12:40:00,4,81,79,11,175
2024-03-24 12:50:00,6,66,77,6,155
2024-03-24 13:00:00,4,74,61,4,143
2024-03-24 13:10:00,2,80,58,8,148
2024-03-24 13:20:00,3,86,62,6,157
2024-03-24 13:30:00,2,83,54,1,140
2024-03-24 13:40:00,10,80,65,5,160
2024-03-24 13:50:00,9,79,65,8,161
2024-03-24 14:00:00,4,72,64,6,146
2024-03-24 14:10:00,5,60,75,6,146
2024-03-24 14:20:00,7,73,93,5,178
2024-03-24 14:30:00,4,75,93,10,182
2024-03-24 14:40:00,2,82,99,10,193
2024-03-24 14:50:00,2,75,111,6,194
2024-03-24 15:00:00,2,66,74,4,146
2024-03-24 15:10:00,3,70,71,6,150
2024-03-24 15:20:00,5,55,67,1,128
2024-03-24 15:30:00,5,57,82,6,150
2024-03-24 15:40:00,8,77,87,7,179
2024-03-24 15:50:00,6,49,72,4,131
2024-03-24 16:00:00,7,72,78,9,166
2024-03-24 16:10:00,0,60,69,7,136
2024-03-24 16:20:00,6,58,57,6,127
2024-03-24 16:30:00,4,51,87,5,147
2024-03-24 16:40:00,7,69,92,11,179
2024-03-24 16:50:00,4,68,95,5,172
2024-03-24 17:00:00,7,60,91,8,166
2024-03-24 17:10:00,1,55,82,7,145
2024-03-24 17:20:00,3,55,88,6,152
2024-03-24 17:30:00,2,73,106,9,190
2024-03-24 17:40:00,1,69,89,5,164
2024-03-24 17:50:00,3,67,65,6,141
2024-03-24 18:00:00,4,50,88,6,148
2024-03-24 18:10:00,6,66,78,4,154
2024-03-24 18:20:00,3,52,67,5,127
2024-03-24 18:30:00,4,57,45,9,115
2024-03-24 18:40:00,3,67,64,8,142
2024-03-24 18:50:00,2,55,80,4,141
2024-03-24 19:00:00,1,64,84,9,158
2024-03-24 19:10:00,2,47,62,7,118
2024-03-24 19:20:00,4,45,64,8,121
2024-03-24 19:30:00,2,45,60,4,111
2024-03-24 19:40:00,3,48,51,5,107
2024-03-24 19:50:00,1,45,48,9,103
2024-03-24 20:00:00,10,54,41,6,111
2024-03-24 20:10:00,1,43,34,8,86
2024-03-24 20:20:00,2,52,45,10,109
2024-03-24 20:30:00,5,49,42,6,102
2024-03-24 20:40:00,0,42,33,5,80
2024-03-24 20:50:00,4,34,39,4,81
2024-03-24 21:00:00,4,37,31,4,76
2024-03-24 21:10:00,3,37,38,3,81
2024-03-24 21:20:00,2,41,29,3,75
2024-03-24 21:30:00,1,27,40,4,72
2024-03-24 21:40:00,0,28,26,9,63
2024-03-24 21:50:00,6,31,23,3,63
2024-03-24 22:00:00,2,27,37,4,70
2024-03-24 22:10:00,0,27,29,5,61
2024-03-24 22:20:00,2,30,17,6,55
2024-03-24 22:30:00,0,23,20,5,48
2024-03-24 22:40:00,2,16,19,5,42
2024-03-24 22:50:00,0,10,12,4,26
2024-03-24 23:00:00,0,12,17,1,30
2024-03-24 23:10:00,0,21,18,3,42
2024-03-24 23:20:00,1,10,23,5,39
2024-03-24 23:30:00,3,9,19,2,33
2024-03-24 23:40:00,0,13,14,3,30
2024-03-24 23:50:00,1,8,11,3,23
2024-03-25 00:00:00,0,10,9,3,22
2024-03-25 00:10:00,0,8,11,5,24
2024-03-25 00:20:00,0,10,4,2,16
2024-03-25 00:30:00,0,6,3,0,9
2024-03-25 00:40:00,0,12,3,2,17
2024-03-25 00:50:00,0,7,6,1,14
2024-03-25 01:00:00,0,3,6,2,11
2024-03-25 01:10:00,0,4,2,1,7
2024-03-25 01:20:00,0,3,4,1,8
2024-03-25 01:30:00,1,3,1,1,6
2024-03-25 01:40:00,0,6,2,1,9
2024-03-25 01:50:00,0,6,3,2,11
2024-03-25 02:00:00,0,5,1,1,7
2024-03-25 02:10:00,0,4,3,1,8
2024-03-25 02:20:00,0,0,2,1,3
2024-03-25 02:30:00,0,6,5,1,12
2024-03-25 02:40:00,0,6,3,2,11
2024-03-25 02:50:00,1,6,6,3,16
2024-03-25 03:00:00,1,3,4,2,10
2024-03-25 03:10:00,0,4,2,0,6
2024-03-25 03:20:00,1,6,0,1,8
2024-03-25 03:30:00,0,4,3,2,9
2024-03-25 03:40:00,1,6,4,2,13
2024-03-25 03:50:00,0,2,7,1,10
2024-03-25 04:00:00,0,4,4,4,12
2024-03-25 04:10:00,0,6,7,1,14
2024-03-25 04:20:00,0,11,15,5,31
2024-03-25 04:30:00,2,6,16,6,30
2024-03-25 04:40:00,1,7,8,5,21
2024-03-25 04:50:00,0,9,18,2,29
2024-03-25 05:00:00,2,14,27,4,47
2024-03-25 05:10:00,3,21,23,4,51
2024-03-25 05:20:00,0,25,36,4,65
2024-03-25 05:30:00,4,31,57,18,110
2024-03-25 05:40:00,7,46,44,12,109
2024-03-25 05:50:00,9,32,55,10,106
2024-03-25 06:00:00,8,45,58,9,120
2024-03-25 06:10:00,9,48,57,11,125
2024-03-25 06:20:00,4,75,80,7,166
2024-03-25 06:30:00,5,75,84,8,172
2024-03-25 06:40:00,8,90,87,13,198
2024-03-25 06:50:00,2,86,86,4,178
2024-03-25 07:00:00,4,79,80,9,172
2024-03-25 07:10:00,7,99,108,16,230
2024-03-25 07:20:00,15,91,115,8,229
2024-03-25 07:30:00,14,87,141,17,259
2024-03-25 07:40:00,6,109,125,17,257
2024-03-25 07:50:00,7,118,113,15,253
2024-03-25 08:00:00,8,79,97,10,194
2024-03-25 08:10:00,12,80,126,18,236
2024-03-25 08:20:00,13,92,124,9,238
2024-03-25 08:30:00,14,98,105,19,236
2024-03-25 08:40:00,12,112,105,18,247
2024-03-25 08:50:00,13,107,118,13,251
2024-03-25 09:00:00,9,96,92,14,211
2024-03-25 09:10:00,8,77,100,12,197
2024-03-25 09:20:00,12,89,96,9,206
2024-03-25 09:30:00,11,92,124,15,242
2024-03-25 09:40:00,11,118,139,12,280
2024-03-25 09:50:00,8,123,121,10,262
2024-03-25 10:00:00,12,106,133,10,261
2024-03-25 10:10:00,12,99,96,10,217
2024-03-25 10:20:00,9,121,114,10,254
2024-03-25 10:30:00,12,118,110,10,250
2024-03-25 10:40:00,15,115,125,13,268
2024-03-25 10:50:00,13,110,104,12,239
2024-03-25 11:00:00,7,105,109,11,232
2024-03-25 11:10:00,13,113,129,12,267
2024-03-25 11:20:00,10,88,98,9,205
2024-03-25 11:30:00,8,129,125,13,275
2024-03-25 11:40:00,10,116,100,10,236
2024-03-25 11:50:00,11,108,122,15,256
2024-03-25 12:00:00,9,107,114,13,243
2024-03-25 12:10:00,15,128,112,13,268
2024-03-25 12:20:00,14,115,128,14,271
2024-03-25 12:30:00,17,114,114,13,258
2024-03-25 12:40:00,10,105,122,14,251
2024-03-25 12:50:00,6,92,121,6,225
2024-03-25 13:00:00,14,97,97,5,213
2024-03-25 13:10:00,11,107,121,12,251
2024-03-25 13:20:00,6,106,112,10,234
2024-03-25 13:30:00,10,111,119,15,255
2024-03-25 13:40:00,12,95,112,10,229
2024-03-25 13:50:00,21,118,89,7,235
2024-03-25 14:00:00,21,114,131,11,277
2024-03-25 14:10:00,9,117,102,9,237
2024-03-25 14:20:00,17,124,131,8,280
2024-03-25 14:30:00,13,124,104,10,251
2024-03-25 14:40:00,15,120,116,12,263
2024-03-25 14:50:00,9,115,111,9,244
2024-03-25 15:00:00,12,127,113,13,265
2024-03-25 15:10:00,19,145,129,10,303
2024-03-25 15:20:00,13,129,128,13,283
2024-03-25 15:30:00,22,115,141,17,295
2024-03-25 15:40:00,19,134,125,14,292
2024-03-25 15:50:00,28,142,153,17,340
2024-03-25 16:00:00,22,136,132,13,303
2024-03-25 16:10:00,14,140,151,9,314
2024-03-25 16:20:00,14,162,137,5,318
2024-03-25 16:30:00,18,147,141,11,317
2024-03-25 16:40:00,14,149,144,5,312
2024-03-25 16:50:00,13,147,106,13,279
2024-03-25 17:00:00,13,155,134,9,311
2024-03-25 17:10:00,13,139,159,11,322
2024-03-25 17:20:00,15,144,135,11,305
2024-03-25 17:30:00,16,154,132,9,311
2024-03-25 17:40:00,8,138,121,11,278
2024-03-25 17:50:00,7,129,127,19,282
2024-03-25 18:00:00,12,120,109,9,250
2024-03-25 18:10:00,6,131,148,16,301
2024-03-25 18:20:00,14,116,114,8,252
2024-03-25 18:30:00,7,106,109,10,232
2024-03-25 18:40:00,9,94,114,7,224
2024-03-25 18:50:00,5,93,96,12,206
2024-03-25 19:00:00,9,94,96,10,209
2024-03-25 19:10:00,4,87,99,17,207
2024-03-25 19:20:00,12,59,93,8,172
2024-03-25 19:30:00,5,71,67,7,150
2024-03-25 19:40:00,3,67,67,16,153
2024-03-25 19:50:00,4,51,88,7,150
2024-03-25 20:00:00,8,54,63,13,138
2024-03-25 20:10:00,3,58,69,19,149
2024-03-25 20:20:00,0,44,54,6,104
2024-03-25 20:30:00,4,57,56,6,123
2024-03-25 20:40:00,4,60,55,9,128
2024-03-25 20:50:00,5,44,35,5,89
2024-03-25 21:00:00,1,36,42,11,90
2024-03-25 21:10:00,1,49,35,10,95
2024-03-25 21:20:00,4,41,51,8,104
2024-03-25 21:30:00,5,30,36,8,79
2024-03-25 21:40:00,3,38,26,8,75
2024-03-25 21:50:00,18,25,28,4,75
2024-03-25 22:00:00,3,35,31,5,74
2024-03-25 22:10:00,3,42,27,7,79
2024-03-25 22:20:00,1,26,17,8,52
2024-03-25 22:30:00,0,32,23,6,61
2024-03-25 22:40:00,1,28,17,5,51
2024-03-25 22:50:00,1,31,24,9,65
2024-03-25 23:00:00,0,30,14,5,49
2024-03-25 23:10:00,4,26,22,4,56
2024-03-25 23:20:00,0,20,21,11,52
2024-03-25 23:30:00,0,16,9,3,28
2024-03-25 23:40:00,0,13,18,1,32
2024-03-25 23:50:00,0,13,18,9,40
2024-03-26 00:00:00,0,12,7,2,21
2024-03-26 00:10:00,0,4,9,2,15
2024-03-26 00:20:00,1,14,7,3,25
2024-03-26 00:30:00,1,9,4,3,17
2024-03-26 00:40:00,0,8,8,4,20
2024-03-26 00:50:00,0,10,4,2,16
2024-03-26 01:00:00,0,4,5,2,11
2024-03-26 01:10:00,0,4,3,1,8
2024-03-26 01:20:00,0,8,2,2,12
2024-03-26 01:30:00,0,3,5,2,10
2024-03-26 01:40:00,0,3,3,4,10
2024-03-26 01:50:00,0,8,4,2,14
2024-03-26 02:00:00,0,5,5,3,13
2024-03-26 02:10:00,0,3,1,1,5
2024-03-26 02:20:00,0,1,5,2,8
2024-03-26 02:30:00,0,7,6,2,15
2024-03-26 02:40:00,1,5,6,1,13
2024-03-26 02:50:00,1,6,3,3,13
2024-03-26 03:00:00,0,5,5,1,11
2024-03-26 03:10:00,0,6,5,3,14
2024-03-26 03:20:00,0,6,1,1,8
2024-03-26 03:30:00,1,7,4,3,15
2024-03-26 03:40:00,1,3,2,1,7
2024-03-26 03:50:00,1,3,6,4,14
2024-03-26 04:00:00,1,7,6,4,18
2024-03-26 04:10:00,0,3,10,3,16
2024-03-26 04:20:00,1,11,6,4,22
2024-03-26 04:30:00,0,3,10,3,16
2024-03-26 04:40:00,1,10,20,9,40
2024-03-26 04:50:00,0,7,19,4,30
2024-03-26 05:00:00,1,15,20,5,41
2024-03-26 05:10:00,3,20,28,4,55
2024-03-26 05:20:00,7,30,43,8,88
2024-03-26 05:30:00,5,34,55,14,108
2024-03-26 05:40:00,12,31,52,6,101
2024-03-26 05:50:00,11,38,54,6,109
2024-03-26 06:00:00,6,38,64,10,118
2024-03-26 06:10:00,5,65,79,8,157
2024-03-26 06:20:00,4,66,73,3,146
2024-03-26 06:30:00,9,81,86,11,187
2024-03-26 06:40:00,10,89,86,6,191
2024-03-26 06:50:00,8,86,88,16,198
2024-03-26 07:00:00,4,82,92,10,188
2024-03-26 07:10:00,6,79,94,13,192
2024-03-26 07:20:00,7,93,119,7,226
2024-03-26 07:30:00,11,79,127,15,232
2024-03-26 07:40:00,6,99,129,10,244
2024-03-26 07:50:00,11,123,98,13,245
2024-03-26 08:00:00,5,79,138,19,241
2024-03-26 08:10:00,16,99,122,10,247
2024-03-26 08:20:00,13,100,103,9,225
2024-03-26 08:30:00,8,88,113,9,218
2024-03-26 08:40:00,13,118,118,13,262
2024-03-26 08:50:00,7,106,98,10,221
2024-03-26 09:00:00,11,81,99,10,201
2024-03-26 09:10:00,9,92,100,13,214
2024-03-26 09:20:00,5,101,97,10,213
2024-03-26 09:30:00,7,90,97,11,205
2024-03-26 09:40:00,10,122,111,15,258
2024-03-26 09:50:00,7,109,114,11,241
2024-03-26 10:00:00,17,119,104,12,252
2024-03-26 10:10:00,10,106,142,8,266
2024-03-26 10:20:00,11,111,105,10,237
2024-03-26 10:30:00,13,113,103,18,247
2024-03-26 10:40:00,8,96,108,9,221
2024-03-26 10:50:00,8,100,101,11,220
2024-03-26 11:00:00,14,95,121,9,239
2024-03-26 11:10:00,12,96,120,6,234
2024-03-26 11:20:00,17,117,114,16,264
2024-03-26 11:30:00,10,116,126,8,260
2024-03-26 11:40:00,8,127,107,10,252
2024-03-26 11:50:00,15,136,95,3,249
2024-03-26 12:00:00,18,102,91,5,216
2024-03-26 12:10:00,18,109,117,14,258
2024-03-26 12:20:00,8,90,100,11,209
2024-03-26 12:30:00,18,116,97,5,236
2024-03-26 12:40:00,6,124,98,10,238
2024-03-26 12:50:00,7,104,124,17,252
2024-03-26 13:00:00,7,92,106,13,218
2024-03-26 13:10:00,12,107,120,17,256
2024-03-26 13:20:00,14,109,118,5,246
2024-03-26 13:30:00,9,103,83,16,211
2024-03-26 13:40:00,17,114,112,12,255
2024-03-26 13:50:00,25,99,115,12,251
2024-03-26 14:00:00,21,129,123,12,285
2024-03-26 14:10:00,11,137,113,8,269
2024-03-26 14:20:00,15,125,113,11,264
2024-03-26 14:30:00,14,103,119,8,244
2024-03-26 14:40:00,13,143,124,4,284
2024-03-26 14:50:00,12,123,124,11,270
2024-03-26 15:00:00,14,126,126,11,277
2024-03-26 15:10:00,14,117,119,11,261
2024-03-26 15:20:00,14,139,128,11,292
2024-03-26 15:30:00,29,116,142,6,293
2024-03-26 15:40:00,14,155,162,10,341
2024-03-26 15:50:00,25,136,147,8,316
2024-03-26 16:00:00,21,138,152,13,324
2024-03-26 16:10:00,20,129,153,9,311
2024-03-26 16:20:00,17,138,138,6,299
2024-03-26 16:30:00,18,138,121,9,286
2024-03-26 16:40:00,12,144,142,9,307
2024-03-26 16:50:00,15,149,138,7,309
2024-03-26 17:00:00,18,159,143,12,332
2024-03-26 17:10:00,11,138,128,6,283
2024-03-26 17:20:00,12,132,144,7,295
2024-03-26 17:30:00,8,137,143,12,300
2024-03-26 17:40:00,11,142,136,15,304
2024-03-26 17:50:00,11,141,97,14,263
2024-03-26 18:00:00,14,113,147,9,283
2024-03-26 18:10:00,13,114,114,10,251
2024-03-26 18:20:00,10,116,124,7,257
2024-03-26 18:30:00,10,134,111,10,265
2024-03-26 18:40:00,6,100,112,12,230
2024-03-26 18:50:00,6,111,88,13,218
2024-03-26 19:00:00,4,72,92,9,177
2024-03-26 19:10:00,1,75,81,10,167
2024-03-26 19:20:00,6,77,76,8,167
2024-03-26 19:30:00,8,71,80,6,165
2024-03-26 19:40:00,4,63,68,11,146
2024-03-26 19:50:00,3,65,64,6,138
2024-03-26 20:00:00,8,49,65,11,133
2024-03-26 20:10:00,6,68,48,9,131
2024-03-26 20:20:00,3,62,41,9,115
2024-03-26 20:30:00,3,38,71,10,122
2024-03-26 20:40:00,0,70,51,10,131
2024-03-26 20:50:00,4,48,43,9,104
2024-03-26 21:00:00,5,43,55,5,108
2024-03-26 21:10:00,1,33,49,7,90
2024-03-26 21:20:00,4,39,29,9,81
2024-03-26 21:30:00,2,35,42,9,88
2024-03-26 21:40:00,9,32,44,4,89
2024-03-26 21:50:00,9,30,38,8,85
2024-03-26 22:00:00,4,33,26,3,66
2024-03-26 22:10:00,2,32,26,6,66
2024-03-26 22:20:00,2,34,23,3,62
2024-03-26 22:30:00,1,22,16,5,44
2024-03-26 22:40:00,2,24,27,5,58
2024-03-26 22:50:00,0,36,19,8,63
2024-03-26 23:00:00,0,18,21,3,42
2024-03-26 23:10:00,1,18,14,6,39
2024-03-26 23:20:00,0,19,19,4,42
2024-03-26 23:30:00,0,12,14,5,31
2024-03-26 23:40:00,1,21,11,7,40
2024-03-26 23:50:00,3,14,13,7,37
2024-03-27 00:00:00,1,16,8,0,25
2024-03-27 00:10:00,0,5,8,6,19
2024-03-27 00:20:00,1,10,5,5,21
2024-03-27 00:30:00,0,12,5,3,20
2024-03-27 00:40:00,0,7,5,5,17
2024-03-27 00:50:00,1,9,4,1,15
2024-03-27 01:00:00,0,8,4,4,16
2024-03-27 01:10:00,0,7,6,3,16
2024-03-27 01:20:00,0,7,2,3,12
2024-03-27 01:30:00,1,7,7,3,18
2024-03-27 01:40:00,0,3,5,2,10
2024-03-27 01:50:00,0,5,3,1,9
2024-03-27 02:00:00,0,6,6,2,14
2024-03-27 02:10:00,0,4,1,0,5
2024-03-27 02:20:00,1,3,1,0,5
2024-03-27 02:30:00,0,4,3,0,7
2024-03-27 02:40:00,0,3,4,1,8
2024-03-27 02:50:00,0,3,3,0,6
2024-03-27 03:00:00,2,5,5,3,15
2024-03-27 03:10:00,3,6,3,1,13
2024-03-27 03:20:00,0,6,2,1,9
2024-03-27 03:30:00,0,3,6,2,11
2024-03-27 03:40:00,1,7,6,2,16
2024-03-27 03:50:00,0,4,4,4,12
2024-03-27 04:00:00,0,5,3,3,11
2024-03-27 04:10:00,1,3,11,5,20
2024-03-27 04:20:00,0,6,8,4,18
2024-03-27 04:30:00,1,12,5,5,23
2024-03-27 04:40:00,0,5,11,6,22
2024-03-27 04:50:00,0,15,16,4,35
2024-03-27 05:00:00,3,14,22,5,44
2024-03-27 05:10:00,2,14,31,6,53
2024-03-27 05:20:00,3,23,34,5,65
2024-03-27 05:30:00,2,31,62,4,99
2024-03-27 05:40:00,9,45,64,10,128
2024-03-27 05:50:00,8,36,59,8,111
2024-03-27 06:00:00,7,41,69,13,130
2024-03-27 06:10:00,7,56,62,11,136
2024-03-27 06:20:00,4,70,84,8,166
2024-03-27 06:30:00,3,68,86,13,170
2024-03-27 06:40:00,11,84,85,12,192
2024-03-27 06:50:00,5,102,81,10,198
2024-03-27 07:00:00,6,79,84,13,182
2024-03-27 07:10:00,5,52,83,8,148
2024-03-27 07:20:00,10,81,100,10,201
2024-03-27 07:30:00,12,85,130,10,237
2024-03-27 07:40:00,10,96,131,13,250
2024-03-27 07:50:00,6,99,111,16,232
2024-03-27 08:00:00,18,76,105,9,208
2024-03-27 08:10:00,10,83,122,8,223
2024-03-27 08:20:00,11,97,102,10,220
2024-03-27 08:30:00,11,83,99,10,203
2024-03-27 08:40:00,12,98,102,9,221
2024-03-27 08:50:00,8,112,95,14,229
2024-03-27 09:00:00,11,106,99,8,224
2024-03-27 09:10:00,7,92,115,11,225
2024-03-27 09:20:00,15,115,114,11,255
2024-03-27 09:30:00,12,96,129,13,250
2024-03-27 09:40:00,13,107,103,14,237
2024-03-27 09:50:00,11,116,87,11,225
2024-03-27 10:00:00,11,108,113,12,244
2024-03-27 10:10:00,6,106,116,13,241
2024-03-27 10:20:00,6,100,113,12,231
2024-03-27 10:30:00,12,112,123,13,260
2024-03-27 10:40:00,7,99,93,9,208
2024-03-27 10:50:00,15,107,125,13,260
2024-03-27 11:00:00,10,100,96,9,215
2024-03-27 11:10:00,13,109,125,17,264
2024-03-27 11:20:00,13,126,110,10,259
2024-03-27 11:30:00,10,104,121,10,245
2024-03-27 11:40:00,11,121,111,5,248
2024-03-27 11:50:00,8,142,131,14,295
2024-03-27 12:00:00,9,117,119,7,252
2024-03-27 12:10:00,13,92,117,4,226
2024-03-27 12:20:00,10,113,139,20,282
2024-03-27 12:30:00,12,98,110,7,227
2024-03-27 12:40:00,11,118,126,6,261
2024-03-27 12:50:00,16,128,130,12,286
2024-03-27 13:00:00,9,118,125,9,261
2024-03-27 13:10:00,9,121,103,8,241
2024-03-27 13:20:00,8,115,109,13,245
2024-03-27 13:30:00,15,118,121,6,260
2024-03-27 13:40:00,11,124,112,15,262
2024-03-27 13:50:00,21,115,107,3,246
2024-03-27 14:00:00,17,112,115,17,261
2024-03-27 14:10:00,6,150,148,11,315
2024-03-27 14:20:00,14,124,90,5,233
2024-03-27 14:30:00,10,115,131,6,262
2024-03-27 14:40:00,13,125,102,7,247
2024-03-27 14:50:00,11,136,128,11,286
2024-03-27 15:00:00,26,129,133,7,295
2024-03-27 15:10:00,16,127,117,8,268
2024-03-27 15:20:00,20,136,118,10,284
2024-03-27 15:30:00,23,136,134,11,304
2024-03-27 15:40:00,16,144,145,10,315
2024-03-27 15:50:00,14,141,147,12,314
2024-03-27 16:00:00,16,135,128,14,293
2024-03-27 16:10:00,14,137,127,11,289
2024-03-27 16:20:00,20,143,135,4,302
2024-03-27 16:30:00,18,150,136,13,317
2024-03-27 16:40:00,20,143,140,10,313
2024-03-27 16:50:00,10,152,118,10,290
2024-03-27 17:00:00,17,132,137,8,294
2024-03-27 17:10:00,16,148,140,10,314
2024-03-27 17:20:00,11,139,154,10,314
2024-03-27 17:30:00,9,158,148,12,327
2024-03-27 17:40:00,13,137,143,8,301
2024-03-27 17:50:00,9,121,144,13,287
2024-03-27 18:00:00,11,119,133,7,270
2024-03-27 18:10:00,5,122,142,10,279
2024-03-27 18:20:00,8,119,122,6,255
2024-03-27 18:30:00,11,99,110,13,233
2024-03-27 18:40:00,6,125,115,9,255
2024-03-27 18:50:00,8,108,109,4,229
2024-03-27 19:00:00,12,83,95,9,199
2024-03-27 19:10:00,5,79,77,10,171
2024-03-27 19:20:00,5,73,94,6,178
2024-03-27 19:30:00,4,75,83,9,171
2024-03-27 19:40:00,3,57,88,9,157
2024-03-27 19:50:00,3,60,89,7,159
2024-03-27 20:00:00,15,53,61,10,139
2024-03-27 20:10:00,9,72,72,9,162
2024-03-27 20:20:00,3,71,65,7,146
2024-03-27 20:30:00,3,49,56,9,117
2024-03-27 20:40:00,3,49,48,1,101
2024-03-27 20:50:00,3,48,66,9,126
2024-03-27 21:00:00,0,34,54,8,96
2024-03-27 21:10:00,2,50,49,7,108
2024-03-27 21:20:00,3,63,45,10,121
2024-03-27 21:30:00,3,48,56,8,115
2024-03-27 21:40:00,6,38,44,5,93
2024-03-27 21:50:00,11,33,44,3,91
2024-03-27 22:00:00,1,45,42,12,100
2024-03-27 22:10:00,2,38,32,4,76
2024-03-27 22:20:00,4,35,26,8,73
2024-03-27 22:30:00,2,38,36,4,80
2024-03-27 22:40:00,1,36,19,9,65
2024-03-27 22:50:00,1,33,21,4,59
2024-03-27 23:00:00,1,36,17,3,57
2024-03-27 23:10:00,0,17,21,3,41
2024-03-27 23:20:00,1,18,16,4,39
2024-03-27 23:30:00,3,19,12,6,40
2024-03-27 23:40:00,2,18,12,5,37
2024-03-27 23:50:00,0,16,13,6,35
2024-03-28 00:00:00,0,8,9,2,19
2024-03-28 00:10:00,0,8,6,5,19
2024-03-28 00:20:00,1,8,13,8,30
2024-03-28 00:30:00,0,8,7,4,19
2024-03-28 00:40:00,0,8,8,5,21
2024-03-28 00:50:00,1,6,5,2,14
2024-03-28 01:00:00,0,8,12,4,24
2024-03-28 01:10:00,0,4,2,3,9
2024-03-28 01:20:00,0,6,5,2,13
2024-03-28 01:30:00,0,6,3,2,11
2024-03-28 01:40:00,0,10,4,1,15
2024-03-28 01:50:00,0,5,6,4,15
2024-03-28 02:00:00,0,4,4,2,10
2024-03-28 02:10:00,1,9,5,3,18
2024-03-28 02:20:00,0,3,7,2,12
2024-03-28 02:30:00,0,6,4,2,12
2024-03-28 02:40:00,2,2,6,1,11
2024-03-28 02:50:00,2,5,6,1,14
2024-03-28 03:00:00,0,7,3,0,10
2024-03-28 03:10:00,1,4,4,1,10
2024-03-28 03:20:00,0,8,4,2,14
2024-03-28 03:30:00,0,2,2,2,6
2024-03-28 03:40:00,0,2,7,2,11
2024-03-28 03:50:00,1,3,3,0,7
2024-03-28 04:00:00,0,5,7,3,15
2024-03-28 04:10:00,0,1,8,3,12
2024-03-28 04:20:00,0,7,6,2,15
2024-03-28 04:30:00,1,8,12,5,26
2024-03-28 04:40:00,2,11,10,6,29
2024-03-28 04:50:00,0,16,20,6,42
2024-03-28 05:00:00,1,13,28,7,49
2024-03-28 05:10:00,2,11,30,6,49
2024-03-28 05:20:00,2,30,31,6,69
2024-03-28 05:30:00,3,37,58,9,107
2024-03-28 05:40:00,10,41,60,6,117
2024-03-28 05:50:00,10,42,56,10,118
2024-03-28 06:00:00,5,42,61,9,117
2024-03-28 06:10:00,5,49,61,10,125
2024-03-28 06:20:00,2,55,77,6,140
2024-03-28 06:30:00,4,62,70,6,142
2024-03-28 06:40:00,7,85,59,8,159
2024-03-28 06:50:00,7,89,76,8,180
2024-03-28 07:00:00,5,91,86,11,193
2024-03-28 07:10:00,8,90,136,14,248
2024-03-28 07:20:00,9,97,114,9,229
2024-03-28 07:30:00,7,93,103,8,211
2024-03-28 07:40:00,13,95,123,11,242
2024-03-28 07:50:00,12,119,111,11,253
2024-03-28 08:00:00,9,98,103,12,222
2024-03-28 08:10:00,15,72,141,14,242
2024-03-28 08:20:00,12,125,107,7,251
2024-03-28 08:30:00,18,110,117,10,255
2024-03-28 08:40:00,13,113,107,9,242
2024-03-28 08:50:00,13,120,105,15,253
2024-03-28 09:00:00,10,104,93,9,216
2024-03-28 09:10:00,4,117,122,14,257
2024-03-28 09:20:00,10,119,125,14,268
2024-03-28 09:30:00,9,109,122,10,250
2024-03-28 09:40:00,10,113,141,10,274
2024-03-28 09:50:00,10,143,106,7,266
2024-03-28 10:00:00,13,118,116,11,258
2024-03-28 10:10:00,9,115,139,20,283
2024-03-28 10:20:00,7,135,130,10,282
2024-03-28 10:30:00,9,127,136,12,284
2024-03-28 10:40:00,9,128,109,7,253
2024-03-28 10:50:00,17,127,131,12,287
2024-03-28 11:00:00,10,131,123,8,272
2024-03-28 11:10:00,11,127,126,13,277
2024-03-28 11:20:00,9,125,109,7,250
2024-03-28 11:30:00,13,123,134,13,283
2024-03-28 11:40:00,20,123,144,6,293
2024-03-28 11:50:00,9,123,126,7,265
2024-03-28 12:00:00,16,135,137,6,294
2024-03-28 12:10:00,16,141,148,7,312
2024-03-28 12:20:00,10,106,141,10,267
2024-03-28 12:30:00,12,107,129,12,260
2024-03-28 12:40:00,11,144,130,9,294
2024-03-28 12:50:00,13,128,124,11,276
2024-03-28 13:00:00,17,136,118,6,277
2024-03-28 13:10:00,13,136,122,7,278
2024-03-28 13:20:00,12,128,125,8,273
2024-03-28 13:30:00,7,134,124,16,281
2024-03-28 13:40:00,11,124,131,9,275
2024-03-28 13:50:00,23,100,130,12,265
2024-03-28 14:00:00,17,94,112,13,236
2024-03-28 14:10:00,15,0,128,10,153
2024-03-28 14:20:00,11,1,127,7,146
2024-03-28 14:30:00,9,150,146,8,313
2024-03-28 14:40:00,9,156,153,10,328
2024-03-28 14:50:00,11,134,154,10,309
2024-03-28 15:00:00,14,144,121,6,285
2024-03-28 15:10:00,8,164,127,9,308
2024-03-28 15:20:00,23,153,149,5,330
2024-03-28 15:30:00,19,146,135,10,310
2024-03-28 15:40:00,9,161,158,14,342
2024-03-28 15:50:00,18,157,134,10,319
2024-03-28 16:00:00,15,159,148,12,334
2024-03-28 16:10:00,13,155,140,10,318
2024-03-28 16:20:00,12,151,155,5,323
2024-03-28 16:30:00,17,150,121,10,298
2024-03-28 16:40:00,17,149,132,5,303
2024-03-28 16:50:00,19,148,141,7,315
2024-03-28 17:00:00,18,154,131,8,311
2024-03-28 17:10:00,16,150,142,8,316
2024-03-28 17:20:00,15,156,146,8,325
2024-03-28 17:30:00,15,156,123,7,301
2024-03-28 17:40:00,10,157,147,11,325
2024-03-28 17:50:00,15,166,117,4,302
2024-03-28 18:00:00,21,153,124,9,307
2024-03-28 18:10:00,8,125,144,16,293
2024-03-28 18:20:00,9,126,132,8,275
2024-03-28 18:30:00,6,119,130,16,271
2024-03-28 18:40:00,9,124,130,8,271
2024-03-28 18:50:00,9,112,121,10,252
2024-03-28 19:00:00,6,79,102,14,201
2024-03-28 19:10:00,3,112,108,17,240
2024-03-28 19:20:00,7,74,94,9,184
2024-03-28 19:30:00,10,86,101,19,216
2024-03-28 19:40:00,4,84,90,8,186
2024-03-28 19:50:00,9,71,127,8,215
2024-03-28 20:00:00,8,74,105,11,198
2024-03-28 20:10:00,9,68,95,10,182
2024-03-28 20:20:00,2,82,88,9,181
2024-03-28 20:30:00,5,59,71,10,145
2024-03-28 20:40:00,5,71,66,11,153
2024-03-28 20:50:00,1,51,68,8,128
2024-03-28 21:00:00,2,54,42,7,105
2024-03-28 21:10:00,4,50,61,6,121
2024-03-28 21:20:00,5,62,61,6,134
2024-03-28 21:30:00,3,63,49,6,121
2024-03-28 21:40:00,2,52,45,9,108
2024-03-28 21:50:00,13,47,56,1,117
2024-03-28 22:00:00,1,47,46,8,102
2024-03-28 22:10:00,3,50,31,6,90
2024-03-28 22:20:00,4,47,37,10,98
2024-03-28 22:30:00,4,39,30,2,75
2024-03-28 22:40:00,3,45,19,5,72
2024-03-28 22:50:00,0,38,32,7,77
2024-03-28 23:00:00,1,33,27,6,67
2024-03-28 23:10:00,5,32,30,6,73
2024-03-28 23:20:00,0,32,21,5,58
2024-03-28 23:30:00,4,19,29,3,55
2024-03-28 23:40:00,2,16,19,1,38
2024-03-28 23:50:00,2,23,14,8,47
2024-03-29 00:00:00,0,21,13,6,40
2024-03-29 00:10:00,0,12,9,9,30
2024-03-29 00:20:00,1,18,7,3,29
2024-03-29 00:30:00,0,12,13,3,28
2024-03-29 00:40:00,0,15,8,3,26
2024-03-29 00:50:00,1,11,12,5,29
2024-03-29 01:00:00,1,11,12,3,27
2024-03-29 01:10:00,2,14,14,3,33
2024-03-29 01:20:00,0,9,10,7,26
2024-03-29 01:30:00,0,14,9,3,26
2024-03-29 01:40:00,2,12,7,1,22
2024-03-29 01:50:00,1,8,8,3,20
2024-03-29 02:00:00,0,7,9,4,20
2024-03-29 02:10:00,0,10,5,2,17
2024-03-29 02:20:00,0,12,7,3,22
2024-03-29 02:30:00,0,6,7,2,15
2024-03-29 02:40:00,0,12,4,3,19
2024-03-29 02:50:00,0,3,5,0,8
2024-03-29 03:00:00,0,4,3,4,11
2024-03-29 03:10:00,0,6,2,1,9
2024-03-29 03:20:00,1,6,5,1,13
2024-03-29 03:30:00,0,5,4,3,12
2024-03-29 03:40:00,0,5,11,3,19
2024-03-29 03:50:00,0,8,2,1,11
2024-03-29 04:00:00,0,6,8,1,15
2024-03-29 04:10:00,0,3,4,3,10
2024-03-29 04:20:00,0,1,8,4,13
2024-03-29 04:30:00,0,6,5,2,13
2024-03-29 04:40:00,2,1,5,2,10
2024-03-29 04:50:00,2,7,9,2,20
2024-03-29 05:00:00,2,4,9,2,17
2024-03-29 05:10:00,6,12,11,5,34
2024-03-29 05:20:00,2,5,13,2,22
2024-03-29 05:30:00,2,11,18,3,34
2024-03-29 05:40:00,5,6,7,4,22
2024-03-29 05:50:00,7,10,10,1,28
2024-03-29 06:00:00,0,5,9,1,15
2024-03-29 06:10:00,0,15,14,6,35
2024-03-29 06:20:00,0,10,13,3,26
2024-03-29 06:30:00,0,9,8,0,17
2024-03-29 06:40:00,0,16,15,7,38
2024-03-29 06:50:00,0,20,8,2,30
2024-03-29 07:00:00,0,7,15,2,24
2024-03-29 07:10:00,1,11,17,3,32
2024-03-29 07:20:00,1,9,7,1,18
2024-03-29 07:30:00,0,7,14,1,22
2024-03-29 07:40:00,3,11,6,3,23
2024-03-29 07:50:00,1,15,13,2,31
2024-03-29 08:00:00,3,12,10,2,27
2024-03-29 08:10:00,1,16,20,2,39
2024-03-29 08:20:00,1,6,14,7,28
2024-03-29 08:30:00,6,17,15,4,42
2024-03-29 08:40:00,2,29,28,9,68
2024-03-29 08:50:00,2,31,24,0,57
2024-03-29 09:00:00,3,11,23,6,43
2024-03-29 09:10:00,2,9,26,3,40
2024-03-29 09:20:00,3,13,33,2,51
2024-03-29 09:30:00,2,19,48,2,71
2024-03-29 09:40:00,0,25,43,4,72
2024-03-29 09:50:00,1,43,35,4,83
2024-03-29 10:00:00,5,38,31,3,77
2024-03-29 10:10:00,3,31,44,4,82
2024-03-29 10:20:00,0,35,32,5,72
2024-03-29 10:30:00,0,35,33,0,68
2024-03-29 10:40:00,2,34,43,4,83
2024-03-29 10:50:00,5,41,25,1,72
2024-03-29 11:00:00,5,39,54,5,103
2024-03-29 11:10:00,1,36,42,3,82
2024-03-29 11:20:00,1,41,52,1,95
2024-03-29 11:30:00,4,49,40,6,99
2024-03-29 11:40:00,2,54,53,4,113
2024-03-29 11:50:00,3,50,68,6,127
2024-03-29 12:00:00,6,66,46,5,123
2024-03-29 12:10:00,3,60,64,4,131
2024-03-29 12:20:00,4,61,68,0,133
2024-03-29 12:30:00,1,62,53,1,117
2024-03-29 12:40:00,4,60,45,5,114
2024-03-29 12:50:00,3,72,55,4,134
2024-03-29 13:00:00,5,94,71,7,177
2024-03-29 13:10:00,3,59,68,5,135
2024-03-29 13:20:00,2,71,86,4,163
2024-03-29 13:30:00,3,65,79,9,156
2024-03-29 13:40:00,7,53,77,3,140
2024-03-29 13:50:00,18,73,56,3,150
2024-03-29 14:00:00,1,60,82,4,147
2024-03-29 14:10:00,3,66,76,3,148
2024-03-29 14:20:00,1,63,69,5,138
2024-03-29 14:30:00,3,46,74,9,132
2024-03-29 14:40:00,3,58,74,9,144
2024-03-29 14:50:00,6,68,69,5,148
2024-03-29 15:00:00,2,48,62,7,119
2024-03-29 15:10:00,5,47,56,4,112
2024-03-29 15:20:00,3,61,49,2,115
2024-03-29 15:30:00,2,41,47,4,94
2024-03-29 15:40:00,2,43,51,6,102
2024-03-29 15:50:00,3,67,48,6,124
2024-03-29 16:00:00,6,45,60,3,114
2024-03-29 16:10:00,1,55,45,9,110
2024-03-29 16:20:00,5,49,63,1,118
2024-03-29 16:30:00,6,68,71,7,152
2024-03-29 16:40:00,8,54,53,3,118
2024-03-29 16:50:00,7,51,43,2,103
2024-03-29 17:00:00,6,45,50,1,102
2024-03-29 17:10:00,0,39,58,4,101
2024-03-29 17:20:00,7,44,70,4,125
2024-03-29 17:30:00,4,51,61,3,119
2024-03-29 17:40:00,1,78,54,10,143
2024-03-29 17:50:00,2,46,56,6,110
2024-03-29 18:00:00,7,62,73,6,148
2024-03-29 18:10:00,4,48,78,9,139
2024-03-29 18:20:00,6,52,50,9,117
2024-03-29 18:30:00,7,46,73,11,137
2024-03-29 18:40:00,4,61,50,4,119
2024-03-29 18:50:00,3,60,54,10,127
2024-03-29 19:00:00,0,48,52,5,105
2024-03-29 19:10:00,4,53,49,8,114
2024-03-29 19:20:00,4,43,46,4,97
2024-03-29 19:30:00,2,41,33,12,88
2024-03-29 19:40:00,8,58,48,8,122
2024-03-29 19:50:00,3,39,41,4,87
2024-03-29 20:00:00,6,30,35,2,73
2024-03-29 20:10:00,3,49,39,3,94
2024-03-29 20:20:00,3,37,38,3,81
2024-03-29 20:30:00,1,39,34,6,80
2024-03-29 20:40:00,2,48,31,7,88
2024-03-29 20:50:00,3,42,33,7,85
2024-03-29 21:00:00,2,32,35,5,74
2024-03-29 21:10:00,0,28,41,9,78
2024-03-29 21:20:00,2,35,32,12,81
2024-03-29 21:30:00,3,46,49,5,103
2024-03-29 21:40:00,3,39,42,7,91
2024-03-29 21:50:00,4,35,25,6,70
2024-03-29 22:00:00,3,24,33,4,64
2024-03-29 22:10:00,3,34,24,12,73
2024-03-29 22:20:00,2,29,22,4,57
2024-03-29 22:30:00,2,26,27,7,62
2024-03-29 22:40:00,0,25,20,6,51
2024-03-29 22:50:00,3,24,23,5,55
2024-03-29 23:00:00,0,24,25,6,55
2024-03-29 23:10:00,2,21,20,9,52
2024-03-29 23:20:00,0,24,19,8,51
2024-03-29 23:30:00,0,20,20,3,43
2024-03-29 23:40:00,1,20,20,4,45
2024-03-29 23:50:00,1,9,17,1,28
2024-03-30 00:00:00,0,8,18,4,30
2024-03-30 00:10:00,1,16,12,7,36
2024-03-30 00:20:00,0,10,18,2,30
2024-03-30 00:30:00,0,13,11,2,26
2024-03-30 00:40:00,0,16,15,5,36
2024-03-30 00:50:00,0,7,14,1,22
2024-03-30 01:00:00,0,21,7,7,35
2024-03-30 01:10:00,0,8,14,1,23
2024-03-30 01:20:00,1,13,11,3,28
2024-03-30 01:30:00,0,11,5,3,19
2024-03-30 01:40:00,0,10,7,1,18
2024-03-30 01:50:00,0,5,8,4,17
2024-03-30 02:00:00,2,8,9,0,19
2024-03-30 02:10:00,0,6,4,3,13
2024-03-30 02:20:00,0,6,5,2,13
2024-03-30 02:30:00,0,9,5,2,16
2024-03-30 02:40:00,0,13,6,5,24
2024-03-30 02:50:00,0,7,6,4,17
2024-03-30 03:00:00,0,2,3,1,6
2024-03-30 03:10:00,0,4,5,3,12
2024-03-30 03:20:00,0,7,5,2,14
2024-03-30 03:30:00,0,9,6,5,20
2024-03-30 03:40:00,1,6,6,1,14
2024-03-30 03:50:00,1,10,6,1,18
2024-03-30 04:00:00,0,3,4,3,10
2024-03-30 04:10:00,0,2,2,0,4
2024-03-30 04:20:00,1,6,7,2,16
2024-03-30 04:30:00,0,10,7,1,18
2024-03-30 04:40:00,1,10,14,5,30
2024-03-30 04:50:00,3,9,6,4,22
2024-03-30 05:00:00,3,7,24,2,36
2024-03-30 05:10:00,5,16,12,10,43
2024-03-30 05:20:00,1,12,11,4,28
2024-03-30 05:30:00,1,15,13,2,31
2024-03-30 05:40:00,15,13,21,6,55
2024-03-30 05:50:00,6,15,13,1,35
2024-03-30 06:00:00,3,16,11,2,32
2024-03-30 06:10:00,0,13,18,6,37
2024-03-30 06:20:00,0,19,13,0,32
2024-03-30 06:30:00,0,21,16,3,40
2024-03-30 06:40:00,2,25,18,3,48
2024-03-30 06:50:00,1,38,16,4,59
2024-03-30 07:00:00,0,35,12,3,50
2024-03-30 07:10:00,4,51,29,4,88
2024-03-30 07:20:00,3,37,25,2,67
2024-03-30 07:30:00,5,33,35,3,76
2024-03-30 07:40:00,5,60,46,9,120
2024-03-30 07:50:00,6,57,44,2,109
2024-03-30 08:00:00,2,51,47,7,107
2024-03-30 08:10:00,7,77,50,8,142
2024-03-30 08:20:00,3,49,58,4,114
2024-03-30 08:30:00,3,57,64,7,131
2024-03-30 08:40:00,5,78,75,16,174
2024-03-30 08:50:00,12,88,62,7,169
2024-03-30 09:00:00,6,77,75,6,164
2024-03-30 09:10:00,2,86,91,10,189
2024-03-30 09:20:00,11,81,102,9,203
2024-03-30 09:30:00,6,84,114,7,211
2024-03-30 09:40:00,5,102,129,11,247
2024-03-30 09:50:00,7,105,115,7,234
2024-03-30 10:00:00,9,103,106,4,222
2024-03-30 10:10:00,9,106,127,9,251
2024-03-30 10:20:00,8,122,128,2,260
2024-03-30 10:30:00,5,127,120,11,263
2024-03-30 10:40:00,6,133,145,8,292
2024-03-30 10:50:00,9,129,124,12,274
2024-03-30 11:00:00,10,98,120,7,235
2024-03-30 11:10:00,6,118,148,10,282
2024-03-30 11:20:00,10,109,136,5,260
2024-03-30 11:30:00,12,119,122,12,265
2024-03-30 11:40:00,10,136,134,10,290
2024-03-30 11:50:00,6,91,137,9,243
2024-03-30 12:00:00,6,101,128,8,243
2024-03-30 12:10:00,8,122,134,12,276
2024-03-30 12:20:00,10,98,132,2,242
2024-03-30 12:30:00,12,97,110,4,223
2024-03-30 12:40:00,9,116,139,8,272
2024-03-30 12:50:00,14,122,139,7,282
2024-03-30 13:00:00,11,118,114,5,248
2024-03-30 13:10:00,11,107,130,10,258
2024-03-30 13:20:00,15,95,126,10,246
2024-03-30 13:30:00,7,113,120,6,246
2024-03-30 13:40:00,17,118,102,4,241
2024-03-30 13:50:00,12,121,115,12,260
2024-03-30 14:00:00,5,106,139,8,258
2024-03-30 14:10:00,7,114,118,5,244
2024-03-30 14:20:00,8,124,123,13,268
2024-03-30 14:30:00,6,103,99,9,217
2024-03-30 14:40:00,7,95,113,7,222
2024-03-30 14:50:00,6,80,96,12,194
2024-03-30 15:00:00,4,77,109,8,198
2024-03-30 15:10:00,6,110,107,3,226
2024-03-30 15:20:00,4,88,111,9,212
2024-03-30 15:30:00,6,105,105,9,225
2024-03-30 15:40:00,3,97,86,11,197
2024-03-30 15:50:00,4,117,104,3,228
2024-03-30 16:00:00,3,101,105,8,217
2024-03-30 16:10:00,2,113,98,6,219
2024-03-30 16:20:00,2,110,81,5,198
2024-03-30 16:30:00,3,92,96,7,198
2024-03-30 16:40:00,18,100,96,6,220
2024-03-30 16:50:00,5,79,104,11,199
2024-03-30 17:00:00,13,95,96,8,212
2024-03-30 17:10:00,3,91,105,12,211
2024-03-30 17:20:00,5,89,103,6,203
2024-03-30 17:30:00,5,95,108,7,215
2024-03-30 17:40:00,6,90,87,4,187
2024-03-30 17:50:00,5,86,86,2,179
2024-03-30 18:00:00,5,70,92,15,182
2024-03-30 18:10:00,6,85,107,9,207
2024-03-30 18:20:00,5,81,91,4,181
2024-03-30 18:30:00,4,84,81,5,174
2024-03-30 18:40:00,5,74,80,8,167
2024-03-30 18:50:00,3,65,98,10,176
2024-03-30 19:00:00,3,81,84,12,180
2024-03-30 19:10:00,2,65,72,10,149
2024-03-30 19:20:00,3,63,87,7,160
2024-03-30 19:30:00,8,67,67,8,150
2024-03-30 19:40:00,2,67,74,14,157
2024-03-30 19:50:00,3,57,66,7,133
2024-03-30 20:00:00,10,59,56,7,132
2024-03-30 20:10:00,3,65,67,4,139
2024-03-30 20:20:00,3,54,63,9,129
2024-03-30 20:30:00,2,51,76,8,137
2024-03-30 20:40:00,2,54,60,8,124
2024-03-30 20:50:00,7,35,46,5,93
2024-03-30 21:00:00,1,38,55,8,102
2024-03-30 21:10:00,3,42,40,2,87
2024-03-30 21:20:00,4,53,39,8,104
2024-03-30 21:30:00,2,43,46,7,98
2024-03-30 21:40:00,2,26,49,5,82
2024-03-30 21:50:00,8,38,45,12,103
2024-03-30 22:00:00,7,33,43,7,90
2024-03-30 22:10:00,3,32,31,11,77
2024-03-30 22:20:00,1,41,32,9,83
2024-03-30 22:30:00,2,31,23,4,60
2024-03-30 22:40:00,4,27,18,2,51
2024-03-30 22:50:00,0,29,26,2,57
2024-03-30 23:00:00,1,30,36,11,78
2024-03-30 23:10:00,1,40,27,7,75
2024-03-30 23:20:00,4,25,23,12,64
2024-03-30 23:30:00,0,19,23,4,46
2024-03-30 23:40:00,0,28,19,7,54
2024-03-30 23:50:00,2,27,24,8,61
2024-03-31 00:00:00,1,22,18,4,45
2024-03-31 00:10:00,0,12,10,3,25
2024-03-31 00:20:00,1,15,12,6,34
2024-03-31 00:30:00,0,16,10,6,32
2024-03-31 00:40:00,2,20,15,4,41
2024-03-31 00:50:00,1,18,16,3,38
2024-03-31 01:00:00,2,14,18,4,38
2024-03-31 01:10:00,0,11,13,7,31
2024-03-31 01:20:00,0,12,8,3,23
2024-03-31 01:30:00,0,9,6,3,18
2024-03-31 01:40:00,0,4,9,5,18
2024-03-31 01:50:00,0,11,6,2,19
2024-03-31 02:00:00,0,0,0,0,0
2024-03-31 02:10:00,0,0,0,0,0
2024-03-31 02:20:00,0,0,0,0,0
2024-03-31 02:30:00,0,0,0,0,0
2024-03-31 02:40:00,0,0,0,0,0
2024-03-31 02:50:00,0,0,0,0,0
2024-03-31 03:00:00,0,15,6,4,25
2024-03-31 03:10:00,0,10,14,3,27
2024-03-31 03:20:00,0,13,5,0,18
2024-03-31 03:30:00,0,13,2,1,16
2024-03-31 03:40:00,0,10,11,5,26
2024-03-31 03:50:00,1,7,7,2,17
2024-03-31 04:00:00,0,13,12,5,30
2024-03-31 04:10:00,0,15,7,2,24
2024-03-31 04:20:00,1,10,5,1,17
2024-03-31 04:30:00,0,7,7,1,15
2024-03-31 04:40:00,0,6,9,6,21
2024-03-31 04:50:00,1,4,10,1,16
2024-03-31 05:00:00,0,6,11,1,18
2024-03-31 05:10:00,1,9,6,5,21
2024-03-31 05:20:00,2,10,14,4,30
2024-03-31 05:30:00,2,14,9,1,26
2024-03-31 05:40:00,6,6,10,5,27
2024-03-31 05:50:00,11,12,5,3,31
2024-03-31 06:00:00,0,10,13,2,25
2024-03-31 06:10:00,0,13,10,4,27
2024-03-31 06:20:00,1,6,5,2,14
2024-03-31 06:30:00,0,5,5,2,12
2024-03-31 06:40:00,0,16,8,6,30
2024-03-31 06:50:00,0,12,6,2,20
2024-03-31 07:00:00,2,8,9,5,24
2024-03-31 07:10:00,0,4,6,0,10
2024-03-31 07:20:00,0,10,4,1,15
2024-03-31 07:30:00,3,6,8,0,17
2024-03-31 07:40:00,0,8,10,1,19
2024-03-31 07:50:00,2,7,12,2,23
2024-03-31 08:00:00,1,10,6,2,19
2024-03-31 08:10:00,1,5,9,1,16
2024-03-31 08:20:00,2,6,10,0,18
2024-03-31 08:30:00,1,14,21,5,41
2024-03-31 08:40:00,2,18,21,7,48
2024-03-31 08:50:00,1,19,21,3,44
2024-03-31 09:00:00,3,20,24,7,54
2024-03-31 09:10:00,3,18,19,4,44
2024-03-31 09:20:00,5,16,36,2,59
2024-03-31 09:30:00,4,25,32,6,67
2024-03-31 09:40:00,4,25,45,6,80
2024-03-31 09:50:00,3,30,33,0,66
2024-03-31 10:00:00,0,39,46,2,87
2024-03-31 10:10:00,1,38,36,4,79
2024-03-31 10:20:00,6,33,42,6,87
2024-03-31 10:30:00,7,29,43,2,81
2024-03-31 10:40:00,4,47,51,4,106
2024-03-31 10:50:00,0,52,42,5,99
2024-03-31 11:00:00,4,48,44,3,99
2024-03-31 11:10:00,3,47,54,6,110
2024-03-31 11:20:00,2,59,47,3,111
2024-03-31 11:30:00,4,52,66,5,127
2024-03-31 11:40:00,5,57,68,7,137
2024-03-31 11:50:00,3,66,48,5,122
2024-03-31 12:00:00,6,68,61,7,142
2024-03-31 12:10:00,6,49,68,4,127
2024-03-31 12:20:00,7,53,69,2,131
2024-03-31 12:30:00,5,52,63,7,127
2024-03-31 12:40:00,0,72,55,4,131
2024-03-31 12:50:00,4,63,69,6,142
2024-03-31 13:00:00,5,65,53,8,131
2024-03-31 13:10:00,5,59,58,7,129
2024-03-31 13:20:00,6,61,56,9,132
2024-03-31 13:30:00,3,71,78,8,160
2024-03-31 13:40:00,12,63,67,2,144
2024-03-31 13:50:00,9,40,60,8,117
2024-03-31 14:00:00,7,73,60,10,150
2024-03-31 14:10:00,0,60,57,4,121
2024-03-31 14:20:00,1,59,61,10,131
2024-03-31 14:30:00,8,56,73,0,137
2024-03-31 14:40:00,8,80,72,8,168
2024-03-31 14:50:00,4,68,72,5,149
2024-03-31 15:00:00,7,84,70,4,165
2024-03-31 15:10:00,0,68,66,2,136
2024-03-31 15:20:00,17,58,54,3,132
2024-03-31 15:30:00,3,50,58,3,114
2024-03-31 15:40:00,3,49,66,5,123
2024-03-31 15:50:00,4,55,42,6,107
2024-03-31 16:00:00,2,63,59,4,128
2024-03-31 16:10:00,5,57,84,6,152
2024-03-31 16:20:00,3,44,70,2,119
2024-03-31 16:30:00,3,40,61,3,107
2024-03-31 16:40:00,9,80,74,4,167
2024-03-31 16:50:00,9,51,72,3,135
2024-03-31 17:00:00,1,52,67,4,124
2024-03-31 17:10:00,4,59,76,6,145
2024-03-31 17:20:00,2,56,88,2,148
2024-03-31 17:30:00,2,48,75,8,133
2024-03-31 17:40:00,6,69,67,4,146
2024-03-31 17:50:00,6,72,71,8,157
2024-03-31 18:00:00,6,59,75,5,145
2024-03-31 18:10:00,3,59,57,5,124
2024-03-31 18:20:00,2,45,63,7,117
2024-03-31 18:30:00,2,51,63,5,121
2024-03-31 18:40:00,3,61,65,6,135
2024-03-31 18:50:00,1,61,40,6,108
2024-03-31 19:00:00,2,60,72,6,140
2024-03-31 19:10:00,1,70,48,12,131
2024-03-31 19:20:00,5,53,55,5,118
2024-03-31 19:30:00,6,51,61,8,126
2024-03-31 19:40:00,3,62,64,4,133
2024-03-31 19:50:00,3,60,56,4,123
2024-03-31 20:00:00,6,40,48,4,98
2024-03-31 20:10:00,9,34,34,3,80
2024-03-31 20:20:00,1,43,38,7,89
2024-03-31 20:30:00,3,33,34,3,73
2024-03-31 20:40:00,3,32,48,5,88
2024-03-31 20:50:00,3,37,34,3,77
2024-03-31 21:00:00,3,50,40,5,98
2024-03-31 21:10:00,6,35,51,7,99
2024-03-31 21:20:00,3,41,27,10,81
2024-03-31 21:30:00,3,39,39,6,87
2024-03-31 21:40:00,4,49,24,6,83
2024-03-31 21:50:00,3,34,38,6,81
2024-03-31 22:00:00,0,23,28,5,56
2024-03-31 22:10:00,5,30,22,8,65
2024-03-31 22:20:00,2,32,27,6,67
2024-03-31 22:30:00,7,19,32,2,60
2024-03-31 22:40:00,2,23,33,7,65
2024-03-31 22:50:00,0,25,20,7,52
2024-03-31 23:00:00,0,24,21,7,52
2024-03-31 23:10:00,0,35,22,9,66
2024-03-31 23:20:00,1,27,13,6,47
2024-03-31 23:30:00,1,18,24,8,51
2024-03-31 23:40:00,1,14,15,2,32
2024-03-31 23:50:00,0,17,15,3,35
2024-04-01 00:00:00,0,18,20,2,40
2024-04-01 00:10:00,1,8,11,4,24
2024-04-01 00:20:00,0,8,13,3,24
2024-04-01 00:30:00,0,11,14,3,28
2024-04-01 00:40:00,1,18,19,4,42
2024-04-01 00:50:00,0,10,8,2,20
2024-04-01 01:00:00,0,9,9,0,18
2024-04-01 01:10:00,1,9,9,3,22
2024-04-01 01:20:00,1,9,9,1,20
2024-04-01 01:30:00,0,8,9,3,20
2024-04-01 01:40:00,0,11,11,2,24
2024-04-01 01:50:00,0,9,7,3,19
2024-04-01 02:00:00,1,6,12,4,23
2024-04-01 02:10:00,3,9,7,7,26
2024-04-01 02:20:00,0,9,8,3,20
2024-04-01 02:30:00,0,3,8,0,11
2024-04-01 02:40:00,0,6,5,2,13
2024-04-01 02:50:00,2,12,4,3,21
2024-04-01 03:00:00,0,4,8,3,15
2024-04-01 03:10:00,0,6,1,3,10
2024-04-01 03:20:00,0,7,4,3,14
2024-04-01 03:30:00,1,4,2,1,8
2024-04-01 03:40:00,0,6,3,0,9
2024-04-01 03:50:00,0,3,4,0,7
2024-04-01 04:00:00,0,4,7,1,12
2024-04-01 04:10:00,0,2,3,0,5
2024-04-01 04:20:00,0,2,5,0,7
2024-04-01 04:30:00,3,4,6,1,14
2024-04-01 04:40:00,1,6,4,1,12
2024-04-01 04:50:00,1,3,5,1,10
2024-04-01 05:00:00,0,4,8,1,13
2024-04-01 05:10:00,1,7,16,3,27
2024-04-01 05:20:00,6,10,12,5,33
2024-04-01 05:30:00,0,5,15,3,23
2024-04-01 05:40:00,9,12,8,7,36
2024-04-01 05:50:00,7,12,5,3,27
2024-04-01 06:00:00,0,7,9,1,17
2024-04-01 06:10:00,1,8,5,3,17
2024-04-01 06:20:00,0,8,9,0,17
2024-04-01 06:30:00,0,8,7,2,17
2024-04-01 06:40:00,0,12,9,4,25
2024-04-01 06:50:00,0,8,7,2,17
2024-04-01 07:00:00,0,6,6,2,14
2024-04-01 07:10:00,0,3,6,1,10
2024-04-01 07:20:00,0,6,5,1,12
2024-04-01 07:30:00,0,3,9,0,12
2024-04-01 07:40:00,1,11,14,5,31
2024-04-01 07:50:00,0,7,10,2,19
2024-04-01 08:00:00,0,4,6,2,12
2024-04-01 08:10:00,0,7,9,3,19
2024-04-01 08:20:00,2,8,12,6,28
2024-04-01 08:30:00,0,10,18,5,33
2024-04-01 08:40:00,1,16,16,3,36
2024-04-01 08:50:00,1,14,21,3,39
2024-04-01 09:00:00,2,11,21,8,42
2024-04-01 09:10:00,0,11,20,4,35
2024-04-01 09:20:00,2,17,25,0,44
2024-04-01 09:30:00,3,15,22,5,45
2024-04-01 09:40:00,3,25,27,4,59
2024-04-01 09:50:00,2,15,21,2,40
2024-04-01 10:00:00,2,26,26,1,55
2024-04-01 10:10:00,2,27,25,3,57
2024-04-01 10:20:00,1,26,33,3,63
2024-04-01 10:30:00,2,30,29,4,65
2024-04-01 10:40:00,7,35,22,2,66
2024-04-01 10:50:00,2,42,43,5,92
2024-04-01 11:00:00,3,47,37,3,90
2024-04-01 11:10:00,5,38,52,4,99
2024-04-01 11:20:00,4,32,47,3,86
2024-04-01 11:30:00,3,49,52,6,110
2024-04-01 11:40:00,2,57,58,9,126
2024-04-01 11:50:00,4,52,71,5,132
2024-04-01 12:00:00,3,55,52,5,115
2024-04-01 12:10:00,6,51,68,3,128
2024-04-01 12:20:00,4,50,42,4,100
2024-04-01 12:30:00,5,44,45,9,103
2024-04-01 12:40:00,8,49,68,9,134
2024-04-01 12:50:00,5,52,53,7,117
2024-04-01 13:00:00,8,57,59,4,128
2024-04-01 13:10:00,5,57,57,5,124
2024-04-01 13:20:00,2,50,57,8,117
2024-04-01 13:30:00,1,50,50,5,106
2024-04-01 13:40:00,11,47,68,9,135
2024-04-01 13:50:00,12,70,62,3,147
2024-04-01 14:00:00,10,83,57,3,153
2024-04-01 14:10:00,7,78,59,3,147
2024-04-01 14:20:00,4,71,59,7,141
2024-04-01 14:30:00,5,56,76,2,139
2024-04-01 14:40:00,4,65,61,8,138
2024-04-01 14:50:00,1,68,75,9,153
2024-04-01 15:00:00,0,61,72,3,136
2024-04-01 15:10:00,5,63,75,4,147
2024-04-01 15:20:00,1,56,62,2,121
2024-04-01 15:30:00,1,59,49,3,112
2024-04-01 15:40:00,3,67,65,10,145
2024-04-01 15:50:00,6,61,55,4,126
2024-04-01 16:00:00,4,53,56,2,115
2024-04-01 16:10:00,7,61,65,9,142
2024-04-01 16:20:00,4,64,73,3,144
2024-04-01 16:30:00,1,64,73,1,139
2024-04-01 16:40:00,15,75,54,3,147
2024-04-01 16:50:00,7,68,74,4,153
2024-04-01 17:00:00,4,59,63,5,131
2024-04-01 17:10:00,4,71,67,6,148
2024-04-01 17:20:00,8,68,76,5,157
2024-04-01 17:30:00,3,56,65,8,132
2024-04-01 17:40:00,1,67,78,1,147
2024-04-01 17:50:00,3,71,72,8,154
2024-04-01 18:00:00,4,44,74,4,126
2024-04-01 18:10:00,3,66,75,7,151
2024-04-01 18:20:00,6,46,53,3,108
2024-04-01 18:30:00,1,54,56,4,115
2024-04-01 18:40:00,3,49,59,6,117
2024-04-01 18:50:00,2,71,58,6,137
2024-04-01 19:00:00,4,50,68,5,127
2024-04-01 19:10:00,6,56,76,10,148
2024-04-01 19:20:00,2,69,55,8,134
2024-04-01 19:30:00,6,55,66,4,131
2024-04-01 19:40:00,3,47,60,10,120
2024-04-01 19:50:00,6,59,68,6,139
2024-04-01 20:00:00,5,42,52,7,106
2024-04-01 20:10:00,6,48,41,3,98
2024-04-01 20:20:00,3,35,39,4,81
2024-04-01 20:30:00,2,35,42,8,87
2024-04-01 20:40:00,1,34,33,0,68
2024-04-01 20:50:00,1,43,35,3,82
2024-04-01 21:00:00,2,38,47,3,90
2024-04-01 21:10:00,2,43,30,5,80
2024-04-01 21:20:00,1,33,37,8,79
2024-04-01 21:30:00,2,41,37,5,85
2024-04-01 21:40:00,2,43,23,3,71
2024-04-01 21:50:00,6,29,29,5,69
2024-04-01 22:00:00,2,32,26,1,61
2024-04-01 22:10:00,3,28,25,6,62
2024-04-01 22:20:00,0,36,28,6,70
2024-04-01 22:30:00,2,23,24,7,56
2024-04-01 22:40:00,2,25,18,6,51
2024-04-01 22:50:00,4,27,26,6,63
2024-04-01 23:00:00,0,21,16,6,43
2024-04-01 23:10:00,1,23,16,7,47
2024-04-01 23:20:00,0,23,21,9,53
2024-04-01 23:30:00,3,14,17,2,36
2024-04-01 23:40:00,2,23,19,4,48
2024-04-01 23:50:00,2,16,17,5,40
2024-04-02 00:00:00,2,9,15,4,30
2024-04-02 00:10:00,2,13,6,3,24
2024-04-02 00:20:00,0,10,8,2,20
2024-04-02 00:30:00,0,13,9,5,27
2024-04-02 00:40:00,0,7,9,5,21
2024-04-02 00:50:00,0,10,7,3,20
2024-04-02 01:00:00,1,10,6,5,22
2024-04-02 01:10:00,1,5,10,3,19
2024-04-02 01:20:00,1,10,4,4,19
2024-04-02 01:30:00,0,2,3,2,7
2024-04-02 01:40:00,0,9,5,2,16
2024-04-02 01:50:00,0,5,0,1,6
2024-04-02 02:00:00,0,6,5,1,12
2024-04-02 02:10:00,0,4,6,3,13
2024-04-02 02:20:00,0,5,5,2,12
2024-04-02 02:30:00,0,6,8,1,15
2024-04-02 02:40:00,0,6,5,0,11
2024-04-02 02:50:00,0,3,4,2,9
2024-04-02 03:00:00,0,2,4,1,7
2024-04-02 03:10:00,2,7,2,1,12
2024-04-02 03:20:00,0,5,4,1,10
2024-04-02 03:30:00,0,5,5,2,12
2024-04-02 03:40:00,0,6,3,4,13
2024-04-02 03:50:00,1,4,4,4,13
2024-04-02 04:00:00,1,8,7,3,19
2024-04-02 04:10:00,0,3,7,3,13
2024-04-02 04:20:00,0,10,7,3,20
2024-04-02 04:30:00,0,12,8,6,26
2024-04-02 04:40:00,0,12,16,6,34
2024-04-02 04:50:00,0,13,21,4,38
2024-04-02 05:00:00,2,15,24,4,45
2024-04-02 05:10:00,3,16,29,8,56
2024-04-02 05:20:00,1,26,42,7,76
2024-04-02 05:30:00,2,36,58,12,108
2024-04-02 05:40:00,15,52,56,16,139
2024-04-02 05:50:00,9,32,57,14,112
2024-04-02 06:00:00,5,30,46,14,95
2024-04-02 06:10:00,6,57,59,10,132
2024-04-02 06:20:00,5,62,63,8,138
2024-04-02 06:30:00,6,56,88,7,157
2024-04-02 06:40:00,7,86,75,12,180
2024-04-02 06:50:00,6,90,83,14,193
2024-04-02 07:00:00,4,79,97,14,194
2024-04-02 07:10:00,7,68,104,11,190
2024-04-02 07:20:00,7,113,95,11,226
2024-04-02 07:30:00,7,78,122,12,219
2024-04-02 07:40:00,4,88,115,12,219
2024-04-02 07:50:00,14,116,103,14,247
2024-04-02 08:00:00,6,77,86,8,177
2024-04-02 08:10:00,8,69,101,10,188
2024-04-02 08:20:00,7,103,113,11,234
2024-04-02 08:30:00,13,92,112,11,228
2024-04-02 08:40:00,10,66,106,11,193
2024-04-02 08:50:00,6,94,90,20,210
2024-04-02 09:00:00,17,103,93,8,221
2024-04-02 09:10:00,10,84,97,9,200
2024-04-02 09:20:00,9,83,99,12,203
2024-04-02 09:30:00,11,83,90,7,191
2024-04-02 09:40:00,6,82,95,7,190
2024-04-02 09:50:00,7,92,91,14,204
2024-04-02 10:00:00,1,123,78,11,213
2024-04-02 10:10:00,5,100,95,11,211
2024-04-02 10:20:00,12,116,111,9,248
2024-04-02 10:30:00,6,100,117,9,232
2024-04-02 10:40:00,13,95,114,10,232
2024-04-02 10:50:00,10,107,112,5,234
2024-04-02 11:00:00,15,97,103,18,233
2024-04-02 11:10:00,11,108,111,7,237
2024-04-02 11:20:00,12,111,82,10,215
2024-04-02 11:30:00,11,120,125,18,274
2024-04-02 11:40:00,11,104,95,15,225
2024-04-02 11:50:00,12,96,99,10,217
2024-04-02 12:00:00,11,107,124,8,250
2024-04-02 12:10:00,9,99,109,15,232
2024-04-02 12:20:00,13,120,107,8,248
2024-04-02 12:30:00,14,98,119,11,242
2024-04-02 12:40:00,10,111,108,8,237
2024-04-02 12:50:00,11,111,122,12,256
2024-04-02 13:00:00,11,112,96,11,230
2024-04-02 13:10:00,13,118,90,13,234
2024-04-02 13:20:00,10,120,131,11,272
2024-04-02 13:30:00,11,125,100,14,250
2024-04-02 13:40:00,14,106,98,9,227
2024-04-02 13:50:00,16,120,127,11,274
2024-04-02 14:00:00,16,101,101,10,228
2024-04-02 14:10:00,11,124,121,7,263
2024-04-02 14:20:00,10,106,120,7,243
2024-04-02 14:30:00,14,124,111,6,255
2024-04-02 14:40:00,15,118,113,6,252
2024-04-02 14:50:00,7,163,135,8,313
2024-04-02 15:00:00,17,132,123,10,282
2024-04-02 15:10:00,13,128,124,11,276
2024-04-02 15:20:00,17,116,131,4,268
2024-04-02 15:30:00,18,103,124,7,252
2024-04-02 15:40:00,15,151,126,10,302
2024-04-02 15:50:00,13,137,152,9,311
2024-04-02 16:00:00,18,127,120,7,272
2024-04-02 16:10:00,15,133,149,8,305
2024-04-02 16:20:00,20,147,147,10,324
2024-04-02 16:30:00,17,158,137,13,325
2024-04-02 16:40:00,16,164,126,6,312
2024-04-02 16:50:00,7,139,119,10,275
2024-04-02 17:00:00,11,130,133,9,283
2024-04-02 17:10:00,12,126,125,6,269
2024-04-02 17:20:00,17,149,131,8,305
2024-04-02 17:30:00,15,122,133,9,279
2024-04-02 17:40:00,15,128,125,8,276
2024-04-02 17:50:00,7,127,105,12,251
2024-04-02 18:00:00,10,112,105,4,231
2024-04-02 18:10:00,6,101,123,12,242
2024-04-02 18:20:00,7,118,111,7,243
2024-04-02 18:30:00,13,111,114,10,248
2024-04-02 18:40:00,7,104,100,10,221
2024-04-02 18:50:00,9,87,113,16,225
2024-04-02 19:00:00,3,90,85,11,189
2024-04-02 19:10:00,4,78,96,11,189
2024-04-02 19:20:00,7,85,74,5,171
2024-04-02 19:30:00,5,69,93,10,177
2024-04-02 19:40:00,4,75,67,12,158
2024-04-02 19:50:00,2,70,58,5,135
2024-04-02 20:00:00,6,60,65,8,139
2024-04-02 20:10:00,4,54,66,6,130
2024-04-02 20:20:00,5,55,52,8,120
2024-04-02 20:30:00,4,45,50,10,109
2024-04-02 20:40:00,4,46,57,8,115
2024-04-02 20:50:00,2,40,56,4,102
2024-04-02 21:00:00,4,54,47,9,114
2024-04-02 21:10:00,3,34,52,9,98
2024-04-02 21:20:00,7,48,52,10,117
2024-04-02 21:30:00,3,37,40,12,92
2024-04-02 21:40:00,3,41,36,5,85
2024-04-02 21:50:00,12,36,39,4,91
2024-04-02 22:00:00,2,21,26,6,55
2024-04-02 22:10:00,1,34,28,5,68
2024-04-02 22:20:00,0,44,21,5,70
2024-04-02 22:30:00,0,28,30,5,63
2024-04-02 22:40:00,1,21,26,9,57
2024-04-02 22:50:00,1,23,25,4,53
2024-04-02 23:00:00,1,23,18,6,48
2024-04-02 23:10:00,0,26,17,9,52
2024-04-02 23:20:00,1,17,16,6,40
2024-04-02 23:30:00,0,9,23,4,36
2024-04-02 23:40:00,2,22,16,4,44
2024-04-02 23:50:00,0,7,9,4,20
2024-04-03 00:00:00,0,10,9,0,19
2024-04-03 00:10:00,0,12,11,4,27
2024-04-03 00:20:00,0,10,10,2,22
2024-04-03 00:30:00,0,6,4,3,13
2024-04-03 00:40:00,1,15,4,3,23
2024-04-03 00:50:00,1,5,4,1,11
2024-04-03 01:00:00,1,3,7,4,15
2024-04-03 01:10:00,0,9,6,4,19
2024-04-03 01:20:00,2,10,4,3,19
2024-04-03 01:30:00,0,8,6,3,17
2024-04-03 01:40:00,0,4,6,3,13
2024-04-03 01:50:00,0,7,7,6,20
2024-04-03 02:00:00,0,5,4,5,14
2024-04-03 02:10:00,0,5,3,0,8
2024-04-03 02:20:00,0,10,5,5,20
2024-04-03 02:30:00,0,7,7,2,16
2024-04-03 02:40:00,0,5,3,1,9
2024-04-03 02:50:00,0,3,6,1,10
2024-04-03 03:00:00,0,5,6,2,13
2024-04-03 03:10:00,1,6,3,0,10
2024-04-03 03:20:00,0,4,3,1,8
2024-04-03 03:30:00,0,6,2,3,11
2024-04-03 03:40:00,0,4,6,1,11
2024-04-03 03:50:00,1,3,5,2,11
2024-04-03 04:00:00,0,6,6,8,20
2024-04-03 04:10:00,0,6,8,2,16
2024-04-03 04:20:00,0,5,8,3,16
2024-04-03 04:30:00,0,11,10,7,28
2024-04-03 04:40:00,0,7,13,6,26
2024-04-03 04:50:00,1,15,16,6,38
2024-04-03 05:00:00,4,15,30,4,53
2024-04-03 05:10:00,2,16,26,8,52
2024-04-03 05:20:00,3,28,38,6,75
2024-04-03 05:30:00,8,32,62,10,112
2024-04-03 05:40:00,13,41,57,6,117
2024-04-03 05:50:00,10,34,49,7,100
2024-04-03 06:00:00,9,36,60,11,116
2024-04-03 06:10:00,0,45,63,7,115
2024-04-03 06:20:00,4,71,67,14,156
2024-04-03 06:30:00,6,61,95,8,170
2024-04-03 06:40:00,8,91,91,15,205
2024-04-03 06:50:00,10,78,64,10,162
2024-04-03 07:00:00,3,75,86,9,173
2024-04-03 07:10:00,6,82,118,12,218
2024-04-03 07:20:00,8,82,88,12,190
2024-04-03 07:30:00,9,69,91,9,178
2024-04-03 07:40:00,6,94,123,9,232
2024-04-03 07:50:00,9,124,99,7,239
2024-04-03 08:00:00,12,87,99,13,211
2024-04-03 08:10:00,12,82,106,19,219
2024-04-03 08:20:00,8,94,100,9,211
2024-04-03 08:30:00,12,71,97,11,191
2024-04-03 08:40:00,10,84,88,8,190
2024-04-03 08:50:00,7,94,98,11,210
2024-04-03 09:00:00,10,84,85,11,190
2024-04-03 09:10:00,4,100,106,11,221
2024-04-03 09:20:00,10,94,87,14,205
2024-04-03 09:30:00,8,74,100,8,190
2024-04-03 09:40:00,8,93,99,11,211
2024-04-03 09:50:00,9,98,98,7,212
2024-04-03 10:00:00,10,106,95,11,222
2024-04-03 10:10:00,8,84,82,8,182
2024-04-03 10:20:00,8,99,102,15,224
2024-04-03 10:30:00,11,97,92,16,216
2024-04-03 10:40:00,6,84,100,9,199
2024-04-03 10:50:00,11,101,81,8,201
2024-04-03 11:00:00,12,97,104,13,226
2024-04-03 11:10:00,8,106,78,9,201
2024-04-03 11:20:00,7,90,95,12,204
2024-04-03 11:30:00,9,91,88,7,195
2024-04-03 11:40:00,8,88,107,12,215
2024-04-03 11:50:00,16,101,116,7,240
2024-04-03 12:00:00,6,104,110,12,232
2024-04-03 12:10:00,6,93,99,11,209
2024-04-03 12:20:00,11,124,134,10,279
2024-04-03 12:30:00,13,101,116,11,241
2024-04-03 12:40:00,15,83,77,10,185
2024-04-03 12:50:00,9,111,105,12,237
2024-04-03 13:00:00,10,98,104,15,227
2024-04-03 13:10:00,11,126,88,9,234
2024-04-03 13:20:00,12,114,122,15,263
2024-04-03 13:30:00,16,113,109,12,250
2024-04-03 13:40:00,22,96,96,12,226
2024-04-03 13:50:00,17,102,110,10,239
2024-04-03 14:00:00,17,98,110,10,235
2024-04-03 14:10:00,17,107,115,9,248
2024-04-03 14:20:00,14,110,105,12,241
2024-04-03 14:30:00,14,111,107,9,241
2024-04-03 14:40:00,13,114,120,7,254
2024-04-03 14:50:00,12,93,134,12,251
2024-04-03 15:00:00,18,107,124,8,257
2024-04-03 15:10:00,9,135,116,8,268
2024-04-03 15:20:00,10,128,125,14,277
2024-04-03 15:30:00,23,127,130,12,292
2024-04-03 15:40:00,21,127,141,14,303
2024-04-03 15:50:00,16,137,109,11,273
2024-04-03 16:00:00,13,121,123,10,267
2024-04-03 16:10:00,9,138,116,8,271
2024-04-03 16:20:00,20,131,123,8,282
2024-04-03 16:30:00,13,136,116,7,272
2024-04-03 16:40:00,16,155,122,8,301
2024-04-03 16:50:00,13,140,127,5,285
2024-04-03 17:00:00,11,128,143,10,292
2024-04-03 17:10:00,16,116,150,6,288
2024-04-03 17:20:00,11,133,134,8,286
2024-04-03 17:30:00,13,109,151,8,281
2024-04-03 17:40:00,10,100,127,3,240
2024-04-03 17:50:00,6,107,125,5,243
2024-04-03 18:00:00,6,120,105,11,242
2024-04-03 18:10:00,8,112,112,12,244
2024-04-03 18:20:00,8,101,109,3,221
2024-04-03 18:30:00,4,105,95,8,212
2024-04-03 18:40:00,6,87,100,6,199
2024-04-03 18:50:00,8,96,86,7,197
2024-04-03 19:00:00,6,80,84,6,176
2024-04-03 19:10:00,4,71,81,8,164
2024-04-03 19:20:00,6,63,75,4,148
2024-04-03 19:30:00,4,79,66,8,157
2024-04-03 19:40:00,9,82,67,14,172
2024-04-03 19:50:00,3,72,65,7,147
2024-04-03 20:00:00,6,51,59,6,122
2024-04-03 20:10:00,8,38,52,9,107
2024-04-03 20:20:00,5,51,51,8,115
2024-04-03 20:30:00,5,54,46,7,112
2024-04-03 20:40:00,0,48,36,6,90
2024-04-03 20:50:00,3,47,54,9,113
2024-04-03 21:00:00,2,56,58,11,127
2024-04-03 21:10:00,5,54,38,5,102
2024-04-03 21:20:00,5,50,45,10,110
2024-04-03 21:30:00,3,52,41,8,104
2024-04-03 21:40:00,6,40,41,9,96
2024-04-03 21:50:00,12,40,43,7,102
2024-04-03 22:00:00,2,38,31,5,76
2024-04-03 22:10:00,2,37,44,4,87
2024-04-03 22:20:00,0,35,32,3,70
2024-04-03 22:30:00,0,29,26,6,61
2024-04-03 22:40:00,3,20,39,6,68
2024-04-03 22:50:00,1,27,24,6,58
2024-04-03 23:00:00,1,29,30,6,66
2024-04-03 23:10:00,0,39,28,5,72
2024-04-03 23:20:00,1,21,15,6,43
2024-04-03 23:30:00,0,13,16,3,32
2024-04-03 23:40:00,0,14,10,3,27
2024-04-03 23:50:00,0,17,12,9,38
2024-04-04 00:00:00,0,17,10,3,30
2024-04-04 00:10:00,0,17,16,4,37
2024-04-04 00:20:00,0,22,10,3,35
2024-04-04 00:30:00,0,7,9,7,23
2024-04-04 00:40:00,0,12,12,7,31
2024-04-04 00:50:00,1,4,6,2,13
2024-04-04 01:00:00,0,3,7,1,11
2024-04-04 01:10:00,1,4,5,2,12
2024-04-04 01:20:00,0,2,5,0,7
2024-04-04 01:30:00,2,8,3,4,17
2024-04-04 01:40:00,0,5,6,1,12
2024-04-04 01:50:00,0,7,0,1,8
2024-04-04 02:00:00,0,4,3,2,9
2024-04-04 02:10:00,0,5,4,1,10
2024-04-04 02:20:00,0,4,4,0,8
2024-04-04 02:30:00,0,9,6,1,16
2024-04-04 02:40:00,0,5,0,1,6
2024-04-04 02:50:00,0,5,2,3,10
2024-04-04 03:00:00,3,9,7,4,23
2024-04-04 03:10:00,1,7,2,4,14
2024-04-04 03:20:00,0,8,4,2,14
2024-04-04 03:30:00,0,5,6,4,15
2024-04-04 03:40:00,0,6,4,2,12
2024-04-04 03:50:00,1,6,6,1,14
2024-04-04 04:00:00,0,4,5,5,14
2024-04-04 04:10:00,0,5,12,5,22
2024-04-04 04:20:00,0,5,6,3,14
2024-04-04 04:30:00,1,8,11,5,25
2024-04-04 04:40:00,1,11,10,3,25
2024-04-04 04:50:00,0,13,14,6,33
2024-04-04 05:00:00,2,12,30,9,53
2024-04-04 05:10:00,3,16,38,8,65
2024-04-04 05:20:00,4,26,39,4,73
2024-04-04 05:30:00,3,30,58,12,103
2024-04-04 05:40:00,10,46,57,8,121
2024-04-04 05:50:00,12,39,41,6,98
2024-04-04 06:00:00,7,31,50,12,100
2024-04-04 06:10:00,1,52,65,7,125
2024-04-04 06:20:00,4,67,59,13,143
2024-04-04 06:30:00,6,55,90,10,161
2024-04-04 06:40:00,7,86,80,10,183
2024-04-04 06:50:00,6,106,79,5,196
2024-04-04 07:00:00,4,66,87,10,167
2024-04-04 07:10:00,4,77,106,14,201
2024-04-04 07:20:00,8,99,92,10,209
2024-04-04 07:30:00,11,73,103,11,198
2024-04-04 07:40:00,9,114,121,12,256
2024-04-04 07:50:00,5,101,86,5,197
2024-04-04 08:00:00,10,95,97,8,210
2024-04-04 08:10:00,12,74,127,13,226
2024-04-04 08:20:00,9,85,114,9,217
2024-04-04 08:30:00,5,96,97,14,212
2024-04-04 08:40:00,11,85,87,13,196
2024-04-04 08:50:00,7,98,104,10,219
2024-04-04 09:00:00,11,86,83,13,193
2024-04-04 09:10:00,3,96,111,12,222
2024-04-04 09:20:00,9,73,90,7,179
2024-04-04 09:30:00,10,105,103,14,232
2024-04-04 09:40:00,8,96,107,15,226
2024-04-04 09:50:00,8,103,118,12,241
2024-04-04 10:00:00,9,98,98,12,217
2024-04-04 10:10:00,6,96,99,10,211
2024-04-04 10:20:00,11,92,115,11,229
2024-04-04 10:30:00,10,110,79,8,207
2024-04-04 10:40:00,6,105,87,13,211
2024-04-04 10:50:00,8,101,100,8,217
2024-04-04 11:00:00,10,99,94,6,209
2024-04-04 11:10:00,14,99,102,12,227
2024-04-04 11:20:00,8,105,115,10,238
2024-04-04 11:30:00,9,103,95,11,218
2024-04-04 11:40:00,10,106,96,13,225
2024-04-04 11:50:00,11,100,128,6,245
2024-04-04 12:00:00,11,99,114,11,235
2024-04-04 12:10:00,15,102,93,15,225
2024-04-04 12:20:00,11,95,136,5,247
2024-04-04 12:30:00,10,96,115,10,231
2024-04-04 12:40:00,5,106,125,8,244
2024-04-04 12:50:00,11,107,99,9,226
2024-04-04 13:00:00,11,93,114,15,233
2024-04-04 13:10:00,12,106,90,11,219
2024-04-04 13:20:00,8,113,106,12,239
2024-04-04 13:30:00,7,109,105,19,240
2024-04-04 13:40:00,8,112,93,7,220
2024-04-04 13:50:00,15,112,95,11,233
2024-04-04 14:00:00,19,111,93,8,231
2024-04-04 14:10:00,13,92,100,7,212
2024-04-04 14:20:00,10,121,105,4,240
2024-04-04 14:30:00,9,109,130,12,260
2024-04-04 14:40:00,14,125,97,9,245
2024-04-04 14:50:00,15,141,124,5,285
2024-04-04 15:00:00,14,119,133,15,281
2024-04-04 15:10:00,16,149,109,5,279
2024-04-04 15:20:00,13,128,129,7,277
2024-04-04 15:30:00,21,120,137,16,294
2024-04-04 15:40:00,17,115,148,7,287
2024-04-04 15:50:00,31,138,154,8,331
2024-04-04 16:00:00,16,138,108,6,268
2024-04-04 16:10:00,14,143,131,14,302
2024-04-04 16:20:00,26,150,145,14,335
2024-04-04 16:30:00,18,161,133,7,319
2024-04-04 16:40:00,9,140,142,13,304
2024-04-04 16:50:00,10,162,125,18,315
2024-04-04 17:00:00,10,143,137,10,300
2024-04-04 17:10:00,11,125,141,15,292
2024-04-04 17:20:00,11,111,146,7,275
2024-04-04 17:30:00,17,109,119,12,257
2024-04-04 17:40:00,10,105,126,7,248
2024-04-04 17:50:00,9,101,123,12,245
2024-04-04 18:00:00,10,126,120,8,264
2024-04-04 18:10:00,10,111,117,9,247
2024-04-04 18:20:00,9,108,104,4,225
2024-04-04 18:30:00,10,90,102,9,211
2024-04-04 18:40:00,8,102,107,4,221
2024-04-04 18:50:00,9,92,95,6,202
2024-04-04 19:00:00,6,112,71,5,194
2024-04-04 19:10:00,4,78,103,3,188
2024-04-04 19:20:00,3,84,90,10,187
2024-04-04 19:30:00,3,63,83,4,153
2024-04-04 19:40:00,6,75,72,10,163
2024-04-04 19:50:00,7,79,74,10,170
2024-04-04 20:00:00,8,71,64,6,149
2024-04-04 20:10:00,11,52,57,8,128
2024-04-04 20:20:00,2,46,47,8,103
2024-04-04 20:30:00,1,62,59,7,129
2024-04-04 20:40:00,2,44,45,7,98
2024-04-04 20:50:00,3,48,44,10,105
2024-04-04 21:00:00,4,42,64,4,114
2024-04-04 21:10:00,1,52,43,8,104
2024-04-04 21:20:00,5,36,48,9,98
2024-04-04 21:30:00,2,55,42,17,116
2024-04-04 21:40:00,8,47,45,13,113
2024-04-04 21:50:00,14,20,31,4,69
2024-04-04 22:00:00,1,48,40,8,97
2024-04-04 22:10:00,2,42,41,13,98
2024-04-04 22:20:00,1,30,38,7,76
2024-04-04 22:30:00,0,34,34,7,75
2024-04-04 22:40:00,1,25,40,3,69
2024-04-04 22:50:00,2,37,25,7,71
2024-04-04 23:00:00,2,22,31,2,57
2024-04-04 23:10:00,1,30,20,4,55
2024-04-04 23:20:00,0,27,21,5,53
2024-04-04 23:30:00,0,17,18,2,37
2024-04-04 23:40:00,3,17,16,10,46
2024-04-04 23:50:00,0,14,17,5,36
2024-04-05 00:00:00,0,12,12,2,26
2024-04-05 00:10:00,0,19,8,2,29
2024-04-05 00:20:00,1,14,10,3,28
2024-04-05 00:30:00,0,13,16,3,32
2024-04-05 00:40:00,0,18,11,7,36
2024-04-05 00:50:00,1,8,10,4,23
2024-04-05 01:00:00,2,11,10,4,27
2024-04-05 01:10:00,0,5,3,3,11
2024-04-05 01:20:00,2,12,3,1,18
2024-04-05 01:30:00,1,7,5,1,14
2024-04-05 01:40:00,0,5,4,6,15
2024-04-05 01:50:00,1,6,2,1,10
2024-04-05 02:00:00,0,1,0,0,1
