datetime,D111Z,D21Z,D22Z,D51Z,D81Z,D82Z,D85Z,Total
2024-03-01 01:00:00,1,6,4,1,0,4,0,16
2024-03-01 01:10:00,0,3,3,4,1,4,0,15
2024-03-01 01:20:00,1,0,0,0,0,1,0,2
2024-03-01 01:30:00,0,3,3,1,2,1,0,10
2024-03-01 01:40:00,0,2,1,3,6,3,0,15
2024-03-01 01:50:00,0,2,1,2,5,1,0,11
2024-03-01 02:00:00,0,2,0,2,3,0,0,7
2024-03-01 02:10:00,0,1,1,1,0,1,0,4
2024-03-01 02:20:00,0,4,2,0,0,1,0,7
2024-03-01 02:30:00,0,2,3,3,2,2,0,12
2024-03-01 02:40:00,1,1,0,2,0,1,0,5
2024-03-01 02:50:00,1,3,1,4,0,0,0,9
2024-03-01 03:00:00,3,3,4,5,4,2,0,21
2024-03-01 03:10:00,2,2,1,1,2,1,0,9
2024-03-01 03:20:00,1,6,6,0,0,3,0,16
2024-03-01 03:30:00,1,1,0,3,3,3,0,11
2024-03-01 03:40:00,0,3,1,5,4,2,0,15
2024-03-01 03:50:00,2,2,3,1,3,3,0,14
2024-03-01 04:00:00,0,3,1,0,0,2,0,6
2024-03-01 04:10:00,1,8,2,2,2,3,0,18
2024-03-01 04:20:00,5,7,2,3,3,3,0,23
2024-03-01 04:30:00,1,2,2,0,7,3,0,15
2024-03-01 04:40:00,0,3,3,2,2,2,0,12
2024-03-01 04:50:00,0,6,4,4,5,7,0,26
2024-03-01 05:00:00,1,6,3,5,4,10,0,29
2024-03-01 05:10:00,4,14,2,7,7,10,0,44
2024-03-01 05:20:00,3,8,6,5,7,7,0,36
2024-03-01 05:30:00,2,8,11,4,16,9,0,50
2024-03-01 05:40:00,6,13,6,6,14,8,0,53
2024-03-01 05:50:00,7,16,12,8,24,7,0,74
2024-03-01 06:00:00,8,19,7,10,17,10,0,71
2024-03-01 06:10:00,9,18,12,9,17,15,0,80
2024-03-01 06:20:00,8,16,9,7,14,20,0,74
2024-03-01 06:30:00,9,17,14,16,17,15,0,88
2024-03-01 06:40:00,10,17,11,25,18,13,0,94
2024-03-01 06:50:00,10,26,19,24,24,13,0,116
2024-03-01 07:00:00,16,27,10,19,22,18,0,112
2024-03-01 07:10:00,33,51,20,15,17,16,0,152
2024-03-01 07:20:00,22,31,18,14,35,13,0,133
2024-03-01 07:30:00,31,25,20,33,26,10,0,145
2024-03-01 07:40:00,29,35,27,24,28,25,0,168
2024-03-01 07:50:00,27,45,25,22,33,21,0,173
2024-03-01 08:00:00,18,34,20,17,16,23,0,128
2024-03-01 08:10:00,25,31,24,19,24,21,0,144
2024-03-01 08:20:00,19,36,13,20,21,17,0,126
2024-03-01 08:30:00,20,34,25,20,19,24,0,142
2024-03-01 08:40:00,17,39,27,13,27,26,0,149
2024-03-01 08:50:00,13,28,23,18,23,12,0,117
2024-03-01 09:00:00,20,35,31,18,24,21,0,149
2024-03-01 09:10:00,23,27,18,16,17,16,0,117
2024-03-01 09:20:00,12,31,17,19,26,23,0,128
2024-03-01 09:30:00,22,32,23,23,21,21,0,142
2024-03-01 09:40:00,17,27,16,64,28,22,0,174
2024-03-01 09:50:00,11,35,23,21,27,25,0,142
2024-03-01 10:00:00,14,33,17,15,21,25,0,125
2024-03-01 10:10:00,16,25,18,15,20,28,0,122
2024-03-01 10:20:00,24,39,24,20,32,29,0,168
2024-03-01 10:30:00,17,41,18,19,23,26,0,144
2024-03-01 10:40:00,14,41,19,17,19,20,0,130
2024-03-01 10:50:00,11,44,25,19,25,21,0,145
2024-03-01 11:00:00,12,39,15,17,29,24,0,136
2024-03-01 11:10:00,13,22,20,12,19,24,0,110
2024-03-01 11:20:00,16,58,14,17,29,27,0,161
2024-03-01 11:30:00,22,39,18,22,27,16,0,144
2024-03-01 11:40:00,18,44,20,20,34,32,0,168
2024-03-01 11:50:00,16,43,12,13,22,28,0,134
2024-03-01 12:00:00,17,46,25,25,27,28,0,168
2024-03-01 12:10:00,35,50,27,31,32,24,0,199
2024-03-01 12:20:00,19,40,25,29,38,22,0,173
2024-03-01 12:30:00,28,37,21,35,28,22,0,171
2024-03-01 12:40:00,25,41,26,30,34,26,0,182
2024-03-01 12:50:00,14,59,21,30,32,29,0,185
2024-03-01 13:00:00,16,38,22,32,27,32,0,167
2024-03-01 13:10:00,8,33,10,13,17,23,0,104
2024-03-01 13:20:00,20,40,18,28,33,21,0,160
2024-03-01 13:30:00,25,47,25,32,37,23,0,189
2024-03-01 13:40:00,16,40,25,27,33,27,0,168
2024-03-01 13:50:00,16,46,21,20,28,25,0,156
2024-03-01 14:00:00,23,57,24,28,29,28,0,189
2024-03-01 14:10:00,16,41,15,27,25,24,0,148
2024-03-01 14:20:00,17,51,28,32,38,33,0,199
2024-03-01 14:30:00,29,57,31,24,30,21,0,192
2024-03-01 14:40:00,25,50,25,41,22,22,0,185
2024-03-01 14:50:00,19,53,15,31,37,27,0,182
2024-03-01 15:00:00,27,47,18,25,22,27,0,166
2024-03-01 15:10:00,26,47,13,38,21,23,0,168
2024-03-01 15:20:00,22,56,17,45,28,27,0,195
2024-03-01 15:30:00,19,104,29,29,44,31,0,256
2024-03-01 15:40:00,16,65,27,31,17,26,0,182
2024-03-01 15:50:00,16,36,15,19,42,18,0,146
2024-03-01 16:00:00,12,37,19,27,15,20,0,130
2024-03-01 16:10:00,18,57,16,25,24,33,0,173
2024-03-01 16:20:00,21,41,22,38,34,26,0,182
2024-03-01 16:30:00,20,37,21,34,27,20,0,159
2024-03-01 16:40:00,31,53,33,31,27,26,0,201
2024-03-01 16:50:00,19,41,55,23,33,24,0,195
2024-03-01 17:00:00,23,41,24,38,22,22,0,170
2024-03-01 17:10:00,20,48,23,29,32,19,0,171
2024-03-01 17:20:00,18,30,15,10,18,14,0,105
2024-03-01 17:30:00,15,44,24,51,36,17,0,187
2024-03-01 17:40:00,20,41,94,18,28,22,0,223
2024-03-01 17:50:00,16,46,21,16,35,21,0,155
2024-03-01 18:00:00,18,31,20,25,22,27,0,143
2024-03-01 18:10:00,17,29,12,62,26,13,0,159
2024-03-01 18:20:00,9,44,13,19,26,25,0,136
2024-03-01 18:30:00,18,42,22,22,22,16,0,142
2024-03-01 18:40:00,15,52,42,21,17,17,0,164
2024-03-01 18:50:00,16,43,49,22,17,17,0,164
2024-03-01 19:00:00,13,49,20,17,26,19,0,144
2024-03-01 19:10:00,14,39,27,10,22,20,0,132
2024-03-01 19:20:00,12,38,13,16,20,15,0,114
2024-03-01 19:30:00,14,23,14,11,29,16,0,107
2024-03-01 19:40:00,15,28,10,7,24,18,0,102
2024-03-01 19:50:00,17,44,9,13,11,24,0,118
2024-03-01 20:00:00,11,32,9,15,15,15,0,97
2024-03-01 20:10:00,5,24,8,7,13,16,0,73
2024-03-01 20:20:00,4,26,12,11,20,9,0,82
2024-03-01 20:30:00,11,26,9,18,21,16,0,101
2024-03-01 20:40:00,11,26,13,20,12,15,0,97
2024-03-01 20:50:00,7,24,18,9,15,14,0,87
2024-03-01 21:00:00,6,13,11,16,13,9,0,68
2024-03-01 21:10:00,7,14,8,53,14,9,0,105
2024-03-01 21:20:00,2,24,10,12,12,16,0,76
2024-03-01 21:30:00,5,29,18,7,5,10,0,74
2024-03-01 21:40:00,5,13,21,9,17,21,0,86
2024-03-01 21:50:00,7,17,1,8,16,14,0,63
2024-03-01 22:00:00,6,16,8,9,11,11,0,61
2024-03-01 22:10:00,1,15,10,9,8,11,0,54
2024-03-01 22:20:00,8,15,9,7,15,9,0,63
2024-03-01 22:30:00,6,21,7,6,12,9,0,61
2024-03-01 22:40:00,4,14,7,11,13,15,0,64
2024-03-01 22:50:00,5,16,3,10,11,5,0,50
2024-03-01 23:00:00,8,11,3,8,12,53,0,95
2024-03-01 23:10:00,1,10,2,7,9,5,0,34
2024-03-01 23:20:00,5,15,7,51,13,17,0,108
2024-03-01 23:30:00,4,8,1,3,7,6,0,29
2024-03-01 23:40:00,3,13,6,11,12,10,0,55
2024-03-01 23:50:00,2,10,5,4,13,14,0,48
2024-03-02 00:00:00,4,9,8,9,10,8,0,48
2024-03-02 00:10:00,5,9,4,3,8,5,0,34
2024-03-02 00:20:00,1,7,1,7,8,7,0,31
2024-03-02 00:30:00,2,6,1,5,4,4,0,22
2024-03-02 00:40:00,2,9,5,3,3,5,0,27
2024-03-02 00:50:00,2,1,2,3,8,8,0,24
2024-03-02 01:00:00,2,10,6,5,2,1,0,26
2024-03-02 01:10:00,1,8,4,4,31,2,0,50
2024-03-02 01:20:00,4,11,2,4,5,9,0,35
2024-03-02 01:30:00,1,9,1,1,4,3,0,19
2024-03-02 01:40:00,5,5,3,4,5,6,0,28
2024-03-02 01:50:00,0,5,0,6,7,5,0,23
2024-03-02 02:00:00,1,2,2,2,3,0,0,10
2024-03-02 02:10:00,7,2,1,0,3,1,0,14
2024-03-02 02:20:00,5,3,1,2,7,3,0,21
2024-03-02 02:30:00,0,4,2,1,2,0,0,9
2024-03-02 02:40:00,2,5,2,2,0,1,0,12
2024-03-02 02:50:00,6,2,1,0,0,2,0,11
2024-03-02 03:00:00,0,3,1,0,2,3,0,9
2024-03-02 03:10:00,4,4,6,0,1,3,0,18
2024-03-02 03:20:00,0,3,2,3,4,4,0,16
2024-03-02 03:30:00,0,1,4,3,2,1,0,11
2024-03-02 03:40:00,0,3,1,3,5,1,0,13
2024-03-02 03:50:00,4,4,3,1,2,1,0,15
2024-03-02 04:00:00,0,5,2,2,4,2,0,15
2024-03-02 04:10:00,0,4,3,2,4,4,0,17
2024-03-02 04:20:00,0,6,10,1,1,3,0,21
2024-03-02 04:30:00,0,7,4,1,5,4,0,21
2024-03-02 04:40:00,0,5,9,1,4,8,0,27
2024-03-02 04:50:00,1,3,2,9,6,8,0,29
2024-03-02 05:00:00,1,5,4,1,0,5,0,16
2024-03-02 05:10:00,0,5,1,36,2,3,0,47
2024-03-02 05:20:00,1,8,4,2,5,7,0,27
2024-03-02 05:30:00,0,6,3,1,4,2,0,16
2024-03-02 05:40:00,2,12,3,5,9,6,0,37
2024-03-02 05:50:00,3,4,3,4,3,8,0,25
2024-03-02 06:00:00,1,4,4,2,7,7,0,25
2024-03-02 06:10:00,0,7,3,3,7,8,0,28
2024-03-02 06:20:00,1,3,2,2,7,5,0,20
2024-03-02 06:30:00,4,6,2,4,6,4,0,26
2024-03-02 06:40:00,2,8,6,4,5,42,0,67
2024-03-02 06:50:00,2,2,3,2,4,3,0,16
2024-03-02 07:00:00,0,4,3,6,9,5,0,27
2024-03-02 07:10:00,3,10,7,4,5,10,0,39
2024-03-02 07:20:00,2,8,5,8,5,5,0,33
2024-03-02 07:30:00,2,16,8,1,9,8,0,44
2024-03-02 07:40:00,5,15,8,17,4,7,0,56
2024-03-02 07:50:00,3,11,12,7,9,11,0,53
2024-03-02 08:00:00,1,5,6,3,5,7,0,27
2024-03-02 08:10:00,3,12,9,1,10,13,0,48
2024-03-02 08:20:00,4,19,5,8,9,8,0,53
2024-03-02 08:30:00,6,9,8,8,9,9,0,49
2024-03-02 08:40:00,4,18,6,7,18,14,0,67
2024-03-02 08:50:00,3,19,7,10,17,13,0,69
2024-03-02 09:00:00,4,21,9,6,17,6,0,63
2024-03-02 09:10:00,2,19,6,6,38,10,0,81
2024-03-02 09:20:00,9,24,6,5,14,8,0,66
2024-03-02 09:30:00,1,22,7,7,32,13,0,82
2024-03-02 09:40:00,6,34,10,16,23,10,0,99
2024-03-02 09:50:00,5,37,15,16,28,20,0,121
2024-03-02 10:00:00,5,30,16,12,24,17,0,104
2024-03-02 10:10:00,8,34,10,17,22,18,0,109
2024-03-02 10:20:00,6,26,12,15,28,15,0,102
2024-03-02 10:30:00,6,34,19,11,26,13,0,109
2024-03-02 10:40:00,9,31,11,10,20,27,0,108
2024-03-02 10:50:00,7,46,18,12,26,25,0,134
2024-03-02 11:00:00,12,37,17,17,23,15,0,121
2024-03-02 11:10:00,12,31,21,21,23,22,0,130
2024-03-02 11:20:00,10,42,23,28,25,16,0,144
2024-03-02 11:30:00,9,36,14,18,32,25,0,134
2024-03-02 11:40:00,9,39,11,8,23,23,0,113
2024-03-02 11:50:00,11,53,25,19,23,17,0,148
2024-03-02 12:00:00,14,65,15,16,22,13,0,145
2024-03-02 12:10:00,15,33,19,15,23,15,0,120
2024-03-02 12:20:00,16,33,10,19,28,25,0,131
2024-03-02 12:30:00,15,32,15,16,21,31,0,130
2024-03-02 12:40:00,15,43,17,18,27,25,0,145
2024-03-02 12:50:00,6,60,13,50,27,22,0,178
2024-03-02 13:00:00,13,54,33,18,33,26,0,177
2024-03-02 13:10:00,17,44,20,20,24,15,0,140
2024-03-02 13:20:00,16,40,19,20,25,20,0,140
2024-03-02 13:30:00,17,39,21,17,22,16,0,132
2024-03-02 13:40:00,20,45,19,16,29,29,0,158
2024-03-02 13:50:00,18,46,23,15,59,20,0,181
2024-03-02 14:00:00,14,47,19,18,27,22,0,147
2024-03-02 14:10:00,21,30,18,12,24,20,0,125
2024-03-02 14:20:00,16,46,17,18,24,18,0,139
2024-03-02 14:30:00,14,46,18,12,27,15,0,132
2024-03-02 14:40:00,16,48,20,20,23,27,0,154
2024-03-02 14:50:00,14,34,15,23,30,30,0,146
2024-03-02 15:00:00,8,36,18,14,17,15,0,108
2024-03-02 15:10:00,15,40,13,19,18,16,0,121
2024-03-02 15:20:00,13,38,14,21,24,21,0,131
2024-03-02 15:30:00,7,31,17,18,19,24,0,116
2024-03-02 15:40:00,17,27,19,15,20,21,0,119
2024-03-02 15:50:00,19,41,15,17,17,82,0,191
2024-03-02 16:00:00,20,36,9,11,21,21,0,118
2024-03-02 16:10:00,13,33,13,6,21,17,0,103
2024-03-02 16:20:00,14,39,11,18,19,20,0,121
2024-03-02 16:30:00,7,35,22,15,26,12,0,117
2024-03-02 16:40:00,9,30,9,13,18,15,0,94
2024-03-02 16:50:00,15,50,15,22,22,18,0,142
2024-03-02 17:00:00,15,41,11,13,24,18,0,122
2024-03-02 17:10:00,12,37,23,17,17,14,0,120
2024-03-02 17:20:00,18,31,18,18,17,18,0,120
2024-03-02 17:30:00,11,24,14,14,15,13,0,91
2024-03-02 17:40:00,13,35,18,15,18,10,0,109
2024-03-02 17:50:00,11,42,40,17,26,53,0,189
2024-03-02 18:00:00,8,32,13,16,18,15,0,102
2024-03-02 18:10:00,14,46,16,41,16,68,0,201
2024-03-02 18:20:00,8,37,16,24,23,23,0,131
2024-03-02 18:30:00,12,36,11,19,23,26,0,127
2024-03-02 18:40:00,13,32,13,13,14,15,0,100
2024-03-02 18:50:00,12,30,11,11,19,13,0,96
2024-03-02 19:00:00,19,34,59,11,15,23,0,161
2024-03-02 19:10:00,4,43,12,14,16,17,0,106
2024-03-02 19:20:00,8,42,19,12,12,47,0,140
2024-03-02 19:30:00,13,34,12,11,23,17,0,110
2024-03-02 19:40:00,10,24,8,14,23,16,0,95
2024-03-02 19:50:00,6,38,12,15,13,19,0,103
2024-03-02 20:00:00,10,30,13,11,13,22,0,99
2024-03-02 20:10:00,10,26,13,5,16,18,0,88
2024-03-02 20:20:00,7,27,9,14,16,21,0,94
2024-03-02 20:30:00,13,30,5,14,19,8,0,89
2024-03-02 20:40:00,10,29,7,8,14,10,0,78
2024-03-02 20:50:00,7,15,6,15,18,9,0,70
2024-03-02 21:00:00,4,18,5,11,14,16,0,68
2024-03-02 21:10:00,6,20,9,12,17,11,0,75
2024-03-02 21:20:00,6,25,13,8,16,20,0,88
2024-03-02 21:30:00,3,20,8,8,14,11,0,64
2024-03-02 21:40:00,10,24,7,9,12,9,0,71
2024-03-02 21:50:00,7,29,8,8,12,10,0,74
2024-03-02 22:00:00,3,12,6,4,8,14,0,47
2024-03-02 22:10:00,7,26,13,14,13,23,0,96
2024-03-02 22:20:00,10,20,3,4,6,10,0,53
2024-03-02 22:30:00,5,16,9,5,14,12,0,61
2024-03-02 22:40:00,6,30,10,10,9,16,0,81
2024-03-02 22:50:00,6,20,5,9,8,11,0,59
2024-03-02 23:00:00,6,14,6,6,12,9,0,53
2024-03-02 23:10:00,6,14,4,9,19,8,0,60
2024-03-02 23:20:00,3,10,7,5,10,6,0,41
2024-03-02 23:30:00,4,7,2,8,9,9,0,39
2024-03-02 23:40:00,4,8,15,8,14,11,0,60
2024-03-02 23:50:00,5,15,6,7,9,10,0,52
2024-03-03 00:00:00,2,12,6,5,2,9,0,36
2024-03-03 00:10:00,2,14,4,6,11,9,0,46
2024-03-03 00:20:00,4,7,4,5,10,14,0,44
2024-03-03 00:30:00,2,8,3,9,2,6,0,30
2024-03-03 00:40:00,2,25,8,2,6,10,0,53
2024-03-03 00:50:00,7,5,6,9,10,7,0,44
2024-03-03 01:00:00,4,7,4,7,8,10,0,40
2024-03-03 01:10:00,3,10,3,6,6,10,0,38
2024-03-03 01:20:00,3,10,2,2,6,5,0,28
2024-03-03 01:30:00,1,9,4,8,3,2,0,27
2024-03-03 01:40:00,6,10,5,1,5,4,0,31
2024-03-03 01:50:00,4,7,4,5,8,5,0,33
2024-03-03 02:00:00,6,4,5,7,6,2,0,30
2024-03-03 02:10:00,0,8,4,3,5,5,0,25
2024-03-03 02:20:00,4,4,5,2,4,2,0,21
2024-03-03 02:30:00,3,6,1,2,5,4,0,21
2024-03-03 02:40:00,1,3,2,3,5,4,0,18
2024-03-03 02:50:00,1,2,2,2,1,5,0,13
2024-03-03 03:00:00,0,6,1,0,2,4,0,13
2024-03-03 03:10:00,1,4,1,1,3,2,0,12
2024-03-03 03:20:00,2,7,12,4,3,6,0,34
2024-03-03 03:30:00,1,4,1,2,3,5,0,16
2024-03-03 03:40:00,0,8,2,1,3,2,0,16
2024-03-03 03:50:00,2,5,1,0,1,2,0,11
2024-03-03 04:00:00,2,6,2,3,3,2,0,18
2024-03-03 04:10:00,5,2,4,6,5,6,0,28
2024-03-03 04:20:00,1,5,3,0,3,4,0,16
2024-03-03 04:30:00,3,2,1,8,3,1,0,18
2024-03-03 04:40:00,1,5,1,3,1,2,0,13
2024-03-03 04:50:00,3,7,5,6,8,5,0,34
2024-03-03 05:00:00,5,8,4,0,1,5,0,23
2024-03-03 05:10:00,1,6,10,3,4,7,0,31
2024-03-03 05:20:00,1,9,5,2,4,7,0,28
2024-03-03 05:30:00,0,6,4,2,4,1,0,17
2024-03-03 05:40:00,1,7,3,0,1,1,0,13
2024-03-03 05:50:00,2,2,4,3,5,5,0,21
2024-03-03 06:00:00,0,4,3,3,3,7,0,20
2024-03-03 06:10:00,0,5,4,3,4,5,0,21
2024-03-03 06:20:00,1,0,0,0,4,3,0,8
2024-03-03 06:30:00,0,3,3,2,1,1,0,10
2024-03-03 06:40:00,1,4,6,0,5,5,0,21
2024-03-03 06:50:00,3,2,4,2,1,2,0,14
2024-03-03 07:00:00,1,7,7,1,1,4,0,21
2024-03-03 07:10:00,2,5,2,3,2,6,0,20
2024-03-03 07:20:00,0,3,1,0,2,1,0,7
2024-03-03 07:30:00,2,3,5,1,1,4,0,16
2024-03-03 07:40:00,2,3,5,1,0,3,0,14
2024-03-03 07:50:00,1,4,1,3,2,5,0,16
2024-03-03 08:00:00,0,1,2,6,6,3,0,18
2024-03-03 08:10:00,0,5,2,0,5,3,0,15
2024-03-03 08:20:00,0,3,3,0,6,3,0,15
2024-03-03 08:30:00,1,6,6,1,3,4,0,21
2024-03-03 08:40:00,1,5,7,1,5,4,0,23
2024-03-03 08:50:00,0,10,5,6,7,4,0,32
2024-03-03 09:00:00,2,6,3,2,10,5,0,28
2024-03-03 09:10:00,4,9,4,2,7,8,0,34
2024-03-03 09:20:00,3,12,15,2,17,8,0,57
2024-03-03 09:30:00,3,14,8,9,16,6,0,56
2024-03-03 09:40:00,5,13,7,3,7,16,0,51
2024-03-03 09:50:00,5,10,13,8,12,5,0,53
2024-03-03 10:00:00,3,15,7,4,6,8,0,43
2024-03-03 10:10:00,3,13,9,6,12,11,0,54
2024-03-03 10:20:00,3,14,7,7,18,9,0,58
2024-03-03 10:30:00,7,12,13,9,18,11,0,70
2024-03-03 10:40:00,6,21,10,6,10,11,0,64
2024-03-03 10:50:00,6,13,3,5,16,6,0,49
2024-03-03 11:00:00,2,11,12,7,7,7,0,46
2024-03-03 11:10:00,7,11,6,6,15,12,0,57
2024-03-03 11:20:00,4,17,7,7,6,9,0,50
2024-03-03 11:30:00,6,20,10,7,10,7,0,60
2024-03-03 11:40:00,7,16,8,9,17,13,0,70
2024-03-03 11:50:00,5,22,9,13,12,13,0,74
2024-03-03 12:00:00,4,25,16,10,14,19,0,88
2024-03-03 12:10:00,6,33,14,8,14,7,0,82
2024-03-03 12:20:00,3,27,10,12,16,9,0,77
2024-03-03 12:30:00,5,16,11,17,15,10,0,74
2024-03-03 12:40:00,8,19,12,12,22,17,0,90
2024-03-03 12:50:00,4,18,12,27,13,13,0,87
2024-03-03 13:00:00,12,39,17,31,10,12,0,121
2024-03-03 13:10:00,10,64,11,3,23,26,0,137
2024-03-03 13:20:00,4,26,10,8,13,21,0,82
2024-03-03 13:30:00,6,26,9,34,12,14,0,101
2024-03-03 13:40:00,5,22,12,8,14,20,0,81
2024-03-03 13:50:00,8,29,1,14,13,15,0,80
2024-03-03 14:00:00,7,22,12,8,15,9,0,73
2024-03-03 14:10:00,14,23,6,32,11,10,0,96
2024-03-03 14:20:00,6,15,4,11,21,11,0,68
2024-03-03 14:30:00,10,21,6,12,12,16,0,77
2024-03-03 14:40:00,6,30,5,15,14,14,0,84
2024-03-03 14:50:00,9,29,8,3,18,11,0,78
2024-03-03 15:00:00,4,19,12,18,14,16,0,83
2024-03-03 15:10:00,6,24,17,5,11,11,0,74
2024-03-03 15:20:00,6,26,12,8,24,12,0,88
2024-03-03 15:30:00,12,23,11,8,17,20,0,91
2024-03-03 15:40:00,7,35,10,12,15,19,0,98
2024-03-03 15:50:00,10,24,6,12,16,10,0,78
2024-03-03 16:00:00,4,22,11,9,9,15,0,70
2024-03-03 16:10:00,7,28,9,12,24,20,0,100
2024-03-03 16:20:00,9,23,8,10,25,21,0,96
2024-03-03 16:30:00,5,31,12,13,26,7,0,94
2024-03-03 16:40:00,1,19,15,13,15,23,0,86
2024-03-03 16:50:00,10,20,7,12,14,15,0,78
2024-03-03 17:00:00,13,23,10,18,12,10,0,86
2024-03-03 17:10:00,6,33,17,11,20,17,0,104
2024-03-03 17:20:00,10,30,12,11,8,16,0,87
2024-03-03 17:30:00,2,21,10,12,23,16,0,84
2024-03-03 17:40:00,6,24,14,9,14,17,0,84
2024-03-03 17:50:00,11,20,10,14,23,21,0,99
2024-03-03 18:00:00,7,29,7,15,12,13,0,83
2024-03-03 18:10:00,6,23,18,15,19,16,0,97
2024-03-03 18:20:00,5,16,8,10,14,16,0,69
2024-03-03 18:30:00,5,26,4,12,17,16,0,80
2024-03-03 18:40:00,4,30,13,8,15,10,0,80
2024-03-03 18:50:00,7,34,11,11,13,14,0,90
2024-03-03 19:00:00,8,17,11,7,15,14,0,72
2024-03-03 19:10:00,4,28,8,11,16,12,0,79
2024-03-03 19:20:00,5,25,6,16,8,15,0,75
2024-03-03 19:30:00,6,29,7,9,13,16,0,80
2024-03-03 19:40:00,3,22,6,10,18,7,0,66
2024-03-03 19:50:00,10,23,8,11,12,10,0,74
2024-03-03 20:00:00,6,17,4,11,14,12,0,64
2024-03-03 20:10:00,6,25,6,9,18,19,0,83
2024-03-03 20:20:00,8,20,11,9,14,11,0,73
2024-03-03 20:30:00,7,16,3,10,11,15,0,62
2024-03-03 20:40:00,6,13,9,7,11,12,0,58
2024-03-03 20:50:00,7,25,8,10,14,14,0,78
2024-03-03 21:00:00,1,15,7,12,11,9,0,55
2024-03-03 21:10:00,6,21,4,6,13,10,0,60
2024-03-03 21:20:00,4,15,6,10,9,1,0,45
2024-03-03 21:30:00,5,15,6,5,8,8,0,47
2024-03-03 21:40:00,7,12,7,3,9,12,0,50
2024-03-03 21:50:00,2,43,5,10,3,7,0,70
2024-03-03 22:00:00,5,22,11,9,10,9,0,66
2024-03-03 22:10:00,0,12,5,8,11,13,0,49
2024-03-03 22:20:00,7,5,10,5,18,10,0,55
2024-03-03 22:30:00,3,10,3,8,9,6,0,39
2024-03-03 22:40:00,1,8,4,5,9,10,0,37
2024-03-03 22:50:00,5,8,4,3,5,7,0,32
2024-03-03 23:00:00,0,5,3,2,6,6,0,22
2024-03-03 23:10:00,1,11,7,3,7,2,0,31
2024-03-03 23:20:00,1,8,4,4,5,5,0,27
2024-03-03 23:30:00,1,3,5,2,3,5,0,19
2024-03-03 23:40:00,1,11,4,3,9,10,0,38
2024-03-03 23:50:00,0,5,4,1,5,2,0,17
2024-03-04 00:00:00,2,7,1,2,3,3,0,18
2024-03-04 00:10:00,0,4,2,1,3,3,0,13
2024-03-04 00:20:00,3,6,2,2,4,6,0,23
2024-03-04 00:30:00,1,0,0,3,3,3,0,10
2024-03-04 00:40:00,3,5,4,3,5,4,0,24
2024-03-04 00:50:00,1,2,1,3,3,2,0,12
2024-03-04 01:00:00,0,1,1,1,1,2,0,6
2024-03-04 01:10:00,2,1,1,2,2,3,0,11
2024-03-04 01:20:00,0,1,1,0,2,4,0,8
2024-03-04 01:30:00,1,3,2,0,2,6,0,14
2024-03-04 01:40:00,1,2,3,2,3,3,0,14
2024-03-04 01:50:00,0,1,1,1,3,1,0,7
2024-03-04 02:00:00,0,1,1,0,1,1,0,4
2024-03-04 02:10:00,2,0,3,1,1,2,0,9
2024-03-04 02:20:00,1,2,1,2,1,1,0,8
2024-03-04 02:30:00,1,3,3,0,0,3,0,10
2024-03-04 02:40:00,0,0,0,0,0,0,0,0
2024-03-04 02:50:00,0,1,1,0,0,2,0,4
2024-03-04 03:00:00,0,1,1,0,0,0,0,2
2024-03-04 03:10:00,1,1,1,2,1,0,0,6
2024-03-04 03:20:00,0,0,1,0,2,3,0,6
2024-03-04 03:30:00,1,3,0,1,1,1,0,7
2024-03-04 03:40:00,0,1,1,3,2,3,0,10
2024-03-04 03:50:00,1,0,0,0,2,1,0,4
2024-03-04 04:00:00,0,4,4,1,2,1,0,12
2024-03-04 04:10:00,3,2,4,1,2,1,0,13
2024-03-04 04:20:00,2,6,3,5,5,5,0,26
2024-03-04 04:30:00,2,4,3,0,4,3,0,16
2024-03-04 04:40:00,0,6,7,0,1,2,0,16
2024-03-04 04:50:00,0,1,2,7,6,6,0,22
2024-03-04 05:00:00,6,5,6,7,4,9,0,37
2024-03-04 05:10:00,1,11,10,3,8,9,0,42
2024-03-04 05:20:00,6,7,3,5,12,3,0,36
2024-03-04 05:30:00,5,14,18,4,15,10,0,66
2024-03-04 05:40:00,7,14,14,16,19,23,0,93
2024-03-04 05:50:00,3,15,10,12,21,9,0,70
2024-03-04 06:00:00,4,22,17,17,21,14,0,95
2024-03-04 06:10:00,11,24,5,9,23,14,0,86
2024-03-04 06:20:00,9,16,17,8,19,18,0,87
2024-03-04 06:30:00,7,20,18,18,24,19,0,106
2024-03-04 06:40:00,21,18,20,19,15,14,0,107
2024-03-04 06:50:00,8,27,59,36,21,29,0,180
2024-03-04 07:00:00,16,22,22,22,30,16,0,128
2024-03-04 07:10:00,19,31,31,20,27,15,0,143
2024-03-04 07:20:00,43,48,65,24,28,117,0,325
2024-03-04 07:30:00,30,39,26,24,41,23,0,183
2024-03-04 07:40:00,37,31,38,15,19,18,0,158
2024-03-04 07:50:00,34,37,17,22,30,25,0,165
2024-03-04 08:00:00,24,34,14,22,35,27,0,156
2024-03-04 08:10:00,33,50,31,24,39,27,0,204
2024-03-04 08:20:00,28,52,22,22,25,24,0,173
2024-03-04 08:30:00,28,40,20,21,27,22,0,158
2024-03-04 08:40:00,21,40,25,18,27,24,0,155
2024-03-04 08:50:00,22,47,67,22,19,18,0,195
2024-03-04 09:00:00,15,36,25,15,32,24,0,147
2024-03-04 09:10:00,22,36,14,16,20,15,0,123
2024-03-04 09:20:00,14,39,20,13,22,12,0,120
2024-03-04 09:30:00,9,28,22,22,28,17,0,126
2024-03-04 09:40:00,14,38,16,21,26,33,0,148
2024-03-04 09:50:00,22,35,20,19,21,27,0,144
2024-03-04 10:00:00,11,33,10,23,17,26,0,120
2024-03-04 10:10:00,17,26,15,8,17,27,0,110
2024-03-04 10:20:00,18,27,15,17,23,14,0,114
2024-03-04 10:30:00,11,82,45,14,22,22,0,196
2024-03-04 10:40:00,21,40,22,23,20,14,0,140
2024-03-04 10:50:00,12,28,24,24,22,33,0,143
2024-03-04 11:00:00,8,35,20,19,29,17,0,128
2024-03-04 11:10:00,15,69,17,15,28,28,0,172
2024-03-04 11:20:00,8,40,14,23,27,21,0,133
2024-03-04 11:30:00,12,38,14,18,19,18,0,119
2024-03-04 11:40:00,14,39,22,15,29,21,0,140
2024-03-04 11:50:00,18,35,18,15,25,34,0,145
2024-03-04 12:00:00,13,43,25,15,33,22,0,151
2024-03-04 12:10:00,23,35,66,23,29,28,0,204
2024-03-04 12:20:00,17,45,22,21,25,23,0,153
2024-03-04 12:30:00,12,48,25,20,26,26,0,157
2024-03-04 12:40:00,17,52,16,19,31,14,0,149
2024-03-04 12:50:00,15,91,22,26,27,25,0,206
2024-03-04 13:00:00,15,34,22,16,29,23,0,139
2024-03-04 13:10:00,16,34,11,30,28,23,0,142
2024-03-04 13:20:00,17,43,22,24,20,33,0,159
2024-03-04 13:30:00,15,41,20,38,26,17,0,157
2024-03-04 13:40:00,17,34,18,17,27,25,0,138
2024-03-04 13:50:00,9,32,24,21,28,18,0,132
2024-03-04 14:00:00,20,36,17,23,22,23,0,141
2024-03-04 14:10:00,11,45,21,23,39,65,0,204
2024-03-04 14:20:00,21,54,15,22,26,30,0,168
2024-03-04 14:30:00,16,37,17,20,16,38,0,144
2024-03-04 14:40:00,25,48,26,18,36,25,0,178
2024-03-04 14:50:00,18,49,22,35,21,53,0,198
2024-03-04 15:00:00,21,48,21,18,33,17,0,158
2024-03-04 15:10:00,15,27,21,34,32,33,0,162
2024-03-04 15:20:00,21,61,26,31,28,26,0,193
2024-03-04 15:30:00,23,47,22,31,18,23,0,164
2024-03-04 15:40:00,17,50,18,32,27,23,0,167
2024-03-04 15:50:00,20,43,24,32,33,24,0,176
2024-03-04 16:00:00,24,62,23,110,26,35,0,280
2024-03-04 16:10:00,26,54,20,35,24,29,0,188
2024-03-04 16:20:00,28,63,20,40,24,25,0,200
2024-03-04 16:30:00,28,44,17,85,30,24,0,228
2024-03-04 16:40:00,26,52,18,57,16,32,0,201
2024-03-04 16:50:00,26,61,31,31,23,22,0,194
2024-03-04 17:00:00,24,48,21,40,36,25,0,194
2024-03-04 17:10:00,18,54,16,40,27,27,0,182
2024-03-04 17:20:00,28,52,14,17,30,25,0,166
2024-03-04 17:30:00,24,39,22,28,25,22,0,160
2024-03-04 17:40:00,19,49,11,20,29,24,0,152
2024-03-04 17:50:00,21,45,21,29,37,19,0,172
2024-03-04 18:00:00,23,53,16,20,28,16,0,156
2024-03-04 18:10:00,23,31,23,24,22,23,0,146
2024-03-04 18:20:00,17,35,16,14,28,21,0,131
2024-03-04 18:30:00,12,33,21,24,26,21,0,137
2024-03-04 18:40:00,15,36,24,23,19,20,0,137
2024-03-04 18:50:00,19,39,11,19,25,15,0,128
2024-03-04 19:00:00,11,36,15,13,19,11,0,105
2024-03-04 19:10:00,16,47,18,17,15,16,0,129
2024-03-04 19:20:00,17,34,11,16,17,14,0,109
2024-03-04 19:30:00,9,30,37,61,20,14,0,171
2024-03-04 19:40:00,8,21,15,39,12,12,0,107
2024-03-04 19:50:00,8,25,10,14,12,10,0,79
2024-03-04 20:00:00,3,22,9,14,9,14,0,71
2024-03-04 20:10:00,7,23,10,7,14,11,0,72
2024-03-04 20:20:00,5,23,13,9,17,14,0,81
2024-03-04 20:30:00,5,18,9,6,14,14,0,66
2024-03-04 20:40:00,6,16,7,7,7,11,0,54
2024-03-04 20:50:00,3,23,11,10,18,14,0,79
2024-03-04 21:00:00,4,17,5,5,13,11,0,55
2024-03-04 21:10:00,5,19,11,9,18,9,0,71
2024-03-04 21:20:00,1,21,14,7,7,16,0,66
2024-03-04 21:30:00,6,24,20,10,10,19,0,89
2024-03-04 21:40:00,2,14,15,8,7,16,0,62
2024-03-04 21:50:00,5,16,10,8,9,8,0,56
2024-03-04 22:00:00,4,11,3,8,9,11,0,46
2024-03-04 22:10:00,4,11,4,5,10,16,0,50
2024-03-04 22:20:00,8,12,4,7,15,9,0,55
2024-03-04 22:30:00,4,18,7,3,4,8,0,44
2024-03-04 22:40:00,5,10,6,6,9,6,0,42
2024-03-04 22:50:00,3,12,10,5,11,13,0,54
2024-03-04 23:00:00,4,7,10,3,6,6,0,36
2024-03-04 23:10:00,2,15,8,1,4,6,0,36
2024-03-04 23:20:00,2,8,3,6,8,10,0,37
2024-03-04 23:30:00,3,3,1,6,3,5,0,21
2024-03-04 23:40:00,0,5,0,2,5,8,0,20
2024-03-04 23:50:00,0,12,3,1,3,4,0,23
2024-03-05 00:00:00,3,4,2,1,3,2,0,15
2024-03-05 00:10:00,3,1,1,4,3,3,0,15
2024-03-05 00:20:00,2,3,0,3,3,6,0,17
2024-03-05 00:30:00,0,3,3,1,3,4,0,14
2024-03-05 00:40:00,0,4,3,3,1,0,0,11
2024-03-05 00:50:00,1,3,3,1,4,1,0,13
2024-03-05 01:00:00,3,1,2,1,1,4,0,12
2024-03-05 01:10:00,0,2,1,0,1,4,0,8
2024-03-05 01:20:00,0,4,1,0,2,2,0,9
2024-03-05 01:30:00,0,2,1,3,6,1,0,13
2024-03-05 01:40:00,0,0,0,0,1,0,0,1
2024-03-05 01:50:00,0,0,0,1,0,1,0,2
2024-03-05 02:00:00,1,3,2,2,4,2,0,14
2024-03-05 02:10:00,1,2,1,2,3,4,0,13
2024-03-05 02:20:00,0,2,4,1,0,3,0,10
2024-03-05 02:30:00,3,3,3,14,2,4,0,29
2024-03-05 02:40:00,0,0,1,0,0,1,0,2
2024-03-05 02:50:00,1,1,0,0,0,1,0,3
2024-03-05 03:00:00,1,3,0,1,0,1,0,6
2024-03-05 03:10:00,1,0,1,3,4,2,0,11
2024-03-05 03:20:00,0,1,4,0,2,1,0,8
2024-03-05 03:30:00,0,1,2,1,2,3,0,9
2024-03-05 03:40:00,1,3,2,0,1,3,0,10
2024-03-05 03:50:00,1,3,1,1,1,1,0,8
2024-03-05 04:00:00,1,1,2,1,1,2,0,8
2024-03-05 04:10:00,0,1,0,1,2,1,0,5
2024-03-05 04:20:00,1,0,1,2,1,2,0,7
2024-03-05 04:30:00,3,2,2,0,2,5,0,14
2024-03-05 04:40:00,1,6,25,1,2,3,0,38
2024-03-05 04:50:00,4,3,2,0,4,7,0,20
2024-03-05 05:00:00,2,8,3,5,3,7,0,28
2024-03-05 05:10:00,2,7,1,3,11,9,0,33
2024-03-05 05:20:00,0,4,3,9,14,2,0,32
2024-03-05 05:30:00,2,8,18,6,8,5,0,47
2024-03-05 05:40:00,5,15,15,5,18,16,0,74
2024-03-05 05:50:00,6,10,12,9,20,10,0,67
2024-03-05 06:00:00,8,19,8,20,23,13,0,91
2024-03-05 06:10:00,8,29,11,4,14,13,0,79
2024-03-05 06:20:00,6,13,18,15,21,17,0,90
2024-03-05 06:30:00,14,23,13,15,32,23,0,120
2024-03-05 06:40:00,21,15,19,21,23,16,0,115
2024-03-05 06:50:00,9,22,18,27,22,18,0,116
2024-03-05 07:00:00,25,35,22,22,22,19,0,145
2024-03-05 07:10:00,19,29,24,17,21,18,0,128
2024-03-05 07:20:00,22,42,44,27,28,21,0,184
2024-03-05 07:30:00,36,43,30,17,36,20,0,182
2024-03-05 07:40:00,38,34,28,26,28,21,0,175
2024-03-05 07:50:00,26,52,25,19,32,24,0,178
2024-03-05 08:00:00,39,47,19,15,23,29,0,172
2024-03-05 08:10:00,28,42,18,18,37,16,0,159
2024-03-05 08:20:00,24,36,21,20,26,17,0,144
2024-03-05 08:30:00,37,36,16,17,26,18,0,150
2024-03-05 08:40:00,25,86,33,18,35,18,0,215
2024-03-05 08:50:00,18,43,18,20,27,45,0,171
2024-03-05 09:00:00,20,35,21,20,34,22,0,152
2024-03-05 09:10:00,20,32,26,18,23,11,0,130
2024-03-05 09:20:00,15,22,28,19,23,24,0,131
2024-03-05 09:30:00,25,32,23,12,23,8,0,123
2024-03-05 09:40:00,21,40,14,14,26,18,0,133
2024-03-05 09:50:00,15,34,17,22,26,21,0,135
2024-03-05 10:00:00,15,30,25,20,22,14,0,126
2024-03-05 10:10:00,11,35,17,16,24,25,0,128
2024-03-05 10:20:00,21,37,25,13,17,18,0,131
2024-03-05 10:30:00,13,40,19,22,24,11,0,129
2024-03-05 10:40:00,21,25,22,18,22,19,0,127
2024-03-05 10:50:00,17,35,18,14,24,16,0,124
2024-03-05 11:00:00,14,27,16,12,23,15,0,107
2024-03-05 11:10:00,11,41,24,15,26,25,0,142
2024-03-05 11:20:00,16,31,23,21,18,21,0,130
2024-03-05 11:30:00,76,48,25,18,30,39,0,236
2024-03-05 11:40:00,21,36,22,17,24,24,0,144
2024-03-05 11:50:00,14,35,18,22,31,31,0,151
2024-03-05 12:00:00,11,49,13,20,22,28,0,143
2024-03-05 12:10:00,23,41,28,22,25,27,0,166
2024-03-05 12:20:00,19,61,63,20,23,25,0,211
2024-03-05 12:30:00,16,38,19,25,24,23,0,145
2024-03-05 12:40:00,19,29,18,16,26,17,0,125
2024-03-05 12:50:00,19,31,65,20,26,14,0,175
2024-03-05 13:00:00,16,31,20,25,20,19,0,131
2024-03-05 13:10:00,18,34,17,22,30,55,0,176
2024-03-05 13:20:00,15,41,19,28,28,30,0,161
2024-03-05 13:30:00,17,43,18,63,23,23,0,187
2024-03-05 13:40:00,20,39,15,21,25,24,0,144
2024-03-05 13:50:00,6,30,24,22,22,27,0,131
2024-03-05 14:00:00,13,39,14,25,29,27,0,147
2024-03-05 14:10:00,14,46,25,18,34,19,0,156
2024-03-05 14:20:00,25,56,23,25,16,32,0,177
2024-03-05 14:30:00,10,59,14,24,27,31,0,165
2024-03-05 14:40:00,16,47,21,38,25,16,0,163
2024-03-05 14:50:00,28,54,29,59,22,29,0,221
2024-03-05 15:00:00,23,37,31,20,23,23,0,157
2024-03-05 15:10:00,18,49,24,34,35,19,0,179
2024-03-05 15:20:00,27,43,20,30,30,22,0,172
2024-03-05 15:30:00,15,35,19,35,28,31,0,163
2024-03-05 15:40:00,22,48,16,37,24,23,0,170
2024-03-05 15:50:00,21,56,23,40,31,25,0,196
2024-03-05 16:00:00,28,41,17,35,30,26,0,177
2024-03-05 16:10:00,28,52,24,34,25,19,0,182
2024-03-05 16:20:00,27,50,28,38,39,35,0,217
2024-03-05 16:30:00,33,39,15,22,30,37,0,176
2024-03-05 16:40:00,26,53,30,35,28,25,0,197
2024-03-05 16:50:00,18,51,25,41,33,27,0,195
2024-03-05 17:00:00,21,45,36,36,23,29,0,190
2024-03-05 17:10:00,28,50,15,34,25,29,0,181
2024-03-05 17:20:00,25,47,21,33,23,28,0,177
2024-03-05 17:30:00,26,53,26,25,34,32,0,196
2024-03-05 17:40:00,20,45,26,29,77,23,0,220
2024-03-05 17:50:00,16,43,22,24,38,26,0,169
2024-03-05 18:00:00,20,38,22,25,32,19,0,156
2024-03-05 18:10:00,27,47,14,29,25,46,0,188
2024-03-05 18:20:00,12,40,16,21,32,20,0,141
2024-03-05 18:30:00,17,43,27,17,21,26,0,151
2024-03-05 18:40:00,23,35,18,24,22,22,0,144
2024-03-05 18:50:00,11,42,15,33,23,13,0,137
2024-03-05 19:00:00,15,40,13,16,26,29,0,139
2024-03-05 19:10:00,8,40,10,20,27,16,0,121
2024-03-05 19:20:00,13,28,22,13,22,12,0,110
2024-03-05 19:30:00,15,23,10,26,11,11,0,96
2024-03-05 19:40:00,12,29,12,11,15,20,0,99
2024-03-05 19:50:00,11,31,12,17,14,14,0,99
2024-03-05 20:00:00,11,36,17,9,20,17,0,110
2024-03-05 20:10:00,3,29,12,6,19,14,0,83
2024-03-05 20:20:00,10,26,10,14,12,11,0,83
2024-03-05 20:30:00,8,20,11,8,17,19,0,83
2024-03-05 20:40:00,5,19,8,15,14,22,0,83
2024-03-05 20:50:00,2,18,4,10,6,8,0,48
2024-03-05 21:00:00,1,22,13,9,14,6,0,65
2024-03-05 21:10:00,7,16,8,8,9,11,0,59
2024-03-05 21:20:00,10,14,4,9,10,9,0,56
2024-03-05 21:30:00,3,19,5,6,11,8,0,52
2024-03-05 21:40:00,7,8,5,12,11,8,0,51
2024-03-05 21:50:00,5,18,9,12,11,9,0,64
2024-03-05 22:00:00,6,11,2,9,14,13,0,55
2024-03-05 22:10:00,3,15,10,10,11,12,0,61
2024-03-05 22:20:00,3,20,6,9,11,12,0,61
2024-03-05 22:30:00,6,16,11,4,6,11,0,54
2024-03-05 22:40:00,13,13,1,5,9,13,0,54
2024-03-05 22:50:00,5,8,6,4,8,6,0,37
2024-03-05 23:00:00,2,17,3,4,6,13,0,45
2024-03-05 23:10:00,5,7,4,6,7,7,0,36
2024-03-05 23:20:00,0,9,8,4,8,5,0,34
2024-03-05 23:30:00,4,7,2,2,5,8,0,28
2024-03-05 23:40:00,2,7,2,3,5,6,0,25
2024-03-05 23:50:00,1,3,1,3,3,4,0,15
2024-03-06 00:00:00,1,8,4,2,2,4,0,21
2024-03-06 00:10:00,0,5,0,1,3,2,0,11
2024-03-06 00:20:00,0,1,0,2,0,4,0,7
2024-03-06 00:30:00,0,3,0,0,2,3,0,8
2024-03-06 00:40:00,0,6,6,3,3,2,0,20
2024-03-06 00:50:00,2,9,2,7,5,1,0,26
2024-03-06 01:00:00,2,4,2,0,1,3,0,12
2024-03-06 01:10:00,0,2,6,0,6,4,0,18
2024-03-06 01:20:00,0,3,4,1,1,2,0,11
2024-03-06 01:30:00,2,2,1,3,2,4,0,14
2024-03-06 01:40:00,2,3,1,1,0,5,0,12
2024-03-06 01:50:00,1,0,0,3,6,5,0,15
2024-03-06 02:00:00,0,2,0,0,1,2,0,5
2024-03-06 02:10:00,2,2,1,1,2,1,0,9
2024-03-06 02:20:00,0,3,1,1,0,3,0,8
2024-03-06 02:30:00,0,1,0,0,0,0,0,1
2024-03-06 02:40:00,2,2,1,1,1,1,0,8
2024-03-06 02:50:00,1,3,3,1,2,3,0,13
2024-03-06 03:00:00,0,2,0,0,0,0,0,2
2024-03-06 03:10:00,2,2,0,2,1,1,0,8
2024-03-06 03:20:00,0,3,5,0,0,4,0,12
2024-03-06 03:30:00,1,3,4,1,0,1,0,10
2024-03-06 03:40:00,1,0,2,3,2,4,0,12
2024-03-06 03:50:00,1,3,0,1,4,2,0,11
2024-03-06 04:00:00,1,1,3,2,1,1,0,9
2024-03-06 04:10:00,0,2,1,2,4,2,0,11
2024-03-06 04:20:00,0,3,3,1,1,2,0,10
2024-03-06 04:30:00,1,5,8,1,2,5,0,22
2024-03-06 04:40:00,1,4,3,2,6,7,0,23
2024-03-06 04:50:00,0,4,3,3,6,4,0,20
2024-03-06 05:00:00,1,3,4,9,5,4,0,26
2024-03-06 05:10:00,2,11,1,19,10,10,0,53
2024-03-06 05:20:00,5,9,8,4,10,4,0,40
2024-03-06 05:30:00,4,9,12,9,12,8,0,54
2024-03-06 05:40:00,9,10,8,5,10,13,0,55
2024-03-06 05:50:00,7,14,16,9,23,8,0,77
2024-03-06 06:00:00,5,18,10,12,22,11,0,78
2024-03-06 06:10:00,14,20,10,9,24,14,0,91
2024-03-06 06:20:00,11,12,8,6,17,16,0,70
2024-03-06 06:30:00,11,18,8,12,19,16,0,84
2024-03-06 06:40:00,7,19,21,20,20,9,0,96
2024-03-06 06:50:00,18,25,25,27,29,24,0,148
2024-03-06 07:00:00,19,28,32,26,23,13,0,141
2024-03-06 07:10:00,33,33,22,15,41,31,0,175
2024-03-06 07:20:00,27,41,28,13,16,15,0,140
2024-03-06 07:30:00,39,32,31,18,28,18,0,166
2024-03-06 07:40:00,39,49,36,28,35,34,0,221
2024-03-06 07:50:00,38,37,26,21,35,22,0,179
2024-03-06 08:00:00,30,48,25,31,38,29,0,201
2024-03-06 08:10:00,27,40,25,26,17,29,0,164
2024-03-06 08:20:00,29,30,22,22,25,19,0,147
2024-03-06 08:30:00,25,36,20,18,39,32,0,170
2024-03-06 08:40:00,25,42,29,20,25,55,0,196
2024-03-06 08:50:00,20,32,23,21,22,26,0,144
2024-03-06 09:00:00,19,40,19,15,26,23,0,142
2024-03-06 09:10:00,23,31,31,24,17,17,0,143
2024-03-06 09:20:00,12,32,17,16,25,19,0,121
2024-03-06 09:30:00,14,36,33,13,30,19,0,145
2024-03-06 09:40:00,17,32,22,25,28,30,0,154
2024-03-06 09:50:00,17,31,20,14,27,25,0,134
2024-03-06 10:00:00,18,24,22,14,17,19,0,114
2024-03-06 10:10:00,17,34,44,20,24,19,0,158
2024-03-06 10:20:00,17,35,14,15,29,20,0,130
2024-03-06 10:30:00,11,35,11,17,21,11,0,106
2024-03-06 10:40:00,11,33,16,19,21,21,0,121
2024-03-06 10:50:00,16,23,19,19,23,21,0,121
2024-03-06 11:00:00,12,30,9,30,28,18,0,127
2024-03-06 11:10:00,6,33,15,14,25,16,0,109
2024-03-06 11:20:00,15,37,21,17,17,21,0,128
2024-03-06 11:30:00,19,43,17,85,27,23,0,214
2024-03-06 11:40:00,17,36,14,23,26,18,0,134
2024-03-06 11:50:00,12,44,23,20,22,96,0,217
2024-03-06 12:00:00,18,48,23,26,26,29,0,170
2024-03-06 12:10:00,15,39,22,46,27,29,0,178
2024-03-06 12:20:00,19,46,24,25,27,15,0,156
2024-03-06 12:30:00,9,45,15,18,29,26,0,142
2024-03-06 12:40:00,19,46,25,16,28,24,0,158
2024-03-06 12:50:00,14,46,15,17,27,13,0,132
2024-03-06 13:00:00,19,31,13,17,31,22,0,133
2024-03-06 13:10:00,12,30,14,31,30,19,0,136
2024-03-06 13:20:00,12,44,18,20,26,26,0,146
2024-03-06 13:30:00,11,39,18,26,26,26,0,146
2024-03-06 13:40:00,18,36,11,30,22,32,0,149
2024-03-06 13:50:00,15,41,21,22,27,17,0,143
2024-03-06 14:00:00,10,49,29,46,24,29,0,187
2024-03-06 14:10:00,16,39,18,36,31,28,0,168
2024-03-06 14:20:00,16,44,18,26,29,33,0,166
2024-03-06 14:30:00,15,43,21,21,28,25,0,153
2024-03-06 14:40:00,24,41,25,35,29,29,0,183
2024-03-06 14:50:00,19,57,24,26,25,30,0,181
2024-03-06 15:00:00,24,49,21,29,27,23,0,173
2024-03-06 15:10:00,22,39,16,26,31,22,0,156
2024-03-06 15:20:00,27,40,13,28,28,26,0,162
2024-03-06 15:30:00,21,35,26,44,32,25,0,183
2024-03-06 15:40:00,15,34,20,49,20,34,0,172
2024-03-06 15:50:00,19,48,23,30,28,35,0,183
2024-03-06 16:00:00,32,39,15,36,26,25,0,173
2024-03-06 16:10:00,28,51,24,42,22,38,0,205
2024-03-06 16:20:00,28,47,18,38,27,96,0,254
2024-03-06 16:30:00,37,48,27,29,29,26,0,196
2024-03-06 16:40:00,31,47,17,87,28,30,0,240
2024-03-06 16:50:00,18,52,25,41,31,22,0,189
2024-03-06 17:00:00,29,54,33,34,27,33,0,210
2024-03-06 17:10:00,22,38,14,37,20,31,0,162
2024-03-06 17:20:00,22,46,16,31,24,22,0,161
2024-03-06 17:30:00,21,53,21,32,19,27,0,173
2024-03-06 17:40:00,15,35,24,26,29,22,0,151
2024-03-06 17:50:00,22,52,62,20,31,23,0,210
2024-03-06 18:00:00,22,43,23,27,21,31,0,167
2024-03-06 18:10:00,27,36,20,22,39,19,0,163
2024-03-06 18:20:00,19,36,21,28,24,26,0,154
2024-03-06 18:30:00,11,40,19,21,22,22,0,135
2024-03-06 18:40:00,13,38,20,16,18,22,0,127
2024-03-06 18:50:00,16,35,18,15,17,14,0,115
2024-03-06 19:00:00,10,28,10,18,21,16,0,103
2024-03-06 19:10:00,16,42,25,15,18,15,0,131
2024-03-06 19:20:00,18,42,12,19,21,23,0,135
2024-03-06 19:30:00,17,33,11,23,15,12,0,111
2024-03-06 19:40:00,16,21,75,14,20,16,0,162
2024-03-06 19:50:00,7,28,14,8,12,17,0,86
2024-03-06 20:00:00,4,37,14,7,23,19,0,104
2024-03-06 20:10:00,12,22,7,14,16,17,0,88
2024-03-06 20:20:00,8,15,10,11,25,18,0,87
2024-03-06 20:30:00,9,19,6,10,10,12,0,66
2024-03-06 20:40:00,7,15,8,13,23,16,0,82
2024-03-06 20:50:00,5,16,4,7,10,16,0,58
2024-03-06 21:00:00,6,19,9,7,13,8,0,62
2024-03-06 21:10:00,4,16,9,7,11,8,0,55
2024-03-06 21:20:00,5,15,8,6,10,14,0,58
2024-03-06 21:30:00,4,16,9,10,11,13,0,63
2024-03-06 21:40:00,3,21,6,5,9,9,0,53
2024-03-06 21:50:00,11,18,6,14,7,9,0,65
2024-03-06 22:00:00,3,16,3,8,17,13,0,60
2024-03-06 22:10:00,3,14,4,6,9,18,0,54
2024-03-06 22:20:00,4,13,4,10,15,8,0,54
2024-03-06 22:30:00,4,14,7,3,12,7,0,47
2024-03-06 22:40:00,5,10,5,5,11,8,0,44
2024-03-06 22:50:00,4,8,4,4,4,3,0,27
2024-03-06 23:00:00,4,11,8,4,4,12,0,43
2024-03-06 23:10:00,3,8,7,4,9,6,0,37
2024-03-06 23:20:00,1,7,5,4,8,3,0,28
2024-03-06 23:30:00,6,6,3,4,4,3,0,26
2024-03-06 23:40:00,4,0,1,2,8,5,0,20
2024-03-06 23:50:00,1,7,3,4,5,3,0,23
2024-03-07 00:00:00,5,9,5,4,3,4,0,30
2024-03-07 00:10:00,0,6,4,3,2,5,0,20
2024-03-07 00:20:00,0,6,1,1,1,2,0,11
2024-03-07 00:30:00,0,4,3,1,3,3,0,14
2024-03-07 00:40:00,2,10,2,1,3,2,0,20
2024-03-07 00:50:00,0,9,4,1,3,5,0,22
2024-03-07 01:00:00,0,1,0,8,8,5,0,22
2024-03-07 01:10:00,1,1,0,1,2,3,0,8
2024-03-07 01:20:00,0,3,1,2,4,5,0,15
2024-03-07 01:30:00,0,2,0,3,3,2,0,10
2024-03-07 01:40:00,0,5,1,1,2,1,0,10
2024-03-07 01:50:00,0,4,2,3,2,2,0,13
2024-03-07 02:00:00,1,2,2,1,1,2,0,9
2024-03-07 02:10:00,1,0,1,3,3,3,0,11
2024-03-07 02:20:00,1,1,1,1,2,6,0,12
2024-03-07 02:30:00,0,3,1,0,0,4,0,8
2024-03-07 02:40:00,0,2,1,1,3,4,0,11
2024-03-07 02:50:00,2,1,0,0,0,1,0,4
2024-03-07 03:00:00,2,2,2,0,2,0,0,8
2024-03-07 03:10:00,1,2,0,3,2,2,0,10
2024-03-07 03:20:00,0,5,5,0,1,1,0,12
2024-03-07 03:30:00,4,2,5,1,1,4,0,17
2024-03-07 03:40:00,0,1,2,1,3,1,0,8
2024-03-07 03:50:00,3,1,2,0,1,2,0,9
2024-03-07 04:00:00,1,3,1,1,0,4,0,10
2024-03-07 04:10:00,1,1,1,2,1,2,0,8
2024-03-07 04:20:00,1,2,0,2,1,0,0,6
2024-03-07 04:30:00,0,3,2,2,3,3,0,13
2024-03-07 04:40:00,0,5,2,2,3,5,0,17
2024-03-07 04:50:00,0,5,2,1,5,7,0,20
2024-03-07 05:00:00,1,5,6,3,7,6,0,28
2024-03-07 05:10:00,5,10,2,4,10,7,0,38
2024-03-07 05:20:00,1,9,6,13,8,6,0,43
2024-03-07 05:30:00,6,9,8,3,10,11,0,47
2024-03-07 05:40:00,7,15,13,12,15,11,0,73
2024-03-07 05:50:00,7,12,69,16,16,8,0,128
2024-03-07 06:00:00,6,14,11,13,27,10,0,81
2024-03-07 06:10:00,8,15,9,8,19,12,0,71
2024-03-07 06:20:00,11,15,15,12,11,18,0,82
2024-03-07 06:30:00,15,20,17,14,33,29,0,128
2024-03-07 06:40:00,14,21,14,29,34,20,0,132
2024-03-07 06:50:00,17,21,14,52,16,18,0,138
2024-03-07 07:00:00,15,32,22,23,29,14,0,135
2024-03-07 07:10:00,18,36,20,25,35,23,0,157
2024-03-07 07:20:00,27,47,27,25,27,11,0,164
2024-03-07 07:30:00,47,54,20,21,28,20,0,190
2024-03-07 07:40:00,44,37,35,17,30,23,0,186
2024-03-07 07:50:00,36,39,26,34,25,18,0,178
2024-03-07 08:00:00,33,48,27,25,34,18,0,185
2024-03-07 08:10:00,31,34,21,20,39,25,0,170
2024-03-07 08:20:00,35,40,31,14,28,15,0,163
2024-03-07 08:30:00,30,50,29,24,28,21,0,182
2024-03-07 08:40:00,28,40,28,17,20,21,0,154
2024-03-07 08:50:00,24,37,19,20,22,14,0,136
2024-03-07 09:00:00,22,30,18,18,29,19,0,136
2024-03-07 09:10:00,15,36,26,26,22,23,0,148
2024-03-07 09:20:00,17,38,21,16,28,29,0,149
2024-03-07 09:30:00,20,33,17,19,20,25,0,134
2024-03-07 09:40:00,15,29,16,12,25,25,0,122
2024-03-07 09:50:00,18,28,22,19,21,8,0,116
2024-03-07 10:00:00,15,17,18,18,21,22,0,111
2024-03-07 10:10:00,14,28,16,19,23,18,0,118
2024-03-07 10:20:00,17,33,17,16,15,18,0,116
2024-03-07 10:30:00,20,43,26,22,18,22,0,151
2024-03-07 10:40:00,16,35,7,21,24,28,0,131
2024-03-07 10:50:00,21,40,13,15,25,31,0,145
2024-03-07 11:00:00,14,35,65,13,20,23,0,170
2024-03-07 11:10:00,11,23,19,21,19,19,0,112
2024-03-07 11:20:00,14,37,25,20,25,22,0,143
2024-03-07 11:30:00,4,34,18,25,27,30,0,138
2024-03-07 11:40:00,12,41,28,29,28,86,0,224
2024-03-07 11:50:00,21,40,18,15,25,22,0,141
2024-03-07 12:00:00,19,44,27,28,26,27,0,171
2024-03-07 12:10:00,21,42,39,24,34,30,0,190
2024-03-07 12:20:00,13,40,19,23,22,29,0,146
2024-03-07 12:30:00,28,41,18,49,24,25,0,185
2024-03-07 12:40:00,16,33,22,18,32,21,0,142
2024-03-07 12:50:00,19,28,18,25,23,24,0,137
2024-03-07 13:00:00,17,31,14,20,27,20,0,129
2024-03-07 13:10:00,17,38,22,31,28,24,0,160
2024-03-07 13:20:00,16,43,23,20,32,26,0,160
2024-03-07 13:30:00,18,49,38,25,17,26,0,173
2024-03-07 13:40:00,21,46,22,27,30,31,0,177
2024-03-07 13:50:00,15,35,19,24,28,30,0,151
2024-03-07 14:00:00,18,38,19,24,17,29,0,145
2024-03-07 14:10:00,16,50,30,16,26,24,0,162
2024-03-07 14:20:00,17,43,19,26,38,25,0,168
2024-03-07 14:30:00,16,53,16,34,27,19,0,165
2024-03-07 14:40:00,22,53,31,41,32,22,0,201
2024-03-07 14:50:00,20,36,25,33,28,25,0,167
2024-03-07 15:00:00,22,45,18,29,30,30,0,174
2024-03-07 15:10:00,20,50,20,26,38,30,0,184
2024-03-07 15:20:00,20,47,16,21,33,44,0,181
2024-03-07 15:30:00,24,57,56,37,31,23,0,228
2024-03-07 15:40:00,13,47,28,26,25,29,0,168
2024-03-07 15:50:00,21,44,23,28,27,95,0,238
2024-03-07 16:00:00,33,40,17,40,28,50,0,208
2024-03-07 16:10:00,33,33,133,44,30,22,0,295
2024-03-07 16:20:00,16,43,64,34,31,21,0,209
2024-03-07 16:30:00,30,44,16,34,29,23,0,176
2024-03-07 16:40:00,36,92,57,32,27,27,0,271
2024-03-07 16:50:00,35,74,29,42,37,27,0,244
2024-03-07 17:00:00,27,47,27,35,28,16,0,180
2024-03-07 17:10:00,20,51,16,30,37,25,0,179
2024-03-07 17:20:00,34,54,17,47,25,24,0,201
2024-03-07 17:30:00,15,54,27,43,30,35,0,204
2024-03-07 17:40:00,24,42,28,19,30,28,0,171
2024-03-07 17:50:00,25,41,26,88,34,24,0,238
2024-03-07 18:00:00,32,55,33,26,30,23,0,199
2024-03-07 18:10:00,24,37,16,28,31,19,0,155
2024-03-07 18:20:00,25,45,19,149,43,26,0,307
2024-03-07 18:30:00,21,32,9,21,33,26,0,142
2024-03-07 18:40:00,12,44,24,24,18,14,0,136
2024-03-07 18:50:00,13,33,16,15,18,21,0,116
2024-03-07 19:00:00,18,52,19,31,20,15,0,155
2024-03-07 19:10:00,16,23,12,20,21,9,0,101
2024-03-07 19:20:00,11,46,15,15,15,16,0,118
2024-03-07 19:30:00,18,29,6,14,17,10,0,94
2024-03-07 19:40:00,8,29,20,13,70,18,0,158
2024-03-07 19:50:00,13,29,9,18,24,13,0,106
2024-03-07 20:00:00,7,27,14,13,12,14,0,87
2024-03-07 20:10:00,12,28,5,8,12,10,0,75
2024-03-07 20:20:00,9,20,7,13,15,15,0,79
2024-03-07 20:30:00,5,32,8,13,15,14,0,87
2024-03-07 20:40:00,5,23,4,11,15,9,0,67
2024-03-07 20:50:00,8,25,8,11,10,15,0,77
2024-03-07 21:00:00,4,16,7,13,20,11,0,71
2024-03-07 21:10:00,7,22,12,8,16,14,0,79
2024-03-07 21:20:00,5,19,7,9,16,7,0,63
2024-03-07 21:30:00,10,11,13,12,14,6,0,66
2024-03-07 21:40:00,5,18,8,7,15,11,0,64
2024-03-07 21:50:00,7,13,4,10,11,10,0,55
2024-03-07 22:00:00,3,13,3,11,11,12,0,53
2024-03-07 22:10:00,3,11,6,11,14,16,0,61
2024-03-07 22:20:00,7,20,6,8,10,5,0,56
2024-03-07 22:30:00,4,15,3,5,12,13,0,52
2024-03-07 22:40:00,5,15,7,7,9,11,0,54
2024-03-07 22:50:00,3,16,9,6,11,9,0,54
2024-03-07 23:00:00,0,10,2,5,8,5,0,30
2024-03-07 23:10:00,6,11,8,6,4,6,0,41
2024-03-07 23:20:00,2,7,2,6,2,7,0,26
2024-03-07 23:30:00,0,8,6,4,3,2,0,23
2024-03-07 23:40:00,1,10,1,3,5,5,0,25
2024-03-07 23:50:00,1,7,2,2,3,6,0,21
2024-03-08 00:00:00,5,9,7,1,4,7,0,33
2024-03-08 00:10:00,3,7,3,3,2,8,0,26
2024-03-08 00:20:00,5,7,2,3,4,4,0,25
2024-03-08 00:30:00,1,7,1,4,5,3,0,21
2024-03-08 00:40:00,0,4,1,1,3,4,0,13
2024-03-08 00:50:00,1,7,3,1,3,3,0,18
2024-03-08 01:00:00,0,3,1,2,3,2,0,11
2024-03-08 01:10:00,0,6,1,1,1,2,0,11
2024-03-08 01:20:00,0,8,1,1,2,4,0,16
2024-03-08 01:30:00,0,3,1,2,2,0,0,8
2024-03-08 01:40:00,0,7,4,1,1,4,0,17
2024-03-08 01:50:00,0,3,1,0,1,1,0,6
2024-03-08 02:00:00,1,4,3,1,0,4,0,13
2024-03-08 02:10:00,0,4,0,0,2,4,0,10
2024-03-08 02:20:00,0,1,0,1,0,3,0,5
2024-03-08 02:30:00,1,3,1,0,1,2,0,8
2024-03-08 02:40:00,1,5,0,0,0,2,0,8
2024-03-08 02:50:00,1,4,4,0,1,3,0,13
2024-03-08 03:00:00,2,6,1,1,1,3,0,14
2024-03-08 03:10:00,1,2,3,1,0,4,0,11
2024-03-08 03:20:00,0,1,2,0,0,1,0,4
2024-03-08 03:30:00,0,2,2,1,4,3,0,12
2024-03-08 03:40:00,0,2,2,3,4,5,0,16
2024-03-08 03:50:00,2,1,1,1,0,2,0,7
2024-03-08 04:00:00,1,4,2,2,2,3,0,14
2024-03-08 04:10:00,3,3,1,2,2,1,0,12
2024-03-08 04:20:00,0,3,3,2,1,3,0,12
2024-03-08 04:30:00,0,4,2,0,1,5,0,12
2024-03-08 04:40:00,0,7,5,0,6,4,0,22
2024-03-08 04:50:00,0,1,3,0,2,6,0,12
2024-03-08 05:00:00,0,5,6,3,9,7,0,30
2024-03-08 05:10:00,2,5,2,4,11,7,0,31
2024-03-08 05:20:00,2,7,2,4,7,4,0,26
2024-03-08 05:30:00,4,9,9,6,11,10,0,49
2024-03-08 05:40:00,4,19,14,7,16,11,0,71
2024-03-08 05:50:00,5,12,18,18,16,7,0,76
2024-03-08 06:00:00,10,13,9,14,17,14,0,77
2024-03-08 06:10:00,8,15,8,6,18,8,0,63
2024-03-08 06:20:00,8,13,9,12,19,24,0,85
2024-03-08 06:30:00,10,18,17,18,32,15,0,110
2024-03-08 06:40:00,11,17,11,22,24,8,0,93
2024-03-08 06:50:00,13,21,21,27,16,16,0,114
2024-03-08 07:00:00,25,29,11,17,24,18,0,124
2024-03-08 07:10:00,21,35,12,13,34,23,0,138
2024-03-08 07:20:00,22,27,17,17,20,18,0,121
2024-03-08 07:30:00,32,44,22,19,26,75,0,218
2024-03-08 07:40:00,31,37,28,15,27,13,0,151
2024-03-08 07:50:00,37,41,21,17,29,21,0,166
2024-03-08 08:00:00,29,43,13,13,24,20,0,142
2024-03-08 08:10:00,20,38,23,18,23,16,0,138
2024-03-08 08:20:00,20,32,22,22,20,15,0,131
2024-03-08 08:30:00,20,32,12,21,26,29,0,140
2024-03-08 08:40:00,25,45,24,9,18,12,0,133
2024-03-08 08:50:00,15,25,22,19,27,22,0,130
2024-03-08 09:00:00,6,33,24,21,18,14,0,116
2024-03-08 09:10:00,19,29,11,18,18,17,0,112
2024-03-08 09:20:00,18,34,20,19,29,13,0,133
2024-03-08 09:30:00,22,39,25,22,17,26,0,151
2024-03-08 09:40:00,14,41,15,18,24,32,0,144
2024-03-08 09:50:00,16,37,20,18,20,23,0,134
2024-03-08 10:00:00,15,22,16,15,23,19,0,110
2024-03-08 10:10:00,25,32,17,23,30,19,0,146
2024-03-08 10:20:00,16,38,17,62,25,23,0,181
2024-03-08 10:30:00,17,45,18,24,22,16,0,142
2024-03-08 10:40:00,19,43,15,24,22,17,0,140
2024-03-08 10:50:00,15,43,11,12,25,24,0,130
2024-03-08 11:00:00,17,32,17,17,18,26,0,127
2024-03-08 11:10:00,21,37,16,20,25,18,0,137
2024-03-08 11:20:00,18,35,16,20,24,28,0,141
2024-03-08 11:30:00,8,34,19,16,18,24,0,119
2024-03-08 11:40:00,19,38,22,23,22,30,0,154
2024-03-08 11:50:00,11,47,20,28,30,27,0,163
2024-03-08 12:00:00,21,39,30,27,27,47,0,191
2024-03-08 12:10:00,20,45,20,45,35,30,0,195
2024-03-08 12:20:00,18,46,12,29,22,22,0,149
2024-03-08 12:30:00,27,44,31,27,24,31,0,184
2024-03-08 12:40:00,19,31,26,24,24,37,0,161
2024-03-08 12:50:00,22,57,24,30,30,34,0,197
2024-03-08 13:00:00,28,43,21,24,30,20,0,166
2024-03-08 13:10:00,18,40,18,51,33,32,0,192
2024-03-08 13:20:00,19,48,15,33,28,20,0,163
2024-03-08 13:30:00,15,43,28,25,36,26,0,173
2024-03-08 13:40:00,21,46,29,27,33,22,0,178
2024-03-08 13:50:00,23,53,26,22,26,28,0,178
2024-03-08 14:00:00,24,43,13,23,31,29,0,163
2024-03-08 14:10:00,25,49,25,30,23,24,0,176
2024-03-08 14:20:00,25,47,27,35,27,30,0,191
2024-03-08 14:30:00,23,49,31,32,25,28,0,188
2024-03-08 14:40:00,25,37,20,31,22,36,0,171
2024-03-08 14:50:00,14,47,19,35,23,24,0,162
2024-03-08 15:00:00,20,32,20,28,29,26,0,155
2024-03-08 15:10:00,26,54,26,22,27,27,0,182
2024-03-08 15:20:00,14,54,23,31,23,17,0,162
2024-03-08 15:30:00,27,53,13,34,34,24,0,185
2024-03-08 15:40:00,28,52,30,27,28,29,0,194
2024-03-08 15:50:00,8,49,107,32,38,29,0,263
2024-03-08 16:00:00,27,44,63,41,36,28,0,239
2024-03-08 16:10:00,21,41,19,34,30,17,0,162
2024-03-08 16:20:00,22,48,15,22,29,18,0,154
2024-03-08 16:30:00,21,51,19,22,25,26,0,164
2024-03-08 16:40:00,15,63,25,26,26,17,0,172
2024-03-08 16:50:00,16,55,22,27,29,24,0,173
2024-03-08 17:00:00,18,50,30,72,20,22,0,212
2024-03-08 17:10:00,20,35,20,20,24,30,0,149
2024-03-08 17:20:00,21,34,15,21,25,20,0,136
2024-03-08 17:30:00,20,46,22,76,25,24,0,213
2024-03-08 17:40:00,21,50,24,18,26,28,0,167
2024-03-08 17:50:00,17,28,20,25,35,26,0,151
2024-03-08 18:00:00,28,32,18,20,26,22,0,146
2024-03-08 18:10:00,17,41,18,15,32,14,0,137
2024-03-08 18:20:00,14,35,19,23,23,24,0,138
2024-03-08 18:30:00,19,38,20,22,17,23,0,139
2024-03-08 18:40:00,16,35,15,19,26,21,0,132
2024-03-08 18:50:00,10,43,16,23,21,18,0,131
2024-03-08 19:00:00,14,49,18,14,15,11,0,121
2024-03-08 19:10:00,12,35,14,13,17,20,0,111
2024-03-08 19:20:00,8,36,11,16,16,14,0,101
2024-03-08 19:30:00,8,38,20,7,21,25,0,119
2024-03-08 19:40:00,12,39,17,18,17,14,0,117
2024-03-08 19:50:00,10,36,8,15,18,16,0,103
2024-03-08 20:00:00,6,38,14,14,10,21,0,103
2024-03-08 20:10:00,9,40,9,12,12,18,0,100
2024-03-08 20:20:00,10,30,12,13,11,16,0,92
2024-03-08 20:30:00,8,29,7,7,15,12,0,78
2024-03-08 20:40:00,8,20,33,8,12,13,0,94
2024-03-08 20:50:00,1,27,13,5,13,21,0,80
2024-03-08 21:00:00,8,19,11,10,10,12,0,70
2024-03-08 21:10:00,7,20,5,8,12,15,0,67
2024-03-08 21:20:00,5,27,5,10,9,13,0,69
2024-03-08 21:30:00,7,18,8,9,14,9,0,65
2024-03-08 21:40:00,4,21,54,8,16,10,0,113
2024-03-08 21:50:00,4,23,5,8,15,16,0,71
2024-03-08 22:00:00,9,21,8,12,10,12,0,72
2024-03-08 22:10:00,5,11,1,12,18,13,0,60
2024-03-08 22:20:00,6,19,8,7,18,13,0,71
2024-03-08 22:30:00,8,18,3,12,11,12,0,64
2024-03-08 22:40:00,7,22,5,7,9,11,0,61
2024-03-08 22:50:00,9,16,5,4,10,5,0,49
2024-03-08 23:00:00,1,14,8,6,9,8,0,46
2024-03-08 23:10:00,6,9,7,8,7,23,0,60
2024-03-08 23:20:00,9,18,8,8,8,8,0,59
2024-03-08 23:30:00,5,14,8,5,7,4,0,43
2024-03-08 23:40:00,5,11,4,1,8,8,0,37
2024-03-08 23:50:00,2,12,4,7,7,9,0,41
2024-03-09 00:00:00,4,9,3,3,6,9,0,34
2024-03-09 00:10:00,1,19,2,5,7,6,0,40
2024-03-09 00:20:00,6,10,5,4,6,4,0,35
2024-03-09 00:30:00,2,11,4,6,8,4,0,35
2024-03-09 00:40:00,1,12,4,1,3,5,0,26
2024-03-09 00:50:00,5,12,4,4,5,6,0,36
2024-03-09 01:00:00,0,8,1,3,5,6,0,23
2024-03-09 01:10:00,0,8,6,1,5,3,0,23
2024-03-09 01:20:00,1,4,0,4,6,6,0,21
2024-03-09 01:30:00,1,6,1,1,3,2,0,14
2024-03-09 01:40:00,1,9,4,5,3,4,0,26
2024-03-09 01:50:00,1,3,1,1,4,4,0,14
2024-03-09 02:00:00,0,4,1,1,2,4,0,12
2024-03-09 02:10:00,0,8,4,1,3,4,0,20
2024-03-09 02:20:00,1,3,0,2,1,2,0,9
2024-03-09 02:30:00,1,3,5,1,1,3,0,14
2024-03-09 02:40:00,0,1,2,1,3,4,0,11
2024-03-09 02:50:00,1,6,3,3,4,1,0,18
2024-03-09 03:00:00,4,6,2,3,4,3,0,22
2024-03-09 03:10:00,4,1,4,1,2,3,0,15
2024-03-09 03:20:00,2,6,2,1,2,7,0,20
2024-03-09 03:30:00,2,7,14,4,1,4,0,32
2024-03-09 03:40:00,2,2,0,5,5,5,0,19
2024-03-09 03:50:00,0,2,0,4,3,2,0,11
2024-03-09 04:00:00,2,4,2,4,4,5,0,21
2024-03-09 04:10:00,0,5,1,2,4,1,0,13
2024-03-09 04:20:00,2,1,1,0,1,3,0,8
2024-03-09 04:30:00,1,4,4,4,7,3,0,23
2024-03-09 04:40:00,1,2,0,1,4,7,0,15
2024-03-09 04:50:00,0,5,3,1,4,6,0,19
2024-03-09 05:00:00,1,3,2,1,6,6,0,19
2024-03-09 05:10:00,0,7,0,2,3,2,0,14
2024-03-09 05:20:00,1,7,5,1,3,7,0,24
2024-03-09 05:30:00,1,9,5,6,13,9,0,43
2024-03-09 05:40:00,5,11,6,3,7,9,0,41
2024-03-09 05:50:00,2,6,4,2,3,8,0,25
2024-03-09 06:00:00,2,6,3,2,4,8,0,25
2024-03-09 06:10:00,1,5,1,2,8,5,0,22
2024-03-09 06:20:00,3,4,7,3,8,5,0,30
2024-03-09 06:30:00,2,4,4,2,4,5,0,21
2024-03-09 06:40:00,3,6,1,6,5,4,0,25
2024-03-09 06:50:00,6,4,1,3,4,3,0,21
2024-03-09 07:00:00,0,5,5,3,4,6,0,23
2024-03-09 07:10:00,0,16,6,2,8,7,0,39
2024-03-09 07:20:00,2,8,4,2,1,5,0,22
2024-03-09 07:30:00,1,8,7,4,13,4,0,37
2024-03-09 07:40:00,4,9,2,4,8,8,0,35
2024-03-09 07:50:00,5,11,5,2,8,4,0,35
2024-03-09 08:00:00,3,10,10,2,5,3,0,33
2024-03-09 08:10:00,5,15,6,3,10,6,0,45
2024-03-09 08:20:00,6,12,5,5,12,8,0,48
2024-03-09 08:30:00,5,21,10,8,14,9,0,67
2024-03-09 08:40:00,2,20,12,5,14,12,0,65
2024-03-09 08:50:00,5,19,4,8,18,9,0,63
2024-03-09 09:00:00,4,14,7,5,16,5,0,51
2024-03-09 09:10:00,8,27,15,11,24,15,0,100
2024-03-09 09:20:00,8,33,11,11,16,9,0,88
2024-03-09 09:30:00,5,22,19,14,24,16,0,100
2024-03-09 09:40:00,9,34,9,11,29,22,0,114
2024-03-09 09:50:00,11,35,11,11,20,13,0,101
2024-03-09 10:00:00,14,19,16,12,27,10,0,98
2024-03-09 10:10:00,6,42,12,13,22,20,0,115
2024-03-09 10:20:00,13,35,18,14,19,11,0,110
2024-03-09 10:30:00,10,34,16,94,23,20,0,197
2024-03-09 10:40:00,11,30,14,17,29,21,0,122
2024-03-09 10:50:00,8,37,20,17,22,76,0,180
2024-03-09 11:00:00,8,43,18,21,29,31,0,150
2024-03-09 11:10:00,10,39,10,17,30,15,0,121
2024-03-09 11:20:00,15,36,33,22,19,21,0,146
2024-03-09 11:30:00,11,44,22,42,20,13,0,152
2024-03-09 11:40:00,14,48,23,22,31,18,0,156
2024-03-09 11:50:00,16,29,21,19,22,23,0,130
2024-03-09 12:00:00,6,47,26,16,23,13,0,131
2024-03-09 12:10:00,16,33,11,23,40,26,0,149
2024-03-09 12:20:00,12,58,11,17,23,22,0,143
2024-03-09 12:30:00,18,44,12,17,24,27,0,142
2024-03-09 12:40:00,21,36,21,20,32,20,0,150
2024-03-09 12:50:00,12,50,29,20,23,18,0,152
2024-03-09 13:00:00,15,48,32,22,24,21,0,162
2024-03-09 13:10:00,17,39,20,29,33,21,0,159
2024-03-09 13:20:00,12,41,13,21,19,20,0,126
2024-03-09 13:30:00,10,49,13,10,14,22,0,118
2024-03-09 13:40:00,13,49,17,26,22,17,0,144
2024-03-09 13:50:00,9,33,18,23,25,17,0,125
2024-03-09 14:00:00,15,36,19,18,24,15,0,127
2024-03-09 14:10:00,20,54,19,24,20,15,0,152
2024-03-09 14:20:00,11,47,16,21,31,25,0,151
2024-03-09 14:30:00,18,27,14,12,22,21,0,114
2024-03-09 14:40:00,18,38,18,19,35,25,0,153
2024-03-09 14:50:00,8,53,21,27,21,23,0,153
2024-03-09 15:00:00,16,37,17,20,21,76,0,187
2024-03-09 15:10:00,16,36,10,23,19,14,0,118
2024-03-09 15:20:00,12,39,21,11,20,26,0,129
2024-03-09 15:30:00,11,48,16,12,21,17,0,125
2024-03-09 15:40:00,8,38,9,14,27,22,0,118
2024-03-09 15:50:00,14,35,19,25,23,20,0,136
2024-03-09 16:00:00,9,39,19,23,22,19,0,131
2024-03-09 16:10:00,8,40,21,20,28,11,0,128
2024-03-09 16:20:00,11,38,31,14,24,19,0,137
2024-03-09 16:30:00,16,33,23,14,25,21,0,132
2024-03-09 16:40:00,8,42,10,21,19,16,0,116
2024-03-09 16:50:00,13,24,8,17,20,15,0,97
2024-03-09 17:00:00,11,38,12,17,22,17,0,117
2024-03-09 17:10:00,10,27,13,16,22,19,0,107
2024-03-09 17:20:00,8,34,15,18,15,15,0,105
2024-03-09 17:30:00,15,30,25,16,19,14,0,119
2024-03-09 17:40:00,11,59,18,14,22,19,0,143
2024-03-09 17:50:00,15,38,12,22,26,13,0,126
2024-03-09 18:00:00,11,30,13,11,21,17,0,103
2024-03-09 18:10:00,8,43,15,14,29,18,0,127
2024-03-09 18:20:00,18,27,12,18,8,14,0,97
2024-03-09 18:30:00,24,43,20,20,15,16,0,138
2024-03-09 18:40:00,15,39,15,17,18,10,0,114
2024-03-09 18:50:00,8,27,10,11,18,13,0,87
2024-03-09 19:00:00,12,28,18,11,16,86,0,171
2024-03-09 19:10:00,11,33,13,5,15,17,0,94
2024-03-09 19:20:00,8,44,14,10,16,20,0,112
2024-03-09 19:30:00,7,42,42,22,16,15,0,144
2024-03-09 19:40:00,8,29,7,18,24,15,0,101
2024-03-09 19:50:00,6,39,15,7,11,14,0,92
2024-03-09 20:00:00,16,28,6,10,10,16,0,86
2024-03-09 20:10:00,4,22,12,14,23,16,0,91
2024-03-09 20:20:00,5,19,20,13,13,11,0,81
2024-03-09 20:30:00,4,24,11,7,16,10,0,72
2024-03-09 20:40:00,9,21,12,11,18,9,0,80
2024-03-09 20:50:00,7,20,11,6,14,11,0,69
2024-03-09 21:00:00,7,25,11,8,15,9,0,75
2024-03-09 21:10:00,7,17,6,10,17,11,0,68
2024-03-09 21:20:00,4,22,10,11,14,12,0,73
2024-03-09 21:30:00,6,17,7,4,14,6,0,54
2024-03-09 21:40:00,4,22,8,5,17,15,0,71
2024-03-09 21:50:00,5,17,10,10,13,10,0,65
2024-03-09 22:00:00,6,8,5,7,13,11,0,50
2024-03-09 22:10:00,6,13,7,12,17,9,0,64
2024-03-09 22:20:00,5,17,7,8,17,15,0,69
2024-03-09 22:30:00,6,18,10,5,6,10,0,55
2024-03-09 22:40:00,5,16,6,9,9,13,0,58
2024-03-09 22:50:00,4,13,8,9,7,15,0,56
2024-03-09 23:00:00,7,24,8,9,15,9,0,72
2024-03-09 23:10:00,2,19,4,5,8,6,0,44
2024-03-09 23:20:00,3,19,3,11,13,11,0,60
2024-03-09 23:30:00,3,13,3,4,10,4,0,37
2024-03-09 23:40:00,6,10,2,7,13,15,0,53
2024-03-09 23:50:00,2,9,4,8,9,6,0,38
2024-03-10 00:00:00,3,7,4,3,7,14,0,38
2024-03-10 00:10:00,4,14,5,3,4,5,0,35
2024-03-10 00:20:00,4,14,39,3,8,6,0,74
2024-03-10 00:30:00,2,13,2,9,8,10,0,44
2024-03-10 00:40:00,2,11,4,3,5,8,0,33
2024-03-10 00:50:00,3,8,3,2,5,9,0,30
2024-03-10 01:00:00,4,10,5,6,12,11,0,48
2024-03-10 01:10:00,1,11,6,2,2,8,0,30
2024-03-10 01:20:00,4,7,2,3,2,2,0,20
2024-03-10 01:30:00,1,6,3,3,4,8,0,25
2024-03-10 01:40:00,3,7,1,1,4,5,0,21
2024-03-10 01:50:00,1,6,5,1,6,6,0,25
2024-03-10 02:00:00,0,3,2,3,6,2,0,16
2024-03-10 02:10:00,2,7,6,1,2,10,0,28
2024-03-10 02:20:00,2,3,2,1,3,3,0,14
2024-03-10 02:30:00,1,4,2,0,3,2,0,12
2024-03-10 02:40:00,0,3,1,2,4,3,0,13
2024-03-10 02:50:00,5,2,1,2,3,1,0,14
2024-03-10 03:00:00,0,6,3,0,1,4,0,14
2024-03-10 03:10:00,0,4,1,2,2,3,0,12
2024-03-10 03:20:00,1,3,1,4,5,7,0,21
2024-03-10 03:30:00,2,5,2,0,2,4,0,15
2024-03-10 03:40:00,0,9,6,2,8,7,0,32
2024-03-10 03:50:00,1,2,0,1,1,1,0,6
2024-03-10 04:00:00,0,9,2,2,5,1,0,19
2024-03-10 04:10:00,2,10,4,1,5,8,0,30
2024-03-10 04:20:00,2,4,3,3,6,4,0,22
2024-03-10 04:30:00,0,3,1,1,2,2,0,9
2024-03-10 04:40:00,0,5,3,1,2,3,0,14
2024-03-10 04:50:00,1,5,3,3,6,4,0,22
2024-03-10 05:00:00,0,1,1,2,7,3,0,14
2024-03-10 05:10:00,0,5,2,2,2,2,0,13
2024-03-10 05:20:00,0,8,5,1,3,5,0,22
2024-03-10 05:30:00,2,4,2,3,4,3,0,18
2024-03-10 05:40:00,2,8,1,2,3,2,0,18
2024-03-10 05:50:00,1,5,3,2,1,8,0,20
2024-03-10 06:00:00,1,4,2,2,5,6,0,20
2024-03-10 06:10:00,0,5,1,0,3,2,0,11
2024-03-10 06:20:00,1,1,3,2,6,5,0,18
2024-03-10 06:30:00,1,7,5,0,1,3,0,17
2024-03-10 06:40:00,1,4,1,1,4,1,0,12
2024-03-10 06:50:00,0,2,1,2,3,3,0,11
2024-03-10 07:00:00,2,7,2,2,2,5,0,20
2024-03-10 07:10:00,0,2,1,1,2,1,0,7
2024-03-10 07:20:00,0,2,1,2,1,2,0,8
2024-03-10 07:30:00,1,6,3,2,1,6,0,19
2024-03-10 07:40:00,1,6,2,0,0,0,0,9
2024-03-10 07:50:00,1,4,1,2,2,22,0,32
2024-03-10 08:00:00,1,3,1,0,2,3,0,10
2024-03-10 08:10:00,2,1,3,3,5,4,0,18
2024-03-10 08:20:00,0,7,0,2,0,0,0,9
2024-03-10 08:30:00,0,9,8,5,0,4,0,26
2024-03-10 08:40:00,1,6,0,4,4,4,0,19
2024-03-10 08:50:00,1,5,3,1,2,3,0,15
2024-03-10 09:00:00,2,11,4,2,10,5,0,34
2024-03-10 09:10:00,1,8,7,3,11,6,0,36
2024-03-10 09:20:00,4,11,9,6,16,6,0,52
2024-03-10 09:30:00,2,10,9,3,5,2,0,31
2024-03-10 09:40:00,6,8,11,6,8,16,0,55
2024-03-10 09:50:00,3,6,8,4,7,10,0,38
2024-03-10 10:00:00,0,17,6,3,9,8,0,43
2024-03-10 10:10:00,3,19,10,1,7,9,0,49
2024-03-10 10:20:00,5,12,7,5,13,9,0,51
2024-03-10 10:30:00,3,13,2,8,13,9,0,48
2024-03-10 10:40:00,2,8,3,4,7,5,0,29
2024-03-10 10:50:00,4,13,6,10,8,4,0,45
2024-03-10 11:00:00,3,16,13,6,6,5,0,49
2024-03-10 11:10:00,3,16,10,6,8,8,0,51
2024-03-10 11:20:00,3,21,11,4,12,13,0,64
2024-03-10 11:30:00,5,15,6,3,5,40,0,74
2024-03-10 11:40:00,5,10,7,7,18,10,0,57
2024-03-10 11:50:00,7,17,9,26,9,8,0,76
2024-03-10 12:00:00,5,22,18,8,14,13,0,80
2024-03-10 12:10:00,13,24,18,6,10,14,0,85
2024-03-10 12:20:00,7,29,14,13,17,8,0,88
2024-03-10 12:30:00,8,18,13,15,14,14,0,82
2024-03-10 12:40:00,1,21,7,7,15,12,0,63
2024-03-10 12:50:00,4,25,15,10,16,17,0,87
2024-03-10 13:00:00,4,19,10,10,16,14,0,73
2024-03-10 13:10:00,5,22,6,9,13,20,0,75
2024-03-10 13:20:00,6,16,9,11,8,8,0,58
2024-03-10 13:30:00,3,34,14,8,15,13,0,87
2024-03-10 13:40:00,7,26,6,9,16,10,0,74
2024-03-10 13:50:00,8,27,6,10,15,8,0,74
2024-03-10 14:00:00,8,20,21,13,21,11,0,94
2024-03-10 14:10:00,7,24,10,9,10,9,0,69
2024-03-10 14:20:00,7,20,9,8,13,7,0,64
2024-03-10 14:30:00,9,23,14,7,13,10,0,76
2024-03-10 14:40:00,9,19,17,12,18,19,0,94
2024-03-10 14:50:00,4,21,7,11,11,14,0,68
2024-03-10 15:00:00,6,31,10,9,21,21,0,98
2024-03-10 15:10:00,1,21,8,8,26,19,0,83
2024-03-10 15:20:00,4,16,8,8,15,10,0,61
2024-03-10 15:30:00,6,20,12,8,20,12,0,78
2024-03-10 15:40:00,5,22,9,7,23,17,0,83
2024-03-10 15:50:00,12,18,5,10,19,17,0,81
2024-03-10 16:00:00,5,17,12,12,14,14,0,74
2024-03-10 16:10:00,9,36,6,6,17,14,0,88
2024-03-10 16:20:00,11,31,10,7,13,13,0,85
2024-03-10 16:30:00,5,32,12,10,16,9,0,84
2024-03-10 16:40:00,5,24,6,9,16,12,0,72
2024-03-10 16:50:00,4,19,12,13,20,11,0,79
2024-03-10 17:00:00,2,16,11,14,22,8,0,73
2024-03-10 17:10:00,9,29,5,8,22,29,0,102
2024-03-10 17:20:00,6,25,15,10,22,19,0,97
2024-03-10 17:30:00,10,27,7,13,20,13,0,90
2024-03-10 17:40:00,4,16,7,7,20,19,0,73
2024-03-10 17:50:00,0,22,8,8,15,15,0,68
2024-03-10 18:00:00,6,26,9,15,23,12,0,91
2024-03-10 18:10:00,6,26,12,2,9,10,0,65
2024-03-10 18:20:00,7,20,14,12,13,14,0,80
2024-03-10 18:30:00,2,15,10,10,29,12,0,78
2024-03-10 18:40:00,2,34,12,12,19,16,0,95
2024-03-10 18:50:00,4,32,11,11,11,12,0,81
2024-03-10 19:00:00,8,19,11,12,17,15,0,82
2024-03-10 19:10:00,4,24,6,7,14,12,0,67
2024-03-10 19:20:00,10,29,13,4,14,15,0,85
2024-03-10 19:30:00,9,22,5,12,24,10,0,82
2024-03-10 19:40:00,6,26,7,10,22,23,0,94
2024-03-10 19:50:00,2,13,7,17,20,13,0,72
2024-03-10 20:00:00,9,38,7,11,18,9,0,92
2024-03-10 20:10:00,6,20,7,14,13,7,0,67
2024-03-10 20:20:00,11,24,5,7,19,9,0,75
2024-03-10 20:30:00,8,18,12,12,4,3,0,57
2024-03-10 20:40:00,4,17,7,7,16,9,0,60
2024-03-10 20:50:00,3,10,5,6,14,3,0,41
2024-03-10 21:00:00,4,21,10,9,15,12,0,71
2024-03-10 21:10:00,2,15,8,6,13,12,0,56
2024-03-10 21:20:00,2,35,8,1,7,9,0,62
2024-03-10 21:30:00,5,19,6,5,12,7,0,54
2024-03-10 21:40:00,6,23,9,6,7,9,0,60
2024-03-10 21:50:00,4,16,6,6,12,12,0,56
2024-03-10 22:00:00,1,12,4,9,12,10,0,48
2024-03-10 22:10:00,3,14,54,6,5,49,0,131
2024-03-10 22:20:00,5,12,6,7,7,1,0,38
2024-03-10 22:30:00,0,7,6,3,7,2,0,25
2024-03-10 22:40:00,2,6,2,1,6,8,0,25
2024-03-10 22:50:00,1,6,4,4,7,7,0,29
2024-03-10 23:00:00,2,3,0,4,2,3,0,14
2024-03-10 23:10:00,2,6,3,1,1,3,0,16
2024-03-10 23:20:00,0,4,3,4,3,5,0,19
2024-03-10 23:30:00,3,1,2,0,12,5,0,23
2024-03-10 23:40:00,1,5,3,2,8,8,0,27
2024-03-10 23:50:00,0,2,3,2,2,1,0,10
2024-03-11 00:00:00,0,6,5,2,5,4,0,22
2024-03-11 00:10:00,3,2,1,0,5,2,0,13
2024-03-11 00:20:00,1,6,2,4,5,6,0,24
2024-03-11 00:30:00,3,6,1,1,2,5,0,18
2024-03-11 00:40:00,3,3,4,0,2,2,0,14
2024-03-11 00:50:00,0,4,2,3,4,3,0,16
2024-03-11 01:00:00,0,2,2,1,1,3,0,9
2024-03-11 01:10:00,0,2,1,1,2,2,0,8
2024-03-11 01:20:00,1,2,2,0,3,3,0,11
2024-03-11 01:30:00,1,3,3,0,2,4,0,13
2024-03-11 01:40:00,1,3,1,0,2,2,0,9
2024-03-11 01:50:00,0,1,1,2,4,5,0,13
2024-03-11 02:00:00,1,2,1,1,2,1,0,8
2024-03-11 02:10:00,0,1,2,1,2,2,0,8
2024-03-11 02:20:00,0,3,0,0,2,0,0,5
2024-03-11 02:30:00,2,1,1,1,1,1,0,7
2024-03-11 02:40:00,0,3,2,0,0,3,0,8
2024-03-11 02:50:00,0,2,0,1,2,2,0,7
2024-03-11 03:00:00,1,3,1,0,1,0,0,6
2024-03-11 03:10:00,1,0,0,1,0,1,0,3
2024-03-11 03:20:00,0,1,3,1,2,2,0,9
2024-03-11 03:30:00,0,0,0,0,1,3,0,4
2024-03-11 03:40:00,0,2,3,1,1,5,0,12
2024-03-11 03:50:00,1,0,0,0,2,2,0,5
2024-03-11 04:00:00,0,6,5,4,3,6,0,24
2024-03-11 04:10:00,1,3,1,1,2,1,0,9
2024-03-11 04:20:00,5,1,6,0,3,1,0,16
2024-03-11 04:30:00,1,5,5,2,7,6,0,26
2024-03-11 04:40:00,0,5,2,2,4,5,0,18
2024-03-11 04:50:00,1,6,2,1,6,8,0,24
2024-03-11 05:00:00,3,11,5,7,7,5,0,38
2024-03-11 05:10:00,1,9,4,3,11,6,0,34
2024-03-11 05:20:00,3,11,5,6,9,7,0,41
2024-03-11 05:30:00,5,8,10,7,15,13,0,58
2024-03-11 05:40:00,5,31,9,8,13,11,0,77
2024-03-11 05:50:00,5,14,12,9,23,9,0,72
2024-03-11 06:00:00,5,20,15,12,20,13,0,85
2024-03-11 06:10:00,12,9,12,10,16,15,0,74
2024-03-11 06:20:00,5,19,15,6,21,20,0,86
2024-03-11 06:30:00,11,20,14,11,19,14,0,89
2024-03-11 06:40:00,15,14,17,15,26,23,0,110
2024-03-11 06:50:00,16,21,11,19,19,96,0,182
2024-03-11 07:00:00,25,34,19,25,28,17,0,148
2024-03-11 07:10:00,22,38,19,19,28,20,0,146
2024-03-11 07:20:00,33,39,16,21,41,25,0,175
2024-03-11 07:30:00,38,38,27,24,32,20,0,179
2024-03-11 07:40:00,47,46,27,23,26,16,0,185
2024-03-11 07:50:00,35,39,27,27,19,44,0,191
2024-03-11 08:00:00,27,42,31,16,16,33,0,165
2024-03-11 08:10:00,19,45,21,18,49,27,0,179
2024-03-11 08:20:00,27,60,35,22,30,21,0,195
2024-03-11 08:30:00,33,34,28,18,25,23,0,161
2024-03-11 08:40:00,25,67,35,18,33,32,0,210
2024-03-11 08:50:00,31,36,20,22,26,19,0,154
2024-03-11 09:00:00,19,46,34,15,21,29,0,164
2024-03-11 09:10:00,22,33,23,20,23,20,0,141
2024-03-11 09:20:00,15,35,23,14,22,20,0,129
2024-03-11 09:30:00,12,35,15,19,30,16,0,127
2024-03-11 09:40:00,16,36,18,28,20,22,0,140
2024-03-11 09:50:00,20,28,19,24,32,31,0,154
2024-03-11 10:00:00,15,35,11,16,25,23,0,125
2024-03-11 10:10:00,9,37,20,20,23,23,0,132
2024-03-11 10:20:00,9,29,24,19,29,29,0,139
2024-03-11 10:30:00,13,30,30,23,17,21,0,134
2024-03-11 10:40:00,13,21,19,19,28,24,0,124
2024-03-11 10:50:00,20,36,12,12,23,29,0,132
2024-03-11 11:00:00,11,40,12,24,25,16,0,128
2024-03-11 11:10:00,9,43,12,24,30,23,0,141
2024-03-11 11:20:00,17,32,21,16,18,17,0,121
2024-03-11 11:30:00,21,32,14,21,14,24,0,126
2024-03-11 11:40:00,14,41,14,52,69,19,0,209
2024-03-11 11:50:00,19,45,19,20,30,23,0,156
2024-03-11 12:00:00,14,47,15,21,34,27,0,158
2024-03-11 12:10:00,15,45,24,25,24,21,0,154
2024-03-11 12:20:00,19,39,18,17,26,17,0,136
2024-03-11 12:30:00,13,42,15,29,29,28,0,156
2024-03-11 12:40:00,11,41,12,38,27,25,0,154
2024-03-11 12:50:00,19,39,24,19,24,20,0,145
2024-03-11 13:00:00,11,30,24,22,33,25,0,145
2024-03-11 13:10:00,15,38,22,22,28,24,0,149
2024-03-11 13:20:00,15,32,16,21,20,20,0,124
2024-03-11 13:30:00,16,43,17,24,17,18,0,135
2024-03-11 13:40:00,25,53,19,21,37,28,0,183
2024-03-11 13:50:00,17,37,13,20,25,21,0,133
2024-03-11 14:00:00,16,46,19,19,16,20,0,136
2024-03-11 14:10:00,27,39,19,27,27,18,0,157
2024-03-11 14:20:00,17,42,22,28,31,38,0,178
2024-03-11 14:30:00,21,58,22,24,29,30,0,184
2024-03-11 14:40:00,17,44,18,34,33,21,0,167
2024-03-11 14:50:00,17,56,24,21,25,28,0,171
2024-03-11 15:00:00,15,51,17,21,25,19,0,148
2024-03-11 15:10:00,17,42,33,52,29,30,0,203
2024-03-11 15:20:00,28,51,26,29,28,24,0,186
2024-03-11 15:30:00,21,51,22,31,36,19,0,180
2024-03-11 15:40:00,16,53,19,23,29,32,0,172
2024-03-11 15:50:00,18,50,25,28,31,30,0,182
2024-03-11 16:00:00,32,57,27,35,23,28,0,202
2024-03-11 16:10:00,25,61,25,49,26,24,0,210
2024-03-11 16:20:00,35,44,14,38,27,18,0,176
2024-03-11 16:30:00,13,68,65,31,33,38,0,248
2024-03-11 16:40:00,20,59,36,24,37,29,0,205
2024-03-11 16:50:00,20,43,20,27,30,22,0,162
2024-03-11 17:00:00,27,47,20,35,21,25,0,175
2024-03-11 17:10:00,22,44,15,33,32,29,0,175
2024-03-11 17:20:00,28,42,24,24,29,42,0,189
2024-03-11 17:30:00,19,54,20,94,23,23,0,233
2024-03-11 17:40:00,23,43,27,33,21,19,0,166
2024-03-11 17:50:00,12,51,17,17,34,19,0,150
2024-03-11 18:00:00,24,34,17,27,37,24,0,163
2024-03-11 18:10:00,18,49,14,27,22,24,0,154
2024-03-11 18:20:00,17,43,27,30,17,18,0,152
2024-03-11 18:30:00,7,29,11,21,27,12,0,107
2024-03-11 18:40:00,9,28,23,14,24,24,0,122
2024-03-11 18:50:00,12,49,11,18,15,16,0,121
2024-03-11 19:00:00,16,34,17,16,22,20,0,125
2024-03-11 19:10:00,12,31,10,13,14,14,0,94
2024-03-11 19:20:00,12,29,10,10,9,14,0,84
2024-03-11 19:30:00,7,28,10,14,10,10,0,79
2024-03-11 19:40:00,14,33,18,17,19,18,0,119
2024-03-11 19:50:00,11,30,12,13,14,16,0,96
2024-03-11 20:00:00,9,13,8,16,21,17,0,84
2024-03-11 20:10:00,9,18,10,9,17,16,0,79
2024-03-11 20:20:00,3,20,14,13,15,15,0,80
2024-03-11 20:30:00,7,26,11,5,12,12,0,73
2024-03-11 20:40:00,7,18,6,11,12,16,0,70
2024-03-11 20:50:00,7,20,8,22,8,6,0,71
2024-03-11 21:00:00,9,28,3,8,10,9,0,67
2024-03-11 21:10:00,7,31,4,12,8,7,0,69
2024-03-11 21:20:00,3,26,13,20,15,11,0,88
2024-03-11 21:30:00,7,11,4,7,11,6,0,46
2024-03-11 21:40:00,8,15,9,10,15,16,0,73
2024-03-11 21:50:00,6,16,4,5,6,7,0,44
2024-03-11 22:00:00,5,17,4,7,9,13,0,55
2024-03-11 22:10:00,4,19,6,26,11,11,0,77
2024-03-11 22:20:00,3,8,3,5,10,6,0,35
2024-03-11 22:30:00,6,10,3,7,6,3,0,35
2024-03-11 22:40:00,4,9,8,5,6,8,0,40
2024-03-11 22:50:00,4,9,4,5,4,4,0,30
2024-03-11 23:00:00,1,12,8,4,8,12,0,45
2024-03-11 23:10:00,5,6,6,4,6,10,0,37
2024-03-11 23:20:00,1,9,1,2,2,5,0,20
2024-03-11 23:30:00,4,3,3,0,4,5,0,19
2024-03-11 23:40:00,8,9,5,3,3,7,0,35
2024-03-11 23:50:00,2,4,2,3,1,3,0,15
2024-03-12 00:00:00,4,4,4,4,5,2,0,23
2024-03-12 00:10:00,7,6,2,5,2,2,0,24
2024-03-12 00:20:00,2,5,1,1,2,1,0,12
2024-03-12 00:30:00,4,6,6,2,6,11,0,35
2024-03-12 00:40:00,1,3,2,1,0,1,0,8
2024-03-12 00:50:00,0,2,1,2,2,4,0,11
2024-03-12 01:00:00,0,3,3,1,1,3,0,11
2024-03-12 01:10:00,3,1,2,0,2,4,0,12
2024-03-12 01:20:00,2,2,4,3,4,5,0,20
2024-03-12 01:30:00,2,2,2,2,2,2,0,12
2024-03-12 01:40:00,2,3,0,3,0,2,0,10
2024-03-12 01:50:00,0,0,2,3,1,0,0,6
2024-03-12 02:00:00,1,0,0,0,2,5,0,8
2024-03-12 02:10:00,1,3,1,1,1,2,0,9
2024-03-12 02:20:00,3,4,2,3,3,8,0,23
2024-03-12 02:30:00,0,0,1,0,1,2,0,4
2024-03-12 02:40:00,0,4,2,0,0,3,0,9
2024-03-12 02:50:00,0,1,1,0,0,1,0,3
2024-03-12 03:00:00,3,5,1,2,0,0,0,11
2024-03-12 03:10:00,0,1,1,1,2,1,0,6
2024-03-12 03:20:00,0,2,4,1,1,2,0,10
2024-03-12 03:30:00,0,2,1,2,1,0,0,6
2024-03-12 03:40:00,0,1,0,1,2,1,0,5
2024-03-12 03:50:00,1,0,0,0,0,2,0,3
2024-03-12 04:00:00,2,0,2,3,0,0,0,7
2024-03-12 04:10:00,1,1,0,0,0,0,0,2
2024-03-12 04:20:00,2,5,2,0,1,4,0,14
2024-03-12 04:30:00,2,1,3,5,4,3,0,18
2024-03-12 04:40:00,0,3,1,0,3,3,0,10
2024-03-12 04:50:00,0,3,1,2,4,6,0,16
2024-03-12 05:00:00,0,5,4,3,7,6,0,25
2024-03-12 05:10:00,2,4,4,6,11,5,0,32
2024-03-12 05:20:00,3,11,7,5,7,8,0,41
2024-03-12 05:30:00,5,10,13,10,12,10,0,60
2024-03-12 05:40:00,2,21,8,7,16,7,0,61
2024-03-12 05:50:00,6,18,20,10,30,10,0,94
2024-03-12 06:00:00,8,15,12,13,21,5,0,74
2024-03-12 06:10:00,9,24,13,13,23,18,0,100
2024-03-12 06:20:00,10,20,12,10,22,23,0,97
2024-03-12 06:30:00,13,27,13,16,13,12,0,94
2024-03-12 06:40:00,27,18,13,15,29,12,0,114
2024-03-12 06:50:00,16,25,89,26,19,19,0,194
2024-03-12 07:00:00,16,36,32,18,22,15,0,139
2024-03-12 07:10:00,30,34,25,18,35,32,0,174
2024-03-12 07:20:00,26,29,17,27,38,29,0,166
2024-03-12 07:30:00,31,53,29,33,27,18,0,191
2024-03-12 07:40:00,47,46,22,18,25,21,0,179
2024-03-12 07:50:00,36,107,32,23,21,19,0,238
2024-03-12 08:00:00,30,41,16,23,27,27,0,164
2024-03-12 08:10:00,21,39,39,25,38,32,0,194
2024-03-12 08:20:00,44,31,17,18,26,20,0,156
2024-03-12 08:30:00,39,31,23,13,29,22,0,157
2024-03-12 08:40:00,34,42,30,21,31,21,0,179
2024-03-12 08:50:00,29,34,21,17,29,22,0,152
2024-03-12 09:00:00,23,32,9,15,21,16,0,116
2024-03-12 09:10:00,21,33,17,17,23,30,0,141
2024-03-12 09:20:00,28,36,24,14,26,16,0,144
2024-03-12 09:30:00,19,25,17,14,12,14,0,101
2024-03-12 09:40:00,18,31,10,11,12,17,0,99
2024-03-12 09:50:00,17,24,5,8,11,10,0,75
2024-03-12 10:00:00,8,29,7,11,21,21,0,97
2024-03-12 10:10:00,15,23,12,18,20,22,0,110
2024-03-12 10:20:00,17,41,24,18,17,16,0,133
2024-03-12 10:30:00,6,31,14,12,23,18,0,104
2024-03-12 10:40:00,22,46,21,30,27,12,0,158
2024-03-12 10:50:00,14,29,14,24,21,22,0,124
2024-03-12 11:00:00,11,30,20,14,26,24,0,125
2024-03-12 11:10:00,18,35,17,17,18,23,0,128
2024-03-12 11:20:00,19,27,10,17,27,24,0,124
2024-03-12 11:30:00,19,39,14,19,30,15,0,136
2024-03-12 11:40:00,17,33,45,23,26,17,0,161
2024-03-12 11:50:00,14,33,21,19,26,29,0,142
2024-03-12 12:00:00,13,31,20,25,27,16,0,132
2024-03-12 12:10:00,23,28,12,26,31,25,0,145
2024-03-12 12:20:00,15,34,23,17,18,21,0,128
2024-03-12 12:30:00,12,47,16,25,23,22,0,145
2024-03-12 12:40:00,17,49,12,21,30,22,0,151
2024-03-12 12:50:00,18,44,23,18,35,18,0,156
2024-03-12 13:00:00,15,37,21,26,29,30,0,158
2024-03-12 13:10:00,13,38,23,36,47,18,0,175
2024-03-12 13:20:00,19,32,18,21,27,22,0,139
2024-03-12 13:30:00,19,42,14,18,26,22,0,141
2024-03-12 13:40:00,23,41,22,23,21,29,0,159
2024-03-12 13:50:00,15,42,18,22,23,16,0,136
2024-03-12 14:00:00,12,35,22,22,27,32,0,150
2024-03-12 14:10:00,13,48,14,22,31,20,0,148
2024-03-12 14:20:00,23,44,17,27,28,30,0,169
2024-03-12 14:30:00,13,49,13,30,28,27,0,160
2024-03-12 14:40:00,23,50,20,30,30,33,0,186
2024-03-12 14:50:00,17,49,16,22,33,24,0,161
2024-03-12 15:00:00,27,45,60,26,20,23,0,201
2024-03-12 15:10:00,22,43,18,30,39,13,0,165
2024-03-12 15:20:00,26,45,25,38,32,27,0,193
2024-03-12 15:30:00,17,36,14,37,31,18,0,153
2024-03-12 15:40:00,29,49,25,27,40,28,0,198
2024-03-12 15:50:00,21,43,19,31,36,24,0,174
2024-03-12 16:00:00,26,47,20,22,23,30,0,168
2024-03-12 16:10:00,36,46,15,37,26,25,0,185
2024-03-12 16:20:00,23,43,16,47,34,19,0,182
2024-03-12 16:30:00,25,48,42,45,37,35,0,232
2024-03-12 16:40:00,37,47,28,48,68,29,0,257
2024-03-12 16:50:00,32,53,26,30,35,32,0,208
2024-03-12 17:00:00,30,43,20,35,19,29,0,176
2024-03-12 17:10:00,26,40,18,32,37,24,0,177
2024-03-12 17:20:00,21,40,23,36,36,22,0,178
2024-03-12 17:30:00,40,60,27,30,24,24,0,205
2024-03-12 17:40:00,29,46,30,86,28,14,0,233
2024-03-12 17:50:00,43,45,28,25,24,23,0,188
2024-03-12 18:00:00,16,47,25,26,31,22,0,167
2024-03-12 18:10:00,20,43,24,29,26,32,0,174
2024-03-12 18:20:00,19,41,23,20,27,26,0,156
2024-03-12 18:30:00,13,36,19,23,25,14,0,130
2024-03-12 18:40:00,15,31,13,14,18,18,0,109
2024-03-12 18:50:00,19,43,13,12,23,19,0,129
2024-03-12 19:00:00,6,38,28,13,22,12,0,119
2024-03-12 19:10:00,8,35,10,16,23,12,0,104
2024-03-12 19:20:00,4,26,17,13,11,9,0,80
2024-03-12 19:30:00,14,33,13,11,17,10,0,98
2024-03-12 19:40:00,11,32,20,14,19,22,0,118
2024-03-12 19:50:00,14,31,22,18,24,13,0,122
2024-03-12 20:00:00,12,19,7,9,17,14,0,78
2024-03-12 20:10:00,5,24,10,11,26,11,0,87
2024-03-12 20:20:00,5,25,14,11,10,9,0,74
2024-03-12 20:30:00,10,36,14,11,11,22,0,104
2024-03-12 20:40:00,10,20,11,7,11,16,0,75
2024-03-12 20:50:00,9,23,4,8,12,11,0,67
2024-03-12 21:00:00,6,14,9,8,9,4,0,50
2024-03-12 21:10:00,4,22,8,8,8,14,0,64
2024-03-12 21:20:00,6,30,12,13,14,22,0,97
2024-03-12 21:30:00,2,25,8,6,9,11,0,61
2024-03-12 21:40:00,5,12,9,8,13,7,0,54
2024-03-12 21:50:00,3,8,6,9,6,10,0,42
2024-03-12 22:00:00,7,12,10,10,11,8,0,58
2024-03-12 22:10:00,6,16,3,7,10,10,0,52
2024-03-12 22:20:00,4,16,7,17,9,16,0,69
2024-03-12 22:30:00,5,26,9,15,10,10,0,75
2024-03-12 22:40:00,5,12,5,3,7,7,0,39
2024-03-12 22:50:00,4,14,5,7,11,8,0,49
2024-03-12 23:00:00,3,9,6,6,5,8,0,37
2024-03-12 23:10:00,1,6,4,3,7,11,0,32
2024-03-12 23:20:00,0,13,6,4,5,2,0,30
2024-03-12 23:30:00,2,4,2,4,3,4,0,19
2024-03-12 23:40:00,2,4,0,1,7,6,0,20
2024-03-12 23:50:00,1,9,4,1,7,8,0,30
2024-03-13 00:00:00,1,11,7,0,2,7,0,28
2024-03-13 00:10:00,2,5,5,0,1,5,0,18
2024-03-13 00:20:00,2,4,4,1,1,5,0,17
2024-03-13 00:30:00,1,2,2,4,4,1,0,14
2024-03-13 00:40:00,1,3,1,1,1,3,0,10
2024-03-13 00:50:00,1,0,0,2,1,2,0,6
2024-03-13 01:00:00,1,2,2,1,2,1,0,9
2024-03-13 01:10:00,1,1,0,1,3,2,0,8
2024-03-13 01:20:00,1,2,2,2,2,1,0,10
2024-03-13 01:30:00,0,2,1,0,1,1,0,5
2024-03-13 01:40:00,2,6,0,0,0,1,0,9
2024-03-13 01:50:00,0,0,0,1,0,3,0,4
2024-03-13 02:00:00,0,2,3,1,2,4,0,12
2024-03-13 02:10:00,2,1,2,1,3,4,0,13
2024-03-13 02:20:00,3,2,2,2,1,3,0,13
2024-03-13 02:30:00,0,3,3,1,0,2,0,9
2024-03-13 02:40:00,0,2,2,0,0,2,0,6
2024-03-13 02:50:00,1,1,0,0,0,0,0,2
2024-03-13 03:00:00,3,3,1,3,1,1,0,12
2024-03-13 03:10:00,1,2,1,2,0,2,0,8
2024-03-13 03:20:00,0,2,6,2,1,2,0,13
2024-03-13 03:30:00,1,1,2,1,2,4,0,11
2024-03-13 03:40:00,2,1,1,1,4,4,0,13
2024-03-13 03:50:00,2,2,1,0,0,0,0,5
2024-03-13 04:00:00,1,1,3,2,1,1,0,9
2024-03-13 04:10:00,2,4,1,2,1,4,0,14
2024-03-13 04:20:00,0,5,11,1,4,5,0,26
2024-03-13 04:30:00,2,7,4,2,4,6,0,25
2024-03-13 04:40:00,1,5,6,1,5,8,0,26
2024-03-13 04:50:00,0,3,1,2,5,7,0,18
2024-03-13 05:00:00,2,10,8,1,4,4,0,29
2024-03-13 05:10:00,0,8,6,2,10,9,0,35
2024-03-13 05:20:00,5,6,2,5,12,5,0,35
2024-03-13 05:30:00,5,15,13,10,10,6,0,59
2024-03-13 05:40:00,6,14,6,9,18,14,0,67
2024-03-13 05:50:00,2,14,18,13,24,9,0,80
2024-03-13 06:00:00,7,17,5,6,18,8,0,61
2024-03-13 06:10:00,13,20,22,11,23,22,0,111
2024-03-13 06:20:00,11,12,11,9,15,17,0,75
2024-03-13 06:30:00,18,25,22,12,32,15,0,124
2024-03-13 06:40:00,11,16,16,19,18,16,0,96
2024-03-13 06:50:00,20,23,18,27,27,25,0,140
2024-03-13 07:00:00,26,25,22,22,25,17,0,137
2024-03-13 07:10:00,33,40,22,17,31,18,0,161
2024-03-13 07:20:00,26,26,34,20,19,17,0,142
2024-03-13 07:30:00,40,48,28,20,26,21,0,183
2024-03-13 07:40:00,48,44,78,20,21,26,0,237
2024-03-13 07:50:00,34,31,35,21,31,25,0,177
2024-03-13 08:00:00,33,46,27,18,36,20,0,180
2024-03-13 08:10:00,23,39,19,25,33,27,0,166
2024-03-13 08:20:00,32,38,21,16,29,24,0,160
2024-03-13 08:30:00,33,41,27,28,32,22,0,183
2024-03-13 08:40:00,37,45,30,13,28,14,0,167
2024-03-13 08:50:00,29,50,32,22,19,24,0,176
2024-03-13 09:00:00,60,38,18,20,23,19,0,178
2024-03-13 09:10:00,20,35,71,25,18,18,0,187
2024-03-13 09:20:00,29,36,22,19,25,14,0,145
2024-03-13 09:30:00,16,32,7,19,24,22,0,120
2024-03-13 09:40:00,14,33,11,21,29,25,0,133
2024-03-13 09:50:00,14,31,8,19,23,17,0,112
2024-03-13 10:00:00,10,24,24,19,22,29,0,128
2024-03-13 10:10:00,10,35,17,14,26,22,0,124
2024-03-13 10:20:00,17,28,16,21,25,23,0,130
2024-03-13 10:30:00,16,39,16,24,25,19,0,139
2024-03-13 10:40:00,19,33,16,14,26,22,0,130
2024-03-13 10:50:00,12,26,14,10,19,21,0,102
2024-03-13 11:00:00,15,40,14,19,22,17,0,127
2024-03-13 11:10:00,19,30,12,8,31,23,0,123
2024-03-13 11:20:00,9,32,17,18,17,21,0,114
2024-03-13 11:30:00,13,38,16,18,32,30,0,147
2024-03-13 11:40:00,11,45,25,23,21,30,0,155
2024-03-13 11:50:00,13,32,17,19,25,25,0,131
2024-03-13 12:00:00,23,40,15,29,21,29,0,157
2024-03-13 12:10:00,15,25,15,18,30,16,0,119
2024-03-13 12:20:00,7,52,21,23,33,19,0,155
2024-03-13 12:30:00,15,35,15,11,33,27,0,136
2024-03-13 12:40:00,11,45,18,18,29,17,0,138
2024-03-13 12:50:00,13,44,28,19,29,17,0,150
2024-03-13 13:00:00,14,42,23,24,29,33,0,165
2024-03-13 13:10:00,11,33,17,25,33,23,0,142
2024-03-13 13:20:00,14,53,12,25,25,21,0,150
2024-03-13 13:30:00,16,40,16,13,33,25,0,143
2024-03-13 13:40:00,10,46,24,18,16,28,0,142
2024-03-13 13:50:00,12,31,25,22,27,19,0,136
2024-03-13 14:00:00,18,42,17,31,30,25,0,163
2024-03-13 14:10:00,20,36,20,16,34,25,0,151
2024-03-13 14:20:00,14,36,19,38,25,29,0,161
2024-03-13 14:30:00,24,39,21,33,39,19,0,175
2024-03-13 14:40:00,14,40,24,26,24,16,0,144
2024-03-13 14:50:00,22,50,24,29,34,24,0,183
2024-03-13 15:00:00,19,61,27,27,37,24,0,195
2024-03-13 15:10:00,26,81,19,38,31,18,0,213
2024-03-13 15:20:00,20,44,18,73,22,25,0,202
2024-03-13 15:30:00,29,44,25,40,33,35,0,206
2024-03-13 15:40:00,23,44,22,31,22,26,0,168
2024-03-13 15:50:00,17,48,26,38,41,28,0,198
2024-03-13 16:00:00,15,39,11,37,28,16,0,146
2024-03-13 16:10:00,19,39,24,39,23,27,0,171
2024-03-13 16:20:00,34,57,24,35,34,31,0,215
2024-03-13 16:30:00,30,47,21,47,27,178,0,350
2024-03-13 16:40:00,24,60,16,23,25,30,0,178
2024-03-13 16:50:00,23,38,14,28,24,26,0,153
2024-03-13 17:00:00,22,47,19,27,29,15,0,159
2024-03-13 17:10:00,34,42,35,26,21,31,0,189
2024-03-13 17:20:00,29,68,20,29,32,25,0,203
2024-03-13 17:30:00,28,40,25,32,22,21,0,168
2024-03-13 17:40:00,26,53,20,33,33,19,0,184
2024-03-13 17:50:00,23,41,18,24,22,24,0,152
2024-03-13 18:00:00,14,53,19,21,25,32,0,164
2024-03-13 18:10:00,16,42,21,25,15,21,0,140
2024-03-13 18:20:00,20,46,21,21,16,27,0,151
2024-03-13 18:30:00,12,26,19,27,22,19,0,125
2024-03-13 18:40:00,14,44,20,15,25,16,0,134
2024-03-13 18:50:00,19,26,19,19,15,22,0,120
2024-03-13 19:00:00,10,42,18,5,10,13,0,98
2024-03-13 19:10:00,10,24,9,15,18,22,0,98
2024-03-13 19:20:00,9,34,13,9,19,39,0,123
2024-03-13 19:30:00,7,26,20,11,17,9,0,90
2024-03-13 19:40:00,16,22,9,13,19,19,0,98
2024-03-13 19:50:00,10,30,15,18,27,15,0,115
2024-03-13 20:00:00,9,20,11,11,23,15,0,89
2024-03-13 20:10:00,7,25,9,10,15,14,0,80
2024-03-13 20:20:00,12,25,10,8,14,15,0,84
2024-03-13 20:30:00,9,19,6,3,14,15,0,66
2024-03-13 20:40:00,15,22,6,10,15,18,0,86
2024-03-13 20:50:00,9,23,4,14,18,11,0,79
2024-03-13 21:00:00,9,26,11,8,10,5,0,69
2024-03-13 21:10:00,4,24,9,14,11,11,0,73
2024-03-13 21:20:00,3,29,44,38,14,19,0,147
2024-03-13 21:30:00,7,23,9,9,9,10,0,67
2024-03-13 21:40:00,4,14,8,6,12,6,0,50
2024-03-13 21:50:00,7,18,4,6,9,5,0,49
2024-03-13 22:00:00,4,18,11,11,10,7,0,61
2024-03-13 22:10:00,9,9,8,6,7,12,0,51
2024-03-13 22:20:00,8,18,3,3,9,5,0,46
2024-03-13 22:30:00,5,14,5,7,8,8,0,47
2024-03-13 22:40:00,4,15,8,9,9,5,0,50
2024-03-13 22:50:00,6,8,4,3,5,11,0,37
2024-03-13 23:00:00,4,11,5,4,6,1,0,31
2024-03-13 23:10:00,4,11,4,8,9,6,0,42
2024-03-13 23:20:00,2,5,1,4,2,2,0,16
2024-03-13 23:30:00,2,13,1,4,6,5,0,31
2024-03-13 23:40:00,3,8,1,9,13,5,0,39
2024-03-13 23:50:00,1,6,1,1,5,3,0,17
2024-03-14 00:00:00,0,8,6,1,2,4,0,21
2024-03-14 00:10:00,1,8,1,2,2,3,0,17
2024-03-14 00:20:00,2,4,7,1,2,2,0,18
2024-03-14 00:30:00,0,5,3,5,4,4,0,21
2024-03-14 00:40:00,0,2,2,2,0,1,0,7
2024-03-14 00:50:00,2,9,3,0,1,1,0,16
2024-03-14 01:00:00,1,0,2,3,2,1,0,9
2024-03-14 01:10:00,1,2,3,1,1,1,0,9
2024-03-14 01:20:00,1,3,1,0,3,2,0,10
2024-03-14 01:30:00,1,1,1,1,2,3,0,9
2024-03-14 01:40:00,1,1,1,1,2,1,0,7
2024-03-14 01:50:00,0,3,2,1,2,3,0,11
2024-03-14 02:00:00,0,1,2,1,2,0,0,6
2024-03-14 02:10:00,1,3,2,0,1,4,0,11
2024-03-14 02:20:00,1,1,0,1,0,5,0,8
2024-03-14 02:30:00,0,2,2,3,0,0,0,7
2024-03-14 02:40:00,1,5,1,2,0,0,0,9
2024-03-14 02:50:00,0,3,2,2,1,3,0,11
2024-03-14 03:00:00,0,3,0,1,1,0,0,5
2024-03-14 03:10:00,0,0,2,2,1,0,0,5
2024-03-14 03:20:00,2,1,2,2,1,2,0,10
2024-03-14 03:30:00,2,1,1,2,1,1,0,8
2024-03-14 03:40:00,0,1,0,1,0,2,0,4
2024-03-14 03:50:00,1,4,2,1,0,3,0,11
2024-03-14 04:00:00,2,2,1,1,1,2,0,9
2024-03-14 04:10:00,1,3,1,1,1,2,0,9
2024-03-14 04:20:00,3,2,1,1,1,3,0,11
2024-03-14 04:30:00,1,4,2,3,5,5,0,20
2024-03-14 04:40:00,1,5,2,5,3,3,0,19
2024-03-14 04:50:00,0,6,2,5,5,5,0,23
2024-03-14 05:00:00,1,5,5,1,2,5,0,19
2024-03-14 05:10:00,1,9,13,5,13,8,0,49
2024-03-14 05:20:00,5,14,7,3,8,6,0,43
2024-03-14 05:30:00,4,9,9,6,16,22,0,66
2024-03-14 05:40:00,5,16,14,4,16,12,0,67
2024-03-14 05:50:00,5,13,12,8,26,10,0,74
2024-03-14 06:00:00,6,15,11,8,21,9,0,70
2024-03-14 06:10:00,9,13,11,10,23,13,0,79
2024-03-14 06:20:00,10,16,10,7,18,19,0,80
2024-03-14 06:30:00,14,21,18,14,25,22,0,114
2024-03-14 06:40:00,16,13,16,18,17,8,0,88
2024-03-14 06:50:00,10,23,17,20,28,20,0,118
2024-03-14 07:00:00,18,34,37,22,28,25,0,164
2024-03-14 07:10:00,25,37,20,21,26,9,0,138
2024-03-14 07:20:00,33,25,16,15,24,11,0,124
2024-03-14 07:30:00,37,44,37,19,33,14,0,184
2024-03-14 07:40:00,42,44,31,22,26,21,0,186
2024-03-14 07:50:00,37,47,16,24,27,17,0,168
2024-03-14 08:00:00,41,37,23,16,21,31,0,169
2024-03-14 08:10:00,41,36,21,26,30,35,0,189
2024-03-14 08:20:00,30,49,25,17,24,22,0,167
2024-03-14 08:30:00,34,41,20,16,33,13,0,157
2024-03-14 08:40:00,30,53,28,17,26,17,0,171
2024-03-14 08:50:00,24,46,19,20,26,14,0,149
2024-03-14 09:00:00,22,33,12,21,20,102,0,210
2024-03-14 09:10:00,13,34,26,11,35,25,0,144
2024-03-14 09:20:00,13,34,25,22,23,19,0,136
2024-03-14 09:30:00,14,26,15,20,23,15,0,113
2024-03-14 09:40:00,16,24,24,14,23,23,0,124
2024-03-14 09:50:00,10,33,16,20,19,28,0,126
2024-03-14 10:00:00,16,25,43,18,27,24,0,153
2024-03-14 10:10:00,22,41,15,14,27,34,0,153
2024-03-14 10:20:00,16,29,19,13,28,19,0,124
2024-03-14 10:30:00,10,22,15,19,22,21,0,109
2024-03-14 10:40:00,15,35,18,25,16,20,0,129
2024-03-14 10:50:00,16,31,84,11,31,21,0,194
2024-03-14 11:00:00,16,27,9,20,31,19,0,122
2024-03-14 11:10:00,25,37,19,71,33,19,0,204
2024-03-14 11:20:00,17,37,14,17,29,18,0,132
2024-03-14 11:30:00,11,33,27,24,31,23,0,149
2024-03-14 11:40:00,23,31,13,16,24,19,0,126
2024-03-14 11:50:00,20,35,12,20,25,19,0,131
2024-03-14 12:00:00,17,38,16,19,28,13,0,131
2024-03-14 12:10:00,15,50,16,23,26,26,0,156
2024-03-14 12:20:00,17,47,20,26,17,16,0,143
2024-03-14 12:30:00,15,42,19,24,31,18,0,149
2024-03-14 12:40:00,13,41,26,13,21,18,0,132
2024-03-14 12:50:00,20,45,19,30,21,16,0,151
2024-03-14 13:00:00,16,42,25,28,17,20,0,148
2024-03-14 13:10:00,22,37,20,23,31,25,0,158
2024-03-14 13:20:00,10,40,25,22,36,28,0,161
2024-03-14 13:30:00,17,40,11,29,21,27,0,145
2024-03-14 13:40:00,21,41,10,27,25,27,0,151
2024-03-14 13:50:00,17,44,15,33,26,27,0,162
2024-03-14 14:00:00,15,36,16,18,25,32,0,142
2024-03-14 14:10:00,14,53,15,23,37,23,0,165
2024-03-14 14:20:00,15,44,17,31,28,35,0,170
2024-03-14 14:30:00,19,30,20,18,34,25,0,146
2024-03-14 14:40:00,21,41,23,29,34,27,0,175
2024-03-14 14:50:00,12,39,29,31,23,21,0,155
2024-03-14 15:00:00,14,51,25,29,30,24,0,173
2024-03-14 15:10:00,19,44,20,34,32,76,0,225
2024-03-14 15:20:00,33,47,15,35,27,25,0,182
2024-03-14 15:30:00,25,48,12,34,31,24,0,174
2024-03-14 15:40:00,22,49,22,62,24,27,0,206
2024-03-14 15:50:00,22,44,18,44,38,26,0,192
2024-03-14 16:00:00,24,50,27,43,30,25,0,199
2024-03-14 16:10:00,27,31,24,41,21,27,0,171
2024-03-14 16:20:00,28,43,17,46,31,34,0,199
2024-03-14 16:30:00,36,58,20,137,36,27,0,314
2024-03-14 16:40:00,44,46,20,38,29,35,0,212
2024-03-14 16:50:00,28,65,29,45,38,31,0,236
2024-03-14 17:00:00,32,50,22,45,30,18,0,197
2024-03-14 17:10:00,35,58,19,27,29,25,0,193
2024-03-14 17:20:00,24,47,24,32,34,20,0,181
2024-03-14 17:30:00,22,60,19,28,27,30,0,186
2024-03-14 17:40:00,23,45,19,28,35,25,0,175
2024-03-14 17:50:00,24,44,25,29,12,17,0,151
2024-03-14 18:00:00,20,56,21,30,20,26,0,173
2024-03-14 18:10:00,23,49,24,27,24,24,0,171
2024-03-14 18:20:00,19,48,23,17,32,24,0,163
2024-03-14 18:30:00,21,45,11,23,24,21,0,145
2024-03-14 18:40:00,18,33,14,14,18,12,0,109
2024-03-14 18:50:00,9,28,14,22,25,8,0,106
2024-03-14 19:00:00,18,36,15,13,15,16,0,113
2024-03-14 19:10:00,11,33,14,14,22,11,0,105
2024-03-14 19:20:00,13,40,17,14,13,10,0,107
2024-03-14 19:30:00,14,29,12,15,22,13,0,105
2024-03-14 19:40:00,5,22,12,11,22,20,0,92
2024-03-14 19:50:00,11,29,11,14,22,16,0,103
2024-03-14 20:00:00,19,35,8,12,19,16,0,109
2024-03-14 20:10:00,27,27,10,16,21,27,0,128
2024-03-14 20:20:00,9,37,4,11,16,12,0,89
2024-03-14 20:30:00,7,23,11,9,10,7,0,67
2024-03-14 20:40:00,4,25,6,15,15,12,0,77
2024-03-14 20:50:00,6,24,8,14,18,14,0,84
2024-03-14 21:00:00,12,24,11,10,11,11,0,79
2024-03-14 21:10:00,10,20,7,8,9,14,0,68
2024-03-14 21:20:00,2,23,10,5,12,9,0,61
2024-03-14 21:30:00,7,27,10,9,13,7,0,73
2024-03-14 21:40:00,6,16,14,8,12,12,0,68
2024-03-14 21:50:00,4,16,9,11,15,5,0,60
2024-03-14 22:00:00,2,19,4,11,6,14,0,56
2024-03-14 22:10:00,9,9,4,11,14,10,0,57
2024-03-14 22:20:00,3,12,3,4,11,10,0,43
2024-03-14 22:30:00,4,16,7,7,13,12,0,59
2024-03-14 22:40:00,7,10,4,5,12,10,0,48
2024-03-14 22:50:00,5,9,4,5,7,8,0,38
2024-03-14 23:00:00,4,17,7,4,5,2,0,39
2024-03-14 23:10:00,3,11,5,6,4,5,0,34
2024-03-14 23:20:00,1,3,1,5,7,6,0,23
2024-03-14 23:30:00,2,11,5,7,7,7,0,39
2024-03-14 23:40:00,1,7,4,2,8,6,0,28
2024-03-14 23:50:00,3,12,3,3,7,2,0,30
2024-03-15 00:00:00,5,9,2,0,5,4,0,25
2024-03-15 00:10:00,2,3,4,2,2,11,0,24
2024-03-15 00:20:00,0,10,3,3,3,5,0,24
2024-03-15 00:30:00,1,4,3,3,3,7,0,21
2024-03-15 00:40:00,1,4,2,5,3,3,0,18
2024-03-15 00:50:00,0,3,2,3,2,5,0,15
2024-03-15 01:00:00,1,3,1,0,0,2,0,7
2024-03-15 01:10:00,4,2,2,5,5,5,0,23
2024-03-15 01:20:00,0,2,0,3,3,8,0,16
2024-03-15 01:30:00,1,3,1,3,2,1,0,11
2024-03-15 01:40:00,0,2,2,1,1,1,0,7
2024-03-15 01:50:00,2,1,0,1,3,0,0,7
2024-03-15 02:00:00,1,0,0,3,5,12,0,21
2024-03-15 02:10:00,1,2,1,0,3,2,0,9
2024-03-15 02:20:00,3,3,2,0,0,5,0,13
2024-03-15 02:30:00,2,0,0,0,1,2,0,5
2024-03-15 02:40:00,0,2,1,0,1,2,0,6
2024-03-15 02:50:00,3,2,0,1,0,0,0,6
2024-03-15 03:00:00,0,3,4,1,1,2,0,11
2024-03-15 03:10:00,0,1,3,2,0,0,0,6
2024-03-15 03:20:00,0,4,6,0,0,1,0,11
2024-03-15 03:30:00,0,0,0,3,3,4,0,10
2024-03-15 03:40:00,1,1,0,0,4,4,0,10
2024-03-15 03:50:00,2,1,0,4,2,2,0,11
2024-03-15 04:00:00,3,1,2,1,0,4,0,11
2024-03-15 04:10:00,0,3,1,2,2,4,0,12
2024-03-15 04:20:00,1,6,2,2,2,2,0,15
2024-03-15 04:30:00,1,2,3,1,3,2,0,12
2024-03-15 04:40:00,1,3,2,0,4,3,0,13
2024-03-15 04:50:00,0,4,1,4,3,5,0,17
2024-03-15 05:00:00,0,4,2,3,4,8,0,21
2024-03-15 05:10:00,1,8,6,4,9,7,0,35
2024-03-15 05:20:00,1,7,4,6,11,8,0,37
2024-03-15 05:30:00,5,9,13,7,8,10,0,52
2024-03-15 05:40:00,4,17,9,11,6,11,0,58
2024-03-15 05:50:00,3,15,6,6,15,4,0,49
2024-03-15 06:00:00,3,14,12,8,26,7,0,70
2024-03-15 06:10:00,9,19,17,7,20,46,0,118
2024-03-15 06:20:00,9,18,9,7,14,16,0,73
2024-03-15 06:30:00,13,16,16,13,18,19,0,95
2024-03-15 06:40:00,10,33,11,13,23,16,0,106
2024-03-15 06:50:00,15,18,14,24,20,16,0,107
2024-03-15 07:00:00,21,24,21,12,19,27,0,124
2024-03-15 07:10:00,22,39,24,13,19,10,0,127
2024-03-15 07:20:00,22,33,21,10,18,26,0,130
2024-03-15 07:30:00,18,30,18,13,26,19,0,124
2024-03-15 07:40:00,34,41,25,23,26,24,0,173
2024-03-15 07:50:00,20,38,21,16,21,26,0,142
2024-03-15 08:00:00,24,49,25,19,28,17,0,162
2024-03-15 08:10:00,23,25,17,25,30,22,0,142
2024-03-15 08:20:00,72,25,21,12,29,12,0,171
2024-03-15 08:30:00,20,31,26,21,21,24,0,143
2024-03-15 08:40:00,18,46,28,16,27,23,0,158
2024-03-15 08:50:00,18,52,21,13,21,24,0,149
2024-03-15 09:00:00,16,34,40,21,24,27,0,162
2024-03-15 09:10:00,25,25,16,12,18,17,0,113
2024-03-15 09:20:00,17,34,13,9,18,24,0,115
2024-03-15 09:30:00,11,43,23,14,14,13,0,118
2024-03-15 09:40:00,20,30,26,24,17,28,0,145
2024-03-15 09:50:00,12,35,43,17,18,23,0,148
2024-03-15 10:00:00,14,38,14,18,62,23,0,169
2024-03-15 10:10:00,14,27,40,11,15,23,0,130
2024-03-15 10:20:00,16,23,23,18,20,25,0,125
2024-03-15 10:30:00,10,35,19,21,26,17,0,128
2024-03-15 10:40:00,74,28,29,16,29,28,0,204
2024-03-15 10:50:00,24,35,46,13,23,28,0,169
2024-03-15 11:00:00,10,70,19,18,18,21,0,156
2024-03-15 11:10:00,15,44,45,17,22,32,0,175
2024-03-15 11:20:00,13,38,16,20,20,28,0,135
2024-03-15 11:30:00,12,37,15,15,33,21,0,133
2024-03-15 11:40:00,10,43,20,23,23,22,0,141
2024-03-15 11:50:00,13,50,16,19,21,30,0,149
2024-03-15 12:00:00,21,45,24,23,57,37,0,207
2024-03-15 12:10:00,20,41,21,117,25,23,0,247
2024-03-15 12:20:00,21,53,24,24,29,28,0,179
2024-03-15 12:30:00,16,34,21,23,30,19,0,143
2024-03-15 12:40:00,22,51,20,21,27,20,0,161
2024-03-15 12:50:00,17,44,22,23,30,20,0,156
2024-03-15 13:00:00,15,39,22,29,33,23,0,161
2024-03-15 13:10:00,30,37,27,39,38,32,0,203
2024-03-15 13:20:00,24,46,15,25,28,21,0,159
2024-03-15 13:30:00,26,48,21,34,36,23,0,188
2024-03-15 13:40:00,15,41,21,18,20,27,0,142
2024-03-15 13:50:00,20,33,20,21,20,19,0,133
2024-03-15 14:00:00,24,39,15,27,18,36,0,159
2024-03-15 14:10:00,17,42,22,30,25,25,0,161
2024-03-15 14:20:00,27,68,67,25,26,34,0,247
2024-03-15 14:30:00,18,58,25,76,33,31,0,241
2024-03-15 14:40:00,28,53,21,27,34,29,0,192
2024-03-15 14:50:00,12,48,15,27,33,21,0,156
2024-03-15 15:00:00,29,52,22,27,23,14,0,167
2024-03-15 15:10:00,27,50,16,29,31,25,0,178
2024-03-15 15:20:00,25,43,15,37,26,16,0,162
2024-03-15 15:30:00,19,53,14,31,29,28,0,174
2024-03-15 15:40:00,19,53,23,26,19,41,0,181
2024-03-15 15:50:00,12,41,14,24,38,23,0,152
2024-03-15 16:00:00,21,39,14,19,28,24,0,145
2024-03-15 16:10:00,19,40,12,27,31,16,0,145
2024-03-15 16:20:00,20,40,22,19,27,24,0,152
2024-03-15 16:30:00,26,40,18,17,24,23,0,148
2024-03-15 16:40:00,20,53,22,28,34,18,0,175
2024-03-15 16:50:00,22,36,15,26,26,23,0,148
2024-03-15 17:00:00,19,28,32,32,22,25,0,158
2024-03-15 17:10:00,26,40,17,23,22,25,0,153
2024-03-15 17:20:00,22,52,19,28,16,24,0,161
2024-03-15 17:30:00,11,58,22,19,14,21,0,145
2024-03-15 17:40:00,11,30,14,25,33,22,0,135
2024-03-15 17:50:00,18,46,15,28,37,25,0,169
2024-03-15 18:00:00,13,58,18,28,16,21,0,154
2024-03-15 18:10:00,29,45,23,19,29,28,0,173
2024-03-15 18:20:00,18,44,17,18,30,15,0,142
2024-03-15 18:30:00,7,40,21,23,26,28,0,145
2024-03-15 18:40:00,13,27,10,31,19,20,0,120
2024-03-15 18:50:00,14,38,13,9,16,15,0,105
2024-03-15 19:00:00,13,33,10,14,15,23,0,108
2024-03-15 19:10:00,15,30,9,12,18,24,0,108
2024-03-15 19:20:00,13,44,17,10,12,11,0,107
2024-03-15 19:30:00,11,28,8,18,19,13,0,97
2024-03-15 19:40:00,11,29,24,15,28,23,0,130
2024-03-15 19:50:00,16,24,14,15,26,12,0,107
2024-03-15 20:00:00,5,26,9,16,23,15,0,94
2024-03-15 20:10:00,8,19,10,14,17,17,0,85
2024-03-15 20:20:00,6,22,13,15,17,15,0,88
2024-03-15 20:30:00,10,19,13,8,9,13,0,72
2024-03-15 20:40:00,8,21,9,7,10,11,0,66
2024-03-15 20:50:00,3,14,7,10,9,15,0,58
2024-03-15 21:00:00,13,21,10,8,10,8,0,70
2024-03-15 21:10:00,6,13,4,7,10,17,0,57
2024-03-15 21:20:00,8,34,9,9,13,8,0,81
2024-03-15 21:30:00,9,22,9,10,16,11,0,77
2024-03-15 21:40:00,8,25,4,11,17,11,0,76
2024-03-15 21:50:00,8,16,7,12,9,14,0,66
2024-03-15 22:00:00,7,17,4,7,13,12,0,60
2024-03-15 22:10:00,9,16,3,13,10,16,0,67
2024-03-15 22:20:00,5,10,4,10,14,12,0,55
2024-03-15 22:30:00,14,19,8,6,11,12,0,70
2024-03-15 22:40:00,7,22,1,5,9,9,0,53
2024-03-15 22:50:00,8,24,6,11,15,7,0,71
2024-03-15 23:00:00,8,13,5,8,15,10,0,59
2024-03-15 23:10:00,3,12,9,6,11,14,0,55
2024-03-15 23:20:00,5,12,9,2,5,7,0,40
2024-03-15 23:30:00,6,12,6,6,10,4,0,44
2024-03-15 23:40:00,5,13,5,2,7,8,0,40
2024-03-15 23:50:00,1,9,5,9,12,3,0,39
2024-03-16 00:00:00,4,12,4,7,10,3,0,40
2024-03-16 00:10:00,6,16,10,9,10,13,0,64
2024-03-16 00:20:00,2,12,4,5,4,6,0,33
2024-03-16 00:30:00,6,7,2,5,5,4,0,29
2024-03-16 00:40:00,3,8,2,6,7,4,0,30
2024-03-16 00:50:00,4,5,1,2,4,7,0,23
2024-03-16 01:00:00,1,7,3,3,1,3,0,18
2024-03-16 01:10:00,2,8,4,3,4,7,0,28
2024-03-16 01:20:00,1,10,3,1,5,5,0,25
2024-03-16 01:30:00,5,3,2,6,5,1,0,22
2024-03-16 01:40:00,0,10,2,5,8,5,0,30
2024-03-16 01:50:00,3,8,3,3,5,6,0,28
2024-03-16 02:00:00,0,4,1,3,5,3,0,16
2024-03-16 02:10:00,2,2,1,1,3,5,0,14
2024-03-16 02:20:00,0,4,2,2,3,5,0,16
2024-03-16 02:30:00,1,3,3,2,2,2,0,13
2024-03-16 02:40:00,1,7,4,4,4,2,0,22
2024-03-16 02:50:00,2,5,2,3,1,53,0,66
2024-03-16 03:00:00,0,9,1,3,3,3,0,19
2024-03-16 03:10:00,1,5,5,3,5,6,0,25
2024-03-16 03:20:00,1,3,2,4,4,4,0,18
2024-03-16 03:30:00,1,3,0,2,3,1,0,10
2024-03-16 03:40:00,1,4,1,2,2,3,0,13
2024-03-16 03:50:00,0,4,2,2,5,7,0,20
2024-03-16 04:00:00,1,2,2,0,2,2,0,9
2024-03-16 04:10:00,0,3,1,2,3,2,0,11
2024-03-16 04:20:00,2,5,1,0,0,4,0,12
2024-03-16 04:30:00,0,4,2,0,2,3,0,11
2024-03-16 04:40:00,1,3,0,3,9,3,0,19
2024-03-16 04:50:00,0,5,2,0,3,3,0,13
2024-03-16 05:00:00,0,6,1,1,1,3,0,12
2024-03-16 05:10:00,0,5,4,2,4,7,0,22
2024-03-16 05:20:00,2,14,7,1,4,6,0,34
2024-03-16 05:30:00,0,9,4,1,5,5,0,24
2024-03-16 05:40:00,1,9,4,0,5,4,0,23
2024-03-16 05:50:00,1,4,5,4,4,5,0,23
2024-03-16 06:00:00,0,5,1,4,6,6,0,22
2024-03-16 06:10:00,1,4,5,1,3,6,0,20
2024-03-16 06:20:00,3,4,3,1,2,5,0,18
2024-03-16 06:30:00,2,5,8,3,5,5,0,28
2024-03-16 06:40:00,2,10,5,0,6,1,0,24
2024-03-16 06:50:00,2,5,1,0,9,2,0,19
2024-03-16 07:00:00,3,3,1,3,11,11,0,32
2024-03-16 07:10:00,0,8,4,0,7,8,0,27
2024-03-16 07:20:00,1,9,5,0,3,4,0,22
2024-03-16 07:30:00,1,9,5,2,8,7,0,32
2024-03-16 07:40:00,4,11,4,2,6,9,0,36
2024-03-16 07:50:00,4,9,3,5,8,5,0,34
2024-03-16 08:00:00,1,8,3,2,5,2,0,21
2024-03-16 08:10:00,4,12,2,5,6,9,0,38
2024-03-16 08:20:00,2,14,5,4,6,10,0,41
2024-03-16 08:30:00,6,20,3,8,11,12,0,60
2024-03-16 08:40:00,5,12,4,10,12,15,0,58
2024-03-16 08:50:00,6,14,22,14,24,13,0,93
2024-03-16 09:00:00,4,21,7,5,18,8,0,63
2024-03-16 09:10:00,7,15,9,13,21,9,0,74
2024-03-16 09:20:00,7,21,11,9,28,14,0,90
2024-03-16 09:30:00,9,26,10,13,25,16,0,99
2024-03-16 09:40:00,6,28,12,15,24,16,0,101
2024-03-16 09:50:00,11,26,11,7,16,17,0,88
2024-03-16 10:00:00,8,25,11,10,21,14,0,89
2024-03-16 10:10:00,9,38,10,10,18,34,0,119
2024-03-16 10:20:00,23,31,15,17,23,14,0,123
2024-03-16 10:30:00,10,33,15,22,35,18,0,133
2024-03-16 10:40:00,12,34,19,14,21,11,0,111
2024-03-16 10:50:00,6,32,25,55,28,16,0,162
2024-03-16 11:00:00,8,30,13,24,23,13,0,111
2024-03-16 11:10:00,17,26,16,23,27,18,0,127
2024-03-16 11:20:00,14,47,16,11,21,22,0,131
2024-03-16 11:30:00,12,30,6,12,25,17,0,102
2024-03-16 11:40:00,10,44,13,11,30,21,0,129
2024-03-16 11:50:00,13,51,27,21,27,20,0,159
2024-03-16 12:00:00,13,43,19,16,21,17,0,129
2024-03-16 12:10:00,12,46,17,18,19,17,0,129
2024-03-16 12:20:00,19,42,44,24,32,14,0,175
2024-03-16 12:30:00,19,39,17,18,18,34,0,145
2024-03-16 12:40:00,18,35,18,23,26,24,0,144
2024-03-16 12:50:00,18,49,21,16,24,25,0,153
2024-03-16 13:00:00,20,36,21,13,19,25,0,134
2024-03-16 13:10:00,16,40,26,16,28,12,0,138
2024-03-16 13:20:00,24,33,26,15,31,15,0,144
2024-03-16 13:30:00,14,48,49,22,25,24,0,182
2024-03-16 13:40:00,16,40,15,20,28,22,0,141
2024-03-16 13:50:00,14,39,11,20,20,17,0,121
2024-03-16 14:00:00,29,40,22,21,33,19,0,164
2024-03-16 14:10:00,12,50,26,13,22,28,0,151
2024-03-16 14:20:00,23,42,16,24,23,22,0,150
2024-03-16 14:30:00,21,48,13,10,21,19,0,132
2024-03-16 14:40:00,15,93,11,20,24,26,0,189
2024-03-16 14:50:00,11,38,12,14,26,17,0,118
2024-03-16 15:00:00,15,57,13,10,30,13,0,138
2024-03-16 15:10:00,13,34,13,17,20,15,0,112
2024-03-16 15:20:00,17,37,17,16,13,24,0,124
2024-03-16 15:30:00,12,37,15,19,18,37,0,138
2024-03-16 15:40:00,15,31,9,12,20,55,0,142
2024-03-16 15:50:00,16,39,27,16,19,14,0,131
2024-03-16 16:00:00,15,24,7,6,18,20,0,90
2024-03-16 16:10:00,14,31,14,18,22,15,0,114
2024-03-16 16:20:00,8,41,18,13,16,14,0,110
2024-03-16 16:30:00,11,34,13,26,16,17,0,117
2024-03-16 16:40:00,26,31,17,9,25,15,0,123
2024-03-16 16:50:00,16,32,64,47,13,12,0,184
2024-03-16 17:00:00,9,34,12,10,20,16,0,101
2024-03-16 17:10:00,15,23,11,9,19,16,0,93
2024-03-16 17:20:00,10,39,14,12,24,20,0,119
2024-03-16 17:30:00,11,40,13,15,23,10,0,112
2024-03-16 17:40:00,14,35,14,12,24,34,0,133
2024-03-16 17:50:00,10,50,16,22,18,17,0,133
2024-03-16 18:00:00,12,52,19,19,24,15,0,141
2024-03-16 18:10:00,11,34,25,20,14,26,0,130
2024-03-16 18:20:00,12,32,14,20,19,17,0,114
2024-03-16 18:30:00,9,31,12,18,14,17,0,101
2024-03-16 18:40:00,20,35,24,12,13,16,0,120
2024-03-16 18:50:00,20,43,10,16,15,11,0,115
2024-03-16 19:00:00,7,24,15,11,9,8,0,74
2024-03-16 19:10:00,12,44,13,10,16,9,0,104
2024-03-16 19:20:00,11,36,13,11,18,10,0,99
2024-03-16 19:30:00,12,25,7,12,23,11,0,90
2024-03-16 19:40:00,9,25,27,16,18,15,0,110
2024-03-16 19:50:00,9,25,11,21,18,10,0,94
2024-03-16 20:00:00,6,31,13,14,23,15,0,102
2024-03-16 20:10:00,14,21,13,12,13,21,0,94
2024-03-16 20:20:00,10,28,14,11,11,15,0,89
2024-03-16 20:30:00,7,23,4,15,11,15,0,75
2024-03-16 20:40:00,6,19,6,6,16,10,0,63
2024-03-16 20:50:00,7,25,6,6,49,13,0,106
2024-03-16 21:00:00,6,21,9,13,10,11,0,70
2024-03-16 21:10:00,5,21,6,12,12,16,0,72
2024-03-16 21:20:00,6,26,15,13,7,16,0,83
2024-03-16 21:30:00,2,57,2,8,10,7,0,86
2024-03-16 21:40:00,7,24,10,10,6,14,0,71
2024-03-16 21:50:00,5,28,6,9,10,13,0,71
2024-03-16 22:00:00,7,22,4,3,11,11,0,58
2024-03-16 22:10:00,6,19,11,8,14,16,0,74
2024-03-16 22:20:00,8,11,5,17,9,12,0,62
2024-03-16 22:30:00,6,20,5,6,9,8,0,54
2024-03-16 22:40:00,6,15,4,4,10,15,0,54
2024-03-16 22:50:00,3,19,2,10,11,9,0,54
2024-03-16 23:00:00,4,23,7,4,7,10,0,55
2024-03-16 23:10:00,4,14,6,5,10,12,0,51
2024-03-16 23:20:00,6,13,7,5,7,6,0,44
2024-03-16 23:30:00,4,20,3,7,5,7,0,46
2024-03-16 23:40:00,3,9,5,10,13,11,0,51
2024-03-16 23:50:00,5,6,1,6,8,3,0,29
2024-03-17 00:00:00,8,11,5,25,5,8,0,62
2024-03-17 00:10:00,5,8,4,8,9,8,0,42
2024-03-17 00:20:00,5,7,5,8,7,4,0,36
2024-03-17 00:30:00,1,12,4,5,7,5,0,34
2024-03-17 00:40:00,3,6,5,5,11,11,0,41
2024-03-17 00:50:00,2,8,2,5,3,8,0,28
2024-03-17 01:00:00,2,10,5,6,6,5,0,34
2024-03-17 01:10:00,0,10,6,3,4,7,0,30
2024-03-17 01:20:00,2,14,4,4,2,3,0,29
2024-03-17 01:30:00,1,6,6,5,5,5,0,28
2024-03-17 01:40:00,1,8,7,5,5,2,0,28
2024-03-17 01:50:00,3,6,5,5,5,4,0,28
2024-03-17 02:00:00,1,8,5,2,3,7,0,26
2024-03-17 02:10:00,1,5,4,4,3,4,0,21
2024-03-17 02:20:00,2,8,4,4,2,3,0,23
2024-03-17 02:30:00,3,6,4,3,2,3,0,21
2024-03-17 02:40:00,0,1,2,6,7,4,0,20
2024-03-17 02:50:00,0,3,1,2,3,1,0,10
2024-03-17 03:00:00,2,9,2,2,3,3,0,21
2024-03-17 03:10:00,1,6,4,2,4,2,0,19
2024-03-17 03:20:00,1,1,1,3,4,3,0,13
2024-03-17 03:30:00,1,6,2,1,3,5,0,18
2024-03-17 03:40:00,0,3,3,0,3,2,0,11
2024-03-17 03:50:00,0,3,1,0,1,2,0,7
2024-03-17 04:00:00,1,4,1,1,0,1,0,8
2024-03-17 04:10:00,2,4,1,0,3,4,0,14
2024-03-17 04:20:00,0,2,1,0,1,2,0,6
2024-03-17 04:30:00,5,4,2,2,1,5,0,19
2024-03-17 04:40:00,2,5,3,2,2,4,0,18
2024-03-17 04:50:00,2,5,2,1,6,2,0,18
2024-03-17 05:00:00,0,4,0,7,5,4,0,20
2024-03-17 05:10:00,1,6,4,1,3,2,0,17
2024-03-17 05:20:00,0,4,1,4,3,1,0,13
2024-03-17 05:30:00,0,6,2,3,3,5,0,19
2024-03-17 05:40:00,0,6,2,1,5,1,0,15
2024-03-17 05:50:00,0,4,3,4,7,1,0,19
2024-03-17 06:00:00,1,2,0,2,8,7,0,20
2024-03-17 06:10:00,3,4,3,1,3,3,0,17
2024-03-17 06:20:00,1,2,1,2,5,3,0,14
2024-03-17 06:30:00,1,9,6,1,3,9,0,29
2024-03-17 06:40:00,0,4,0,2,6,1,0,13
2024-03-17 06:50:00,0,1,2,3,2,2,0,10
2024-03-17 07:00:00,0,3,0,0,2,1,0,6
2024-03-17 07:10:00,2,8,1,2,3,3,0,19
2024-03-17 07:20:00,1,3,0,1,4,2,0,11
2024-03-17 07:30:00,0,7,5,3,4,3,0,22
2024-03-17 07:40:00,1,4,0,2,3,1,0,11
2024-03-17 07:50:00,2,5,4,3,3,3,0,20
2024-03-17 08:00:00,1,5,0,2,3,2,0,13
2024-03-17 08:10:00,3,5,2,1,4,3,0,18
2024-03-17 08:20:00,2,5,2,3,4,5,0,21
2024-03-17 08:30:00,1,5,3,0,3,4,0,16
2024-03-17 08:40:00,3,5,5,1,4,6,0,24
2024-03-17 08:50:00,1,6,7,5,4,4,0,27
2024-03-17 09:00:00,1,6,3,1,7,3,0,21
2024-03-17 09:10:00,3,8,4,2,8,10,0,35
2024-03-17 09:20:00,2,18,8,3,10,3,0,44
2024-03-17 09:30:00,4,9,13,7,9,5,0,47
2024-03-17 09:40:00,7,15,7,4,9,10,0,52
2024-03-17 09:50:00,8,58,6,7,12,5,0,96
2024-03-17 10:00:00,4,16,9,6,9,8,0,52
2024-03-17 10:10:00,2,10,4,3,11,6,0,36
2024-03-17 10:20:00,3,9,14,6,14,5,0,51
2024-03-17 10:30:00,3,16,9,10,16,7,0,61
2024-03-17 10:40:00,5,12,7,8,6,10,0,48
2024-03-17 10:50:00,5,18,15,10,9,8,0,65
2024-03-17 11:00:00,4,19,14,7,18,7,0,69
2024-03-17 11:10:00,3,17,7,3,13,13,0,56
2024-03-17 11:20:00,2,26,7,7,11,4,0,57
2024-03-17 11:30:00,2,17,10,25,11,12,0,77
2024-03-17 11:40:00,2,28,4,7,18,12,0,71
2024-03-17 11:50:00,5,18,7,5,8,27,0,70
2024-03-17 12:00:00,8,21,17,6,17,10,0,79
2024-03-17 12:10:00,6,27,13,13,12,13,0,84
2024-03-17 12:20:00,8,31,11,11,19,12,0,92
2024-03-17 12:30:00,3,27,11,9,18,10,0,78
2024-03-17 12:40:00,7,36,11,13,23,20,0,110
2024-03-17 12:50:00,12,29,12,11,18,8,0,90
2024-03-17 13:00:00,5,20,21,12,11,10,0,79
2024-03-17 13:10:00,6,32,15,7,11,7,0,78
2024-03-17 13:20:00,12,29,10,9,16,16,0,92
2024-03-17 13:30:00,12,30,6,6,21,14,0,89
2024-03-17 13:40:00,2,22,12,7,16,15,0,74
2024-03-17 13:50:00,5,33,7,16,22,19,0,102
2024-03-17 14:00:00,10,23,11,7,17,14,0,82
2024-03-17 14:10:00,6,27,7,7,20,14,0,81
2024-03-17 14:20:00,7,32,13,8,17,7,0,84
2024-03-17 14:30:00,11,27,4,3,15,4,0,64
2024-03-17 14:40:00,4,25,9,10,18,18,0,84
2024-03-17 14:50:00,8,27,10,5,15,15,0,80
2024-03-17 15:00:00,7,28,7,12,15,14,0,83
2024-03-17 15:10:00,13,18,10,13,20,10,0,84
2024-03-17 15:20:00,4,27,11,10,18,13,0,83
2024-03-17 15:30:00,10,30,13,6,15,9,0,83
2024-03-17 15:40:00,9,27,6,14,20,9,0,85
2024-03-17 15:50:00,8,21,3,16,22,14,0,84
2024-03-17 16:00:00,6,25,8,9,15,11,0,74
2024-03-17 16:10:00,4,17,6,11,15,16,0,69
2024-03-17 16:20:00,6,30,8,16,27,8,0,95
2024-03-17 16:30:00,5,35,5,13,13,10,0,81
2024-03-17 16:40:00,4,23,9,6,8,19,0,69
2024-03-17 16:50:00,4,22,13,9,11,12,0,71
2024-03-17 17:00:00,6,19,6,15,13,13,0,72
2024-03-17 17:10:00,3,40,9,8,9,20,0,89
2024-03-17 17:20:00,12,27,16,4,13,15,0,87
2024-03-17 17:30:00,8,25,6,15,16,11,0,81
2024-03-17 17:40:00,12,27,9,9,19,11,0,87
2024-03-17 17:50:00,7,28,14,13,15,12,0,89
2024-03-17 18:00:00,11,18,6,15,23,19,0,92
2024-03-17 18:10:00,8,21,10,35,21,17,0,112
2024-03-17 18:20:00,13,29,14,18,21,12,0,107
2024-03-17 18:30:00,14,37,7,8,9,10,0,85
2024-03-17 18:40:00,1,16,10,14,11,12,0,64
2024-03-17 18:50:00,7,18,9,13,10,10,0,67
2024-03-17 19:00:00,7,21,7,6,15,11,0,67
2024-03-17 19:10:00,6,14,5,11,9,13,0,58
2024-03-17 19:20:00,6,19,6,7,8,15,0,61
2024-03-17 19:30:00,4,20,12,3,13,5,0,57
2024-03-17 19:40:00,5,20,9,7,27,8,0,76
2024-03-17 19:50:00,4,19,14,13,26,7,0,83
2024-03-17 20:00:00,4,23,10,19,22,13,0,91
2024-03-17 20:10:00,1,23,7,6,18,12,0,67
2024-03-17 20:20:00,6,12,8,13,15,13,0,67
2024-03-17 20:30:00,6,22,4,10,19,15,0,76
2024-03-17 20:40:00,3,13,9,7,9,7,0,48
2024-03-17 20:50:00,4,25,11,9,8,9,0,66
2024-03-17 21:00:00,8,20,6,5,3,13,0,55
2024-03-17 21:10:00,7,16,4,12,14,9,0,62
2024-03-17 21:20:00,6,25,11,8,8,12,0,70
2024-03-17 21:30:00,3,17,6,8,11,55,0,100
2024-03-17 21:40:00,4,20,5,4,8,4,0,45
2024-03-17 21:50:00,2,16,7,5,6,7,0,43
2024-03-17 22:00:00,8,8,2,4,7,8,0,37
2024-03-17 22:10:00,1,9,4,25,14,12,0,65
2024-03-17 22:20:00,6,14,7,6,12,7,0,52
2024-03-17 22:30:00,3,8,11,4,17,15,0,58
2024-03-17 22:40:00,2,9,1,9,11,12,0,44
2024-03-17 22:50:00,2,8,6,4,6,1,0,27
2024-03-17 23:00:00,5,10,6,3,6,8,0,38
2024-03-17 23:10:00,2,12,3,3,4,6,0,30
2024-03-17 23:20:00,0,8,2,3,5,5,0,23
2024-03-17 23:30:00,2,4,3,3,3,4,0,19
2024-03-17 23:40:00,2,9,5,2,7,8,0,33
2024-03-17 23:50:00,1,9,6,4,2,3,0,25
2024-03-18 00:00:00,0,4,3,3,5,2,0,17
2024-03-18 00:10:00,2,3,1,0,2,7,0,15
2024-03-18 00:20:00,2,3,2,4,4,2,0,17
2024-03-18 00:30:00,0,6,3,3,4,1,0,17
2024-03-18 00:40:00,1,1,0,2,2,0,0,6
2024-03-18 00:50:00,3,2,1,2,3,6,0,17
2024-03-18 01:00:00,1,5,5,3,1,1,0,16
2024-03-18 01:10:00,1,3,2,1,2,4,0,13
2024-03-18 01:20:00,0,2,1,1,2,0,0,6
2024-03-18 01:30:00,0,4,0,1,2,2,0,9
2024-03-18 01:40:00,0,0,0,0,1,1,0,2
2024-03-18 01:50:00,0,2,1,2,2,0,0,7
2024-03-18 02:00:00,0,3,1,0,0,0,0,4
2024-03-18 02:10:00,1,2,0,0,1,1,0,5
2024-03-18 02:20:00,1,4,2,1,1,2,0,11
2024-03-18 02:30:00,2,0,1,3,3,3,0,12
2024-03-18 02:40:00,1,2,2,1,1,3,0,10
2024-03-18 02:50:00,0,2,1,1,1,2,0,7
2024-03-18 03:00:00,1,1,1,2,3,1,0,9
2024-03-18 03:10:00,1,3,1,1,0,0,0,6
2024-03-18 03:20:00,0,3,2,1,2,2,0,10
2024-03-18 03:30:00,0,5,5,1,3,6,0,20
2024-03-18 03:40:00,0,1,0,0,4,7,0,12
2024-03-18 03:50:00,1,6,2,6,5,3,0,23
2024-03-18 04:00:00,1,3,1,0,1,1,0,7
2024-03-18 04:10:00,3,3,1,4,1,2,0,14
2024-03-18 04:20:00,1,1,0,1,1,3,0,7
2024-03-18 04:30:00,2,2,1,1,4,3,0,13
2024-03-18 04:40:00,1,6,5,0,4,5,0,21
2024-03-18 04:50:00,0,4,1,2,3,8,0,18
2024-03-18 05:00:00,0,12,3,4,7,2,0,28
2024-03-18 05:10:00,3,8,7,5,11,10,0,44
2024-03-18 05:20:00,3,8,5,6,24,5,0,51
2024-03-18 05:30:00,5,11,6,11,14,15,0,62
2024-03-18 05:40:00,4,14,11,8,11,10,0,58
2024-03-18 05:50:00,7,10,14,8,26,7,0,72
2024-03-18 06:00:00,5,32,7,13,17,9,0,83
2024-03-18 06:10:00,11,20,10,13,26,23,0,103
2024-03-18 06:20:00,12,16,13,8,16,15,0,80
2024-03-18 06:30:00,9,25,14,8,23,20,0,99
2024-03-18 06:40:00,16,18,21,23,23,16,0,117
2024-03-18 06:50:00,14,26,22,25,24,18,0,129
2024-03-18 07:00:00,22,23,31,21,20,20,0,137
2024-03-18 07:10:00,34,112,30,20,20,20,0,236
2024-03-18 07:20:00,21,38,24,23,22,16,0,144
2024-03-18 07:30:00,40,44,37,19,35,25,0,200
2024-03-18 07:40:00,50,37,31,14,26,74,0,232
2024-03-18 07:50:00,40,47,27,29,30,21,0,194
2024-03-18 08:00:00,33,38,24,22,12,17,0,146
2024-03-18 08:10:00,27,33,23,19,32,19,0,153
2024-03-18 08:20:00,32,44,23,16,25,27,0,167
2024-03-18 08:30:00,25,33,16,11,39,21,0,145
2024-03-18 08:40:00,20,44,25,16,22,25,0,152
2024-03-18 08:50:00,20,35,22,18,30,28,0,153
2024-03-18 09:00:00,23,33,30,16,28,15,0,145
2024-03-18 09:10:00,19,41,23,15,24,17,0,139
2024-03-18 09:20:00,16,35,22,19,17,16,0,125
2024-03-18 09:30:00,17,26,21,20,27,20,0,131
2024-03-18 09:40:00,17,41,14,81,24,23,0,200
2024-03-18 09:50:00,12,42,20,15,22,27,0,138
2024-03-18 10:00:00,19,38,24,26,22,21,0,150
2024-03-18 10:10:00,18,28,46,25,25,20,0,162
2024-03-18 10:20:00,14,29,14,6,24,20,0,107
2024-03-18 10:30:00,18,31,24,14,19,20,0,126
2024-03-18 10:40:00,11,29,9,16,24,27,0,116
2024-03-18 10:50:00,14,30,14,19,26,25,0,128
2024-03-18 11:00:00,13,35,12,12,22,21,0,115
2024-03-18 11:10:00,21,38,9,26,24,24,0,142
2024-03-18 11:20:00,15,35,14,19,22,13,0,118
2024-03-18 11:30:00,20,69,14,23,29,19,0,174
2024-03-18 11:40:00,22,29,22,17,29,14,0,133
2024-03-18 11:50:00,18,33,25,15,27,28,0,146
2024-03-18 12:00:00,11,20,17,30,21,16,0,115
2024-03-18 12:10:00,14,33,16,25,27,25,0,140
2024-03-18 12:20:00,20,42,17,29,28,32,0,168
2024-03-18 12:30:00,17,46,13,29,18,21,0,144
2024-03-18 12:40:00,13,36,37,14,29,17,0,146
2024-03-18 12:50:00,17,47,29,18,27,13,0,151
2024-03-18 13:00:00,16,33,27,20,27,19,0,142
2024-03-18 13:10:00,17,39,10,27,25,32,0,150
2024-03-18 13:20:00,11,38,15,23,19,17,0,123
2024-03-18 13:30:00,11,48,18,33,25,31,0,166
2024-03-18 13:40:00,22,40,22,22,25,39,0,170
2024-03-18 13:50:00,17,29,18,18,24,30,0,136
2024-03-18 14:00:00,12,33,12,32,18,13,0,120
2024-03-18 14:10:00,26,50,14,23,23,21,0,157
2024-03-18 14:20:00,16,53,12,23,29,27,0,160
2024-03-18 14:30:00,19,36,17,33,33,24,0,162
2024-03-18 14:40:00,16,45,15,21,40,28,0,165
2024-03-18 14:50:00,23,50,26,28,24,20,0,171
2024-03-18 15:00:00,15,29,34,33,19,19,0,149
2024-03-18 15:10:00,20,40,19,29,23,21,0,152
2024-03-18 15:20:00,29,62,26,28,26,45,0,216
2024-03-18 15:30:00,27,59,17,41,31,22,0,197
2024-03-18 15:40:00,22,53,21,31,20,36,0,183
2024-03-18 15:50:00,22,53,14,35,35,24,0,183
2024-03-18 16:00:00,23,48,21,35,18,26,0,171
2024-03-18 16:10:00,17,46,21,44,33,36,0,197
2024-03-18 16:20:00,24,60,28,33,19,18,0,182
2024-03-18 16:30:00,30,53,21,33,25,32,0,194
2024-03-18 16:40:00,34,52,20,36,27,23,0,192
2024-03-18 16:50:00,25,42,18,26,27,22,0,160
2024-03-18 17:00:00,17,52,24,31,28,24,0,176
2024-03-18 17:10:00,26,38,15,59,23,25,0,186
2024-03-18 17:20:00,24,54,34,27,21,32,0,192
2024-03-18 17:30:00,32,50,24,23,30,25,0,184
2024-03-18 17:40:00,22,34,12,28,31,30,0,157
2024-03-18 17:50:00,30,37,16,19,24,26,0,152
2024-03-18 18:00:00,20,47,21,23,33,18,0,162
2024-03-18 18:10:00,23,41,13,18,20,22,0,137
2024-03-18 18:20:00,22,50,21,33,23,17,0,166
2024-03-18 18:30:00,17,31,23,21,24,16,0,132
2024-03-18 18:40:00,12,37,6,20,17,24,0,116
2024-03-18 18:50:00,8,29,16,18,26,11,0,108
2024-03-18 19:00:00,10,33,12,15,19,22,0,111
2024-03-18 19:10:00,11,24,14,16,20,12,0,97
2024-03-18 19:20:00,11,31,9,9,14,11,0,85
2024-03-18 19:30:00,13,36,14,10,17,13,0,103
2024-03-18 19:40:00,8,17,13,14,18,17,0,87
2024-03-18 19:50:00,10,25,13,12,13,15,0,88
2024-03-18 20:00:00,9,23,17,14,18,14,0,95
2024-03-18 20:10:00,7,35,11,8,20,14,0,95
2024-03-18 20:20:00,5,33,11,20,10,13,0,92
2024-03-18 20:30:00,9,18,5,8,9,8,0,57
2024-03-18 20:40:00,6,20,4,13,10,10,0,63
2024-03-18 20:50:00,7,21,12,24,5,12,0,81
2024-03-18 21:00:00,7,28,8,8,12,6,0,69
2024-03-18 21:10:00,13,27,17,8,12,8,0,85
2024-03-18 21:20:00,6,26,3,12,8,10,0,65
2024-03-18 21:30:00,5,19,3,9,8,12,0,56
2024-03-18 21:40:00,2,21,5,7,10,6,0,51
2024-03-18 21:50:00,3,21,8,5,3,8,0,48
2024-03-18 22:00:00,11,16,3,14,11,9,0,64
2024-03-18 22:10:00,8,20,9,7,10,8,0,62
2024-03-18 22:20:00,6,14,8,4,7,13,0,52
2024-03-18 22:30:00,6,11,4,3,12,15,0,51
2024-03-18 22:40:00,5,11,6,4,7,14,0,47
2024-03-18 22:50:00,5,14,6,7,6,7,0,45
2024-03-18 23:00:00,6,9,1,1,5,3,0,25
2024-03-18 23:10:00,1,11,1,4,6,5,0,28
2024-03-18 23:20:00,3,15,4,10,4,5,0,41
2024-03-18 23:30:00,1,10,2,5,8,3,0,29
2024-03-18 23:40:00,3,6,2,2,4,3,0,20
2024-03-18 23:50:00,4,3,0,1,3,1,0,12
2024-03-19 00:00:00,1,4,4,2,2,2,0,15
2024-03-19 00:10:00,2,8,2,2,4,11,0,29
2024-03-19 00:20:00,0,5,5,2,3,4,0,19
2024-03-19 00:30:00,0,4,2,0,1,3,0,10
2024-03-19 00:40:00,0,6,2,3,5,5,0,21
2024-03-19 00:50:00,2,2,0,1,1,3,0,9
2024-03-19 01:00:00,0,2,1,4,1,3,0,11
2024-03-19 01:10:00,0,3,3,1,6,6,0,19
2024-03-19 01:20:00,0,2,1,0,2,2,0,7
2024-03-19 01:30:00,0,1,1,0,2,0,0,4
2024-03-19 01:40:00,1,1,3,0,0,1,0,6
2024-03-19 01:50:00,0,1,2,2,1,1,0,7
2024-03-19 02:00:00,0,1,0,0,0,0,0,1
2024-03-19 02:10:00,0,2,4,0,3,5,0,14
2024-03-19 02:20:00,1,1,0,2,2,4,0,10
2024-03-19 02:30:00,1,3,3,2,2,2,0,13
2024-03-19 02:40:00,0,3,1,1,1,3,0,9
2024-03-19 02:50:00,0,0,0,2,1,1,0,4
2024-03-19 03:00:00,1,4,1,0,0,0,0,6
2024-03-19 03:10:00,1,2,0,1,1,1,0,6
2024-03-19 03:20:00,1,8,7,2,0,4,0,22
2024-03-19 03:30:00,0,1,1,1,1,5,0,9
2024-03-19 03:40:00,0,0,2,1,0,0,0,3
2024-03-19 03:50:00,1,2,1,2,2,4,0,12
2024-03-19 04:00:00,4,3,5,2,4,4,0,22
2024-03-19 04:10:00,1,0,0,1,2,1,0,5
2024-03-19 04:20:00,0,3,1,2,2,5,0,13
2024-03-19 04:30:00,2,2,3,4,4,3,0,18
2024-03-19 04:40:00,3,5,8,0,2,5,0,23
2024-03-19 04:50:00,0,5,5,2,5,7,0,24
2024-03-19 05:00:00,1,6,6,1,9,12,0,35
2024-03-19 05:10:00,1,5,7,4,11,8,0,36
2024-03-19 05:20:00,1,13,4,6,13,4,0,41
2024-03-19 05:30:00,6,15,10,6,16,13,0,66
2024-03-19 05:40:00,9,13,28,5,12,11,0,78
2024-03-19 05:50:00,12,16,13,8,45,12,0,106
2024-03-19 06:00:00,6,17,12,12,17,10,0,74
2024-03-19 06:10:00,6,20,17,9,18,16,0,86
2024-03-19 06:20:00,7,18,10,10,16,18,0,79
2024-03-19 06:30:00,14,12,9,18,26,11,0,90
2024-03-19 06:40:00,14,28,18,24,20,9,0,113
2024-03-19 06:50:00,17,25,16,34,17,24,0,133
2024-03-19 07:00:00,17,43,31,24,17,10,0,142
2024-03-19 07:10:00,20,33,21,17,28,24,0,143
2024-03-19 07:20:00,25,49,34,13,29,19,0,169
2024-03-19 07:30:00,29,33,27,17,23,13,0,142
2024-03-19 07:40:00,46,44,43,24,23,23,0,203
2024-03-19 07:50:00,25,36,28,15,45,16,0,165
2024-03-19 08:00:00,26,41,20,20,18,28,0,153
2024-03-19 08:10:00,28,34,23,21,35,28,0,169
2024-03-19 08:20:00,37,31,25,17,23,18,0,151
2024-03-19 08:30:00,27,47,23,28,31,25,0,181
2024-03-19 08:40:00,32,47,23,17,29,23,0,171
2024-03-19 08:50:00,15,52,21,16,20,13,0,137
2024-03-19 09:00:00,20,34,17,11,38,24,0,144
2024-03-19 09:10:00,15,38,17,21,34,45,0,170
2024-03-19 09:20:00,25,31,14,17,28,21,0,136
2024-03-19 09:30:00,15,37,17,27,26,10,0,132
2024-03-19 09:40:00,14,33,18,24,24,23,0,136
2024-03-19 09:50:00,15,26,14,12,13,50,0,130
2024-03-19 10:00:00,10,38,16,17,24,22,0,127
2024-03-19 10:10:00,13,47,14,14,27,26,0,141
2024-03-19 10:20:00,18,40,18,13,19,21,0,129
2024-03-19 10:30:00,21,43,62,22,20,23,0,191
2024-03-19 10:40:00,7,39,16,10,18,30,0,120
2024-03-19 10:50:00,12,41,10,19,32,18,0,132
2024-03-19 11:00:00,17,42,21,11,25,22,0,138
2024-03-19 11:10:00,12,32,17,18,19,22,0,120
2024-03-19 11:20:00,14,34,19,15,28,21,0,131
2024-03-19 11:30:00,18,48,17,23,28,23,0,157
2024-03-19 11:40:00,10,38,15,49,29,22,0,163
2024-03-19 11:50:00,24,41,20,24,25,16,0,150
2024-03-19 12:00:00,14,26,17,29,22,23,0,131
2024-03-19 12:10:00,9,38,9,21,35,21,0,133
2024-03-19 12:20:00,24,45,25,29,27,36,0,186
2024-03-19 12:30:00,11,42,21,21,26,21,0,142
2024-03-19 12:40:00,23,29,21,21,27,19,0,140
2024-03-19 12:50:00,9,40,23,15,21,18,0,126
2024-03-19 13:00:00,10,36,13,21,32,18,0,130
2024-03-19 13:10:00,13,45,16,23,24,21,0,142
2024-03-19 13:20:00,18,38,20,26,20,22,0,144
2024-03-19 13:30:00,18,38,22,18,32,32,0,160
2024-03-19 13:40:00,14,34,15,21,30,23,0,137
2024-03-19 13:50:00,12,42,18,21,24,37,0,154
2024-03-19 14:00:00,18,32,21,26,31,27,0,155
2024-03-19 14:10:00,13,55,19,19,34,18,0,158
2024-03-19 14:20:00,21,46,12,16,37,27,0,159
2024-03-19 14:30:00,19,45,15,34,19,23,0,155
2024-03-19 14:40:00,30,58,18,18,30,34,0,188
2024-03-19 14:50:00,11,57,22,30,26,25,0,171
2024-03-19 15:00:00,21,45,26,25,25,26,0,168
2024-03-19 15:10:00,16,45,14,30,28,60,0,193
2024-03-19 15:20:00,29,69,16,34,29,30,0,207
2024-03-19 15:30:00,25,50,20,36,28,37,0,196
2024-03-19 15:40:00,23,53,15,39,32,29,0,191
2024-03-19 15:50:00,22,55,19,37,29,39,0,201
2024-03-19 16:00:00,31,66,72,28,30,38,0,265
2024-03-19 16:10:00,28,54,22,48,32,29,0,213
2024-03-19 16:20:00,26,53,25,35,24,21,0,184
2024-03-19 16:30:00,29,47,19,53,34,28,0,210
2024-03-19 16:40:00,29,43,21,36,31,27,0,187
2024-03-19 16:50:00,26,48,27,39,28,33,0,201
2024-03-19 17:00:00,15,81,16,25,22,24,0,183
2024-03-19 17:10:00,28,55,18,30,26,94,0,251
2024-03-19 17:20:00,27,62,17,40,26,21,0,193
2024-03-19 17:30:00,20,50,22,18,28,27,0,165
2024-03-19 17:40:00,26,60,20,27,29,32,0,194
2024-03-19 17:50:00,22,42,25,25,29,35,0,178
2024-03-19 18:00:00,10,38,20,15,28,26,0,137
2024-03-19 18:10:00,26,43,19,27,31,32,0,178
2024-03-19 18:20:00,11,52,20,22,26,33,0,164
2024-03-19 18:30:00,13,44,20,25,24,17,0,143
2024-03-19 18:40:00,10,32,20,18,32,19,0,131
2024-03-19 18:50:00,17,38,8,15,21,18,0,117
2024-03-19 19:00:00,9,31,15,16,18,19,0,108
2024-03-19 19:10:00,10,30,9,12,20,14,0,95
2024-03-19 19:20:00,9,26,13,10,18,14,0,90
2024-03-19 19:30:00,8,25,8,15,19,15,0,90
2024-03-19 19:40:00,15,30,12,19,19,22,0,117
2024-03-19 19:50:00,13,28,15,9,20,13,0,98
2024-03-19 20:00:00,8,38,13,14,27,16,0,116
2024-03-19 20:10:00,5,32,10,13,18,16,0,94
2024-03-19 20:20:00,8,29,11,11,22,11,0,92
2024-03-19 20:30:00,7,22,7,7,33,15,0,91
2024-03-19 20:40:00,8,25,8,9,19,5,0,74
2024-03-19 20:50:00,11,23,12,6,11,12,0,75
2024-03-19 21:00:00,12,23,6,22,12,12,0,87
2024-03-19 21:10:00,6,17,5,6,8,11,0,53
2024-03-19 21:20:00,6,21,11,8,6,10,0,62
2024-03-19 21:30:00,6,28,5,9,13,8,0,69
2024-03-19 21:40:00,8,26,6,7,11,9,0,67
2024-03-19 21:50:00,3,12,9,5,11,14,0,54
2024-03-19 22:00:00,3,13,14,9,11,5,0,55
2024-03-19 22:10:00,2,19,7,6,10,10,0,54
2024-03-19 22:20:00,1,22,8,6,4,9,0,50
2024-03-19 22:30:00,6,18,9,8,11,14,0,66
2024-03-19 22:40:00,6,12,1,7,14,7,0,47
2024-03-19 22:50:00,12,10,6,6,11,6,0,51
2024-03-19 23:00:00,5,9,4,5,10,9,0,42
2024-03-19 23:10:00,3,10,4,5,3,7,0,32
2024-03-19 23:20:00,3,10,2,1,3,4,0,23
2024-03-19 23:30:00,2,6,2,2,3,2,0,17
2024-03-19 23:40:00,4,8,2,4,5,12,0,35
2024-03-19 23:50:00,1,4,1,6,7,5,0,24
2024-03-20 00:00:00,2,8,1,3,2,4,0,20
2024-03-20 00:10:00,2,5,0,0,3,3,0,13
2024-03-20 00:20:00,0,7,3,1,2,3,0,16
2024-03-20 00:30:00,1,6,3,3,1,5,0,19
2024-03-20 00:40:00,1,1,1,2,4,1,0,10
2024-03-20 00:50:00,0,5,3,2,5,3,0,18
2024-03-20 01:00:00,3,5,1,2,4,2,0,17
2024-03-20 01:10:00,1,5,1,1,3,1,0,12
2024-03-20 01:20:00,0,5,4,3,1,2,0,15
2024-03-20 01:30:00,1,4,4,2,4,2,0,17
2024-03-20 01:40:00,0,5,5,2,2,2,0,16
2024-03-20 01:50:00,0,3,1,1,1,4,0,10
2024-03-20 02:00:00,1,4,1,1,1,1,0,9
2024-03-20 02:10:00,0,1,2,1,4,2,0,10
2024-03-20 02:20:00,0,1,1,0,0,3,0,5
2024-03-20 02:30:00,0,5,3,0,1,1,0,10
2024-03-20 02:40:00,1,1,0,1,3,2,0,8
2024-03-20 02:50:00,0,1,1,0,0,0,0,2
2024-03-20 03:00:00,1,2,2,0,0,1,0,6
2024-03-20 03:10:00,0,1,1,1,2,0,0,5
2024-03-20 03:20:00,5,3,5,2,2,2,0,19
2024-03-20 03:30:00,0,1,2,2,1,2,0,8
2024-03-20 03:40:00,1,4,1,0,1,1,0,8
2024-03-20 03:50:00,2,0,2,1,0,0,0,5
2024-03-20 04:00:00,2,3,1,0,0,2,0,8
2024-03-20 04:10:00,1,2,0,1,5,2,0,11
2024-03-20 04:20:00,0,4,1,2,2,5,0,14
2024-03-20 04:30:00,5,3,3,3,6,5,0,25
2024-03-20 04:40:00,1,7,7,1,2,9,0,27
2024-03-20 04:50:00,0,1,0,1,3,7,0,12
2024-03-20 05:00:00,0,5,3,5,10,6,0,29
2024-03-20 05:10:00,3,8,2,25,13,7,0,58
2024-03-20 05:20:00,2,10,9,4,8,5,0,38
2024-03-20 05:30:00,7,16,11,7,10,12,0,63
2024-03-20 05:40:00,5,35,9,7,17,11,0,84
2024-03-20 05:50:00,6,12,10,9,23,9,0,69
2024-03-20 06:00:00,9,17,5,7,17,16,0,71
2024-03-20 06:10:00,11,31,12,13,21,12,0,100
2024-03-20 06:20:00,8,10,12,7,27,10,0,74
2024-03-20 06:30:00,7,22,13,18,28,21,0,109
2024-03-20 06:40:00,20,26,11,18,18,13,0,106
2024-03-20 06:50:00,10,25,51,23,22,25,0,156
2024-03-20 07:00:00,20,31,25,20,23,16,0,135
2024-03-20 07:10:00,21,37,27,25,26,24,0,160
2024-03-20 07:20:00,18,34,30,14,22,21,0,139
2024-03-20 07:30:00,43,49,25,24,27,21,0,189
2024-03-20 07:40:00,33,32,22,22,32,24,0,165
2024-03-20 07:50:00,36,37,24,23,28,17,0,165
2024-03-20 08:00:00,29,43,18,66,38,28,0,222
2024-03-20 08:10:00,29,38,33,18,32,30,0,180
2024-03-20 08:20:00,39,44,15,15,32,31,0,176
2024-03-20 08:30:00,19,45,21,19,36,19,0,159
2024-03-20 08:40:00,34,31,27,24,35,19,0,170
2024-03-20 08:50:00,31,52,21,13,18,20,0,155
2024-03-20 09:00:00,26,31,21,20,30,19,0,147
2024-03-20 09:10:00,26,37,12,15,24,13,0,127
2024-03-20 09:20:00,22,42,25,30,18,17,0,154
2024-03-20 09:30:00,13,30,16,34,27,24,0,144
2024-03-20 09:40:00,11,28,12,20,31,21,0,123
2024-03-20 09:50:00,16,40,13,20,25,19,0,133
2024-03-20 10:00:00,11,33,21,17,18,16,0,116
2024-03-20 10:10:00,11,30,18,19,26,34,0,138
2024-03-20 10:20:00,14,26,15,17,19,21,0,112
2024-03-20 10:30:00,22,43,16,22,21,23,0,147
2024-03-20 10:40:00,22,38,16,18,18,19,0,131
2024-03-20 10:50:00,18,37,19,21,23,19,0,137
2024-03-20 11:00:00,12,38,12,16,40,17,0,135
2024-03-20 11:10:00,12,25,12,20,16,10,0,95
2024-03-20 11:20:00,10,34,17,18,24,27,0,130
2024-03-20 11:30:00,20,57,104,21,21,20,0,243
2024-03-20 11:40:00,17,30,17,27,23,20,0,134
2024-03-20 11:50:00,8,49,56,21,36,24,0,194
2024-03-20 12:00:00,19,41,80,26,32,18,0,216
2024-03-20 12:10:00,23,29,14,30,32,22,0,150
2024-03-20 12:20:00,17,54,23,18,31,14,0,157
2024-03-20 12:30:00,20,35,11,19,31,21,0,137
2024-03-20 12:40:00,15,42,15,14,33,16,0,135
2024-03-20 12:50:00,12,30,20,22,25,19,0,128
2024-03-20 13:00:00,14,39,13,16,25,22,0,129
2024-03-20 13:10:00,12,43,22,22,34,35,0,168
2024-03-20 13:20:00,14,45,20,22,27,23,0,151
2024-03-20 13:30:00,17,37,21,30,24,25,0,154
2024-03-20 13:40:00,10,39,24,27,28,30,0,158
2024-03-20 13:50:00,18,30,30,23,35,50,0,186
2024-03-20 14:00:00,11,53,22,18,27,29,0,160
2024-03-20 14:10:00,15,38,9,33,34,24,0,153
2024-03-20 14:20:00,20,49,21,75,28,46,0,239
2024-03-20 14:30:00,18,48,16,24,25,27,0,158
2024-03-20 14:40:00,28,56,27,29,33,29,0,202
2024-03-20 14:50:00,20,56,19,25,28,26,0,174
2024-03-20 15:00:00,17,42,19,29,30,30,0,167
2024-03-20 15:10:00,20,51,22,35,17,26,0,171
2024-03-20 15:20:00,31,62,23,35,29,26,0,206
2024-03-20 15:30:00,20,63,24,40,33,28,0,208
2024-03-20 15:40:00,21,50,32,39,26,46,0,214
2024-03-20 15:50:00,26,58,24,35,37,31,0,211
2024-03-20 16:00:00,28,46,13,32,31,27,0,177
2024-03-20 16:10:00,36,49,16,27,25,23,0,176
2024-03-20 16:20:00,26,55,16,37,29,39,0,202
2024-03-20 16:30:00,22,41,22,37,30,23,0,175
2024-03-20 16:40:00,24,48,24,27,33,36,0,192
2024-03-20 16:50:00,26,55,31,30,33,27,0,202
2024-03-20 17:00:00,31,48,24,34,26,27,0,190
2024-03-20 17:10:00,32,60,12,29,25,26,0,184
2024-03-20 17:20:00,21,38,108,22,32,32,0,253
2024-03-20 17:30:00,22,50,26,23,30,25,0,176
2024-03-20 17:40:00,24,49,17,41,30,24,0,185
2024-03-20 17:50:00,21,45,92,25,26,25,0,234
2024-03-20 18:00:00,17,39,21,26,31,34,0,168
2024-03-20 18:10:00,14,45,24,24,25,19,0,151
2024-03-20 18:20:00,28,39,9,22,24,20,0,142
2024-03-20 18:30:00,16,47,16,18,26,15,0,138
2024-03-20 18:40:00,16,36,17,20,24,18,0,131
2024-03-20 18:50:00,10,29,14,19,23,18,0,113
2024-03-20 19:00:00,9,39,22,17,23,22,0,132
2024-03-20 19:10:00,26,23,19,14,15,7,0,104
2024-03-20 19:20:00,10,25,9,6,25,17,0,92
2024-03-20 19:30:00,8,28,15,9,16,19,0,95
2024-03-20 19:40:00,5,25,11,9,21,19,0,90
2024-03-20 19:50:00,4,39,12,12,23,13,0,103
2024-03-20 20:00:00,13,37,14,10,22,17,0,113
2024-03-20 20:10:00,4,17,7,8,17,18,0,71
2024-03-20 20:20:00,9,18,13,13,14,17,0,84
2024-03-20 20:30:00,8,26,12,14,11,17,0,88
2024-03-20 20:40:00,13,16,6,10,19,14,0,78
2024-03-20 20:50:00,7,15,8,11,8,12,0,61
2024-03-20 21:00:00,5,24,6,6,10,12,0,63
2024-03-20 21:10:00,14,21,8,11,15,13,0,82
2024-03-20 21:20:00,12,21,19,12,11,11,0,86
2024-03-20 21:30:00,5,21,5,6,20,17,0,74
2024-03-20 21:40:00,3,22,11,19,6,19,0,80
2024-03-20 21:50:00,6,19,2,9,5,15,0,56
2024-03-20 22:00:00,5,31,4,9,12,7,0,68
2024-03-20 22:10:00,3,13,6,15,16,14,0,67
2024-03-20 22:20:00,4,13,8,9,14,15,0,63
2024-03-20 22:30:00,6,16,4,9,12,4,0,51
2024-03-20 22:40:00,5,14,7,7,11,5,0,49
2024-03-20 22:50:00,4,12,4,4,6,6,0,36
2024-03-20 23:00:00,1,10,4,4,5,7,0,31
2024-03-20 23:10:00,2,12,6,6,8,6,0,40
2024-03-20 23:20:00,1,8,3,6,3,7,0,28
2024-03-20 23:30:00,4,6,2,3,3,7,0,25
2024-03-20 23:40:00,4,9,6,2,9,8,0,38
2024-03-20 23:50:00,0,5,2,2,5,5,0,19
2024-03-21 00:00:00,2,10,6,4,2,5,0,29
2024-03-21 00:10:00,1,5,1,2,2,2,0,13
2024-03-21 00:20:00,1,3,2,3,1,4,0,14
2024-03-21 00:30:00,0,6,2,2,4,2,0,16
2024-03-21 00:40:00,0,4,1,0,2,2,0,9
2024-03-21 00:50:00,0,5,5,2,4,5,0,21
2024-03-21 01:00:00,1,7,2,0,0,2,0,12
2024-03-21 01:10:00,0,3,3,1,3,3,0,13
2024-03-21 01:20:00,0,5,1,2,1,3,0,12
2024-03-21 01:30:00,1,2,0,0,1,1,0,5
2024-03-21 01:40:00,1,2,1,1,3,3,0,11
2024-03-21 01:50:00,0,1,1,0,7,5,0,14
2024-03-21 02:00:00,0,5,5,1,4,2,0,17
2024-03-21 02:10:00,1,0,0,0,3,0,0,4
2024-03-21 02:20:00,1,5,3,2,3,3,0,17
2024-03-21 02:30:00,1,2,1,1,1,1,0,7
2024-03-21 02:40:00,0,2,0,2,1,1,0,6
2024-03-21 02:50:00,3,0,0,1,0,3,0,7
2024-03-21 03:00:00,2,4,1,1,1,2,0,11
2024-03-21 03:10:00,0,0,1,3,0,0,0,4
2024-03-21 03:20:00,0,2,3,2,2,3,0,12
2024-03-21 03:30:00,1,0,2,4,3,2,0,12
2024-03-21 03:40:00,0,2,4,2,2,3,0,13
2024-03-21 03:50:00,3,2,1,0,1,0,0,7
2024-03-21 04:00:00,2,5,3,1,4,3,0,18
2024-03-21 04:10:00,0,2,0,0,3,4,0,9
2024-03-21 04:20:00,1,1,0,4,4,4,0,14
2024-03-21 04:30:00,0,3,2,2,3,3,0,13
2024-03-21 04:40:00,1,2,2,0,4,7,0,16
2024-03-21 04:50:00,0,2,4,2,4,9,0,21
2024-03-21 05:00:00,2,8,3,6,6,6,0,31
2024-03-21 05:10:00,3,7,2,9,10,9,0,40
2024-03-21 05:20:00,3,10,4,7,10,5,0,39
2024-03-21 05:30:00,5,9,4,17,16,15,0,66
2024-03-21 05:40:00,5,15,8,10,11,16,0,65
2024-03-21 05:50:00,3,12,17,8,21,12,0,73
2024-03-21 06:00:00,5,20,5,15,25,15,0,85
2024-03-21 06:10:00,11,25,15,4,16,18,0,89
2024-03-21 06:20:00,7,16,11,7,23,16,0,80
2024-03-21 06:30:00,8,18,28,20,18,16,0,108
2024-03-21 06:40:00,20,19,14,24,22,16,0,115
2024-03-21 06:50:00,12,22,15,42,24,20,0,135
2024-03-21 07:00:00,18,32,25,19,21,20,0,135
2024-03-21 07:10:00,25,38,26,21,21,19,0,150
2024-03-21 07:20:00,15,34,18,17,21,22,0,127
2024-03-21 07:30:00,41,38,25,16,29,21,0,170
2024-03-21 07:40:00,45,68,29,23,22,39,0,226
2024-03-21 07:50:00,40,33,24,21,30,14,0,162
2024-03-21 08:00:00,37,52,15,64,29,31,0,228
2024-03-21 08:10:00,39,49,22,22,24,21,0,177
2024-03-21 08:20:00,19,45,16,15,18,18,0,131
2024-03-21 08:30:00,29,35,20,20,38,25,0,167
2024-03-21 08:40:00,26,40,20,14,34,25,0,159
2024-03-21 08:50:00,27,28,24,18,24,7,0,128
2024-03-21 09:00:00,19,40,23,18,20,13,0,133
2024-03-21 09:10:00,13,31,23,10,30,21,0,128
2024-03-21 09:20:00,10,48,24,22,28,20,0,152
2024-03-21 09:30:00,18,40,20,16,24,12,0,130
2024-03-21 09:40:00,20,28,13,31,23,14,0,129
2024-03-21 09:50:00,15,43,19,36,31,30,0,174
2024-03-21 10:00:00,28,37,13,17,28,20,0,143
2024-03-21 10:10:00,13,31,14,20,26,23,0,127
2024-03-21 10:20:00,7,21,13,17,9,10,0,77
2024-03-21 10:30:00,13,26,15,25,28,23,0,130
2024-03-21 10:40:00,16,31,13,19,25,31,0,135
2024-03-21 10:50:00,14,32,16,21,24,21,0,128
2024-03-21 11:00:00,15,30,9,19,30,20,0,123
2024-03-21 11:10:00,11,31,17,13,27,19,0,118
2024-03-21 11:20:00,13,45,18,18,32,42,0,168
2024-03-21 11:30:00,9,32,15,23,19,61,0,159
2024-03-21 11:40:00,16,42,19,14,28,18,0,137
2024-03-21 11:50:00,17,47,16,21,28,25,0,154
2024-03-21 12:00:00,13,32,6,20,21,25,0,117
2024-03-21 12:10:00,15,38,32,19,35,18,0,157
2024-03-21 12:20:00,22,47,12,19,28,30,0,158
2024-03-21 12:30:00,19,40,22,24,21,25,0,151
2024-03-21 12:40:00,11,33,20,13,29,28,0,134
2024-03-21 12:50:00,14,53,24,21,29,24,0,165
2024-03-21 13:00:00,8,34,17,25,24,26,0,134
2024-03-21 13:10:00,13,47,18,20,30,24,0,152
2024-03-21 13:20:00,17,38,18,28,32,38,0,171
2024-03-21 13:30:00,14,52,13,24,33,28,0,164
2024-03-21 13:40:00,17,41,18,17,29,24,0,146
2024-03-21 13:50:00,15,44,15,27,19,40,0,160
2024-03-21 14:00:00,13,42,19,23,26,28,0,151
2024-03-21 14:10:00,14,27,27,21,26,17,0,132
2024-03-21 14:20:00,14,41,15,30,32,18,0,150
2024-03-21 14:30:00,21,38,26,18,24,30,0,157
2024-03-21 14:40:00,14,45,25,21,38,30,0,173
2024-03-21 14:50:00,21,48,30,33,25,23,0,180
2024-03-21 15:00:00,18,60,24,25,23,25,0,175
2024-03-21 15:10:00,16,60,24,40,29,34,0,203
2024-03-21 15:20:00,26,58,25,25,23,28,0,185
2024-03-21 15:30:00,26,44,29,37,35,31,0,202
2024-03-21 15:40:00,15,60,27,41,26,31,0,200
2024-03-21 15:50:00,17,44,28,34,37,29,0,189
2024-03-21 16:00:00,20,48,27,38,30,34,0,197
2024-03-21 16:10:00,26,35,68,46,31,21,0,227
2024-03-21 16:20:00,23,42,23,31,27,24,0,170
2024-03-21 16:30:00,27,41,24,47,32,25,0,196
2024-03-21 16:40:00,23,44,26,32,34,69,0,228
2024-03-21 16:50:00,19,55,16,44,29,22,0,185
2024-03-21 17:00:00,19,55,23,37,28,20,0,182
2024-03-21 17:10:00,19,50,24,48,25,28,0,194
2024-03-21 17:20:00,29,48,14,29,34,33,0,187
2024-03-21 17:30:00,27,56,34,35,28,25,0,205
2024-03-21 17:40:00,23,51,22,86,25,20,0,227
2024-03-21 17:50:00,25,49,17,32,26,23,0,172
2024-03-21 18:00:00,24,44,26,21,26,17,0,158
2024-03-21 18:10:00,21,30,11,25,23,20,0,130
2024-03-21 18:20:00,28,55,13,25,18,30,0,169
2024-03-21 18:30:00,22,34,10,19,36,19,0,140
2024-03-21 18:40:00,19,45,25,25,20,24,0,158
2024-03-21 18:50:00,18,28,18,18,16,15,0,113
2024-03-21 19:00:00,13,26,15,17,20,13,0,104
2024-03-21 19:10:00,15,21,13,9,20,9,0,87
2024-03-21 19:20:00,7,34,10,5,16,14,0,86
2024-03-21 19:30:00,5,31,16,10,14,14,0,90
2024-03-21 19:40:00,6,30,8,15,28,18,0,105
2024-03-21 19:50:00,10,29,12,12,22,14,0,99
2024-03-21 20:00:00,6,25,12,16,23,13,0,95
2024-03-21 20:10:00,10,35,12,15,26,16,0,114
2024-03-21 20:20:00,9,15,11,15,13,14,0,77
2024-03-21 20:30:00,4,27,8,11,17,9,0,76
2024-03-21 20:40:00,9,20,11,13,14,17,0,84
2024-03-21 20:50:00,5,22,9,9,13,11,0,69
2024-03-21 21:00:00,10,27,8,14,7,11,0,77
2024-03-21 21:10:00,8,28,6,12,5,12,0,71
2024-03-21 21:20:00,8,30,12,8,10,14,0,82
2024-03-21 21:30:00,8,32,7,9,9,15,0,80
2024-03-21 21:40:00,7,27,4,8,8,8,0,62
2024-03-21 21:50:00,4,12,5,5,7,15,0,48
2024-03-21 22:00:00,6,10,5,10,11,7,0,49
2024-03-21 22:10:00,6,14,4,13,11,16,0,64
2024-03-21 22:20:00,11,22,4,8,13,10,0,68
2024-03-21 22:30:00,7,23,9,6,5,9,0,59
2024-03-21 22:40:00,3,12,5,6,10,5,0,41
2024-03-21 22:50:00,7,20,7,7,14,8,0,63
2024-03-21 23:00:00,3,11,2,3,9,7,0,35
2024-03-21 23:10:00,1,16,7,6,5,5,0,40
2024-03-21 23:20:00,1,9,4,6,4,11,0,35
2024-03-21 23:30:00,3,10,3,3,5,5,0,29
2024-03-21 23:40:00,4,10,3,2,11,5,0,35
2024-03-21 23:50:00,3,14,7,6,7,3,0,40
2024-03-22 00:00:00,2,7,1,2,9,4,0,25
2024-03-22 00:10:00,2,8,4,5,3,11,0,33
2024-03-22 00:20:00,2,4,1,2,1,6,0,16
2024-03-22 00:30:00,2,5,2,2,5,5,0,21
2024-03-22 00:40:00,4,3,3,3,1,2,0,16
2024-03-22 00:50:00,1,3,1,1,1,5,0,12
2024-03-22 01:00:00,1,3,1,2,3,3,0,13
2024-03-22 01:10:00,0,5,2,1,3,2,0,13
2024-03-22 01:20:00,3,1,1,2,1,3,0,11
2024-03-22 01:30:00,1,3,2,0,1,1,0,8
2024-03-22 01:40:00,0,5,1,1,2,4,0,13
2024-03-22 01:50:00,2,1,1,1,3,2,0,10
2024-03-22 02:00:00,0,4,2,2,4,3,0,15
2024-03-22 02:10:00,0,0,0,3,3,6,0,12
2024-03-22 02:20:00,0,3,0,0,0,0,0,3
2024-03-22 02:30:00,2,4,2,1,0,3,0,12
2024-03-22 02:40:00,3,2,0,4,2,1,0,12
2024-03-22 02:50:00,1,4,2,2,2,4,0,15
2024-03-22 03:00:00,0,7,2,1,2,1,0,13
2024-03-22 03:10:00,0,0,1,1,2,2,0,6
2024-03-22 03:20:00,1,2,4,0,0,1,0,8
2024-03-22 03:30:00,2,2,1,0,0,1,0,6
2024-03-22 03:40:00,3,1,0,2,3,3,0,12
2024-03-22 03:50:00,2,2,1,0,1,2,0,8
2024-03-22 04:00:00,2,1,1,2,1,3,0,10
2024-03-22 04:10:00,3,1,4,1,2,3,0,14
2024-03-22 04:20:00,1,7,2,2,3,3,0,18
2024-03-22 04:30:00,1,1,1,1,6,5,0,15
2024-03-22 04:40:00,1,2,2,1,2,5,0,13
2024-03-22 04:50:00,0,5,5,3,8,7,0,28
2024-03-22 05:00:00,1,7,7,2,3,7,0,27
2024-03-22 05:10:00,1,6,2,7,12,5,0,33
2024-03-22 05:20:00,0,9,5,6,7,7,0,34
2024-03-22 05:30:00,5,17,11,5,10,14,0,62
2024-03-22 05:40:00,6,18,10,5,13,16,0,68
2024-03-22 05:50:00,6,12,8,8,15,8,0,57
2024-03-22 06:00:00,10,18,5,10,16,7,0,66
2024-03-22 06:10:00,10,18,17,9,24,14,0,92
2024-03-22 06:20:00,7,10,8,12,15,14,0,66
2024-03-22 06:30:00,11,22,24,18,18,14,0,107
2024-03-22 06:40:00,9,23,16,19,23,18,0,108
2024-03-22 06:50:00,10,23,12,25,30,18,0,118
2024-03-22 07:00:00,18,24,18,21,19,33,0,133
2024-03-22 07:10:00,17,26,17,15,18,11,0,104
2024-03-22 07:20:00,22,44,23,19,22,13,0,143
2024-03-22 07:30:00,32,27,17,27,26,20,0,149
2024-03-22 07:40:00,33,41,32,17,28,16,0,167
2024-03-22 07:50:00,32,58,28,21,32,21,0,192
2024-03-22 08:00:00,27,34,21,9,19,25,0,135
2024-03-22 08:10:00,17,21,20,20,32,21,0,131
2024-03-22 08:20:00,22,43,29,19,20,20,0,153
2024-03-22 08:30:00,21,34,26,22,23,19,0,145
2024-03-22 08:40:00,20,35,16,24,24,21,0,140
2024-03-22 08:50:00,14,24,16,21,21,12,0,108
2024-03-22 09:00:00,16,42,14,14,22,21,0,129
2024-03-22 09:10:00,21,29,11,10,19,20,0,110
2024-03-22 09:20:00,10,25,17,11,23,19,0,105
2024-03-22 09:30:00,16,37,20,17,17,24,0,131
2024-03-22 09:40:00,12,37,19,17,29,20,0,134
2024-03-22 09:50:00,19,30,14,18,28,13,0,122
2024-03-22 10:00:00,9,29,20,25,31,20,0,134
2024-03-22 10:10:00,13,34,14,19,20,20,0,120
2024-03-22 10:20:00,25,30,16,16,23,15,0,125
2024-03-22 10:30:00,14,41,14,27,16,13,0,125
2024-03-22 10:40:00,10,33,21,24,16,26,0,130
2024-03-22 10:50:00,17,42,28,20,25,24,0,156
2024-03-22 11:00:00,17,33,10,24,21,21,0,126
2024-03-22 11:10:00,13,51,19,22,24,23,0,152
2024-03-22 11:20:00,13,29,21,25,21,49,0,158
2024-03-22 11:30:00,13,36,13,15,28,28,0,133
2024-03-22 11:40:00,18,47,23,18,23,19,0,148
2024-03-22 11:50:00,10,48,18,21,26,23,0,146
2024-03-22 12:00:00,11,38,18,25,26,19,0,137
2024-03-22 12:10:00,23,48,21,29,24,26,0,171
2024-03-22 12:20:00,21,52,29,36,28,34,0,200
2024-03-22 12:30:00,14,35,23,27,36,18,0,153
2024-03-22 12:40:00,13,32,29,23,34,28,0,159
2024-03-22 12:50:00,13,45,15,22,23,34,0,152
2024-03-22 13:00:00,17,49,62,33,39,161,0,361
2024-03-22 13:10:00,23,42,37,18,35,30,0,185
2024-03-22 13:20:00,17,36,70,29,35,29,0,216
2024-03-22 13:30:00,18,35,61,26,30,30,0,200
2024-03-22 13:40:00,14,33,16,23,25,25,0,136
2024-03-22 13:50:00,22,45,19,29,15,27,0,157
2024-03-22 14:00:00,26,36,13,26,20,27,0,148
2024-03-22 14:10:00,23,48,16,38,37,26,0,188
2024-03-22 14:20:00,26,56,21,28,26,29,0,186
2024-03-22 14:30:00,20,50,22,42,34,22,0,190
2024-03-22 14:40:00,30,72,30,34,34,31,0,231
2024-03-22 14:50:00,23,72,32,29,28,27,0,211
2024-03-22 15:00:00,21,48,21,25,19,26,0,160
2024-03-22 15:10:00,21,40,18,34,30,28,0,171
2024-03-22 15:20:00,29,62,18,30,25,24,0,188
2024-03-22 15:30:00,35,51,17,21,20,20,0,164
2024-03-22 15:40:00,19,55,11,21,32,26,0,164
2024-03-22 15:50:00,24,39,19,22,24,24,0,152
2024-03-22 16:00:00,23,44,20,27,28,23,0,165
2024-03-22 16:10:00,23,39,19,28,26,14,0,149
2024-03-22 16:20:00,29,52,24,29,32,32,0,198
2024-03-22 16:30:00,24,61,24,27,33,28,0,197
2024-03-22 16:40:00,15,59,21,19,28,30,0,172
2024-03-22 16:50:00,22,45,25,81,18,23,0,214
2024-03-22 17:00:00,16,46,25,35,21,23,0,166
2024-03-22 17:10:00,23,49,11,25,26,21,0,155
2024-03-22 17:20:00,18,60,15,32,22,32,0,179
2024-03-22 17:30:00,12,43,21,28,20,41,0,165
2024-03-22 17:40:00,19,36,28,21,22,16,0,142
2024-03-22 17:50:00,11,55,9,20,27,18,0,140
2024-03-22 18:00:00,19,29,21,14,21,17,0,121
2024-03-22 18:10:00,10,36,10,26,19,31,0,132
2024-03-22 18:20:00,20,29,11,17,16,19,0,112
2024-03-22 18:30:00,13,18,7,9,8,8,0,63
2024-03-22 18:40:00,7,12,12,7,6,10,0,54
2024-03-22 18:50:00,5,13,4,10,16,9,0,57
2024-03-22 19:00:00,12,32,16,12,16,12,0,100
2024-03-22 19:10:00,12,36,59,10,12,20,0,149
2024-03-22 19:20:00,13,31,6,11,17,10,0,88
2024-03-22 19:30:00,8,39,8,13,19,15,0,102
2024-03-22 19:40:00,10,36,11,15,24,16,0,112
2024-03-22 19:50:00,13,25,9,15,31,20,0,113
2024-03-22 20:00:00,6,28,11,13,22,23,0,103
2024-03-22 20:10:00,14,26,12,10,20,20,0,102
2024-03-22 20:20:00,9,28,29,15,14,13,0,108
2024-03-22 20:30:00,8,22,13,14,15,9,0,81
2024-03-22 20:40:00,3,18,9,12,13,14,0,69
2024-03-22 20:50:00,7,17,12,7,8,14,0,65
2024-03-22 21:00:00,5,23,8,3,17,9,0,65
2024-03-22 21:10:00,6,18,10,15,16,15,0,80
2024-03-22 21:20:00,6,24,9,9,10,10,0,68
2024-03-22 21:30:00,8,20,5,6,10,5,0,54
2024-03-22 21:40:00,8,20,9,36,15,10,0,98
2024-03-22 21:50:00,6,29,6,7,11,12,0,71
2024-03-22 22:00:00,3,16,11,6,13,13,0,62
2024-03-22 22:10:00,5,12,4,7,9,15,0,52
2024-03-22 22:20:00,5,14,11,6,9,8,0,53
2024-03-22 22:30:00,5,18,6,5,11,9,0,54
2024-03-22 22:40:00,5,13,3,8,9,10,0,48
2024-03-22 22:50:00,14,15,8,7,12,12,0,68
2024-03-22 23:00:00,2,21,4,8,9,13,0,57
2024-03-22 23:10:00,3,20,3,10,6,7,0,49
2024-03-22 23:20:00,2,8,6,12,14,10,0,52
2024-03-22 23:30:00,1,11,8,3,6,7,0,36
2024-03-22 23:40:00,1,7,4,4,13,9,0,38
2024-03-22 23:50:00,3,6,5,5,6,7,0,32
2024-03-23 00:00:00,3,12,3,5,7,2,0,32
2024-03-23 00:10:00,4,8,7,3,7,6,0,35
2024-03-23 00:20:00,6,9,0,5,8,5,0,33
2024-03-23 00:30:00,1,9,2,6,8,7,0,33
2024-03-23 00:40:00,2,9,4,4,5,8,0,32
2024-03-23 00:50:00,2,10,5,4,8,6,0,35
2024-03-23 01:00:00,3,6,1,3,3,2,0,18
2024-03-23 01:10:00,0,5,3,2,5,2,0,17
2024-03-23 01:20:00,0,7,1,2,0,4,0,14
2024-03-23 01:30:00,2,6,4,2,2,4,0,20
2024-03-23 01:40:00,2,8,3,0,5,4,0,22
2024-03-23 01:50:00,1,1,2,5,4,4,0,17
2024-03-23 02:00:00,1,0,2,5,3,5,0,16
2024-03-23 02:10:00,3,5,0,4,1,5,0,18
2024-03-23 02:20:00,1,5,3,2,2,4,0,17
2024-03-23 02:30:00,0,7,1,2,5,4,0,19
2024-03-23 02:40:00,1,5,3,3,7,3,0,22
2024-03-23 02:50:00,2,4,0,1,2,2,0,11
2024-03-23 03:00:00,3,6,1,3,2,1,0,16
2024-03-23 03:10:00,2,4,4,0,1,3,0,14
2024-03-23 03:20:00,0,4,2,2,3,2,0,13
2024-03-23 03:30:00,2,2,2,0,2,1,0,9
2024-03-23 03:40:00,2,4,1,3,1,4,0,15
2024-03-23 03:50:00,0,3,0,2,2,5,0,12
2024-03-23 04:00:00,2,5,2,1,1,3,0,14
2024-03-23 04:10:00,0,8,3,2,4,1,0,18
2024-03-23 04:20:00,2,4,0,2,5,3,0,16
2024-03-23 04:30:00,1,3,2,3,3,4,0,16
2024-03-23 04:40:00,1,9,4,2,5,8,0,29
2024-03-23 04:50:00,0,3,3,2,6,8,0,22
2024-03-23 05:00:00,1,3,2,2,5,5,0,18
2024-03-23 05:10:00,1,12,3,3,0,5,0,24
2024-03-23 05:20:00,0,4,1,5,5,4,0,19
2024-03-23 05:30:00,2,9,3,1,7,6,0,28
2024-03-23 05:40:00,1,6,7,1,8,7,0,30
2024-03-23 05:50:00,1,6,1,4,3,3,0,18
2024-03-23 06:00:00,0,3,2,2,4,1,0,12
2024-03-23 06:10:00,3,1,1,5,4,7,0,21
2024-03-23 06:20:00,2,12,3,3,8,6,0,34
2024-03-23 06:30:00,3,8,3,3,6,2,0,25
2024-03-23 06:40:00,3,27,2,1,4,1,0,38
2024-03-23 06:50:00,1,9,6,10,6,8,0,40
2024-03-23 07:00:00,2,6,1,0,4,3,0,16
2024-03-23 07:10:00,2,10,5,2,4,9,0,32
2024-03-23 07:20:00,4,3,2,8,13,6,0,36
2024-03-23 07:30:00,2,12,5,5,10,6,0,40
2024-03-23 07:40:00,6,9,5,3,5,15,0,43
2024-03-23 07:50:00,1,13,5,7,9,4,0,39
2024-03-23 08:00:00,3,5,6,7,13,12,0,46
2024-03-23 08:10:00,5,11,7,5,7,9,0,44
2024-03-23 08:20:00,4,5,5,2,14,5,0,35
2024-03-23 08:30:00,1,17,9,5,14,7,0,53
2024-03-23 08:40:00,7,15,5,10,11,13,0,61
2024-03-23 08:50:00,8,15,5,4,14,13,0,59
2024-03-23 09:00:00,2,24,11,7,19,8,0,71
2024-03-23 09:10:00,8,23,17,9,20,15,0,92
2024-03-23 09:20:00,6,19,8,14,25,12,0,84
2024-03-23 09:30:00,6,19,8,8,26,19,0,86
2024-03-23 09:40:00,7,31,13,9,25,16,0,101
2024-03-23 09:50:00,4,30,17,14,21,13,0,99
2024-03-23 10:00:00,7,27,18,11,19,20,0,102
2024-03-23 10:10:00,4,57,15,14,23,12,0,125
2024-03-23 10:20:00,6,28,14,18,18,20,0,104
2024-03-23 10:30:00,14,37,15,16,19,11,0,112
2024-03-23 10:40:00,12,27,10,7,19,26,0,101
2024-03-23 10:50:00,10,26,7,11,20,15,0,89
2024-03-23 11:00:00,12,32,16,33,18,18,0,129
2024-03-23 11:10:00,18,33,6,19,22,22,0,120
2024-03-23 11:20:00,8,36,10,22,24,20,0,120
2024-03-23 11:30:00,14,32,14,12,23,26,0,121
2024-03-23 11:40:00,17,43,12,14,34,34,0,154
2024-03-23 11:50:00,15,43,15,19,24,17,0,133
2024-03-23 12:00:00,19,49,23,22,27,13,0,153
2024-03-23 12:10:00,20,42,11,21,29,16,0,139
2024-03-23 12:20:00,12,43,16,33,19,24,0,147
2024-03-23 12:30:00,17,38,30,14,21,15,0,135
2024-03-23 12:40:00,9,31,19,15,27,20,0,121
2024-03-23 12:50:00,12,39,18,20,15,20,0,124
2024-03-23 13:00:00,16,37,21,16,48,20,0,158
2024-03-23 13:10:00,21,31,14,15,38,20,0,139
2024-03-23 13:20:00,12,42,16,15,21,23,0,129
2024-03-23 13:30:00,11,43,26,15,26,29,0,150
2024-03-23 13:40:00,20,47,14,24,20,19,0,144
2024-03-23 13:50:00,14,47,17,24,26,21,0,149
2024-03-23 14:00:00,11,46,11,19,22,17,0,126
2024-03-23 14:10:00,9,27,16,24,31,17,0,124
2024-03-23 14:20:00,12,48,18,45,23,21,0,167
2024-03-23 14:30:00,7,38,25,21,21,24,0,136
2024-03-23 14:40:00,11,35,14,16,17,26,0,119
2024-03-23 14:50:00,14,32,18,20,30,17,0,131
2024-03-23 15:00:00,11,46,17,14,20,16,0,124
2024-03-23 15:10:00,10,37,19,13,24,23,0,126
2024-03-23 15:20:00,15,42,13,19,22,17,0,128
2024-03-23 15:30:00,23,32,16,21,33,14,0,139
2024-03-23 15:40:00,12,34,10,13,20,18,0,107
2024-03-23 15:50:00,10,28,10,15,23,12,0,98
2024-03-23 16:00:00,11,37,12,21,20,17,0,118
2024-03-23 16:10:00,13,51,12,21,33,18,0,148
2024-03-23 16:20:00,15,25,9,14,23,13,0,99
2024-03-23 16:30:00,14,54,14,19,23,16,0,140
2024-03-23 16:40:00,16,25,11,12,17,21,0,102
2024-03-23 16:50:00,10,45,18,18,17,15,0,123
2024-03-23 17:00:00,16,41,15,15,23,21,0,131
2024-03-23 17:10:00,9,36,15,14,17,13,0,104
2024-03-23 17:20:00,14,37,16,9,17,12,0,105
2024-03-23 17:30:00,14,38,10,16,18,26,0,122
2024-03-23 17:40:00,17,36,11,12,21,18,0,115
2024-03-23 17:50:00,15,38,15,31,24,23,0,146
2024-03-23 18:00:00,19,33,17,22,23,15,0,129
2024-03-23 18:10:00,15,24,13,19,20,11,0,102
2024-03-23 18:20:00,11,21,16,19,17,20,0,104
2024-03-23 18:30:00,14,32,22,12,21,15,0,116
2024-03-23 18:40:00,11,25,10,13,17,7,0,83
2024-03-23 18:50:00,10,21,12,11,6,10,0,70
2024-03-23 19:00:00,6,33,12,7,9,14,0,81
2024-03-23 19:10:00,12,21,5,15,18,11,0,82
2024-03-23 19:20:00,6,37,17,8,15,14,0,97
2024-03-23 19:30:00,7,22,10,10,17,13,0,79
2024-03-23 19:40:00,14,32,10,9,22,11,0,98
2024-03-23 19:50:00,7,20,9,54,22,19,0,131
2024-03-23 20:00:00,14,35,17,16,18,15,0,115
2024-03-23 20:10:00,17,21,9,12,18,10,0,87
2024-03-23 20:20:00,9,23,12,9,11,13,0,77
2024-03-23 20:30:00,9,22,7,11,10,16,0,75
2024-03-23 20:40:00,6,16,6,12,11,11,0,62
2024-03-23 20:50:00,8,28,12,8,17,9,0,82
2024-03-23 21:00:00,3,12,7,7,14,13,0,56
2024-03-23 21:10:00,4,29,5,6,13,16,0,73
2024-03-23 21:20:00,9,26,9,10,13,10,0,77
2024-03-23 21:30:00,9,11,9,6,11,12,0,58
2024-03-23 21:40:00,10,16,41,8,13,8,0,96
2024-03-23 21:50:00,10,30,6,10,14,7,0,77
2024-03-23 22:00:00,12,19,10,9,8,9,0,67
2024-03-23 22:10:00,4,26,17,6,13,15,0,81
2024-03-23 22:20:00,8,16,4,4,6,11,0,49
2024-03-23 22:30:00,8,14,3,6,6,8,0,45
2024-03-23 22:40:00,9,18,6,5,15,17,0,70
2024-03-23 22:50:00,5,21,6,7,15,10,0,64
2024-03-23 23:00:00,9,10,3,7,13,7,0,49
2024-03-23 23:10:00,9,9,5,9,15,12,0,59
2024-03-23 23:20:00,7,12,2,7,6,8,0,42
2024-03-23 23:30:00,3,11,3,8,11,12,0,48
2024-03-23 23:40:00,7,16,6,8,10,9,0,56
2024-03-23 23:50:00,7,14,8,5,13,5,0,52
2024-03-24 00:00:00,6,17,1,3,1,3,0,31
2024-03-24 00:10:00,4,8,11,8,6,9,0,46
2024-03-24 00:20:00,5,9,6,4,3,27,0,54
2024-03-24 00:30:00,4,21,5,2,6,4,0,42
2024-03-24 00:40:00,2,6,2,5,9,5,0,29
2024-03-24 00:50:00,2,3,3,2,2,4,0,16
2024-03-24 01:00:00,4,6,4,5,6,4,0,29
2024-03-24 01:10:00,7,8,7,2,6,8,0,38
2024-03-24 01:20:00,5,5,2,4,0,2,0,18
2024-03-24 01:30:00,6,9,2,2,4,5,0,28
2024-03-24 01:40:00,1,9,4,3,5,4,0,26
2024-03-24 01:50:00,7,5,0,0,1,1,0,14
2024-03-24 02:00:00,0,4,3,5,3,4,0,19
2024-03-24 02:10:00,0,3,1,21,3,8,0,36
2024-03-24 02:20:00,3,8,4,2,1,0,0,18
2024-03-24 02:30:00,2,6,0,0,2,0,0,10
2024-03-24 02:40:00,2,4,3,2,3,2,0,16
2024-03-24 02:50:00,2,4,2,1,1,3,0,13
2024-03-24 03:00:00,1,8,2,2,3,5,0,21
2024-03-24 03:10:00,0,5,5,1,0,2,0,13
2024-03-24 03:20:00,2,1,0,1,3,3,0,10
2024-03-24 03:30:00,0,5,4,4,1,3,0,17
2024-03-24 03:40:00,0,2,0,1,1,0,0,4
2024-03-24 03:50:00,1,3,1,1,3,2,0,11
2024-03-24 04:00:00,2,5,1,2,1,3,0,14
2024-03-24 04:10:00,1,3,2,0,2,2,0,10
2024-03-24 04:20:00,1,6,3,0,2,3,0,15
2024-03-24 04:30:00,1,4,4,0,2,7,0,18
2024-03-24 04:40:00,0,3,4,2,6,3,0,18
2024-03-24 04:50:00,2,2,3,0,3,4,0,14
2024-03-24 05:00:00,0,7,1,3,3,2,0,16
2024-03-24 05:10:00,1,6,3,4,2,1,0,17
2024-03-24 05:20:00,3,8,3,0,4,5,0,23
2024-03-24 05:30:00,0,8,4,0,0,1,0,13
2024-03-24 05:40:00,1,3,2,2,4,5,0,17
2024-03-24 05:50:00,2,2,2,1,1,3,0,11
2024-03-24 06:00:00,0,3,1,1,1,4,0,10
2024-03-24 06:10:00,3,0,1,1,7,3,0,15
2024-03-24 06:20:00,0,4,2,1,3,4,0,14
2024-03-24 06:30:00,0,7,4,0,0,2,0,13
2024-03-24 06:40:00,2,3,2,1,3,1,0,12
2024-03-24 06:50:00,1,2,0,2,1,1,0,7
2024-03-24 07:00:00,0,4,3,1,2,0,0,10
2024-03-24 07:10:00,4,3,0,0,3,3,0,13
2024-03-24 07:20:00,3,2,2,1,2,1,0,11
2024-03-24 07:30:00,1,3,3,3,4,2,0,16
2024-03-24 07:40:00,1,4,4,0,0,3,0,12
2024-03-24 07:50:00,0,5,2,0,3,4,0,14
2024-03-24 08:00:00,0,4,4,3,5,3,0,19
2024-03-24 08:10:00,2,10,10,1,3,4,0,30
2024-03-24 08:20:00,4,7,2,4,5,3,0,25
2024-03-24 08:30:00,2,3,2,1,4,4,0,16
2024-03-24 08:40:00,0,5,0,0,6,2,0,13
2024-03-24 08:50:00,1,7,4,2,7,7,0,28
2024-03-24 09:00:00,4,6,2,2,6,2,0,22
2024-03-24 09:10:00,0,5,7,4,10,6,0,32
2024-03-24 09:20:00,0,7,10,1,8,5,0,31
2024-03-24 09:30:00,2,4,4,4,6,6,0,26
2024-03-24 09:40:00,6,6,7,2,5,7,0,33
2024-03-24 09:50:00,6,10,5,3,8,4,0,36
2024-03-24 10:00:00,7,13,7,1,6,3,0,37
2024-03-24 10:10:00,1,9,47,7,13,8,0,85
2024-03-24 10:20:00,4,18,13,8,10,8,0,61
2024-03-24 10:30:00,6,14,10,8,14,8,0,60
2024-03-24 10:40:00,3,11,9,9,10,11,0,53
2024-03-24 10:50:00,6,17,3,10,12,9,0,57
2024-03-24 11:00:00,6,19,6,7,9,8,0,55
2024-03-24 11:10:00,2,21,8,23,11,11,0,76
2024-03-24 11:20:00,2,16,5,4,7,11,0,45
2024-03-24 11:30:00,4,13,23,5,10,11,0,66
2024-03-24 11:40:00,3,22,14,6,14,13,0,72
2024-03-24 11:50:00,2,14,7,11,6,16,0,56
2024-03-24 12:00:00,2,32,14,5,11,17,0,81
2024-03-24 12:10:00,4,20,9,7,13,17,0,70
2024-03-24 12:20:00,5,23,9,13,24,10,0,84
2024-03-24 12:30:00,3,9,4,13,14,5,0,48
2024-03-24 12:40:00,2,19,3,11,13,12,0,60
2024-03-24 12:50:00,2,21,7,12,13,6,0,61
2024-03-24 13:00:00,5,17,10,12,11,13,0,68
2024-03-24 13:10:00,4,16,5,13,12,15,0,65
2024-03-24 13:20:00,7,13,6,8,14,11,0,59
2024-03-24 13:30:00,6,17,11,13,9,14,0,70
2024-03-24 13:40:00,11,18,7,15,13,14,0,78
2024-03-24 13:50:00,11,13,5,5,12,8,0,54
2024-03-24 14:00:00,7,29,4,10,12,10,0,72
2024-03-24 14:10:00,5,15,7,8,21,23,0,79
2024-03-24 14:20:00,10,18,9,6,14,14,0,71
2024-03-24 14:30:00,5,16,9,6,23,16,0,75
2024-03-24 14:40:00,3,18,9,4,9,15,0,58
2024-03-24 14:50:00,10,24,5,8,21,15,0,83
2024-03-24 15:00:00,6,16,5,8,10,12,0,57
2024-03-24 15:10:00,6,23,16,9,16,10,0,80
2024-03-24 15:20:00,6,20,15,4,9,10,0,64
2024-03-24 15:30:00,7,15,14,8,19,47,0,110
2024-03-24 15:40:00,8,23,7,13,21,11,0,83
2024-03-24 15:50:00,6,26,7,8,15,11,0,73
2024-03-24 16:00:00,10,20,1,5,18,14,0,68
2024-03-24 16:10:00,5,26,6,10,22,6,0,75
2024-03-24 16:20:00,6,24,9,11,16,11,0,77
2024-03-24 16:30:00,3,19,7,9,15,15,0,68
2024-03-24 16:40:00,8,22,5,11,19,18,0,83
2024-03-24 16:50:00,5,26,8,10,14,10,0,73
2024-03-24 17:00:00,6,23,9,8,17,13,0,76
2024-03-24 17:10:00,10,23,11,10,15,19,0,88
2024-03-24 17:20:00,7,25,12,7,13,10,0,74
2024-03-24 17:30:00,6,21,6,16,17,16,0,82
2024-03-24 17:40:00,8,28,8,11,18,20,0,93
2024-03-24 17:50:00,11,18,7,9,13,8,0,66
2024-03-24 18:00:00,8,25,8,8,8,7,0,64
2024-03-24 18:10:00,6,23,12,7,12,17,0,77
2024-03-24 18:20:00,11,25,12,8,14,12,0,82
2024-03-24 18:30:00,7,26,13,8,13,19,0,86
2024-03-24 18:40:00,6,33,16,10,15,27,0,107
2024-03-24 18:50:00,8,22,10,9,10,9,0,68
2024-03-24 19:00:00,3,18,2,6,13,17,0,59
2024-03-24 19:10:00,3,15,11,3,9,12,0,53
2024-03-24 19:20:00,7,19,9,7,6,11,0,59
2024-03-24 19:30:00,5,20,15,9,19,11,0,79
2024-03-24 19:40:00,12,21,7,9,20,13,0,82
2024-03-24 19:50:00,5,17,8,11,21,16,0,78
2024-03-24 20:00:00,4,19,7,13,23,18,0,84
2024-03-24 20:10:00,8,23,4,17,21,18,0,91
2024-03-24 20:20:00,5,12,7,12,13,8,0,57
2024-03-24 20:30:00,7,17,5,7,19,16,0,71
2024-03-24 20:40:00,3,15,6,14,50,7,0,95
2024-03-24 20:50:00,6,8,6,3,8,43,0,74
2024-03-24 21:00:00,3,21,5,9,9,11,0,58
2024-03-24 21:10:00,5,15,8,16,11,9,0,64
2024-03-24 21:20:00,5,13,6,6,20,13,0,63
2024-03-24 21:30:00,6,25,7,8,11,11,0,68
2024-03-24 21:40:00,2,23,6,12,12,64,0,119
2024-03-24 21:50:00,5,17,6,10,8,9,0,55
2024-03-24 22:00:00,5,8,7,9,10,6,0,45
2024-03-24 22:10:00,3,16,2,7,8,8,0,44
2024-03-24 22:20:00,3,11,2,4,8,9,0,37
2024-03-24 22:30:00,3,12,2,9,3,6,0,35
2024-03-24 22:40:00,3,10,1,5,9,6,0,34
2024-03-24 22:50:00,1,18,3,4,6,5,0,37
2024-03-24 23:00:00,1,10,4,2,8,9,0,34
2024-03-24 23:10:00,1,11,1,4,3,8,0,28
2024-03-24 23:20:00,0,11,8,3,4,7,0,33
2024-03-24 23:30:00,0,6,0,4,5,6,0,21
2024-03-24 23:40:00,2,7,4,0,7,9,0,29
2024-03-24 23:50:00,5,5,1,6,6,3,0,26
2024-03-25 00:00:00,0,8,2,1,5,1,0,17
2024-03-25 00:10:00,1,6,1,1,6,5,0,20
2024-03-25 00:20:00,0,5,1,0,4,4,0,14
2024-03-25 00:30:00,1,6,3,1,8,5,0,24
2024-03-25 00:40:00,0,2,1,0,0,1,0,4
2024-03-25 00:50:00,0,0,1,1,2,2,0,6
2024-03-25 01:00:00,0,3,1,5,7,6,0,22
2024-03-25 01:10:00,2,3,4,4,5,6,0,24
2024-03-25 01:20:00,0,2,2,4,4,1,0,13
2024-03-25 01:30:00,1,4,1,3,1,1,0,11
2024-03-25 01:40:00,1,0,0,1,1,2,0,5
2024-03-25 01:50:00,1,8,4,1,1,2,0,17
2024-03-25 02:00:00,0,3,2,2,3,4,0,14
2024-03-25 02:10:00,0,2,0,2,0,1,0,5
2024-03-25 02:20:00,4,5,2,1,1,1,0,14
2024-03-25 02:30:00,0,2,1,0,2,1,0,6
2024-03-25 02:40:00,0,2,1,1,3,2,0,9
2024-03-25 02:50:00,0,3,4,0,0,0,0,7
2024-03-25 03:00:00,1,3,1,0,1,1,0,7
2024-03-25 03:10:00,1,2,0,3,1,2,0,9
2024-03-25 03:20:00,1,2,2,0,0,1,0,6
2024-03-25 03:30:00,0,2,0,0,1,2,0,5
2024-03-25 03:40:00,0,1,1,0,0,2,0,4
2024-03-25 03:50:00,1,3,1,0,1,1,0,7
2024-03-25 04:00:00,3,4,4,2,4,1,0,18
2024-03-25 04:10:00,0,2,1,2,5,3,0,13
2024-03-25 04:20:00,1,4,3,1,0,2,0,11
2024-03-25 04:30:00,0,3,2,1,4,5,0,15
2024-03-25 04:40:00,0,2,1,1,5,4,0,13
2024-03-25 04:50:00,0,4,0,2,5,8,0,19
2024-03-25 05:00:00,2,4,2,5,4,7,0,24
2024-03-25 05:10:00,4,3,3,5,9,8,0,32
2024-03-25 05:20:00,1,6,7,3,7,4,0,28
2024-03-25 05:30:00,2,3,13,6,13,11,0,48
2024-03-25 05:40:00,7,10,5,9,15,16,0,62
2024-03-25 05:50:00,6,18,14,10,16,4,0,68
2024-03-25 06:00:00,4,18,16,10,16,9,0,73
2024-03-25 06:10:00,11,13,32,8,17,17,0,98
2024-03-25 06:20:00,8,18,24,10,27,13,0,100
2024-03-25 06:30:00,12,18,16,13,14,28,0,101
2024-03-25 06:40:00,18,13,11,24,19,20,0,105
2024-03-25 06:50:00,15,16,14,23,23,16,0,107
2024-03-25 07:00:00,19,26,12,17,25,14,0,113
2024-03-25 07:10:00,15,35,16,20,21,14,0,121
2024-03-25 07:20:00,20,24,17,23,26,20,0,130
2024-03-25 07:30:00,31,30,18,13,30,15,0,137
2024-03-25 07:40:00,31,41,21,22,27,19,0,161
2024-03-25 07:50:00,36,27,24,15,31,20,0,153
2024-03-25 08:00:00,33,40,18,22,23,17,0,153
2024-03-25 08:10:00,17,25,18,20,22,21,0,123
2024-03-25 08:20:00,28,39,27,14,29,21,0,158
2024-03-25 08:30:00,18,35,29,17,22,17,0,138
2024-03-25 08:40:00,46,32,22,17,26,20,0,163
2024-03-25 08:50:00,19,36,20,20,16,21,0,132
2024-03-25 09:00:00,22,30,15,21,31,18,0,137
2024-03-25 09:10:00,18,33,17,28,19,18,0,133
2024-03-25 09:20:00,13,32,19,20,25,17,0,126
2024-03-25 09:30:00,17,27,12,15,29,19,0,119
2024-03-25 09:40:00,18,33,7,23,23,27,0,131
2024-03-25 09:50:00,13,38,14,24,33,25,0,147
2024-03-25 10:00:00,11,27,18,19,31,18,0,124
2024-03-25 10:10:00,14,28,10,19,25,26,0,122
2024-03-25 10:20:00,17,31,10,20,25,30,0,133
2024-03-25 10:30:00,10,38,22,18,22,18,0,128
2024-03-25 10:40:00,12,36,12,15,19,20,0,114
2024-03-25 10:50:00,16,25,57,35,28,24,0,185
2024-03-25 11:00:00,17,32,17,17,25,28,0,136
2024-03-25 11:10:00,11,35,21,17,19,22,0,125
2024-03-25 11:20:00,15,44,11,21,22,21,0,134
2024-03-25 11:30:00,20,45,22,28,29,20,0,164
2024-03-25 11:40:00,16,39,20,17,18,29,0,139
2024-03-25 11:50:00,22,33,20,12,27,24,0,138
2024-03-25 12:00:00,18,44,15,26,26,19,0,148
2024-03-25 12:10:00,13,40,16,23,27,28,0,147
2024-03-25 12:20:00,24,43,14,13,27,25,0,146
2024-03-25 12:30:00,21,38,17,17,27,23,0,143
2024-03-25 12:40:00,19,26,13,16,31,24,0,129
2024-03-25 12:50:00,18,31,17,39,18,22,0,145
2024-03-25 13:00:00,16,47,28,25,21,26,0,163
2024-03-25 13:10:00,12,36,11,20,29,22,0,130
2024-03-25 13:20:00,14,37,17,24,18,22,0,132
2024-03-25 13:30:00,14,44,22,16,19,19,0,134
2024-03-25 13:40:00,14,42,10,20,36,18,0,140
2024-03-25 13:50:00,17,36,106,18,28,24,0,229
2024-03-25 14:00:00,20,41,17,24,20,93,0,215
2024-03-25 14:10:00,21,42,17,25,45,29,0,179
2024-03-25 14:20:00,15,58,18,26,29,17,0,163
2024-03-25 14:30:00,17,47,66,32,27,25,0,214
2024-03-25 14:40:00,27,45,18,16,28,27,0,161
2024-03-25 14:50:00,15,42,33,23,27,19,0,159
2024-03-25 15:00:00,27,36,14,29,20,24,0,150
2024-03-25 15:10:00,26,66,24,25,25,22,0,188
2024-03-25 15:20:00,32,47,28,37,28,28,0,200
2024-03-25 15:30:00,20,59,25,44,27,28,0,203
2024-03-25 15:40:00,24,50,21,27,29,20,0,171
2024-03-25 15:50:00,26,53,39,37,27,19,0,201
2024-03-25 16:00:00,41,59,18,32,30,27,0,207
2024-03-25 16:10:00,20,59,16,48,18,37,0,198
2024-03-25 16:20:00,25,66,18,46,26,27,0,208
2024-03-25 16:30:00,22,50,13,38,30,24,0,177
2024-03-25 16:40:00,25,63,20,44,39,26,0,217
2024-03-25 16:50:00,21,45,90,38,30,28,0,252
2024-03-25 17:00:00,26,48,18,27,32,19,0,170
2024-03-25 17:10:00,40,51,21,35,24,26,0,197
2024-03-25 17:20:00,28,39,23,35,18,25,0,168
2024-03-25 17:30:00,21,48,15,22,27,25,0,158
2024-03-25 17:40:00,19,45,24,28,24,26,0,166
2024-03-25 17:50:00,21,43,18,27,27,17,0,153
2024-03-25 18:00:00,19,43,19,19,26,20,0,146
2024-03-25 18:10:00,12,37,13,24,20,26,0,132
2024-03-25 18:20:00,15,36,20,19,22,27,0,139
2024-03-25 18:30:00,11,45,12,16,22,26,0,132
2024-03-25 18:40:00,10,44,9,24,23,18,0,128
2024-03-25 18:50:00,14,36,21,15,22,14,0,122
2024-03-25 19:00:00,8,25,20,16,25,13,0,107
2024-03-25 19:10:00,16,27,20,14,16,19,0,112
2024-03-25 19:20:00,10,22,14,14,17,6,0,83
2024-03-25 19:30:00,13,35,5,11,19,10,0,93
2024-03-25 19:40:00,8,24,11,14,16,14,0,87
2024-03-25 19:50:00,5,24,10,6,15,12,0,72
2024-03-25 20:00:00,9,26,12,13,19,11,0,90
2024-03-25 20:10:00,8,25,12,14,25,13,0,97
2024-03-25 20:20:00,6,23,7,12,15,10,0,73
2024-03-25 20:30:00,10,21,14,10,11,15,0,81
2024-03-25 20:40:00,4,14,17,7,15,10,0,67
2024-03-25 20:50:00,11,17,12,7,12,8,0,67
2024-03-25 21:00:00,6,13,5,9,12,8,0,53
2024-03-25 21:10:00,8,27,13,12,14,12,0,86
2024-03-25 21:20:00,6,23,8,12,13,13,0,75
2024-03-25 21:30:00,4,16,2,11,13,7,0,53
2024-03-25 21:40:00,4,30,5,8,8,11,0,66
2024-03-25 21:50:00,2,26,7,7,6,11,0,59
2024-03-25 22:00:00,8,10,7,7,10,13,0,55
2024-03-25 22:10:00,7,34,8,12,8,17,0,86
2024-03-25 22:20:00,10,19,7,5,9,6,0,56
2024-03-25 22:30:00,8,14,1,8,9,5,0,45
2024-03-25 22:40:00,2,12,6,5,12,5,0,42
2024-03-25 22:50:00,1,10,4,6,3,5,0,29
2024-03-25 23:00:00,1,11,8,2,8,5,0,35
2024-03-25 23:10:00,2,10,8,5,5,5,0,35
2024-03-25 23:20:00,2,14,3,1,5,9,0,34
2024-03-25 23:30:00,3,1,4,6,6,2,0,22
2024-03-25 23:40:00,2,9,4,7,8,6,0,36
2024-03-25 23:50:00,2,6,2,2,4,6,0,22
2024-03-26 00:00:00,3,5,1,4,3,6,0,22
2024-03-26 00:10:00,2,5,1,2,5,3,0,18
2024-03-26 00:20:00,0,4,3,0,1,1,0,9
2024-03-26 00:30:00,1,3,1,3,2,2,0,12
2024-03-26 00:40:00,3,2,2,1,3,1,0,12
2024-03-26 00:50:00,0,3,2,0,0,0,0,5
2024-03-26 01:00:00,1,1,1,1,3,1,0,8
2024-03-26 01:10:00,0,0,0,4,4,2,0,10
2024-03-26 01:20:00,0,3,2,1,3,3,0,12
2024-03-26 01:30:00,0,1,0,1,1,4,0,7
2024-03-26 01:40:00,0,2,0,0,1,0,0,3
2024-03-26 01:50:00,0,1,2,0,2,3,0,8
2024-03-26 02:00:00,0,1,1,2,1,2,0,7
2024-03-26 02:10:00,2,2,2,2,1,5,0,14
2024-03-26 02:20:00,0,5,4,1,2,3,0,15
2024-03-26 02:30:00,0,1,4,2,3,3,0,13
2024-03-26 02:40:00,0,7,4,1,3,4,0,19
2024-03-26 02:50:00,1,1,0,2,2,2,0,8
2024-03-26 03:00:00,1,4,3,2,2,1,0,13
2024-03-26 03:10:00,1,1,2,2,2,3,0,11
2024-03-26 03:20:00,0,2,4,2,2,2,0,12
2024-03-26 03:30:00,0,1,1,1,1,1,0,5
2024-03-26 03:40:00,0,4,5,0,1,4,0,14
2024-03-26 03:50:00,1,1,0,1,2,1,0,6
2024-03-26 04:00:00,1,1,1,0,0,2,0,5
2024-03-26 04:10:00,0,3,1,2,2,2,0,10
2024-03-26 04:20:00,3,1,2,2,2,2,0,12
2024-03-26 04:30:00,0,3,2,3,3,1,0,12
2024-03-26 04:40:00,1,2,2,5,5,4,0,19
2024-03-26 04:50:00,0,1,2,1,3,6,0,13
2024-03-26 05:00:00,0,5,5,3,7,7,0,27
2024-03-26 05:10:00,1,11,5,4,10,6,0,37
2024-03-26 05:20:00,5,12,8,5,10,8,0,48
2024-03-26 05:30:00,2,10,7,4,13,11,0,47
2024-03-26 05:40:00,4,9,5,8,11,8,0,45
2024-03-26 05:50:00,9,15,8,14,22,5,0,73
2024-03-26 06:00:00,11,15,12,10,20,5,0,73
2024-03-26 06:10:00,7,19,8,6,22,14,0,76
2024-03-26 06:20:00,10,19,18,17,19,14,0,97
2024-03-26 06:30:00,12,10,14,15,23,17,0,91
2024-03-26 06:40:00,20,21,11,21,25,18,0,116
2024-03-26 06:50:00,12,23,11,32,34,10,0,122
2024-03-26 07:00:00,18,25,15,23,28,18,0,127
2024-03-26 07:10:00,20,82,18,11,24,18,0,173
2024-03-26 07:20:00,26,34,18,25,25,24,0,152
2024-03-26 07:30:00,30,32,28,15,22,16,0,143
2024-03-26 07:40:00,28,30,25,17,20,20,0,140
2024-03-26 07:50:00,35,50,31,17,25,20,0,178
2024-03-26 08:00:00,23,29,21,21,24,21,0,139
2024-03-26 08:10:00,31,30,26,11,24,15,0,137
2024-03-26 08:20:00,20,38,20,18,21,19,0,136
2024-03-26 08:30:00,23,28,17,13,30,19,0,130
2024-03-26 08:40:00,29,31,32,19,38,27,0,176
2024-03-26 08:50:00,18,44,15,38,26,20,0,161
2024-03-26 09:00:00,18,36,14,25,27,12,0,132
2024-03-26 09:10:00,19,37,46,19,23,23,0,167
2024-03-26 09:20:00,13,30,10,21,28,14,0,116
2024-03-26 09:30:00,12,44,23,22,17,14,0,132
2024-03-26 09:40:00,9,25,27,16,22,18,0,117
2024-03-26 09:50:00,24,32,11,10,23,22,0,122
2024-03-26 10:00:00,23,25,18,20,23,21,0,130
2024-03-26 10:10:00,14,29,15,19,27,24,0,128
2024-03-26 10:20:00,30,30,20,13,9,23,0,125
2024-03-26 10:30:00,14,28,21,24,25,25,0,137
2024-03-26 10:40:00,12,42,15,26,25,20,0,140
2024-03-26 10:50:00,16,41,17,20,22,17,0,133
2024-03-26 11:00:00,12,31,15,19,27,26,0,130
2024-03-26 11:10:00,13,42,14,18,25,14,0,126
2024-03-26 11:20:00,13,37,17,119,26,19,0,231
2024-03-26 11:30:00,11,34,24,24,32,29,0,154
2024-03-26 11:40:00,10,38,17,25,18,21,0,129
2024-03-26 11:50:00,18,48,33,24,21,26,0,170
2024-03-26 12:00:00,15,34,15,26,28,16,0,134
2024-03-26 12:10:00,13,33,18,22,27,15,0,128
2024-03-26 12:20:00,15,42,20,23,24,31,0,155
2024-03-26 12:30:00,9,40,18,22,31,26,0,146
2024-03-26 12:40:00,22,36,14,20,30,21,0,143
2024-03-26 12:50:00,16,43,12,19,18,22,0,130
2024-03-26 13:00:00,13,30,13,25,25,26,0,132
2024-03-26 13:10:00,22,43,8,24,31,20,0,148
2024-03-26 13:20:00,20,42,13,27,24,25,0,151
2024-03-26 13:30:00,18,33,23,15,19,15,0,123
2024-03-26 13:40:00,15,44,18,17,26,25,0,145
2024-03-26 13:50:00,10,47,10,25,31,23,0,146
2024-03-26 14:00:00,17,35,20,18,26,31,0,147
2024-03-26 14:10:00,22,40,14,27,26,20,0,149
2024-03-26 14:20:00,17,41,16,33,28,31,0,166
2024-03-26 14:30:00,16,43,28,23,25,31,0,166
2024-03-26 14:40:00,19,59,24,27,21,15,0,165
2024-03-26 14:50:00,14,51,19,27,17,29,0,157
2024-03-26 15:00:00,27,44,21,25,41,28,0,186
2024-03-26 15:10:00,17,36,15,29,31,23,0,151
2024-03-26 15:20:00,23,45,12,27,23,27,0,157
2024-03-26 15:30:00,22,34,15,29,30,28,0,158
2024-03-26 15:40:00,23,42,18,34,32,27,0,176
2024-03-26 15:50:00,26,33,17,23,54,28,0,181
2024-03-26 16:00:00,24,51,22,145,30,17,0,289
2024-03-26 16:10:00,29,40,18,44,27,36,0,194
2024-03-26 16:20:00,24,56,27,24,126,35,0,292
2024-03-26 16:30:00,18,68,18,40,31,26,0,201
2024-03-26 16:40:00,28,52,29,32,31,26,0,198
2024-03-26 16:50:00,31,39,26,28,28,30,0,182
2024-03-26 17:00:00,22,42,14,32,22,32,0,164
2024-03-26 17:10:00,38,46,25,39,28,23,0,199
2024-03-26 17:20:00,27,54,20,27,32,24,0,184
2024-03-26 17:30:00,20,43,23,24,28,14,0,152
2024-03-26 17:40:00,24,37,23,35,29,24,0,172
2024-03-26 17:50:00,19,45,22,26,26,29,0,167
2024-03-26 18:00:00,14,56,23,24,25,15,0,157
2024-03-26 18:10:00,19,42,23,29,23,21,0,157
2024-03-26 18:20:00,13,48,24,27,28,21,0,161
2024-03-26 18:30:00,12,53,16,31,20,22,0,154
2024-03-26 18:40:00,14,25,16,20,17,22,0,114
2024-03-26 18:50:00,15,42,10,17,24,20,0,128
2024-03-26 19:00:00,9,22,15,18,16,10,0,90
2024-03-26 19:10:00,11,30,91,15,16,17,0,180
2024-03-26 19:20:00,14,32,16,6,10,13,0,91
2024-03-26 19:30:00,13,27,10,4,11,11,0,76
2024-03-26 19:40:00,6,59,10,16,25,15,0,131
2024-03-26 19:50:00,6,22,12,17,17,10,0,84
2024-03-26 20:00:00,10,24,11,13,20,16,0,94
2024-03-26 20:10:00,15,26,9,21,25,17,0,113
2024-03-26 20:20:00,8,20,7,13,17,16,0,81
2024-03-26 20:30:00,5,21,10,9,17,11,0,73
2024-03-26 20:40:00,6,15,20,8,13,9,0,71
2024-03-26 20:50:00,4,15,8,17,7,9,0,60
2024-03-26 21:00:00,6,16,9,4,12,10,0,57
2024-03-26 21:10:00,8,22,6,6,7,11,0,60
2024-03-26 21:20:00,3,17,4,11,8,4,0,47
2024-03-26 21:30:00,8,20,9,7,10,11,0,65
2024-03-26 21:40:00,5,21,2,10,11,11,0,60
2024-03-26 21:50:00,2,22,7,3,9,9,0,52
2024-03-26 22:00:00,8,9,4,7,12,8,0,48
2024-03-26 22:10:00,6,10,3,9,12,9,0,49
2024-03-26 22:20:00,5,12,3,7,13,11,0,51
2024-03-26 22:30:00,5,13,2,10,10,14,0,54
2024-03-26 22:40:00,5,13,6,4,11,10,0,49
2024-03-26 22:50:00,2,15,7,5,5,5,0,39
2024-03-26 23:00:00,6,13,7,9,2,5,0,42
2024-03-26 23:10:00,3,15,4,5,2,7,0,36
2024-03-26 23:20:00,3,10,9,5,9,5,0,41
2024-03-26 23:30:00,2,14,2,5,9,9,0,41
2024-03-26 23:40:00,1,9,2,4,6,5,0,27
2024-03-26 23:50:00,1,7,4,2,4,5,0,23
2024-03-27 00:00:00,2,7,5,2,0,1,0,17
2024-03-27 00:10:00,3,12,4,3,3,6,0,31
2024-03-27 00:20:00,3,9,6,3,4,5,0,30
2024-03-27 00:30:00,3,5,3,2,4,4,0,21
2024-03-27 00:40:00,1,5,5,2,4,7,0,24
2024-03-27 00:50:00,2,5,4,1,1,5,0,18
2024-03-27 01:00:00,1,2,0,0,3,2,0,8
2024-03-27 01:10:00,0,3,1,2,1,1,0,8
2024-03-27 01:20:00,0,2,1,1,4,5,0,13
2024-03-27 01:30:00,0,2,1,0,1,1,0,5
2024-03-27 01:40:00,2,2,1,0,0,3,0,8
2024-03-27 01:50:00,0,4,0,1,0,0,0,5
2024-03-27 02:00:00,1,1,0,2,1,1,0,6
2024-03-27 02:10:00,3,2,2,2,1,5,0,15
2024-03-27 02:20:00,0,3,2,5,4,0,0,14
2024-03-27 02:30:00,2,1,0,0,0,3,0,6
2024-03-27 02:40:00,2,6,3,0,1,2,0,14
2024-03-27 02:50:00,0,3,1,0,0,2,0,6
2024-03-27 03:00:00,2,2,1,2,2,2,0,11
2024-03-27 03:10:00,0,2,0,1,4,5,0,12
2024-03-27 03:20:00,1,4,6,3,1,1,0,16
2024-03-27 03:30:00,0,4,0,1,1,1,0,7
2024-03-27 03:40:00,2,1,1,0,1,0,0,5
2024-03-27 03:50:00,2,1,1,1,2,1,0,8
2024-03-27 04:00:00,3,2,2,2,2,2,0,13
2024-03-27 04:10:00,3,7,3,2,1,0,0,16
2024-03-27 04:20:00,0,1,0,0,3,3,0,7
2024-03-27 04:30:00,2,3,3,4,6,5,0,23
2024-03-27 04:40:00,0,6,3,1,3,9,0,22
2024-03-27 04:50:00,0,3,5,1,4,6,0,19
2024-03-27 05:00:00,2,4,7,5,6,4,0,28
2024-03-27 05:10:00,1,5,2,3,5,7,0,23
2024-03-27 05:20:00,3,7,5,7,11,6,0,39
2024-03-27 05:30:00,2,9,8,5,8,4,0,36
2024-03-27 05:40:00,5,15,8,8,15,12,0,63
2024-03-27 05:50:00,7,14,10,9,20,54,0,114
2024-03-27 06:00:00,13,17,6,10,28,17,0,91
2024-03-27 06:10:00,10,13,9,10,22,9,0,73
2024-03-27 06:20:00,10,17,10,13,12,13,0,75
2024-03-27 06:30:00,9,18,16,15,23,17,0,98
2024-03-27 06:40:00,13,18,14,14,20,16,0,95
2024-03-27 06:50:00,10,16,13,32,28,11,0,110
2024-03-27 07:00:00,13,24,26,67,23,14,0,167
2024-03-27 07:10:00,17,26,20,12,23,16,0,114
2024-03-27 07:20:00,20,29,14,16,16,16,0,111
2024-03-27 07:30:00,43,32,21,21,27,31,0,175
2024-03-27 07:40:00,20,26,23,19,26,14,0,128
2024-03-27 07:50:00,35,35,15,19,23,24,0,151
2024-03-27 08:00:00,15,34,15,19,32,13,0,128
2024-03-27 08:10:00,32,24,17,20,15,14,0,122
2024-03-27 08:20:00,24,43,25,16,25,22,0,155
2024-03-27 08:30:00,23,39,20,13,16,22,0,133
2024-03-27 08:40:00,24,38,65,15,33,92,0,267
2024-03-27 08:50:00,25,40,20,18,30,24,0,157
2024-03-27 09:00:00,13,37,24,11,23,23,0,131
2024-03-27 09:10:00,13,31,11,16,18,9,0,98
2024-03-27 09:20:00,19,23,30,15,25,26,0,138
2024-03-27 09:30:00,15,41,19,21,16,19,0,131
2024-03-27 09:40:00,15,32,20,10,28,18,0,123
2024-03-27 09:50:00,11,36,16,19,13,40,0,135
2024-03-27 10:00:00,12,25,8,77,35,23,0,180
2024-03-27 10:10:00,13,41,10,22,26,16,0,128
2024-03-27 10:20:00,16,37,13,16,27,18,0,127
2024-03-27 10:30:00,19,45,16,36,20,22,0,158
2024-03-27 10:40:00,20,31,18,71,28,28,0,196
2024-03-27 10:50:00,18,49,14,21,22,32,0,156
2024-03-27 11:00:00,15,34,14,18,27,26,0,134
2024-03-27 11:10:00,14,30,23,19,24,14,0,124
2024-03-27 11:20:00,11,30,20,22,32,19,0,134
2024-03-27 11:30:00,14,29,18,17,33,23,0,134
2024-03-27 11:40:00,10,35,22,18,31,34,0,150
2024-03-27 11:50:00,14,35,13,22,29,28,0,141
2024-03-27 12:00:00,8,41,16,19,25,16,0,125
2024-03-27 12:10:00,18,42,22,21,23,25,0,151
2024-03-27 12:20:00,18,38,26,22,29,14,0,147
2024-03-27 12:30:00,15,40,16,28,21,46,0,166
2024-03-27 12:40:00,19,41,15,27,35,20,0,157
2024-03-27 12:50:00,22,40,40,21,24,22,0,169
2024-03-27 13:00:00,73,32,27,23,27,26,0,208
2024-03-27 13:10:00,13,29,18,24,29,29,0,142
2024-03-27 13:20:00,14,47,14,15,24,18,0,132
2024-03-27 13:30:00,20,44,26,31,24,24,0,169
2024-03-27 13:40:00,11,39,16,19,37,30,0,152
2024-03-27 13:50:00,19,49,14,23,54,28,0,187
2024-03-27 14:00:00,18,41,19,21,18,31,0,148
2024-03-27 14:10:00,9,53,9,30,27,31,0,159
2024-03-27 14:20:00,16,57,18,31,28,34,0,184
2024-03-27 14:30:00,21,51,14,27,35,57,0,205
2024-03-27 14:40:00,14,43,17,19,24,52,0,169
2024-03-27 14:50:00,19,63,20,28,28,25,0,183
2024-03-27 15:00:00,17,52,23,27,33,27,0,179
2024-03-27 15:10:00,22,63,27,24,29,19,0,184
2024-03-27 15:20:00,23,51,10,34,32,80,0,230
2024-03-27 15:30:00,20,54,23,36,29,27,0,189
2024-03-27 15:40:00,20,39,25,23,30,29,0,166
2024-03-27 15:50:00,24,45,21,41,37,29,0,197
2024-03-27 16:00:00,35,45,20,42,33,23,0,198
2024-03-27 16:10:00,28,55,16,41,22,29,0,191
2024-03-27 16:20:00,23,71,26,44,27,28,0,219
2024-03-27 16:30:00,21,49,22,35,25,23,0,175
2024-03-27 16:40:00,30,51,20,40,31,27,0,199
2024-03-27 16:50:00,27,45,23,23,35,22,0,175
2024-03-27 17:00:00,29,50,20,25,32,29,0,185
2024-03-27 17:10:00,17,43,18,52,21,21,0,172
2024-03-27 17:20:00,23,56,27,36,34,35,0,211
2024-03-27 17:30:00,25,67,22,23,25,29,0,191
2024-03-27 17:40:00,24,35,16,29,30,23,0,157
2024-03-27 17:50:00,23,66,11,23,22,23,0,168
2024-03-27 18:00:00,18,39,19,20,29,24,0,149
2024-03-27 18:10:00,16,45,17,22,28,19,0,147
2024-03-27 18:20:00,24,42,24,27,22,41,0,180
2024-03-27 18:30:00,15,32,19,9,21,23,0,119
2024-03-27 18:40:00,15,45,14,21,17,19,0,131
2024-03-27 18:50:00,10,48,10,24,20,11,0,123
2024-03-27 19:00:00,17,36,6,9,13,10,0,91
2024-03-27 19:10:00,11,30,18,12,14,22,0,107
2024-03-27 19:20:00,13,38,12,16,17,19,0,115
2024-03-27 19:30:00,5,22,13,3,27,17,0,87
2024-03-27 19:40:00,12,23,9,14,23,15,0,96
2024-03-27 19:50:00,8,33,11,15,20,16,0,103
2024-03-27 20:00:00,11,27,12,15,24,19,0,108
2024-03-27 20:10:00,9,25,7,14,27,21,0,103
2024-03-27 20:20:00,12,26,10,9,20,14,0,91
2024-03-27 20:30:00,7,20,13,8,14,10,0,72
2024-03-27 20:40:00,6,18,9,5,17,14,0,69
2024-03-27 20:50:00,4,13,5,11,8,13,0,54
2024-03-27 21:00:00,3,19,8,6,9,12,0,57
2024-03-27 21:10:00,2,22,8,10,14,16,0,72
2024-03-27 21:20:00,11,18,7,7,12,9,0,64
2024-03-27 21:30:00,3,17,9,8,12,12,0,61
2024-03-27 21:40:00,7,21,10,7,10,9,0,64
2024-03-27 21:50:00,2,15,2,3,15,8,0,45
2024-03-27 22:00:00,6,16,11,5,13,10,0,61
2024-03-27 22:10:00,9,17,4,10,9,8,0,57
2024-03-27 22:20:00,11,16,11,3,8,12,0,61
2024-03-27 22:30:00,2,12,2,7,9,11,0,43
2024-03-27 22:40:00,2,13,6,7,11,6,0,45
2024-03-27 22:50:00,7,14,5,5,10,10,0,51
2024-03-27 23:00:00,7,13,8,3,5,3,0,39
2024-03-27 23:10:00,5,14,6,9,8,9,0,51
2024-03-27 23:20:00,2,15,7,5,9,9,0,47
2024-03-27 23:30:00,2,8,6,5,6,7,0,34
2024-03-27 23:40:00,0,8,1,3,7,12,0,31
2024-03-27 23:50:00,6,10,4,3,6,4,0,33
2024-03-28 00:00:00,1,12,4,6,6,9,0,38
2024-03-28 00:10:00,2,6,3,0,2,1,0,14
2024-03-28 00:20:00,0,3,2,1,4,6,0,16
2024-03-28 00:30:00,1,3,1,3,4,0,0,12
2024-03-28 00:40:00,3,7,4,1,6,4,0,25
2024-03-28 00:50:00,1,0,2,2,4,5,0,14
2024-03-28 01:00:00,2,4,7,3,4,2,0,22
2024-03-28 01:10:00,0,4,3,1,2,6,0,16
2024-03-28 01:20:00,0,6,1,1,6,5,0,19
2024-03-28 01:30:00,0,3,2,0,3,3,0,11
2024-03-28 01:40:00,1,4,1,0,0,0,0,6
2024-03-28 01:50:00,0,3,1,1,1,3,0,9
2024-03-28 02:00:00,0,1,0,5,6,1,0,13
2024-03-28 02:10:00,0,1,1,1,1,1,0,5
2024-03-28 02:20:00,0,4,1,1,1,2,0,9
2024-03-28 02:30:00,1,6,2,3,4,5,0,21
2024-03-28 02:40:00,2,1,0,3,0,1,0,7
2024-03-28 02:50:00,1,4,2,1,1,2,0,11
2024-03-28 03:00:00,1,0,0,4,0,1,0,6
2024-03-28 03:10:00,0,0,0,1,1,2,0,4
2024-03-28 03:20:00,1,3,4,0,2,1,0,11
2024-03-28 03:30:00,0,0,0,0,2,2,0,4
2024-03-28 03:40:00,1,3,3,0,1,1,0,9
2024-03-28 03:50:00,1,2,2,2,4,2,0,13
2024-03-28 04:00:00,4,2,3,0,0,1,0,10
2024-03-28 04:10:00,0,2,1,1,0,0,0,4
2024-03-28 04:20:00,1,4,2,3,2,7,0,19
2024-03-28 04:30:00,1,0,1,0,2,4,0,8
2024-03-28 04:40:00,1,3,2,1,3,2,0,12
2024-03-28 04:50:00,0,4,1,1,3,6,0,15
2024-03-28 05:00:00,1,2,4,4,2,3,0,16
2024-03-28 05:10:00,1,13,10,2,7,4,0,37
2024-03-28 05:20:00,2,7,14,3,13,5,0,44
2024-03-28 05:30:00,7,12,5,4,7,13,0,48
2024-03-28 05:40:00,4,12,10,7,9,13,0,55
2024-03-28 05:50:00,6,17,11,11,20,3,0,68
2024-03-28 06:00:00,2,13,12,7,17,11,0,62
2024-03-28 06:10:00,11,15,10,5,16,8,0,65
2024-03-28 06:20:00,10,19,10,11,19,11,0,80
2024-03-28 06:30:00,6,21,9,20,19,26,0,101
2024-03-28 06:40:00,14,13,9,23,16,10,0,85
2024-03-28 06:50:00,10,16,16,33,31,27,0,133
2024-03-28 07:00:00,15,26,23,20,24,13,0,121
2024-03-28 07:10:00,12,56,13,16,18,13,0,128
2024-03-28 07:20:00,21,23,32,11,22,19,0,128
2024-03-28 07:30:00,23,37,33,17,25,16,0,151
2024-03-28 07:40:00,22,29,25,20,21,18,0,135
2024-03-28 07:50:00,27,35,14,22,30,16,0,144
2024-03-28 08:00:00,29,31,13,14,20,16,0,123
2024-03-28 08:10:00,19,23,9,22,23,19,0,115
2024-03-28 08:20:00,19,25,25,16,28,16,0,129
2024-03-28 08:30:00,24,34,17,13,23,21,0,132
2024-03-28 08:40:00,18,35,27,14,21,15,0,130
2024-03-28 08:50:00,20,48,18,24,27,13,0,150
2024-03-28 09:00:00,17,41,21,19,22,20,0,140
2024-03-28 09:10:00,14,29,12,15,29,14,0,113
2024-03-28 09:20:00,8,27,14,18,24,13,0,104
2024-03-28 09:30:00,18,30,24,13,27,17,0,129
2024-03-28 09:40:00,15,38,21,20,24,50,0,168
2024-03-28 09:50:00,12,45,15,25,20,22,0,139
2024-03-28 10:00:00,21,35,9,13,21,11,0,110
2024-03-28 10:10:00,16,29,15,13,32,15,0,120
2024-03-28 10:20:00,16,27,14,22,26,29,0,134
2024-03-28 10:30:00,15,39,19,25,28,14,0,140
2024-03-28 10:40:00,19,47,15,22,19,16,0,138
2024-03-28 10:50:00,9,48,14,38,31,21,0,161
2024-03-28 11:00:00,15,40,15,19,18,18,0,125
2024-03-28 11:10:00,13,36,17,21,32,60,0,179
2024-03-28 11:20:00,16,27,21,21,30,35,0,150
2024-03-28 11:30:00,12,38,15,23,37,31,0,156
2024-03-28 11:40:00,14,28,23,20,29,28,0,142
2024-03-28 11:50:00,17,48,15,25,31,16,0,152
2024-03-28 12:00:00,13,35,31,30,35,22,0,166
2024-03-28 12:10:00,20,45,17,27,31,73,0,213
2024-03-28 12:20:00,22,48,20,25,32,34,0,181
2024-03-28 12:30:00,11,48,15,22,35,22,0,153
2024-03-28 12:40:00,14,45,26,15,47,34,0,181
2024-03-28 12:50:00,13,41,29,37,34,37,0,191
2024-03-28 13:00:00,17,51,18,89,30,36,0,241
2024-03-28 13:10:00,20,36,23,20,24,19,0,142
2024-03-28 13:20:00,51,49,25,27,32,21,0,205
2024-03-28 13:30:00,21,48,18,28,25,35,0,175
2024-03-28 13:40:00,30,43,13,22,20,24,0,152
2024-03-28 13:50:00,13,48,12,27,22,22,0,144
2024-03-28 14:00:00,19,102,17,35,24,28,0,225
2024-03-28 14:10:00,18,54,22,23,30,23,0,170
2024-03-28 14:20:00,23,65,18,28,41,29,0,204
2024-03-28 14:30:00,17,53,18,27,24,43,0,182
2024-03-28 14:40:00,22,41,21,110,33,29,0,256
2024-03-28 14:50:00,21,66,27,32,46,16,0,208
2024-03-28 15:00:00,19,46,15,24,32,27,0,163
2024-03-28 15:10:00,29,46,29,25,40,25,0,194
2024-03-28 15:20:00,25,43,22,25,27,21,0,163
2024-03-28 15:30:00,21,53,26,27,36,18,0,181
2024-03-28 15:40:00,18,54,19,40,28,42,0,201
2024-03-28 15:50:00,18,62,27,42,28,34,0,211
2024-03-28 16:00:00,31,57,26,30,39,24,0,207
2024-03-28 16:10:00,40,61,23,35,32,87,0,278
2024-03-28 16:20:00,26,57,25,33,26,34,0,201
2024-03-28 16:30:00,29,105,20,24,34,23,0,235
2024-03-28 16:40:00,27,44,57,28,28,28,0,212
2024-03-28 16:50:00,30,41,16,31,25,26,0,169
2024-03-28 17:00:00,33,67,19,27,27,22,0,195
2024-03-28 17:10:00,21,47,21,28,32,26,0,175
2024-03-28 17:20:00,24,55,18,30,35,32,0,194
2024-03-28 17:30:00,22,53,23,20,28,23,0,169
2024-03-28 17:40:00,33,47,21,28,30,25,0,184
2024-03-28 17:50:00,24,53,27,58,28,31,0,221
2024-03-28 18:00:00,23,34,12,33,22,15,0,139
2024-03-28 18:10:00,26,26,23,22,31,20,0,148
2024-03-28 18:20:00,16,49,31,24,25,33,0,178
2024-03-28 18:30:00,15,37,65,21,23,25,0,186
2024-03-28 18:40:00,24,34,22,39,25,20,0,164
2024-03-28 18:50:00,16,49,24,18,20,22,0,149
2024-03-28 19:00:00,9,31,17,13,21,19,0,110
2024-03-28 19:10:00,20,34,16,19,15,11,0,115
2024-03-28 19:20:00,11,37,11,9,13,16,0,97
2024-03-28 19:30:00,10,39,14,20,31,11,0,125
2024-03-28 19:40:00,9,42,23,11,16,16,0,117
2024-03-28 19:50:00,8,32,9,18,26,8,0,101
2024-03-28 20:00:00,5,36,16,16,15,21,0,109
2024-03-28 20:10:00,9,23,9,28,30,20,0,119
2024-03-28 20:20:00,8,40,15,19,26,15,0,123
2024-03-28 20:30:00,9,24,9,12,12,19,0,85
2024-03-28 20:40:00,18,29,9,19,20,19,0,114
2024-03-28 20:50:00,4,28,20,10,22,33,0,117
2024-03-28 21:00:00,11,29,16,14,14,14,0,98
2024-03-28 21:10:00,7,31,14,8,13,54,0,127
2024-03-28 21:20:00,4,34,10,8,16,17,0,89
2024-03-28 21:30:00,4,16,10,16,11,12,0,69
2024-03-28 21:40:00,5,19,43,31,16,16,0,130
2024-03-28 21:50:00,7,27,5,8,10,10,0,67
2024-03-28 22:00:00,6,28,5,12,16,7,0,74
2024-03-28 22:10:00,4,18,10,7,14,16,0,69
2024-03-28 22:20:00,8,20,3,5,13,14,0,63
2024-03-28 22:30:00,3,17,7,7,13,7,0,54
2024-03-28 22:40:00,4,13,7,6,13,11,0,54
2024-03-28 22:50:00,3,13,8,11,8,10,0,53
2024-03-28 23:00:00,7,14,9,13,15,9,0,67
2024-03-28 23:10:00,4,20,8,5,16,19,0,72
2024-03-28 23:20:00,5,14,18,10,8,11,0,66
2024-03-28 23:30:00,5,14,1,14,14,6,0,54
2024-03-28 23:40:00,3,14,2,5,7,11,0,42
2024-03-28 23:50:00,2,15,7,8,8,12,0,52
2024-03-29 00:00:00,3,4,2,8,9,11,0,37
2024-03-29 00:10:00,4,14,8,7,9,11,0,53
2024-03-29 00:20:00,3,9,5,4,11,10,0,42
2024-03-29 00:30:00,3,6,4,4,8,9,0,34
2024-03-29 00:40:00,5,3,2,5,5,3,0,23
2024-03-29 00:50:00,4,12,2,3,10,7,0,38
2024-03-29 01:00:00,2,5,1,2,4,13,0,27
2024-03-29 01:10:00,4,2,1,2,4,3,0,16
2024-03-29 01:20:00,6,7,2,7,1,3,0,26
2024-03-29 01:30:00,0,3,1,1,5,5,0,15
2024-03-29 01:40:00,1,4,2,4,1,5,0,17
2024-03-29 01:50:00,1,8,5,4,4,6,0,28
2024-03-29 02:00:00,2,4,1,1,3,4,0,15
2024-03-29 02:10:00,1,3,0,3,1,1,0,9
2024-03-29 02:20:00,2,2,2,2,2,3,0,13
2024-03-29 02:30:00,6,4,1,1,1,7,0,20
2024-03-29 02:40:00,1,3,3,2,4,8,0,21
2024-03-29 02:50:00,4,2,0,0,1,4,0,11
2024-03-29 03:00:00,1,12,1,1,1,3,0,19
2024-03-29 03:10:00,2,4,4,0,4,6,0,20
2024-03-29 03:20:00,3,5,2,4,3,6,0,23
2024-03-29 03:30:00,2,2,2,3,3,4,0,16
2024-03-29 03:40:00,2,1,0,1,0,0,0,4
2024-03-29 03:50:00,2,0,1,2,0,1,0,6
2024-03-29 04:00:00,1,5,1,0,3,4,0,14
2024-03-29 04:10:00,1,3,0,3,2,1,0,10
2024-03-29 04:20:00,2,0,1,2,2,2,0,9
2024-03-29 04:30:00,1,2,3,1,4,3,0,14
2024-03-29 04:40:00,2,8,5,3,5,3,0,26
2024-03-29 04:50:00,4,2,1,2,3,2,0,14
2024-03-29 05:00:00,4,4,3,4,3,6,0,24
2024-03-29 05:10:00,0,7,2,2,1,1,0,13
2024-03-29 05:20:00,1,4,3,2,2,2,0,14
2024-03-29 05:30:00,1,3,3,0,2,2,0,11
2024-03-29 05:40:00,4,3,2,3,7,2,0,21
2024-03-29 05:50:00,2,5,5,1,5,2,0,20
2024-03-29 06:00:00,0,3,2,4,5,3,0,17
2024-03-29 06:10:00,1,3,1,0,1,5,0,11
2024-03-29 06:20:00,1,1,2,3,6,5,0,18
2024-03-29 06:30:00,1,5,4,0,4,3,0,17
2024-03-29 06:40:00,2,5,0,3,4,5,0,19
2024-03-29 06:50:00,0,1,0,8,2,1,0,12
2024-03-29 07:00:00,4,1,1,4,3,6,0,19
2024-03-29 07:10:00,3,3,0,2,3,6,0,17
2024-03-29 07:20:00,1,3,1,2,2,2,0,11
2024-03-29 07:30:00,2,7,1,2,1,4,0,17
2024-03-29 07:40:00,0,4,3,2,2,3,0,14
2024-03-29 07:50:00,3,2,1,2,0,3,0,11
2024-03-29 08:00:00,4,8,0,4,4,1,0,21
2024-03-29 08:10:00,1,2,1,2,2,4,0,12
2024-03-29 08:20:00,2,2,2,2,2,3,0,13
2024-03-29 08:30:00,0,7,0,5,4,4,0,20
2024-03-29 08:40:00,1,4,2,2,6,2,0,17
2024-03-29 08:50:00,1,6,1,4,6,5,0,23
2024-03-29 09:00:00,2,4,2,1,4,5,0,18
2024-03-29 09:10:00,2,3,3,1,5,8,0,22
2024-03-29 09:20:00,3,8,2,6,6,10,0,35
2024-03-29 09:30:00,1,6,5,7,7,5,0,31
2024-03-29 09:40:00,6,4,0,3,7,11,0,31
2024-03-29 09:50:00,4,8,2,8,7,8,0,37
2024-03-29 10:00:00,4,5,6,5,7,3,0,30
2024-03-29 10:10:00,1,10,4,1,6,8,0,30
2024-03-29 10:20:00,7,8,0,3,4,6,0,28
2024-03-29 10:30:00,2,12,1,3,2,7,0,27
2024-03-29 10:40:00,7,11,2,5,10,8,0,43
2024-03-29 10:50:00,4,6,11,8,3,7,0,39
2024-03-29 11:00:00,4,8,4,6,8,10,0,40
2024-03-29 11:10:00,5,12,4,5,10,11,0,47
2024-03-29 11:20:00,3,16,6,4,6,10,0,45
2024-03-29 11:30:00,2,15,2,14,12,4,0,49
2024-03-29 11:40:00,1,12,6,4,13,8,0,44
2024-03-29 11:50:00,4,14,11,2,8,10,0,49
2024-03-29 12:00:00,6,17,7,8,9,7,0,54
2024-03-29 12:10:00,4,21,9,10,17,20,0,81
2024-03-29 12:20:00,3,14,10,13,10,14,0,64
2024-03-29 12:30:00,4,15,9,11,9,15,0,63
2024-03-29 12:40:00,4,17,12,12,17,12,0,74
2024-03-29 12:50:00,5,15,8,11,24,12,0,75
2024-03-29 13:00:00,5,20,5,11,14,13,0,68
2024-03-29 13:10:00,6,21,11,10,17,12,0,77
2024-03-29 13:20:00,14,16,6,7,21,10,0,74
2024-03-29 13:30:00,7,14,7,7,19,9,0,63
2024-03-29 13:40:00,8,17,5,11,7,20,0,68
2024-03-29 13:50:00,11,20,3,5,15,10,0,64
2024-03-29 14:00:00,11,17,8,13,14,12,0,75
2024-03-29 14:10:00,12,33,10,7,12,12,0,86
2024-03-29 14:20:00,9,37,9,10,12,5,0,82
2024-03-29 14:30:00,7,22,10,9,8,18,0,74
2024-03-29 14:40:00,5,25,3,5,11,12,0,61
2024-03-29 14:50:00,4,23,7,29,13,7,0,83
2024-03-29 15:00:00,4,22,6,15,19,14,0,80
2024-03-29 15:10:00,12,19,5,5,13,15,0,69
2024-03-29 15:20:00,4,17,5,11,13,11,0,61
2024-03-29 15:30:00,3,17,6,7,12,7,0,52
2024-03-29 15:40:00,8,20,6,7,16,16,0,73
2024-03-29 15:50:00,4,15,2,9,12,8,0,50
2024-03-29 16:00:00,6,20,8,16,13,7,0,70
2024-03-29 16:10:00,3,14,10,3,17,11,0,58
2024-03-29 16:20:00,3,19,8,2,10,11,0,53
2024-03-29 16:30:00,5,21,6,6,9,20,0,67
2024-03-29 16:40:00,2,19,6,12,14,8,0,61
2024-03-29 16:50:00,7,13,9,9,8,14,0,60
2024-03-29 17:00:00,6,25,9,9,12,8,0,69
2024-03-29 17:10:00,8,28,37,9,12,12,0,106
2024-03-29 17:20:00,6,25,8,14,19,11,0,83
2024-03-29 17:30:00,2,12,6,6,10,12,0,48
2024-03-29 17:40:00,4,18,13,8,11,12,0,66
2024-03-29 17:50:00,6,18,6,16,13,11,0,70
2024-03-29 18:00:00,3,9,5,12,13,9,0,51
2024-03-29 18:10:00,9,15,7,7,8,11,0,57
2024-03-29 18:20:00,10,20,12,10,11,10,0,73
2024-03-29 18:30:00,7,21,13,10,11,4,0,66
2024-03-29 18:40:00,10,23,8,8,15,12,0,76
2024-03-29 18:50:00,11,16,10,24,17,7,0,85
2024-03-29 19:00:00,7,18,10,7,12,10,0,64
2024-03-29 19:10:00,6,14,13,9,11,10,0,63
2024-03-29 19:20:00,6,17,4,9,14,12,0,62
2024-03-29 19:30:00,2,18,12,6,13,4,0,55
2024-03-29 19:40:00,4,18,6,10,13,7,0,58
2024-03-29 19:50:00,2,15,10,9,19,3,0,58
2024-03-29 20:00:00,6,15,7,9,11,28,0,76
2024-03-29 20:10:00,4,21,8,10,15,16,0,74
2024-03-29 20:20:00,6,16,44,10,17,9,0,102
2024-03-29 20:30:00,9,20,15,10,14,13,0,81
2024-03-29 20:40:00,4,18,3,7,12,9,0,53
2024-03-29 20:50:00,2,10,10,5,8,10,0,45
2024-03-29 21:00:00,5,12,4,7,13,13,0,54
2024-03-29 21:10:00,4,13,3,4,5,10,0,39
2024-03-29 21:20:00,2,17,3,5,15,10,0,52
2024-03-29 21:30:00,2,19,2,8,8,6,0,45
2024-03-29 21:40:00,4,10,4,6,11,9,0,44
2024-03-29 21:50:00,4,17,8,3,6,15,0,53
2024-03-29 22:00:00,3,22,14,7,15,9,0,70
2024-03-29 22:10:00,6,11,2,10,11,10,0,50
2024-03-29 22:20:00,4,11,5,6,9,15,0,50
2024-03-29 22:30:00,3,19,8,9,10,13,0,62
2024-03-29 22:40:00,4,10,4,3,4,7,0,32
2024-03-29 22:50:00,2,4,4,1,10,10,0,31
2024-03-29 23:00:00,3,10,8,4,12,4,0,41
2024-03-29 23:10:00,3,15,7,4,9,5,0,43
2024-03-29 23:20:00,2,8,4,4,8,10,0,36
2024-03-29 23:30:00,3,14,81,13,14,11,0,136
2024-03-29 23:40:00,7,9,5,2,8,5,0,36
2024-03-29 23:50:00,3,5,1,5,6,7,0,27
2024-03-30 00:00:00,1,9,3,5,4,8,0,30
2024-03-30 00:10:00,1,7,3,1,5,8,0,25
2024-03-30 00:20:00,1,9,10,3,9,9,0,41
2024-03-30 00:30:00,3,4,0,1,6,3,0,17
2024-03-30 00:40:00,3,3,2,3,8,3,0,22
2024-03-30 00:50:00,2,6,2,5,3,2,0,20
2024-03-30 01:00:00,4,2,2,3,3,12,0,26
2024-03-30 01:10:00,1,8,2,0,1,6,0,18
2024-03-30 01:20:00,3,5,4,1,7,4,0,24
2024-03-30 01:30:00,5,2,1,3,2,1,0,14
2024-03-30 01:40:00,3,3,1,3,5,6,0,21
2024-03-30 01:50:00,2,6,6,2,2,5,0,23
2024-03-30 02:00:00,0,4,3,2,2,5,0,16
2024-03-30 02:10:00,0,5,1,1,6,1,0,14
2024-03-30 02:20:00,0,7,4,0,1,5,0,17
2024-03-30 02:30:00,1,1,1,3,2,3,0,11
2024-03-30 02:40:00,2,3,1,0,1,3,0,10
2024-03-30 02:50:00,2,2,1,2,3,4,0,14
2024-03-30 03:00:00,1,1,0,0,1,1,0,4
2024-03-30 03:10:00,3,0,2,0,0,0,0,5
2024-03-30 03:20:00,0,4,1,0,3,0,0,8
2024-03-30 03:30:00,1,2,1,2,1,5,0,12
2024-03-30 03:40:00,0,4,2,0,2,3,0,11
2024-03-30 03:50:00,1,4,0,2,1,4,0,12
2024-03-30 04:00:00,0,3,4,2,2,4,0,15
2024-03-30 04:10:00,1,1,3,1,1,0,0,7
2024-03-30 04:20:00,2,3,2,3,4,7,0,21
2024-03-30 04:30:00,1,5,8,1,5,4,0,24
2024-03-30 04:40:00,0,6,5,1,4,2,0,18
2024-03-30 04:50:00,0,1,0,3,4,8,0,16
2024-03-30 05:00:00,0,7,1,4,5,5,0,22
2024-03-30 05:10:00,1,6,6,2,2,6,0,23
2024-03-30 05:20:00,1,5,4,3,1,4,0,18
2024-03-30 05:30:00,3,7,4,1,4,6,0,25
2024-03-30 05:40:00,2,3,6,4,13,5,0,33
2024-03-30 05:50:00,5,6,7,4,1,6,0,29
2024-03-30 06:00:00,3,3,0,3,7,2,0,18
2024-03-30 06:10:00,3,10,3,2,8,4,0,30
2024-03-30 06:20:00,2,3,0,0,4,2,0,11
2024-03-30 06:30:00,0,3,2,4,6,4,0,19
2024-03-30 06:40:00,3,12,7,2,6,5,0,35
2024-03-30 06:50:00,2,4,3,3,4,6,0,22
2024-03-30 07:00:00,1,4,1,4,9,3,0,22
2024-03-30 07:10:00,1,5,6,4,7,4,0,27
2024-03-30 07:20:00,3,8,5,5,5,4,0,30
2024-03-30 07:30:00,1,6,7,3,13,11,0,41
2024-03-30 07:40:00,0,9,3,5,6,5,0,28
2024-03-30 07:50:00,2,8,8,6,10,4,0,38
2024-03-30 08:00:00,1,9,2,6,10,4,0,32
2024-03-30 08:10:00,1,10,2,4,13,7,0,37
2024-03-30 08:20:00,4,15,5,3,11,9,0,47
2024-03-30 08:30:00,3,21,12,4,9,6,0,55
2024-03-30 08:40:00,8,17,8,10,17,11,0,71
2024-03-30 08:50:00,3,21,6,9,22,9,0,70
2024-03-30 09:00:00,5,22,8,5,15,10,0,65
2024-03-30 09:10:00,4,22,11,7,26,15,0,85
2024-03-30 09:20:00,5,25,7,7,23,14,0,81
2024-03-30 09:30:00,4,31,9,10,18,11,0,83
2024-03-30 09:40:00,3,21,15,8,22,13,0,82
2024-03-30 09:50:00,9,26,9,11,18,11,0,84
2024-03-30 10:00:00,7,36,10,14,30,13,0,110
2024-03-30 10:10:00,9,26,12,9,20,8,0,84
2024-03-30 10:20:00,9,39,16,15,31,9,0,119
2024-03-30 10:30:00,10,48,11,12,32,21,0,134
2024-03-30 10:40:00,3,39,12,14,29,10,0,107
2024-03-30 10:50:00,7,38,7,44,44,13,0,153
2024-03-30 11:00:00,8,33,12,21,19,14,0,107
2024-03-30 11:10:00,11,36,14,13,34,20,0,128
2024-03-30 11:20:00,9,43,12,14,23,18,0,119
2024-03-30 11:30:00,13,33,13,14,25,12,0,110
2024-03-30 11:40:00,17,36,10,20,32,27,0,142
2024-03-30 11:50:00,10,37,17,14,26,19,0,123
2024-03-30 12:00:00,15,27,18,13,26,19,0,118
2024-03-30 12:10:00,12,35,13,21,24,23,0,128
2024-03-30 12:20:00,13,31,16,18,31,16,0,125
2024-03-30 12:30:00,13,44,16,14,21,15,0,123
2024-03-30 12:40:00,14,47,11,20,25,20,0,137
2024-03-30 12:50:00,10,43,17,23,20,16,0,129
2024-03-30 13:00:00,17,42,21,14,28,18,0,140
2024-03-30 13:10:00,13,47,13,19,21,25,0,138
2024-03-30 13:20:00,16,42,20,16,18,14,0,126
2024-03-30 13:30:00,7,42,16,13,22,22,0,122
2024-03-30 13:40:00,19,48,17,18,22,18,0,142
2024-03-30 13:50:00,14,45,15,14,28,22,0,138
2024-03-30 14:00:00,7,37,15,20,22,18,0,119
2024-03-30 14:10:00,18,45,17,26,23,18,0,147
2024-03-30 14:20:00,13,41,22,20,27,14,0,137
2024-03-30 14:30:00,12,36,19,21,20,17,0,125
2024-03-30 14:40:00,12,38,16,19,29,24,0,138
2024-03-30 14:50:00,10,33,12,12,24,15,0,106
2024-03-30 15:00:00,13,38,12,13,16,17,0,109
2024-03-30 15:10:00,12,31,19,17,28,24,0,131
2024-03-30 15:20:00,7,40,17,12,19,21,0,116
2024-03-30 15:30:00,14,23,15,15,21,20,0,108
2024-03-30 15:40:00,8,27,9,17,23,20,0,104
2024-03-30 15:50:00,18,27,12,16,28,16,0,117
2024-03-30 16:00:00,12,34,14,13,13,13,0,99
2024-03-30 16:10:00,15,31,12,19,31,16,0,124
2024-03-30 16:20:00,7,38,13,16,20,13,0,107
2024-03-30 16:30:00,11,29,10,22,19,10,0,101
2024-03-30 16:40:00,5,34,13,8,16,17,0,93
2024-03-30 16:50:00,10,31,11,16,22,15,0,105
2024-03-30 17:00:00,6,28,14,11,18,13,0,90
2024-03-30 17:10:00,15,37,16,9,14,23,0,114
2024-03-30 17:20:00,10,29,20,12,12,14,0,97
2024-03-30 17:30:00,6,26,12,23,16,14,0,97
2024-03-30 17:40:00,5,21,11,10,17,18,0,82
2024-03-30 17:50:00,8,38,6,10,10,14,0,86
2024-03-30 18:00:00,8,25,6,12,18,14,0,83
2024-03-30 18:10:00,9,29,12,10,18,18,0,96
2024-03-30 18:20:00,7,32,16,14,17,14,0,100
2024-03-30 18:30:00,13,30,11,7,15,17,0,93
2024-03-30 18:40:00,8,28,15,13,13,12,0,89
2024-03-30 18:50:00,10,17,11,6,8,11,0,63
2024-03-30 19:00:00,11,20,11,11,12,13,0,78
2024-03-30 19:10:00,7,25,7,41,16,17,0,113
2024-03-30 19:20:00,7,37,11,9,12,9,0,85
2024-03-30 19:30:00,7,20,12,12,15,9,0,75
2024-03-30 19:40:00,6,18,3,4,12,10,0,53
2024-03-30 19:50:00,6,25,4,11,14,11,0,71
2024-03-30 20:00:00,5,23,14,9,14,11,0,76
2024-03-30 20:10:00,3,25,9,10,18,22,0,87
2024-03-30 20:20:00,5,21,13,11,20,10,0,80
2024-03-30 20:30:00,8,15,10,10,18,17,0,78
2024-03-30 20:40:00,7,11,4,10,21,15,0,68
2024-03-30 20:50:00,4,18,7,8,11,6,0,54
2024-03-30 21:00:00,3,10,5,7,8,13,0,46
2024-03-30 21:10:00,3,16,3,5,9,12,0,48
2024-03-30 21:20:00,2,19,8,5,7,12,0,53
2024-03-30 21:30:00,4,16,5,8,14,16,0,63
2024-03-30 21:40:00,7,14,3,8,13,11,0,56
2024-03-30 21:50:00,6,24,10,19,9,15,0,83
2024-03-30 22:00:00,2,35,7,7,7,5,0,63
2024-03-30 22:10:00,5,15,5,8,8,16,0,57
2024-03-30 22:20:00,2,17,3,6,9,13,0,50
2024-03-30 22:30:00,7,16,7,5,7,7,0,49
2024-03-30 22:40:00,3,10,5,2,10,11,0,41
2024-03-30 22:50:00,6,6,4,7,7,8,0,38
2024-03-30 23:00:00,5,17,9,7,10,5,0,53
2024-03-30 23:10:00,1,11,6,4,10,8,0,40
2024-03-30 23:20:00,3,19,7,3,12,9,0,53
2024-03-30 23:30:00,4,23,6,10,13,14,0,70
2024-03-30 23:40:00,4,11,11,3,8,5,0,42
2024-03-30 23:50:00,3,8,22,3,5,8,0,49
2024-03-31 00:00:00,2,6,2,7,7,7,0,31
2024-03-31 00:10:00,1,10,2,5,10,4,0,32
2024-03-31 00:20:00,0,8,3,9,3,5,0,28
2024-03-31 00:30:00,1,8,2,5,9,6,0,31
2024-03-31 00:40:00,4,7,2,7,10,5,0,35
2024-03-31 00:50:00,2,4,4,6,8,9,0,33
2024-03-31 01:00:00,1,8,5,2,5,9,0,30
2024-03-31 01:10:00,4,6,2,3,0,3,0,18
2024-03-31 01:20:00,0,5,2,4,5,4,0,20
2024-03-31 01:30:00,2,6,2,3,7,5,0,25
2024-03-31 01:40:00,4,4,1,2,2,4,0,17
2024-03-31 01:50:00,0,7,2,3,3,5,0,20
2024-03-31 02:00:00,0,0,0,0,0,0,0,0
2024-03-31 02:10:00,0,0,0,0,0,0,0,0
2024-03-31 02:20:00,0,0,0,0,0,0,0,0
2024-03-31 02:30:00,0,0,0,0,0,0,0,0
2024-03-31 02:40:00,0,0,0,0,0,0,0,0
2024-03-31 02:50:00,0,0,0,0,0,0,0,0
2024-03-31 03:00:00,0,0,0,0,0,0,0,0
2024-03-31 03:10:00,0,0,0,0,0,0,0,0
2024-03-31 03:20:00,0,0,0,0,0,0,0,0
2024-03-31 03:30:00,0,0,0,0,0,0,0,0
2024-03-31 03:40:00,0,0,0,0,0,0,0,0
2024-03-31 03:50:00,0,0,0,0,0,0,0,0
2024-03-31 04:00:00,1,6,1,3,5,3,0,19
2024-03-31 04:10:00,1,2,1,3,4,4,0,15
2024-03-31 04:20:00,1,6,4,1,6,10,0,28
2024-03-31 04:30:00,0,4,8,3,5,3,0,23
2024-03-31 04:40:00,0,1,2,3,3,4,0,13
2024-03-31 04:50:00,0,3,1,1,1,4,0,10
2024-03-31 05:00:00,4,5,5,2,0,7,0,23
2024-03-31 05:10:00,0,4,3,1,4,4,0,16
2024-03-31 05:20:00,0,4,5,4,4,5,0,22
2024-03-31 05:30:00,2,2,5,2,5,4,0,20
2024-03-31 05:40:00,3,4,8,3,5,4,0,27
2024-03-31 05:50:00,3,4,8,5,7,5,0,32
2024-03-31 06:00:00,2,9,4,5,7,5,0,32
2024-03-31 06:10:00,0,8,3,1,2,3,0,17
2024-03-31 06:20:00,2,5,2,3,3,4,0,19
2024-03-31 06:30:00,3,4,2,2,4,2,0,17
2024-03-31 06:40:00,0,4,2,1,2,3,0,12
2024-03-31 06:50:00,0,4,1,5,1,7,0,18
2024-03-31 07:00:00,0,4,2,1,2,2,0,11
2024-03-31 07:10:00,1,4,1,5,4,4,0,19
2024-03-31 07:20:00,0,7,4,5,3,3,0,22
2024-03-31 07:30:00,0,4,2,0,3,2,0,11
2024-03-31 07:40:00,1,2,1,2,2,1,0,9
2024-03-31 07:50:00,0,2,1,1,2,1,0,7
2024-03-31 08:00:00,1,3,2,0,5,2,0,13
2024-03-31 08:10:00,2,2,0,3,4,1,0,12
2024-03-31 08:20:00,1,5,3,3,2,4,0,18
2024-03-31 08:30:00,1,4,1,1,4,1,0,12
2024-03-31 08:40:00,0,3,1,4,5,7,0,20
2024-03-31 08:50:00,1,5,3,5,4,5,0,23
2024-03-31 09:00:00,0,3,3,2,1,4,0,13
2024-03-31 09:10:00,6,3,2,3,7,5,0,26
2024-03-31 09:20:00,2,7,12,3,7,3,0,34
2024-03-31 09:30:00,1,10,3,2,6,8,0,30
2024-03-31 09:40:00,3,6,7,5,6,8,0,35
2024-03-31 09:50:00,2,10,2,0,3,1,0,18
2024-03-31 10:00:00,3,7,8,3,6,6,0,33
2024-03-31 10:10:00,2,10,2,12,10,5,0,41
2024-03-31 10:20:00,3,8,5,7,8,3,0,34
2024-03-31 10:30:00,3,12,4,6,7,3,0,35
2024-03-31 10:40:00,3,9,9,3,13,10,0,47
2024-03-31 10:50:00,5,8,7,7,18,15,0,60
2024-03-31 11:00:00,6,10,2,8,7,8,0,41
2024-03-31 11:10:00,3,12,8,1,10,9,0,43
2024-03-31 11:20:00,5,13,5,6,8,5,0,42
2024-03-31 11:30:00,4,13,5,4,8,9,0,43
2024-03-31 11:40:00,1,9,7,22,10,11,0,60
2024-03-31 11:50:00,1,13,9,9,5,2,0,39
2024-03-31 12:00:00,8,15,8,12,9,9,0,61
2024-03-31 12:10:00,3,14,10,5,18,12,0,62
2024-03-31 12:20:00,3,18,10,11,11,7,0,60
2024-03-31 12:30:00,6,20,7,13,13,11,0,70
2024-03-31 12:40:00,4,12,9,6,19,8,0,58
2024-03-31 12:50:00,3,7,7,10,10,13,0,50
2024-03-31 13:00:00,6,21,10,8,9,4,0,58
2024-03-31 13:10:00,5,18,5,9,8,9,0,54
2024-03-31 13:20:00,3,14,6,10,14,14,0,61
2024-03-31 13:30:00,8,17,2,4,14,11,0,56
2024-03-31 13:40:00,6,20,5,13,22,63,0,129
2024-03-31 13:50:00,1,17,14,7,3,12,0,54
2024-03-31 14:00:00,0,11,14,7,15,7,0,54
2024-03-31 14:10:00,5,14,7,6,7,10,0,49
2024-03-31 14:20:00,3,18,8,10,7,15,0,61
2024-03-31 14:30:00,5,22,12,7,7,8,0,61
2024-03-31 14:40:00,6,15,3,3,8,11,0,46
2024-03-31 14:50:00,4,15,5,9,14,9,0,56
2024-03-31 15:00:00,6,18,5,5,7,7,0,48
2024-03-31 15:10:00,4,19,9,8,11,9,0,60
2024-03-31 15:20:00,5,12,13,6,16,7,0,59
2024-03-31 15:30:00,2,13,5,19,14,8,0,61
2024-03-31 15:40:00,3,17,9,15,11,18,0,73
2024-03-31 15:50:00,3,17,8,7,12,5,0,52
2024-03-31 16:00:00,3,13,9,3,14,9,0,51
2024-03-31 16:10:00,6,13,5,4,11,9,0,48
2024-03-31 16:20:00,5,22,5,8,9,8,0,57
2024-03-31 16:30:00,7,16,3,5,13,8,0,52
2024-03-31 16:40:00,5,22,4,8,14,10,0,63
2024-03-31 16:50:00,4,15,6,9,14,13,0,61
2024-03-31 17:00:00,4,15,5,7,12,12,0,55
2024-03-31 17:10:00,4,13,12,8,17,14,0,68
2024-03-31 17:20:00,1,19,6,8,8,9,0,51
2024-03-31 17:30:00,2,30,12,10,14,9,0,77
2024-03-31 17:40:00,4,20,10,6,17,14,0,71
2024-03-31 17:50:00,5,23,8,8,12,14,0,70
2024-03-31 18:00:00,2,24,12,3,9,10,0,60
2024-03-31 18:10:00,5,17,6,5,17,10,0,60
2024-03-31 18:20:00,4,16,13,7,13,14,0,67
2024-03-31 18:30:00,5,21,6,5,9,13,0,59
2024-03-31 18:40:00,4,18,7,4,10,9,0,52
2024-03-31 18:50:00,5,18,8,9,10,12,0,62
2024-03-31 19:00:00,5,20,8,4,15,11,0,63
2024-03-31 19:10:00,3,15,12,4,10,9,0,53
2024-03-31 19:20:00,8,20,7,6,10,13,0,64
2024-03-31 19:30:00,5,20,10,7,14,13,0,69
2024-03-31 19:40:00,8,27,53,6,17,10,0,121
2024-03-31 19:50:00,2,21,7,11,12,68,0,121
2024-03-31 20:00:00,5,12,10,4,10,7,0,48
2024-03-31 20:10:00,2,12,7,8,8,8,0,45
2024-03-31 20:20:00,4,12,5,8,7,8,0,44
2024-03-31 20:30:00,2,18,10,5,11,9,0,55
2024-03-31 20:40:00,6,16,4,8,12,9,0,55
2024-03-31 20:50:00,3,8,4,9,12,10,0,46
2024-03-31 21:00:00,5,14,7,8,18,11,0,63
2024-03-31 21:10:00,2,19,9,17,20,11,0,78
2024-03-31 21:20:00,3,14,8,10,16,16,0,67
2024-03-31 21:30:00,3,21,8,11,13,10,0,66
2024-03-31 21:40:00,2,12,2,7,8,12,0,43
2024-03-31 21:50:00,3,11,1,8,12,10,0,45
2024-03-31 22:00:00,2,19,6,10,15,9,0,61
2024-03-31 22:10:00,3,11,4,9,11,14,0,52
2024-03-31 22:20:00,2,52,4,6,14,9,0,87
2024-03-31 22:30:00,1,15,8,10,8,12,0,54
2024-03-31 22:40:00,2,9,4,2,5,7,0,29
2024-03-31 22:50:00,2,22,10,7,7,11,0,59
2024-03-31 23:00:00,2,22,4,6,5,6,0,45
2024-03-31 23:10:00,5,11,2,6,12,9,0,45
2024-03-31 23:20:00,4,17,3,4,8,7,0,43
2024-03-31 23:30:00,3,10,2,2,7,8,0,32
2024-03-31 23:40:00,2,9,2,6,5,8,0,32
2024-03-31 23:50:00,6,11,5,6,9,8,0,45
2024-04-01 00:00:00,1,9,3,6,7,11,0,37
2024-04-01 00:10:00,0,11,2,4,6,2,0,25
2024-04-01 00:20:00,3,10,2,1,4,7,0,27
2024-04-01 00:30:00,2,7,2,3,9,6,0,29
2024-04-01 00:40:00,2,8,6,2,3,2,0,23
2024-04-01 00:50:00,2,7,2,4,6,7,0,28
2024-04-01 01:00:00,5,9,4,2,3,3,0,26
2024-04-01 01:10:00,3,5,2,5,3,3,0,21
2024-04-01 01:20:00,4,9,4,1,2,2,0,22
2024-04-01 01:30:00,0,8,2,4,7,7,0,28
2024-04-01 01:40:00,0,3,1,1,1,3,0,9
2024-04-01 01:50:00,0,4,4,2,3,6,0,19
2024-04-01 02:00:00,1,5,3,1,1,2,0,13
2024-04-01 02:10:00,0,3,2,1,3,2,0,11
2024-04-01 02:20:00,0,4,3,3,3,5,0,18
2024-04-01 02:30:00,1,2,0,0,0,2,0,5
2024-04-01 02:40:00,0,8,3,1,3,4,0,19
2024-04-01 02:50:00,0,3,1,1,0,3,0,8
2024-04-01 03:00:00,1,4,2,1,1,2,0,11
2024-04-01 03:10:00,1,4,0,0,0,3,0,8
2024-04-01 03:20:00,0,5,1,1,2,1,0,10
2024-04-01 03:30:00,0,4,2,0,1,0,0,7
2024-04-01 03:40:00,0,2,2,0,1,3,0,8
2024-04-01 03:50:00,3,5,1,1,3,4,0,17
2024-04-01 04:00:00,2,0,0,6,7,1,0,16
2024-04-01 04:10:00,0,2,3,1,2,4,0,12
2024-04-01 04:20:00,1,5,3,0,2,1,0,12
2024-04-01 04:30:00,0,2,3,1,5,4,0,15
2024-04-01 04:40:00,1,3,0,2,2,3,0,11
2024-04-01 04:50:00,0,2,1,2,9,4,0,18
2024-04-01 05:00:00,2,5,2,2,2,4,0,17
2024-04-01 05:10:00,0,8,3,1,1,4,0,17
2024-04-01 05:20:00,0,3,1,2,6,1,0,13
2024-04-01 05:30:00,0,4,3,1,3,2,0,13
2024-04-01 05:40:00,3,7,6,3,6,3,0,28
2024-04-01 05:50:00,1,4,6,5,3,4,0,23
2024-04-01 06:00:00,3,8,4,6,7,3,0,31
2024-04-01 06:10:00,2,7,0,6,5,12,0,32
2024-04-01 06:20:00,2,5,3,1,4,10,0,25
2024-04-01 06:30:00,0,6,3,0,0,3,0,12
2024-04-01 06:40:00,0,2,3,0,4,3,0,12
2024-04-01 06:50:00,0,4,6,4,3,4,0,21
2024-04-01 07:00:00,1,3,2,0,2,1,0,9
2024-04-01 07:10:00,0,1,1,2,2,6,0,12
2024-04-01 07:20:00,0,1,1,1,2,2,0,7
2024-04-01 07:30:00,0,2,1,3,1,1,0,8
2024-04-01 07:40:00,0,4,1,0,2,2,0,9
2024-04-01 07:50:00,0,3,3,3,0,2,0,11
2024-04-01 08:00:00,2,3,2,0,1,3,0,11
2024-04-01 08:10:00,0,3,0,1,4,2,0,10
2024-04-01 08:20:00,1,3,1,0,2,2,0,9
2024-04-01 08:30:00,2,4,0,0,4,1,0,11
2024-04-01 08:40:00,3,1,1,2,3,4,0,14
2024-04-01 08:50:00,0,2,3,0,1,3,0,9
2024-04-01 09:00:00,2,6,2,2,3,5,0,20
2024-04-01 09:10:00,2,5,2,2,6,6,0,23
2024-04-01 09:20:00,1,1,2,5,6,3,0,18
2024-04-01 09:30:00,4,10,1,1,4,5,0,25
2024-04-01 09:40:00,3,7,2,5,5,6,0,28
2024-04-01 09:50:00,5,5,4,5,5,3,0,27
2024-04-01 10:00:00,2,7,4,2,5,5,0,25
2024-04-01 10:10:00,2,6,4,5,5,3,0,25
2024-04-01 10:20:00,2,7,1,4,5,8,0,27
2024-04-01 10:30:00,1,7,5,0,10,4,0,27
2024-04-01 10:40:00,3,10,4,3,5,5,0,30
2024-04-01 10:50:00,1,11,6,7,5,1,0,31
2024-04-01 11:00:00,1,9,3,8,5,2,0,28
2024-04-01 11:10:00,2,17,8,1,9,9,0,46
2024-04-01 11:20:00,3,11,3,3,9,5,0,34
2024-04-01 11:30:00,2,12,6,3,16,8,0,47
2024-04-01 11:40:00,2,7,5,6,7,10,0,37
2024-04-01 11:50:00,2,15,5,6,9,8,0,45
2024-04-01 12:00:00,3,14,9,5,11,10,0,52
2024-04-01 12:10:00,6,14,5,3,14,6,0,48
2024-04-01 12:20:00,2,18,11,10,23,10,0,74
2024-04-01 12:30:00,3,16,7,8,9,12,0,55
2024-04-01 12:40:00,5,13,8,6,17,8,0,57
2024-04-01 12:50:00,4,12,8,5,8,6,0,43
2024-04-01 13:00:00,6,13,3,8,9,12,0,51
2024-04-01 13:10:00,2,18,6,10,12,16,0,64
2024-04-01 13:20:00,2,19,8,14,8,10,0,61
2024-04-01 13:30:00,4,13,5,4,19,11,0,56
2024-04-01 13:40:00,4,17,5,7,24,9,0,66
2024-04-01 13:50:00,4,19,4,7,11,11,0,56
2024-04-01 14:00:00,4,14,5,9,9,8,0,49
2024-04-01 14:10:00,5,20,10,8,15,12,0,70
2024-04-01 14:20:00,8,21,7,10,25,14,0,85
2024-04-01 14:30:00,2,22,11,9,10,9,0,63
2024-04-01 14:40:00,6,17,6,9,9,11,0,58
2024-04-01 14:50:00,7,16,10,8,14,9,0,64
2024-04-01 15:00:00,7,18,3,9,11,8,0,56
2024-04-01 15:10:00,5,16,10,9,17,18,0,75
2024-04-01 15:20:00,5,23,7,8,17,9,0,69
2024-04-01 15:30:00,5,24,9,10,9,8,0,65
2024-04-01 15:40:00,5,21,10,11,12,14,0,73
2024-04-01 15:50:00,8,17,5,5,10,16,0,61
2024-04-01 16:00:00,7,24,7,9,15,10,0,72
2024-04-01 16:10:00,5,16,8,10,10,9,0,58
2024-04-01 16:20:00,7,27,9,10,7,9,0,69
2024-04-01 16:30:00,4,25,13,11,15,10,0,78
2024-04-01 16:40:00,7,22,8,12,19,17,0,85
2024-04-01 16:50:00,7,16,8,9,10,4,0,54
2024-04-01 17:00:00,6,17,15,12,21,11,0,82
2024-04-01 17:10:00,5,18,8,8,17,15,0,71
2024-04-01 17:20:00,8,17,10,6,15,9,0,65
2024-04-01 17:30:00,11,28,10,4,19,10,0,82
2024-04-01 17:40:00,6,17,9,14,9,11,0,66
2024-04-01 17:50:00,6,22,7,13,15,14,0,77
2024-04-01 18:00:00,6,18,6,9,12,9,0,60
2024-04-01 18:10:00,9,24,13,6,11,14,0,77
2024-04-01 18:20:00,12,26,7,14,11,10,0,80
2024-04-01 18:30:00,5,27,9,11,21,11,0,84
2024-04-01 18:40:00,5,17,6,8,8,10,0,54
2024-04-01 18:50:00,3,18,12,8,11,9,0,61
2024-04-01 19:00:00,7,14,6,13,14,11,0,65
2024-04-01 19:10:00,8,27,8,7,18,17,0,85
2024-04-01 19:20:00,5,16,22,10,19,8,0,80
2024-04-01 19:30:00,6,20,11,6,15,12,0,70
2024-04-01 19:40:00,4,17,5,9,15,14,0,64
2024-04-01 19:50:00,5,22,13,23,5,8,0,76
2024-04-01 20:00:00,3,17,8,7,12,11,0,58
2024-04-01 20:10:00,5,19,6,6,9,8,0,53
2024-04-01 20:20:00,6,17,6,3,13,12,0,57
2024-04-01 20:30:00,0,14,8,1,8,8,0,39
2024-04-01 20:40:00,4,15,4,8,5,6,0,42
2024-04-01 20:50:00,7,12,6,4,12,7,0,48
2024-04-01 21:00:00,3,12,6,7,14,5,0,47
2024-04-01 21:10:00,7,18,9,13,30,20,0,97
2024-04-01 21:20:00,5,22,13,32,21,11,0,104
2024-04-01 21:30:00,3,15,12,9,9,12,0,60
2024-04-01 21:40:00,3,8,8,10,7,11,0,47
2024-04-01 21:50:00,2,11,1,8,7,13,0,42
2024-04-01 22:00:00,3,9,4,5,11,9,0,41
2024-04-01 22:10:00,5,15,5,23,11,12,0,71
2024-04-01 22:20:00,2,13,4,3,29,10,0,61
2024-04-01 22:30:00,2,10,5,7,7,12,0,43
2024-04-01 22:40:00,12,8,2,6,6,7,0,41
2024-04-01 22:50:00,5,23,4,6,8,9,0,55
2024-04-01 23:00:00,5,25,4,9,5,6,0,54
2024-04-01 23:10:00,3,6,3,7,10,11,0,40
2024-04-01 23:20:00,3,9,3,4,6,7,0,32
2024-04-01 23:30:00,4,10,3,4,12,7,0,40
2024-04-01 23:40:00,1,7,6,7,9,5,0,35
2024-04-01 23:50:00,4,10,0,6,6,5,0,31
2024-04-02 00:00:00,0,5,4,5,6,6,0,26
2024-04-02 00:10:00,2,8,3,2,5,5,0,25
2024-04-02 00:20:00,4,4,2,0,8,8,0,26
2024-04-02 00:30:00,0,6,2,5,7,3,0,23
2024-04-02 00:40:00,1,4,0,0,1,2,0,8
2024-04-02 00:50:00,1,4,2,6,7,6,0,26
2024-04-02 01:00:00,0,4,2,1,1,2,0,10
2024-04-02 01:10:00,1,2,1,3,1,2,0,10
2024-04-02 01:20:00,0,4,1,4,1,2,0,12
2024-04-02 01:30:00,0,5,1,1,3,5,0,15
2024-04-02 01:40:00,0,8,3,0,3,3,0,17
2024-04-02 01:50:00,0,1,1,1,2,5,0,10
2024-04-02 02:00:00,1,1,2,1,4,1,0,10
2024-04-02 02:10:00,1,2,3,2,3,5,0,16
2024-04-02 02:20:00,3,3,1,2,3,2,0,14
2024-04-02 02:30:00,0,3,2,0,2,1,0,8
2024-04-02 02:40:00,1,2,2,0,1,3,0,9
2024-04-02 02:50:00,1,6,2,2,2,3,0,16
2024-04-02 03:00:00,0,0,0,1,1,2,0,4
2024-04-02 03:10:00,1,0,1,2,2,1,0,7
2024-04-02 03:20:00,2,2,2,0,1,1,0,8
2024-04-02 03:30:00,1,5,5,1,1,3,0,16
2024-04-02 03:40:00,0,2,0,1,4,4,0,11
2024-04-02 03:50:00,1,2,0,1,4,2,0,10
2024-04-02 04:00:00,0,3,1,3,4,2,0,13
2024-04-02 04:10:00,0,6,3,1,3,3,0,16
2024-04-02 04:20:00,1,2,0,2,2,3,0,10
2024-04-02 04:30:00,0,2,2,5,6,3,0,18
2024-04-02 04:40:00,1,8,1,3,2,3,0,18
2024-04-02 04:50:00,0,4,5,2,4,6,0,21
2024-04-02 05:00:00,1,6,3,7,9,4,0,30
2024-04-02 05:10:00,2,6,3,6,5,6,0,28
2024-04-02 05:20:00,1,4,4,7,12,9,0,37
2024-04-02 05:30:00,3,6,3,3,11,14,0,40
2024-04-02 05:40:00,6,13,10,11,19,12,0,71
2024-04-02 05:50:00,7,10,9,13,17,7,0,63
2024-04-02 06:00:00,0,20,8,4,17,16,0,65
2024-04-02 06:10:00,10,18,9,8,20,16,0,81
2024-04-02 06:20:00,5,12,22,11,21,12,0,83
2024-04-02 06:30:00,11,18,20,16,22,15,0,102
2024-04-02 06:40:00,13,16,21,16,16,10,0,92
2024-04-02 06:50:00,12,19,25,19,18,18,0,111
2024-04-02 07:00:00,13,21,14,19,19,12,0,98
2024-04-02 07:10:00,19,27,27,17,29,10,0,129
2024-04-02 07:20:00,24,26,18,17,25,17,0,127
2024-04-02 07:30:00,25,32,17,16,19,17,0,126
2024-04-02 07:40:00,26,29,16,19,23,15,0,128
2024-04-02 07:50:00,24,23,19,23,30,18,0,137
2024-04-02 08:00:00,19,27,22,12,19,20,0,119
2024-04-02 08:10:00,23,30,17,23,28,19,0,140
2024-04-02 08:20:00,20,19,27,12,24,16,0,118
2024-04-02 08:30:00,25,53,15,16,41,19,0,169
2024-04-02 08:40:00,19,29,16,13,32,11,0,120
2024-04-02 08:50:00,22,45,26,16,32,19,0,160
2024-04-02 09:00:00,22,24,17,10,19,20,0,112
2024-04-02 09:10:00,14,24,15,13,20,16,0,102
2024-04-02 09:20:00,11,35,20,18,21,18,0,123
2024-04-02 09:30:00,11,40,11,13,24,16,0,115
2024-04-02 09:40:00,11,30,16,17,29,28,0,131
2024-04-02 09:50:00,12,33,11,15,28,22,0,121
2024-04-02 10:00:00,12,35,14,16,27,23,0,127
2024-04-02 10:10:00,10,26,15,18,18,21,0,108
2024-04-02 10:20:00,5,38,13,20,22,14,0,112
2024-04-02 10:30:00,12,32,25,20,18,16,0,123
2024-04-02 10:40:00,18,34,15,28,20,19,0,134
2024-04-02 10:50:00,16,38,19,22,21,16,0,132
2024-04-02 11:00:00,11,40,10,19,19,17,0,116
2024-04-02 11:10:00,15,23,12,21,26,20,0,117
2024-04-02 11:20:00,12,38,16,14,22,26,0,128
2024-04-02 11:30:00,6,30,13,14,22,23,0,108
2024-04-02 11:40:00,15,39,11,17,28,19,0,129
2024-04-02 11:50:00,14,22,20,24,30,20,0,130
2024-04-02 12:00:00,11,31,10,15,24,21,0,112
2024-04-02 12:10:00,11,43,14,18,24,26,0,136
2024-04-02 12:20:00,18,42,21,26,21,23,0,151
2024-04-02 12:30:00,13,34,19,27,30,17,0,140
2024-04-02 12:40:00,7,40,19,16,25,25,0,132
2024-04-02 12:50:00,22,31,10,16,30,16,0,125
2024-04-02 13:00:00,12,34,13,20,26,26,0,131
2024-04-02 13:10:00,14,39,12,24,28,21,0,138
2024-04-02 13:20:00,10,43,14,14,21,30,0,132
2024-04-02 13:30:00,13,38,21,22,21,28,0,143
2024-04-02 13:40:00,17,35,10,21,30,15,0,128
2024-04-02 13:50:00,20,36,10,25,21,29,0,141
2024-04-02 14:00:00,15,42,10,21,25,20,0,133
2024-04-02 14:10:00,17,37,15,18,29,28,0,144
2024-04-02 14:20:00,22,51,29,32,25,31,0,190
2024-04-02 14:30:00,18,35,17,26,24,20,0,140
2024-04-02 14:40:00,20,52,17,25,28,24,0,166
2024-04-02 14:50:00,15,42,26,25,21,23,0,152
2024-04-02 15:00:00,26,45,15,22,28,29,0,165
2024-04-02 15:10:00,14,41,21,22,28,32,0,158
2024-04-02 15:20:00,18,55,7,30,36,24,0,170
2024-04-02 15:30:00,24,39,18,38,34,25,0,178
2024-04-02 15:40:00,24,49,18,23,30,29,0,173
2024-04-02 15:50:00,23,59,13,29,33,41,0,198
2024-04-02 16:00:00,22,33,24,24,27,18,0,148
2024-04-02 16:10:00,24,42,13,38,27,30,0,174
2024-04-02 16:20:00,24,46,27,34,19,27,0,177
2024-04-02 16:30:00,29,44,21,37,38,36,0,205
2024-04-02 16:40:00,33,52,16,33,43,22,0,199
2024-04-02 16:50:00,15,35,22,32,26,30,0,160
2024-04-02 17:00:00,19,40,21,33,30,19,0,162
2024-04-02 17:10:00,16,48,21,28,28,33,0,174
2024-04-02 17:20:00,11,44,24,34,24,73,0,210
2024-04-02 17:30:00,15,41,21,26,27,22,0,152
2024-04-02 17:40:00,28,36,15,32,14,15,0,140
2024-04-02 17:50:00,23,47,17,28,31,27,0,173
2024-04-02 18:00:00,13,43,20,22,18,20,0,136
2024-04-02 18:10:00,21,48,23,16,25,42,0,175
2024-04-02 18:20:00,19,38,16,14,43,17,0,147
2024-04-02 18:30:00,16,40,22,15,29,17,0,139
2024-04-02 18:40:00,8,34,14,18,18,13,0,105
2024-04-02 18:50:00,15,31,16,23,20,17,0,122
2024-04-02 19:00:00,13,33,12,16,18,17,0,109
2024-04-02 19:10:00,13,38,12,10,20,24,0,117
2024-04-02 19:20:00,19,43,128,44,23,12,0,269
2024-04-02 19:30:00,14,23,6,16,18,16,0,93
2024-04-02 19:40:00,17,26,14,14,11,18,0,100
2024-04-02 19:50:00,11,21,7,14,10,19,0,82
2024-04-02 20:00:00,14,27,18,13,14,10,0,96
2024-04-02 20:10:00,8,20,23,9,9,9,0,78
2024-04-02 20:20:00,9,20,14,10,12,9,0,74
2024-04-02 20:30:00,2,18,9,10,16,10,0,65
2024-04-02 20:40:00,8,15,16,8,45,7,0,99
2024-04-02 20:50:00,6,18,12,10,11,12,0,69
2024-04-02 21:00:00,1,26,7,10,9,17,0,70
2024-04-02 21:10:00,7,14,12,11,26,14,0,84
2024-04-02 21:20:00,4,23,10,9,19,4,0,69
2024-04-02 21:30:00,3,23,9,7,17,13,0,72
2024-04-02 21:40:00,6,14,6,6,9,7,0,48
2024-04-02 21:50:00,4,15,3,5,7,8,0,42
2024-04-02 22:00:00,7,16,5,11,13,10,0,62
2024-04-02 22:10:00,5,15,7,7,15,14,0,63
2024-04-02 22:20:00,1,21,3,10,9,8,0,52
2024-04-02 22:30:00,6,15,5,7,11,7,0,51
2024-04-02 22:40:00,8,13,9,6,9,6,0,51
2024-04-02 22:50:00,6,24,7,5,5,9,0,56
2024-04-02 23:00:00,6,17,4,8,12,9,0,56
2024-04-02 23:10:00,5,9,3,7,6,6,0,36
2024-04-02 23:20:00,0,10,2,2,4,6,0,24
2024-04-02 23:30:00,1,13,8,5,8,8,0,43
2024-04-02 23:40:00,3,7,3,3,5,3,0,24
2024-04-02 23:50:00,4,10,5,4,5,4,0,32
2024-04-03 00:00:00,3,8,1,1,6,6,0,25
2024-04-03 00:10:00,4,5,1,3,7,4,0,24
2024-04-03 00:20:00,2,7,3,4,8,6,0,30
2024-04-03 00:30:00,1,6,3,3,2,3,0,18
2024-04-03 00:40:00,1,4,3,1,8,6,0,23
2024-04-03 00:50:00,0,7,4,0,1,1,0,13
2024-04-03 01:00:00,1,4,0,1,3,1,0,10
2024-04-03 01:10:00,1,4,7,4,4,3,0,23
2024-04-03 01:20:00,0,2,2,3,4,2,0,13
2024-04-03 01:30:00,0,6,3,0,0,3,0,12
2024-04-03 01:40:00,1,2,1,2,1,1,0,8
2024-04-03 01:50:00,5,3,2,1,5,3,0,19
2024-04-03 02:00:00,2,4,0,1,1,8,0,16
2024-04-03 02:10:00,1,1,0,1,1,2,0,6
2024-04-03 02:20:00,2,3,1,2,2,3,0,13
2024-04-03 02:30:00,1,2,1,3,4,2,0,13
2024-04-03 02:40:00,0,4,1,3,2,3,0,13
2024-04-03 02:50:00,0,0,0,0,0,0,0,0
2024-04-03 03:00:00,1,2,0,0,0,1,0,4
2024-04-03 03:10:00,3,5,3,3,2,4,0,20
2024-04-03 03:20:00,1,7,3,2,4,3,0,20
2024-04-03 03:30:00,1,2,4,0,1,3,0,11
2024-04-03 03:40:00,3,1,1,3,1,1,0,10
2024-04-03 03:50:00,0,5,3,1,3,2,0,14
2024-04-03 04:00:00,2,3,4,1,3,1,0,14
2024-04-03 04:10:00,0,5,1,2,2,3,0,13
2024-04-03 04:20:00,3,1,2,2,1,5,0,14
2024-04-03 04:30:00,0,4,3,3,3,2,0,15
2024-04-03 04:40:00,0,5,6,1,2,6,0,20
2024-04-03 04:50:00,0,2,3,2,3,7,0,17
2024-04-03 05:00:00,1,6,5,3,4,6,0,25
2024-04-03 05:10:00,2,8,5,3,13,7,0,38
2024-04-03 05:20:00,4,8,8,4,9,7,0,40
2024-04-03 05:30:00,6,11,8,4,12,6,0,47
2024-04-03 05:40:00,5,12,11,7,11,13,0,59
2024-04-03 05:50:00,8,16,10,13,21,10,0,78
2024-04-03 06:00:00,3,22,14,8,21,9,0,77
2024-04-03 06:10:00,9,14,9,11,14,13,0,70
2024-04-03 06:20:00,16,10,16,11,20,19,0,92
2024-04-03 06:30:00,11,19,10,18,18,9,0,85
2024-04-03 06:40:00,19,20,16,11,24,18,0,108
2024-04-03 06:50:00,10,21,112,19,16,19,0,197
2024-04-03 07:00:00,14,16,12,18,22,11,0,93
2024-04-03 07:10:00,21,33,16,15,35,17,0,137
2024-04-03 07:20:00,25,27,25,19,17,14,0,127
2024-04-03 07:30:00,22,23,28,13,37,15,0,138
2024-04-03 07:40:00,30,35,24,16,28,16,0,149
2024-04-03 07:50:00,23,31,20,60,22,21,0,177
2024-04-03 08:00:00,31,21,19,14,21,19,0,125
2024-04-03 08:10:00,18,23,15,12,26,16,0,110
2024-04-03 08:20:00,24,28,17,11,23,12,0,115
2024-04-03 08:30:00,28,45,22,8,27,15,0,145
2024-04-03 08:40:00,18,23,26,15,28,18,0,128
2024-04-03 08:50:00,18,31,13,14,20,21,0,117
2024-04-03 09:00:00,17,56,16,13,22,19,0,143
2024-04-03 09:10:00,15,30,17,16,29,29,0,136
2024-04-03 09:20:00,13,27,18,14,25,14,0,111
2024-04-03 09:30:00,25,39,10,20,30,20,0,144
2024-04-03 09:40:00,9,29,16,18,18,27,0,117
2024-04-03 09:50:00,12,31,13,23,22,12,0,113
2024-04-03 10:00:00,13,24,13,14,18,18,0,100
2024-04-03 10:10:00,19,31,14,20,29,17,0,130
2024-04-03 10:20:00,10,35,12,17,27,25,0,126
2024-04-03 10:30:00,11,38,14,12,22,23,0,120
2024-04-03 10:40:00,20,42,21,20,24,25,0,152
2024-04-03 10:50:00,12,53,17,29,23,29,0,163
2024-04-03 11:00:00,17,28,6,14,31,14,0,110
2024-04-03 11:10:00,17,32,11,17,22,23,0,122
2024-04-03 11:20:00,12,30,18,17,17,18,0,112
2024-04-03 11:30:00,16,32,13,82,25,33,0,201
2024-04-03 11:40:00,12,40,12,20,16,19,0,119
2024-04-03 11:50:00,12,30,13,19,25,21,0,120
2024-04-03 12:00:00,12,37,22,21,21,22,0,135
2024-04-03 12:10:00,17,37,16,24,25,26,0,145
2024-04-03 12:20:00,14,28,48,17,19,21,0,147
2024-04-03 12:30:00,11,33,15,12,17,17,0,105
2024-04-03 12:40:00,20,31,17,19,29,20,0,136
2024-04-03 12:50:00,20,33,15,17,27,31,0,143
2024-04-03 13:00:00,14,31,15,15,16,9,0,100
2024-04-03 13:10:00,10,30,18,22,20,16,0,116
2024-04-03 13:20:00,14,33,27,29,28,19,0,150
2024-04-03 13:30:00,12,39,24,21,20,23,0,139
2024-04-03 13:40:00,13,27,21,17,23,13,0,114
2024-04-03 13:50:00,20,29,12,26,17,20,0,124
2024-04-03 14:00:00,14,31,11,22,33,17,0,128
2024-04-03 14:10:00,14,37,15,31,28,14,0,139
2024-04-03 14:20:00,15,42,13,35,22,28,0,155
2024-04-03 14:30:00,17,33,17,24,32,31,0,154
2024-04-03 14:40:00,16,45,21,27,24,26,0,159
2024-04-03 14:50:00,22,47,20,26,22,35,0,172
2024-04-03 15:00:00,11,35,25,70,24,22,0,187
2024-04-03 15:10:00,19,39,30,27,27,18,0,160
2024-04-03 15:20:00,32,36,14,23,20,26,0,151
2024-04-03 15:30:00,22,44,22,37,24,30,0,179
2024-04-03 15:40:00,22,41,27,92,28,28,0,238
2024-04-03 15:50:00,22,40,12,39,23,21,0,157
2024-04-03 16:00:00,23,39,16,27,16,26,0,147
2024-04-03 16:10:00,18,40,13,43,24,25,0,163
2024-04-03 16:20:00,31,49,24,84,23,27,0,238
2024-04-03 16:30:00,28,67,18,36,27,27,0,203
2024-04-03 16:40:00,26,47,24,43,26,28,0,194
2024-04-03 16:50:00,23,50,20,32,26,24,0,175
2024-04-03 17:00:00,26,43,21,26,38,32,0,186
2024-04-03 17:10:00,32,40,24,33,26,29,0,184
2024-04-03 17:20:00,22,45,18,25,42,19,0,171
2024-04-03 17:30:00,33,39,28,36,36,20,0,192
2024-04-03 17:40:00,27,46,17,38,23,21,0,172
2024-04-03 17:50:00,28,46,17,20,23,21,0,155
2024-04-03 18:00:00,19,36,100,20,18,31,0,224
2024-04-03 18:10:00,17,39,20,23,22,18,0,139
2024-04-03 18:20:00,11,44,19,25,30,17,0,146
2024-04-03 18:30:00,19,36,21,19,20,16,0,131
2024-04-03 18:40:00,15,39,26,31,18,23,0,152
2024-04-03 18:50:00,15,40,16,21,22,16,0,130
2024-04-03 19:00:00,20,32,16,20,22,19,0,129
2024-04-03 19:10:00,13,26,11,16,13,12,0,91
2024-04-03 19:20:00,16,28,25,15,17,13,0,114
2024-04-03 19:30:00,11,36,14,10,19,14,0,104
2024-04-03 19:40:00,13,25,10,11,15,17,0,91
2024-04-03 19:50:00,7,29,13,12,15,12,0,88
2024-04-03 20:00:00,9,30,7,10,11,18,0,85
2024-04-03 20:10:00,10,20,12,11,12,18,0,83
2024-04-03 20:20:00,10,15,11,12,5,10,0,63
2024-04-03 20:30:00,9,19,8,5,10,4,0,55
2024-04-03 20:40:00,4,22,11,10,13,13,0,73
2024-04-03 20:50:00,7,19,6,9,14,23,0,78
2024-04-03 21:00:00,9,12,3,7,8,15,0,54
2024-04-03 21:10:00,9,12,10,11,13,12,0,67
2024-04-03 21:20:00,8,24,12,18,26,11,0,99
2024-04-03 21:30:00,4,11,11,10,20,11,0,67
2024-04-03 21:40:00,5,15,3,9,8,8,0,48
2024-04-03 21:50:00,5,13,7,7,6,6,0,44
2024-04-03 22:00:00,7,18,6,10,10,12,0,63
2024-04-03 22:10:00,7,13,5,7,13,12,0,57
2024-04-03 22:20:00,4,15,47,9,13,8,0,96
2024-04-03 22:30:00,2,14,6,6,8,12,0,48
2024-04-03 22:40:00,4,18,7,7,12,8,0,56
2024-04-03 22:50:00,4,25,8,6,11,6,0,60
2024-04-03 23:00:00,4,10,2,7,11,8,0,42
2024-04-03 23:10:00,4,14,7,5,6,9,0,45
2024-04-03 23:20:00,4,13,2,5,3,4,0,31
2024-04-03 23:30:00,3,4,1,8,4,7,0,27
2024-04-03 23:40:00,5,8,5,5,7,2,0,32
2024-04-03 23:50:00,5,7,1,5,6,2,0,26
2024-04-04 00:00:00,0,9,6,1,6,6,0,28
2024-04-04 00:10:00,4,8,8,2,2,6,0,30
2024-04-04 00:20:00,3,6,5,1,5,5,0,25
2024-04-04 00:30:00,0,5,0,2,3,4,0,14
2024-04-04 00:40:00,1,4,3,2,4,2,0,16
2024-04-04 00:50:00,0,3,2,1,3,4,0,13
2024-04-04 01:00:00,1,4,3,0,1,1,0,10
2024-04-04 01:10:00,2,0,1,4,3,2,0,12
2024-04-04 01:20:00,1,4,2,0,0,3,0,10
2024-04-04 01:30:00,0,3,2,2,3,4,0,14
2024-04-04 01:40:00,0,4,3,1,1,4,0,13
2024-04-04 01:50:00,0,2,2,2,5,2,0,13
2024-04-04 02:00:00,0,5,3,2,3,3,0,16
2024-04-04 02:10:00,1,0,1,2,2,2,0,8
2024-04-04 02:20:00,0,3,0,1,3,4,0,11
2024-04-04 02:30:00,0,1,3,3,5,5,0,17
2024-04-04 02:40:00,2,5,4,2,1,5,0,19
2024-04-04 02:50:00,2,4,3,1,1,6,0,17
2024-04-04 03:00:00,4,1,0,4,2,2,0,13
2024-04-04 03:10:00,0,0,0,1,1,5,0,7
2024-04-04 03:20:00,1,2,5,0,1,3,0,12
2024-04-04 03:30:00,0,3,0,1,2,2,0,8
2024-04-04 03:40:00,0,3,0,2,2,3,0,10
2024-04-04 03:50:00,3,1,1,2,8,4,0,19
2024-04-04 04:00:00,2,1,3,2,3,3,0,14
2024-04-04 04:10:00,1,4,2,3,0,5,0,15
2024-04-04 04:20:00,1,1,6,35,0,3,0,46
2024-04-04 04:30:00,0,3,2,1,5,4,0,15
2024-04-04 04:40:00,2,6,3,1,4,2,0,18
2024-04-04 04:50:00,0,3,0,4,4,3,0,14
2024-04-04 05:00:00,2,5,3,2,1,6,0,19
2024-04-04 05:10:00,1,11,87,4,6,7,0,116
2024-04-04 05:20:00,2,12,4,4,7,6,0,35
2024-04-04 05:30:00,7,8,14,3,14,15,0,61
2024-04-04 05:40:00,6,13,8,9,14,19,0,69
2024-04-04 05:50:00,6,19,15,8,13,11,0,72
2024-04-04 06:00:00,5,17,15,12,17,14,0,80
2024-04-04 06:10:00,9,18,17,8,12,16,0,80
2024-04-04 06:20:00,5,23,12,10,23,15,0,88
2024-04-04 06:30:00,10,15,13,15,17,15,0,85
2024-04-04 06:40:00,16,10,19,18,23,14,0,100
2024-04-04 06:50:00,11,17,14,18,20,23,0,103
2024-04-04 07:00:00,18,15,5,24,15,18,0,95
2024-04-04 07:10:00,17,31,19,18,29,13,0,127
2024-04-04 07:20:00,21,25,19,11,35,18,0,129
2024-04-04 07:30:00,26,31,20,22,22,15,0,136
2024-04-04 07:40:00,24,28,59,16,19,22,0,168
2024-04-04 07:50:00,21,32,32,15,23,27,0,150
2024-04-04 08:00:00,21,31,9,19,26,12,0,118
2024-04-04 08:10:00,12,20,17,16,30,28,0,123
2024-04-04 08:20:00,17,27,16,13,14,19,0,106
2024-04-04 08:30:00,20,21,25,11,20,14,0,111
2024-04-04 08:40:00,25,25,18,13,19,14,0,114
2024-04-04 08:50:00,26,38,23,12,29,11,0,139
2024-04-04 09:00:00,11,31,21,15,29,14,0,121
2024-04-04 09:10:00,15,26,19,17,13,9,0,99
2024-04-04 09:20:00,18,27,26,21,14,15,0,121
2024-04-04 09:30:00,18,25,13,17,22,10,0,105
2024-04-04 09:40:00,13,33,11,18,19,12,0,106
2024-04-04 09:50:00,13,36,24,33,25,19,0,150
2024-04-04 10:00:00,15,24,7,23,28,19,0,116
2024-04-04 10:10:00,10,30,9,13,19,21,0,102
2024-04-04 10:20:00,12,26,10,14,24,16,0,102
2024-04-04 10:30:00,13,33,20,15,15,15,0,111
2024-04-04 10:40:00,16,27,12,14,16,28,0,113
2024-04-04 10:50:00,12,31,14,15,28,18,0,118
2024-04-04 11:00:00,7,36,21,28,29,14,0,135
2024-04-04 11:10:00,18,36,12,21,27,14,0,128
2024-04-04 11:20:00,14,39,21,16,27,28,0,145
2024-04-04 11:30:00,13,31,10,16,25,25,0,120
2024-04-04 11:40:00,18,25,13,16,32,14,0,118
2024-04-04 11:50:00,12,40,22,15,17,19,0,125
2024-04-04 12:00:00,15,32,22,15,26,22,0,132
2024-04-04 12:10:00,23,32,9,23,22,20,0,129
2024-04-04 12:20:00,10,36,15,23,17,23,0,124
2024-04-04 12:30:00,14,46,15,21,23,16,0,135
2024-04-04 12:40:00,9,32,12,21,22,25,0,121
2024-04-04 12:50:00,16,37,21,20,26,22,0,142
2024-04-04 13:00:00,19,35,17,20,26,18,0,135
2024-04-04 13:10:00,16,36,29,48,22,21,0,172
2024-04-04 13:20:00,14,40,23,20,23,37,0,157
2024-04-04 13:30:00,17,42,17,21,29,24,0,150
2024-04-04 13:40:00,23,43,16,22,25,19,0,148
2024-04-04 13:50:00,17,34,11,94,27,20,0,203
2024-04-04 14:00:00,14,39,19,25,21,25,0,143
2024-04-04 14:10:00,18,35,18,22,21,17,0,131
2024-04-04 14:20:00,23,35,12,25,30,22,0,147
2024-04-04 14:30:00,21,40,19,28,28,24,0,160
2024-04-04 14:40:00,23,49,20,27,34,17,0,170
2024-04-04 14:50:00,19,56,29,25,23,31,0,183
2024-04-04 15:00:00,16,55,16,27,30,21,0,165
2024-04-04 15:10:00,19,41,17,35,24,31,0,167
2024-04-04 15:20:00,21,40,22,58,35,30,0,206
2024-04-04 15:30:00,29,45,18,30,33,29,0,184
2024-04-04 15:40:00,18,48,22,27,26,21,0,162
2024-04-04 15:50:00,17,54,25,27,27,24,0,174
2024-04-04 16:00:00,36,48,22,61,27,27,0,221
2024-04-04 16:10:00,29,40,27,30,27,20,0,173
2024-04-04 16:20:00,25,46,25,34,20,23,0,173
2024-04-04 16:30:00,23,45,16,34,25,27,0,170
2024-04-04 16:40:00,26,36,24,22,33,21,0,162
2024-04-04 16:50:00,25,42,109,33,23,27,0,259
2024-04-04 17:00:00,35,45,20,25,22,27,0,174
2024-04-04 17:10:00,27,42,21,25,35,37,0,187
2024-04-04 17:20:00,36,49,36,26,21,18,0,186
2024-04-04 17:30:00,24,34,18,20,28,19,0,143
2024-04-04 17:40:00,28,36,26,44,25,19,0,178
2024-04-04 17:50:00,40,45,35,30,23,29,0,202
2024-04-04 18:00:00,20,35,27,23,20,19,0,144
2024-04-04 18:10:00,16,31,15,23,31,29,0,145
2024-04-04 18:20:00,21,36,33,24,34,22,0,170
2024-04-04 18:30:00,26,46,14,22,21,11,0,140
2024-04-04 18:40:00,12,35,18,22,26,16,0,129
2024-04-04 18:50:00,17,26,11,18,23,22,0,117
2024-04-04 19:00:00,16,42,15,16,21,22,0,132
2024-04-04 19:10:00,11,32,15,13,17,10,0,98
2024-04-04 19:20:00,29,31,18,11,21,22,0,132
2024-04-04 19:30:00,15,30,15,10,24,15,0,109
2024-04-04 19:40:00,43,26,11,7,15,20,0,122
2024-04-04 19:50:00,15,29,6,15,13,13,0,91
2024-04-04 20:00:00,10,23,8,15,8,8,0,72
2024-04-04 20:10:00,9,22,12,5,13,10,0,71
2024-04-04 20:20:00,6,21,12,8,10,7,0,64
2024-04-04 20:30:00,9,28,10,12,18,11,0,88
2024-04-04 20:40:00,6,16,9,8,17,45,0,101
2024-04-04 20:50:00,12,17,5,8,12,8,0,62
2024-04-04 21:00:00,5,15,12,9,11,10,0,62
2024-04-04 21:10:00,7,19,9,13,25,16,0,89
2024-04-04 21:20:00,9,18,18,12,20,9,0,86
2024-04-04 21:30:00,2,16,7,14,18,10,0,67
2024-04-04 21:40:00,4,15,13,9,12,13,0,66
2024-04-04 21:50:00,7,15,4,15,7,11,0,59
2024-04-04 22:00:00,9,9,7,10,9,15,0,59
2024-04-04 22:10:00,5,20,7,9,14,9,0,64
2024-04-04 22:20:00,5,17,8,7,14,12,0,63
2024-04-04 22:30:00,7,9,10,4,6,12,0,48
2024-04-04 22:40:00,6,30,6,3,12,15,0,72
2024-04-04 22:50:00,2,26,5,7,3,8,0,51
2024-04-04 23:00:00,9,11,5,13,9,8,0,55
2024-04-04 23:10:00,9,9,4,7,12,11,0,52
2024-04-04 23:20:00,2,14,9,7,3,11,0,46
2024-04-04 23:30:00,7,8,6,8,14,9,0,52
2024-04-04 23:40:00,6,9,4,8,7,12,0,46
2024-04-04 23:50:00,2,8,1,4,3,4,0,22
2024-04-05 00:00:00,2,10,3,2,1,5,0,23
2024-04-05 00:10:00,2,6,6,2,5,5,0,26
2024-04-05 00:20:00,3,7,3,2,3,7,0,25
2024-04-05 00:30:00,1,9,2,3,3,2,0,20
2024-04-05 00:40:00,1,7,1,1,0,5,0,15
2024-04-05 00:50:00,0,5,3,5,4,2,0,19
2024-04-05 01:00:00,0,4,1,0,3,0,0,8
2024-04-05 01:10:00,4,4,2,3,4,5,0,22
2024-04-05 01:20:00,0,3,3,9,4,3,0,22
2024-04-05 01:30:00,0,4,3,2,3,2,0,14
2024-04-05 01:40:00,2,5,3,4,5,5,0,24
2024-04-05 01:50:00,0,3,3,1,2,2,0,11
2024-04-05 02:00:00,0,0,0,0,0,0,0,0
