datetime,D51Z,D52Z,V51Z,D111Z,V111Z,D112Z,Total
2024-03-01 01:00:00,3,3,2,5,7,3,23
2024-03-01 01:10:00,4,4,6,3,1,3,21
2024-03-01 01:20:00,4,6,3,9,8,9,39
2024-03-01 01:30:00,5,5,4,2,1,1,18
2024-03-01 01:40:00,3,2,3,4,7,4,23
2024-03-01 01:50:00,2,1,1,3,3,3,13
2024-03-01 02:00:00,2,2,2,1,1,1,9
2024-03-01 02:10:00,3,3,3,3,3,2,17
2024-03-01 02:20:00,5,4,5,2,2,2,20
2024-03-01 02:30:00,3,3,2,3,3,3,17
2024-03-01 02:40:00,5,5,6,0,0,0,16
2024-03-01 02:50:00,3,3,3,1,1,1,12
2024-03-01 03:00:00,3,3,4,0,1,2,13
2024-03-01 03:10:00,0,1,1,1,1,1,5
2024-03-01 03:20:00,2,1,1,3,5,3,15
2024-03-01 03:30:00,3,3,4,1,1,1,13
2024-03-01 03:40:00,5,5,5,9,10,8,42
2024-03-01 03:50:00,2,1,1,3,3,4,14
2024-03-01 04:00:00,5,5,4,4,4,3,25
2024-03-01 04:10:00,5,4,5,7,8,6,35
2024-03-01 04:20:00,5,5,4,9,9,7,39
2024-03-01 04:30:00,2,2,1,10,7,10,32
2024-03-01 04:40:00,2,2,2,1,1,1,9
2024-03-01 04:50:00,4,3,2,5,4,5,23
2024-03-01 05:00:00,5,5,8,9,12,10,49
2024-03-01 05:10:00,11,10,4,14,15,14,68
2024-03-01 05:20:00,7,6,8,22,21,21,85
2024-03-01 05:30:00,18,16,11,26,30,26,127
2024-03-01 05:40:00,18,18,9,44,29,39,157
2024-03-01 05:50:00,15,14,13,37,34,37,150
2024-03-01 06:00:00,16,17,11,44,27,42,157
2024-03-01 06:10:00,26,24,24,46,39,48,207
2024-03-01 06:20:00,18,16,16,52,35,52,189
2024-03-01 06:30:00,20,22,19,52,39,58,210
2024-03-01 06:40:00,34,36,25,60,39,59,253
2024-03-01 06:50:00,21,20,22,50,44,50,207
2024-03-01 07:00:00,26,26,16,81,26,86,261
2024-03-01 07:10:00,34,32,24,78,34,75,277
2024-03-01 07:20:00,37,37,28,69,29,70,270
2024-03-01 07:30:00,37,38,24,95,33,94,321
2024-03-01 07:40:00,53,55,31,80,30,79,328
2024-03-01 07:50:00,45,46,33,68,42,67,301
2024-03-01 08:00:00,43,43,25,57,29,55,252
2024-03-01 08:10:00,33,36,19,60,31,61,240
2024-03-01 08:20:00,39,36,23,67,41,62,268
2024-03-01 08:30:00,44,48,28,63,39,59,281
2024-03-01 08:40:00,43,45,24,51,26,51,240
2024-03-01 08:50:00,32,35,29,61,45,69,271
2024-03-01 09:00:00,42,42,23,47,30,40,224
2024-03-01 09:10:00,42,44,31,48,28,43,236
2024-03-01 09:20:00,29,34,21,52,39,55,230
2024-03-01 09:30:00,54,58,36,41,23,40,252
2024-03-01 09:40:00,49,45,23,53,31,55,256
2024-03-01 09:50:00,45,48,27,59,40,59,278
2024-03-01 10:00:00,47,44,22,63,40,60,276
2024-03-01 10:10:00,37,39,30,53,32,53,244
2024-03-01 10:20:00,47,50,27,40,28,41,233
2024-03-01 10:30:00,47,45,34,45,26,45,242
2024-03-01 10:40:00,38,45,27,57,31,51,249
2024-03-01 10:50:00,47,45,22,52,26,55,247
2024-03-01 11:00:00,41,42,25,60,39,57,264
2024-03-01 11:10:00,39,46,32,45,22,46,230
2024-03-01 11:20:00,58,47,23,44,39,42,253
2024-03-01 11:30:00,46,45,30,52,35,58,266
2024-03-01 11:40:00,56,52,34,67,42,64,315
2024-03-01 11:50:00,58,62,28,45,27,41,261
2024-03-01 12:00:00,61,67,33,42,27,39,269
2024-03-01 12:10:00,77,70,38,54,38,53,330
2024-03-01 12:20:00,86,87,40,60,28,58,359
2024-03-01 12:30:00,72,76,35,54,35,60,332
2024-03-01 12:40:00,68,70,39,65,34,60,336
2024-03-01 12:50:00,60,61,37,50,31,45,284
2024-03-01 13:00:00,68,71,43,54,32,54,322
2024-03-01 13:10:00,45,46,24,28,20,28,191
2024-03-01 13:20:00,76,79,43,56,32,58,344
2024-03-01 13:30:00,68,77,44,55,37,49,330
2024-03-01 13:40:00,65,64,33,65,39,65,331
2024-03-01 13:50:00,53,51,36,53,33,49,275
2024-03-01 14:00:00,64,67,36,56,40,57,320
2024-03-01 14:10:00,74,74,29,51,33,47,308
2024-03-01 14:20:00,68,69,32,50,35,49,303
2024-03-01 14:30:00,65,70,39,63,27,61,325
2024-03-01 14:40:00,79,73,32,69,34,70,357
2024-03-01 14:50:00,70,72,41,44,32,49,308
2024-03-01 15:00:00,73,75,40,55,37,53,333
2024-03-01 15:10:00,71,76,38,58,37,57,337
2024-03-01 15:20:00,63,61,39,37,29,39,268
2024-03-01 15:30:00,68,67,34,50,40,51,310
2024-03-01 15:40:00,55,53,36,60,39,55,298
2024-03-01 15:50:00,55,58,25,35,26,32,231
2024-03-01 16:00:00,54,54,28,48,31,51,266
2024-03-01 16:10:00,61,63,38,41,26,37,266
2024-03-01 16:20:00,52,51,33,40,33,38,247
2024-03-01 16:30:00,85,87,39,46,28,46,331
2024-03-01 16:40:00,60,65,31,61,31,60,308
2024-03-01 16:50:00,68,63,37,55,42,54,319
2024-03-01 17:00:00,63,69,34,54,32,50,302
2024-03-01 17:10:00,60,62,37,68,36,69,332
2024-03-01 17:20:00,46,48,28,55,26,55,258
2024-03-01 17:30:00,56,57,30,51,35,53,282
2024-03-01 17:40:00,59,56,38,58,36,55,302
2024-03-01 17:50:00,65,63,26,61,35,55,305
2024-03-01 18:00:00,39,43,21,46,26,46,221
2024-03-01 18:10:00,57,55,32,57,31,51,283
2024-03-01 18:20:00,45,44,32,47,38,45,251
2024-03-01 18:30:00,53,55,31,38,39,38,254
2024-03-01 18:40:00,55,57,23,40,46,41,262
2024-03-01 18:50:00,50,45,24,42,36,42,239
2024-03-01 19:00:00,49,48,26,42,32,43,240
2024-03-01 19:10:00,45,49,19,45,39,41,238
2024-03-01 19:20:00,31,29,26,50,36,51,223
2024-03-01 19:30:00,44,46,29,38,35,36,228
2024-03-01 19:40:00,34,31,23,32,30,33,183
2024-03-01 19:50:00,38,36,32,30,30,30,196
2024-03-01 20:00:00,35,39,29,31,36,29,199
2024-03-01 20:10:00,24,24,19,25,26,22,140
2024-03-01 20:20:00,48,46,37,30,29,28,218
2024-03-01 20:30:00,32,38,24,37,32,37,200
2024-03-01 20:40:00,27,31,26,20,21,20,145
2024-03-01 20:50:00,24,25,22,26,20,26,143
2024-03-01 21:00:00,18,19,13,29,30,26,135
2024-03-01 21:10:00,23,21,15,23,24,24,130
2024-03-01 21:20:00,29,29,21,19,17,15,130
2024-03-01 21:30:00,34,32,25,27,21,24,163
2024-03-01 21:40:00,22,24,22,13,11,11,103
2024-03-01 21:50:00,32,33,21,23,22,22,153
2024-03-01 22:00:00,24,25,19,17,20,16,121
2024-03-01 22:10:00,24,22,25,14,9,10,104
2024-03-01 22:20:00,25,24,18,25,31,25,148
2024-03-01 22:30:00,19,19,15,17,16,15,101
2024-03-01 22:40:00,18,19,18,13,16,13,97
2024-03-01 22:50:00,25,23,24,14,15,11,112
2024-03-01 23:00:00,20,21,18,10,8,8,85
2024-03-01 23:10:00,17,17,14,12,14,11,85
2024-03-01 23:20:00,26,35,22,20,15,17,135
2024-03-01 23:30:00,39,32,25,15,17,16,144
2024-03-01 23:40:00,23,23,19,11,14,10,100
2024-03-01 23:50:00,20,19,20,10,12,12,93
2024-03-02 00:00:00,19,17,14,11,10,12,83
2024-03-02 00:10:00,10,11,8,14,14,12,69
2024-03-02 00:20:00,13,15,15,9,6,8,66
2024-03-02 00:30:00,17,15,14,8,9,10,73
2024-03-02 00:40:00,6,6,4,6,6,5,33
2024-03-02 00:50:00,10,12,8,5,4,4,43
2024-03-02 01:00:00,8,7,7,10,8,11,51
2024-03-02 01:10:00,7,7,8,3,6,3,34
2024-03-02 01:20:00,7,7,8,2,2,4,30
2024-03-02 01:30:00,9,10,11,4,3,3,40
2024-03-02 01:40:00,6,5,5,5,6,5,32
2024-03-02 01:50:00,2,2,2,4,5,4,19
2024-03-02 02:00:00,4,2,2,1,1,1,11
2024-03-02 02:10:00,6,6,8,2,1,2,25
2024-03-02 02:20:00,7,7,8,6,4,5,37
2024-03-02 02:30:00,10,11,8,3,7,3,42
2024-03-02 02:40:00,4,4,3,1,3,1,16
2024-03-02 02:50:00,6,5,5,4,2,3,25
2024-03-02 03:00:00,4,4,4,5,5,3,25
2024-03-02 03:10:00,3,3,3,2,4,3,18
2024-03-02 03:20:00,5,5,4,7,7,6,34
2024-03-02 03:30:00,4,3,3,4,4,4,22
2024-03-02 03:40:00,4,4,3,3,3,2,19
2024-03-02 03:50:00,2,2,2,4,4,3,17
2024-03-02 04:00:00,2,3,3,2,3,2,15
2024-03-02 04:10:00,1,1,1,2,4,3,12
2024-03-02 04:20:00,4,3,4,8,8,7,34
2024-03-02 04:30:00,7,7,7,8,6,6,41
2024-03-02 04:40:00,8,9,9,5,6,5,42
2024-03-02 04:50:00,6,5,6,3,4,3,27
2024-03-02 05:00:00,3,5,2,7,6,4,27
2024-03-02 05:10:00,6,7,7,4,7,4,35
2024-03-02 05:20:00,3,3,5,8,10,8,37
2024-03-02 05:30:00,10,10,10,15,17,14,76
2024-03-02 05:40:00,10,10,9,10,10,9,58
2024-03-02 05:50:00,8,9,4,11,14,11,57
2024-03-02 06:00:00,8,7,7,9,11,7,49
2024-03-02 06:10:00,11,8,4,12,12,13,60
2024-03-02 06:20:00,11,5,5,10,12,9,52
2024-03-02 06:30:00,12,11,11,14,15,16,79
2024-03-02 06:40:00,13,14,14,10,10,10,71
2024-03-02 06:50:00,11,11,6,9,6,7,50
2024-03-02 07:00:00,10,8,8,11,10,11,58
2024-03-02 07:10:00,12,14,9,11,10,11,67
2024-03-02 07:20:00,10,9,6,12,11,10,58
2024-03-02 07:30:00,19,17,14,16,16,15,97
2024-03-02 07:40:00,15,11,7,26,21,29,109
2024-03-02 07:50:00,13,16,13,17,12,15,86
2024-03-02 08:00:00,12,10,9,15,14,15,75
2024-03-02 08:10:00,15,17,11,24,19,25,111
2024-03-02 08:20:00,10,13,10,13,12,12,70
2024-03-02 08:30:00,16,16,12,29,20,31,124
2024-03-02 08:40:00,34,33,27,31,22,28,175
2024-03-02 08:50:00,21,26,16,23,22,24,132
2024-03-02 09:00:00,18,17,18,28,24,29,134
2024-03-02 09:10:00,27,29,21,26,22,30,155
2024-03-02 09:20:00,28,26,23,39,28,35,179
2024-03-02 09:30:00,23,24,21,36,33,35,172
2024-03-02 09:40:00,32,28,20,37,24,32,173
2024-03-02 09:50:00,38,39,22,42,30,44,215
2024-03-02 10:00:00,23,23,21,39,24,40,170
2024-03-02 10:10:00,28,24,18,35,27,39,171
2024-03-02 10:20:00,36,35,27,35,28,33,194
2024-03-02 10:30:00,19,20,18,29,30,31,147
2024-03-02 10:40:00,30,28,23,38,24,36,179
2024-03-02 10:50:00,42,40,27,47,32,48,236
2024-03-02 11:00:00,43,44,29,34,24,34,208
2024-03-02 11:10:00,32,29,23,47,28,44,203
2024-03-02 11:20:00,46,47,31,43,32,42,241
2024-03-02 11:30:00,44,46,32,47,32,44,245
2024-03-02 11:40:00,41,38,23,46,34,47,229
2024-03-02 11:50:00,31,32,23,35,29,36,186
2024-03-02 12:00:00,42,40,24,44,26,47,223
2024-03-02 12:10:00,63,63,39,49,33,45,292
2024-03-02 12:20:00,43,44,29,49,33,46,244
2024-03-02 12:30:00,41,34,22,36,29,38,200
2024-03-02 12:40:00,61,61,38,50,41,51,302
2024-03-02 12:50:00,50,52,31,55,33,54,275
2024-03-02 13:00:00,46,45,29,52,33,49,254
2024-03-02 13:10:00,45,46,28,45,29,47,240
2024-03-02 13:20:00,54,52,36,45,31,44,262
2024-03-02 13:30:00,52,53,28,49,29,50,261
2024-03-02 13:40:00,43,45,32,61,44,56,281
2024-03-02 13:50:00,41,42,31,48,32,47,241
2024-03-02 14:00:00,44,43,30,57,32,53,259
2024-03-02 14:10:00,70,67,35,47,28,50,297
2024-03-02 14:20:00,51,54,36,45,34,44,264
2024-03-02 14:30:00,53,51,27,45,24,45,245
2024-03-02 14:40:00,36,39,23,44,33,43,218
2024-03-02 14:50:00,42,40,23,36,23,36,200
2024-03-02 15:00:00,52,52,29,53,37,52,275
2024-03-02 15:10:00,39,42,22,47,26,47,223
2024-03-02 15:20:00,39,39,26,33,23,31,191
2024-03-02 15:30:00,50,57,38,40,26,41,252
2024-03-02 15:40:00,45,49,32,38,30,34,228
2024-03-02 15:50:00,37,36,18,30,23,27,171
2024-03-02 16:00:00,54,47,39,38,26,37,241
2024-03-02 16:10:00,36,41,29,55,35,52,248
2024-03-02 16:20:00,40,39,28,33,20,34,194
2024-03-02 16:30:00,28,29,23,24,16,22,142
2024-03-02 16:40:00,38,38,23,42,25,40,206
2024-03-02 16:50:00,47,45,28,33,28,32,213
2024-03-02 17:00:00,45,48,28,39,31,36,227
2024-03-02 17:10:00,48,50,31,37,24,34,224
2024-03-02 17:20:00,43,41,29,50,30,49,242
2024-03-02 17:30:00,38,39,32,32,26,30,197
2024-03-02 17:40:00,49,50,26,50,31,46,252
2024-03-02 17:50:00,33,32,26,46,29,46,212
2024-03-02 18:00:00,44,44,21,39,27,40,215
2024-03-02 18:10:00,49,53,26,44,28,45,245
2024-03-02 18:20:00,51,51,31,46,32,46,257
2024-03-02 18:30:00,61,62,23,41,44,43,274
2024-03-02 18:40:00,49,51,39,38,33,37,247
2024-03-02 18:50:00,48,46,31,56,43,56,280
2024-03-02 19:00:00,43,40,23,34,31,35,206
2024-03-02 19:10:00,42,42,22,35,33,40,214
2024-03-02 19:20:00,32,32,29,37,26,32,188
2024-03-02 19:30:00,40,40,22,38,40,39,219
2024-03-02 19:40:00,40,40,24,31,21,30,186
2024-03-02 19:50:00,35,31,24,34,25,34,183
2024-03-02 20:00:00,26,27,19,27,33,27,159
2024-03-02 20:10:00,28,26,22,37,33,35,181
2024-03-02 20:20:00,28,26,20,26,29,25,154
2024-03-02 20:30:00,31,29,26,27,29,27,169
2024-03-02 20:40:00,31,28,15,25,25,26,150
2024-03-02 20:50:00,28,26,23,24,26,23,150
2024-03-02 21:00:00,28,23,24,23,32,24,154
2024-03-02 21:10:00,26,25,17,31,28,30,157
2024-03-02 21:20:00,33,31,17,19,14,17,131
2024-03-02 21:30:00,20,22,15,21,16,21,115
2024-03-02 21:40:00,28,25,22,17,23,16,131
2024-03-02 21:50:00,37,44,26,22,19,21,169
2024-03-02 22:00:00,31,30,18,17,20,14,130
2024-03-02 22:10:00,24,23,18,17,19,17,118
2024-03-02 22:20:00,28,28,25,28,27,26,162
2024-03-02 22:30:00,28,29,22,25,22,22,148
2024-03-02 22:40:00,26,27,21,13,9,10,106
2024-03-02 22:50:00,29,28,16,14,12,13,112
2024-03-02 23:00:00,23,19,16,15,14,13,100
2024-03-02 23:10:00,20,17,18,16,19,16,106
2024-03-02 23:20:00,12,12,10,15,18,16,83
2024-03-02 23:30:00,16,13,13,18,19,17,96
2024-03-02 23:40:00,14,13,12,16,18,15,88
2024-03-02 23:50:00,14,16,14,12,10,11,77
2024-03-03 00:00:00,19,18,14,9,8,11,79
2024-03-03 00:10:00,13,12,10,11,12,11,69
2024-03-03 00:20:00,15,18,15,10,8,7,73
2024-03-03 00:30:00,14,13,13,15,15,15,85
2024-03-03 00:40:00,10,11,12,9,9,11,62
2024-03-03 00:50:00,18,21,17,7,7,7,77
2024-03-03 01:00:00,15,14,12,7,7,6,61
2024-03-03 01:10:00,8,7,6,9,6,9,45
2024-03-03 01:20:00,5,6,9,5,7,7,39
2024-03-03 01:30:00,13,10,9,5,4,4,45
2024-03-03 01:40:00,8,8,8,7,9,7,47
2024-03-03 01:50:00,7,9,7,3,2,3,31
2024-03-03 02:00:00,6,6,7,0,0,0,19
2024-03-03 02:10:00,8,8,8,4,4,4,36
2024-03-03 02:20:00,9,10,10,3,2,1,35
2024-03-03 02:30:00,5,4,4,5,7,5,30
2024-03-03 02:40:00,8,7,6,6,3,5,35
2024-03-03 02:50:00,5,5,5,4,4,3,26
2024-03-03 03:00:00,1,3,2,2,2,2,12
2024-03-03 03:10:00,6,4,5,4,6,4,29
2024-03-03 03:20:00,1,1,1,2,1,2,8
2024-03-03 03:30:00,9,9,11,5,8,5,47
2024-03-03 03:40:00,7,7,7,7,7,5,40
2024-03-03 03:50:00,5,5,5,2,2,2,21
2024-03-03 04:00:00,5,4,5,3,3,3,23
2024-03-03 04:10:00,6,6,6,2,3,3,26
2024-03-03 04:20:00,4,4,2,4,4,3,21
2024-03-03 04:30:00,7,6,6,5,6,6,36
2024-03-03 04:40:00,8,8,6,4,3,3,32
2024-03-03 04:50:00,2,2,2,4,4,4,18
2024-03-03 05:00:00,5,5,7,9,8,7,41
2024-03-03 05:10:00,8,7,7,8,5,6,41
2024-03-03 05:20:00,5,6,6,12,11,10,50
2024-03-03 05:30:00,2,2,2,12,10,14,42
2024-03-03 05:40:00,5,7,4,13,14,11,54
2024-03-03 05:50:00,8,7,8,12,13,11,59
2024-03-03 06:00:00,7,5,3,6,7,5,33
2024-03-03 06:10:00,6,5,5,6,8,6,36
2024-03-03 06:20:00,7,7,9,11,13,11,58
2024-03-03 06:30:00,7,7,5,8,10,8,45
2024-03-03 06:40:00,8,8,7,7,11,7,48
2024-03-03 06:50:00,9,9,6,3,3,3,33
2024-03-03 07:00:00,7,7,5,7,6,5,37
2024-03-03 07:10:00,8,8,6,6,5,5,38
2024-03-03 07:20:00,5,5,5,7,3,5,30
2024-03-03 07:30:00,11,10,7,13,9,13,63
2024-03-03 07:40:00,8,8,6,4,4,4,34
2024-03-03 07:50:00,12,11,8,9,6,8,54
2024-03-03 08:00:00,6,3,2,7,7,7,32
2024-03-03 08:10:00,10,11,5,7,7,7,47
2024-03-03 08:20:00,12,11,8,13,10,11,65
2024-03-03 08:30:00,11,8,5,16,13,14,67
2024-03-03 08:40:00,12,15,10,19,18,19,93
2024-03-03 08:50:00,11,9,7,16,14,16,73
2024-03-03 09:00:00,15,15,12,13,13,14,82
2024-03-03 09:10:00,16,13,10,26,22,26,113
2024-03-03 09:20:00,10,11,12,24,21,26,104
2024-03-03 09:30:00,21,19,14,33,27,32,146
2024-03-03 09:40:00,19,24,15,41,31,38,168
2024-03-03 09:50:00,18,16,16,34,26,31,141
2024-03-03 10:00:00,20,17,17,29,25,25,133
2024-03-03 10:10:00,30,28,20,26,23,23,150
2024-03-03 10:20:00,23,23,16,23,21,24,130
2024-03-03 10:30:00,17,17,11,27,21,24,117
2024-03-03 10:40:00,19,17,16,25,21,25,123
2024-03-03 10:50:00,20,22,15,28,21,27,133
2024-03-03 11:00:00,28,26,22,28,20,29,153
2024-03-03 11:10:00,26,28,22,26,23,28,153
2024-03-03 11:20:00,28,25,19,25,22,29,148
2024-03-03 11:30:00,32,33,17,24,20,24,150
2024-03-03 11:40:00,37,37,31,25,20,27,177
2024-03-03 11:50:00,24,23,19,27,27,28,148
2024-03-03 12:00:00,33,33,27,34,24,36,187
2024-03-03 12:10:00,47,33,30,41,30,38,219
2024-03-03 12:20:00,29,31,23,51,35,54,223
2024-03-03 12:30:00,34,41,26,34,26,37,198
2024-03-03 12:40:00,31,31,18,39,29,41,189
2024-03-03 12:50:00,40,37,26,37,24,35,199
2024-03-03 13:00:00,37,37,27,29,25,30,185
2024-03-03 13:10:00,35,34,27,36,26,38,196
2024-03-03 13:20:00,40,43,24,31,23,31,192
2024-03-03 13:30:00,36,39,26,33,28,32,194
2024-03-03 13:40:00,46,47,30,35,26,36,220
2024-03-03 13:50:00,48,44,29,42,23,37,223
2024-03-03 14:00:00,50,48,31,43,32,42,246
2024-03-03 14:10:00,46,47,31,41,27,42,234
2024-03-03 14:20:00,32,30,22,38,26,36,184
2024-03-03 14:30:00,42,42,31,44,25,43,227
2024-03-03 14:40:00,51,50,33,39,24,40,237
2024-03-03 14:50:00,43,45,31,40,32,41,232
2024-03-03 15:00:00,44,42,26,39,31,38,220
2024-03-03 15:10:00,22,26,22,42,26,37,175
2024-03-03 15:20:00,40,38,20,39,28,37,202
2024-03-03 15:30:00,44,47,32,35,25,36,219
2024-03-03 15:40:00,43,41,26,36,27,46,219
2024-03-03 15:50:00,37,40,27,39,28,40,211
2024-03-03 16:00:00,46,45,35,32,20,29,207
2024-03-03 16:10:00,44,41,28,46,32,49,240
2024-03-03 16:20:00,41,59,25,43,26,32,226
2024-03-03 16:30:00,45,49,32,38,33,38,235
2024-03-03 16:40:00,44,42,32,43,34,46,241
2024-03-03 16:50:00,49,54,39,51,31,49,273
2024-03-03 17:00:00,45,40,36,44,33,45,243
2024-03-03 17:10:00,41,42,24,51,33,49,240
2024-03-03 17:20:00,42,46,31,45,23,42,229
2024-03-03 17:30:00,46,47,35,31,25,30,214
2024-03-03 17:40:00,49,51,35,34,23,37,229
2024-03-03 17:50:00,28,28,18,36,25,39,174
2024-03-03 18:00:00,41,40,25,38,27,32,203
2024-03-03 18:10:00,36,38,25,28,21,28,176
2024-03-03 18:20:00,53,53,25,35,26,38,230
2024-03-03 18:30:00,42,37,35,36,37,38,225
2024-03-03 18:40:00,28,31,20,27,29,26,161
2024-03-03 18:50:00,35,39,32,26,29,30,191
2024-03-03 19:00:00,32,32,21,31,27,35,178
2024-03-03 19:10:00,29,33,24,34,34,31,185
2024-03-03 19:20:00,35,36,30,31,28,30,190
2024-03-03 19:30:00,36,37,30,37,33,37,210
2024-03-03 19:40:00,30,29,22,26,21,25,153
2024-03-03 19:50:00,29,28,21,25,25,25,153
2024-03-03 20:00:00,27,25,27,27,20,27,153
2024-03-03 20:10:00,32,31,33,23,18,22,159
2024-03-03 20:20:00,24,28,20,34,26,34,166
2024-03-03 20:30:00,32,31,26,17,18,18,142
2024-03-03 20:40:00,22,23,22,29,28,31,155
2024-03-03 20:50:00,27,28,17,24,18,23,137
2024-03-03 21:00:00,25,22,19,12,8,12,98
2024-03-03 21:10:00,21,23,20,14,19,13,110
2024-03-03 21:20:00,20,19,19,12,12,15,97
2024-03-03 21:30:00,16,16,11,23,26,23,115
2024-03-03 21:40:00,34,29,21,19,17,17,137
2024-03-03 21:50:00,17,18,14,14,12,16,91
2024-03-03 22:00:00,20,23,17,17,14,17,108
2024-03-03 22:10:00,21,23,20,10,9,10,93
2024-03-03 22:20:00,23,21,17,13,12,11,97
2024-03-03 22:30:00,14,15,14,10,12,10,75
2024-03-03 22:40:00,12,12,11,5,3,5,48
2024-03-03 22:50:00,19,19,14,9,8,8,77
2024-03-03 23:00:00,6,7,5,14,19,11,62
2024-03-03 23:10:00,12,13,15,1,1,1,43
2024-03-03 23:20:00,10,8,9,10,11,11,59
2024-03-03 23:30:00,8,10,9,4,6,7,44
2024-03-03 23:40:00,6,6,6,8,6,8,40
2024-03-03 23:50:00,8,8,6,7,5,7,41
2024-03-04 00:00:00,6,4,3,7,8,7,35
2024-03-04 00:10:00,4,4,7,0,0,0,15
2024-03-04 00:20:00,6,8,7,5,4,4,34
2024-03-04 00:30:00,6,2,1,8,9,8,34
2024-03-04 00:40:00,1,2,2,3,4,3,15
2024-03-04 00:50:00,5,4,5,4,5,4,27
2024-03-04 01:00:00,5,4,6,2,2,2,21
2024-03-04 01:10:00,0,0,0,3,3,3,9
2024-03-04 01:20:00,4,4,5,5,6,5,29
2024-03-04 01:30:00,3,2,1,5,7,5,23
2024-03-04 01:40:00,3,3,7,4,5,3,25
2024-03-04 01:50:00,4,4,4,2,3,2,19
2024-03-04 02:00:00,3,1,2,5,6,5,22
2024-03-04 02:10:00,5,4,4,4,3,3,23
2024-03-04 02:20:00,5,5,4,2,2,2,20
2024-03-04 02:30:00,3,3,3,1,1,1,12
2024-03-04 02:40:00,3,3,4,0,0,0,10
2024-03-04 02:50:00,3,2,2,3,2,2,14
2024-03-04 03:00:00,3,3,3,2,2,2,15
2024-03-04 03:10:00,4,4,5,2,1,1,17
2024-03-04 03:20:00,2,2,2,1,2,2,11
2024-03-04 03:30:00,6,5,6,4,4,4,29
2024-03-04 03:40:00,1,1,1,6,8,6,23
2024-03-04 03:50:00,2,1,1,2,2,2,10
2024-03-04 04:00:00,3,3,2,7,3,6,24
2024-03-04 04:10:00,3,3,3,3,5,4,21
2024-03-04 04:20:00,5,5,4,2,2,2,20
2024-03-04 04:30:00,3,2,2,5,5,4,21
2024-03-04 04:40:00,4,3,3,6,4,5,25
2024-03-04 04:50:00,3,3,4,6,8,6,30
2024-03-04 05:00:00,7,7,9,11,11,11,56
2024-03-04 05:10:00,9,8,6,9,7,8,47
2024-03-04 05:20:00,11,10,9,29,22,26,107
2024-03-04 05:30:00,9,7,8,21,20,21,86
2024-03-04 05:40:00,23,20,20,41,33,41,178
2024-03-04 05:50:00,12,11,10,42,43,42,160
2024-03-04 06:00:00,20,18,20,45,27,45,175
2024-03-04 06:10:00,28,25,22,62,39,62,238
2024-03-04 06:20:00,19,17,20,68,35,65,224
2024-03-04 06:30:00,32,31,27,66,40,68,264
2024-03-04 06:40:00,23,21,23,81,47,75,270
2024-03-04 06:50:00,39,36,30,76,39,73,293
2024-03-04 07:00:00,25,24,19,85,36,78,267
2024-03-04 07:10:00,32,28,18,76,35,76,265
2024-03-04 07:20:00,48,48,29,65,34,64,288
2024-03-04 07:30:00,44,45,34,98,38,95,354
2024-03-04 07:40:00,53,52,26,97,41,94,363
2024-03-04 07:50:00,49,46,29,73,39,69,305
2024-03-04 08:00:00,43,49,28,66,29,67,282
2024-03-04 08:10:00,54,52,30,61,32,60,289
2024-03-04 08:20:00,60,60,36,56,36,60,308
2024-03-04 08:30:00,40,39,27,65,43,65,279
2024-03-04 08:40:00,38,46,27,62,43,62,278
2024-03-04 08:50:00,52,46,33,58,39,59,287
2024-03-04 09:00:00,44,45,31,59,38,58,275
2024-03-04 09:10:00,50,55,31,55,33,55,279
2024-03-04 09:20:00,39,47,33,61,41,59,280
2024-03-04 09:30:00,50,49,27,46,26,41,239
2024-03-04 09:40:00,53,54,39,51,41,52,290
2024-03-04 09:50:00,38,39,25,51,35,51,239
2024-03-04 10:00:00,41,42,31,52,40,50,256
2024-03-04 10:10:00,39,39,28,43,29,41,219
2024-03-04 10:20:00,33,33,22,44,33,45,210
2024-03-04 10:30:00,48,48,31,33,32,34,226
2024-03-04 10:40:00,50,54,34,58,40,55,291
2024-03-04 10:50:00,53,49,27,57,33,54,273
2024-03-04 11:00:00,47,48,28,51,52,53,279
2024-03-04 11:10:00,45,49,28,54,37,56,269
2024-03-04 11:20:00,41,47,34,36,27,38,223
2024-03-04 11:30:00,51,56,26,48,29,51,261
2024-03-04 11:40:00,46,44,30,40,27,40,227
2024-03-04 11:50:00,36,35,25,51,35,47,229
2024-03-04 12:00:00,55,54,29,49,36,49,272
2024-03-04 12:10:00,53,52,39,41,34,45,264
2024-03-04 12:20:00,49,48,37,39,31,39,243
2024-03-04 12:30:00,43,52,30,55,36,53,269
2024-03-04 12:40:00,56,57,28,60,36,58,295
2024-03-04 12:50:00,56,57,35,47,29,47,271
2024-03-04 13:00:00,48,47,33,36,31,38,233
2024-03-04 13:10:00,44,61,25,60,35,51,276
2024-03-04 13:20:00,65,66,33,37,30,33,264
2024-03-04 13:30:00,46,46,28,54,33,53,260
2024-03-04 13:40:00,51,49,22,44,30,43,239
2024-03-04 13:50:00,50,60,34,45,37,49,275
2024-03-04 14:00:00,75,75,37,49,38,46,320
2024-03-04 14:10:00,60,60,30,53,40,47,290
2024-03-04 14:20:00,52,51,34,38,34,40,249
2024-03-04 14:30:00,66,72,42,58,32,54,324
2024-03-04 14:40:00,74,77,38,57,35,53,334
2024-03-04 14:50:00,65,63,36,51,36,45,296
2024-03-04 15:00:00,67,68,39,61,33,53,321
2024-03-04 15:10:00,83,84,37,44,31,42,321
2024-03-04 15:20:00,84,85,52,44,31,46,342
2024-03-04 15:30:00,90,85,50,46,32,43,346
2024-03-04 15:40:00,79,81,33,51,35,49,328
2024-03-04 15:50:00,74,75,46,52,37,60,344
2024-03-04 16:00:00,81,90,35,62,37,54,359
2024-03-04 16:10:00,103,98,40,54,39,56,390
2024-03-04 16:20:00,60,65,26,52,36,50,289
2024-03-04 16:30:00,87,87,47,38,27,38,324
2024-03-04 16:40:00,67,73,36,55,37,56,324
2024-03-04 16:50:00,80,83,35,50,37,53,338
2024-03-04 17:00:00,73,76,30,52,34,53,318
2024-03-04 17:10:00,65,65,39,62,42,61,334
2024-03-04 17:20:00,72,76,36,50,35,55,324
2024-03-04 17:30:00,57,53,35,42,27,45,259
2024-03-04 17:40:00,64,68,23,58,35,54,302
2024-03-04 17:50:00,58,56,34,52,35,50,285
2024-03-04 18:00:00,41,42,29,42,28,48,230
2024-03-04 18:10:00,60,60,32,38,26,39,255
2024-03-04 18:20:00,47,42,34,62,50,61,296
2024-03-04 18:30:00,39,42,28,40,42,40,231
2024-03-04 18:40:00,50,51,31,43,35,44,254
2024-03-04 18:50:00,44,42,28,37,31,41,223
2024-03-04 19:00:00,36,37,23,29,27,27,179
2024-03-04 19:10:00,42,40,32,36,33,37,220
2024-03-04 19:20:00,28,30,21,30,30,28,167
2024-03-04 19:30:00,29,32,27,30,30,30,178
2024-03-04 19:40:00,32,38,25,23,15,20,153
2024-03-04 19:50:00,22,20,14,28,30,29,143
2024-03-04 20:00:00,26,29,21,25,23,24,148
2024-03-04 20:10:00,25,25,22,21,18,23,134
2024-03-04 20:20:00,20,20,20,30,31,32,153
2024-03-04 20:30:00,29,25,16,22,26,24,142
2024-03-04 20:40:00,26,22,21,20,20,20,129
2024-03-04 20:50:00,27,29,22,18,19,19,134
2024-03-04 21:00:00,29,30,17,25,23,25,149
2024-03-04 21:10:00,20,18,19,17,19,16,109
2024-03-04 21:20:00,16,23,12,20,17,19,107
2024-03-04 21:30:00,28,29,22,13,11,14,117
2024-03-04 21:40:00,21,20,18,9,8,7,83
2024-03-04 21:50:00,14,14,12,23,24,21,108
2024-03-04 22:00:00,19,15,12,14,17,14,91
2024-03-04 22:10:00,14,15,14,9,11,9,72
2024-03-04 22:20:00,12,10,17,12,12,11,74
2024-03-04 22:30:00,12,14,10,16,13,14,79
2024-03-04 22:40:00,12,12,12,11,13,11,71
2024-03-04 22:50:00,12,11,8,9,8,7,55
2024-03-04 23:00:00,8,10,6,9,12,8,53
2024-03-04 23:10:00,15,14,10,6,7,7,59
2024-03-04 23:20:00,10,11,13,8,4,6,52
2024-03-04 23:30:00,10,10,8,7,8,7,50
2024-03-04 23:40:00,14,13,17,4,2,4,54
2024-03-04 23:50:00,8,8,6,5,5,4,36
2024-03-05 00:00:00,8,8,6,6,6,6,40
2024-03-05 00:10:00,6,6,5,2,3,2,24
2024-03-05 00:20:00,6,6,8,5,2,5,32
2024-03-05 00:30:00,5,6,3,4,6,5,29
2024-03-05 00:40:00,2,2,1,4,7,4,20
2024-03-05 00:50:00,4,3,2,8,12,8,37
2024-03-05 01:00:00,1,0,0,3,4,3,11
2024-03-05 01:10:00,6,7,5,2,1,1,22
2024-03-05 01:20:00,3,5,2,5,6,5,26
2024-03-05 01:30:00,4,5,4,2,2,2,19
2024-03-05 01:40:00,5,4,8,4,3,4,28
2024-03-05 01:50:00,2,3,3,2,2,2,14
2024-03-05 02:00:00,7,5,6,4,4,3,29
2024-03-05 02:10:00,1,1,1,2,3,3,11
2024-03-05 02:20:00,4,4,6,1,2,1,18
2024-03-05 02:30:00,1,1,1,1,2,2,8
2024-03-05 02:40:00,6,6,7,4,2,2,27
2024-03-05 02:50:00,4,4,4,1,1,1,15
2024-03-05 03:00:00,3,2,2,2,2,2,13
2024-03-05 03:10:00,4,4,2,1,2,1,14
2024-03-05 03:20:00,4,4,4,1,1,1,15
2024-03-05 03:30:00,4,4,2,3,5,3,21
2024-03-05 03:40:00,2,2,2,3,5,3,17
2024-03-05 03:50:00,2,1,1,4,5,4,17
2024-03-05 04:00:00,2,2,3,4,4,5,20
2024-03-05 04:10:00,4,3,3,4,4,4,22
2024-03-05 04:20:00,2,3,2,2,3,2,14
2024-03-05 04:30:00,4,4,4,3,5,3,23
2024-03-05 04:40:00,2,2,2,4,4,4,18
2024-03-05 04:50:00,3,2,4,8,12,8,37
2024-03-05 05:00:00,5,4,5,13,15,14,56
2024-03-05 05:10:00,11,12,7,19,10,17,76
2024-03-05 05:20:00,10,10,11,21,19,18,89
2024-03-05 05:30:00,8,6,7,28,35,29,113
2024-03-05 05:40:00,19,18,14,43,25,41,160
2024-03-05 05:50:00,21,20,22,42,25,42,172
2024-03-05 06:00:00,23,23,16,48,34,47,191
2024-03-05 06:10:00,22,21,19,62,39,60,223
2024-03-05 06:20:00,24,23,22,51,42,53,215
2024-03-05 06:30:00,33,29,28,76,42,77,285
2024-03-05 06:40:00,32,30,29,78,42,75,286
2024-03-05 06:50:00,34,33,24,85,56,89,321
2024-03-05 07:00:00,43,42,21,98,32,95,331
2024-03-05 07:10:00,42,34,25,67,25,66,259
2024-03-05 07:20:00,37,36,24,73,40,73,283
2024-03-05 07:30:00,42,43,24,77,30,77,293
2024-03-05 07:40:00,37,40,26,87,33,84,307
2024-03-05 07:50:00,38,41,29,62,29,63,262
2024-03-05 08:00:00,55,53,34,56,30,62,290
2024-03-05 08:10:00,58,50,29,74,35,73,319
2024-03-05 08:20:00,49,48,31,66,41,73,308
2024-03-05 08:30:00,46,43,27,77,41,81,315
2024-03-05 08:40:00,48,47,32,60,39,59,285
2024-03-05 08:50:00,56,56,32,61,29,56,290
2024-03-05 09:00:00,48,49,35,56,40,56,284
2024-03-05 09:10:00,46,47,32,52,37,51,265
2024-03-05 09:20:00,30,31,29,52,34,47,223
2024-03-05 09:30:00,32,38,23,47,39,50,229
2024-03-05 09:40:00,61,65,32,60,43,59,320
2024-03-05 09:50:00,52,53,35,57,44,51,292
2024-03-05 10:00:00,50,46,33,46,33,45,253
2024-03-05 10:10:00,52,51,35,68,41,68,315
2024-03-05 10:20:00,52,51,38,40,28,36,245
2024-03-05 10:30:00,50,52,30,41,26,35,234
2024-03-05 10:40:00,45,46,30,47,40,45,253
2024-03-05 10:50:00,57,57,34,34,28,31,241
2024-03-05 11:00:00,62,64,36,54,36,51,303
2024-03-05 11:10:00,60,63,35,55,39,54,306
2024-03-05 11:20:00,51,49,31,54,35,51,271
2024-03-05 11:30:00,53,54,30,56,42,54,289
2024-03-05 11:40:00,50,46,38,26,16,27,203
2024-03-05 11:50:00,51,52,33,42,31,38,247
2024-03-05 12:00:00,45,45,30,51,40,48,259
2024-03-05 12:10:00,63,71,36,40,34,37,281
2024-03-05 12:20:00,58,57,29,52,34,53,283
2024-03-05 12:30:00,63,66,42,41,35,43,290
2024-03-05 12:40:00,42,46,31,50,35,48,252
2024-03-05 12:50:00,51,49,35,37,31,39,242
2024-03-05 13:00:00,52,53,32,40,31,37,245
2024-03-05 13:10:00,65,68,39,66,42,68,348
2024-03-05 13:20:00,51,52,36,39,32,43,253
2024-03-05 13:30:00,54,51,32,49,34,46,266
2024-03-05 13:40:00,52,54,23,58,31,55,273
2024-03-05 13:50:00,55,52,33,39,28,41,248
2024-03-05 14:00:00,57,60,34,44,34,47,276
2024-03-05 14:10:00,64,65,44,54,25,56,308
2024-03-05 14:20:00,62,67,41,50,36,45,301
2024-03-05 14:30:00,66,63,32,66,34,67,328
2024-03-05 14:40:00,62,59,37,51,28,48,285
2024-03-05 14:50:00,71,70,37,50,27,52,307
2024-03-05 15:00:00,76,76,31,59,29,58,329
2024-03-05 15:10:00,89,93,33,56,29,50,350
2024-03-05 15:20:00,89,90,34,40,29,38,320
2024-03-05 15:30:00,79,87,40,39,30,38,313
2024-03-05 15:40:00,86,87,47,58,29,58,365
2024-03-05 15:50:00,76,76,42,55,33,55,337
2024-03-05 16:00:00,101,100,51,51,31,49,383
2024-03-05 16:10:00,91,91,39,44,32,43,340
2024-03-05 16:20:00,78,80,35,61,39,59,352
2024-03-05 16:30:00,76,74,37,52,33,50,322
2024-03-05 16:40:00,83,90,40,54,33,50,350
2024-03-05 16:50:00,75,79,45,41,28,42,310
2024-03-05 17:00:00,80,76,43,56,31,57,343
2024-03-05 17:10:00,71,70,48,51,35,53,328
2024-03-05 17:20:00,55,53,35,76,45,75,339
2024-03-05 17:30:00,72,76,49,62,44,62,365
2024-03-05 17:40:00,72,77,28,67,31,67,342
2024-03-05 17:50:00,66,63,34,50,36,55,304
2024-03-05 18:00:00,52,51,35,51,28,49,266
2024-03-05 18:10:00,59,65,31,53,32,52,292
2024-03-05 18:20:00,50,51,46,46,32,43,268
2024-03-05 18:30:00,61,60,36,56,60,54,327
2024-03-05 18:40:00,45,45,30,53,45,54,272
2024-03-05 18:50:00,53,49,30,59,39,55,285
2024-03-05 19:00:00,45,47,35,50,44,48,269
2024-03-05 19:10:00,33,35,21,49,45,47,230
2024-03-05 19:20:00,49,49,38,27,34,27,224
2024-03-05 19:30:00,44,46,34,35,27,31,217
2024-03-05 19:40:00,40,37,29,31,27,31,195
2024-03-05 19:50:00,22,22,23,25,24,28,144
2024-03-05 20:00:00,29,29,21,25,31,26,161
2024-03-05 20:10:00,26,30,23,31,24,30,164
2024-03-05 20:20:00,30,31,23,35,26,35,180
2024-03-05 20:30:00,23,25,23,24,24,24,143
2024-03-05 20:40:00,25,26,22,26,31,24,154
2024-03-05 20:50:00,27,28,16,30,27,29,157
2024-03-05 21:00:00,24,23,19,12,12,14,104
2024-03-05 21:10:00,31,30,18,21,16,21,137
2024-03-05 21:20:00,20,24,16,17,14,17,108
2024-03-05 21:30:00,25,27,21,19,17,17,126
2024-03-05 21:40:00,14,14,14,15,17,14,88
2024-03-05 21:50:00,30,32,28,18,15,18,141
2024-03-05 22:00:00,23,23,21,13,17,13,110
2024-03-05 22:10:00,25,25,20,13,10,12,105
2024-03-05 22:20:00,16,14,15,16,14,14,89
2024-03-05 22:30:00,16,17,12,20,17,19,101
2024-03-05 22:40:00,13,11,15,4,6,4,53
2024-03-05 22:50:00,19,17,15,9,8,8,76
2024-03-05 23:00:00,18,19,16,11,10,10,84
2024-03-05 23:10:00,10,12,10,11,12,11,66
2024-03-05 23:20:00,15,14,14,3,1,6,53
2024-03-05 23:30:00,10,14,8,11,13,9,65
2024-03-05 23:40:00,6,7,8,3,2,3,29
2024-03-05 23:50:00,8,8,9,8,8,5,46
2024-03-06 00:00:00,10,11,6,8,12,8,55
2024-03-06 00:10:00,6,3,4,3,4,3,23
2024-03-06 00:20:00,5,7,4,7,2,2,27
2024-03-06 00:30:00,9,7,6,4,4,5,35
2024-03-06 00:40:00,4,4,4,4,3,4,23
2024-03-06 00:50:00,3,2,2,4,5,4,20
2024-03-06 01:00:00,2,1,1,4,6,4,18
2024-03-06 01:10:00,4,4,7,3,4,5,27
2024-03-06 01:20:00,3,4,2,4,3,2,18
2024-03-06 01:30:00,8,8,9,2,0,1,28
2024-03-06 01:40:00,3,4,5,4,6,4,26
2024-03-06 01:50:00,7,7,4,5,5,4,32
2024-03-06 02:00:00,2,3,2,5,5,3,20
2024-03-06 02:10:00,2,2,2,4,4,4,18
2024-03-06 02:20:00,4,3,3,2,2,2,16
2024-03-06 02:30:00,5,5,3,3,2,3,21
2024-03-06 02:40:00,5,5,7,2,1,2,22
2024-03-06 02:50:00,2,1,1,2,3,2,11
2024-03-06 03:00:00,2,2,2,1,0,0,7
2024-03-06 03:10:00,2,2,2,0,0,0,6
2024-03-06 03:20:00,2,2,3,1,0,0,8
2024-03-06 03:30:00,5,6,5,2,3,2,23
2024-03-06 03:40:00,9,6,6,12,11,11,55
2024-03-06 03:50:00,2,1,0,4,6,4,17
2024-03-06 04:00:00,5,2,3,8,7,8,33
2024-03-06 04:10:00,7,7,5,11,8,8,46
2024-03-06 04:20:00,3,3,3,4,2,3,18
2024-03-06 04:30:00,5,6,5,1,2,1,20
2024-03-06 04:40:00,5,5,5,5,3,4,27
2024-03-06 04:50:00,6,6,7,8,7,7,41
2024-03-06 05:00:00,4,4,4,12,13,14,51
2024-03-06 05:10:00,7,9,4,25,23,22,90
2024-03-06 05:20:00,11,12,10,16,16,16,81
2024-03-06 05:30:00,10,9,9,20,20,19,87
2024-03-06 05:40:00,17,15,12,38,30,37,149
2024-03-06 05:50:00,16,14,14,44,39,45,172
2024-03-06 06:00:00,17,21,13,46,24,45,166
2024-03-06 06:10:00,24,22,16,56,39,60,217
2024-03-06 06:20:00,22,20,21,73,48,70,254
2024-03-06 06:30:00,28,26,26,60,49,61,250
2024-03-06 06:40:00,25,22,20,97,50,96,310
2024-03-06 06:50:00,25,25,19,72,32,72,245
2024-03-06 07:00:00,26,27,18,58,28,62,219
2024-03-06 07:10:00,37,35,20,77,28,81,278
2024-03-06 07:20:00,37,38,27,73,39,72,286
2024-03-06 07:30:00,46,44,27,82,23,82,304
2024-03-06 07:40:00,48,46,29,83,39,81,326
2024-03-06 07:50:00,49,45,29,75,32,74,304
2024-03-06 08:00:00,49,47,24,62,38,65,285
2024-03-06 08:10:00,72,75,36,52,27,55,317
2024-03-06 08:20:00,43,51,28,77,38,72,309
2024-03-06 08:30:00,46,49,37,79,50,83,344
2024-03-06 08:40:00,45,50,30,82,51,80,338
2024-03-06 08:50:00,54,56,30,60,34,56,290
2024-03-06 09:00:00,42,45,29,62,34,64,276
2024-03-06 09:10:00,51,48,30,59,40,57,285
2024-03-06 09:20:00,32,26,24,57,39,53,231
2024-03-06 09:30:00,51,52,37,52,33,49,274
2024-03-06 09:40:00,48,50,32,54,36,56,276
2024-03-06 09:50:00,38,41,31,52,37,52,251
2024-03-06 10:00:00,52,49,28,58,36,60,283
2024-03-06 10:10:00,53,57,30,53,33,50,276
2024-03-06 10:20:00,44,47,31,65,41,58,286
2024-03-06 10:30:00,58,53,28,56,32,55,282
2024-03-06 10:40:00,48,45,24,64,40,61,282
2024-03-06 10:50:00,53,55,34,46,32,45,265
2024-03-06 11:00:00,45,42,27,47,33,46,240
2024-03-06 11:10:00,40,35,28,55,31,49,238
2024-03-06 11:20:00,48,47,37,48,33,46,259
2024-03-06 11:30:00,51,49,29,43,32,41,245
2024-03-06 11:40:00,43,42,28,49,30,50,242
2024-03-06 11:50:00,48,49,24,50,36,47,254
2024-03-06 12:00:00,60,62,37,43,34,45,281
2024-03-06 12:10:00,54,50,28,61,40,62,295
2024-03-06 12:20:00,55,57,29,58,38,60,297
2024-03-06 12:30:00,58,61,32,50,29,47,277
2024-03-06 12:40:00,49,53,34,46,34,47,263
2024-03-06 12:50:00,57,57,30,54,34,51,283
2024-03-06 13:00:00,62,57,29,46,27,48,269
2024-03-06 13:10:00,46,51,30,51,33,50,261
2024-03-06 13:20:00,68,64,36,41,32,33,274
2024-03-06 13:30:00,69,70,33,39,33,38,282
2024-03-06 13:40:00,43,47,30,50,35,50,255
2024-03-06 13:50:00,53,56,37,53,36,54,289
2024-03-06 14:00:00,51,52,34,42,27,44,250
2024-03-06 14:10:00,82,82,43,50,29,49,335
2024-03-06 14:20:00,66,68,39,52,32,51,308
2024-03-06 14:30:00,64,61,27,47,32,44,275
2024-03-06 14:40:00,60,80,27,45,28,42,282
2024-03-06 14:50:00,70,66,29,46,30,52,293
2024-03-06 15:00:00,76,84,39,52,27,56,334
2024-03-06 15:10:00,98,104,40,43,31,41,357
2024-03-06 15:20:00,74,74,41,48,35,46,318
2024-03-06 15:30:00,71,76,45,50,31,48,321
2024-03-06 15:40:00,81,87,52,49,30,50,349
2024-03-06 15:50:00,90,89,35,56,35,53,358
2024-03-06 16:00:00,75,71,32,44,32,49,303
2024-03-06 16:10:00,74,76,35,56,38,52,331
2024-03-06 16:20:00,91,89,47,60,26,56,369
2024-03-06 16:30:00,87,87,38,51,27,52,342
2024-03-06 16:40:00,58,59,44,47,26,47,281
2024-03-06 16:50:00,65,75,46,60,29,58,333
2024-03-06 17:00:00,96,92,39,58,30,52,367
2024-03-06 17:10:00,72,77,43,61,43,59,355
2024-03-06 17:20:00,69,69,45,66,45,68,362
2024-03-06 17:30:00,77,78,30,51,35,44,315
2024-03-06 17:40:00,50,54,30,55,28,54,271
2024-03-06 17:50:00,71,63,32,44,26,50,286
2024-03-06 18:00:00,59,60,28,75,38,75,335
2024-03-06 18:10:00,65,68,29,41,24,40,267
2024-03-06 18:20:00,70,73,28,52,37,51,311
2024-03-06 18:30:00,64,69,40,51,47,46,317
2024-03-06 18:40:00,48,52,36,53,46,55,290
2024-03-06 18:50:00,56,56,25,56,32,49,274
2024-03-06 19:00:00,48,47,22,37,28,41,223
2024-03-06 19:10:00,42,44,24,43,38,38,229
2024-03-06 19:20:00,37,37,27,31,34,33,199
2024-03-06 19:30:00,35,38,27,39,36,39,214
2024-03-06 19:40:00,44,42,25,31,27,31,200
2024-03-06 19:50:00,33,29,26,26,27,23,164
2024-03-06 20:00:00,30,30,24,27,18,22,151
2024-03-06 20:10:00,25,27,20,27,26,24,149
2024-03-06 20:20:00,31,32,26,25,26,21,161
2024-03-06 20:30:00,25,24,23,28,25,24,149
2024-03-06 20:40:00,25,25,14,25,25,21,135
2024-03-06 20:50:00,28,28,23,20,22,17,138
2024-03-06 21:00:00,27,24,21,25,19,24,140
2024-03-06 21:10:00,17,15,15,23,27,25,122
2024-03-06 21:20:00,27,25,20,25,25,27,149
2024-03-06 21:30:00,25,23,21,28,15,26,138
2024-03-06 21:40:00,26,27,22,11,11,10,107
2024-03-06 21:50:00,24,21,18,12,13,13,101
2024-03-06 22:00:00,24,23,19,10,9,11,96
2024-03-06 22:10:00,18,19,17,12,9,10,85
2024-03-06 22:20:00,18,21,15,19,17,19,109
2024-03-06 22:30:00,15,15,11,21,21,21,104
2024-03-06 22:40:00,17,16,14,13,12,13,85
2024-03-06 22:50:00,20,23,19,16,12,12,102
2024-03-06 23:00:00,15,15,15,11,13,11,80
2024-03-06 23:10:00,17,18,17,9,9,9,79
2024-03-06 23:20:00,11,10,11,9,5,9,55
2024-03-06 23:30:00,10,9,9,7,10,6,51
2024-03-06 23:40:00,8,8,7,8,10,5,46
2024-03-06 23:50:00,8,8,9,7,5,5,42
2024-03-07 00:00:00,6,7,4,5,6,5,33
2024-03-07 00:10:00,4,4,4,2,4,4,22
2024-03-07 00:20:00,10,10,8,6,4,3,41
2024-03-07 00:30:00,6,7,7,6,6,6,38
2024-03-07 00:40:00,6,5,5,5,9,4,34
2024-03-07 00:50:00,7,6,8,6,6,6,39
2024-03-07 01:00:00,6,6,6,6,3,4,31
2024-03-07 01:10:00,1,1,0,4,7,4,17
2024-03-07 01:20:00,1,2,1,3,3,3,13
2024-03-07 01:30:00,4,5,5,2,3,1,20
2024-03-07 01:40:00,4,2,5,3,3,3,20
2024-03-07 01:50:00,2,2,2,1,1,1,9
2024-03-07 02:00:00,2,1,1,3,4,3,14
2024-03-07 02:10:00,1,0,0,2,3,2,8
2024-03-07 02:20:00,2,2,1,5,6,5,21
2024-03-07 02:30:00,7,6,6,8,4,9,40
2024-03-07 02:40:00,4,5,3,2,2,2,18
2024-03-07 02:50:00,0,0,0,0,0,0,0
2024-03-07 03:00:00,2,2,2,0,0,0,6
2024-03-07 03:10:00,1,1,1,0,0,0,3
2024-03-07 03:20:00,4,4,5,5,4,5,27
2024-03-07 03:30:00,5,3,3,5,5,4,25
2024-03-07 03:40:00,2,1,1,5,6,5,20
2024-03-07 03:50:00,2,2,2,3,4,3,16
2024-03-07 04:00:00,3,3,2,8,10,8,34
2024-03-07 04:10:00,0,0,0,0,0,0,0
2024-03-07 04:20:00,3,3,3,3,3,3,18
2024-03-07 04:30:00,2,2,2,1,0,0,7
2024-03-07 04:40:00,2,3,3,2,2,2,14
2024-03-07 04:50:00,2,2,1,5,7,5,22
2024-03-07 05:00:00,7,6,8,17,13,14,65
2024-03-07 05:10:00,12,11,6,17,22,18,86
2024-03-07 05:20:00,12,12,14,21,15,23,97
2024-03-07 05:30:00,13,14,9,19,16,17,88
2024-03-07 05:40:00,17,18,11,44,26,42,158
2024-03-07 05:50:00,15,14,10,52,38,51,180
2024-03-07 06:00:00,22,19,20,55,32,54,202
2024-03-07 06:10:00,22,21,15,52,41,50,201
2024-03-07 06:20:00,26,25,29,58,35,59,232
2024-03-07 06:30:00,24,26,19,60,41,56,226
2024-03-07 06:40:00,20,19,14,72,30,71,226
2024-03-07 06:50:00,33,32,28,97,37,100,327
2024-03-07 07:00:00,30,26,22,81,35,79,273
2024-03-07 07:10:00,30,30,24,78,31,78,271
2024-03-07 07:20:00,31,31,25,77,35,72,271
2024-03-07 07:30:00,49,52,29,74,36,66,306
2024-03-07 07:40:00,58,63,36,79,44,77,357
2024-03-07 07:50:00,40,40,31,89,52,91,343
2024-03-07 08:00:00,60,57,30,60,29,66,302
2024-03-07 08:10:00,48,54,36,75,41,75,329
2024-03-07 08:20:00,50,57,30,63,36,64,300
2024-03-07 08:30:00,48,44,33,74,29,73,301
2024-03-07 08:40:00,49,56,31,71,43,75,325
2024-03-07 08:50:00,46,46,23,60,33,71,279
2024-03-07 09:00:00,37,37,24,58,44,49,249
2024-03-07 09:10:00,39,37,24,54,40,51,245
2024-03-07 09:20:00,35,37,31,54,43,53,253
2024-03-07 09:30:00,51,57,34,58,41,56,297
2024-03-07 09:40:00,37,31,24,69,40,70,271
2024-03-07 09:50:00,35,32,20,62,43,52,244
2024-03-07 10:00:00,43,41,23,70,57,48,282
2024-03-07 10:10:00,43,48,25,69,49,73,307
2024-03-07 10:20:00,37,35,25,51,37,48,233
2024-03-07 10:30:00,56,55,26,43,39,48,267
2024-03-07 10:40:00,46,46,25,53,38,51,259
2024-03-07 10:50:00,46,43,26,45,32,49,241
2024-03-07 11:00:00,33,37,26,33,26,34,189
2024-03-07 11:10:00,45,47,29,56,28,56,261
2024-03-07 11:20:00,41,46,28,46,36,45,242
2024-03-07 11:30:00,44,40,32,40,30,42,228
2024-03-07 11:40:00,57,56,35,55,37,50,290
2024-03-07 11:50:00,48,50,30,51,30,48,257
2024-03-07 12:00:00,59,55,44,41,35,42,276
2024-03-07 12:10:00,60,69,38,52,32,50,301
2024-03-07 12:20:00,56,53,31,54,46,52,292
2024-03-07 12:30:00,66,72,39,58,41,58,334
2024-03-07 12:40:00,58,58,38,49,35,46,284
2024-03-07 12:50:00,57,54,33,46,39,43,272
2024-03-07 13:00:00,76,75,39,47,35,47,319
2024-03-07 13:10:00,51,53,31,43,34,45,257
2024-03-07 13:20:00,53,51,29,52,33,52,270
2024-03-07 13:30:00,64,62,38,63,38,64,329
2024-03-07 13:40:00,47,57,20,55,37,52,268
2024-03-07 13:50:00,61,54,29,39,26,40,249
2024-03-07 14:00:00,51,51,35,33,24,36,230
2024-03-07 14:10:00,70,68,47,64,36,60,345
2024-03-07 14:20:00,78,78,45,50,37,49,337
2024-03-07 14:30:00,67,70,34,57,33,59,320
2024-03-07 14:40:00,74,75,31,61,38,60,339
2024-03-07 14:50:00,74,80,34,51,19,53,311
2024-03-07 15:00:00,80,81,47,49,32,55,344
2024-03-07 15:10:00,86,92,41,58,33,52,362
2024-03-07 15:20:00,97,92,43,44,35,43,354
2024-03-07 15:30:00,80,82,40,83,34,77,396
2024-03-07 15:40:00,78,75,42,68,46,66,375
2024-03-07 15:50:00,78,82,38,44,29,44,315
2024-03-07 16:00:00,90,93,31,48,32,49,343
2024-03-07 16:10:00,95,91,42,54,35,50,367
2024-03-07 16:20:00,87,87,27,59,36,63,359
2024-03-07 16:30:00,82,82,46,56,36,56,358
2024-03-07 16:40:00,70,74,32,65,41,65,347
2024-03-07 16:50:00,83,86,44,60,35,53,361
2024-03-07 17:00:00,74,78,41,60,36,56,345
2024-03-07 17:10:00,77,72,45,66,39,64,363
2024-03-07 17:20:00,67,74,39,53,34,51,318
2024-03-07 17:30:00,82,84,41,58,39,63,367
2024-03-07 17:40:00,78,80,38,52,37,56,341
2024-03-07 17:50:00,61,60,35,60,38,55,309
2024-03-07 18:00:00,81,82,42,59,31,58,353
2024-03-07 18:10:00,72,73,31,56,33,55,320
2024-03-07 18:20:00,57,58,26,50,37,45,273
2024-03-07 18:30:00,56,56,36,46,37,46,277
2024-03-07 18:40:00,42,39,20,44,38,48,231
2024-03-07 18:50:00,35,32,23,49,36,51,226
2024-03-07 19:00:00,55,53,34,37,33,40,252
2024-03-07 19:10:00,51,51,25,37,27,38,229
2024-03-07 19:20:00,43,42,30,25,23,25,188
2024-03-07 19:30:00,40,38,27,32,26,34,197
2024-03-07 19:40:00,34,32,28,26,29,25,174
2024-03-07 19:50:00,42,42,22,31,32,33,202
2024-03-07 20:00:00,45,47,34,36,32,38,232
2024-03-07 20:10:00,37,39,22,29,18,28,173
2024-03-07 20:20:00,32,32,19,35,33,35,186
2024-03-07 20:30:00,28,32,24,21,14,17,136
2024-03-07 20:40:00,26,26,18,18,14,15,117
2024-03-07 20:50:00,29,27,23,22,21,22,144
2024-03-07 21:00:00,34,34,26,21,22,20,157
2024-03-07 21:10:00,27,29,25,15,16,10,122
2024-03-07 21:20:00,29,29,25,27,25,23,158
2024-03-07 21:30:00,23,23,15,22,24,21,128
2024-03-07 21:40:00,14,17,13,19,17,20,100
2024-03-07 21:50:00,21,21,15,17,14,18,106
2024-03-07 22:00:00,19,21,21,12,16,12,101
2024-03-07 22:10:00,27,28,15,11,8,8,97
2024-03-07 22:20:00,25,28,20,13,11,13,110
2024-03-07 22:30:00,29,28,20,20,17,17,131
2024-03-07 22:40:00,15,14,16,18,22,18,103
2024-03-07 22:50:00,22,26,18,14,11,12,103
2024-03-07 23:00:00,14,13,14,12,13,12,78
2024-03-07 23:10:00,21,23,15,15,14,11,99
2024-03-07 23:20:00,12,12,11,9,5,9,58
2024-03-07 23:30:00,11,10,5,6,9,6,47
2024-03-07 23:40:00,11,10,11,6,7,6,51
2024-03-07 23:50:00,8,8,7,6,4,5,38
2024-03-08 00:00:00,9,9,8,8,4,5,43
2024-03-08 00:10:00,8,8,7,1,1,1,26
2024-03-08 00:20:00,5,5,7,10,9,10,46
2024-03-08 00:30:00,11,12,11,7,7,8,56
2024-03-08 00:40:00,9,10,7,10,10,12,58
2024-03-08 00:50:00,4,1,1,6,10,4,26
2024-03-08 01:00:00,3,3,5,4,4,3,22
2024-03-08 01:10:00,1,1,1,6,6,6,21
2024-03-08 01:20:00,6,7,4,9,8,8,42
2024-03-08 01:30:00,2,2,4,2,3,2,15
2024-03-08 01:40:00,2,3,1,4,5,3,18
2024-03-08 01:50:00,1,1,1,2,2,2,9
2024-03-08 02:00:00,6,7,4,4,8,4,33
2024-03-08 02:10:00,2,2,2,3,3,2,14
2024-03-08 02:20:00,0,0,0,2,2,2,6
2024-03-08 02:30:00,4,4,4,2,0,2,16
2024-03-08 02:40:00,2,2,2,2,2,2,12
2024-03-08 02:50:00,2,2,2,0,1,1,8
2024-03-08 03:00:00,3,3,3,0,0,0,9
2024-03-08 03:10:00,3,3,3,2,2,1,14
2024-03-08 03:20:00,5,4,4,5,4,4,26
2024-03-08 03:30:00,2,2,2,1,2,1,10
2024-03-08 03:40:00,6,6,5,6,7,6,36
2024-03-08 03:50:00,4,4,5,2,2,2,19
2024-03-08 04:00:00,4,3,3,5,6,5,26
2024-03-08 04:10:00,3,2,3,5,5,5,23
2024-03-08 04:20:00,3,4,3,4,4,4,22
2024-03-08 04:30:00,3,3,2,6,4,6,24
2024-03-08 04:40:00,1,1,1,2,2,2,9
2024-03-08 04:50:00,3,2,2,8,8,8,31
2024-03-08 05:00:00,4,2,2,5,7,7,27
2024-03-08 05:10:00,11,11,10,21,17,16,86
2024-03-08 05:20:00,9,7,7,18,18,16,75
2024-03-08 05:30:00,12,12,11,24,22,25,106
2024-03-08 05:40:00,18,16,14,42,25,42,157
2024-03-08 05:50:00,17,15,12,44,32,43,163
2024-03-08 06:00:00,24,20,16,39,27,36,162
2024-03-08 06:10:00,27,28,22,60,46,59,242
2024-03-08 06:20:00,21,18,26,57,39,56,217
2024-03-08 06:30:00,24,22,18,81,47,77,269
2024-03-08 06:40:00,24,22,18,68,38,69,239
2024-03-08 06:50:00,23,25,19,69,37,69,242
2024-03-08 07:00:00,26,20,16,72,37,73,244
2024-03-08 07:10:00,35,34,25,67,32,71,264
2024-03-08 07:20:00,37,33,26,72,39,74,281
2024-03-08 07:30:00,44,46,29,68,35,68,290
2024-03-08 07:40:00,43,42,18,92,40,90,325
2024-03-08 07:50:00,36,42,29,67,34,69,277
2024-03-08 08:00:00,48,44,26,58,40,58,274
2024-03-08 08:10:00,37,42,21,52,38,54,244
2024-03-08 08:20:00,36,40,30,79,55,72,312
2024-03-08 08:30:00,47,53,39,65,34,69,307
2024-03-08 08:40:00,43,43,33,72,36,69,296
2024-03-08 08:50:00,47,53,35,78,42,75,330
2024-03-08 09:00:00,48,43,30,57,47,60,285
2024-03-08 09:10:00,43,41,27,46,28,45,230
2024-03-08 09:20:00,44,45,33,47,38,47,254
2024-03-08 09:30:00,39,41,28,43,31,46,228
2024-03-08 09:40:00,56,55,34,37,30,42,254
2024-03-08 09:50:00,51,53,28,61,42,63,298
2024-03-08 10:00:00,51,45,25,56,43,52,272
2024-03-08 10:10:00,54,56,33,56,30,58,287
2024-03-08 10:20:00,51,51,27,47,30,47,253
2024-03-08 10:30:00,51,49,24,47,33,45,249
2024-03-08 10:40:00,45,49,31,53,32,52,262
2024-03-08 10:50:00,47,49,31,42,30,44,243
2024-03-08 11:00:00,41,45,26,52,38,45,247
2024-03-08 11:10:00,43,42,24,55,37,53,254
2024-03-08 11:20:00,48,51,35,58,36,51,279
2024-03-08 11:30:00,56,54,29,41,37,41,258
2024-03-08 11:40:00,55,56,32,56,38,56,293
2024-03-08 11:50:00,65,71,31,53,35,53,308
2024-03-08 12:00:00,56,56,42,55,45,52,306
2024-03-08 12:10:00,71,69,35,46,34,51,306
2024-03-08 12:20:00,70,74,49,67,37,62,359
2024-03-08 12:30:00,58,58,34,61,31,60,302
2024-03-08 12:40:00,63,57,32,67,40,72,331
2024-03-08 12:50:00,53,49,39,47,34,45,267
2024-03-08 13:00:00,87,86,37,66,42,66,384
2024-03-08 13:10:00,83,77,39,64,35,56,354
2024-03-08 13:20:00,65,61,33,48,38,52,297
2024-03-08 13:30:00,78,85,38,46,32,45,324
2024-03-08 13:40:00,65,65,39,42,26,44,281
2024-03-08 13:50:00,58,69,31,53,35,51,297
2024-03-08 14:00:00,84,83,41,58,37,50,353
2024-03-08 14:10:00,71,75,36,53,34,49,318
2024-03-08 14:20:00,77,75,50,63,39,60,364
2024-03-08 14:30:00,65,70,32,57,27,54,305
2024-03-08 14:40:00,82,80,33,48,32,49,324
2024-03-08 14:50:00,71,75,35,44,28,51,304
2024-03-08 15:00:00,74,74,41,53,30,50,322
2024-03-08 15:10:00,75,77,35,50,34,49,320
2024-03-08 15:20:00,80,84,35,63,32,64,358
2024-03-08 15:30:00,85,83,43,46,35,46,338
2024-03-08 15:40:00,59,65,36,62,34,66,322
2024-03-08 15:50:00,52,52,34,46,31,47,262
2024-03-08 16:00:00,82,87,42,52,34,54,351
2024-03-08 16:10:00,69,72,41,59,33,55,329
2024-03-08 16:20:00,62,69,48,60,36,63,338
2024-03-08 16:30:00,59,59,33,54,30,48,283
2024-03-08 16:40:00,62,59,39,64,37,70,331
2024-03-08 16:50:00,59,57,27,67,33,63,306
2024-03-08 17:00:00,49,53,28,52,29,46,257
2024-03-08 17:10:00,73,77,42,70,32,68,362
2024-03-08 17:20:00,62,57,30,66,30,72,317
2024-03-08 17:30:00,57,62,39,62,38,62,320
2024-03-08 17:40:00,61,59,37,58,35,58,308
2024-03-08 17:50:00,60,56,30,52,32,56,286
2024-03-08 18:00:00,49,48,28,50,33,49,257
2024-03-08 18:10:00,43,44,24,48,33,49,241
2024-03-08 18:20:00,62,60,32,46,28,47,275
2024-03-08 18:30:00,42,42,27,52,29,50,242
2024-03-08 18:40:00,64,64,29,73,75,74,379
2024-03-08 18:50:00,52,47,34,48,38,46,265
2024-03-08 19:00:00,40,42,33,38,24,39,216
2024-03-08 19:10:00,47,47,23,43,33,43,236
2024-03-08 19:20:00,46,47,35,44,36,43,251
2024-03-08 19:30:00,55,57,33,43,32,41,261
2024-03-08 19:40:00,47,46,23,45,36,46,243
2024-03-08 19:50:00,35,32,20,27,28,26,168
2024-03-08 20:00:00,27,27,23,35,20,30,162
2024-03-08 20:10:00,33,33,18,29,29,31,173
2024-03-08 20:20:00,35,37,26,27,25,26,176
2024-03-08 20:30:00,29,29,28,32,27,33,178
2024-03-08 20:40:00,34,33,23,47,22,46,205
2024-03-08 20:50:00,26,27,22,15,16,15,121
2024-03-08 21:00:00,26,26,16,28,25,28,149
2024-03-08 21:10:00,22,21,19,16,17,16,111
2024-03-08 21:20:00,28,31,26,25,21,23,154
2024-03-08 21:30:00,36,36,26,22,17,21,158
2024-03-08 21:40:00,28,27,25,21,20,21,142
2024-03-08 21:50:00,21,24,14,29,24,23,135
2024-03-08 22:00:00,28,33,23,20,22,19,145
2024-03-08 22:10:00,28,27,19,20,15,16,125
2024-03-08 22:20:00,47,48,27,19,18,21,180
2024-03-08 22:30:00,25,28,19,20,20,20,132
2024-03-08 22:40:00,34,34,21,19,20,17,145
2024-03-08 22:50:00,27,28,18,11,11,10,105
2024-03-08 23:00:00,27,24,16,14,15,13,109
2024-03-08 23:10:00,20,19,19,16,21,16,111
2024-03-08 23:20:00,16,16,12,22,21,21,108
2024-03-08 23:30:00,23,22,16,16,16,16,109
2024-03-08 23:40:00,15,17,14,15,20,15,96
2024-03-08 23:50:00,18,16,17,13,15,13,92
2024-03-09 00:00:00,16,14,9,7,8,7,61
2024-03-09 00:10:00,30,31,30,6,4,5,106
2024-03-09 00:20:00,17,15,15,8,10,7,72
2024-03-09 00:30:00,15,16,15,9,8,8,71
2024-03-09 00:40:00,8,8,10,7,6,5,44
2024-03-09 00:50:00,15,14,11,13,13,13,79
2024-03-09 01:00:00,12,13,9,10,7,8,59
2024-03-09 01:10:00,15,13,15,9,8,8,68
2024-03-09 01:20:00,10,11,6,13,11,12,63
2024-03-09 01:30:00,13,11,7,11,8,9,59
2024-03-09 01:40:00,9,11,10,7,7,6,50
2024-03-09 01:50:00,6,5,6,5,6,5,33
2024-03-09 02:00:00,7,6,6,5,8,5,37
2024-03-09 02:10:00,11,11,10,6,4,7,49
2024-03-09 02:20:00,9,7,6,6,4,5,37
2024-03-09 02:30:00,8,9,5,12,14,12,60
2024-03-09 02:40:00,5,5,4,1,1,1,17
2024-03-09 02:50:00,5,5,5,4,5,4,28
2024-03-09 03:00:00,4,3,3,8,8,7,33
2024-03-09 03:10:00,5,5,2,3,3,3,21
2024-03-09 03:20:00,3,3,3,2,4,2,17
2024-03-09 03:30:00,7,6,6,6,6,4,35
2024-03-09 03:40:00,3,3,2,7,5,6,26
2024-03-09 03:50:00,2,2,2,1,1,1,9
2024-03-09 04:00:00,7,8,7,6,7,6,41
2024-03-09 04:10:00,7,6,8,5,4,3,33
2024-03-09 04:20:00,4,4,4,3,4,1,20
2024-03-09 04:30:00,3,3,4,6,5,4,25
2024-03-09 04:40:00,0,0,0,1,1,1,3
2024-03-09 04:50:00,0,1,0,5,6,5,17
2024-03-09 05:00:00,5,5,5,7,8,7,37
2024-03-09 05:10:00,4,8,4,8,7,8,39
2024-03-09 05:20:00,8,9,6,11,11,9,54
2024-03-09 05:30:00,8,7,9,14,15,15,68
2024-03-09 05:40:00,9,11,9,13,13,12,67
2024-03-09 05:50:00,8,9,4,8,7,6,42
2024-03-09 06:00:00,10,10,11,5,5,5,46
2024-03-09 06:10:00,8,8,8,11,10,10,55
2024-03-09 06:20:00,10,9,7,18,16,17,77
2024-03-09 06:30:00,6,4,4,8,9,8,39
2024-03-09 06:40:00,14,12,11,14,16,13,80
2024-03-09 06:50:00,17,16,13,11,7,8,72
2024-03-09 07:00:00,6,8,7,10,10,11,52
2024-03-09 07:10:00,14,12,8,15,12,14,75
2024-03-09 07:20:00,13,13,11,14,11,14,76
2024-03-09 07:30:00,9,7,7,18,18,18,77
2024-03-09 07:40:00,14,15,9,23,19,20,100
2024-03-09 07:50:00,19,19,12,20,17,25,112
2024-03-09 08:00:00,13,13,12,21,20,20,99
2024-03-09 08:10:00,17,14,13,22,17,21,104
2024-03-09 08:20:00,16,18,11,24,22,23,114
2024-03-09 08:30:00,14,18,14,21,17,23,107
2024-03-09 08:40:00,25,29,21,34,25,29,163
2024-03-09 08:50:00,24,25,18,25,22,24,138
2024-03-09 09:00:00,17,17,12,27,22,27,122
2024-03-09 09:10:00,22,23,17,29,24,29,144
2024-03-09 09:20:00,29,29,25,31,24,32,170
2024-03-09 09:30:00,20,20,14,37,24,37,152
2024-03-09 09:40:00,32,39,25,35,24,41,196
2024-03-09 09:50:00,43,48,32,54,30,55,262
2024-03-09 10:00:00,40,36,26,39,32,39,212
2024-03-09 10:10:00,42,40,21,46,31,46,226
2024-03-09 10:20:00,35,39,27,39,30,42,212
2024-03-09 10:30:00,31,30,23,39,29,42,194
2024-03-09 10:40:00,39,45,27,44,35,47,237
2024-03-09 10:50:00,32,31,22,46,22,42,195
2024-03-09 11:00:00,45,29,26,43,60,40,243
2024-03-09 11:10:00,46,48,32,40,33,42,241
2024-03-09 11:20:00,34,36,20,37,25,38,190
2024-03-09 11:30:00,37,35,30,49,36,54,241
2024-03-09 11:40:00,48,50,30,47,32,43,250
2024-03-09 11:50:00,37,37,19,40,30,42,205
2024-03-09 12:00:00,31,30,21,34,29,38,183
2024-03-09 12:10:00,59,60,32,51,31,52,285
2024-03-09 12:20:00,44,45,29,38,25,40,221
2024-03-09 12:30:00,41,44,26,50,36,48,245
2024-03-09 12:40:00,43,41,29,44,28,44,229
2024-03-09 12:50:00,51,56,30,47,33,48,265
2024-03-09 13:00:00,48,42,26,48,38,53,255
2024-03-09 13:10:00,39,45,32,44,36,42,238
2024-03-09 13:20:00,50,42,30,46,39,49,256
2024-03-09 13:30:00,46,48,29,43,33,40,239
2024-03-09 13:40:00,50,57,27,51,36,49,270
2024-03-09 13:50:00,52,55,39,41,28,38,253
2024-03-09 14:00:00,31,30,28,40,30,34,193
2024-03-09 14:10:00,44,51,26,49,37,52,259
2024-03-09 14:20:00,45,45,30,35,25,34,214
2024-03-09 14:30:00,44,43,31,44,35,46,243
2024-03-09 14:40:00,60,61,36,51,35,47,290
2024-03-09 14:50:00,44,48,30,43,26,44,235
2024-03-09 15:00:00,53,57,31,45,31,46,263
2024-03-09 15:10:00,54,55,37,42,31,46,265
2024-03-09 15:20:00,42,43,30,52,36,50,253
2024-03-09 15:30:00,49,46,27,38,23,36,219
2024-03-09 15:40:00,41,42,24,39,23,38,207
2024-03-09 15:50:00,47,49,31,36,26,35,224
2024-03-09 16:00:00,50,54,32,40,27,36,239
2024-03-09 16:10:00,49,50,28,34,20,31,212
2024-03-09 16:20:00,38,37,26,34,21,33,189
2024-03-09 16:30:00,46,50,24,43,32,44,239
2024-03-09 16:40:00,32,35,27,34,23,32,183
2024-03-09 16:50:00,47,47,34,46,26,27,227
2024-03-09 17:00:00,39,45,24,46,24,42,220
2024-03-09 17:10:00,42,43,29,33,27,36,210
2024-03-09 17:20:00,37,38,27,40,26,38,206
2024-03-09 17:30:00,30,30,27,41,22,38,188
2024-03-09 17:40:00,43,46,29,45,27,45,235
2024-03-09 17:50:00,41,45,31,48,35,48,248
2024-03-09 18:00:00,34,32,24,39,30,41,200
2024-03-09 18:10:00,50,52,29,46,36,47,260
2024-03-09 18:20:00,42,42,26,46,28,48,232
2024-03-09 18:30:00,37,40,28,44,34,42,225
2024-03-09 18:40:00,34,36,30,43,45,40,228
2024-03-09 18:50:00,40,41,24,48,39,47,239
2024-03-09 19:00:00,32,31,21,34,35,33,186
2024-03-09 19:10:00,44,46,26,58,42,57,273
2024-03-09 19:20:00,43,39,32,26,31,29,200
2024-03-09 19:30:00,39,40,26,39,34,38,216
2024-03-09 19:40:00,28,28,18,26,24,25,149
2024-03-09 19:50:00,33,35,19,36,43,39,205
2024-03-09 20:00:00,27,26,20,24,21,23,141
2024-03-09 20:10:00,24,23,22,25,23,26,143
2024-03-09 20:20:00,30,34,21,23,24,20,152
2024-03-09 20:30:00,25,27,21,36,27,36,172
2024-03-09 20:40:00,19,18,15,29,28,27,136
2024-03-09 20:50:00,25,25,21,23,19,23,136
2024-03-09 21:00:00,42,42,23,29,21,29,186
2024-03-09 21:10:00,29,29,26,27,25,26,162
2024-03-09 21:20:00,29,28,24,20,12,15,128
2024-03-09 21:30:00,32,28,22,23,23,25,153
2024-03-09 21:40:00,21,19,17,17,21,16,111
2024-03-09 21:50:00,26,30,18,31,24,32,161
2024-03-09 22:00:00,17,15,14,15,9,13,83
2024-03-09 22:10:00,21,20,14,25,27,23,130
2024-03-09 22:20:00,26,24,22,29,24,28,153
2024-03-09 22:30:00,20,20,16,15,12,15,98
2024-03-09 22:40:00,20,19,26,19,21,19,124
2024-03-09 22:50:00,28,28,26,25,25,23,155
2024-03-09 23:00:00,29,30,26,10,10,9,114
2024-03-09 23:10:00,29,29,25,14,17,15,129
2024-03-09 23:20:00,27,25,25,26,24,25,152
2024-03-09 23:30:00,22,19,19,21,16,18,115
2024-03-09 23:40:00,25,27,23,15,18,13,121
2024-03-09 23:50:00,15,15,15,18,15,14,92
2024-03-10 00:00:00,13,14,13,14,16,15,85
2024-03-10 00:10:00,12,13,16,5,5,4,55
2024-03-10 00:20:00,12,11,15,9,12,11,70
2024-03-10 00:30:00,14,13,12,8,8,9,64
2024-03-10 00:40:00,10,10,8,10,12,10,60
2024-03-10 00:50:00,15,15,12,11,9,9,71
2024-03-10 01:00:00,11,13,13,9,10,7,63
2024-03-10 01:10:00,10,11,12,7,11,8,59
2024-03-10 01:20:00,11,11,11,4,3,4,44
2024-03-10 01:30:00,8,7,5,10,10,9,49
2024-03-10 01:40:00,10,11,7,3,4,3,38
2024-03-10 01:50:00,6,6,7,6,6,6,37
2024-03-10 02:00:00,7,7,7,4,4,5,34
2024-03-10 02:10:00,2,3,3,5,5,3,21
2024-03-10 02:20:00,11,10,9,9,11,10,60
2024-03-10 02:30:00,9,10,7,4,5,4,39
2024-03-10 02:40:00,1,1,2,5,4,5,18
2024-03-10 02:50:00,6,6,7,7,6,5,37
2024-03-10 03:00:00,4,5,5,2,1,2,19
2024-03-10 03:10:00,7,6,8,6,9,6,42
2024-03-10 03:20:00,5,4,3,4,5,4,25
2024-03-10 03:30:00,3,2,2,7,5,6,25
2024-03-10 03:40:00,4,4,5,3,1,1,18
2024-03-10 03:50:00,3,3,3,2,1,2,14
2024-03-10 04:00:00,5,6,6,4,3,4,28
2024-03-10 04:10:00,7,7,6,3,2,1,26
2024-03-10 04:20:00,5,6,6,0,0,0,17
2024-03-10 04:30:00,5,4,7,4,3,4,27
2024-03-10 04:40:00,0,0,0,2,2,2,6
2024-03-10 04:50:00,5,5,4,4,6,5,29
2024-03-10 05:00:00,6,6,4,9,7,6,38
2024-03-10 05:10:00,5,7,5,11,14,12,54
2024-03-10 05:20:00,9,7,6,7,9,8,46
2024-03-10 05:30:00,2,1,1,8,13,8,33
2024-03-10 05:40:00,12,14,11,6,5,5,53
2024-03-10 05:50:00,7,6,6,7,9,6,41
2024-03-10 06:00:00,5,6,6,5,6,5,33
2024-03-10 06:10:00,6,7,5,5,6,5,34
2024-03-10 06:20:00,7,9,10,10,11,12,59
2024-03-10 06:30:00,8,7,7,11,12,10,55
2024-03-10 06:40:00,9,9,7,8,9,8,50
2024-03-10 06:50:00,8,8,7,7,4,6,40
2024-03-10 07:00:00,5,6,4,3,3,3,24
2024-03-10 07:10:00,7,9,4,7,5,6,38
2024-03-10 07:20:00,5,4,4,10,10,11,44
2024-03-10 07:30:00,3,4,4,7,6,7,31
2024-03-10 07:40:00,4,4,2,4,4,4,22
2024-03-10 07:50:00,6,6,5,8,5,6,36
2024-03-10 08:00:00,9,10,6,10,10,11,56
2024-03-10 08:10:00,5,5,5,5,5,5,30
2024-03-10 08:20:00,5,6,5,11,9,10,46
2024-03-10 08:30:00,11,11,9,11,11,11,64
2024-03-10 08:40:00,11,10,8,7,7,7,50
2024-03-10 08:50:00,7,8,7,16,10,15,63
2024-03-10 09:00:00,13,13,10,16,16,14,82
2024-03-10 09:10:00,9,10,8,19,16,21,83
2024-03-10 09:20:00,14,15,13,25,17,20,104
2024-03-10 09:30:00,16,15,10,17,14,16,88
2024-03-10 09:40:00,18,16,14,26,21,25,120
2024-03-10 09:50:00,21,21,17,25,20,25,129
2024-03-10 10:00:00,17,16,14,16,14,16,93
2024-03-10 10:10:00,16,15,14,24,20,26,115
2024-03-10 10:20:00,22,24,18,18,15,20,117
2024-03-10 10:30:00,26,26,18,20,19,16,125
2024-03-10 10:40:00,19,19,15,24,26,25,128
2024-03-10 10:50:00,19,16,20,33,22,30,140
2024-03-10 11:00:00,18,19,14,27,20,25,123
2024-03-10 11:10:00,23,21,19,23,20,25,131
2024-03-10 11:20:00,22,24,16,31,24,26,143
2024-03-10 11:30:00,32,32,23,32,28,30,177
2024-03-10 11:40:00,38,38,33,23,20,21,173
2024-03-10 11:50:00,29,28,23,39,22,42,183
2024-03-10 12:00:00,27,26,18,45,26,43,185
2024-03-10 12:10:00,35,36,25,36,28,36,196
2024-03-10 12:20:00,39,37,24,40,30,46,216
2024-03-10 12:30:00,30,30,24,28,23,26,161
2024-03-10 12:40:00,28,25,22,38,27,38,178
2024-03-10 12:50:00,24,26,18,35,25,35,163
2024-03-10 13:00:00,37,34,23,39,31,40,204
2024-03-10 13:10:00,39,40,32,46,39,37,233
2024-03-10 13:20:00,37,40,23,42,32,49,223
2024-03-10 13:30:00,29,30,24,40,32,40,195
2024-03-10 13:40:00,28,29,19,41,32,40,189
2024-03-10 13:50:00,35,37,22,40,29,37,200
2024-03-10 14:00:00,46,45,33,39,22,39,224
2024-03-10 14:10:00,25,26,14,44,32,42,183
2024-03-10 14:20:00,47,47,25,35,24,32,210
2024-03-10 14:30:00,37,34,27,37,31,41,207
2024-03-10 14:40:00,39,41,19,45,30,42,216
2024-03-10 14:50:00,43,41,30,39,30,39,222
2024-03-10 15:00:00,43,43,27,34,23,33,203
2024-03-10 15:10:00,33,35,23,29,23,29,172
2024-03-10 15:20:00,36,36,23,42,30,45,212
2024-03-10 15:30:00,33,29,21,35,24,35,177
2024-03-10 15:40:00,35,36,23,24,18,27,163
2024-03-10 15:50:00,33,32,26,39,24,39,193
2024-03-10 16:00:00,35,33,24,25,17,24,158
2024-03-10 16:10:00,34,32,23,37,29,36,191
2024-03-10 16:20:00,39,38,29,39,26,41,212
2024-03-10 16:30:00,30,29,25,31,29,31,175
2024-03-10 16:40:00,38,40,25,39,27,33,202
2024-03-10 16:50:00,49,49,30,47,28,47,250
2024-03-10 17:00:00,38,39,24,32,30,36,199
2024-03-10 17:10:00,36,35,22,46,40,46,225
2024-03-10 17:20:00,40,42,31,45,30,47,235
2024-03-10 17:30:00,37,36,19,45,34,45,216
2024-03-10 17:40:00,38,39,25,26,23,27,178
2024-03-10 17:50:00,44,40,26,41,26,43,220
2024-03-10 18:00:00,36,32,21,40,31,41,201
2024-03-10 18:10:00,33,36,22,35,28,35,189
2024-03-10 18:20:00,36,40,22,26,20,26,170
2024-03-10 18:30:00,26,27,19,26,32,26,156
2024-03-10 18:40:00,35,30,33,34,25,30,187
2024-03-10 18:50:00,26,28,23,29,22,29,157
2024-03-10 19:00:00,31,31,25,41,40,41,209
2024-03-10 19:10:00,34,34,26,37,34,35,200
2024-03-10 19:20:00,28,29,27,34,32,38,188
2024-03-10 19:30:00,32,31,20,25,26,24,158
2024-03-10 19:40:00,31,32,19,33,34,33,182
2024-03-10 19:50:00,25,24,21,28,30,27,155
2024-03-10 20:00:00,29,25,21,16,17,18,126
2024-03-10 20:10:00,23,23,23,23,25,21,138
2024-03-10 20:20:00,21,22,16,19,13,19,110
2024-03-10 20:30:00,22,19,18,22,19,16,116
2024-03-10 20:40:00,31,28,17,17,19,15,127
2024-03-10 20:50:00,22,22,21,15,17,17,114
2024-03-10 21:00:00,21,18,21,23,23,22,128
2024-03-10 21:10:00,25,24,27,18,19,14,127
2024-03-10 21:20:00,27,27,17,27,31,30,159
2024-03-10 21:30:00,24,27,18,15,15,17,116
2024-03-10 21:40:00,25,27,16,9,11,9,97
2024-03-10 21:50:00,22,25,17,15,16,14,109
2024-03-10 22:00:00,22,22,16,13,11,12,96
2024-03-10 22:10:00,13,13,12,6,8,6,58
2024-03-10 22:20:00,19,16,10,20,17,18,100
2024-03-10 22:30:00,18,17,12,8,5,6,66
2024-03-10 22:40:00,7,7,7,7,6,6,40
2024-03-10 22:50:00,15,17,11,11,7,12,73
2024-03-10 23:00:00,7,5,5,6,4,6,33
2024-03-10 23:10:00,12,13,10,5,4,4,48
2024-03-10 23:20:00,6,7,6,10,5,6,40
2024-03-10 23:30:00,7,10,5,9,8,9,48
2024-03-10 23:40:00,10,10,8,9,6,8,51
2024-03-10 23:50:00,5,5,6,9,6,8,39
2024-03-11 00:00:00,6,7,4,5,6,5,33
2024-03-11 00:10:00,1,2,2,4,4,4,17
2024-03-11 00:20:00,7,7,6,9,5,6,40
2024-03-11 00:30:00,5,8,4,5,6,5,33
2024-03-11 00:40:00,1,1,1,2,1,2,8
2024-03-11 00:50:00,5,2,2,6,3,5,23
2024-03-11 01:00:00,2,2,1,2,3,2,12
2024-03-11 01:10:00,2,2,2,1,3,2,12
2024-03-11 01:20:00,1,1,1,2,2,2,9
2024-03-11 01:30:00,2,2,5,0,0,1,10
2024-03-11 01:40:00,2,2,2,2,1,0,9
2024-03-11 01:50:00,3,3,3,3,5,3,20
2024-03-11 02:00:00,1,0,0,2,2,2,7
2024-03-11 02:10:00,1,1,1,0,0,0,3
2024-03-11 02:20:00,3,3,3,2,3,2,16
2024-03-11 02:30:00,3,3,3,3,4,3,19
2024-03-11 02:40:00,1,1,1,2,1,2,8
2024-03-11 02:50:00,3,3,3,1,1,1,12
2024-03-11 03:00:00,4,4,4,1,1,1,15
2024-03-11 03:10:00,1,1,2,2,2,2,10
2024-03-11 03:20:00,2,2,2,2,2,2,12
2024-03-11 03:30:00,3,1,1,3,5,4,17
2024-03-11 03:40:00,0,1,0,5,6,5,17
2024-03-11 03:50:00,3,2,3,3,2,3,16
2024-03-11 04:00:00,4,3,3,6,5,6,27
2024-03-11 04:10:00,2,2,1,7,9,7,28
2024-03-11 04:20:00,1,1,1,0,0,0,3
2024-03-11 04:30:00,2,2,2,4,4,4,18
2024-03-11 04:40:00,3,3,3,8,6,8,31
2024-03-11 04:50:00,4,4,4,7,5,6,30
2024-03-11 05:00:00,12,12,14,8,5,8,59
2024-03-11 05:10:00,10,7,4,18,16,18,73
2024-03-11 05:20:00,10,10,10,25,14,24,93
2024-03-11 05:30:00,14,15,10,27,17,26,109
2024-03-11 05:40:00,20,20,18,43,22,43,166
2024-03-11 05:50:00,17,16,12,37,18,37,137
2024-03-11 06:00:00,22,22,14,45,25,47,175
2024-03-11 06:10:00,25,20,9,49,29,47,179
2024-03-11 06:20:00,30,25,16,63,22,62,218
2024-03-11 06:30:00,31,26,19,79,27,78,260
2024-03-11 06:40:00,22,23,14,83,27,82,251
2024-03-11 06:50:00,26,27,17,92,29,89,280
2024-03-11 07:00:00,25,26,14,76,31,77,249
2024-03-11 07:10:00,32,29,19,81,32,76,269
2024-03-11 07:20:00,47,44,29,64,40,67,291
2024-03-11 07:30:00,47,47,24,75,32,72,297
2024-03-11 07:40:00,51,52,34,58,32,56,283
2024-03-11 07:50:00,45,43,29,94,32,93,336
2024-03-11 08:00:00,44,41,20,54,28,59,246
2024-03-11 08:10:00,53,55,31,75,35,79,328
2024-03-11 08:20:00,40,34,22,62,32,60,250
2024-03-11 08:30:00,56,62,30,71,48,67,334
2024-03-11 08:40:00,55,50,29,73,43,70,320
2024-03-11 08:50:00,52,51,32,57,25,56,273
2024-03-11 09:00:00,40,42,25,68,34,69,278
2024-03-11 09:10:00,37,35,25,46,28,45,216
2024-03-11 09:20:00,33,32,20,50,34,52,221
2024-03-11 09:30:00,54,51,33,51,33,50,272
2024-03-11 09:40:00,45,43,30,62,38,62,280
2024-03-11 09:50:00,37,36,31,42,26,37,209
2024-03-11 10:00:00,0,0,0,0,0,0,0
2024-03-11 10:10:00,0,0,0,0,0,0,0
2024-03-11 10:20:00,0,0,0,0,0,0,0
2024-03-11 10:30:00,0,0,0,0,0,0,0
2024-03-11 10:40:00,0,0,0,0,0,0,0
2024-03-11 10:50:00,0,0,0,0,0,0,0
2024-03-11 11:00:00,0,0,0,0,0,0,0
2024-03-11 11:10:00,0,0,0,0,0,0,0
2024-03-11 11:20:00,0,0,0,0,0,0,0
2024-03-11 11:30:00,0,0,0,0,0,0,0
2024-03-11 11:40:00,0,0,0,0,0,0,0
2024-03-11 11:50:00,0,0,0,0,0,0,0
2024-03-11 12:00:00,0,0,0,0,0,0,0
2024-03-11 12:10:00,0,0,0,0,0,0,0
2024-03-11 12:20:00,0,0,0,0,0,0,0
2024-03-11 12:30:00,0,0,0,0,0,0,0
2024-03-11 12:40:00,14,11,8,18,13,17,81
2024-03-11 12:50:00,53,50,26,42,45,40,256
2024-03-11 13:00:00,56,58,28,46,35,44,267
2024-03-11 13:10:00,54,53,29,46,28,50,260
2024-03-11 13:20:00,52,50,31,59,31,58,281
2024-03-11 13:30:00,66,63,34,51,33,47,294
2024-03-11 13:40:00,54,54,23,42,27,47,247
2024-03-11 13:50:00,55,55,37,57,30,51,285
2024-03-11 14:00:00,49,52,21,35,28,32,217
2024-03-11 14:10:00,69,68,34,53,38,52,314
2024-03-11 14:20:00,55,53,35,32,29,35,239
2024-03-11 14:30:00,69,71,48,47,32,45,312
2024-03-11 14:40:00,80,77,38,52,37,49,333
2024-03-11 14:50:00,64,69,37,56,37,51,314
2024-03-11 15:00:00,86,88,43,44,31,42,334
2024-03-11 15:10:00,83,79,48,50,38,49,347
2024-03-11 15:20:00,80,81,28,56,39,56,340
2024-03-11 15:30:00,95,96,41,56,32,50,370
2024-03-11 15:40:00,83,85,40,49,28,52,337
2024-03-11 15:50:00,74,76,35,43,29,45,302
2024-03-11 16:00:00,79,75,49,44,34,48,329
2024-03-11 16:10:00,75,78,38,71,35,70,367
2024-03-11 16:20:00,82,86,48,49,34,48,347
2024-03-11 16:30:00,66,72,43,50,36,49,316
2024-03-11 16:40:00,90,94,53,58,37,61,393
2024-03-11 16:50:00,58,63,39,44,31,46,281
2024-03-11 17:00:00,69,66,32,61,31,55,314
2024-03-11 17:10:00,64,64,34,58,34,59,313
2024-03-11 17:20:00,79,81,40,56,39,59,354
2024-03-11 17:30:00,61,67,33,51,33,58,303
2024-03-11 17:40:00,57,58,32,56,43,54,300
2024-03-11 17:50:00,49,49,34,64,36,62,294
2024-03-11 18:00:00,65,64,40,41,29,40,279
2024-03-11 18:10:00,63,59,37,52,35,53,299
2024-03-11 18:20:00,56,58,31,39,21,39,244
2024-03-11 18:30:00,52,57,27,48,26,48,258
2024-03-11 18:40:00,38,38,20,31,24,33,184
2024-03-11 18:50:00,35,37,24,33,38,34,201
2024-03-11 19:00:00,45,44,31,30,29,32,211
2024-03-11 19:10:00,25,29,24,29,23,30,160
2024-03-11 19:20:00,31,25,24,34,26,34,174
2024-03-11 19:30:00,34,35,21,36,27,32,185
2024-03-11 19:40:00,25,22,19,42,38,40,186
2024-03-11 19:50:00,25,24,19,30,30,30,158
2024-03-11 20:00:00,26,27,24,22,20,20,139
2024-03-11 20:10:00,33,32,26,25,24,24,164
2024-03-11 20:20:00,29,29,20,24,30,23,155
2024-03-11 20:30:00,20,21,23,24,19,22,129
2024-03-11 20:40:00,34,36,22,21,13,18,144
2024-03-11 20:50:00,29,31,21,18,18,18,135
2024-03-11 21:00:00,25,25,18,25,20,18,131
2024-03-11 21:10:00,32,32,27,26,24,20,161
2024-03-11 21:20:00,29,28,21,19,22,24,143
2024-03-11 21:30:00,27,26,22,19,18,17,129
2024-03-11 21:40:00,20,21,12,8,8,7,76
2024-03-11 21:50:00,19,20,12,13,7,9,80
2024-03-11 22:00:00,27,26,21,13,17,11,115
2024-03-11 22:10:00,18,18,15,12,13,10,86
2024-03-11 22:20:00,22,22,23,19,18,19,123
2024-03-11 22:30:00,18,19,14,11,13,11,86
2024-03-11 22:40:00,17,17,17,10,13,9,83
2024-03-11 22:50:00,13,12,9,13,13,14,74
2024-03-11 23:00:00,10,11,11,4,5,4,45
2024-03-11 23:10:00,9,10,8,12,12,10,61
2024-03-11 23:20:00,8,9,9,11,13,10,60
2024-03-11 23:30:00,11,11,9,8,5,8,52
2024-03-11 23:40:00,4,3,3,6,7,6,29
2024-03-11 23:50:00,9,8,10,6,2,5,40
2024-03-12 00:00:00,8,9,5,6,6,6,40
2024-03-12 00:10:00,4,3,4,2,2,2,17
2024-03-12 00:20:00,9,12,7,8,9,8,53
2024-03-12 00:30:00,7,7,5,5,5,4,33
2024-03-12 00:40:00,5,5,5,4,3,2,24
2024-03-12 00:50:00,3,5,2,7,6,6,29
2024-03-12 01:00:00,2,3,4,3,4,3,19
2024-03-12 01:10:00,2,2,3,1,1,1,10
2024-03-12 01:20:00,2,2,2,3,3,4,16
2024-03-12 01:30:00,2,3,4,2,3,1,15
2024-03-12 01:40:00,5,5,5,4,5,3,27
2024-03-12 01:50:00,0,1,0,1,1,1,4
2024-03-12 02:00:00,4,3,4,2,3,2,18
2024-03-12 02:10:00,5,4,5,1,1,1,17
2024-03-12 02:20:00,2,2,2,2,2,1,11
2024-03-12 02:30:00,5,6,5,3,2,3,24
2024-03-12 02:40:00,3,3,3,1,0,2,12
2024-03-12 02:50:00,2,2,2,0,0,0,6
2024-03-12 03:00:00,5,5,5,4,3,3,25
2024-03-12 03:10:00,1,1,1,1,1,1,6
2024-03-12 03:20:00,4,4,4,3,2,2,19
2024-03-12 03:30:00,5,3,3,4,5,4,24
2024-03-12 03:40:00,1,1,1,6,6,6,21
2024-03-12 03:50:00,1,1,1,1,1,1,6
2024-03-12 04:00:00,2,2,2,8,7,6,27
2024-03-12 04:10:00,5,4,4,4,4,4,25
2024-03-12 04:20:00,8,9,7,5,5,4,38
2024-03-12 04:30:00,1,0,0,6,6,6,19
2024-03-12 04:40:00,2,2,2,6,6,5,23
2024-03-12 04:50:00,2,2,3,6,5,5,23
2024-03-12 05:00:00,7,6,7,16,20,16,72
2024-03-12 05:10:00,11,14,7,16,23,16,87
2024-03-12 05:20:00,7,9,4,19,18,21,78
2024-03-12 05:30:00,17,15,15,36,26,36,145
2024-03-12 05:40:00,17,13,15,38,29,39,151
2024-03-12 05:50:00,19,15,13,59,40,62,208
2024-03-12 06:00:00,25,23,22,42,26,39,177
2024-03-12 06:10:00,22,20,11,66,37,70,226
2024-03-12 06:20:00,30,28,21,70,41,69,259
2024-03-12 06:30:00,22,17,16,75,43,74,247
2024-03-12 06:40:00,13,14,9,77,35,79,227
2024-03-12 06:50:00,50,38,29,86,32,91,326
2024-03-12 07:00:00,31,25,28,78,38,74,274
2024-03-12 07:10:00,36,34,19,91,33,84,297
2024-03-12 07:20:00,41,42,30,79,41,82,315
2024-03-12 07:30:00,42,43,26,97,40,91,339
2024-03-12 07:40:00,47,52,22,72,35,80,308
2024-03-12 07:50:00,37,37,24,68,29,61,256
2024-03-12 08:00:00,54,55,33,71,31,69,313
2024-03-12 08:10:00,55,54,35,45,19,49,257
2024-03-12 08:20:00,49,47,31,81,33,84,325
2024-03-12 08:30:00,37,38,23,86,45,88,317
2024-03-12 08:40:00,36,39,31,70,36,65,277
2024-03-12 08:50:00,41,43,25,76,40,78,303
2024-03-12 09:00:00,49,55,30,55,37,56,282
2024-03-12 09:10:00,49,48,35,59,42,54,287
2024-03-12 09:20:00,44,43,29,61,42,65,284
2024-03-12 09:30:00,24,26,16,35,26,33,160
2024-03-12 09:40:00,35,38,23,57,34,48,235
2024-03-12 09:50:00,36,38,22,46,31,47,220
2024-03-12 10:00:00,48,53,27,42,32,44,246
2024-03-12 10:10:00,38,43,25,46,36,47,235
2024-03-12 10:20:00,36,38,33,42,34,46,229
2024-03-12 10:30:00,55,63,30,64,43,60,315
2024-03-12 10:40:00,46,44,25,59,30,55,259
2024-03-12 10:50:00,43,43,29,50,32,47,244
2024-03-12 11:00:00,57,52,34,67,36,55,301
2024-03-12 11:10:00,33,37,21,54,41,50,236
2024-03-12 11:20:00,56,52,29,42,39,46,264
2024-03-12 11:30:00,47,47,27,49,32,50,252
2024-03-12 11:40:00,53,68,36,42,28,45,272
2024-03-12 11:50:00,44,46,29,43,24,40,226
2024-03-12 12:00:00,50,48,29,43,28,42,240
2024-03-12 12:10:00,59,58,36,52,32,53,290
2024-03-12 12:20:00,52,54,31,47,31,44,259
2024-03-12 12:30:00,56,55,27,43,22,42,245
2024-03-12 12:40:00,46,43,27,48,30,50,244
2024-03-12 12:50:00,61,64,33,47,35,47,287
2024-03-12 13:00:00,64,64,35,41,29,40,273
2024-03-12 13:10:00,45,53,29,55,25,52,259
2024-03-12 13:20:00,44,42,28,41,31,42,228
2024-03-12 13:30:00,47,45,36,50,35,52,265
2024-03-12 13:40:00,43,44,26,46,34,46,239
2024-03-12 13:50:00,57,57,39,57,37,59,306
2024-03-12 14:00:00,64,65,38,49,28,49,293
2024-03-12 14:10:00,73,75,42,49,39,48,326
2024-03-12 14:20:00,62,62,42,46,38,41,291
2024-03-12 14:30:00,75,77,31,49,28,41,301
2024-03-12 14:40:00,67,66,44,58,30,59,324
2024-03-12 14:50:00,68,78,30,54,40,56,326
2024-03-12 15:00:00,77,82,49,57,39,53,357
2024-03-12 15:10:00,91,88,51,57,37,53,377
2024-03-12 15:20:00,85,85,54,45,33,48,350
2024-03-12 15:30:00,86,86,42,38,30,36,318
2024-03-12 15:40:00,62,61,47,55,31,55,311
2024-03-12 15:50:00,70,74,40,49,32,53,318
2024-03-12 16:00:00,77,79,53,57,39,61,366
2024-03-12 16:10:00,92,90,38,69,34,63,386
2024-03-12 16:20:00,81,81,42,57,30,57,348
2024-03-12 16:30:00,74,73,49,58,41,56,351
2024-03-12 16:40:00,73,78,41,76,43,74,385
2024-03-12 16:50:00,81,88,51,53,39,50,362
2024-03-12 17:00:00,99,103,35,60,30,48,375
2024-03-12 17:10:00,76,75,32,67,30,64,344
2024-03-12 17:20:00,61,57,33,41,33,43,268
2024-03-12 17:30:00,75,80,48,57,35,56,351
2024-03-12 17:40:00,75,77,34,71,36,69,362
2024-03-12 17:50:00,52,51,28,44,30,43,248
2024-03-12 18:00:00,81,80,28,62,31,62,344
2024-03-12 18:10:00,79,78,30,57,39,55,338
2024-03-12 18:20:00,55,54,27,41,27,40,244
2024-03-12 18:30:00,50,47,31,41,32,37,238
2024-03-12 18:40:00,43,44,30,47,41,46,251
2024-03-12 18:50:00,31,32,19,31,29,35,177
2024-03-12 19:00:00,34,34,17,40,35,38,198
2024-03-12 19:10:00,46,44,37,41,37,44,249
2024-03-12 19:20:00,42,42,30,43,35,37,229
2024-03-12 19:30:00,47,47,23,39,27,34,217
2024-03-12 19:40:00,38,38,25,39,39,39,218
2024-03-12 19:50:00,31,32,22,36,28,33,182
2024-03-12 20:00:00,28,27,26,33,25,33,172
2024-03-12 20:10:00,32,32,24,29,24,27,168
2024-03-12 20:20:00,28,28,22,15,18,15,126
2024-03-12 20:30:00,23,25,21,20,18,20,127
2024-03-12 20:40:00,21,21,17,21,10,18,108
2024-03-12 20:50:00,25,25,16,15,13,14,108
2024-03-12 21:00:00,32,33,21,28,15,27,156
2024-03-12 21:10:00,30,31,20,25,17,25,148
2024-03-12 21:20:00,34,33,19,27,16,24,153
2024-03-12 21:30:00,19,21,13,16,13,15,97
2024-03-12 21:40:00,26,27,17,16,15,17,118
2024-03-12 21:50:00,19,17,15,23,14,21,109
2024-03-12 22:00:00,32,31,25,22,17,19,146
2024-03-12 22:10:00,26,26,15,14,9,12,102
2024-03-12 22:20:00,27,28,19,16,10,14,114
2024-03-12 22:30:00,13,13,11,15,14,15,81
2024-03-12 22:40:00,19,18,14,5,5,5,66
2024-03-12 22:50:00,12,12,17,10,6,8,65
2024-03-12 23:00:00,21,21,13,13,9,12,89
2024-03-12 23:10:00,14,17,12,12,8,13,76
2024-03-12 23:20:00,10,9,8,7,4,7,45
2024-03-12 23:30:00,10,10,8,5,5,6,44
2024-03-12 23:40:00,7,8,7,9,7,6,44
2024-03-12 23:50:00,13,13,11,8,5,8,58
2024-03-13 00:00:00,10,10,8,6,4,5,43
2024-03-13 00:10:00,1,1,1,3,2,2,10
2024-03-13 00:20:00,7,7,13,6,4,5,42
2024-03-13 00:30:00,5,8,5,7,4,6,35
2024-03-13 00:40:00,2,2,2,3,3,2,14
2024-03-13 00:50:00,2,1,1,2,1,1,8
2024-03-13 01:00:00,4,4,4,4,5,4,25
2024-03-13 01:10:00,1,1,1,1,1,1,6
2024-03-13 01:20:00,1,4,1,5,4,5,20
2024-03-13 01:30:00,1,1,1,0,0,0,3
2024-03-13 01:40:00,5,6,6,2,3,2,24
2024-03-13 01:50:00,1,1,1,1,1,1,6
2024-03-13 02:00:00,0,0,0,0,0,0,0
2024-03-13 02:10:00,2,1,1,4,4,5,17
2024-03-13 02:20:00,2,2,1,3,3,4,15
2024-03-13 02:30:00,4,5,5,3,0,1,18
2024-03-13 02:40:00,3,1,0,2,2,2,10
2024-03-13 02:50:00,2,2,3,0,0,0,7
2024-03-13 03:00:00,4,3,2,3,2,3,17
2024-03-13 03:10:00,3,3,2,3,2,1,14
2024-03-13 03:20:00,8,8,9,7,5,5,42
2024-03-13 03:30:00,2,2,2,4,5,4,19
2024-03-13 03:40:00,0,0,0,4,4,4,12
2024-03-13 03:50:00,2,2,3,3,5,3,18
2024-03-13 04:00:00,4,4,2,5,4,5,24
2024-03-13 04:10:00,5,5,5,5,5,5,30
2024-03-13 04:20:00,7,5,5,9,13,9,48
2024-03-13 04:30:00,3,3,3,2,1,1,13
2024-03-13 04:40:00,4,4,3,7,5,9,32
2024-03-13 04:50:00,4,4,4,6,7,6,31
2024-03-13 05:00:00,5,5,5,9,6,7,37
2024-03-13 05:10:00,12,12,7,18,11,17,77
2024-03-13 05:20:00,6,6,6,23,20,22,83
2024-03-13 05:30:00,17,16,11,34,17,32,127
2024-03-13 05:40:00,18,20,13,43,18,43,155
2024-03-13 05:50:00,21,19,13,54,22,58,187
2024-03-13 06:00:00,22,19,14,37,20,38,150
2024-03-13 06:10:00,17,19,10,69,24,63,202
2024-03-13 06:20:00,23,18,16,63,21,65,206
2024-03-13 06:30:00,28,33,18,83,33,80,275
2024-03-13 06:40:00,24,25,15,85,32,90,271
2024-03-13 06:50:00,33,31,16,82,29,85,276
2024-03-13 07:00:00,24,28,16,73,33,71,245
2024-03-13 07:10:00,47,44,26,89,34,85,325
2024-03-13 07:20:00,34,33,24,90,35,89,305
2024-03-13 07:30:00,53,54,38,61,20,52,278
2024-03-13 07:40:00,49,48,24,103,31,102,357
2024-03-13 07:50:00,43,43,26,85,40,88,325
2024-03-13 08:00:00,48,46,28,62,34,58,276
2024-03-13 08:10:00,58,64,32,57,30,64,305
2024-03-13 08:20:00,32,33,23,61,43,61,253
2024-03-13 08:30:00,33,34,20,73,41,72,273
2024-03-13 08:40:00,48,56,34,65,39,78,320
2024-03-13 08:50:00,60,77,35,82,37,79,370
2024-03-13 09:00:00,57,55,38,70,44,68,332
2024-03-13 09:10:00,52,50,29,61,43,61,296
2024-03-13 09:20:00,46,48,27,51,29,50,251
2024-03-13 09:30:00,54,74,27,44,28,51,278
2024-03-13 09:40:00,35,53,23,55,29,59,254
2024-03-13 09:50:00,40,42,25,67,39,64,277
2024-03-13 10:00:00,45,40,30,43,40,46,244
2024-03-13 10:10:00,56,67,31,56,35,50,295
2024-03-13 10:20:00,31,34,18,50,26,43,202
2024-03-13 10:30:00,40,42,27,54,41,51,255
2024-03-13 10:40:00,48,49,29,48,29,57,260
2024-03-13 10:50:00,42,45,31,51,31,45,245
2024-03-13 11:00:00,38,35,22,59,43,58,255
2024-03-13 11:10:00,43,47,31,37,29,40,227
2024-03-13 11:20:00,43,49,29,43,39,41,244
2024-03-13 11:30:00,46,44,25,45,33,38,231
2024-03-13 11:40:00,49,43,27,46,41,41,247
2024-03-13 11:50:00,47,50,29,38,31,36,231
2024-03-13 12:00:00,64,62,37,49,31,40,283
2024-03-13 12:10:00,69,68,44,48,29,43,301
2024-03-13 12:20:00,42,45,26,39,31,39,222
2024-03-13 12:30:00,63,66,39,43,27,42,280
2024-03-13 12:40:00,58,60,35,42,33,46,274
2024-03-13 12:50:00,60,60,32,55,42,52,301
2024-03-13 13:00:00,59,60,29,55,37,52,292
2024-03-13 13:10:00,48,51,36,47,32,45,259
2024-03-13 13:20:00,57,54,37,59,38,58,303
2024-03-13 13:30:00,60,62,33,39,25,39,258
2024-03-13 13:40:00,59,60,29,45,31,44,268
2024-03-13 13:50:00,54,52,29,55,38,53,281
2024-03-13 14:00:00,48,51,28,51,38,47,263
2024-03-13 14:10:00,60,58,38,45,33,44,278
2024-03-13 14:20:00,55,57,35,46,26,45,264
2024-03-13 14:30:00,65,65,40,52,34,47,303
2024-03-13 14:40:00,63,65,32,58,36,60,314
2024-03-13 14:50:00,79,81,39,57,38,47,341
2024-03-13 15:00:00,56,59,37,42,26,42,262
2024-03-13 15:10:00,90,91,42,58,42,54,377
2024-03-13 15:20:00,89,89,46,48,27,48,347
2024-03-13 15:30:00,69,71,37,51,30,53,311
2024-03-13 15:40:00,83,87,42,52,29,53,346
2024-03-13 15:50:00,80,93,50,56,38,56,373
2024-03-13 16:00:00,68,72,39,62,41,62,344
2024-03-13 16:10:00,77,74,47,49,27,45,319
2024-03-13 16:20:00,64,61,35,63,26,63,312
2024-03-13 16:30:00,91,94,42,53,41,56,377
2024-03-13 16:40:00,81,78,40,65,36,64,364
2024-03-13 16:50:00,89,90,39,51,34,47,350
2024-03-13 17:00:00,66,64,36,47,26,46,285
2024-03-13 17:10:00,59,59,36,54,33,55,296
2024-03-13 17:20:00,64,62,37,49,38,49,299
2024-03-13 17:30:00,70,69,32,57,33,55,316
2024-03-13 17:40:00,73,78,35,66,32,68,352
2024-03-13 17:50:00,55,53,35,62,36,59,300
2024-03-13 18:00:00,61,61,35,53,36,57,303
2024-03-13 18:10:00,68,77,32,47,22,48,294
2024-03-13 18:20:00,62,60,30,41,28,46,267
2024-03-13 18:30:00,56,59,34,38,25,33,245
2024-03-13 18:40:00,47,51,32,36,40,35,241
2024-03-13 18:50:00,45,44,25,59,40,46,259
2024-03-13 19:00:00,47,46,32,43,38,40,246
2024-03-13 19:10:00,25,27,24,42,37,45,200
2024-03-13 19:20:00,25,26,20,26,32,28,157
2024-03-13 19:30:00,38,36,23,34,29,32,192
2024-03-13 19:40:00,30,31,25,39,34,38,197
2024-03-13 19:50:00,35,34,30,39,34,39,211
2024-03-13 20:00:00,32,30,23,32,29,35,181
2024-03-13 20:10:00,34,31,21,32,37,26,181
2024-03-13 20:20:00,32,33,23,25,26,22,161
2024-03-13 20:30:00,20,24,14,20,18,19,115
2024-03-13 20:40:00,29,27,18,25,25,23,147
2024-03-13 20:50:00,23,23,16,20,17,18,117
2024-03-13 21:00:00,30,27,17,32,31,32,169
2024-03-13 21:10:00,31,32,28,23,21,19,154
2024-03-13 21:20:00,33,35,20,19,20,16,143
2024-03-13 21:30:00,38,38,31,22,22,22,173
2024-03-13 21:40:00,28,30,22,12,13,14,119
2024-03-13 21:50:00,26,29,22,16,14,15,122
2024-03-13 22:00:00,30,29,34,22,17,17,149
2024-03-13 22:10:00,32,31,21,20,15,18,137
2024-03-13 22:20:00,24,26,19,8,8,5,90
2024-03-13 22:30:00,24,26,19,13,17,11,110
2024-03-13 22:40:00,24,26,25,10,12,9,106
2024-03-13 22:50:00,25,26,18,9,6,6,90
2024-03-13 23:00:00,18,18,19,14,18,14,101
2024-03-13 23:10:00,14,12,11,8,8,8,61
2024-03-13 23:20:00,9,9,11,7,6,9,51
2024-03-13 23:30:00,18,17,13,8,5,6,67
2024-03-13 23:40:00,10,9,13,6,6,5,49
2024-03-13 23:50:00,5,7,6,5,5,6,34
2024-03-14 00:00:00,12,16,9,7,7,7,58
2024-03-14 00:10:00,5,5,6,2,1,1,20
2024-03-14 00:20:00,4,4,2,6,5,5,26
2024-03-14 00:30:00,6,7,4,8,8,6,39
2024-03-14 00:40:00,6,6,7,4,8,4,35
2024-03-14 00:50:00,2,2,2,2,3,2,13
2024-03-14 01:00:00,4,6,3,9,8,8,38
2024-03-14 01:10:00,4,5,4,3,3,3,22
2024-03-14 01:20:00,2,2,1,6,7,6,24
2024-03-14 01:30:00,4,4,3,3,3,2,19
2024-03-14 01:40:00,2,4,1,4,4,4,19
2024-03-14 01:50:00,4,4,3,1,1,1,14
2024-03-14 02:00:00,1,1,1,2,1,3,9
2024-03-14 02:10:00,6,5,6,4,7,5,33
2024-03-14 02:20:00,5,4,1,5,6,5,26
2024-03-14 02:30:00,4,4,6,2,3,2,21
2024-03-14 02:40:00,2,4,1,1,1,1,10
2024-03-14 02:50:00,5,7,4,2,3,2,23
2024-03-14 03:00:00,7,7,6,6,4,2,32
2024-03-14 03:10:00,4,4,4,1,1,1,15
2024-03-14 03:20:00,1,1,1,3,3,3,12
2024-03-14 03:30:00,3,2,2,3,3,2,15
2024-03-14 03:40:00,3,2,2,4,4,3,18
2024-03-14 03:50:00,5,4,4,3,5,3,24
2024-03-14 04:00:00,6,6,8,3,5,3,31
2024-03-14 04:10:00,3,3,3,0,0,0,9
2024-03-14 04:20:00,4,5,5,5,7,5,31
2024-03-14 04:30:00,3,2,1,4,6,4,20
2024-03-14 04:40:00,4,4,3,5,8,5,29
2024-03-14 04:50:00,6,7,8,9,10,8,48
2024-03-14 05:00:00,6,5,7,16,11,13,58
2024-03-14 05:10:00,8,9,8,9,8,9,51
2024-03-14 05:20:00,9,9,8,16,17,18,77
2024-03-14 05:30:00,13,12,14,35,37,32,143
2024-03-14 05:40:00,19,14,16,45,32,42,168
2024-03-14 05:50:00,20,18,16,45,37,44,180
2024-03-14 06:00:00,15,13,18,40,29,40,155
2024-03-14 06:10:00,29,28,27,58,38,56,236
2024-03-14 06:20:00,17,16,13,53,42,55,196
2024-03-14 06:30:00,20,17,15,61,41,63,217
2024-03-14 06:40:00,29,28,19,85,44,82,287
2024-03-14 06:50:00,28,27,23,86,37,83,284
2024-03-14 07:00:00,39,33,31,89,43,89,324
2024-03-14 07:10:00,42,41,30,77,41,77,308
2024-03-14 07:20:00,32,34,28,87,37,79,297
2024-03-14 07:30:00,40,36,28,79,30,76,289
2024-03-14 07:40:00,44,48,29,76,41,77,315
2024-03-14 07:50:00,48,45,31,80,25,78,307
2024-03-14 08:00:00,43,43,23,61,34,61,265
2024-03-14 08:10:00,48,57,26,75,42,72,320
2024-03-14 08:20:00,30,34,22,47,33,44,210
2024-03-14 08:30:00,53,55,26,61,33,63,291
2024-03-14 08:40:00,34,39,24,89,44,92,322
2024-03-14 08:50:00,55,59,29,79,38,86,346
2024-03-14 09:00:00,44,44,21,75,46,77,307
2024-03-14 09:10:00,37,41,28,62,40,64,272
2024-03-14 09:20:00,56,54,23,53,38,51,275
2024-03-14 09:30:00,40,42,27,54,42,54,259
2024-03-14 09:40:00,43,41,24,47,33,48,236
2024-03-14 09:50:00,44,47,23,65,47,60,286
2024-03-14 10:00:00,40,42,27,51,30,48,238
2024-03-14 10:10:00,53,56,32,52,38,48,279
2024-03-14 10:20:00,39,36,26,55,26,55,237
2024-03-14 10:30:00,45,43,26,53,38,53,258
2024-03-14 10:40:00,54,54,22,70,31,48,279
2024-03-14 10:50:00,57,56,18,53,36,56,276
2024-03-14 11:00:00,50,48,28,47,35,50,258
2024-03-14 11:10:00,56,59,34,63,32,49,293
2024-03-14 11:20:00,31,30,27,38,30,36,192
2024-03-14 11:30:00,46,44,34,44,33,42,243
2024-03-14 11:40:00,56,52,37,54,32,54,285
2024-03-14 11:50:00,45,42,25,55,47,53,267
2024-03-14 12:00:00,57,51,30,57,39,52,286
2024-03-14 12:10:00,63,62,38,42,26,42,273
2024-03-14 12:20:00,63,66,27,45,33,42,276
2024-03-14 12:30:00,69,68,30,48,28,40,283
2024-03-14 12:40:00,57,58,38,48,26,49,276
2024-03-14 12:50:00,50,50,29,46,34,47,256
2024-03-14 13:00:00,55,55,35,53,37,44,279
2024-03-14 13:10:00,54,59,31,62,34,61,301
2024-03-14 13:20:00,71,70,37,50,27,44,299
2024-03-14 13:30:00,53,57,29,51,36,48,274
2024-03-14 13:40:00,65,62,43,51,33,53,307
2024-03-14 13:50:00,61,61,34,41,28,39,264
2024-03-14 14:00:00,60,59,39,42,27,39,266
2024-03-14 14:10:00,77,79,35,52,31,52,326
2024-03-14 14:20:00,49,49,23,37,31,35,224
2024-03-14 14:30:00,75,80,35,45,27,45,307
2024-03-14 14:40:00,57,60,46,56,36,55,310
2024-03-14 14:50:00,63,61,35,59,39,59,316
2024-03-14 15:00:00,71,71,32,54,37,52,317
2024-03-14 15:10:00,83,88,32,42,31,40,316
2024-03-14 15:20:00,79,80,44,49,38,48,338
2024-03-14 15:30:00,78,77,38,52,30,50,325
2024-03-14 15:40:00,78,79,45,57,41,56,356
2024-03-14 15:50:00,79,79,39,47,30,46,320
2024-03-14 16:00:00,97,96,40,59,42,61,395
2024-03-14 16:10:00,78,78,46,64,27,66,359
2024-03-14 16:20:00,65,66,35,53,29,48,296
2024-03-14 16:30:00,79,87,32,41,28,45,312
2024-03-14 16:40:00,98,94,14,60,35,56,357
2024-03-14 16:50:00,70,72,40,55,43,55,335
2024-03-14 17:00:00,83,87,46,58,32,52,358
2024-03-14 17:10:00,69,73,37,53,28,55,315
2024-03-14 17:20:00,77,72,41,62,37,61,350
2024-03-14 17:30:00,63,59,51,59,40,64,336
2024-03-14 17:40:00,64,68,41,61,35,57,326
2024-03-14 17:50:00,64,52,28,48,37,52,281
2024-03-14 18:00:00,71,78,38,52,33,65,337
2024-03-14 18:10:00,75,72,30,59,33,62,331
2024-03-14 18:20:00,54,53,31,39,24,35,236
2024-03-14 18:30:00,57,58,25,51,35,50,276
2024-03-14 18:40:00,54,62,39,38,27,37,257
2024-03-14 18:50:00,44,41,26,38,35,37,221
2024-03-14 19:00:00,29,29,18,34,35,34,179
2024-03-14 19:10:00,41,46,29,50,40,50,256
2024-03-14 19:20:00,37,36,30,37,27,37,204
2024-03-14 19:30:00,25,23,14,32,26,31,151
2024-03-14 19:40:00,41,46,25,31,32,30,205
2024-03-14 19:50:00,38,37,24,36,34,36,205
2024-03-14 20:00:00,30,31,26,36,41,30,194
2024-03-14 20:10:00,37,37,26,24,28,25,177
2024-03-14 20:20:00,25,25,21,24,20,22,137
2024-03-14 20:30:00,23,23,23,25,18,25,137
2024-03-14 20:40:00,17,18,20,24,24,23,126
2024-03-14 20:50:00,20,20,16,19,22,17,114
2024-03-14 21:00:00,30,35,20,20,12,18,135
2024-03-14 21:10:00,26,28,22,24,26,23,149
2024-03-14 21:20:00,32,30,21,36,27,32,178
2024-03-14 21:30:00,34,33,29,22,21,19,158
2024-03-14 21:40:00,22,24,21,18,21,17,123
2024-03-14 21:50:00,26,25,23,21,21,23,139
2024-03-14 22:00:00,34,33,30,19,15,18,149
2024-03-14 22:10:00,18,18,12,17,22,19,106
2024-03-14 22:20:00,21,21,18,20,17,19,116
2024-03-14 22:30:00,21,20,18,14,22,15,110
2024-03-14 22:40:00,22,27,18,10,15,9,101
2024-03-14 22:50:00,15,18,11,17,19,15,95
2024-03-14 23:00:00,19,19,15,14,13,11,91
2024-03-14 23:10:00,19,21,18,13,11,9,91
2024-03-14 23:20:00,17,17,14,11,13,12,84
2024-03-14 23:30:00,13,12,11,12,8,8,64
2024-03-14 23:40:00,11,10,11,8,8,5,53
2024-03-14 23:50:00,7,9,6,7,6,10,45
2024-03-15 00:00:00,12,14,8,10,11,10,65
2024-03-15 00:10:00,4,4,4,4,2,2,20
2024-03-15 00:20:00,12,11,12,13,7,7,62
2024-03-15 00:30:00,7,8,7,7,6,5,40
2024-03-15 00:40:00,2,2,2,5,5,4,20
2024-03-15 00:50:00,6,6,4,7,4,6,33
2024-03-15 01:00:00,2,2,2,6,6,4,22
2024-03-15 01:10:00,8,8,8,3,2,2,31
2024-03-15 01:20:00,3,5,2,7,12,8,37
2024-03-15 01:30:00,3,4,3,1,2,1,14
2024-03-15 01:40:00,5,7,5,3,3,3,26
2024-03-15 01:50:00,1,1,1,1,1,1,6
2024-03-15 02:00:00,4,4,3,5,5,5,26
2024-03-15 02:10:00,5,4,2,5,4,4,24
2024-03-15 02:20:00,2,2,2,2,4,3,15
2024-03-15 02:30:00,3,3,4,0,0,0,10
2024-03-15 02:40:00,1,0,0,2,3,3,9
2024-03-15 02:50:00,5,5,8,2,0,1,21
2024-03-15 03:00:00,3,3,3,3,3,2,17
2024-03-15 03:10:00,0,0,0,0,0,0,0
2024-03-15 03:20:00,5,4,3,7,8,7,34
2024-03-15 03:30:00,1,1,1,3,3,2,11
2024-03-15 03:40:00,0,0,0,2,2,2,6
2024-03-15 03:50:00,3,3,2,3,3,3,17
2024-03-15 04:00:00,4,3,3,4,6,4,24
2024-03-15 04:10:00,3,3,3,2,1,2,14
2024-03-15 04:20:00,5,5,6,7,5,6,34
2024-03-15 04:30:00,1,2,1,3,2,3,12
2024-03-15 04:40:00,2,2,2,5,6,6,23
2024-03-15 04:50:00,5,6,5,5,7,7,35
2024-03-15 05:00:00,8,7,9,12,9,12,57
2024-03-15 05:10:00,10,11,8,18,14,16,77
2024-03-15 05:20:00,6,6,7,18,19,20,76
2024-03-15 05:30:00,11,11,9,27,23,25,106
2024-03-15 05:40:00,17,16,10,40,31,40,154
2024-03-15 05:50:00,22,22,16,33,29,31,153
2024-03-15 06:00:00,18,14,8,45,32,49,166
2024-03-15 06:10:00,17,18,16,52,50,46,199
2024-03-15 06:20:00,21,20,19,59,60,62,241
2024-03-15 06:30:00,25,24,18,56,30,53,206
2024-03-15 06:40:00,29,26,20,81,42,84,282
2024-03-15 06:50:00,13,14,11,72,33,69,212
2024-03-15 07:00:00,35,28,24,77,36,75,275
2024-03-15 07:10:00,36,36,20,64,36,60,252
2024-03-15 07:20:00,28,29,19,80,45,80,281
2024-03-15 07:30:00,27,26,17,74,42,68,254
2024-03-15 07:40:00,49,49,28,75,37,72,310
2024-03-15 07:50:00,31,31,27,60,28,66,243
2024-03-15 08:00:00,44,47,30,71,41,67,300
2024-03-15 08:10:00,36,35,20,66,50,66,273
2024-03-15 08:20:00,36,52,21,65,37,67,278
2024-03-15 08:30:00,36,42,7,67,28,67,247
2024-03-15 08:40:00,45,41,25,77,39,80,307
2024-03-15 08:50:00,33,45,33,52,34,53,250
2024-03-15 09:00:00,37,36,24,51,25,49,222
2024-03-15 09:10:00,43,44,21,53,29,54,244
2024-03-15 09:20:00,44,44,28,53,50,48,267
2024-03-15 09:30:00,45,48,35,43,28,46,245
2024-03-15 09:40:00,61,62,39,51,35,43,291
2024-03-15 09:50:00,47,47,32,63,48,64,301
2024-03-15 10:00:00,44,45,26,55,37,51,258
2024-03-15 10:10:00,41,44,26,35,26,38,210
2024-03-15 10:20:00,42,39,28,62,45,58,274
2024-03-15 10:30:00,47,41,28,54,33,49,252
2024-03-15 10:40:00,44,48,30,54,32,56,264
2024-03-15 10:50:00,45,43,26,52,20,51,237
2024-03-15 11:00:00,41,40,25,56,35,52,249
2024-03-15 11:10:00,51,54,21,65,39,51,281
2024-03-15 11:20:00,54,59,37,57,33,57,297
2024-03-15 11:30:00,58,57,32,43,33,40,263
2024-03-15 11:40:00,62,62,34,46,32,51,287
2024-03-15 11:50:00,52,51,33,46,32,46,260
2024-03-15 12:00:00,59,59,31,57,51,55,312
2024-03-15 12:10:00,55,53,35,53,36,57,289
2024-03-15 12:20:00,65,68,31,45,36,43,288
2024-03-15 12:30:00,64,70,36,62,33,58,323
2024-03-15 12:40:00,57,58,35,53,39,48,290
2024-03-15 12:50:00,68,68,42,50,31,53,312
2024-03-15 13:00:00,72,73,42,44,28,42,301
2024-03-15 13:10:00,91,92,55,73,40,73,424
2024-03-15 13:20:00,75,74,39,50,33,49,320
2024-03-15 13:30:00,62,62,27,52,39,49,291
2024-03-15 13:40:00,79,82,45,49,36,51,342
2024-03-15 13:50:00,63,67,33,39,28,46,276
2024-03-15 14:00:00,65,64,40,47,33,49,298
2024-03-15 14:10:00,76,78,34,52,33,47,320
2024-03-15 14:20:00,66,67,37,49,34,49,302
2024-03-15 14:30:00,77,80,42,55,41,56,351
2024-03-15 14:40:00,81,79,39,63,37,60,359
2024-03-15 14:50:00,57,58,39,61,33,63,311
2024-03-15 15:00:00,94,98,39,48,25,49,353
2024-03-15 15:10:00,65,71,42,44,34,48,304
2024-03-15 15:20:00,65,61,36,51,45,47,305
2024-03-15 15:30:00,80,81,36,45,30,51,323
2024-03-15 15:40:00,83,85,44,57,37,58,364
2024-03-15 15:50:00,79,77,38,56,34,53,337
2024-03-15 16:00:00,60,65,42,59,32,55,313
2024-03-15 16:10:00,67,69,49,51,41,53,330
2024-03-15 16:20:00,68,65,34,48,30,47,292
2024-03-15 16:30:00,68,71,33,52,37,51,312
2024-03-15 16:40:00,65,66,35,56,35,57,314
2024-03-15 16:50:00,57,54,32,57,32,59,291
2024-03-15 17:00:00,63,65,36,48,29,43,284
2024-03-15 17:10:00,58,62,33,53,30,50,286
2024-03-15 17:20:00,49,50,34,52,33,56,274
2024-03-15 17:30:00,44,42,30,49,31,43,239
2024-03-15 17:40:00,48,50,25,33,26,32,214
2024-03-15 17:50:00,55,45,30,46,33,53,262
2024-03-15 18:00:00,45,43,27,53,39,53,260
2024-03-15 18:10:00,75,82,23,57,34,57,328
2024-03-15 18:20:00,46,49,26,59,31,61,272
2024-03-15 18:30:00,61,59,38,52,30,48,288
2024-03-15 18:40:00,63,64,39,36,33,36,271
2024-03-15 18:50:00,35,36,23,37,35,37,203
2024-03-15 19:00:00,27,28,22,40,39,36,192
2024-03-15 19:10:00,45,47,26,33,21,33,205
2024-03-15 19:20:00,43,40,31,29,24,26,193
2024-03-15 19:30:00,25,23,20,33,22,30,153
2024-03-15 19:40:00,33,38,15,45,32,44,207
2024-03-15 19:50:00,41,41,30,42,28,43,225
2024-03-15 20:00:00,33,29,23,29,30,30,174
2024-03-15 20:10:00,37,32,16,32,35,33,185
2024-03-15 20:20:00,32,36,21,32,23,30,174
2024-03-15 20:30:00,31,30,23,20,17,21,142
2024-03-15 20:40:00,32,36,22,17,12,17,136
2024-03-15 20:50:00,31,32,23,32,25,34,177
2024-03-15 21:00:00,35,32,26,26,22,24,165
2024-03-15 21:10:00,27,26,25,27,20,26,151
2024-03-15 21:20:00,32,32,23,24,17,23,151
2024-03-15 21:30:00,23,26,20,36,27,33,165
2024-03-15 21:40:00,21,21,17,23,15,18,115
2024-03-15 21:50:00,28,33,27,20,13,15,136
2024-03-15 22:00:00,26,23,17,16,18,16,116
2024-03-15 22:10:00,21,23,20,17,19,16,116
2024-03-15 22:20:00,27,29,24,20,19,22,141
2024-03-15 22:30:00,29,32,28,25,18,24,156
2024-03-15 22:40:00,24,23,22,18,24,16,127
2024-03-15 22:50:00,40,42,24,21,14,13,154
2024-03-15 23:00:00,30,29,17,7,10,6,99
2024-03-15 23:10:00,15,15,16,13,17,11,87
2024-03-15 23:20:00,23,24,17,8,10,10,92
2024-03-15 23:30:00,8,7,7,10,14,12,58
2024-03-15 23:40:00,20,20,16,9,8,9,82
2024-03-15 23:50:00,14,12,11,12,11,11,71
2024-03-16 00:00:00,20,21,18,19,16,17,111
2024-03-16 00:10:00,12,12,11,10,11,8,64
2024-03-16 00:20:00,13,10,11,9,9,9,61
2024-03-16 00:30:00,12,12,13,5,7,5,54
2024-03-16 00:40:00,12,12,12,15,18,16,85
2024-03-16 00:50:00,8,8,10,5,8,4,43
2024-03-16 01:00:00,7,8,12,6,7,8,48
2024-03-16 01:10:00,7,7,7,3,1,1,26
2024-03-16 01:20:00,9,11,8,7,10,7,52
2024-03-16 01:30:00,4,5,4,8,9,7,37
2024-03-16 01:40:00,10,9,12,7,7,5,50
2024-03-16 01:50:00,8,7,4,3,3,5,30
2024-03-16 02:00:00,9,7,9,5,7,6,43
2024-03-16 02:10:00,9,7,6,5,5,3,35
2024-03-16 02:20:00,6,5,7,8,6,5,37
2024-03-16 02:30:00,11,12,12,7,8,5,55
2024-03-16 02:40:00,5,5,7,2,2,2,23
2024-03-16 02:50:00,7,7,8,2,2,2,28
2024-03-16 03:00:00,3,3,3,6,5,4,24
2024-03-16 03:10:00,1,1,1,2,2,2,9
2024-03-16 03:20:00,5,5,4,4,2,2,22
2024-03-16 03:30:00,2,2,1,5,6,6,22
2024-03-16 03:40:00,7,7,4,3,3,3,27
2024-03-16 03:50:00,4,4,4,2,2,2,18
2024-03-16 04:00:00,5,4,4,6,5,6,30
2024-03-16 04:10:00,3,2,2,4,5,5,21
2024-03-16 04:20:00,10,9,9,4,4,3,39
2024-03-16 04:30:00,5,5,3,5,5,5,28
2024-03-16 04:40:00,2,2,2,6,6,6,24
2024-03-16 04:50:00,0,0,0,3,3,3,9
2024-03-16 05:00:00,6,6,4,12,10,11,49
2024-03-16 05:10:00,5,6,3,7,6,5,32
2024-03-16 05:20:00,4,6,2,7,6,6,31
2024-03-16 05:30:00,5,4,5,9,8,9,40
2024-03-16 05:40:00,6,9,5,14,9,15,58
2024-03-16 05:50:00,14,15,11,4,4,6,54
2024-03-16 06:00:00,6,6,5,7,7,4,35
2024-03-16 06:10:00,12,11,10,10,9,10,62
2024-03-16 06:20:00,11,10,7,13,13,13,67
2024-03-16 06:30:00,8,8,7,10,9,10,52
2024-03-16 06:40:00,9,8,5,13,8,13,56
2024-03-16 06:50:00,9,6,6,12,10,11,54
2024-03-16 07:00:00,1,1,1,9,9,10,31
2024-03-16 07:10:00,11,11,8,14,13,14,71
2024-03-16 07:20:00,9,7,6,11,6,11,50
2024-03-16 07:30:00,13,16,14,13,13,14,83
2024-03-16 07:40:00,21,18,13,22,17,21,112
2024-03-16 07:50:00,10,10,10,11,10,10,61
2024-03-16 08:00:00,16,13,10,14,13,14,80
2024-03-16 08:10:00,17,21,14,20,15,21,108
2024-03-16 08:20:00,13,14,11,26,24,25,113
2024-03-16 08:30:00,14,15,13,18,13,24,97
2024-03-16 08:40:00,18,16,12,24,18,26,114
2024-03-16 08:50:00,18,19,12,22,20,22,113
2024-03-16 09:00:00,22,20,15,18,18,20,113
2024-03-16 09:10:00,19,23,16,31,20,34,143
2024-03-16 09:20:00,32,35,22,33,24,25,171
2024-03-16 09:30:00,25,25,16,33,23,36,158
2024-03-16 09:40:00,34,39,28,51,30,45,227
2024-03-16 09:50:00,32,34,27,37,26,42,198
2024-03-16 10:00:00,28,31,20,35,27,38,179
2024-03-16 10:10:00,35,32,21,48,34,45,215
2024-03-16 10:20:00,27,24,16,33,21,34,155
2024-03-16 10:30:00,34,35,21,32,24,32,178
2024-03-16 10:40:00,46,42,32,38,26,41,225
2024-03-16 10:50:00,34,31,21,44,32,47,209
2024-03-16 11:00:00,40,38,29,29,22,27,185
2024-03-16 11:10:00,31,34,23,38,26,41,193
2024-03-16 11:20:00,37,41,22,35,25,31,191
2024-03-16 11:30:00,40,39,30,50,32,50,241
2024-03-16 11:40:00,50,54,25,46,31,44,250
2024-03-16 11:50:00,42,45,36,37,28,39,227
2024-03-16 12:00:00,45,48,30,35,29,33,220
2024-03-16 12:10:00,50,48,27,44,26,42,237
2024-03-16 12:20:00,33,32,19,35,26,36,181
2024-03-16 12:30:00,38,38,29,49,37,49,240
2024-03-16 12:40:00,50,46,22,50,31,54,253
2024-03-16 12:50:00,39,40,28,38,26,36,207
2024-03-16 13:00:00,37,37,23,46,33,43,219
2024-03-16 13:10:00,43,45,26,40,26,42,222
2024-03-16 13:20:00,40,39,25,47,37,47,235
2024-03-16 13:30:00,47,43,28,62,32,62,274
2024-03-16 13:40:00,43,43,23,51,37,45,242
2024-03-16 13:50:00,50,45,32,47,32,47,253
2024-03-16 14:00:00,40,38,23,37,25,35,198
2024-03-16 14:10:00,48,50,31,47,27,47,250
2024-03-16 14:20:00,44,45,37,46,33,44,249
2024-03-16 14:30:00,48,48,33,49,30,48,256
2024-03-16 14:40:00,44,43,26,35,30,39,217
2024-03-16 14:50:00,37,36,24,41,27,45,210
2024-03-16 15:00:00,40,40,25,42,24,38,209
2024-03-16 15:10:00,49,50,32,30,23,30,214
2024-03-16 15:20:00,35,33,21,40,30,42,201
2024-03-16 15:30:00,40,41,29,33,24,33,200
2024-03-16 15:40:00,34,33,21,42,33,43,206
2024-03-16 15:50:00,44,41,28,38,26,34,211
2024-03-16 16:00:00,44,43,27,37,25,37,213
2024-03-16 16:10:00,36,38,22,33,29,31,189
2024-03-16 16:20:00,40,42,32,41,29,43,227
2024-03-16 16:30:00,36,38,25,31,18,29,177
2024-03-16 16:40:00,39,39,31,43,29,46,227
2024-03-16 16:50:00,37,38,33,34,28,35,205
2024-03-16 17:00:00,53,51,31,52,37,50,274
2024-03-16 17:10:00,38,40,29,41,31,41,220
2024-03-16 17:20:00,46,44,33,34,29,35,221
2024-03-16 17:30:00,37,37,26,37,33,35,205
2024-03-16 17:40:00,42,42,21,39,30,39,213
2024-03-16 17:50:00,47,47,36,47,26,43,246
2024-03-16 18:00:00,47,50,27,37,20,32,213
2024-03-16 18:10:00,51,52,25,38,29,42,237
2024-03-16 18:20:00,60,63,28,42,30,37,260
2024-03-16 18:30:00,55,51,29,46,31,42,254
2024-03-16 18:40:00,48,49,27,44,27,42,237
2024-03-16 18:50:00,36,36,25,33,32,34,196
2024-03-16 19:00:00,31,33,21,39,29,36,189
2024-03-16 19:10:00,33,32,22,36,27,35,185
2024-03-16 19:20:00,30,26,21,33,37,32,179
2024-03-16 19:30:00,23,24,18,29,32,33,159
2024-03-16 19:40:00,33,31,21,33,34,31,183
2024-03-16 19:50:00,28,30,25,45,32,51,211
2024-03-16 20:00:00,32,31,21,31,26,30,171
2024-03-16 20:10:00,27,26,22,27,21,28,151
2024-03-16 20:20:00,28,25,24,27,29,24,157
2024-03-16 20:30:00,30,29,26,20,16,19,140
2024-03-16 20:40:00,23,23,18,28,28,27,147
2024-03-16 20:50:00,20,22,16,20,19,20,117
2024-03-16 21:00:00,22,20,16,23,20,25,126
2024-03-16 21:10:00,31,41,27,30,27,31,187
2024-03-16 21:20:00,28,29,19,22,22,21,141
2024-03-16 21:30:00,22,21,14,22,22,23,124
2024-03-16 21:40:00,25,24,23,25,23,21,141
2024-03-16 21:50:00,33,32,29,30,25,29,178
2024-03-16 22:00:00,24,27,20,19,16,16,122
2024-03-16 22:10:00,17,16,16,19,14,19,101
2024-03-16 22:20:00,15,17,18,16,13,16,95
2024-03-16 22:30:00,31,29,28,27,27,24,166
2024-03-16 22:40:00,24,25,19,18,16,20,122
2024-03-16 22:50:00,30,37,30,18,22,17,154
2024-03-16 23:00:00,15,19,15,12,20,11,92
2024-03-16 23:10:00,17,15,16,12,13,11,84
2024-03-16 23:20:00,14,16,13,11,17,15,86
2024-03-16 23:30:00,19,21,14,8,8,9,79
2024-03-16 23:40:00,18,20,18,9,9,9,83
2024-03-16 23:50:00,19,17,14,13,13,14,90
2024-03-17 00:00:00,14,14,14,18,20,17,97
2024-03-17 00:10:00,13,11,10,21,21,21,97
2024-03-17 00:20:00,12,13,10,9,9,8,61
2024-03-17 00:30:00,12,14,14,16,14,15,85
2024-03-17 00:40:00,17,17,13,15,16,14,92
2024-03-17 00:50:00,11,11,10,10,6,8,56
2024-03-17 01:00:00,12,12,12,6,7,6,55
2024-03-17 01:10:00,13,11,13,8,9,7,61
2024-03-17 01:20:00,8,9,11,11,10,10,59
2024-03-17 01:30:00,11,10,10,12,14,11,68
2024-03-17 01:40:00,10,10,10,7,11,7,55
2024-03-17 01:50:00,7,6,6,1,0,0,20
2024-03-17 02:00:00,4,4,5,1,1,2,17
2024-03-17 02:10:00,8,7,7,6,8,4,40
2024-03-17 02:20:00,7,7,7,5,2,4,32
2024-03-17 02:30:00,3,5,2,4,6,5,25
2024-03-17 02:40:00,2,2,2,0,0,0,6
2024-03-17 02:50:00,5,5,5,5,5,3,28
2024-03-17 03:00:00,2,2,4,6,6,6,26
2024-03-17 03:10:00,6,5,4,3,4,3,25
2024-03-17 03:20:00,4,4,3,7,9,7,34
2024-03-17 03:30:00,6,6,4,3,4,3,26
2024-03-17 03:40:00,2,3,3,4,3,4,19
2024-03-17 03:50:00,5,5,7,0,0,0,17
2024-03-17 04:00:00,2,2,1,2,2,2,11
2024-03-17 04:10:00,2,2,2,1,1,0,8
2024-03-17 04:20:00,2,2,1,3,3,3,14
2024-03-17 04:30:00,2,2,2,2,4,3,15
2024-03-17 04:40:00,3,3,3,7,7,5,28
2024-03-17 04:50:00,4,4,5,6,5,6,30
2024-03-17 05:00:00,7,7,6,7,8,6,41
2024-03-17 05:10:00,3,4,3,4,3,3,20
2024-03-17 05:20:00,4,4,4,6,7,6,31
2024-03-17 05:30:00,3,4,4,7,7,7,32
2024-03-17 05:40:00,5,5,5,8,12,7,42
2024-03-17 05:50:00,8,9,7,10,10,10,54
2024-03-17 06:00:00,8,9,7,4,5,3,36
2024-03-17 06:10:00,4,5,3,9,12,9,42
2024-03-17 06:20:00,5,6,4,7,6,6,34
2024-03-17 06:30:00,4,5,2,7,6,7,31
2024-03-17 06:40:00,9,9,9,2,2,2,33
2024-03-17 06:50:00,7,7,6,4,4,4,32
2024-03-17 07:00:00,12,10,9,6,6,7,50
2024-03-17 07:10:00,4,3,2,7,7,7,30
2024-03-17 07:20:00,3,2,1,5,5,4,20
2024-03-17 07:30:00,4,4,2,5,5,5,25
2024-03-17 07:40:00,3,3,2,8,7,6,29
2024-03-17 07:50:00,9,9,8,5,3,5,39
2024-03-17 08:00:00,6,7,5,6,6,5,35
2024-03-17 08:10:00,7,7,5,10,10,10,49
2024-03-17 08:20:00,9,8,8,5,4,6,40
2024-03-17 08:30:00,10,10,7,15,14,12,68
2024-03-17 08:40:00,14,15,13,11,13,11,77
2024-03-17 08:50:00,9,9,10,8,7,11,54
2024-03-17 09:00:00,10,12,7,14,13,13,69
2024-03-17 09:10:00,7,7,7,10,9,10,50
2024-03-17 09:20:00,17,19,15,29,23,29,132
2024-03-17 09:30:00,14,17,14,21,16,24,106
2024-03-17 09:40:00,16,16,13,23,20,18,106
2024-03-17 09:50:00,23,20,17,22,18,27,127
2024-03-17 10:00:00,21,25,16,21,17,22,122
2024-03-17 10:10:00,23,23,20,26,20,27,139
2024-03-17 10:20:00,24,22,19,20,16,19,120
2024-03-17 10:30:00,21,21,13,31,21,29,136
2024-03-17 10:40:00,16,17,13,26,19,27,118
2024-03-17 10:50:00,20,19,14,25,24,27,129
2024-03-17 11:00:00,24,22,15,31,24,32,148
2024-03-17 11:10:00,30,30,21,29,25,30,165
2024-03-17 11:20:00,26,25,16,29,19,30,145
2024-03-17 11:30:00,25,24,17,31,26,30,153
2024-03-17 11:40:00,27,29,22,39,35,43,195
2024-03-17 11:50:00,21,19,14,40,29,38,161
2024-03-17 12:00:00,35,36,26,42,32,42,213
2024-03-17 12:10:00,34,35,22,49,31,49,220
2024-03-17 12:20:00,30,28,21,45,28,43,195
2024-03-17 12:30:00,40,37,26,32,27,33,195
2024-03-17 12:40:00,34,39,30,25,22,25,175
2024-03-17 12:50:00,34,34,27,46,30,45,216
2024-03-17 13:00:00,38,37,26,39,31,39,210
2024-03-17 13:10:00,46,42,27,38,27,40,220
2024-03-17 13:20:00,35,37,26,39,31,42,210
2024-03-17 13:30:00,36,35,32,36,24,35,198
2024-03-17 13:40:00,27,30,18,37,28,36,176
2024-03-17 13:50:00,41,40,32,45,29,43,230
2024-03-17 14:00:00,53,57,36,28,22,29,225
2024-03-17 14:10:00,31,29,23,36,27,34,180
2024-03-17 14:20:00,42,41,26,41,30,39,219
2024-03-17 14:30:00,40,43,33,24,18,24,182
2024-03-17 14:40:00,44,43,28,35,26,34,210
2024-03-17 14:50:00,40,42,20,38,24,39,203
2024-03-17 15:00:00,38,37,28,35,28,34,200
2024-03-17 15:10:00,25,26,20,34,22,33,160
2024-03-17 15:20:00,31,30,21,33,31,34,180
2024-03-17 15:30:00,34,32,27,30,19,27,169
2024-03-17 15:40:00,29,28,23,46,27,41,194
2024-03-17 15:50:00,36,35,20,36,29,38,194
2024-03-17 16:00:00,42,41,35,27,19,28,192
2024-03-17 16:10:00,30,32,22,36,29,34,183
2024-03-17 16:20:00,43,42,28,33,24,31,201
2024-03-17 16:30:00,41,37,24,41,28,37,208
2024-03-17 16:40:00,28,30,23,26,22,25,154
2024-03-17 16:50:00,41,43,31,41,24,33,213
2024-03-17 17:00:00,44,38,30,36,26,35,209
2024-03-17 17:10:00,46,49,28,44,26,41,234
2024-03-17 17:20:00,31,31,22,34,26,37,181
2024-03-17 17:30:00,38,35,27,54,37,56,247
2024-03-17 17:40:00,36,34,20,39,30,41,200
2024-03-17 17:50:00,42,41,27,37,28,35,210
2024-03-17 18:00:00,37,35,24,36,24,32,188
2024-03-17 18:10:00,46,49,31,36,30,34,226
2024-03-17 18:20:00,45,46,34,49,27,46,247
2024-03-17 18:30:00,34,33,26,23,14,24,154
2024-03-17 18:40:00,17,17,11,29,17,32,123
2024-03-17 18:50:00,25,29,19,25,25,24,147
2024-03-17 19:00:00,22,24,20,25,29,26,146
2024-03-17 19:10:00,35,34,25,31,26,32,183
2024-03-17 19:20:00,20,22,13,36,31,35,157
2024-03-17 19:30:00,26,20,21,28,33,27,155
2024-03-17 19:40:00,32,30,19,30,32,30,173
2024-03-17 19:50:00,22,23,24,41,41,40,191
2024-03-17 20:00:00,28,28,17,19,25,21,138
2024-03-17 20:10:00,19,17,17,22,22,22,119
2024-03-17 20:20:00,20,23,15,21,26,26,131
2024-03-17 20:30:00,15,18,18,20,21,19,111
2024-03-17 20:40:00,25,24,19,17,19,16,120
2024-03-17 20:50:00,19,25,18,27,26,26,141
2024-03-17 21:00:00,21,20,17,19,17,17,111
2024-03-17 21:10:00,19,17,16,16,22,17,107
2024-03-17 21:20:00,21,25,13,21,24,18,122
2024-03-17 21:30:00,25,23,18,14,15,14,109
2024-03-17 21:40:00,26,25,17,10,8,7,93
2024-03-17 21:50:00,20,25,18,14,13,11,101
2024-03-17 22:00:00,20,17,12,10,15,10,84
2024-03-17 22:10:00,14,14,12,10,11,8,69
2024-03-17 22:20:00,18,19,16,13,13,12,91
2024-03-17 22:30:00,12,13,12,18,16,18,89
2024-03-17 22:40:00,11,11,8,3,3,3,39
2024-03-17 22:50:00,10,11,8,12,11,12,64
2024-03-17 23:00:00,12,13,8,8,6,7,54
2024-03-17 23:10:00,16,14,15,4,4,4,57
2024-03-17 23:20:00,5,3,2,12,16,12,50
2024-03-17 23:30:00,13,14,11,7,8,7,60
2024-03-17 23:40:00,10,9,10,2,2,2,35
2024-03-17 23:50:00,7,7,8,6,2,7,37
2024-03-18 00:00:00,9,8,4,9,5,6,41
2024-03-18 00:10:00,2,3,2,5,7,4,23
2024-03-18 00:20:00,9,9,10,6,3,5,42
2024-03-18 00:30:00,3,2,1,5,4,4,19
2024-03-18 00:40:00,5,5,6,4,1,3,24
2024-03-18 00:50:00,3,2,2,4,4,4,19
2024-03-18 01:00:00,7,8,6,6,4,5,36
2024-03-18 01:10:00,4,4,3,6,6,6,29
2024-03-18 01:20:00,1,1,1,2,3,3,11
2024-03-18 01:30:00,2,2,2,1,1,1,9
2024-03-18 01:40:00,3,3,2,1,1,1,11
2024-03-18 01:50:00,0,0,0,0,0,0,0
2024-03-18 02:00:00,1,1,1,2,2,2,9
2024-03-18 02:10:00,1,1,1,4,4,4,15
2024-03-18 02:20:00,5,4,3,3,3,3,21
2024-03-18 02:30:00,1,1,1,0,0,0,3
2024-03-18 02:40:00,3,3,3,2,0,1,12
2024-03-18 02:50:00,2,2,2,1,1,1,9
2024-03-18 03:00:00,5,6,6,1,1,1,20
2024-03-18 03:10:00,6,4,5,1,1,1,18
2024-03-18 03:20:00,2,1,1,4,5,4,17
2024-03-18 03:30:00,2,2,1,2,4,2,13
2024-03-18 03:40:00,1,1,1,5,7,5,20
2024-03-18 03:50:00,1,1,1,2,2,2,9
2024-03-18 04:00:00,1,1,1,2,1,2,8
2024-03-18 04:10:00,3,3,3,5,6,5,25
2024-03-18 04:20:00,4,4,4,6,6,6,30
2024-03-18 04:30:00,4,4,4,7,8,7,34
2024-03-18 04:40:00,2,2,2,9,10,8,33
2024-03-18 04:50:00,4,4,5,8,12,8,41
2024-03-18 05:00:00,7,7,7,11,9,10,51
2024-03-18 05:10:00,10,10,12,15,15,15,77
2024-03-18 05:20:00,17,16,14,17,15,18,97
2024-03-18 05:30:00,10,13,9,24,24,22,102
2024-03-18 05:40:00,19,22,22,40,26,38,167
2024-03-18 05:50:00,16,14,16,50,34,52,182
2024-03-18 06:00:00,23,23,14,44,40,40,184
2024-03-18 06:10:00,24,22,16,58,45,56,221
2024-03-18 06:20:00,30,25,17,64,46,69,251
2024-03-18 06:30:00,26,29,19,72,41,66,253
2024-03-18 06:40:00,30,27,15,81,36,78,267
2024-03-18 06:50:00,22,15,13,88,39,87,264
2024-03-18 07:00:00,35,33,25,70,38,69,270
2024-03-18 07:10:00,42,42,30,82,39,82,317
2024-03-18 07:20:00,40,40,27,72,32,72,283
2024-03-18 07:30:00,50,46,25,70,39,70,300
2024-03-18 07:40:00,44,46,26,88,25,86,315
2024-03-18 07:50:00,38,35,22,72,32,74,273
2024-03-18 08:00:00,47,54,36,61,39,62,299
2024-03-18 08:10:00,54,60,34,58,40,58,304
2024-03-18 08:20:00,51,52,35,63,33,68,302
2024-03-18 08:30:00,55,35,24,59,35,70,278
2024-03-18 08:40:00,66,43,29,75,29,72,314
2024-03-18 08:50:00,43,43,23,56,36,60,261
2024-03-18 09:00:00,43,43,28,56,33,53,256
2024-03-18 09:10:00,35,38,25,62,36,63,259
2024-03-18 09:20:00,29,32,22,61,43,59,246
2024-03-18 09:30:00,49,49,36,69,37,69,309
2024-03-18 09:40:00,56,59,31,49,28,50,273
2024-03-18 09:50:00,39,43,35,58,28,57,260
2024-03-18 10:00:00,46,46,35,61,38,62,288
2024-03-18 10:10:00,51,56,35,47,29,49,267
2024-03-18 10:20:00,44,42,34,42,32,42,236
2024-03-18 10:30:00,55,57,35,44,24,42,257
2024-03-18 10:40:00,37,35,23,59,31,56,241
2024-03-18 10:50:00,41,42,29,35,27,38,212
2024-03-18 11:00:00,49,52,29,42,27,40,239
2024-03-18 11:10:00,45,45,30,48,36,46,250
2024-03-18 11:20:00,55,60,36,50,33,48,282
2024-03-18 11:30:00,47,49,27,59,33,55,270
2024-03-18 11:40:00,42,43,31,53,33,51,253
2024-03-18 11:50:00,57,59,33,44,31,43,267
2024-03-18 12:00:00,51,54,31,41,32,41,250
2024-03-18 12:10:00,71,68,33,59,39,58,328
2024-03-18 12:20:00,47,52,33,54,34,58,278
2024-03-18 12:30:00,60,60,38,60,32,58,308
2024-03-18 12:40:00,58,57,32,47,33,47,274
2024-03-18 12:50:00,58,66,29,44,32,50,279
2024-03-18 13:00:00,56,55,38,42,28,39,258
2024-03-18 13:10:00,62,62,41,53,40,56,314
2024-03-18 13:20:00,60,64,39,53,39,49,304
2024-03-18 13:30:00,59,67,31,47,33,50,287
2024-03-18 13:40:00,49,47,24,48,34,43,245
2024-03-18 13:50:00,52,55,27,45,35,44,258
2024-03-18 14:00:00,57,55,36,46,27,42,263
2024-03-18 14:10:00,64,63,48,41,28,39,283
2024-03-18 14:20:00,64,64,36,48,34,48,294
2024-03-18 14:30:00,69,69,37,61,37,60,333
2024-03-18 14:40:00,64,66,38,69,29,68,334
2024-03-18 14:50:00,71,73,40,55,34,51,324
2024-03-18 15:00:00,73,75,42,36,23,39,288
2024-03-18 15:10:00,90,96,50,45,22,45,348
2024-03-18 15:20:00,82,85,35,49,27,46,324
2024-03-18 15:30:00,92,98,38,65,40,64,397
2024-03-18 15:40:00,79,78,53,64,44,68,386
2024-03-18 15:50:00,95,99,44,47,30,48,363
2024-03-18 16:00:00,85,85,47,63,42,65,387
2024-03-18 16:10:00,71,73,32,56,31,51,314
2024-03-18 16:20:00,80,83,33,48,29,48,321
2024-03-18 16:30:00,92,97,56,49,33,48,375
2024-03-18 16:40:00,84,93,34,63,38,60,372
2024-03-18 16:50:00,93,91,42,52,33,50,361
2024-03-18 17:00:00,72,74,48,43,30,44,311
2024-03-18 17:10:00,75,78,38,59,30,58,338
2024-03-18 17:20:00,107,103,55,54,32,57,408
2024-03-18 17:30:00,42,47,23,65,34,64,275
2024-03-18 17:40:00,75,75,39,59,34,53,335
2024-03-18 17:50:00,65,64,38,46,42,45,300
2024-03-18 18:00:00,55,58,36,38,23,38,248
2024-03-18 18:10:00,62,60,36,39,24,39,260
2024-03-18 18:20:00,53,49,25,39,33,41,240
2024-03-18 18:30:00,45,47,26,43,29,40,230
2024-03-18 18:40:00,46,50,29,34,26,32,217
2024-03-18 18:50:00,40,42,33,40,40,39,234
2024-03-18 19:00:00,30,33,28,29,28,31,179
2024-03-18 19:10:00,28,35,20,36,25,32,176
2024-03-18 19:20:00,32,31,21,37,34,37,192
2024-03-18 19:30:00,30,31,18,32,34,33,178
2024-03-18 19:40:00,26,27,24,25,27,23,152
2024-03-18 19:50:00,25,24,22,30,28,29,158
2024-03-18 20:00:00,29,28,19,25,23,22,146
2024-03-18 20:10:00,31,32,26,34,34,34,191
2024-03-18 20:20:00,30,32,26,26,27,28,169
2024-03-18 20:30:00,23,23,19,24,21,24,134
2024-03-18 20:40:00,28,32,24,17,17,19,137
2024-03-18 20:50:00,18,16,15,30,31,28,138
2024-03-18 21:00:00,27,27,17,15,14,13,113
2024-03-18 21:10:00,17,17,18,13,12,12,89
2024-03-18 21:20:00,20,21,21,16,17,16,111
2024-03-18 21:30:00,24,24,23,15,13,15,114
2024-03-18 21:40:00,20,21,17,10,9,9,86
2024-03-18 21:50:00,22,21,15,16,6,12,92
2024-03-18 22:00:00,19,17,19,11,8,11,85
2024-03-18 22:10:00,25,25,21,15,15,20,121
2024-03-18 22:20:00,27,25,20,13,12,12,109
2024-03-18 22:30:00,14,15,9,13,17,12,80
2024-03-18 22:40:00,17,16,13,8,8,9,71
2024-03-18 22:50:00,12,13,13,7,5,8,58
2024-03-18 23:00:00,13,14,9,7,7,7,57
2024-03-18 23:10:00,15,14,17,7,11,7,71
2024-03-18 23:20:00,15,13,15,7,7,9,66
2024-03-18 23:30:00,16,14,11,8,10,7,66
2024-03-18 23:40:00,7,6,8,3,2,2,28
2024-03-18 23:50:00,11,11,8,4,4,3,41
2024-03-19 00:00:00,13,12,14,11,13,9,72
2024-03-19 00:10:00,3,3,4,5,5,5,25
2024-03-19 00:20:00,4,6,5,7,4,6,32
2024-03-19 00:30:00,6,6,5,5,6,5,33
2024-03-19 00:40:00,4,4,4,1,1,1,15
2024-03-19 00:50:00,5,3,4,7,5,6,30
2024-03-19 01:00:00,3,3,3,1,2,2,14
2024-03-19 01:10:00,2,2,4,4,2,1,15
2024-03-19 01:20:00,7,7,6,3,3,3,29
2024-03-19 01:30:00,1,1,2,3,4,2,13
2024-03-19 01:40:00,1,1,1,1,1,1,6
2024-03-19 01:50:00,2,2,2,2,3,2,13
2024-03-19 02:00:00,4,3,3,3,3,3,19
2024-03-19 02:10:00,2,2,1,3,6,3,17
2024-03-19 02:20:00,2,2,2,0,0,0,6
2024-03-19 02:30:00,4,4,3,2,2,3,18
2024-03-19 02:40:00,0,1,0,1,1,1,4
2024-03-19 02:50:00,5,5,3,2,0,0,15
2024-03-19 03:00:00,1,1,1,1,1,1,6
2024-03-19 03:10:00,4,3,4,3,2,3,19
2024-03-19 03:20:00,3,3,5,1,1,1,14
2024-03-19 03:30:00,5,5,6,5,5,4,30
2024-03-19 03:40:00,0,0,0,2,3,3,8
2024-03-19 03:50:00,3,4,2,6,5,5,25
2024-03-19 04:00:00,2,1,1,5,6,5,20
2024-03-19 04:10:00,3,3,3,4,4,4,21
2024-03-19 04:20:00,6,6,5,5,6,4,32
2024-03-19 04:30:00,2,2,4,5,7,4,24
2024-03-19 04:40:00,1,1,1,6,5,5,19
2024-03-19 04:50:00,6,4,3,11,13,13,50
2024-03-19 05:00:00,10,9,10,17,15,16,77
2024-03-19 05:10:00,12,11,7,20,20,18,88
2024-03-19 05:20:00,11,9,10,24,19,20,93
2024-03-19 05:30:00,9,8,6,25,23,24,95
2024-03-19 05:40:00,24,24,20,38,29,36,171
2024-03-19 05:50:00,14,15,13,44,28,47,161
2024-03-19 06:00:00,19,18,18,37,35,36,163
2024-03-19 06:10:00,25,25,18,61,43,56,228
2024-03-19 06:20:00,20,13,13,68,50,68,232
2024-03-19 06:30:00,25,27,17,72,37,70,248
2024-03-19 06:40:00,29,24,17,80,46,83,279
2024-03-19 06:50:00,34,33,19,80,32,76,274
2024-03-19 07:00:00,28,23,16,96,40,93,296
2024-03-19 07:10:00,51,49,27,70,37,73,307
2024-03-19 07:20:00,43,47,28,71,34,72,295
2024-03-19 07:30:00,42,38,26,85,25,80,296
2024-03-19 07:40:00,42,48,28,108,44,105,375
2024-03-19 07:50:00,41,42,32,82,39,82,318
2024-03-19 08:00:00,54,49,31,58,37,67,296
2024-03-19 08:10:00,50,51,28,65,32,68,294
2024-03-19 08:20:00,40,41,32,79,46,73,311
2024-03-19 08:30:00,34,39,26,67,46,68,280
2024-03-19 08:40:00,38,43,28,68,46,62,285
2024-03-19 08:50:00,41,40,20,53,35,61,250
2024-03-19 09:00:00,44,42,33,48,34,47,248
2024-03-19 09:10:00,48,45,35,57,37,55,277
2024-03-19 09:20:00,44,46,30,57,44,59,280
2024-03-19 09:30:00,46,50,27,51,35,50,259
2024-03-19 09:40:00,49,54,29,54,39,51,276
2024-03-19 09:50:00,53,54,31,57,38,57,290
2024-03-19 10:00:00,51,48,31,56,37,58,281
2024-03-19 10:10:00,59,60,31,42,25,41,258
2024-03-19 10:20:00,41,42,26,47,39,44,239
2024-03-19 10:30:00,45,44,26,44,32,45,236
2024-03-19 10:40:00,38,43,29,64,43,60,277
2024-03-19 10:50:00,42,43,26,43,28,38,220
2024-03-19 11:00:00,50,52,28,50,33,47,260
2024-03-19 11:10:00,46,53,34,32,23,30,218
2024-03-19 11:20:00,42,41,33,46,33,47,242
2024-03-19 11:30:00,52,62,33,45,30,46,268
2024-03-19 11:40:00,50,42,35,32,27,34,220
2024-03-19 11:50:00,49,48,24,49,37,45,252
2024-03-19 12:00:00,61,64,24,50,35,49,283
2024-03-19 12:10:00,60,60,39,38,28,36,261
2024-03-19 12:20:00,68,72,31,40,26,38,275
2024-03-19 12:30:00,54,54,28,28,25,29,218
2024-03-19 12:40:00,50,51,27,45,30,44,247
2024-03-19 12:50:00,48,48,28,45,37,47,253
2024-03-19 13:00:00,58,54,28,52,29,52,273
2024-03-19 13:10:00,50,49,37,41,34,40,251
2024-03-19 13:20:00,56,56,29,51,28,49,269
2024-03-19 13:30:00,52,51,25,64,37,65,294
2024-03-19 13:40:00,39,45,26,47,36,46,239
2024-03-19 13:50:00,56,57,35,32,27,37,244
2024-03-19 14:00:00,59,60,36,34,33,33,255
2024-03-19 14:10:00,71,68,35,60,33,59,326
2024-03-19 14:20:00,65,69,38,49,32,48,301
2024-03-19 14:30:00,70,70,36,56,36,50,318
2024-03-19 14:40:00,55,60,35,44,37,42,273
2024-03-19 14:50:00,72,77,33,39,29,40,290
2024-03-19 15:00:00,80,80,45,51,28,49,333
2024-03-19 15:10:00,83,87,45,44,31,41,331
2024-03-19 15:20:00,95,106,58,57,41,55,412
2024-03-19 15:30:00,90,91,33,48,31,48,341
2024-03-19 15:40:00,90,91,48,55,34,53,371
2024-03-19 15:50:00,90,95,33,73,47,71,409
2024-03-19 16:00:00,107,107,50,49,28,49,390
2024-03-19 16:10:00,81,84,45,46,30,46,332
2024-03-19 16:20:00,73,79,44,46,29,44,315
2024-03-19 16:30:00,83,85,51,70,38,69,396
2024-03-19 16:40:00,87,93,34,75,36,69,394
2024-03-19 16:50:00,81,79,46,62,32,58,358
2024-03-19 17:00:00,71,73,42,73,45,72,376
2024-03-19 17:10:00,83,94,40,64,34,58,373
2024-03-19 17:20:00,79,86,39,59,29,98,390
2024-03-19 17:30:00,78,72,35,65,30,62,342
2024-03-19 17:40:00,68,66,37,61,30,60,322
2024-03-19 17:50:00,69,68,37,53,36,53,316
2024-03-19 18:00:00,60,62,41,61,27,62,313
2024-03-19 18:10:00,45,55,33,69,41,66,309
2024-03-19 18:20:00,75,74,39,50,29,50,317
2024-03-19 18:30:00,69,65,36,42,27,42,281
2024-03-19 18:40:00,45,49,28,54,30,52,258
2024-03-19 18:50:00,38,36,21,38,29,40,202
2024-03-19 19:00:00,34,37,30,42,38,42,223
2024-03-19 19:10:00,37,39,26,34,30,32,198
2024-03-19 19:20:00,32,29,26,37,25,36,185
2024-03-19 19:30:00,32,31,27,28,27,25,170
2024-03-19 19:40:00,41,40,28,35,34,33,211
2024-03-19 19:50:00,35,31,26,31,28,31,182
2024-03-19 20:00:00,37,40,25,36,27,35,200
2024-03-19 20:10:00,33,28,22,35,31,35,184
2024-03-19 20:20:00,30,30,20,23,22,25,150
2024-03-19 20:30:00,31,32,20,23,20,20,146
2024-03-19 20:40:00,25,25,15,27,26,27,145
2024-03-19 20:50:00,34,30,27,30,25,29,175
2024-03-19 21:00:00,21,23,22,22,22,24,134
2024-03-19 21:10:00,22,23,21,19,21,19,125
2024-03-19 21:20:00,22,22,17,12,12,11,96
2024-03-19 21:30:00,28,27,19,15,14,13,116
2024-03-19 21:40:00,31,28,22,23,24,21,149
2024-03-19 21:50:00,22,28,22,25,17,23,137
2024-03-19 22:00:00,27,28,16,16,14,16,117
2024-03-19 22:10:00,38,36,29,23,18,18,162
2024-03-19 22:20:00,22,20,19,7,5,8,81
2024-03-19 22:30:00,21,21,19,17,14,16,108
2024-03-19 22:40:00,16,16,17,13,13,12,87
2024-03-19 22:50:00,18,18,14,7,6,6,69
2024-03-19 23:00:00,24,19,11,14,12,13,93
2024-03-19 23:10:00,7,7,11,5,4,3,37
2024-03-19 23:20:00,3,4,5,4,3,4,23
2024-03-19 23:30:00,5,10,8,11,5,5,44
2024-03-19 23:40:00,8,7,9,7,9,7,47
2024-03-19 23:50:00,5,5,6,8,6,11,41
2024-03-20 00:00:00,7,7,6,12,13,11,56
2024-03-20 00:10:00,6,6,8,4,1,3,28
2024-03-20 00:20:00,5,6,7,5,4,4,31
2024-03-20 00:30:00,9,8,8,6,8,6,45
2024-03-20 00:40:00,9,7,10,4,4,4,38
2024-03-20 00:50:00,3,4,4,4,2,2,19
2024-03-20 01:00:00,7,5,5,2,3,2,24
2024-03-20 01:10:00,5,5,4,3,2,1,20
2024-03-20 01:20:00,5,6,5,5,5,5,31
2024-03-20 01:30:00,5,5,5,2,2,2,21
2024-03-20 01:40:00,2,2,2,3,5,3,17
2024-03-20 01:50:00,2,2,1,2,2,2,11
2024-03-20 02:00:00,3,1,1,2,3,2,12
2024-03-20 02:10:00,2,2,2,2,3,2,13
2024-03-20 02:20:00,6,6,7,6,4,5,34
2024-03-20 02:30:00,0,0,0,2,3,2,7
2024-03-20 02:40:00,3,3,4,1,1,1,13
2024-03-20 02:50:00,3,2,1,2,2,2,12
2024-03-20 03:00:00,2,2,2,4,7,3,20
2024-03-20 03:10:00,5,3,3,3,4,4,22
2024-03-20 03:20:00,1,1,1,4,5,4,16
2024-03-20 03:30:00,3,3,1,5,5,4,21
2024-03-20 03:40:00,1,1,1,3,4,3,13
2024-03-20 03:50:00,0,0,0,2,3,2,7
2024-03-20 04:00:00,2,1,1,2,2,2,10
2024-03-20 04:10:00,4,4,4,7,9,6,34
2024-03-20 04:20:00,4,4,4,2,2,2,18
2024-03-20 04:30:00,5,5,5,5,6,5,31
2024-03-20 04:40:00,5,3,2,9,9,10,38
2024-03-20 04:50:00,4,4,4,11,10,10,43
2024-03-20 05:00:00,5,5,7,9,8,10,44
2024-03-20 05:10:00,7,8,4,12,14,12,57
2024-03-20 05:20:00,11,11,11,20,18,20,91
2024-03-20 05:30:00,11,11,10,20,19,20,91
2024-03-20 05:40:00,17,19,9,39,25,38,147
2024-03-20 05:50:00,14,15,13,48,36,47,173
2024-03-20 06:00:00,20,19,17,38,37,37,168
2024-03-20 06:10:00,25,23,18,65,56,58,245
2024-03-20 06:20:00,22,19,17,80,51,76,265
2024-03-20 06:30:00,28,24,18,66,37,68,241
2024-03-20 06:40:00,29,31,22,84,44,86,296
2024-03-20 06:50:00,31,28,23,77,42,76,277
2024-03-20 07:00:00,30,29,22,76,37,77,271
2024-03-20 07:10:00,38,36,23,76,34,78,285
2024-03-20 07:20:00,49,49,9,69,13,64,253
2024-03-20 07:30:00,69,64,26,88,28,82,357
2024-03-20 07:40:00,49,52,24,70,32,62,289
2024-03-20 07:50:00,37,36,27,74,46,78,298
2024-03-20 08:00:00,59,59,33,51,36,51,289
2024-03-20 08:10:00,52,57,29,51,33,56,278
2024-03-20 08:20:00,37,50,21,61,25,63,257
2024-03-20 08:30:00,48,51,34,81,56,78,348
2024-03-20 08:40:00,43,43,28,63,29,66,272
2024-03-20 08:50:00,36,51,23,59,40,63,272
2024-03-20 09:00:00,36,36,21,59,41,60,253
2024-03-20 09:10:00,43,43,34,59,47,55,281
2024-03-20 09:20:00,41,41,29,59,40,62,272
2024-03-20 09:30:00,63,66,42,49,35,46,301
2024-03-20 09:40:00,47,48,27,52,34,53,261
2024-03-20 09:50:00,40,42,22,49,35,48,236
2024-03-20 10:00:00,60,59,34,47,33,51,284
2024-03-20 10:10:00,60,61,33,49,35,54,292
2024-03-20 10:20:00,49,46,27,55,38,46,261
2024-03-20 10:30:00,36,38,29,40,23,40,206
2024-03-20 10:40:00,54,56,44,53,38,48,293
2024-03-20 10:50:00,45,48,26,53,34,51,257
2024-03-20 11:00:00,52,53,31,57,40,59,292
2024-03-20 11:10:00,52,53,34,46,31,48,264
2024-03-20 11:20:00,55,50,35,54,33,52,279
2024-03-20 11:30:00,57,57,27,34,27,37,239
2024-03-20 11:40:00,40,42,27,40,28,39,216
2024-03-20 11:50:00,42,45,31,36,25,37,216
2024-03-20 12:00:00,64,62,35,62,37,59,319
2024-03-20 12:10:00,53,55,23,39,34,45,249
2024-03-20 12:20:00,65,65,32,57,38,55,312
2024-03-20 12:30:00,64,67,41,40,26,37,275
2024-03-20 12:40:00,64,61,34,41,29,41,270
2024-03-20 12:50:00,52,53,33,44,30,44,256
2024-03-20 13:00:00,56,59,32,40,39,41,267
2024-03-20 13:10:00,65,59,37,53,38,54,306
2024-03-20 13:20:00,70,73,34,38,34,41,290
2024-03-20 13:30:00,60,57,35,37,30,36,255
2024-03-20 13:40:00,50,49,38,55,33,58,283
2024-03-20 13:50:00,51,52,29,48,31,47,258
2024-03-20 14:00:00,54,53,38,41,30,43,259
2024-03-20 14:10:00,60,58,32,56,41,54,301
2024-03-20 14:20:00,68,67,39,46,30,47,297
2024-03-20 14:30:00,70,71,43,49,37,47,317
2024-03-20 14:40:00,65,66,34,63,32,59,319
2024-03-20 14:50:00,71,72,46,31,24,31,275
2024-03-20 15:00:00,67,71,39,42,34,48,301
2024-03-20 15:10:00,82,88,53,38,27,37,325
2024-03-20 15:20:00,87,102,46,53,34,53,375
2024-03-20 15:30:00,82,76,45,57,35,59,354
2024-03-20 15:40:00,92,100,42,53,24,53,364
2024-03-20 15:50:00,78,75,23,56,20,60,312
2024-03-20 16:00:00,102,107,54,53,42,48,406
2024-03-20 16:10:00,84,82,28,60,35,68,357
2024-03-20 16:20:00,79,83,54,52,32,52,352
2024-03-20 16:30:00,91,96,44,56,38,49,374
2024-03-20 16:40:00,90,91,37,52,37,55,362
2024-03-20 16:50:00,72,74,42,64,34,57,343
2024-03-20 17:00:00,61,58,26,53,35,58,291
2024-03-20 17:10:00,92,95,44,60,36,54,381
2024-03-20 17:20:00,104,103,45,63,37,65,417
2024-03-20 17:30:00,70,73,39,56,30,52,320
2024-03-20 17:40:00,63,60,33,56,28,56,296
2024-03-20 17:50:00,62,60,37,57,37,60,313
2024-03-20 18:00:00,56,59,33,63,34,67,312
2024-03-20 18:10:00,59,59,33,62,41,56,310
2024-03-20 18:20:00,52,54,33,51,33,54,277
2024-03-20 18:30:00,58,61,28,49,29,50,275
2024-03-20 18:40:00,44,45,31,54,33,55,262
2024-03-20 18:50:00,61,58,27,43,36,46,271
2024-03-20 19:00:00,37,41,30,41,30,34,213
2024-03-20 19:10:00,44,48,25,39,28,37,221
2024-03-20 19:20:00,35,35,30,25,21,27,173
2024-03-20 19:30:00,33,28,23,30,21,30,165
2024-03-20 19:40:00,29,30,22,29,33,27,170
2024-03-20 19:50:00,52,50,32,31,33,32,230
2024-03-20 20:00:00,33,32,21,32,37,33,188
2024-03-20 20:10:00,34,33,19,38,35,31,190
2024-03-20 20:20:00,40,38,33,35,27,33,206
2024-03-20 20:30:00,26,27,19,25,22,25,144
2024-03-20 20:40:00,25,24,21,18,21,18,127
2024-03-20 20:50:00,28,23,16,25,22,24,138
2024-03-20 21:00:00,24,23,23,26,14,26,136
2024-03-20 21:10:00,32,33,26,26,26,26,169
2024-03-20 21:20:00,31,29,24,25,24,24,157
2024-03-20 21:30:00,28,30,21,15,15,16,125
2024-03-20 21:40:00,29,28,15,10,11,9,102
2024-03-20 21:50:00,45,45,30,31,24,26,201
2024-03-20 22:00:00,25,24,19,15,14,13,110
2024-03-20 22:10:00,26,28,20,11,15,10,110
2024-03-20 22:20:00,22,22,17,12,8,11,92
2024-03-20 22:30:00,18,20,16,12,13,10,89
2024-03-20 22:40:00,18,18,21,7,10,7,81
2024-03-20 22:50:00,19,20,16,19,15,18,107
2024-03-20 23:00:00,11,11,8,16,15,14,75
2024-03-20 23:10:00,11,9,11,9,7,9,56
2024-03-20 23:20:00,12,10,10,12,10,11,65
2024-03-20 23:30:00,11,11,7,7,7,7,50
2024-03-20 23:40:00,8,9,8,6,8,6,45
2024-03-20 23:50:00,11,12,11,6,6,6,52
2024-03-21 00:00:00,9,12,10,8,9,10,58
2024-03-21 00:10:00,8,7,12,4,3,3,37
2024-03-21 00:20:00,8,9,8,14,9,12,60
2024-03-21 00:30:00,2,2,1,4,6,3,18
2024-03-21 00:40:00,4,4,4,9,12,9,42
2024-03-21 00:50:00,3,2,2,3,3,3,16
2024-03-21 01:00:00,5,5,4,2,3,5,24
2024-03-21 01:10:00,5,5,5,2,2,2,21
2024-03-21 01:20:00,5,4,4,4,3,5,25
2024-03-21 01:30:00,2,2,1,6,9,6,26
2024-03-21 01:40:00,5,5,3,4,6,3,26
2024-03-21 01:50:00,2,1,1,2,2,1,9
2024-03-21 02:00:00,3,3,4,5,3,4,22
2024-03-21 02:10:00,3,3,3,1,2,1,13
2024-03-21 02:20:00,4,3,4,5,7,5,28
2024-03-21 02:30:00,4,5,3,1,1,1,15
2024-03-21 02:40:00,3,2,2,2,1,1,11
2024-03-21 02:50:00,1,1,1,3,4,3,13
2024-03-21 03:00:00,1,1,1,0,0,0,3
2024-03-21 03:10:00,4,5,3,2,1,1,16
2024-03-21 03:20:00,3,3,3,1,2,1,13
2024-03-21 03:30:00,6,4,5,9,3,7,34
2024-03-21 03:40:00,3,3,3,3,4,3,19
2024-03-21 03:50:00,3,3,3,6,6,5,26
2024-03-21 04:00:00,6,4,4,4,3,4,25
2024-03-21 04:10:00,3,2,4,5,6,5,25
2024-03-21 04:20:00,2,2,2,6,5,5,22
2024-03-21 04:30:00,1,1,1,3,4,3,13
2024-03-21 04:40:00,1,2,2,4,3,4,16
2024-03-21 04:50:00,4,2,3,14,11,15,49
2024-03-21 05:00:00,2,2,2,10,11,12,39
2024-03-21 05:10:00,13,12,7,17,18,16,83
2024-03-21 05:20:00,11,12,9,18,12,20,82
2024-03-21 05:30:00,18,16,13,32,28,30,137
2024-03-21 05:40:00,16,12,12,41,31,42,154
2024-03-21 05:50:00,19,16,13,44,30,46,168
2024-03-21 06:00:00,24,20,12,45,35,42,178
2024-03-21 06:10:00,24,22,17,47,40,47,197
2024-03-21 06:20:00,22,17,13,69,37,69,227
2024-03-21 06:30:00,28,25,20,82,39,87,281
2024-03-21 06:40:00,22,21,19,85,36,84,267
2024-03-21 06:50:00,33,28,26,85,43,84,299
2024-03-21 07:00:00,25,19,15,85,45,85,274
2024-03-21 07:10:00,44,45,31,67,31,67,285
2024-03-21 07:20:00,51,48,34,69,27,66,295
2024-03-21 07:30:00,54,48,23,73,30,69,297
2024-03-21 07:40:00,47,51,21,74,39,68,300
2024-03-21 07:50:00,50,49,33,76,39,79,326
2024-03-21 08:00:00,46,46,27,53,32,60,264
2024-03-21 08:10:00,56,56,37,61,27,66,303
2024-03-21 08:20:00,44,48,28,77,39,76,312
2024-03-21 08:30:00,54,60,36,65,42,68,325
2024-03-21 08:40:00,31,26,21,75,31,74,258
2024-03-21 08:50:00,37,36,29,78,43,77,300
2024-03-21 09:00:00,46,59,32,50,31,46,264
2024-03-21 09:10:00,58,58,30,49,39,43,277
2024-03-21 09:20:00,42,47,27,43,31,41,231
2024-03-21 09:30:00,49,46,28,39,30,41,233
2024-03-21 09:40:00,49,51,33,64,34,61,292
2024-03-21 09:50:00,44,49,32,52,45,54,276
2024-03-21 10:00:00,32,34,24,46,32,48,216
2024-03-21 10:10:00,46,48,30,56,32,62,274
2024-03-21 10:20:00,46,43,30,45,33,47,244
2024-03-21 10:30:00,62,56,27,55,32,51,283
2024-03-21 10:40:00,48,47,36,47,33,48,259
2024-03-21 10:50:00,53,52,35,47,33,44,264
2024-03-21 11:00:00,40,40,27,37,26,34,204
2024-03-21 11:10:00,45,42,28,51,29,53,248
2024-03-21 11:20:00,49,50,29,41,37,46,252
2024-03-21 11:30:00,46,45,25,46,40,43,245
2024-03-21 11:40:00,58,60,38,38,30,36,260
2024-03-21 11:50:00,46,44,31,49,33,50,253
2024-03-21 12:00:00,63,61,41,44,37,46,292
2024-03-21 12:10:00,60,84,35,50,32,50,311
2024-03-21 12:20:00,76,72,45,40,31,35,299
2024-03-21 12:30:00,61,65,26,48,27,47,274
2024-03-21 12:40:00,55,56,29,51,39,53,283
2024-03-21 12:50:00,60,58,38,48,34,49,287
2024-03-21 13:00:00,47,48,33,35,24,32,219
2024-03-21 13:10:00,66,66,35,50,33,46,296
2024-03-21 13:20:00,46,50,31,48,38,46,259
2024-03-21 13:30:00,56,56,29,58,39,61,299
2024-03-21 13:40:00,64,61,38,36,26,37,262
2024-03-21 13:50:00,55,54,31,48,33,47,268
2024-03-21 14:00:00,66,65,52,42,31,44,300
2024-03-21 14:10:00,75,81,46,51,28,45,326
2024-03-21 14:20:00,66,69,36,54,34,54,313
2024-03-21 14:30:00,62,72,29,73,34,75,345
2024-03-21 14:40:00,64,59,36,49,38,50,296
2024-03-21 14:50:00,66,67,36,45,31,43,288
2024-03-21 15:00:00,91,95,52,46,35,46,365
2024-03-21 15:10:00,93,93,31,62,28,55,362
2024-03-21 15:20:00,75,79,41,50,38,53,336
2024-03-21 15:30:00,99,98,43,64,40,60,404
2024-03-21 15:40:00,95,101,33,56,36,57,378
2024-03-21 15:50:00,87,81,18,69,39,69,363
2024-03-21 16:00:00,82,86,38,53,32,50,341
2024-03-21 16:10:00,74,64,39,78,35,79,369
2024-03-21 16:20:00,81,86,38,43,35,42,325
2024-03-21 16:30:00,81,78,45,50,33,55,342
2024-03-21 16:40:00,84,90,47,69,38,60,388
2024-03-21 16:50:00,79,80,40,57,37,55,348
2024-03-21 17:00:00,91,94,46,49,32,47,359
2024-03-21 17:10:00,92,96,42,69,43,66,408
2024-03-21 17:20:00,73,73,36,60,21,59,322
2024-03-21 17:30:00,79,75,41,68,37,64,364
2024-03-21 17:40:00,68,71,31,54,25,51,300
2024-03-21 17:50:00,69,64,34,57,36,62,322
2024-03-21 18:00:00,61,61,28,58,32,56,296
2024-03-21 18:10:00,78,81,34,59,38,57,347
2024-03-21 18:20:00,64,60,35,51,33,51,294
2024-03-21 18:30:00,60,66,30,41,28,39,264
2024-03-21 18:40:00,40,40,24,33,24,34,195
2024-03-21 18:50:00,61,61,31,36,31,38,258
2024-03-21 19:00:00,31,33,31,42,51,44,232
2024-03-21 19:10:00,46,50,25,23,18,24,186
2024-03-21 19:20:00,31,29,18,32,34,36,180
2024-03-21 19:30:00,34,35,27,31,23,33,183
2024-03-21 19:40:00,32,33,16,32,32,33,178
2024-03-21 19:50:00,42,42,31,27,22,26,190
2024-03-21 20:00:00,37,35,19,44,40,47,222
2024-03-21 20:10:00,33,30,25,17,18,17,140
2024-03-21 20:20:00,34,38,21,24,26,25,168
2024-03-21 20:30:00,27,29,33,30,30,33,182
2024-03-21 20:40:00,26,23,25,18,17,21,130
2024-03-21 20:50:00,33,32,21,20,19,17,142
2024-03-21 21:00:00,26,30,24,35,31,28,174
2024-03-21 21:10:00,26,27,19,23,20,25,140
2024-03-21 21:20:00,23,26,17,22,14,17,119
2024-03-21 21:30:00,31,29,20,15,12,13,120
2024-03-21 21:40:00,29,30,29,19,19,19,145
2024-03-21 21:50:00,23,23,16,17,14,16,109
2024-03-21 22:00:00,23,26,21,18,19,18,125
2024-03-21 22:10:00,23,24,16,22,23,20,128
2024-03-21 22:20:00,21,20,19,14,16,15,105
2024-03-21 22:30:00,18,18,12,15,19,15,97
2024-03-21 22:40:00,22,22,18,13,11,10,96
2024-03-21 22:50:00,27,27,22,16,15,14,121
2024-03-21 23:00:00,31,32,25,14,11,10,123
2024-03-21 23:10:00,16,16,10,15,14,12,83
2024-03-21 23:20:00,12,14,13,11,10,11,71
2024-03-21 23:30:00,20,18,12,22,15,18,105
2024-03-21 23:40:00,15,16,17,10,9,10,77
2024-03-21 23:50:00,14,14,13,23,25,20,109
2024-03-22 00:00:00,14,12,10,12,12,12,72
2024-03-22 00:10:00,7,6,7,7,8,6,41
2024-03-22 00:20:00,11,11,11,7,3,6,49
2024-03-22 00:30:00,8,9,7,9,10,8,51
2024-03-22 00:40:00,6,6,6,4,4,3,29
2024-03-22 00:50:00,6,6,6,5,5,5,33
2024-03-22 01:00:00,6,6,7,6,6,5,36
2024-03-22 01:10:00,2,2,2,2,3,2,13
2024-03-22 01:20:00,3,2,2,4,3,3,17
2024-03-22 01:30:00,2,1,1,1,2,1,8
2024-03-22 01:40:00,6,5,5,2,2,2,22
2024-03-22 01:50:00,1,1,1,2,3,2,10
2024-03-22 02:00:00,3,2,4,6,7,5,27
2024-03-22 02:10:00,2,1,1,1,2,1,8
2024-03-22 02:20:00,0,0,0,2,2,2,6
2024-03-22 02:30:00,2,2,1,2,2,2,11
2024-03-22 02:40:00,4,4,3,3,2,2,18
2024-03-22 02:50:00,2,2,3,2,7,3,19
2024-03-22 03:00:00,3,3,4,1,1,1,13
2024-03-22 03:10:00,4,4,4,6,5,4,27
2024-03-22 03:20:00,4,6,4,3,5,3,25
2024-03-22 03:30:00,6,5,4,7,9,7,38
2024-03-22 03:40:00,4,3,2,5,5,5,24
2024-03-22 03:50:00,0,0,0,2,3,2,7
2024-03-22 04:00:00,3,3,3,2,3,2,16
2024-03-22 04:10:00,4,3,2,5,5,5,24
2024-03-22 04:20:00,3,3,3,6,5,5,25
2024-03-22 04:30:00,6,7,7,4,6,4,34
2024-03-22 04:40:00,5,5,8,5,5,4,32
2024-03-22 04:50:00,6,4,4,10,8,9,41
2024-03-22 05:00:00,5,5,5,13,11,13,52
2024-03-22 05:10:00,13,13,11,15,17,16,85
2024-03-22 05:20:00,14,12,11,18,21,17,93
2024-03-22 05:30:00,17,23,19,18,15,17,109
2024-03-22 05:40:00,19,16,10,34,25,40,144
2024-03-22 05:50:00,15,15,13,39,30,35,147
2024-03-22 06:00:00,22,22,16,44,42,42,188
2024-03-22 06:10:00,24,26,15,53,37,50,205
2024-03-22 06:20:00,22,20,13,63,29,61,208
2024-03-22 06:30:00,30,25,21,70,43,67,256
2024-03-22 06:40:00,39,35,28,80,44,82,308
2024-03-22 06:50:00,33,31,26,72,35,72,269
2024-03-22 07:00:00,29,27,22,72,44,69,263
2024-03-22 07:10:00,23,23,18,60,33,61,218
2024-03-22 07:20:00,29,26,21,65,34,62,237
2024-03-22 07:30:00,41,39,22,84,35,87,308
2024-03-22 07:40:00,47,46,29,84,47,87,340
2024-03-22 07:50:00,43,40,19,64,40,69,275
2024-03-22 08:00:00,27,34,19,47,42,56,225
2024-03-22 08:10:00,42,37,22,54,34,52,241
2024-03-22 08:20:00,33,37,22,51,37,53,233
2024-03-22 08:30:00,36,36,27,70,45,71,285
2024-03-22 08:40:00,42,47,25,64,39,63,280
2024-03-22 08:50:00,38,42,27,49,35,48,239
2024-03-22 09:00:00,32,32,23,49,37,50,223
2024-03-22 09:10:00,44,46,28,59,36,55,268
2024-03-22 09:20:00,43,43,30,45,37,47,245
2024-03-22 09:30:00,40,38,31,58,30,56,253
2024-03-22 09:40:00,38,44,29,51,38,49,249
2024-03-22 09:50:00,49,45,28,45,29,43,239
2024-03-22 10:00:00,46,51,30,55,32,51,265
2024-03-22 10:10:00,55,55,33,48,26,48,265
2024-03-22 10:20:00,51,51,30,56,39,57,284
2024-03-22 10:30:00,58,59,28,56,33,61,295
2024-03-22 10:40:00,54,57,28,42,25,41,247
2024-03-22 10:50:00,59,62,26,55,34,52,288
2024-03-22 11:00:00,57,65,29,60,38,53,302
2024-03-22 11:10:00,56,59,31,53,38,58,295
2024-03-22 11:20:00,80,71,31,57,38,53,330
2024-03-22 11:30:00,60,59,32,48,32,44,275
2024-03-22 11:40:00,59,60,38,53,42,54,306
2024-03-22 11:50:00,73,72,43,54,35,51,328
2024-03-22 12:00:00,50,54,37,48,28,49,266
2024-03-22 12:10:00,68,67,39,66,45,68,353
2024-03-22 12:20:00,83,85,41,66,47,65,387
2024-03-22 12:30:00,64,67,32,53,40,57,313
2024-03-22 12:40:00,88,86,46,57,41,57,375
2024-03-22 12:50:00,67,67,36,56,31,58,315
2024-03-22 13:00:00,94,96,34,45,34,44,347
2024-03-22 13:10:00,78,81,37,55,30,58,339
2024-03-22 13:20:00,67,65,39,60,41,59,331
2024-03-22 13:30:00,71,69,50,57,31,55,333
2024-03-22 13:40:00,76,78,35,57,35,59,340
2024-03-22 13:50:00,69,74,34,62,29,63,331
2024-03-22 14:00:00,82,80,41,56,43,55,357
2024-03-22 14:10:00,70,66,45,44,28,43,296
2024-03-22 14:20:00,78,76,38,58,40,56,346
2024-03-22 14:30:00,85,85,50,49,36,47,352
2024-03-22 14:40:00,89,90,38,56,27,56,356
2024-03-22 14:50:00,84,78,35,58,38,57,350
2024-03-22 15:00:00,74,85,40,49,35,50,333
2024-03-22 15:10:00,81,76,35,52,35,57,336
2024-03-22 15:20:00,71,70,35,47,36,48,307
2024-03-22 15:30:00,61,65,32,56,34,57,305
2024-03-22 15:40:00,76,77,41,55,35,62,346
2024-03-22 15:50:00,61,60,40,61,37,63,322
2024-03-22 16:00:00,80,82,44,42,29,47,324
2024-03-22 16:10:00,63,64,39,62,37,65,330
2024-03-22 16:20:00,60,57,35,47,32,45,276
2024-03-22 16:30:00,72,69,37,65,34,66,343
2024-03-22 16:40:00,59,60,24,56,36,58,293
2024-03-22 16:50:00,63,63,38,60,31,59,314
2024-03-22 17:00:00,50,54,29,51,36,54,274
2024-03-22 17:10:00,65,64,35,53,33,57,307
2024-03-22 17:20:00,60,59,39,56,34,56,304
2024-03-22 17:30:00,68,70,30,54,33,55,310
2024-03-22 17:40:00,64,55,34,52,37,51,293
2024-03-22 17:50:00,44,44,27,51,32,50,248
2024-03-22 18:00:00,55,57,32,38,23,38,243
2024-03-22 18:10:00,51,49,37,46,32,50,265
2024-03-22 18:20:00,60,57,31,50,28,50,276
2024-03-22 18:30:00,15,16,12,23,12,20,98
2024-03-22 18:40:00,14,15,13,16,10,16,84
2024-03-22 18:50:00,36,36,14,24,17,32,159
2024-03-22 19:00:00,42,45,33,40,26,37,223
2024-03-22 19:10:00,44,43,29,42,44,39,241
2024-03-22 19:20:00,34,37,20,30,27,28,176
2024-03-22 19:30:00,29,26,18,33,23,31,160
2024-03-22 19:40:00,45,48,27,42,34,41,237
2024-03-22 19:50:00,36,36,25,31,24,30,182
2024-03-22 20:00:00,42,41,33,39,22,39,216
2024-03-22 20:10:00,31,24,21,29,31,32,168
2024-03-22 20:20:00,33,36,21,29,28,25,172
2024-03-22 20:30:00,29,27,30,25,22,27,160
2024-03-22 20:40:00,21,23,16,23,24,21,128
2024-03-22 20:50:00,28,27,25,14,9,16,119
2024-03-22 21:00:00,22,22,16,30,17,29,136
2024-03-22 21:10:00,39,36,35,27,25,24,186
2024-03-22 21:20:00,20,20,14,21,28,23,126
2024-03-22 21:30:00,32,34,27,21,18,17,149
2024-03-22 21:40:00,25,21,23,25,25,25,144
2024-03-22 21:50:00,31,31,31,22,16,22,153
2024-03-22 22:00:00,39,35,27,24,22,25,172
2024-03-22 22:10:00,25,24,18,20,21,20,128
2024-03-22 22:20:00,25,26,23,17,15,15,121
2024-03-22 22:30:00,23,22,20,16,11,17,109
2024-03-22 22:40:00,28,27,17,15,18,12,117
2024-03-22 22:50:00,31,31,20,14,14,14,124
2024-03-22 23:00:00,22,22,20,15,17,14,110
2024-03-22 23:10:00,17,16,13,16,16,15,93
2024-03-22 23:20:00,18,19,16,17,12,18,100
2024-03-22 23:30:00,24,24,19,15,19,13,114
2024-03-22 23:40:00,20,20,17,9,8,10,84
2024-03-22 23:50:00,19,20,14,10,10,11,84
2024-03-23 00:00:00,18,20,19,11,14,11,93
2024-03-23 00:10:00,10,9,9,6,9,7,50
2024-03-23 00:20:00,15,19,12,11,7,9,73
2024-03-23 00:30:00,13,13,12,6,8,6,58
2024-03-23 00:40:00,6,5,5,4,6,4,30
2024-03-23 00:50:00,9,10,6,7,5,7,44
2024-03-23 01:00:00,9,6,6,9,8,10,48
2024-03-23 01:10:00,8,8,7,7,11,6,47
2024-03-23 01:20:00,14,18,13,12,11,10,78
2024-03-23 01:30:00,10,11,9,14,17,13,74
2024-03-23 01:40:00,8,8,6,3,6,3,34
2024-03-23 01:50:00,3,3,5,9,10,8,38
2024-03-23 02:00:00,6,3,6,7,9,7,38
2024-03-23 02:10:00,10,9,11,3,1,2,36
2024-03-23 02:20:00,6,7,7,4,1,3,28
2024-03-23 02:30:00,12,12,9,7,8,6,54
2024-03-23 02:40:00,7,8,8,5,3,3,34
2024-03-23 02:50:00,8,6,4,8,7,6,39
2024-03-23 03:00:00,7,6,4,4,6,4,31
2024-03-23 03:10:00,4,4,4,3,3,2,20
2024-03-23 03:20:00,6,5,5,2,1,1,20
2024-03-23 03:30:00,4,4,4,2,3,2,19
2024-03-23 03:40:00,4,3,3,3,4,3,20
2024-03-23 03:50:00,4,4,4,4,2,4,22
2024-03-23 04:00:00,3,3,4,2,2,2,16
2024-03-23 04:10:00,6,5,5,5,4,5,30
2024-03-23 04:20:00,3,3,3,4,4,2,19
2024-03-23 04:30:00,6,6,2,8,7,8,37
2024-03-23 04:40:00,5,4,4,4,4,3,24
2024-03-23 04:50:00,7,6,6,6,7,6,38
2024-03-23 05:00:00,7,6,7,5,6,6,37
2024-03-23 05:10:00,10,10,6,6,9,8,49
2024-03-23 05:20:00,2,2,2,4,4,5,19
2024-03-23 05:30:00,14,14,12,21,16,20,97
2024-03-23 05:40:00,12,12,10,12,6,11,63
2024-03-23 05:50:00,12,12,9,10,8,12,63
2024-03-23 06:00:00,6,6,6,5,2,4,29
2024-03-23 06:10:00,9,11,5,7,5,6,43
2024-03-23 06:20:00,12,11,9,14,10,12,68
2024-03-23 06:30:00,17,19,14,8,7,6,71
2024-03-23 06:40:00,13,11,8,14,9,13,68
2024-03-23 06:50:00,11,13,9,14,13,14,74
2024-03-23 07:00:00,8,7,8,9,8,9,49
2024-03-23 07:10:00,12,14,8,11,8,10,63
2024-03-23 07:20:00,8,8,3,7,5,7,38
2024-03-23 07:30:00,11,10,10,13,12,14,70
2024-03-23 07:40:00,23,25,18,20,13,18,117
2024-03-23 07:50:00,13,14,7,19,16,19,88
2024-03-23 08:00:00,8,8,7,17,13,16,69
2024-03-23 08:10:00,14,16,13,15,15,17,90
2024-03-23 08:20:00,14,16,12,15,11,18,86
2024-03-23 08:30:00,27,24,18,23,16,19,127
2024-03-23 08:40:00,16,18,12,29,21,27,123
2024-03-23 08:50:00,21,21,15,24,17,20,118
2024-03-23 09:00:00,16,13,11,30,24,33,127
2024-03-23 09:10:00,29,30,17,35,24,31,166
2024-03-23 09:20:00,23,23,19,32,23,33,153
2024-03-23 09:30:00,33,32,25,37,31,38,196
2024-03-23 09:40:00,26,26,17,36,36,33,174
2024-03-23 09:50:00,27,30,27,36,27,41,188
2024-03-23 10:00:00,34,36,22,41,29,39,201
2024-03-23 10:10:00,27,28,15,40,27,36,173
2024-03-23 10:20:00,30,35,24,39,28,41,197
2024-03-23 10:30:00,34,41,23,38,24,41,201
2024-03-23 10:40:00,34,36,20,36,23,30,179
2024-03-23 10:50:00,27,28,20,36,22,37,170
2024-03-23 11:00:00,33,34,21,38,30,34,190
2024-03-23 11:10:00,44,45,28,44,27,44,232
2024-03-23 11:20:00,47,47,32,29,21,31,207
2024-03-23 11:30:00,38,36,28,33,25,32,192
2024-03-23 11:40:00,33,39,19,46,32,45,214
2024-03-23 11:50:00,39,37,22,50,35,54,237
2024-03-23 12:00:00,29,31,26,46,33,41,206
2024-03-23 12:10:00,58,64,28,36,26,35,247
2024-03-23 12:20:00,38,32,27,34,27,34,192
2024-03-23 12:30:00,33,34,26,53,34,50,230
2024-03-23 12:40:00,38,34,24,47,30,45,218
2024-03-23 12:50:00,42,39,33,59,28,39,240
2024-03-23 13:00:00,35,37,30,37,29,39,207
2024-03-23 13:10:00,51,49,31,38,27,34,230
2024-03-23 13:20:00,38,40,25,34,24,33,194
2024-03-23 13:30:00,47,44,28,47,30,45,241
2024-03-23 13:40:00,49,49,32,40,29,41,240
2024-03-23 13:50:00,38,39,28,37,30,36,208
2024-03-23 14:00:00,50,47,33,47,24,46,247
2024-03-23 14:10:00,43,50,21,43,28,40,225
2024-03-23 14:20:00,54,52,33,37,25,36,237
2024-03-23 14:30:00,46,47,28,51,31,47,250
2024-03-23 14:40:00,38,40,26,47,30,44,225
2024-03-23 14:50:00,45,45,20,43,28,35,216
2024-03-23 15:00:00,38,38,28,43,29,42,218
2024-03-23 15:10:00,50,51,32,35,24,41,233
2024-03-23 15:20:00,46,46,29,39,26,38,224
2024-03-23 15:30:00,36,31,25,31,27,34,184
2024-03-23 15:40:00,36,36,27,46,28,47,220
2024-03-23 15:50:00,40,38,30,43,28,41,220
2024-03-23 16:00:00,36,32,19,35,27,35,184
2024-03-23 16:10:00,33,38,27,58,33,61,250
2024-03-23 16:20:00,41,42,32,41,38,38,232
2024-03-23 16:30:00,43,42,24,40,29,39,217
2024-03-23 16:40:00,46,47,26,48,37,45,249
2024-03-23 16:50:00,52,58,35,34,28,33,240
2024-03-23 17:00:00,51,47,35,54,32,52,271
2024-03-23 17:10:00,50,51,32,41,28,40,242
2024-03-23 17:20:00,50,49,27,41,22,36,225
2024-03-23 17:30:00,40,42,29,47,36,43,237
2024-03-23 17:40:00,46,49,33,31,24,31,214
2024-03-23 17:50:00,51,51,36,55,30,52,275
2024-03-23 18:00:00,32,33,27,42,33,44,211
2024-03-23 18:10:00,41,43,27,40,33,44,228
2024-03-23 18:20:00,39,37,28,39,29,42,214
2024-03-23 18:30:00,35,36,23,30,18,30,172
2024-03-23 18:40:00,50,46,26,44,24,44,234
2024-03-23 18:50:00,32,30,23,35,27,39,186
2024-03-23 19:00:00,22,23,16,32,33,32,158
2024-03-23 19:10:00,34,31,28,32,32,29,186
2024-03-23 19:20:00,33,29,25,35,30,37,189
2024-03-23 19:30:00,24,23,18,28,26,30,149
2024-03-23 19:40:00,28,28,24,28,32,26,166
2024-03-23 19:50:00,30,37,17,46,39,45,214
2024-03-23 20:00:00,36,35,31,27,26,24,179
2024-03-23 20:10:00,32,32,22,37,35,35,193
2024-03-23 20:20:00,20,19,14,25,23,23,124
2024-03-23 20:30:00,26,27,23,35,27,36,174
2024-03-23 20:40:00,23,25,24,24,23,23,142
2024-03-23 20:50:00,13,17,11,16,17,14,88
2024-03-23 21:00:00,22,18,16,21,24,22,123
2024-03-23 21:10:00,18,18,17,28,21,25,127
2024-03-23 21:20:00,21,22,14,23,17,23,120
2024-03-23 21:30:00,17,19,13,13,13,11,86
2024-03-23 21:40:00,32,30,20,16,16,13,127
2024-03-23 21:50:00,20,21,17,20,19,19,116
2024-03-23 22:00:00,24,26,20,16,16,14,116
2024-03-23 22:10:00,18,17,22,14,10,15,96
2024-03-23 22:20:00,16,15,14,21,21,22,109
2024-03-23 22:30:00,19,21,22,22,23,21,128
2024-03-23 22:40:00,23,29,17,19,20,20,128
2024-03-23 22:50:00,29,31,23,21,19,19,142
2024-03-23 23:00:00,18,19,19,22,22,23,123
2024-03-23 23:10:00,26,26,19,12,14,11,108
2024-03-23 23:20:00,19,18,15,16,18,17,103
2024-03-23 23:30:00,20,18,13,21,16,20,108
2024-03-23 23:40:00,25,26,24,10,16,12,113
2024-03-23 23:50:00,21,23,19,12,9,12,96
2024-03-24 00:00:00,15,15,8,15,17,14,84
2024-03-24 00:10:00,11,11,10,6,6,7,51
2024-03-24 00:20:00,19,21,14,11,11,11,87
2024-03-24 00:30:00,11,10,9,12,10,13,65
2024-03-24 00:40:00,12,12,9,12,9,11,65
2024-03-24 00:50:00,12,12,9,10,10,10,63
2024-03-24 01:00:00,10,11,10,9,8,9,57
2024-03-24 01:10:00,11,9,10,7,8,7,52
2024-03-24 01:20:00,11,9,9,10,18,10,67
2024-03-24 01:30:00,8,9,7,7,9,7,47
2024-03-24 01:40:00,7,7,7,5,5,4,35
2024-03-24 01:50:00,7,6,7,8,8,7,43
2024-03-24 02:00:00,5,6,7,4,6,5,33
2024-03-24 02:10:00,7,5,4,5,5,4,30
2024-03-24 02:20:00,9,11,7,10,6,5,48
2024-03-24 02:30:00,6,7,6,7,6,7,39
2024-03-24 02:40:00,9,8,8,3,3,3,34
2024-03-24 02:50:00,1,1,1,2,3,2,10
2024-03-24 03:00:00,6,5,6,7,8,7,39
2024-03-24 03:10:00,6,7,7,1,2,2,25
2024-03-24 03:20:00,5,4,3,7,6,7,32
2024-03-24 03:30:00,4,3,3,2,2,2,16
2024-03-24 03:40:00,3,4,3,4,4,4,22
2024-03-24 03:50:00,3,3,3,3,4,3,19
2024-03-24 04:00:00,3,3,4,4,4,3,21
2024-03-24 04:10:00,2,2,2,2,2,2,12
2024-03-24 04:20:00,1,1,3,1,2,1,9
2024-03-24 04:30:00,5,4,5,1,1,2,18
2024-03-24 04:40:00,7,7,5,3,1,2,25
2024-03-24 04:50:00,3,3,3,3,3,2,17
2024-03-24 05:00:00,6,6,6,5,5,4,32
2024-03-24 05:10:00,7,6,5,6,7,8,39
2024-03-24 05:20:00,3,3,5,8,10,7,36
2024-03-24 05:30:00,5,4,6,11,9,11,46
2024-03-24 05:40:00,5,5,4,5,4,5,28
2024-03-24 05:50:00,3,4,3,3,4,3,20
2024-03-24 06:00:00,7,6,6,5,5,5,34
2024-03-24 06:10:00,4,4,2,7,7,7,31
2024-03-24 06:20:00,8,8,8,8,10,7,49
2024-03-24 06:30:00,8,7,6,5,4,4,34
2024-03-24 06:40:00,7,7,5,3,4,3,29
2024-03-24 06:50:00,3,2,2,9,8,7,31
2024-03-24 07:00:00,4,4,3,3,3,3,20
2024-03-24 07:10:00,3,3,1,5,5,4,21
2024-03-24 07:20:00,5,5,4,7,7,6,34
2024-03-24 07:30:00,6,7,5,3,4,4,29
2024-03-24 07:40:00,9,9,8,4,3,3,36
2024-03-24 07:50:00,8,7,8,4,4,4,35
2024-03-24 08:00:00,6,6,3,11,13,12,51
2024-03-24 08:10:00,8,8,6,5,4,3,34
2024-03-24 08:20:00,4,5,4,10,11,8,42
2024-03-24 08:30:00,12,13,10,7,5,7,54
2024-03-24 08:40:00,7,4,4,11,8,11,45
2024-03-24 08:50:00,9,9,7,19,16,17,77
2024-03-24 09:00:00,10,10,7,8,8,11,54
2024-03-24 09:10:00,13,13,10,22,20,21,99
2024-03-24 09:20:00,9,9,8,13,11,12,62
2024-03-24 09:30:00,20,21,16,13,11,15,96
2024-03-24 09:40:00,16,17,11,22,20,21,107
2024-03-24 09:50:00,18,18,14,19,17,21,107
2024-03-24 10:00:00,18,16,13,22,15,22,106
2024-03-24 10:10:00,18,20,22,27,25,26,138
2024-03-24 10:20:00,24,25,16,33,24,31,153
2024-03-24 10:30:00,19,24,16,20,15,20,114
2024-03-24 10:40:00,24,23,19,20,17,20,123
2024-03-24 10:50:00,26,26,19,27,18,28,144
2024-03-24 11:00:00,27,26,17,22,21,25,138
2024-03-24 11:10:00,21,22,15,20,17,17,112
2024-03-24 11:20:00,18,16,16,19,15,19,103
2024-03-24 11:30:00,23,23,20,13,11,15,105
2024-03-24 11:40:00,21,22,15,29,23,32,142
2024-03-24 11:50:00,27,26,22,40,25,39,179
2024-03-24 12:00:00,36,37,28,37,26,36,200
2024-03-24 12:10:00,16,17,16,28,20,30,127
2024-03-24 12:20:00,32,33,26,30,20,32,173
2024-03-24 12:30:00,25,23,18,26,20,25,137
2024-03-24 12:40:00,29,29,22,28,22,25,155
2024-03-24 12:50:00,31,33,20,30,20,30,164
2024-03-24 13:00:00,31,32,23,30,24,28,168
2024-03-24 13:10:00,27,27,22,25,16,20,137
2024-03-24 13:20:00,30,34,25,22,21,25,157
2024-03-24 13:30:00,45,47,32,25,17,23,189
2024-03-24 13:40:00,29,31,21,41,34,39,195
2024-03-24 13:50:00,32,31,26,36,25,35,185
2024-03-24 14:00:00,48,56,32,30,35,28,229
2024-03-24 14:10:00,48,45,35,25,26,23,202
2024-03-24 14:20:00,39,38,29,47,34,47,234
2024-03-24 14:30:00,35,32,23,30,34,36,190
2024-03-24 14:40:00,34,32,27,37,31,35,196
2024-03-24 14:50:00,30,31,23,37,29,35,185
2024-03-24 15:00:00,39,36,24,38,22,40,199
2024-03-24 15:10:00,29,33,24,43,31,45,205
2024-03-24 15:20:00,36,36,29,40,31,37,209
2024-03-24 15:30:00,35,36,24,33,24,31,183
2024-03-24 15:40:00,32,31,22,47,31,44,207
2024-03-24 15:50:00,40,40,31,36,24,37,208
2024-03-24 16:00:00,41,41,26,45,33,45,231
2024-03-24 16:10:00,49,49,25,35,27,29,214
2024-03-24 16:20:00,41,43,25,36,24,36,205
2024-03-24 16:30:00,53,53,37,34,31,33,241
2024-03-24 16:40:00,45,45,30,47,41,44,252
2024-03-24 16:50:00,26,27,19,36,22,35,165
2024-03-24 17:00:00,38,42,27,33,24,29,193
2024-03-24 17:10:00,23,25,18,26,34,28,154
2024-03-24 17:20:00,41,42,25,37,27,36,208
2024-03-24 17:30:00,49,54,35,39,30,37,244
2024-03-24 17:40:00,44,40,24,38,17,36,199
2024-03-24 17:50:00,35,36,28,38,30,38,205
2024-03-24 18:00:00,36,38,27,40,32,36,209
2024-03-24 18:10:00,29,29,22,21,16,22,139
2024-03-24 18:20:00,30,28,24,38,25,35,180
2024-03-24 18:30:00,30,33,23,37,23,36,182
2024-03-24 18:40:00,39,38,27,43,26,46,219
2024-03-24 18:50:00,38,38,27,41,30,38,212
2024-03-24 19:00:00,27,27,26,27,30,26,163
2024-03-24 19:10:00,24,28,19,31,39,32,173
2024-03-24 19:20:00,16,14,15,23,28,24,120
2024-03-24 19:30:00,20,18,14,23,24,26,125
2024-03-24 19:40:00,21,22,17,31,31,33,155
2024-03-24 19:50:00,28,29,27,30,31,29,174
2024-03-24 20:00:00,32,30,22,45,30,44,203
2024-03-24 20:10:00,29,27,32,32,24,30,174
2024-03-24 20:20:00,23,23,16,29,20,26,137
2024-03-24 20:30:00,17,17,13,25,23,22,117
2024-03-24 20:40:00,17,17,18,21,18,20,111
2024-03-24 20:50:00,20,19,13,28,18,24,122
2024-03-24 21:00:00,23,25,25,17,22,16,128
2024-03-24 21:10:00,17,19,13,24,25,22,120
2024-03-24 21:20:00,23,20,20,27,26,24,140
2024-03-24 21:30:00,16,16,15,22,24,21,114
2024-03-24 21:40:00,18,19,13,14,15,13,92
2024-03-24 21:50:00,18,19,19,19,11,15,101
2024-03-24 22:00:00,19,21,13,16,20,15,104
2024-03-24 22:10:00,12,13,9,7,6,12,59
2024-03-24 22:20:00,15,20,11,11,6,10,73
2024-03-24 22:30:00,20,21,7,13,9,12,82
2024-03-24 22:40:00,15,15,0,15,0,14,59
2024-03-24 22:50:00,17,19,5,11,4,11,67
2024-03-24 23:00:00,14,16,14,16,11,11,82
2024-03-24 23:10:00,14,13,14,9,7,10,67
2024-03-24 23:20:00,11,10,6,12,9,10,58
2024-03-24 23:30:00,12,15,7,10,11,8,63
2024-03-24 23:40:00,11,10,12,10,15,10,68
2024-03-24 23:50:00,7,8,10,9,7,9,50
2024-03-25 00:00:00,12,11,6,5,5,5,44
2024-03-25 00:10:00,6,6,8,2,2,2,26
2024-03-25 00:20:00,6,6,3,7,5,7,34
2024-03-25 00:30:00,6,8,5,6,6,5,36
2024-03-25 00:40:00,5,5,4,2,3,2,21
2024-03-25 00:50:00,1,1,1,2,2,2,9
2024-03-25 01:00:00,1,0,0,4,5,6,16
2024-03-25 01:10:00,0,2,2,2,2,2,10
2024-03-25 01:20:00,2,2,2,4,5,4,19
2024-03-25 01:30:00,4,4,4,3,4,4,23
2024-03-25 01:40:00,3,4,4,3,1,1,16
2024-03-25 01:50:00,1,1,1,4,4,4,15
2024-03-25 02:00:00,5,6,3,7,11,6,38
2024-03-25 02:10:00,5,3,3,1,1,1,14
2024-03-25 02:20:00,3,3,3,0,0,1,10
2024-03-25 02:30:00,2,2,2,3,3,3,15
2024-03-25 02:40:00,3,1,1,2,3,2,12
2024-03-25 02:50:00,2,2,2,2,1,2,11
2024-03-25 03:00:00,1,1,1,4,6,4,17
2024-03-25 03:10:00,1,1,1,0,0,0,3
2024-03-25 03:20:00,2,2,2,3,5,3,17
2024-03-25 03:30:00,4,3,3,3,6,4,23
2024-03-25 03:40:00,1,1,2,4,5,3,16
2024-03-25 03:50:00,2,2,2,2,3,2,13
2024-03-25 04:00:00,3,2,2,4,4,6,21
2024-03-25 04:10:00,7,4,3,7,9,6,36
2024-03-25 04:20:00,5,4,3,6,6,4,28
2024-03-25 04:30:00,3,3,3,5,2,4,20
2024-03-25 04:40:00,3,2,2,6,6,7,26
2024-03-25 04:50:00,2,1,1,7,9,6,26
2024-03-25 05:00:00,7,6,6,16,13,16,64
2024-03-25 05:10:00,9,12,7,18,16,19,81
2024-03-25 05:20:00,3,2,3,18,20,16,62
2024-03-25 05:30:00,15,13,13,32,28,31,132
2024-03-25 05:40:00,17,18,13,37,29,37,151
2024-03-25 05:50:00,11,12,13,33,32,34,135
2024-03-25 06:00:00,21,18,17,47,37,43,183
2024-03-25 06:10:00,26,25,13,55,32,53,204
2024-03-25 06:20:00,27,23,15,68,31,70,234
2024-03-25 06:30:00,23,22,18,71,33,70,237
2024-03-25 06:40:00,18,17,8,76,29,72,220
2024-03-25 06:50:00,28,29,22,66,44,68,257
2024-03-25 07:00:00,31,28,19,69,40,71,258
2024-03-25 07:10:00,29,28,29,70,42,69,267
2024-03-25 07:20:00,33,31,27,55,41,58,245
2024-03-25 07:30:00,37,40,30,61,42,58,268
2024-03-25 07:40:00,41,40,30,63,46,63,283
2024-03-25 07:50:00,29,33,24,67,48,70,271
2024-03-25 08:00:00,42,39,28,50,23,45,227
2024-03-25 08:10:00,38,35,28,53,38,52,244
2024-03-25 08:20:00,38,33,25,73,48,72,289
2024-03-25 08:30:00,47,43,24,58,41,57,270
2024-03-25 08:40:00,38,45,26,58,48,60,275
2024-03-25 08:50:00,41,40,24,67,38,67,277
2024-03-25 09:00:00,45,50,24,56,37,57,269
2024-03-25 09:10:00,44,44,35,74,45,74,316
2024-03-25 09:20:00,49,48,32,63,46,63,301
2024-03-25 09:30:00,33,33,28,48,41,47,230
2024-03-25 09:40:00,45,45,34,56,37,55,272
2024-03-25 09:50:00,54,52,25,60,37,59,287
2024-03-25 10:00:00,63,56,31,57,35,58,300
2024-03-25 10:10:00,51,46,22,46,33,43,241
2024-03-25 10:20:00,47,45,29,43,33,43,240
2024-03-25 10:30:00,47,43,28,48,38,46,250
2024-03-25 10:40:00,48,48,26,51,35,48,256
2024-03-25 10:50:00,57,59,35,51,35,47,284
2024-03-25 11:00:00,42,39,27,38,26,40,212
2024-03-25 11:10:00,35,34,21,47,36,46,219
2024-03-25 11:20:00,45,50,27,46,36,40,244
2024-03-25 11:30:00,56,59,32,42,37,41,267
2024-03-25 11:40:00,56,55,30,46,34,46,267
2024-03-25 11:50:00,57,56,33,46,37,44,273
2024-03-25 12:00:00,56,56,35,45,30,44,266
2024-03-25 12:10:00,65,65,39,54,36,53,312
2024-03-25 12:20:00,59,58,32,39,35,41,264
2024-03-25 12:30:00,49,51,28,33,27,30,218
2024-03-25 12:40:00,50,53,28,50,32,52,265
2024-03-25 12:50:00,62,67,38,38,31,36,272
2024-03-25 13:00:00,54,45,26,52,40,53,270
2024-03-25 13:10:00,55,55,36,49,38,51,284
2024-03-25 13:20:00,54,54,38,47,28,43,264
2024-03-25 13:30:00,49,51,32,38,30,39,239
2024-03-25 13:40:00,39,37,23,62,32,57,250
2024-03-25 13:50:00,44,45,34,39,26,40,228
2024-03-25 14:00:00,62,60,31,42,30,42,267
2024-03-25 14:10:00,54,58,33,45,33,45,268
2024-03-25 14:20:00,50,48,34,46,37,46,261
2024-03-25 14:30:00,71,73,38,49,31,44,306
2024-03-25 14:40:00,67,69,40,53,39,50,318
2024-03-25 14:50:00,62,61,40,50,32,51,296
2024-03-25 15:00:00,81,79,55,48,27,46,336
2024-03-25 15:10:00,81,81,46,47,39,47,341
2024-03-25 15:20:00,82,82,48,40,30,42,324
2024-03-25 15:30:00,70,72,30,52,35,55,314
2024-03-25 15:40:00,72,71,48,53,30,52,326
2024-03-25 15:50:00,66,72,36,38,32,40,284
2024-03-25 16:00:00,87,87,44,44,29,42,333
2024-03-25 16:10:00,80,89,33,39,26,45,312
2024-03-25 16:20:00,77,69,42,59,32,53,332
2024-03-25 16:30:00,79,80,44,54,35,56,348
2024-03-25 16:40:00,59,59,42,62,40,61,323
2024-03-25 16:50:00,77,79,42,53,39,52,342
2024-03-25 17:00:00,76,73,32,43,27,45,296
2024-03-25 17:10:00,75,71,46,62,40,55,349
2024-03-25 17:20:00,64,66,39,54,31,59,313
2024-03-25 17:30:00,70,66,34,51,32,43,296
2024-03-25 17:40:00,41,47,33,47,26,47,241
2024-03-25 17:50:00,64,63,29,47,31,50,284
2024-03-25 18:00:00,68,61,42,49,36,48,304
2024-03-25 18:10:00,61,61,40,44,31,45,282
2024-03-25 18:20:00,52,50,32,41,30,42,247
2024-03-25 18:30:00,57,56,37,41,28,43,262
2024-03-25 18:40:00,46,47,26,32,18,30,199
2024-03-25 18:50:00,42,42,22,28,18,32,184
2024-03-25 19:00:00,28,31,20,33,31,32,175
2024-03-25 19:10:00,39,40,27,26,29,23,184
2024-03-25 19:20:00,32,37,27,30,21,25,172
2024-03-25 19:30:00,25,29,24,28,24,29,159
2024-03-25 19:40:00,30,30,20,27,27,27,161
2024-03-25 19:50:00,30,29,21,24,29,26,159
2024-03-25 20:00:00,27,31,20,34,26,30,168
2024-03-25 20:10:00,21,19,9,23,19,23,114
2024-03-25 20:20:00,20,20,17,31,34,32,154
2024-03-25 20:30:00,19,21,17,25,19,22,123
2024-03-25 20:40:00,28,27,24,23,19,26,147
2024-03-25 20:50:00,14,14,11,20,19,18,96
2024-03-25 21:00:00,15,13,12,15,18,16,89
2024-03-25 21:10:00,25,22,22,24,26,27,146
2024-03-25 21:20:00,21,21,15,27,24,28,136
2024-03-25 21:30:00,18,18,11,25,22,24,118
2024-03-25 21:40:00,14,14,1,14,11,15,69
2024-03-25 21:50:00,22,23,17,12,7,11,92
2024-03-25 22:00:00,29,31,26,11,9,11,117
2024-03-25 22:10:00,30,27,19,15,11,13,115
2024-03-25 22:20:00,17,18,18,10,13,9,85
2024-03-25 22:30:00,16,15,11,11,9,9,71
2024-03-25 22:40:00,20,20,16,9,6,8,79
2024-03-25 22:50:00,13,16,12,12,13,11,77
2024-03-25 23:00:00,15,16,13,15,14,14,87
2024-03-25 23:10:00,15,12,11,15,19,13,85
2024-03-25 23:20:00,16,16,14,13,13,14,86
2024-03-25 23:30:00,12,9,7,8,8,9,53
2024-03-25 23:40:00,11,14,12,7,8,7,59
2024-03-25 23:50:00,10,11,8,12,8,11,60
2024-03-26 00:00:00,15,14,11,9,7,8,64
2024-03-26 00:10:00,7,9,8,4,4,4,36
2024-03-26 00:20:00,6,6,5,7,6,6,36
2024-03-26 00:30:00,6,8,5,7,7,6,39
2024-03-26 00:40:00,2,1,1,8,9,8,29
2024-03-26 00:50:00,5,5,3,5,3,4,25
2024-03-26 01:00:00,8,8,7,3,3,3,32
2024-03-26 01:10:00,4,4,3,3,3,3,20
2024-03-26 01:20:00,3,4,2,8,10,7,34
2024-03-26 01:30:00,2,2,1,1,3,1,10
2024-03-26 01:40:00,6,6,7,4,4,3,30
2024-03-26 01:50:00,3,2,1,2,2,2,12
2024-03-26 02:00:00,6,4,5,4,4,4,27
2024-03-26 02:10:00,6,4,4,5,4,6,29
2024-03-26 02:20:00,1,1,1,3,3,5,14
2024-03-26 02:30:00,3,3,3,5,4,5,23
2024-03-26 02:40:00,2,2,1,5,4,5,19
2024-03-26 02:50:00,5,4,4,3,3,2,21
2024-03-26 03:00:00,3,3,3,2,3,2,16
2024-03-26 03:10:00,5,2,3,3,4,3,20
2024-03-26 03:20:00,4,5,6,4,4,3,26
2024-03-26 03:30:00,4,3,3,7,4,5,26
2024-03-26 03:40:00,2,2,2,1,2,1,10
2024-03-26 03:50:00,1,1,1,1,1,1,6
2024-03-26 04:00:00,2,2,4,4,5,4,21
2024-03-26 04:10:00,3,3,2,2,2,2,14
2024-03-26 04:20:00,3,3,3,2,2,2,15
2024-03-26 04:30:00,1,1,1,5,3,5,16
2024-03-26 04:40:00,2,3,2,11,11,11,40
2024-03-26 04:50:00,6,6,7,8,5,7,39
2024-03-26 05:00:00,6,4,5,16,15,16,62
2024-03-26 05:10:00,9,10,8,15,11,17,70
2024-03-26 05:20:00,5,4,6,19,14,20,68
2024-03-26 05:30:00,15,13,13,27,29,24,121
2024-03-26 05:40:00,20,18,14,45,33,40,170
2024-03-26 05:50:00,16,13,12,47,46,49,183
2024-03-26 06:00:00,18,17,12,39,24,37,147
2024-03-26 06:10:00,29,28,19,49,31,51,207
2024-03-26 06:20:00,17,16,16,81,41,78,249
2024-03-26 06:30:00,34,32,20,74,32,71,263
2024-03-26 06:40:00,29,27,18,86,46,80,286
2024-03-26 06:50:00,32,24,18,70,41,70,255
2024-03-26 07:00:00,26,24,17,72,44,71,254
2024-03-26 07:10:00,33,31,21,63,34,60,242
2024-03-26 07:20:00,29,32,24,73,39,68,265
2024-03-26 07:30:00,43,42,31,74,41,75,306
2024-03-26 07:40:00,36,37,27,81,32,79,292
2024-03-26 07:50:00,39,40,25,60,37,62,263
2024-03-26 08:00:00,35,38,28,61,38,59,259
2024-03-26 08:10:00,41,46,29,62,36,65,279
2024-03-26 08:20:00,39,40,31,65,41,65,281
2024-03-26 08:30:00,38,31,23,68,41,69,270
2024-03-26 08:40:00,50,57,36,76,17,71,307
2024-03-26 08:50:00,46,58,30,64,37,69,304
2024-03-26 09:00:00,44,40,26,64,44,62,280
2024-03-26 09:10:00,49,49,24,39,35,39,235
2024-03-26 09:20:00,45,45,35,46,32,41,244
2024-03-26 09:30:00,39,33,23,64,37,58,254
2024-03-26 09:40:00,35,31,19,52,37,55,229
2024-03-26 09:50:00,43,40,23,56,37,53,252
2024-03-26 10:00:00,43,49,27,54,47,53,273
2024-03-26 10:10:00,51,54,30,44,31,41,251
2024-03-26 10:20:00,37,36,32,31,29,34,199
2024-03-26 10:30:00,52,52,28,58,42,60,292
2024-03-26 10:40:00,48,46,24,55,33,49,255
2024-03-26 10:50:00,53,54,35,60,39,59,300
2024-03-26 11:00:00,54,53,31,50,31,45,264
2024-03-26 11:10:00,61,66,29,57,37,58,308
2024-03-26 11:20:00,43,40,20,43,37,39,222
2024-03-26 11:30:00,52,56,29,44,39,46,266
2024-03-26 11:40:00,51,53,30,51,31,56,272
2024-03-26 11:50:00,39,39,32,48,34,45,237
2024-03-26 12:00:00,57,54,37,55,33,53,289
2024-03-26 12:10:00,42,41,23,51,33,48,238
2024-03-26 12:20:00,53,55,27,44,31,46,256
2024-03-26 12:30:00,64,62,42,48,37,52,305
2024-03-26 12:40:00,54,54,31,48,37,43,267
2024-03-26 12:50:00,59,62,45,59,43,58,326
2024-03-26 13:00:00,46,40,30,50,48,53,267
2024-03-26 13:10:00,52,50,34,59,39,57,291
2024-03-26 13:20:00,45,51,28,40,28,43,235
2024-03-26 13:30:00,38,44,33,39,26,38,218
2024-03-26 13:40:00,49,51,30,56,35,53,274
2024-03-26 13:50:00,53,51,30,75,25,39,273
2024-03-26 14:00:00,61,68,37,64,39,56,325
2024-03-26 14:10:00,59,63,37,46,40,43,288
2024-03-26 14:20:00,69,69,35,51,36,48,308
2024-03-26 14:30:00,67,67,34,40,34,37,279
2024-03-26 14:40:00,53,62,38,46,33,42,274
2024-03-26 14:50:00,53,48,32,51,34,54,272
2024-03-26 15:00:00,67,71,50,52,37,49,326
2024-03-26 15:10:00,63,57,39,47,34,50,290
2024-03-26 15:20:00,77,72,39,41,32,46,307
2024-03-26 15:30:00,86,88,45,57,32,58,366
2024-03-26 15:40:00,84,83,43,42,29,41,322
2024-03-26 15:50:00,70,70,34,51,39,47,311
2024-03-26 16:00:00,71,75,46,47,29,47,315
2024-03-26 16:10:00,98,98,44,52,24,49,365
2024-03-26 16:20:00,86,88,37,41,32,41,325
2024-03-26 16:30:00,80,82,53,62,38,65,380
2024-03-26 16:40:00,84,79,44,56,28,55,346
2024-03-26 16:50:00,76,77,36,47,34,46,316
2024-03-26 17:00:00,64,63,34,67,36,62,326
2024-03-26 17:10:00,77,76,39,52,36,46,326
2024-03-26 17:20:00,74,76,39,56,34,56,335
2024-03-26 17:30:00,78,80,43,55,32,56,344
2024-03-26 17:40:00,70,63,39,64,38,65,339
2024-03-26 17:50:00,64,60,26,53,35,62,300
2024-03-26 18:00:00,80,78,40,46,28,41,313
2024-03-26 18:10:00,57,59,25,48,34,48,271
2024-03-26 18:20:00,62,68,33,53,39,54,309
2024-03-26 18:30:00,67,67,28,48,35,43,288
2024-03-26 18:40:00,41,35,24,37,22,38,197
2024-03-26 18:50:00,41,40,16,46,31,43,217
2024-03-26 19:00:00,36,40,19,36,24,38,193
2024-03-26 19:10:00,29,29,22,47,50,47,224
2024-03-26 19:20:00,25,22,16,30,28,30,151
2024-03-26 19:30:00,34,34,21,30,26,30,175
2024-03-26 19:40:00,44,46,36,41,35,41,243
2024-03-26 19:50:00,43,40,28,26,30,25,192
2024-03-26 20:00:00,32,37,29,35,31,31,195
2024-03-26 20:10:00,26,23,18,30,32,30,159
2024-03-26 20:20:00,32,31,35,21,17,20,156
2024-03-26 20:30:00,33,36,21,29,22,25,166
2024-03-26 20:40:00,22,19,15,36,19,32,143
2024-03-26 20:50:00,17,17,18,20,24,21,117
2024-03-26 21:00:00,24,24,14,24,20,22,128
2024-03-26 21:10:00,23,25,17,29,31,26,151
2024-03-26 21:20:00,23,24,18,20,22,21,128
2024-03-26 21:30:00,30,31,22,20,17,19,139
2024-03-26 21:40:00,17,17,13,15,10,14,86
2024-03-26 21:50:00,19,21,16,27,18,19,120
2024-03-26 22:00:00,26,26,25,15,9,11,112
2024-03-26 22:10:00,23,21,18,11,12,10,95
2024-03-26 22:20:00,16,18,13,16,12,14,89
2024-03-26 22:30:00,13,14,13,16,19,19,94
2024-03-26 22:40:00,30,33,22,20,13,12,130
2024-03-26 22:50:00,26,26,18,13,7,13,103
2024-03-26 23:00:00,22,22,20,14,12,13,103
2024-03-26 23:10:00,20,21,20,15,19,14,109
2024-03-26 23:20:00,18,16,17,16,9,15,91
2024-03-26 23:30:00,11,13,7,11,8,9,59
2024-03-26 23:40:00,6,7,8,4,6,4,35
2024-03-26 23:50:00,9,10,10,10,11,7,57
2024-03-27 00:00:00,9,11,7,7,9,6,49
2024-03-27 00:10:00,4,3,1,8,9,10,35
2024-03-27 00:20:00,13,14,9,4,3,5,48
2024-03-27 00:30:00,9,10,6,4,1,3,33
2024-03-27 00:40:00,9,8,14,8,11,9,59
2024-03-27 00:50:00,5,6,3,4,3,3,24
2024-03-27 01:00:00,6,7,9,4,2,2,30
2024-03-27 01:10:00,2,4,4,4,5,4,23
2024-03-27 01:20:00,1,1,1,4,5,4,16
2024-03-27 01:30:00,5,5,6,3,2,2,23
2024-03-27 01:40:00,4,4,3,7,6,6,30
2024-03-27 01:50:00,3,3,3,3,3,2,17
2024-03-27 02:00:00,2,1,1,4,4,3,15
2024-03-27 02:10:00,1,1,0,2,2,2,8
2024-03-27 02:20:00,2,4,4,3,4,3,20
2024-03-27 02:30:00,4,3,3,2,0,2,14
2024-03-27 02:40:00,2,2,1,2,2,3,12
2024-03-27 02:50:00,3,3,3,3,0,1,13
2024-03-27 03:00:00,1,2,2,2,1,2,10
2024-03-27 03:10:00,6,4,5,2,1,2,20
2024-03-27 03:20:00,3,3,3,2,2,1,14
2024-03-27 03:30:00,6,6,6,7,5,4,34
2024-03-27 03:40:00,3,1,1,6,7,6,24
2024-03-27 03:50:00,3,2,1,6,9,6,27
2024-03-27 04:00:00,3,3,3,3,3,4,19
2024-03-27 04:10:00,5,5,5,3,1,2,21
2024-03-27 04:20:00,3,3,3,7,9,7,32
2024-03-27 04:30:00,6,5,5,8,7,7,38
2024-03-27 04:40:00,0,1,0,9,10,9,29
2024-03-27 04:50:00,4,4,3,4,4,3,22
2024-03-27 05:00:00,6,6,7,7,9,7,42
2024-03-27 05:10:00,9,11,9,16,17,16,78
2024-03-27 05:20:00,6,5,6,18,16,20,71
2024-03-27 05:30:00,15,14,12,39,25,35,140
2024-03-27 05:40:00,12,14,10,36,32,33,137
2024-03-27 05:50:00,21,19,18,46,33,47,184
2024-03-27 06:00:00,20,22,15,37,36,34,164
2024-03-27 06:10:00,20,18,13,49,31,51,182
2024-03-27 06:20:00,18,14,14,69,36,66,217
2024-03-27 06:30:00,28,28,17,70,37,67,247
2024-03-27 06:40:00,26,27,19,76,28,75,251
2024-03-27 06:50:00,24,20,16,74,33,73,240
2024-03-27 07:00:00,35,33,21,70,41,69,269
2024-03-27 07:10:00,26,26,21,53,34,53,213
2024-03-27 07:20:00,36,33,23,63,43,62,260
2024-03-27 07:30:00,43,45,31,59,40,60,278
2024-03-27 07:40:00,33,32,19,59,31,57,231
2024-03-27 07:50:00,42,41,23,60,36,56,258
2024-03-27 08:00:00,39,40,27,54,35,60,255
2024-03-27 08:10:00,48,62,26,68,34,61,299
2024-03-27 08:20:00,26,27,21,51,34,52,211
2024-03-27 08:30:00,58,58,33,77,39,81,346
2024-03-27 08:40:00,43,51,27,66,45,57,289
2024-03-27 08:50:00,32,30,19,66,34,65,246
2024-03-27 09:00:00,33,33,11,54,29,56,216
2024-03-27 09:10:00,39,37,24,53,30,51,234
2024-03-27 09:20:00,47,50,28,50,34,50,259
2024-03-27 09:30:00,39,40,28,53,40,55,255
2024-03-27 09:40:00,42,47,29,56,31,51,256
2024-03-27 09:50:00,33,41,22,47,28,42,213
2024-03-27 10:00:00,43,50,28,42,23,41,227
2024-03-27 10:10:00,50,51,30,33,20,40,224
2024-03-27 10:20:00,32,41,20,56,41,57,247
2024-03-27 10:30:00,52,60,35,50,35,48,280
2024-03-27 10:40:00,47,42,28,59,39,56,271
2024-03-27 10:50:00,48,50,28,50,29,44,249
2024-03-27 11:00:00,49,51,30,52,40,53,275
2024-03-27 11:10:00,56,61,30,55,36,49,287
2024-03-27 11:20:00,42,47,28,43,24,42,226
2024-03-27 11:30:00,64,64,29,46,29,43,275
2024-03-27 11:40:00,47,43,33,48,32,50,253
2024-03-27 11:50:00,39,42,31,47,30,43,232
2024-03-27 12:00:00,53,61,28,49,27,53,271
2024-03-27 12:10:00,53,57,35,50,35,48,278
2024-03-27 12:20:00,65,66,34,51,40,47,303
2024-03-27 12:30:00,49,48,35,38,26,37,233
2024-03-27 12:40:00,52,58,25,48,33,44,260
2024-03-27 12:50:00,57,52,28,69,39,67,312
2024-03-27 13:00:00,66,64,28,59,37,57,311
2024-03-27 13:10:00,54,54,25,48,31,53,265
2024-03-27 13:20:00,49,47,28,41,30,42,237
2024-03-27 13:30:00,62,61,36,56,36,52,303
2024-03-27 13:40:00,60,58,30,51,40,52,291
2024-03-27 13:50:00,48,52,34,42,29,40,245
2024-03-27 14:00:00,64,61,26,46,30,41,268
2024-03-27 14:10:00,51,52,33,42,33,43,254
2024-03-27 14:20:00,62,64,32,50,31,49,288
2024-03-27 14:30:00,65,68,40,43,29,37,282
2024-03-27 14:40:00,52,59,29,47,33,46,266
2024-03-27 14:50:00,64,58,32,62,36,58,310
2024-03-27 15:00:00,59,57,41,42,27,42,268
2024-03-27 15:10:00,92,94,49,49,29,52,365
2024-03-27 15:20:00,74,76,35,36,24,34,279
2024-03-27 15:30:00,80,88,45,60,36,56,365
2024-03-27 15:40:00,87,77,45,53,35,53,350
2024-03-27 15:50:00,83,82,40,55,36,51,347
2024-03-27 16:00:00,74,82,36,40,30,41,303
2024-03-27 16:10:00,92,94,52,62,37,59,396
2024-03-27 16:20:00,80,84,45,53,36,48,346
2024-03-27 16:30:00,73,74,45,54,36,57,339
2024-03-27 16:40:00,74,75,36,50,34,49,318
2024-03-27 16:50:00,76,75,46,58,31,56,342
2024-03-27 17:00:00,58,64,35,56,33,59,305
2024-03-27 17:10:00,73,70,31,48,29,47,298
2024-03-27 17:20:00,72,77,38,77,35,77,376
2024-03-27 17:30:00,65,60,32,56,23,58,294
2024-03-27 17:40:00,66,67,28,58,29,55,303
2024-03-27 17:50:00,54,56,26,52,34,54,276
2024-03-27 18:00:00,52,51,30,51,25,53,262
2024-03-27 18:10:00,48,49,27,46,28,53,251
2024-03-27 18:20:00,55,58,31,36,27,41,248
2024-03-27 18:30:00,57,55,26,51,34,43,266
2024-03-27 18:40:00,78,77,26,49,27,48,305
2024-03-27 18:50:00,45,44,29,40,26,37,221
2024-03-27 19:00:00,37,38,21,39,24,36,195
2024-03-27 19:10:00,39,41,25,39,24,38,206
2024-03-27 19:20:00,42,43,19,34,21,36,195
2024-03-27 19:30:00,40,39,25,32,19,29,184
2024-03-27 19:40:00,29,29,19,24,21,24,146
2024-03-27 19:50:00,28,28,21,27,20,26,150
2024-03-27 20:00:00,30,31,19,26,15,27,148
2024-03-27 20:10:00,27,27,19,34,23,33,163
2024-03-27 20:20:00,29,28,22,29,26,26,160
2024-03-27 20:30:00,35,34,28,30,18,27,172
2024-03-27 20:40:00,20,23,19,29,20,27,138
2024-03-27 20:50:00,23,23,19,15,10,14,104
2024-03-27 21:00:00,30,32,28,28,20,24,162
2024-03-27 21:10:00,20,18,19,24,24,24,129
2024-03-27 21:20:00,21,24,20,25,23,21,134
2024-03-27 21:30:00,25,24,19,21,26,20,135
2024-03-27 21:40:00,22,25,21,11,11,9,99
2024-03-27 21:50:00,21,23,20,9,10,14,97
2024-03-27 22:00:00,32,33,21,15,16,14,131
2024-03-27 22:10:00,28,26,20,22,16,16,128
2024-03-27 22:20:00,23,23,20,21,20,23,130
2024-03-27 22:30:00,19,19,16,19,18,19,110
2024-03-27 22:40:00,22,20,22,13,15,12,104
2024-03-27 22:50:00,15,16,15,12,12,9,79
2024-03-27 23:00:00,20,20,16,19,14,14,103
2024-03-27 23:10:00,13,13,16,15,17,13,87
2024-03-27 23:20:00,8,6,9,13,14,13,63
2024-03-27 23:30:00,9,10,8,15,15,13,70
2024-03-27 23:40:00,19,21,20,7,8,6,81
2024-03-27 23:50:00,9,10,6,9,6,9,49
2024-03-28 00:00:00,13,13,10,8,5,6,55
2024-03-28 00:10:00,12,12,8,7,7,6,52
2024-03-28 00:20:00,8,10,8,9,8,6,49
2024-03-28 00:30:00,8,10,4,5,5,5,37
2024-03-28 00:40:00,11,10,9,6,6,5,47
2024-03-28 00:50:00,7,6,6,4,4,5,32
2024-03-28 01:00:00,6,3,3,10,12,8,42
2024-03-28 01:10:00,2,2,1,3,6,3,17
2024-03-28 01:20:00,8,8,12,7,5,6,46
2024-03-28 01:30:00,2,2,2,1,1,1,9
2024-03-28 01:40:00,1,0,0,3,3,2,9
2024-03-28 01:50:00,1,1,2,3,4,3,14
2024-03-28 02:00:00,1,3,1,3,4,3,15
2024-03-28 02:10:00,3,2,4,3,3,2,17
2024-03-28 02:20:00,2,3,2,2,3,2,14
2024-03-28 02:30:00,5,5,4,2,2,1,19
2024-03-28 02:40:00,4,5,4,3,1,3,20
2024-03-28 02:50:00,3,3,3,4,5,4,22
2024-03-28 03:00:00,3,2,2,1,1,1,10
2024-03-28 03:10:00,0,0,0,3,3,3,9
2024-03-28 03:20:00,3,3,3,1,0,0,10
2024-03-28 03:30:00,4,4,3,3,3,3,20
2024-03-28 03:40:00,3,2,3,4,6,4,22
2024-03-28 03:50:00,3,3,3,6,6,4,25
2024-03-28 04:00:00,1,1,1,2,2,2,9
2024-03-28 04:10:00,1,1,1,2,3,2,10
2024-03-28 04:20:00,7,7,6,5,3,4,32
2024-03-28 04:30:00,3,3,2,2,3,3,16
2024-03-28 04:40:00,6,5,3,11,9,9,43
2024-03-28 04:50:00,3,2,1,4,6,4,20
2024-03-28 05:00:00,2,2,3,9,6,9,31
2024-03-28 05:10:00,9,9,6,18,19,17,78
2024-03-28 05:20:00,6,5,8,18,17,17,71
2024-03-28 05:30:00,18,16,18,32,28,30,142
2024-03-28 05:40:00,17,14,13,35,32,34,145
2024-03-28 05:50:00,10,10,9,39,35,41,144
2024-03-28 06:00:00,20,18,12,38,21,37,146
2024-03-28 06:10:00,24,23,18,58,37,58,218
2024-03-28 06:20:00,16,17,13,61,37,61,205
2024-03-28 06:30:00,23,22,17,65,30,63,220
2024-03-28 06:40:00,24,29,17,73,35,72,250
2024-03-28 06:50:00,14,12,11,64,32,67,200
2024-03-28 07:00:00,46,41,30,70,37,67,291
2024-03-28 07:10:00,21,21,16,51,39,58,206
2024-03-28 07:20:00,25,24,24,62,38,54,227
2024-03-28 07:30:00,36,38,30,55,40,55,254
2024-03-28 07:40:00,34,39,28,64,38,67,270
2024-03-28 07:50:00,34,31,21,69,36,69,260
2024-03-28 08:00:00,32,35,28,58,35,54,242
2024-03-28 08:10:00,48,48,30,53,25,54,258
2024-03-28 08:20:00,47,49,30,70,49,64,309
2024-03-28 08:30:00,41,43,27,52,40,54,257
2024-03-28 08:40:00,46,52,31,63,35,62,289
2024-03-28 08:50:00,39,41,28,52,36,57,253
2024-03-28 09:00:00,35,36,24,62,29,58,244
2024-03-28 09:10:00,53,56,34,50,39,55,287
2024-03-28 09:20:00,36,40,29,50,30,45,230
2024-03-28 09:30:00,41,41,33,62,44,57,278
2024-03-28 09:40:00,40,33,29,74,43,75,294
2024-03-28 09:50:00,62,70,36,56,42,53,319
2024-03-28 10:00:00,37,79,25,59,33,60,293
2024-03-28 10:10:00,54,67,35,54,39,50,299
2024-03-28 10:20:00,38,34,22,60,33,57,244
2024-03-28 10:30:00,42,48,27,51,33,55,256
2024-03-28 10:40:00,52,56,24,49,39,52,272
2024-03-28 10:50:00,57,54,24,60,38,58,291
2024-03-28 11:00:00,50,55,30,47,35,48,265
2024-03-28 11:10:00,40,38,29,45,33,45,230
2024-03-28 11:20:00,36,40,29,32,27,36,200
2024-03-28 11:30:00,52,52,33,54,37,51,279
2024-03-28 11:40:00,48,53,32,52,29,48,262
2024-03-28 11:50:00,44,44,33,68,38,68,295
2024-03-28 12:00:00,52,53,34,48,38,46,271
2024-03-28 12:10:00,55,68,32,53,31,45,284
2024-03-28 12:20:00,55,50,31,37,34,38,245
2024-03-28 12:30:00,64,74,29,58,35,55,315
2024-03-28 12:40:00,56,50,35,60,37,60,298
2024-03-28 12:50:00,65,68,38,48,27,44,290
2024-03-28 13:00:00,65,63,31,51,34,53,297
2024-03-28 13:10:00,53,52,33,53,35,53,279
2024-03-28 13:20:00,57,59,36,50,34,46,282
2024-03-28 13:30:00,44,43,24,62,29,56,258
2024-03-28 13:40:00,61,61,33,53,32,51,291
2024-03-28 13:50:00,41,41,30,48,32,48,240
2024-03-28 14:00:00,74,74,39,51,36,50,324
2024-03-28 14:10:00,63,55,33,54,41,59,305
2024-03-28 14:20:00,60,60,34,42,25,37,258
2024-03-28 14:30:00,67,68,37,46,32,40,290
2024-03-28 14:40:00,64,69,39,58,38,68,336
2024-03-28 14:50:00,74,73,35,53,33,54,322
2024-03-28 15:00:00,84,90,47,47,31,48,347
2024-03-28 15:10:00,84,85,40,61,36,54,360
2024-03-28 15:20:00,71,73,40,53,35,53,325
2024-03-28 15:30:00,76,82,37,68,39,64,366
2024-03-28 15:40:00,80,75,36,52,40,50,333
2024-03-28 15:50:00,73,77,29,59,36,62,336
2024-03-28 16:00:00,85,85,45,48,27,48,338
2024-03-28 16:10:00,73,79,40,53,31,55,331
2024-03-28 16:20:00,66,63,31,61,39,66,326
2024-03-28 16:30:00,79,88,41,52,34,53,347
2024-03-28 16:40:00,77,77,41,76,39,70,380
2024-03-28 16:50:00,60,54,33,54,30,61,292
2024-03-28 17:00:00,70,74,41,46,31,48,310
2024-03-28 17:10:00,66,65,40,71,39,67,348
2024-03-28 17:20:00,58,58,37,56,32,57,298
2024-03-28 17:30:00,72,72,41,70,36,69,360
2024-03-28 17:40:00,79,71,44,54,30,52,330
2024-03-28 17:50:00,46,48,33,49,37,50,263
2024-03-28 18:00:00,66,59,28,39,28,39,259
2024-03-28 18:10:00,73,73,46,39,25,35,291
2024-03-28 18:20:00,52,53,33,38,34,36,246
2024-03-28 18:30:00,56,58,29,42,31,39,255
2024-03-28 18:40:00,49,47,27,37,22,38,220
2024-03-28 18:50:00,40,40,24,44,33,39,220
2024-03-28 19:00:00,52,54,19,35,18,34,212
2024-03-28 19:10:00,37,36,23,41,34,38,209
2024-03-28 19:20:00,29,30,24,29,24,32,168
2024-03-28 19:30:00,33,34,32,41,41,42,223
2024-03-28 19:40:00,31,30,20,31,31,31,174
2024-03-28 19:50:00,25,21,21,29,23,31,150
2024-03-28 20:00:00,38,36,35,44,32,38,223
2024-03-28 20:10:00,30,30,20,47,37,45,209
2024-03-28 20:20:00,30,30,22,31,36,31,180
2024-03-28 20:30:00,31,32,18,33,29,33,176
2024-03-28 20:40:00,28,23,16,25,24,22,138
2024-03-28 20:50:00,32,28,21,24,23,23,151
2024-03-28 21:00:00,28,28,16,29,29,32,162
2024-03-28 21:10:00,33,31,28,23,24,23,162
2024-03-28 21:20:00,32,34,24,19,17,14,140
2024-03-28 21:30:00,29,25,21,19,17,18,129
2024-03-28 21:40:00,22,20,23,17,19,18,119
2024-03-28 21:50:00,27,26,18,22,17,18,128
2024-03-28 22:00:00,31,32,26,14,15,13,131
2024-03-28 22:10:00,25,26,23,17,15,20,126
2024-03-28 22:20:00,37,36,27,21,15,18,154
2024-03-28 22:30:00,30,29,27,20,23,19,148
2024-03-28 22:40:00,14,14,13,17,18,16,92
2024-03-28 22:50:00,24,24,17,16,10,13,104
2024-03-28 23:00:00,22,24,21,9,11,9,96
2024-03-28 23:10:00,18,20,16,6,7,5,72
2024-03-28 23:20:00,22,19,16,17,15,15,104
2024-03-28 23:30:00,21,20,14,19,19,19,112
2024-03-28 23:40:00,10,9,12,8,6,8,53
2024-03-28 23:50:00,15,15,12,9,8,9,68
2024-03-29 00:00:00,9,8,4,10,11,10,52
2024-03-29 00:10:00,16,15,13,14,18,16,92
2024-03-29 00:20:00,11,13,10,14,8,10,66
2024-03-29 00:30:00,15,14,12,19,17,16,93
2024-03-29 00:40:00,10,9,9,6,5,5,44
2024-03-29 00:50:00,11,10,9,7,7,7,51
2024-03-29 01:00:00,7,6,6,7,11,6,43
2024-03-29 01:10:00,8,7,8,2,3,2,30
2024-03-29 01:20:00,8,8,6,7,3,5,37
2024-03-29 01:30:00,9,11,6,7,5,5,43
2024-03-29 01:40:00,5,4,5,3,4,3,24
2024-03-29 01:50:00,2,2,2,5,5,5,21
2024-03-29 02:00:00,6,5,4,3,5,3,26
2024-03-29 02:10:00,3,4,5,5,5,5,27
2024-03-29 02:20:00,3,3,2,6,5,7,26
2024-03-29 02:30:00,7,7,4,5,4,3,30
2024-03-29 02:40:00,4,4,5,2,2,1,18
2024-03-29 02:50:00,0,0,0,1,2,1,4
2024-03-29 03:00:00,2,1,1,3,3,3,13
2024-03-29 03:10:00,3,3,3,6,7,5,27
2024-03-29 03:20:00,5,4,4,5,3,4,25
2024-03-29 03:30:00,2,2,2,2,2,1,11
2024-03-29 03:40:00,3,4,6,2,3,2,20
2024-03-29 03:50:00,3,2,4,3,3,3,18
2024-03-29 04:00:00,3,3,2,5,7,5,25
2024-03-29 04:10:00,3,3,6,5,4,4,25
2024-03-29 04:20:00,2,1,1,1,1,1,7
2024-03-29 04:30:00,1,1,1,2,4,2,11
2024-03-29 04:40:00,2,3,3,0,0,0,8
2024-03-29 04:50:00,10,9,9,2,2,2,34
2024-03-29 05:00:00,4,4,2,11,10,10,41
2024-03-29 05:10:00,6,6,7,8,8,7,42
2024-03-29 05:20:00,3,3,3,11,14,12,46
2024-03-29 05:30:00,3,0,0,19,14,20,56
2024-03-29 05:40:00,6,5,5,15,11,13,55
2024-03-29 05:50:00,4,3,3,10,8,9,37
2024-03-29 06:00:00,7,7,6,7,6,7,40
2024-03-29 06:10:00,5,7,2,11,11,12,48
2024-03-29 06:20:00,5,4,4,17,14,16,60
2024-03-29 06:30:00,9,8,4,8,8,9,46
2024-03-29 06:40:00,4,4,3,7,6,7,31
2024-03-29 06:50:00,6,5,8,8,6,8,41
2024-03-29 07:00:00,4,4,3,6,5,5,27
2024-03-29 07:10:00,9,6,5,9,9,9,47
2024-03-29 07:20:00,6,6,6,6,4,6,34
2024-03-29 07:30:00,7,8,5,8,6,7,41
2024-03-29 07:40:00,8,8,6,10,9,9,50
2024-03-29 07:50:00,3,3,3,3,4,4,20
2024-03-29 08:00:00,9,9,8,8,6,7,47
2024-03-29 08:10:00,8,10,6,9,9,9,51
2024-03-29 08:20:00,9,9,9,7,5,6,45
2024-03-29 08:30:00,13,12,9,10,9,10,63
2024-03-29 08:40:00,9,10,7,8,8,7,49
2024-03-29 08:50:00,15,14,12,11,11,13,76
2024-03-29 09:00:00,8,5,6,12,11,11,53
2024-03-29 09:10:00,15,16,11,6,6,6,60
2024-03-29 09:20:00,11,11,10,15,14,15,76
2024-03-29 09:30:00,14,16,15,17,12,17,91
2024-03-29 09:40:00,13,14,11,14,13,17,82
2024-03-29 09:50:00,14,14,13,13,12,14,80
2024-03-29 10:00:00,15,15,11,19,15,17,92
2024-03-29 10:10:00,15,14,11,22,19,20,101
2024-03-29 10:20:00,24,24,16,20,14,21,119
2024-03-29 10:30:00,19,21,14,11,9,10,84
2024-03-29 10:40:00,18,18,10,14,11,14,85
2024-03-29 10:50:00,16,15,14,22,19,21,107
2024-03-29 11:00:00,16,16,13,15,11,14,85
2024-03-29 11:10:00,12,13,10,14,15,16,80
2024-03-29 11:20:00,13,11,9,32,25,33,123
2024-03-29 11:30:00,20,17,12,22,14,21,106
2024-03-29 11:40:00,22,23,18,19,18,18,118
2024-03-29 11:50:00,16,17,13,19,15,19,99
2024-03-29 12:00:00,24,23,21,28,28,31,155
2024-03-29 12:10:00,23,23,18,27,19,26,136
2024-03-29 12:20:00,23,25,20,35,25,31,159
2024-03-29 12:30:00,32,30,22,37,26,37,184
2024-03-29 12:40:00,25,24,17,32,21,32,151
2024-03-29 12:50:00,28,27,19,30,23,32,159
2024-03-29 13:00:00,24,25,18,34,29,31,161
2024-03-29 13:10:00,28,27,22,32,25,32,166
2024-03-29 13:20:00,21,23,15,30,22,26,137
2024-03-29 13:30:00,39,38,25,25,22,26,175
2024-03-29 13:40:00,40,41,4,36,5,34,160
2024-03-29 13:50:00,36,37,0,29,0,29,131
2024-03-29 14:00:00,29,31,13,24,12,20,129
2024-03-29 14:10:00,30,31,20,39,26,40,186
2024-03-29 14:20:00,39,41,28,34,22,33,197
2024-03-29 14:30:00,37,34,26,32,27,32,188
2024-03-29 14:40:00,41,41,22,42,29,38,213
2024-03-29 14:50:00,36,34,26,30,22,30,178
2024-03-29 15:00:00,30,30,25,27,22,27,161
2024-03-29 15:10:00,34,37,21,29,21,27,169
2024-03-29 15:20:00,30,31,17,26,20,23,147
2024-03-29 15:30:00,30,27,20,30,22,29,158
2024-03-29 15:40:00,25,25,19,35,27,35,166
2024-03-29 15:50:00,29,35,18,35,28,37,182
2024-03-29 16:00:00,38,32,24,23,19,20,156
2024-03-29 16:10:00,34,35,24,27,19,25,164
2024-03-29 16:20:00,37,37,23,28,22,26,173
2024-03-29 16:30:00,32,33,21,18,15,19,138
2024-03-29 16:40:00,33,37,26,41,22,35,194
2024-03-29 16:50:00,34,34,20,28,20,29,165
2024-03-29 17:00:00,38,35,29,35,22,36,195
2024-03-29 17:10:00,40,43,26,38,27,35,209
2024-03-29 17:20:00,26,25,22,47,25,48,193
2024-03-29 17:30:00,22,23,16,28,26,30,145
2024-03-29 17:40:00,35,39,22,37,20,33,186
2024-03-29 17:50:00,40,38,28,28,22,27,183
2024-03-29 18:00:00,28,29,20,23,18,26,144
2024-03-29 18:10:00,28,32,23,33,27,30,173
2024-03-29 18:20:00,44,40,28,37,30,37,216
2024-03-29 18:30:00,28,31,22,30,25,32,168
2024-03-29 18:40:00,34,33,22,20,18,20,147
2024-03-29 18:50:00,33,33,19,28,17,24,154
2024-03-29 19:00:00,25,24,15,23,13,20,120
2024-03-29 19:10:00,41,44,21,23,19,21,169
2024-03-29 19:20:00,43,43,25,23,13,22,169
2024-03-29 19:30:00,20,17,13,23,23,23,119
2024-03-29 19:40:00,19,19,17,23,13,20,111
2024-03-29 19:50:00,19,19,12,19,17,18,104
2024-03-29 20:00:00,13,14,11,19,18,21,96
2024-03-29 20:10:00,25,25,16,29,23,28,146
2024-03-29 20:20:00,25,25,15,35,25,34,159
2024-03-29 20:30:00,28,29,21,21,14,19,132
2024-03-29 20:40:00,23,23,17,19,15,18,115
2024-03-29 20:50:00,16,16,12,24,17,22,107
2024-03-29 21:00:00,22,20,15,29,18,30,134
2024-03-29 21:10:00,19,18,16,22,16,19,110
2024-03-29 21:20:00,20,23,15,23,17,23,121
2024-03-29 21:30:00,33,28,17,22,14,18,132
2024-03-29 21:40:00,22,20,17,20,21,20,120
2024-03-29 21:50:00,21,21,16,27,24,27,136
2024-03-29 22:00:00,27,29,17,21,18,19,131
2024-03-29 22:10:00,26,29,20,10,8,9,102
2024-03-29 22:20:00,17,15,15,18,15,17,97
2024-03-29 22:30:00,25,25,18,16,13,16,113
2024-03-29 22:40:00,14,15,10,11,11,11,72
2024-03-29 22:50:00,20,20,14,14,8,12,88
2024-03-29 23:00:00,15,17,8,8,10,8,66
2024-03-29 23:10:00,21,21,16,11,9,9,87
2024-03-29 23:20:00,10,10,11,9,6,9,55
2024-03-29 23:30:00,19,22,14,9,9,8,81
2024-03-29 23:40:00,8,8,6,10,8,10,50
2024-03-29 23:50:00,12,13,12,10,6,8,61
2024-03-30 00:00:00,19,18,15,12,8,10,82
2024-03-30 00:10:00,5,5,4,8,7,7,36
2024-03-30 00:20:00,10,12,4,15,6,13,60
2024-03-30 00:30:00,11,12,7,7,7,8,52
2024-03-30 00:40:00,9,11,6,9,11,10,56
2024-03-30 00:50:00,11,11,12,10,9,8,61
2024-03-30 01:00:00,8,9,13,6,6,6,48
2024-03-30 01:10:00,10,9,8,8,7,9,51
2024-03-30 01:20:00,6,6,6,8,8,7,41
2024-03-30 01:30:00,11,9,7,4,2,4,37
2024-03-30 01:40:00,5,5,5,4,3,3,25
2024-03-30 01:50:00,7,7,10,3,0,1,28
2024-03-30 02:00:00,6,4,3,7,8,6,34
2024-03-30 02:10:00,1,1,1,2,3,2,10
2024-03-30 02:20:00,6,6,5,3,1,1,22
2024-03-30 02:30:00,4,4,4,2,2,2,18
2024-03-30 02:40:00,3,3,3,2,1,2,14
2024-03-30 02:50:00,5,5,6,2,1,0,19
2024-03-30 03:00:00,5,5,5,0,0,0,15
2024-03-30 03:10:00,6,6,4,4,4,4,28
2024-03-30 03:20:00,2,2,2,3,5,5,19
2024-03-30 03:30:00,0,0,0,1,1,2,4
2024-03-30 03:40:00,4,3,4,5,5,5,26
2024-03-30 03:50:00,3,3,3,6,5,6,26
2024-03-30 04:00:00,3,3,3,3,4,3,19
2024-03-30 04:10:00,3,4,2,4,4,3,20
2024-03-30 04:20:00,6,6,6,3,4,2,27
2024-03-30 04:30:00,2,1,2,3,2,4,14
2024-03-30 04:40:00,3,2,2,6,2,5,20
2024-03-30 04:50:00,4,4,5,5,3,6,27
2024-03-30 05:00:00,3,3,2,6,4,7,25
2024-03-30 05:10:00,8,9,5,8,7,7,44
2024-03-30 05:20:00,3,3,3,10,8,9,36
2024-03-30 05:30:00,6,5,5,21,18,19,74
2024-03-30 05:40:00,8,9,7,17,15,16,72
2024-03-30 05:50:00,9,7,5,9,8,9,47
2024-03-30 06:00:00,7,6,6,12,12,11,54
2024-03-30 06:10:00,10,7,3,19,20,20,79
2024-03-30 06:20:00,8,6,3,16,13,18,64
2024-03-30 06:30:00,7,6,4,11,8,11,47
2024-03-30 06:40:00,14,13,10,11,8,9,65
2024-03-30 06:50:00,8,8,5,13,9,13,56
2024-03-30 07:00:00,5,4,5,4,4,8,30
2024-03-30 07:10:00,11,12,9,6,5,9,52
2024-03-30 07:20:00,9,7,6,16,10,13,61
2024-03-30 07:30:00,12,9,7,14,13,15,70
2024-03-30 07:40:00,14,15,9,21,16,20,95
2024-03-30 07:50:00,11,14,8,14,12,15,74
2024-03-30 08:00:00,7,7,7,13,9,17,60
2024-03-30 08:10:00,18,19,17,15,12,17,98
2024-03-30 08:20:00,12,13,11,21,18,20,95
2024-03-30 08:30:00,17,18,15,15,9,13,87
2024-03-30 08:40:00,17,16,9,28,25,27,122
2024-03-30 08:50:00,17,16,13,24,22,21,113
2024-03-30 09:00:00,14,15,12,25,21,26,113
2024-03-30 09:10:00,28,25,15,35,26,35,164
2024-03-30 09:20:00,29,30,18,32,22,33,164
2024-03-30 09:30:00,31,33,23,33,24,33,177
2024-03-30 09:40:00,33,34,25,39,26,37,194
2024-03-30 09:50:00,28,35,20,32,20,31,166
2024-03-30 10:00:00,27,53,23,42,30,43,218
2024-03-30 10:10:00,38,38,23,44,26,33,202
2024-03-30 10:20:00,26,24,23,25,20,31,149
2024-03-30 10:30:00,31,29,28,45,32,46,211
2024-03-30 10:40:00,36,39,23,38,25,38,199
2024-03-30 10:50:00,37,37,26,45,28,46,219
2024-03-30 11:00:00,29,30,21,45,31,43,199
2024-03-30 11:10:00,33,38,24,38,25,37,195
2024-03-30 11:20:00,40,43,27,39,21,41,211
2024-03-30 11:30:00,43,42,30,35,27,38,215
2024-03-30 11:40:00,39,42,26,39,32,43,221
2024-03-30 11:50:00,37,38,25,43,28,47,218
2024-03-30 12:00:00,42,39,28,38,29,38,214
2024-03-30 12:10:00,55,56,31,50,31,41,264
2024-03-30 12:20:00,43,40,25,36,21,39,204
2024-03-30 12:30:00,40,40,24,29,24,33,190
2024-03-30 12:40:00,39,43,24,34,26,37,203
2024-03-30 12:50:00,47,44,32,39,31,40,233
2024-03-30 13:00:00,42,43,28,42,29,41,225
2024-03-30 13:10:00,53,51,27,30,23,27,211
2024-03-30 13:20:00,34,33,23,41,30,39,200
2024-03-30 13:30:00,31,31,24,32,32,35,185
2024-03-30 13:40:00,36,38,19,42,29,43,207
2024-03-30 13:50:00,40,42,24,44,32,43,225
2024-03-30 14:00:00,53,51,33,43,29,46,255
2024-03-30 14:10:00,55,59,32,38,27,37,248
2024-03-30 14:20:00,47,49,32,40,36,40,244
2024-03-30 14:30:00,41,40,26,35,27,35,204
2024-03-30 14:40:00,51,49,32,38,29,37,236
2024-03-30 14:50:00,41,40,28,40,33,39,221
2024-03-30 15:00:00,34,38,22,34,26,35,189
2024-03-30 15:10:00,47,47,31,43,33,41,242
2024-03-30 15:20:00,44,43,37,34,22,32,212
2024-03-30 15:30:00,52,51,37,44,40,49,273
2024-03-30 15:40:00,43,45,30,33,23,34,208
2024-03-30 15:50:00,28,28,18,30,21,29,154
2024-03-30 16:00:00,40,36,21,28,24,27,176
2024-03-30 16:10:00,39,36,26,32,25,30,188
2024-03-30 16:20:00,33,35,26,27,24,28,173
2024-03-30 16:30:00,38,36,21,32,30,35,192
2024-03-30 16:40:00,35,33,26,32,26,34,186
2024-03-30 16:50:00,44,43,23,54,41,54,259
2024-03-30 17:00:00,49,47,28,40,32,37,233
2024-03-30 17:10:00,44,45,32,31,21,30,203
2024-03-30 17:20:00,30,33,20,37,26,31,177
2024-03-30 17:30:00,39,41,26,22,16,20,164
2024-03-30 17:40:00,46,46,28,34,27,38,219
2024-03-30 17:50:00,35,35,24,26,19,24,163
2024-03-30 18:00:00,30,32,25,38,29,43,197
2024-03-30 18:10:00,32,30,23,35,27,34,181
2024-03-30 18:20:00,33,30,26,27,20,26,162
2024-03-30 18:30:00,33,33,23,39,33,39,200
2024-03-30 18:40:00,28,28,18,38,30,37,179
2024-03-30 18:50:00,27,28,15,25,20,23,138
2024-03-30 19:00:00,25,32,17,28,17,26,145
2024-03-30 19:10:00,29,33,18,30,37,26,173
2024-03-30 19:20:00,23,21,13,22,24,20,123
2024-03-30 19:30:00,15,14,17,19,16,20,101
2024-03-30 19:40:00,24,28,17,24,22,26,141
2024-03-30 19:50:00,23,21,18,19,16,21,118
2024-03-30 20:00:00,22,22,23,21,19,23,130
2024-03-30 20:10:00,30,32,18,32,26,35,173
2024-03-30 20:20:00,28,25,18,30,30,29,160
2024-03-30 20:30:00,19,31,16,30,27,30,153
2024-03-30 20:40:00,28,23,16,28,25,25,145
2024-03-30 20:50:00,14,13,11,19,20,19,96
2024-03-30 21:00:00,14,15,13,22,21,22,107
2024-03-30 21:10:00,18,18,18,19,21,21,115
2024-03-30 21:20:00,22,24,24,19,12,19,120
2024-03-30 21:30:00,22,21,17,11,11,13,95
2024-03-30 21:40:00,14,16,12,18,22,19,101
2024-03-30 21:50:00,25,27,21,20,20,18,131
2024-03-30 22:00:00,23,23,23,22,29,22,142
2024-03-30 22:10:00,17,16,19,18,17,18,105
2024-03-30 22:20:00,23,23,27,25,18,22,138
2024-03-30 22:30:00,19,22,12,19,12,16,100
2024-03-30 22:40:00,24,24,21,17,16,15,117
2024-03-30 22:50:00,23,22,19,7,7,8,86
2024-03-30 23:00:00,22,21,17,15,13,16,104
2024-03-30 23:10:00,19,18,20,8,12,9,86
2024-03-30 23:20:00,13,13,11,8,10,9,64
2024-03-30 23:30:00,25,20,14,15,18,12,104
2024-03-30 23:40:00,11,10,8,10,10,10,59
2024-03-30 23:50:00,14,13,13,9,7,10,66
2024-03-31 00:00:00,14,12,11,15,14,14,80
2024-03-31 00:10:00,13,13,14,10,11,11,72
2024-03-31 00:20:00,16,17,14,13,11,11,82
2024-03-31 00:30:00,8,7,9,9,11,10,54
2024-03-31 00:40:00,15,14,11,10,7,12,69
2024-03-31 00:50:00,20,20,17,5,5,4,71
2024-03-31 01:00:00,11,12,10,9,6,7,55
2024-03-31 01:10:00,7,8,7,8,8,8,46
2024-03-31 01:20:00,10,10,9,9,5,9,52
2024-03-31 01:30:00,12,14,11,5,4,5,51
2024-03-31 01:40:00,7,7,7,4,4,4,33
2024-03-31 01:50:00,6,6,3,5,4,5,29
2024-03-31 02:00:00,0,0,0,0,0,0,0
2024-03-31 02:10:00,0,0,0,0,0,0,0
2024-03-31 02:20:00,0,0,0,0,0,0,0
2024-03-31 02:30:00,0,0,0,0,0,0,0
2024-03-31 02:40:00,0,0,0,0,0,0,0
2024-03-31 02:50:00,0,0,0,0,0,0,0
2024-03-31 03:00:00,0,0,0,0,0,0,0
2024-03-31 03:10:00,0,0,0,0,0,0,0
2024-03-31 03:20:00,0,0,0,0,0,0,0
2024-03-31 03:30:00,0,0,0,0,0,0,0
2024-03-31 03:40:00,0,0,0,0,0,0,0
2024-03-31 03:50:00,0,0,0,0,0,0,0
2024-03-31 04:00:00,5,5,4,6,3,3,26
2024-03-31 04:10:00,3,3,2,2,2,2,14
2024-03-31 04:20:00,6,5,5,4,3,3,26
2024-03-31 04:30:00,4,4,4,2,4,2,20
2024-03-31 04:40:00,1,2,1,3,3,3,13
2024-03-31 04:50:00,4,5,3,3,3,4,22
2024-03-31 05:00:00,2,2,2,2,2,2,12
2024-03-31 05:10:00,8,7,5,7,6,6,39
2024-03-31 05:20:00,6,5,4,9,9,9,42
2024-03-31 05:30:00,4,3,2,20,18,20,67
2024-03-31 05:40:00,12,14,9,9,8,9,61
2024-03-31 05:50:00,8,9,9,13,11,13,63
2024-03-31 06:00:00,8,9,7,13,10,12,59
2024-03-31 06:10:00,6,6,3,16,19,17,67
2024-03-31 06:20:00,4,3,3,19,12,20,61
2024-03-31 06:30:00,5,5,1,12,13,11,47
2024-03-31 06:40:00,8,7,7,8,6,8,44
2024-03-31 06:50:00,7,7,6,11,9,14,54
2024-03-31 07:00:00,5,5,3,5,4,5,27
2024-03-31 07:10:00,4,4,2,5,6,4,25
2024-03-31 07:20:00,4,5,5,7,4,5,30
2024-03-31 07:30:00,5,7,5,4,3,4,28
2024-03-31 07:40:00,3,3,1,7,6,7,27
2024-03-31 07:50:00,12,11,8,11,10,10,62
2024-03-31 08:00:00,4,5,2,4,4,5,24
2024-03-31 08:10:00,5,5,4,2,2,2,20
2024-03-31 08:20:00,5,5,7,10,10,12,49
2024-03-31 08:30:00,6,6,3,6,3,4,28
2024-03-31 08:40:00,7,7,6,8,7,8,43
2024-03-31 08:50:00,9,8,10,10,8,9,54
2024-03-31 09:00:00,9,8,8,7,7,6,45
2024-03-31 09:10:00,11,10,8,13,11,11,64
2024-03-31 09:20:00,8,9,7,17,11,17,69
2024-03-31 09:30:00,16,16,10,10,10,9,71
2024-03-31 09:40:00,8,9,10,20,16,16,79
2024-03-31 09:50:00,11,14,13,14,11,13,76
2024-03-31 10:00:00,16,15,10,13,12,13,79
2024-03-31 10:10:00,16,16,15,17,15,15,94
2024-03-31 10:20:00,21,21,13,23,17,22,117
2024-03-31 10:30:00,21,23,14,20,14,15,107
2024-03-31 10:40:00,19,20,15,22,20,23,119
2024-03-31 10:50:00,22,23,19,18,15,19,116
2024-03-31 11:00:00,20,19,13,22,18,23,115
2024-03-31 11:10:00,21,21,17,22,14,22,117
2024-03-31 11:20:00,24,23,20,22,22,24,135
2024-03-31 11:30:00,28,28,18,18,16,16,124
2024-03-31 11:40:00,24,25,21,16,14,15,115
2024-03-31 11:50:00,26,27,22,24,17,25,141
2024-03-31 12:00:00,19,19,13,28,23,28,130
2024-03-31 12:10:00,29,29,20,25,22,27,152
2024-03-31 12:20:00,25,26,19,32,20,28,150
2024-03-31 12:30:00,30,34,19,30,22,30,165
2024-03-31 12:40:00,27,26,25,22,20,23,143
2024-03-31 12:50:00,32,30,20,30,26,33,171
2024-03-31 13:00:00,19,19,13,30,22,32,135
2024-03-31 13:10:00,22,23,16,29,26,29,145
2024-03-31 13:20:00,32,33,26,30,24,27,172
2024-03-31 13:30:00,23,23,16,25,19,25,131
2024-03-31 13:40:00,35,35,27,26,22,23,168
2024-03-31 13:50:00,27,31,21,32,24,35,170
2024-03-31 14:00:00,40,38,24,35,25,36,198
2024-03-31 14:10:00,39,42,33,34,22,31,201
2024-03-31 14:20:00,23,23,17,36,29,37,165
2024-03-31 14:30:00,28,29,25,21,19,22,144
2024-03-31 14:40:00,23,21,18,28,25,32,147
2024-03-31 14:50:00,34,35,21,38,29,37,194
2024-03-31 15:00:00,27,29,19,31,25,33,164
2024-03-31 15:10:00,43,40,26,31,19,32,191
2024-03-31 15:20:00,28,33,19,32,20,26,158
2024-03-31 15:30:00,29,31,23,18,17,19,137
2024-03-31 15:40:00,34,33,22,30,22,30,171
2024-03-31 15:50:00,26,26,21,24,18,24,139
2024-03-31 16:00:00,30,32,20,17,13,17,129
2024-03-31 16:10:00,37,38,23,39,26,36,199
2024-03-31 16:20:00,44,42,28,18,19,16,167
2024-03-31 16:30:00,25,26,23,32,25,31,162
2024-03-31 16:40:00,39,41,30,29,22,27,188
2024-03-31 16:50:00,31,37,27,35,23,33,186
2024-03-31 17:00:00,36,37,28,42,30,40,213
2024-03-31 17:10:00,27,28,20,24,18,25,142
2024-03-31 17:20:00,28,27,18,49,35,47,204
2024-03-31 17:30:00,26,26,22,28,24,28,154
2024-03-31 17:40:00,39,41,32,38,23,35,208
2024-03-31 17:50:00,39,38,23,28,20,30,178
2024-03-31 18:00:00,30,29,22,30,21,27,159
2024-03-31 18:10:00,24,25,23,28,23,29,152
2024-03-31 18:20:00,26,29,19,31,23,30,158
2024-03-31 18:30:00,24,25,22,32,24,33,160
2024-03-31 18:40:00,37,38,28,29,23,31,186
2024-03-31 18:50:00,39,37,28,30,20,33,187
2024-03-31 19:00:00,31,29,24,28,20,29,161
2024-03-31 19:10:00,31,34,23,43,31,40,202
2024-03-31 19:20:00,25,24,20,27,22,24,142
2024-03-31 19:30:00,36,37,24,30,25,30,182
2024-03-31 19:40:00,36,37,27,24,22,24,170
2024-03-31 19:50:00,27,27,19,23,17,25,138
2024-03-31 20:00:00,16,13,12,20,16,19,96
2024-03-31 20:10:00,17,18,18,15,22,17,107
2024-03-31 20:20:00,16,17,15,20,25,17,110
2024-03-31 20:30:00,21,17,14,24,21,21,118
2024-03-31 20:40:00,15,15,10,22,24,22,108
2024-03-31 20:50:00,24,21,14,28,31,25,143
2024-03-31 21:00:00,23,25,18,14,13,16,109
2024-03-31 21:10:00,23,22,18,25,26,23,137
2024-03-31 21:20:00,29,28,25,22,21,25,150
2024-03-31 21:30:00,25,25,24,31,28,29,162
2024-03-31 21:40:00,25,23,20,27,23,27,145
2024-03-31 21:50:00,25,27,16,23,21,22,134
2024-03-31 22:00:00,16,17,11,15,16,15,90
2024-03-31 22:10:00,15,14,11,16,16,16,88
2024-03-31 22:20:00,9,8,8,15,17,17,74
2024-03-31 22:30:00,15,13,8,20,16,20,92
2024-03-31 22:40:00,26,29,22,19,20,16,132
2024-03-31 22:50:00,25,26,18,11,5,9,94
2024-03-31 23:00:00,23,28,21,17,12,15,116
2024-03-31 23:10:00,18,17,16,7,6,7,71
2024-03-31 23:20:00,15,17,16,12,10,10,80
2024-03-31 23:30:00,17,16,12,6,7,7,65
2024-03-31 23:40:00,9,14,13,12,16,9,73
2024-03-31 23:50:00,14,14,12,15,16,15,86
2024-04-01 00:00:00,17,17,19,15,13,13,94
2024-04-01 00:10:00,16,16,13,10,9,9,73
2024-04-01 00:20:00,10,10,12,10,10,11,63
2024-04-01 00:30:00,12,10,9,8,11,7,57
2024-04-01 00:40:00,11,12,11,8,10,8,60
2024-04-01 00:50:00,11,10,12,8,9,8,58
2024-04-01 01:00:00,10,8,9,6,6,6,45
2024-04-01 01:10:00,5,7,6,3,3,4,28
2024-04-01 01:20:00,9,10,7,6,6,5,43
2024-04-01 01:30:00,8,8,6,6,8,6,42
2024-04-01 01:40:00,10,10,10,7,6,6,49
2024-04-01 01:50:00,2,2,3,4,6,4,21
2024-04-01 02:00:00,5,5,5,6,6,5,32
2024-04-01 02:10:00,3,3,2,4,5,4,21
2024-04-01 02:20:00,4,4,5,5,4,4,26
2024-04-01 02:30:00,8,8,5,4,6,4,35
2024-04-01 02:40:00,4,3,3,2,2,2,16
2024-04-01 02:50:00,5,5,5,3,1,1,20
2024-04-01 03:00:00,4,4,4,2,1,1,16
2024-04-01 03:10:00,5,5,5,1,1,2,19
2024-04-01 03:20:00,9,8,7,5,5,5,39
2024-04-01 03:30:00,4,3,3,3,3,3,19
2024-04-01 03:40:00,4,4,4,3,3,3,21
2024-04-01 03:50:00,2,2,1,2,2,2,11
2024-04-01 04:00:00,1,1,1,4,4,4,15
2024-04-01 04:10:00,2,1,0,6,6,6,21
2024-04-01 04:20:00,5,5,2,4,3,3,22
2024-04-01 04:30:00,3,2,1,3,2,3,14
2024-04-01 04:40:00,2,2,2,4,2,3,15
2024-04-01 04:50:00,1,1,1,1,1,1,6
2024-04-01 05:00:00,4,4,2,9,9,9,37
2024-04-01 05:10:00,1,3,0,1,1,1,7
2024-04-01 05:20:00,5,5,5,8,6,9,38
2024-04-01 05:30:00,5,5,4,18,17,18,67
2024-04-01 05:40:00,4,4,3,11,11,10,43
2024-04-01 05:50:00,3,5,4,7,6,7,32
2024-04-01 06:00:00,9,9,6,7,7,7,45
2024-04-01 06:10:00,2,3,1,13,13,14,46
2024-04-01 06:20:00,6,5,5,13,9,12,50
2024-04-01 06:30:00,6,8,4,9,7,9,43
2024-04-01 06:40:00,6,6,3,6,7,6,34
2024-04-01 06:50:00,4,3,4,5,3,5,24
2024-04-01 07:00:00,5,5,3,3,5,3,24
2024-04-01 07:10:00,5,5,4,5,5,5,29
2024-04-01 07:20:00,6,6,6,6,5,6,35
2024-04-01 07:30:00,2,2,0,3,2,3,12
2024-04-01 07:40:00,7,8,5,3,2,3,28
2024-04-01 07:50:00,1,1,1,9,6,9,27
2024-04-01 08:00:00,8,6,4,7,5,8,38
2024-04-01 08:10:00,4,6,4,10,8,11,43
2024-04-01 08:20:00,4,4,4,8,3,5,28
2024-04-01 08:30:00,4,2,2,6,6,7,27
2024-04-01 08:40:00,8,10,8,6,5,5,42
2024-04-01 08:50:00,4,4,3,8,7,9,35
2024-04-01 09:00:00,6,5,3,10,9,9,42
2024-04-01 09:10:00,4,5,3,9,9,9,39
2024-04-01 09:20:00,7,7,6,7,5,8,40
2024-04-01 09:30:00,9,8,8,8,8,8,49
2024-04-01 09:40:00,15,16,10,17,15,17,90
2024-04-01 09:50:00,15,16,13,18,14,18,94
2024-04-01 10:00:00,13,14,8,10,8,11,64
2024-04-01 10:10:00,11,11,8,12,10,12,64
2024-04-01 10:20:00,13,14,13,18,13,18,89
2024-04-01 10:30:00,16,15,11,12,11,13,78
2024-04-01 10:40:00,11,11,8,15,14,16,75
2024-04-01 10:50:00,17,19,13,23,16,20,108
2024-04-01 11:00:00,27,27,18,21,22,19,134
2024-04-01 11:10:00,29,29,20,18,13,16,125
2024-04-01 11:20:00,14,14,12,32,28,30,130
2024-04-01 11:30:00,23,22,21,26,18,30,140
2024-04-01 11:40:00,17,17,12,20,17,19,102
2024-04-01 11:50:00,21,22,15,16,14,17,105
2024-04-01 12:00:00,16,19,12,21,17,24,109
2024-04-01 12:10:00,17,18,14,34,26,31,140
2024-04-01 12:20:00,31,32,26,21,18,19,147
2024-04-01 12:30:00,27,28,18,25,22,24,144
2024-04-01 12:40:00,20,23,17,27,22,27,136
2024-04-01 12:50:00,22,23,17,27,22,30,141
2024-04-01 13:00:00,20,19,15,23,21,25,123
2024-04-01 13:10:00,38,36,25,28,15,25,167
2024-04-01 13:20:00,21,22,18,34,27,33,155
2024-04-01 13:30:00,27,25,19,22,17,22,132
2024-04-01 13:40:00,26,29,16,27,27,29,154
2024-04-01 13:50:00,28,28,20,31,21,30,158
2024-04-01 14:00:00,29,29,21,20,14,19,132
2024-04-01 14:10:00,25,26,23,28,26,30,158
2024-04-01 14:20:00,24,27,17,24,25,26,143
2024-04-01 14:30:00,53,51,29,30,17,27,207
2024-04-01 14:40:00,31,29,7,33,8,32,140
2024-04-01 14:50:00,35,34,6,39,6,40,160
2024-04-01 15:00:00,21,20,14,31,23,32,141
2024-04-01 15:10:00,38,39,0,31,0,25,133
2024-04-01 15:20:00,26,24,2,34,2,29,117
2024-04-01 15:30:00,26,28,13,35,20,37,159
2024-04-01 15:40:00,36,38,27,25,21,23,170
2024-04-01 15:50:00,28,28,18,28,25,24,151
2024-04-01 16:00:00,32,34,22,21,16,19,144
2024-04-01 16:10:00,24,23,17,37,26,34,161
2024-04-01 16:20:00,39,38,28,33,24,28,190
2024-04-01 16:30:00,34,36,26,31,22,31,180
2024-04-01 16:40:00,39,36,25,29,21,32,182
2024-04-01 16:50:00,39,38,23,33,28,34,195
2024-04-01 17:00:00,32,31,21,31,20,29,164
2024-04-01 17:10:00,27,26,17,23,19,21,133
2024-04-01 17:20:00,30,31,25,44,36,44,210
2024-04-01 17:30:00,23,23,18,30,25,30,149
2024-04-01 17:40:00,28,29,13,28,16,26,140
2024-04-01 17:50:00,37,40,25,41,29,37,209
2024-04-01 18:00:00,31,31,19,32,24,29,166
2024-04-01 18:10:00,28,25,21,28,23,28,153
2024-04-01 18:20:00,24,27,17,28,22,28,146
2024-04-01 18:30:00,31,31,18,34,28,34,176
2024-04-01 18:40:00,28,26,18,33,25,28,158
2024-04-01 18:50:00,26,31,19,22,21,24,143
2024-04-01 19:00:00,29,29,22,32,20,33,165
2024-04-01 19:10:00,26,25,16,29,23,30,149
2024-04-01 19:20:00,29,35,22,34,25,32,177
2024-04-01 19:30:00,46,46,26,30,23,26,197
2024-04-01 19:40:00,28,27,19,25,20,25,144
2024-04-01 19:50:00,25,24,22,25,15,25,136
2024-04-01 20:00:00,29,28,20,27,21,28,153
2024-04-01 20:10:00,22,23,22,17,20,15,119
2024-04-01 20:20:00,21,23,16,26,20,26,132
2024-04-01 20:30:00,23,23,23,17,13,21,120
2024-04-01 20:40:00,17,16,15,27,21,28,124
2024-04-01 20:50:00,18,18,16,26,19,23,120
2024-04-01 21:00:00,28,28,25,22,19,24,146
2024-04-01 21:10:00,20,20,20,29,25,27,141
2024-04-01 21:20:00,20,21,20,38,36,35,170
2024-04-01 21:30:00,26,22,18,26,23,24,139
2024-04-01 21:40:00,21,20,16,18,18,18,111
2024-04-01 21:50:00,24,23,24,20,17,19,127
2024-04-01 22:00:00,18,17,11,18,19,15,98
2024-04-01 22:10:00,12,11,8,15,15,15,76
2024-04-01 22:20:00,22,22,26,20,18,19,127
2024-04-01 22:30:00,16,18,16,13,19,13,95
2024-04-01 22:40:00,10,7,8,16,17,15,73
2024-04-01 22:50:00,18,19,16,17,13,14,97
2024-04-01 23:00:00,20,22,16,14,13,13,98
2024-04-01 23:10:00,14,14,18,14,11,8,79
2024-04-01 23:20:00,11,11,10,10,6,8,56
2024-04-01 23:30:00,18,21,14,12,13,11,89
2024-04-01 23:40:00,14,12,15,10,11,10,72
2024-04-01 23:50:00,11,11,14,10,5,6,57
2024-04-02 00:00:00,15,17,10,7,9,7,65
2024-04-02 00:10:00,13,10,10,14,14,16,77
2024-04-02 00:20:00,15,13,13,9,9,9,68
2024-04-02 00:30:00,13,13,7,3,2,3,41
2024-04-02 00:40:00,5,5,4,4,4,3,25
2024-04-02 00:50:00,6,6,6,5,5,6,34
2024-04-02 01:00:00,5,5,5,7,6,5,33
2024-04-02 01:10:00,0,0,0,2,2,2,6
2024-04-02 01:20:00,2,1,3,4,3,4,17
2024-04-02 01:30:00,3,3,3,1,1,2,13
2024-04-02 01:40:00,6,6,7,3,3,3,28
2024-04-02 01:50:00,5,4,5,4,3,4,25
2024-04-02 02:00:00,3,3,3,1,0,1,11
2024-04-02 02:10:00,1,1,1,4,4,4,15
2024-04-02 02:20:00,2,2,2,1,2,1,10
2024-04-02 02:30:00,5,5,6,1,0,1,18
2024-04-02 02:40:00,4,3,2,3,3,3,18
2024-04-02 02:50:00,6,6,6,3,0,2,23
2024-04-02 03:00:00,2,1,1,6,6,6,22
2024-04-02 03:10:00,3,3,2,2,4,3,17
2024-04-02 03:20:00,3,2,2,2,4,2,15
2024-04-02 03:30:00,5,4,3,3,3,4,22
2024-04-02 03:40:00,6,5,5,5,5,5,31
2024-04-02 03:50:00,1,1,1,1,1,1,6
2024-04-02 04:00:00,1,1,0,3,3,3,11
2024-04-02 04:10:00,3,3,3,7,6,6,28
2024-04-02 04:20:00,2,2,2,3,3,4,16
2024-04-02 04:30:00,2,2,3,5,7,5,24
2024-04-02 04:40:00,1,2,2,5,4,4,18
2024-04-02 04:50:00,4,3,4,7,7,7,32
2024-04-02 05:00:00,9,9,9,13,10,12,62
2024-04-02 05:10:00,9,8,6,21,15,20,79
2024-04-02 05:20:00,9,7,8,22,16,21,83
2024-04-02 05:30:00,18,18,12,28,24,31,131
2024-04-02 05:40:00,23,21,21,36,30,34,165
2024-04-02 05:50:00,21,22,16,33,28,31,151
2024-04-02 06:00:00,24,21,15,48,36,46,190
2024-04-02 06:10:00,20,20,18,45,37,45,185
2024-04-02 06:20:00,22,15,22,60,34,63,216
2024-04-02 06:30:00,24,19,17,77,53,76,266
2024-04-02 06:40:00,21,23,16,76,56,75,267
2024-04-02 06:50:00,28,25,24,67,52,66,262
2024-04-02 07:00:00,20,20,13,52,30,52,187
2024-04-02 07:10:00,18,19,12,59,31,61,200
2024-04-02 07:20:00,32,30,20,74,39,75,270
2024-04-02 07:30:00,41,40,24,45,34,46,230
2024-04-02 07:40:00,41,39,24,58,36,59,257
2024-04-02 07:50:00,26,26,21,65,40,58,236
2024-04-02 08:00:00,32,32,20,52,31,51,218
2024-04-02 08:10:00,27,25,18,53,33,56,212
2024-04-02 08:20:00,28,32,24,50,33,52,219
2024-04-02 08:30:00,26,39,23,47,27,51,213
2024-04-02 08:40:00,43,40,24,65,40,67,279
2024-04-02 08:50:00,38,36,26,48,41,48,237
2024-04-02 09:00:00,33,33,23,48,25,49,211
2024-04-02 09:10:00,40,38,30,41,29,40,218
2024-04-02 09:20:00,49,51,33,59,40,54,286
2024-04-02 09:30:00,45,48,34,44,37,46,254
2024-04-02 09:40:00,43,44,28,43,27,36,221
2024-04-02 09:50:00,45,45,29,47,36,46,248
2024-04-02 10:00:00,33,31,24,39,30,39,196
2024-04-02 10:10:00,44,43,27,35,29,36,214
2024-04-02 10:20:00,34,34,22,43,27,38,198
2024-04-02 10:30:00,33,34,24,50,30,49,220
2024-04-02 10:40:00,38,39,21,43,28,40,209
2024-04-02 10:50:00,40,43,16,45,30,41,215
2024-04-02 11:00:00,52,49,34,46,37,46,264
2024-04-02 11:10:00,40,42,23,49,34,47,235
2024-04-02 11:20:00,36,38,24,44,34,42,218
2024-04-02 11:30:00,46,52,29,38,32,37,234
2024-04-02 11:40:00,51,51,37,47,33,47,266
2024-04-02 11:50:00,49,53,24,55,37,56,274
2024-04-02 12:00:00,60,57,40,46,36,41,280
2024-04-02 12:10:00,48,51,28,41,29,41,238
2024-04-02 12:20:00,40,38,27,35,27,38,205
2024-04-02 12:30:00,57,58,28,39,32,37,251
2024-04-02 12:40:00,45,41,30,50,38,47,251
2024-04-02 12:50:00,40,42,28,49,27,46,232
2024-04-02 13:00:00,44,42,26,34,23,31,200
2024-04-02 13:10:00,44,51,25,41,26,39,226
2024-04-02 13:20:00,37,37,27,39,32,37,209
2024-04-02 13:30:00,66,64,34,43,29,41,277
2024-04-02 13:40:00,54,52,33,40,31,39,249
2024-04-02 13:50:00,34,31,21,38,27,40,191
2024-04-02 14:00:00,56,58,34,31,30,33,242
2024-04-02 14:10:00,62,65,38,50,35,53,303
2024-04-02 14:20:00,65,75,42,42,32,40,296
2024-04-02 14:30:00,65,64,40,52,34,52,307
2024-04-02 14:40:00,77,83,50,59,35,56,360
2024-04-02 14:50:00,51,50,36,39,32,38,246
2024-04-02 15:00:00,59,60,36,47,33,46,281
2024-04-02 15:10:00,71,73,46,37,27,38,292
2024-04-02 15:20:00,70,67,44,50,31,46,308
2024-04-02 15:30:00,72,77,42,48,33,47,319
2024-04-02 15:40:00,63,64,33,35,28,37,260
2024-04-02 15:50:00,79,83,46,43,29,43,323
2024-04-02 16:00:00,69,71,37,50,33,45,305
2024-04-02 16:10:00,74,75,41,42,26,40,298
2024-04-02 16:20:00,69,41,41,50,40,47,288
2024-04-02 16:30:00,75,74,41,52,39,55,336
2024-04-02 16:40:00,75,74,43,47,29,47,315
2024-04-02 16:50:00,60,55,35,57,34,51,292
2024-04-02 17:00:00,55,55,33,51,32,52,278
2024-04-02 17:10:00,82,83,44,42,29,41,321
2024-04-02 17:20:00,68,66,42,45,30,44,295
2024-04-02 17:30:00,60,58,33,52,36,54,293
2024-04-02 17:40:00,56,55,32,52,30,48,273
2024-04-02 17:50:00,49,50,31,43,33,45,251
2024-04-02 18:00:00,47,45,25,35,30,34,216
2024-04-02 18:10:00,65,58,41,44,29,54,291
2024-04-02 18:20:00,50,44,47,42,31,39,253
2024-04-02 18:30:00,50,49,34,32,23,33,221
2024-04-02 18:40:00,42,44,26,40,31,42,225
2024-04-02 18:50:00,39,38,29,33,27,30,196
2024-04-02 19:00:00,39,39,24,38,28,40,208
2024-04-02 19:10:00,38,39,23,34,24,37,195
2024-04-02 19:20:00,43,45,33,27,24,30,202
2024-04-02 19:30:00,35,34,20,34,26,31,180
2024-04-02 19:40:00,40,39,25,34,27,34,199
2024-04-02 19:50:00,26,25,19,22,18,24,134
2024-04-02 20:00:00,28,29,25,29,21,27,159
2024-04-02 20:10:00,30,29,20,14,8,14,115
2024-04-02 20:20:00,12,13,13,15,19,15,87
2024-04-02 20:30:00,27,27,23,25,23,20,145
2024-04-02 20:40:00,23,25,15,20,15,20,118
2024-04-02 20:50:00,19,17,21,32,30,28,147
2024-04-02 21:00:00,25,28,21,31,19,24,148
2024-04-02 21:10:00,23,25,18,18,15,18,117
2024-04-02 21:20:00,31,32,19,23,22,24,151
2024-04-02 21:30:00,19,20,17,19,22,17,114
2024-04-02 21:40:00,20,17,11,21,20,19,108
2024-04-02 21:50:00,26,27,16,18,16,21,124
2024-04-02 22:00:00,16,17,13,13,16,13,88
2024-04-02 22:10:00,17,16,13,12,12,11,81
2024-04-02 22:20:00,25,26,17,19,11,15,113
2024-04-02 22:30:00,20,19,14,14,15,14,96
2024-04-02 22:40:00,20,21,18,12,13,9,93
2024-04-02 22:50:00,21,19,17,19,19,18,113
2024-04-02 23:00:00,19,20,17,12,9,9,86
2024-04-02 23:10:00,22,18,16,11,10,10,87
2024-04-02 23:20:00,14,14,13,14,14,12,81
2024-04-02 23:30:00,13,14,10,7,6,7,57
2024-04-02 23:40:00,14,14,14,9,9,8,68
2024-04-02 23:50:00,4,4,5,6,2,4,25
2024-04-03 00:00:00,11,14,10,6,8,7,56
2024-04-03 00:10:00,8,8,7,3,1,3,30
2024-04-03 00:20:00,8,5,6,6,2,6,33
2024-04-03 00:30:00,6,5,5,2,2,2,22
2024-04-03 00:40:00,7,9,5,6,7,6,40
2024-04-03 00:50:00,7,5,6,7,7,6,38
2024-04-03 01:00:00,2,1,1,3,4,4,15
2024-04-03 01:10:00,1,1,1,5,7,5,20
2024-04-03 01:20:00,4,4,3,5,5,4,25
2024-04-03 01:30:00,6,6,5,3,3,2,25
2024-04-03 01:40:00,1,1,2,4,4,3,15
2024-04-03 01:50:00,2,1,1,2,3,2,11
2024-04-03 02:00:00,5,5,4,3,3,3,23
2024-04-03 02:10:00,4,5,2,3,4,2,20
2024-04-03 02:20:00,4,3,3,6,9,6,31
2024-04-03 02:30:00,2,2,2,1,2,1,10
2024-04-03 02:40:00,1,1,1,1,1,1,6
2024-04-03 02:50:00,1,2,1,3,4,3,14
2024-04-03 03:00:00,3,2,2,5,3,5,20
2024-04-03 03:10:00,4,3,4,1,1,1,14
2024-04-03 03:20:00,3,4,3,2,3,2,17
2024-04-03 03:30:00,4,4,4,5,6,3,26
2024-04-03 03:40:00,3,2,4,4,5,4,22
2024-04-03 03:50:00,7,6,7,9,7,9,45
2024-04-03 04:00:00,3,3,3,2,2,2,15
2024-04-03 04:10:00,3,2,2,2,3,2,14
2024-04-03 04:20:00,6,6,6,2,1,2,23
2024-04-03 04:30:00,5,5,3,6,6,6,31
2024-04-03 04:40:00,3,4,3,4,4,4,22
2024-04-03 04:50:00,3,3,3,6,5,6,26
2024-04-03 05:00:00,7,8,9,10,10,11,55
2024-04-03 05:10:00,6,5,4,20,18,19,72
2024-04-03 05:20:00,11,11,9,20,15,16,82
2024-04-03 05:30:00,14,12,14,27,23,26,116
2024-04-03 05:40:00,18,17,15,37,30,40,157
2024-04-03 05:50:00,18,18,13,48,34,48,179
2024-04-03 06:00:00,22,23,17,37,32,34,165
2024-04-03 06:10:00,19,17,14,46,31,43,170
2024-04-03 06:20:00,19,13,16,75,50,78,251
2024-04-03 06:30:00,24,22,15,62,47,59,229
2024-04-03 06:40:00,15,14,11,68,53,68,229
2024-04-03 06:50:00,27,23,21,61,43,57,232
2024-04-03 07:00:00,21,23,13,63,39,62,221
2024-04-03 07:10:00,31,26,18,61,37,60,233
2024-04-03 07:20:00,26,27,21,60,35,58,227
2024-04-03 07:30:00,35,33,20,59,39,58,244
2024-04-03 07:40:00,34,37,27,67,40,66,271
2024-04-03 07:50:00,33,34,28,67,39,68,269
2024-04-03 08:00:00,40,51,32,47,28,46,244
2024-04-03 08:10:00,49,50,26,49,32,49,255
2024-04-03 08:20:00,38,32,27,65,39,69,270
2024-04-03 08:30:00,40,35,27,60,35,59,256
2024-04-03 08:40:00,35,41,24,67,37,65,269
2024-04-03 08:50:00,41,40,30,49,33,54,247
2024-04-03 09:00:00,41,48,30,67,41,60,287
2024-04-03 09:10:00,42,46,26,44,34,45,237
2024-04-03 09:20:00,28,31,24,43,29,42,197
2024-04-03 09:30:00,46,49,27,42,31,31,226
2024-04-03 09:40:00,58,56,33,50,31,49,277
2024-04-03 09:50:00,32,30,24,49,28,48,211
2024-04-03 10:00:00,38,35,23,47,25,51,219
2024-04-03 10:10:00,44,43,26,52,27,51,243
2024-04-03 10:20:00,34,36,23,42,32,43,210
2024-04-03 10:30:00,54,54,24,46,35,53,266
2024-04-03 10:40:00,54,60,31,56,36,51,288
2024-04-03 10:50:00,38,40,27,43,32,45,225
2024-04-03 11:00:00,43,42,27,41,28,41,222
2024-04-03 11:10:00,32,34,23,46,29,45,209
2024-04-03 11:20:00,48,45,33,52,33,56,267
2024-04-03 11:30:00,44,48,26,47,29,45,239
2024-04-03 11:40:00,47,46,30,57,36,56,272
2024-04-03 11:50:00,55,53,27,46,26,41,248
2024-04-03 12:00:00,50,51,38,46,29,45,259
2024-04-03 12:10:00,55,61,33,45,33,45,272
2024-04-03 12:20:00,60,61,38,51,38,44,292
2024-04-03 12:30:00,42,41,25,36,26,29,199
2024-04-03 12:40:00,53,52,30,52,34,49,270
2024-04-03 12:50:00,55,60,37,38,22,34,246
2024-04-03 13:00:00,47,51,35,34,22,35,224
2024-04-03 13:10:00,41,45,25,44,34,44,233
2024-04-03 13:20:00,48,44,32,39,31,38,232
2024-04-03 13:30:00,43,46,31,56,40,60,276
2024-04-03 13:40:00,57,53,37,44,37,44,272
2024-04-03 13:50:00,50,52,36,43,28,44,253
2024-04-03 14:00:00,47,49,29,52,36,54,267
2024-04-03 14:10:00,64,64,43,49,33,42,295
2024-04-03 14:20:00,60,60,31,57,37,55,300
2024-04-03 14:30:00,61,60,39,33,21,37,251
2024-04-03 14:40:00,67,71,38,40,27,40,283
2024-04-03 14:50:00,54,58,38,44,34,42,270
2024-04-03 15:00:00,76,78,38,42,29,41,304
2024-04-03 15:10:00,69,78,46,53,34,51,331
2024-04-03 15:20:00,72,72,39,42,30,42,297
2024-04-03 15:30:00,73,72,36,39,23,39,282
2024-04-03 15:40:00,85,88,48,51,37,48,357
2024-04-03 15:50:00,64,62,38,39,26,38,267
2024-04-03 16:00:00,65,66,42,39,25,41,278
2024-04-03 16:10:00,69,65,40,49,35,49,307
2024-04-03 16:20:00,81,86,41,57,28,57,350
2024-04-03 16:30:00,65,64,45,51,33,51,309
2024-04-03 16:40:00,81,88,47,52,34,56,358
2024-04-03 16:50:00,73,72,42,63,36,55,341
2024-04-03 17:00:00,75,74,32,43,28,39,291
2024-04-03 17:10:00,73,78,32,56,31,56,326
2024-04-03 17:20:00,64,63,38,69,44,69,347
2024-04-03 17:30:00,70,70,31,50,34,50,305
2024-04-03 17:40:00,45,47,28,44,33,47,244
2024-04-03 17:50:00,52,50,27,55,33,54,271
2024-04-03 18:00:00,57,55,41,57,34,57,301
2024-04-03 18:10:00,54,57,37,48,33,47,276
2024-04-03 18:20:00,50,50,34,43,26,46,249
2024-04-03 18:30:00,49,49,40,57,32,47,274
2024-04-03 18:40:00,39,45,23,43,33,45,228
2024-04-03 18:50:00,57,57,34,45,29,41,263
2024-04-03 19:00:00,49,49,33,36,26,36,229
2024-04-03 19:10:00,38,40,27,42,31,39,217
2024-04-03 19:20:00,38,40,26,39,26,37,206
2024-04-03 19:30:00,41,42,30,24,18,22,177
2024-04-03 19:40:00,31,31,21,23,17,25,148
2024-04-03 19:50:00,34,33,21,28,18,25,159
2024-04-03 20:00:00,33,31,22,28,23,27,164
2024-04-03 20:10:00,26,27,19,23,17,20,132
2024-04-03 20:20:00,23,21,18,17,22,18,119
2024-04-03 20:30:00,27,27,24,28,18,22,146
2024-04-03 20:40:00,29,31,19,30,19,29,157
2024-04-03 20:50:00,23,23,19,24,29,28,146
2024-04-03 21:00:00,28,28,19,22,17,21,135
2024-04-03 21:10:00,23,19,20,23,19,20,124
2024-04-03 21:20:00,30,31,18,21,19,20,139
2024-04-03 21:30:00,20,19,17,21,19,20,116
2024-04-03 21:40:00,22,19,21,18,15,18,113
2024-04-03 21:50:00,25,27,19,24,17,22,134
2024-04-03 22:00:00,30,24,19,18,15,17,123
2024-04-03 22:10:00,19,16,14,12,6,11,78
2024-04-03 22:20:00,18,18,15,17,12,13,93
2024-04-03 22:30:00,20,21,16,14,13,16,100
2024-04-03 22:40:00,20,18,13,19,15,20,105
2024-04-03 22:50:00,23,25,18,16,11,15,108
2024-04-03 23:00:00,24,23,16,9,8,8,88
2024-04-03 23:10:00,18,18,13,12,10,12,83
2024-04-03 23:20:00,11,13,11,12,7,11,65
2024-04-03 23:30:00,17,18,11,10,11,9,76
2024-04-03 23:40:00,19,17,15,8,8,5,72
2024-04-03 23:50:00,9,9,8,8,5,9,48
2024-04-04 00:00:00,12,14,8,5,7,5,51
2024-04-04 00:10:00,1,1,1,4,3,3,13
2024-04-04 00:20:00,7,10,6,11,9,12,55
2024-04-04 00:30:00,6,7,7,4,2,3,29
2024-04-04 00:40:00,6,5,9,2,2,2,26
2024-04-04 00:50:00,7,6,5,3,2,2,25
2024-04-04 01:00:00,6,6,5,3,4,3,27
2024-04-04 01:10:00,3,2,2,2,1,1,11
2024-04-04 01:20:00,2,2,2,3,2,3,14
2024-04-04 01:30:00,3,3,3,4,4,3,20
2024-04-04 01:40:00,9,11,9,4,4,4,41
2024-04-04 01:50:00,2,2,2,2,2,2,12
2024-04-04 02:00:00,8,8,6,4,5,4,35
2024-04-04 02:10:00,4,5,4,6,3,5,27
2024-04-04 02:20:00,4,2,1,4,5,4,20
2024-04-04 02:30:00,2,2,2,0,0,0,6
2024-04-04 02:40:00,1,1,1,3,2,2,10
2024-04-04 02:50:00,2,2,2,5,5,6,22
2024-04-04 03:00:00,2,1,2,3,2,2,12
2024-04-04 03:10:00,1,1,1,1,2,1,7
2024-04-04 03:20:00,2,2,2,3,2,3,14
2024-04-04 03:30:00,8,7,6,4,5,4,34
2024-04-04 03:40:00,4,4,6,6,6,6,32
2024-04-04 03:50:00,2,2,2,0,0,0,6
2024-04-04 04:00:00,4,4,2,6,7,6,29
2024-04-04 04:10:00,8,6,5,7,7,8,41
2024-04-04 04:20:00,4,6,4,3,3,3,23
2024-04-04 04:30:00,1,0,1,5,5,4,16
2024-04-04 04:40:00,6,6,5,6,4,6,33
2024-04-04 04:50:00,5,5,7,5,6,4,32
2024-04-04 05:00:00,7,7,7,16,13,15,65
2024-04-04 05:10:00,9,6,5,21,17,20,78
2024-04-04 05:20:00,10,10,11,18,13,21,83
2024-04-04 05:30:00,19,15,11,31,21,31,128
2024-04-04 05:40:00,22,19,20,38,23,40,162
2024-04-04 05:50:00,20,21,15,49,20,45,170
2024-04-04 06:00:00,16,17,16,33,25,32,139
2024-04-04 06:10:00,17,15,13,48,22,45,160
2024-04-04 06:20:00,20,19,17,53,24,53,186
2024-04-04 06:30:00,17,14,12,68,29,73,213
2024-04-04 06:40:00,24,20,13,61,43,56,217
2024-04-04 06:50:00,21,19,10,59,28,59,196
2024-04-04 07:00:00,24,23,18,54,27,55,201
2024-04-04 07:10:00,26,22,18,67,32,69,234
2024-04-04 07:20:00,37,36,25,50,32,48,228
2024-04-04 07:30:00,32,34,22,65,35,66,254
2024-04-04 07:40:00,32,30,23,58,36,58,237
2024-04-04 07:50:00,33,35,22,50,39,53,232
2024-04-04 08:00:00,24,31,15,78,35,70,253
2024-04-04 08:10:00,44,47,31,55,39,57,273
2024-04-04 08:20:00,34,34,26,52,34,56,236
2024-04-04 08:30:00,47,48,31,52,36,52,266
2024-04-04 08:40:00,28,34,25,66,34,68,255
2024-04-04 08:50:00,28,28,22,56,40,52,226
2024-04-04 09:00:00,36,34,21,48,27,46,212
2024-04-04 09:10:00,53,50,35,45,36,49,268
2024-04-04 09:20:00,40,44,23,45,29,39,220
2024-04-04 09:30:00,35,38,28,33,23,42,199
2024-04-04 09:40:00,40,38,26,45,30,39,218
2024-04-04 09:50:00,53,50,33,61,38,65,300
2024-04-04 10:00:00,42,42,28,44,34,43,233
2024-04-04 10:10:00,48,48,32,51,28,46,253
2024-04-04 10:20:00,42,38,30,36,27,32,205
2024-04-04 10:30:00,42,39,25,43,37,41,227
2024-04-04 10:40:00,43,41,25,47,26,47,229
2024-04-04 10:50:00,41,44,31,49,34,50,249
2024-04-04 11:00:00,45,43,29,46,30,43,236
2024-04-04 11:10:00,44,48,23,54,37,50,256
2024-04-04 11:20:00,46,46,30,55,44,58,279
2024-04-04 11:30:00,39,37,23,44,28,42,213
2024-04-04 11:40:00,56,54,28,53,36,51,278
2024-04-04 11:50:00,56,60,28,58,24,57,283
2024-04-04 12:00:00,55,56,34,44,28,44,261
2024-04-04 12:10:00,57,57,29,40,30,37,250
2024-04-04 12:20:00,52,55,37,46,25,48,263
2024-04-04 12:30:00,67,71,36,59,33,57,323
2024-04-04 12:40:00,46,45,30,38,24,38,221
2024-04-04 12:50:00,48,49,29,61,36,62,285
2024-04-04 13:00:00,45,43,19,39,26,40,212
2024-04-04 13:10:00,57,62,35,39,23,33,249
2024-04-04 13:20:00,50,49,34,44,27,39,243
2024-04-04 13:30:00,63,67,37,51,24,50,292
2024-04-04 13:40:00,49,45,31,43,28,45,241
2024-04-04 13:50:00,42,43,28,47,26,44,230
2024-04-04 14:00:00,50,46,27,33,26,31,213
2024-04-04 14:10:00,72,71,47,46,25,44,305
2024-04-04 14:20:00,72,71,43,48,32,50,316
2024-04-04 14:30:00,59,59,33,55,34,46,286
2024-04-04 14:40:00,76,75,42,53,41,52,339
2024-04-04 14:50:00,57,59,37,46,30,44,273
2024-04-04 15:00:00,78,83,42,52,38,50,343
2024-04-04 15:10:00,71,74,42,45,28,48,308
2024-04-04 15:20:00,62,60,31,52,31,57,293
2024-04-04 15:30:00,89,84,41,59,34,56,363
2024-04-04 15:40:00,66,74,47,49,33,47,316
2024-04-04 15:50:00,63,62,37,48,34,51,295
2024-04-04 16:00:00,62,60,39,46,30,53,290
2024-04-04 16:10:00,73,76,31,73,32,64,349
2024-04-04 16:20:00,62,67,31,46,35,40,281
2024-04-04 16:30:00,85,86,52,41,25,43,332
2024-04-04 16:40:00,68,70,48,49,37,50,322
2024-04-04 16:50:00,61,62,34,55,34,52,298
2024-04-04 17:00:00,76,78,35,55,33,62,339
2024-04-04 17:10:00,63,60,44,48,27,51,293
2024-04-04 17:20:00,54,56,34,39,33,39,255
2024-04-04 17:30:00,63,61,38,46,31,43,282
2024-04-04 17:40:00,54,56,43,62,34,49,298
2024-04-04 17:50:00,51,51,26,61,30,60,279
2024-04-04 18:00:00,66,62,34,38,31,47,278
2024-04-04 18:10:00,56,52,27,52,34,50,271
2024-04-04 18:20:00,49,48,28,52,31,52,260
2024-04-04 18:30:00,45,46,31,37,27,36,222
2024-04-04 18:40:00,50,49,32,40,29,40,240
2024-04-04 18:50:00,40,42,35,34,27,33,211
2024-04-04 19:00:00,43,45,28,36,26,35,213
2024-04-04 19:10:00,48,49,25,49,33,46,250
2024-04-04 19:20:00,36,35,28,42,29,44,214
2024-04-04 19:30:00,38,37,24,37,24,37,197
2024-04-04 19:40:00,27,31,19,29,23,31,160
2024-04-04 19:50:00,40,39,25,26,16,25,171
2024-04-04 20:00:00,15,15,12,26,20,24,112
2024-04-04 20:10:00,21,22,16,21,16,17,113
2024-04-04 20:20:00,28,28,20,23,16,21,136
2024-04-04 20:30:00,30,32,32,25,20,26,165
2024-04-04 20:40:00,20,22,18,28,21,28,137
2024-04-04 20:50:00,14,14,7,20,21,20,96
2024-04-04 21:00:00,24,23,22,23,14,21,127
2024-04-04 21:10:00,27,32,25,26,23,28,161
2024-04-04 21:20:00,23,25,12,30,23,29,142
2024-04-04 21:30:00,13,13,12,25,17,24,104
2024-04-04 21:40:00,31,28,21,35,16,34,165
2024-04-04 21:50:00,28,27,19,19,16,19,128
2024-04-04 22:00:00,20,24,16,12,13,12,97
2024-04-04 22:10:00,24,19,14,17,15,17,106
2024-04-04 22:20:00,22,20,17,16,14,16,105
2024-04-04 22:30:00,24,26,21,19,17,19,126
2024-04-04 22:40:00,20,20,16,20,18,20,114
2024-04-04 22:50:00,25,25,11,20,18,19,118
2024-04-04 23:00:00,23,25,11,17,11,19,106
2024-04-04 23:10:00,19,18,11,13,12,12,85
2024-04-04 23:20:00,10,14,13,12,8,14,71
2024-04-04 23:30:00,17,16,10,8,6,6,63
2024-04-04 23:40:00,15,13,12,11,8,10,69
2024-04-04 23:50:00,10,10,5,11,9,12,57
2024-04-05 00:00:00,13,15,9,7,7,7,58
2024-04-05 00:10:00,5,7,3,4,4,5,28
2024-04-05 00:20:00,15,16,14,8,4,10,67
2024-04-05 00:30:00,4,6,3,9,9,8,39
2024-04-05 00:40:00,6,8,8,5,6,5,38
2024-04-05 00:50:00,5,5,6,4,5,4,29
2024-04-05 01:00:00,3,2,1,3,4,3,16
2024-04-05 01:10:00,5,5,5,2,3,2,22
2024-04-05 01:20:00,5,5,6,2,1,2,21
2024-04-05 01:30:00,4,5,4,7,9,6,35
2024-04-05 01:40:00,3,2,2,3,4,2,16
2024-04-05 01:50:00,5,6,6,2,1,1,21
2024-04-05 02:00:00,0,0,0,0,0,0,0
