datetime,D31Z,D32Z,D41Z,D42Z,D43Z,Total
2024-03-01 01:00:00,4,4,3,0,4,15
2024-03-01 01:10:00,3,3,2,0,3,11
2024-03-01 01:20:00,6,6,8,0,8,28
2024-03-01 01:30:00,5,5,2,0,2,14
2024-03-01 01:40:00,6,7,4,0,4,21
2024-03-01 01:50:00,6,6,2,0,3,17
2024-03-01 02:00:00,1,1,2,0,2,6
2024-03-01 02:10:00,1,1,1,0,1,4
2024-03-01 02:20:00,2,3,2,0,2,9
2024-03-01 02:30:00,1,1,2,0,2,6
2024-03-01 02:40:00,0,0,0,0,0,0
2024-03-01 02:50:00,1,1,1,0,1,4
2024-03-01 03:00:00,0,1,0,0,1,2
2024-03-01 03:10:00,1,1,1,0,1,4
2024-03-01 03:20:00,3,2,3,1,3,12
2024-03-01 03:30:00,1,1,3,1,4,10
2024-03-01 03:40:00,6,6,9,1,9,31
2024-03-01 03:50:00,5,6,2,0,2,15
2024-03-01 04:00:00,5,5,6,0,6,22
2024-03-01 04:10:00,2,2,6,0,6,16
2024-03-01 04:20:00,3,3,5,0,5,16
2024-03-01 04:30:00,4,6,8,1,9,28
2024-03-01 04:40:00,5,5,0,1,1,12
2024-03-01 04:50:00,1,2,5,0,5,13
2024-03-01 05:00:00,6,5,7,0,7,25
2024-03-01 05:10:00,4,4,13,4,13,38
2024-03-01 05:20:00,8,8,15,2,17,50
2024-03-01 05:30:00,4,4,27,0,28,63
2024-03-01 05:40:00,7,7,33,4,33,84
2024-03-01 05:50:00,7,7,35,2,36,87
2024-03-01 06:00:00,21,24,40,3,42,130
2024-03-01 06:10:00,11,12,37,3,38,101
2024-03-01 06:20:00,16,19,38,3,38,114
2024-03-01 06:30:00,16,18,45,6,48,133
2024-03-01 06:40:00,15,20,56,7,53,151
2024-03-01 06:50:00,19,19,41,3,43,125
2024-03-01 07:00:00,18,24,65,4,65,176
2024-03-01 07:10:00,20,23,79,9,79,210
2024-03-01 07:20:00,30,34,60,2,63,189
2024-03-01 07:30:00,29,35,76,8,77,225
2024-03-01 07:40:00,27,30,73,3,72,205
2024-03-01 07:50:00,26,27,68,10,70,201
2024-03-01 08:00:00,26,33,53,10,55,177
2024-03-01 08:10:00,21,31,46,8,45,151
2024-03-01 08:20:00,32,36,68,4,67,207
2024-03-01 08:30:00,25,29,56,3,57,170
2024-03-01 08:40:00,32,36,58,5,61,192
2024-03-01 08:50:00,21,31,59,4,59,174
2024-03-01 09:00:00,24,28,44,6,43,145
2024-03-01 09:10:00,21,21,32,5,32,111
2024-03-01 09:20:00,19,21,46,4,48,138
2024-03-01 09:30:00,16,18,45,2,45,126
2024-03-01 09:40:00,26,31,47,5,47,156
2024-03-01 09:50:00,15,18,54,3,55,145
2024-03-01 10:00:00,14,16,50,4,50,134
2024-03-01 10:10:00,27,27,53,5,53,165
2024-03-01 10:20:00,16,15,43,4,45,123
2024-03-01 10:30:00,16,19,40,6,44,125
2024-03-01 10:40:00,15,18,54,8,54,149
2024-03-01 10:50:00,21,23,52,8,53,157
2024-03-01 11:00:00,20,27,54,7,56,164
2024-03-01 11:10:00,19,22,46,6,46,139
2024-03-01 11:20:00,20,23,33,0,33,109
2024-03-01 11:30:00,25,22,49,12,50,158
2024-03-01 11:40:00,25,30,65,6,68,194
2024-03-01 11:50:00,28,33,40,1,37,139
2024-03-01 12:00:00,30,36,38,5,38,147
2024-03-01 12:10:00,22,24,45,7,44,142
2024-03-01 12:20:00,34,34,56,4,59,187
2024-03-01 12:30:00,21,31,50,4,50,156
2024-03-01 12:40:00,29,33,56,6,58,182
2024-03-01 12:50:00,24,31,55,4,54,168
2024-03-01 13:00:00,30,40,58,7,57,192
2024-03-01 13:10:00,20,22,56,7,59,164
2024-03-01 13:20:00,30,33,50,6,50,169
2024-03-01 13:30:00,21,29,58,5,56,169
2024-03-01 13:40:00,24,23,60,5,61,173
2024-03-01 13:50:00,24,27,46,6,47,150
2024-03-01 14:00:00,27,28,55,4,56,170
2024-03-01 14:10:00,19,23,52,3,52,149
2024-03-01 14:20:00,21,25,44,6,47,143
2024-03-01 14:30:00,29,39,51,5,51,175
2024-03-01 14:40:00,20,27,74,13,74,208
2024-03-01 14:50:00,28,31,41,1,44,145
2024-03-01 15:00:00,24,30,51,5,52,162
2024-03-01 15:10:00,32,38,54,8,54,186
2024-03-01 15:20:00,27,30,35,3,34,129
2024-03-01 15:30:00,30,32,44,6,47,159
2024-03-01 15:40:00,22,34,54,10,57,177
2024-03-01 15:50:00,28,34,47,2,44,155
2024-03-01 16:00:00,28,33,63,3,65,192
2024-03-01 16:10:00,26,35,35,5,38,139
2024-03-01 16:20:00,26,25,44,2,42,139
2024-03-01 16:30:00,22,27,44,6,44,143
2024-03-01 16:40:00,25,32,49,5,53,164
2024-03-01 16:50:00,29,31,53,7,52,172
2024-03-01 17:00:00,40,39,51,5,52,187
2024-03-01 17:10:00,28,35,49,5,49,166
2024-03-01 17:20:00,28,29,56,5,57,175
2024-03-01 17:30:00,34,37,49,2,49,171
2024-03-01 17:40:00,33,34,54,7,55,183
2024-03-01 17:50:00,26,31,48,7,50,162
2024-03-01 18:00:00,29,33,41,3,43,149
2024-03-01 18:10:00,20,26,51,4,54,155
2024-03-01 18:20:00,26,32,41,1,45,145
2024-03-01 18:30:00,20,29,38,2,40,129
2024-03-01 18:40:00,23,32,32,4,32,123
2024-03-01 18:50:00,20,25,40,3,40,128
2024-03-01 19:00:00,18,26,43,6,42,135
2024-03-01 19:10:00,31,11,39,6,41,128
2024-03-01 19:20:00,15,22,40,3,43,123
2024-03-01 19:30:00,18,26,38,5,37,124
2024-03-01 19:40:00,19,13,28,4,28,92
2024-03-01 19:50:00,21,25,27,1,27,101
2024-03-01 20:00:00,18,24,23,3,24,92
2024-03-01 20:10:00,21,22,21,2,24,90
2024-03-01 20:20:00,18,26,26,3,27,100
2024-03-01 20:30:00,18,22,40,3,40,123
2024-03-01 20:40:00,16,21,19,6,18,80
2024-03-01 20:50:00,8,14,25,4,26,77
2024-03-01 21:00:00,12,13,28,2,28,83
2024-03-01 21:10:00,7,11,27,3,27,75
2024-03-01 21:20:00,11,16,21,0,22,70
2024-03-01 21:30:00,12,21,25,6,24,88
2024-03-01 21:40:00,16,19,11,0,12,58
2024-03-01 21:50:00,13,16,17,3,19,68
2024-03-01 22:00:00,20,27,19,3,20,89
2024-03-01 22:10:00,14,20,8,0,11,53
2024-03-01 22:20:00,11,12,22,0,25,70
2024-03-01 22:30:00,11,16,15,5,16,63
2024-03-01 22:40:00,10,9,18,1,19,57
2024-03-01 22:50:00,10,10,12,1,13,46
2024-03-01 23:00:00,13,16,10,3,10,52
2024-03-01 23:10:00,9,11,11,2,10,43
2024-03-01 23:20:00,10,12,18,0,25,65
2024-03-01 23:30:00,14,16,11,2,12,55
2024-03-01 23:40:00,9,11,13,4,14,51
2024-03-01 23:50:00,6,8,11,1,11,37
2024-03-02 00:00:00,9,10,10,4,11,44
2024-03-02 00:10:00,11,13,12,0,13,49
2024-03-02 00:20:00,4,6,9,2,8,29
2024-03-02 00:30:00,7,7,10,0,10,34
2024-03-02 00:40:00,8,8,7,2,7,32
2024-03-02 00:50:00,4,4,5,0,5,18
2024-03-02 01:00:00,8,10,7,0,8,33
2024-03-02 01:10:00,7,8,2,0,2,19
2024-03-02 01:20:00,1,3,4,0,5,13
2024-03-02 01:30:00,4,4,3,2,3,16
2024-03-02 01:40:00,4,4,7,0,6,21
2024-03-02 01:50:00,3,4,3,0,3,13
2024-03-02 02:00:00,3,4,1,0,1,9
2024-03-02 02:10:00,6,6,2,0,2,16
2024-03-02 02:20:00,3,4,4,0,4,15
2024-03-02 02:30:00,0,0,3,2,5,10
2024-03-02 02:40:00,3,3,1,0,1,8
2024-03-02 02:50:00,2,3,2,0,2,9
2024-03-02 03:00:00,2,2,4,0,5,13
2024-03-02 03:10:00,3,3,2,0,3,11
2024-03-02 03:20:00,6,6,5,0,5,22
2024-03-02 03:30:00,2,3,7,0,7,19
2024-03-02 03:40:00,1,1,2,0,3,7
2024-03-02 03:50:00,4,4,3,0,3,14
2024-03-02 04:00:00,4,4,2,1,2,13
2024-03-02 04:10:00,2,2,2,0,2,8
2024-03-02 04:20:00,2,2,5,0,5,14
2024-03-02 04:30:00,5,5,10,1,10,31
2024-03-02 04:40:00,4,5,5,0,6,20
2024-03-02 04:50:00,3,3,4,0,5,15
2024-03-02 05:00:00,2,2,4,0,6,14
2024-03-02 05:10:00,2,3,4,4,4,17
2024-03-02 05:20:00,5,3,7,1,7,23
2024-03-02 05:30:00,2,2,11,2,11,28
2024-03-02 05:40:00,5,7,10,1,12,35
2024-03-02 05:50:00,7,7,15,4,15,48
2024-03-02 06:00:00,5,6,8,0,8,27
2024-03-02 06:10:00,2,2,13,4,13,34
2024-03-02 06:20:00,7,9,9,2,9,36
2024-03-02 06:30:00,4,5,13,1,13,36
2024-03-02 06:40:00,6,8,10,4,12,40
2024-03-02 06:50:00,9,9,9,2,9,38
2024-03-02 07:00:00,12,12,11,0,11,46
2024-03-02 07:10:00,7,5,8,4,11,35
2024-03-02 07:20:00,9,10,13,3,13,48
2024-03-02 07:30:00,10,10,13,2,13,48
2024-03-02 07:40:00,7,8,23,3,24,65
2024-03-02 07:50:00,10,11,15,2,16,54
2024-03-02 08:00:00,9,10,11,0,11,41
2024-03-02 08:10:00,9,9,20,4,21,63
2024-03-02 08:20:00,11,13,14,1,14,53
2024-03-02 08:30:00,8,10,22,2,22,64
2024-03-02 08:40:00,13,14,27,4,27,85
2024-03-02 08:50:00,11,13,20,2,20,66
2024-03-02 09:00:00,10,12,22,0,23,67
2024-03-02 09:10:00,16,17,22,4,21,80
2024-03-02 09:20:00,12,12,34,2,34,94
2024-03-02 09:30:00,18,21,30,1,33,103
2024-03-02 09:40:00,22,22,31,7,33,115
2024-03-02 09:50:00,18,21,36,1,37,113
2024-03-02 10:00:00,25,26,35,4,36,126
2024-03-02 10:10:00,22,21,33,3,34,113
2024-03-02 10:20:00,19,26,31,5,32,113
2024-03-02 10:30:00,20,22,31,2,29,104
2024-03-02 10:40:00,14,16,32,2,33,97
2024-03-02 10:50:00,18,20,46,1,46,131
2024-03-02 11:00:00,19,24,28,2,28,101
2024-03-02 11:10:00,16,21,44,4,46,131
2024-03-02 11:20:00,14,17,32,3,28,94
2024-03-02 11:30:00,21,24,42,1,42,130
2024-03-02 11:40:00,12,20,44,6,45,127
2024-03-02 11:50:00,18,21,33,3,33,108
2024-03-02 12:00:00,20,27,37,5,39,128
2024-03-02 12:10:00,14,23,44,6,45,132
2024-03-02 12:20:00,29,37,41,1,42,150
2024-03-02 12:30:00,23,28,37,5,38,131
2024-03-02 12:40:00,15,20,38,7,43,123
2024-03-02 12:50:00,21,25,48,4,49,147
2024-03-02 13:00:00,21,25,52,4,53,155
2024-03-02 13:10:00,22,22,42,3,43,132
2024-03-02 13:20:00,19,23,35,4,39,120
2024-03-02 13:30:00,19,21,51,8,53,152
2024-03-02 13:40:00,16,26,57,4,59,162
2024-03-02 13:50:00,14,17,46,1,45,123
2024-03-02 14:00:00,21,28,50,5,52,156
2024-03-02 14:10:00,25,30,41,7,42,145
2024-03-02 14:20:00,17,21,43,9,42,132
2024-03-02 14:30:00,19,25,38,6,40,128
2024-03-02 14:40:00,24,30,43,5,46,148
2024-03-02 14:50:00,19,21,33,0,33,106
2024-03-02 15:00:00,17,22,40,3,43,125
2024-03-02 15:10:00,27,27,47,6,47,154
2024-03-02 15:20:00,23,25,33,7,32,120
2024-03-02 15:30:00,19,33,26,2,28,108
2024-03-02 15:40:00,15,18,40,6,41,120
2024-03-02 15:50:00,14,18,30,2,31,95
2024-03-02 16:00:00,17,26,31,2,35,111
2024-03-02 16:10:00,23,26,54,12,51,166
2024-03-02 16:20:00,22,26,28,5,30,111
2024-03-02 16:30:00,23,27,18,4,21,93
2024-03-02 16:40:00,22,25,41,3,39,130
2024-03-02 16:50:00,18,28,32,2,33,113
2024-03-02 17:00:00,24,28,35,2,36,125
2024-03-02 17:10:00,22,21,28,4,31,106
2024-03-02 17:20:00,20,25,48,4,48,145
2024-03-02 17:30:00,19,22,28,2,30,101
2024-03-02 17:40:00,11,12,40,4,41,108
2024-03-02 17:50:00,21,25,40,2,40,128
2024-03-02 18:00:00,29,29,34,1,35,128
2024-03-02 18:10:00,22,29,42,3,42,138
2024-03-02 18:20:00,23,32,37,2,41,135
2024-03-02 18:30:00,24,26,31,1,32,114
2024-03-02 18:40:00,22,31,40,8,41,142
2024-03-02 18:50:00,29,32,46,1,46,154
2024-03-02 19:00:00,25,28,32,4,33,122
2024-03-02 19:10:00,25,29,39,5,39,137
2024-03-02 19:20:00,23,27,38,5,37,130
2024-03-02 19:30:00,20,21,32,1,30,104
2024-03-02 19:40:00,13,17,32,2,34,98
2024-03-02 19:50:00,19,24,26,2,26,97
2024-03-02 20:00:00,15,17,26,1,26,85
2024-03-02 20:10:00,16,16,30,3,32,97
2024-03-02 20:20:00,23,25,28,3,27,106
2024-03-02 20:30:00,17,24,27,1,27,96
2024-03-02 20:40:00,13,19,25,0,27,84
2024-03-02 20:50:00,12,14,25,3,25,79
2024-03-02 21:00:00,10,10,24,5,24,73
2024-03-02 21:10:00,12,13,24,0,27,76
2024-03-02 21:20:00,6,11,15,2,18,52
2024-03-02 21:30:00,10,12,18,6,18,64
2024-03-02 21:40:00,11,14,21,1,22,69
2024-03-02 21:50:00,15,16,23,2,23,79
2024-03-02 22:00:00,18,19,15,2,15,69
2024-03-02 22:10:00,10,11,16,2,16,55
2024-03-02 22:20:00,13,14,21,0,28,76
2024-03-02 22:30:00,9,15,34,3,35,96
2024-03-02 22:40:00,9,12,12,0,12,45
2024-03-02 22:50:00,8,10,14,0,14,46
2024-03-02 23:00:00,11,16,17,2,19,65
2024-03-02 23:10:00,6,7,18,0,18,49
2024-03-02 23:20:00,8,8,13,2,15,46
2024-03-02 23:30:00,8,7,15,0,15,45
2024-03-02 23:40:00,9,11,17,2,19,58
2024-03-02 23:50:00,10,12,12,0,11,45
2024-03-03 00:00:00,5,6,5,3,8,27
2024-03-03 00:10:00,7,7,11,0,10,35
2024-03-03 00:20:00,12,12,9,1,10,44
2024-03-03 00:30:00,6,6,13,4,14,43
2024-03-03 00:40:00,11,13,12,0,12,48
2024-03-03 00:50:00,6,6,9,1,10,32
2024-03-03 01:00:00,4,4,5,0,5,18
2024-03-03 01:10:00,5,7,6,0,7,25
2024-03-03 01:20:00,13,14,6,0,10,43
2024-03-03 01:30:00,5,6,6,2,5,24
2024-03-03 01:40:00,3,5,7,0,6,21
2024-03-03 01:50:00,8,7,4,0,3,22
2024-03-03 02:00:00,5,6,1,0,1,13
2024-03-03 02:10:00,5,5,3,0,3,16
2024-03-03 02:20:00,5,5,3,0,5,18
2024-03-03 02:30:00,2,4,4,3,5,18
2024-03-03 02:40:00,3,3,5,0,6,17
2024-03-03 02:50:00,6,5,3,0,3,17
2024-03-03 03:00:00,5,6,2,0,2,15
2024-03-03 03:10:00,8,9,5,0,5,27
2024-03-03 03:20:00,3,5,1,0,2,11
2024-03-03 03:30:00,7,9,4,0,4,24
2024-03-03 03:40:00,2,2,5,0,6,15
2024-03-03 03:50:00,2,2,2,0,2,8
2024-03-03 04:00:00,4,4,3,1,3,15
2024-03-03 04:10:00,5,5,2,0,3,15
2024-03-03 04:20:00,5,4,4,0,5,18
2024-03-03 04:30:00,5,4,5,0,4,18
2024-03-03 04:40:00,5,6,4,0,5,20
2024-03-03 04:50:00,4,3,4,0,4,15
2024-03-03 05:00:00,1,2,6,0,7,16
2024-03-03 05:10:00,7,7,8,1,8,31
2024-03-03 05:20:00,4,5,8,0,9,26
2024-03-03 05:30:00,6,5,11,1,11,34
2024-03-03 05:40:00,6,8,12,2,13,41
2024-03-03 05:50:00,5,5,11,0,11,32
2024-03-03 06:00:00,8,6,9,0,9,32
2024-03-03 06:10:00,4,3,6,2,6,21
2024-03-03 06:20:00,5,5,10,0,12,32
2024-03-03 06:30:00,4,5,9,2,10,30
2024-03-03 06:40:00,2,3,6,1,6,18
2024-03-03 06:50:00,4,5,4,0,4,17
2024-03-03 07:00:00,5,6,4,2,4,21
2024-03-03 07:10:00,4,5,6,1,6,22
2024-03-03 07:20:00,4,4,6,1,7,22
2024-03-03 07:30:00,6,6,11,3,11,37
2024-03-03 07:40:00,8,4,4,1,4,21
2024-03-03 07:50:00,8,8,7,0,10,33
2024-03-03 08:00:00,7,7,8,0,7,29
2024-03-03 08:10:00,7,9,6,6,6,34
2024-03-03 08:20:00,14,15,10,3,11,53
2024-03-03 08:30:00,10,8,18,4,19,59
2024-03-03 08:40:00,8,10,14,3,16,51
2024-03-03 08:50:00,10,13,18,0,19,60
2024-03-03 09:00:00,10,10,12,3,12,47
2024-03-03 09:10:00,17,21,20,2,22,82
2024-03-03 09:20:00,20,22,24,1,26,93
2024-03-03 09:30:00,14,14,27,3,29,87
2024-03-03 09:40:00,19,17,27,4,26,93
2024-03-03 09:50:00,12,13,28,1,28,82
2024-03-03 10:00:00,11,15,30,3,30,89
2024-03-03 10:10:00,13,19,22,6,24,84
2024-03-03 10:20:00,27,29,18,0,19,93
2024-03-03 10:30:00,24,23,24,2,25,98
2024-03-03 10:40:00,22,23,24,2,22,93
2024-03-03 10:50:00,20,25,24,0,25,94
2024-03-03 11:00:00,21,21,22,0,24,88
2024-03-03 11:10:00,14,20,29,4,28,95
2024-03-03 11:20:00,19,24,23,0,25,91
2024-03-03 11:30:00,19,19,22,1,21,82
2024-03-03 11:40:00,24,26,27,5,28,110
2024-03-03 11:50:00,14,18,28,2,30,92
2024-03-03 12:00:00,17,26,22,3,24,92
2024-03-03 12:10:00,20,24,42,2,39,127
2024-03-03 12:20:00,22,26,45,0,48,141
2024-03-03 12:30:00,22,27,32,2,32,115
2024-03-03 12:40:00,21,22,38,2,37,120
2024-03-03 12:50:00,21,25,28,2,29,105
2024-03-03 13:00:00,16,18,29,1,29,93
2024-03-03 13:10:00,27,31,32,3,33,126
2024-03-03 13:20:00,18,26,33,4,34,115
2024-03-03 13:30:00,22,26,24,5,25,102
2024-03-03 13:40:00,18,30,37,5,39,129
2024-03-03 13:50:00,21,24,39,3,40,127
2024-03-03 14:00:00,31,30,43,6,42,152
2024-03-03 14:10:00,26,26,36,5,37,130
2024-03-03 14:20:00,26,33,35,5,35,134
2024-03-03 14:30:00,26,31,36,4,35,132
2024-03-03 14:40:00,29,29,36,5,38,137
2024-03-03 14:50:00,23,27,42,6,40,138
2024-03-03 15:00:00,20,29,32,8,32,121
2024-03-03 15:10:00,21,20,33,4,34,112
2024-03-03 15:20:00,30,39,41,5,45,160
2024-03-03 15:30:00,20,25,37,5,38,125
2024-03-03 15:40:00,22,26,34,2,36,120
2024-03-03 15:50:00,21,23,34,2,33,113
2024-03-03 16:00:00,17,22,21,3,22,85
2024-03-03 16:10:00,22,26,48,5,50,151
2024-03-03 16:20:00,26,29,38,3,39,135
2024-03-03 16:30:00,28,29,32,3,33,125
2024-03-03 16:40:00,27,26,36,1,39,129
2024-03-03 16:50:00,22,23,50,4,47,146
2024-03-03 17:00:00,25,27,41,4,44,141
2024-03-03 17:10:00,20,23,47,3,50,143
2024-03-03 17:20:00,17,23,38,8,37,123
2024-03-03 17:30:00,26,33,35,1,34,129
2024-03-03 17:40:00,28,29,35,4,37,133
2024-03-03 17:50:00,18,25,34,5,33,115
2024-03-03 18:00:00,21,24,35,2,36,118
2024-03-03 18:10:00,20,28,34,3,29,114
2024-03-03 18:20:00,23,32,31,3,33,122
2024-03-03 18:30:00,18,28,29,1,29,105
2024-03-03 18:40:00,13,19,37,3,36,108
2024-03-03 18:50:00,17,18,20,3,21,79
2024-03-03 19:00:00,11,16,32,6,31,96
2024-03-03 19:10:00,20,30,31,5,31,117
2024-03-03 19:20:00,26,31,26,0,36,119
2024-03-03 19:30:00,17,22,33,2,34,108
2024-03-03 19:40:00,15,23,26,4,27,95
2024-03-03 19:50:00,25,26,24,1,25,101
2024-03-03 20:00:00,25,33,27,2,30,117
2024-03-03 20:10:00,15,19,20,1,19,74
2024-03-03 20:20:00,13,17,33,3,36,102
2024-03-03 20:30:00,13,17,17,0,18,65
2024-03-03 20:40:00,18,19,29,0,31,97
2024-03-03 20:50:00,8,12,23,2,22,67
2024-03-03 21:00:00,12,15,13,2,13,55
2024-03-03 21:10:00,11,16,18,0,19,64
2024-03-03 21:20:00,3,6,11,2,13,35
2024-03-03 21:30:00,2,5,18,5,19,49
2024-03-03 21:40:00,7,9,16,0,16,48
2024-03-03 21:50:00,8,9,13,3,13,46
2024-03-03 22:00:00,8,11,16,3,18,56
2024-03-03 22:10:00,6,13,7,2,7,35
2024-03-03 22:20:00,4,5,12,0,13,34
2024-03-03 22:30:00,6,7,10,2,11,36
2024-03-03 22:40:00,5,4,5,0,5,19
2024-03-03 22:50:00,2,7,6,2,5,22
2024-03-03 23:00:00,5,7,8,1,10,31
2024-03-03 23:10:00,4,6,10,2,7,29
2024-03-03 23:20:00,1,2,7,0,11,21
2024-03-03 23:30:00,3,3,5,1,5,17
2024-03-03 23:40:00,4,4,7,1,7,23
2024-03-03 23:50:00,3,3,10,0,10,26
2024-03-04 00:00:00,0,0,6,3,6,15
2024-03-04 00:10:00,0,0,1,1,1,3
2024-03-04 00:20:00,1,1,3,1,3,9
2024-03-04 00:30:00,6,6,7,0,8,27
2024-03-04 00:40:00,1,2,4,1,3,11
2024-03-04 00:50:00,2,2,4,2,4,14
2024-03-04 01:00:00,2,3,2,0,2,9
2024-03-04 01:10:00,1,1,3,0,3,8
2024-03-04 01:20:00,3,3,5,0,6,17
2024-03-04 01:30:00,2,2,3,0,4,11
2024-03-04 01:40:00,2,4,2,0,2,10
2024-03-04 01:50:00,1,1,2,0,2,6
2024-03-04 02:00:00,1,1,6,0,6,14
2024-03-04 02:10:00,3,3,2,0,2,10
2024-03-04 02:20:00,4,6,3,0,4,17
2024-03-04 02:30:00,0,1,1,0,1,3
2024-03-04 02:40:00,0,0,0,1,0,1
2024-03-04 02:50:00,3,2,2,0,2,9
2024-03-04 03:00:00,0,0,2,0,2,4
2024-03-04 03:10:00,0,0,2,0,2,4
2024-03-04 03:20:00,0,1,1,0,1,3
2024-03-04 03:30:00,1,1,4,0,4,10
2024-03-04 03:40:00,0,1,6,0,7,14
2024-03-04 03:50:00,3,3,3,1,2,12
2024-03-04 04:00:00,1,2,4,0,6,13
2024-03-04 04:10:00,2,2,4,0,4,12
2024-03-04 04:20:00,0,1,2,0,2,5
2024-03-04 04:30:00,0,1,4,1,3,9
2024-03-04 04:40:00,2,2,4,0,5,13
2024-03-04 04:50:00,4,4,7,1,7,23
2024-03-04 05:00:00,5,4,10,0,10,29
2024-03-04 05:10:00,1,2,8,2,8,21
2024-03-04 05:20:00,4,4,23,1,25,57
2024-03-04 05:30:00,3,2,21,2,22,50
2024-03-04 05:40:00,12,12,34,4,43,105
2024-03-04 05:50:00,4,7,43,2,41,97
2024-03-04 06:00:00,14,14,44,4,47,123
2024-03-04 06:10:00,10,10,46,2,51,119
2024-03-04 06:20:00,18,18,47,2,45,130
2024-03-04 06:30:00,10,16,44,4,43,117
2024-03-04 06:40:00,10,13,70,5,71,169
2024-03-04 06:50:00,15,17,51,4,52,139
2024-03-04 07:00:00,17,17,61,3,65,163
2024-03-04 07:10:00,23,27,71,9,69,199
2024-03-04 07:20:00,23,20,63,5,64,175
2024-03-04 07:30:00,34,38,60,7,64,203
2024-03-04 07:40:00,36,34,74,2,73,219
2024-03-04 07:50:00,36,36,73,6,69,220
2024-03-04 08:00:00,37,37,59,12,61,206
2024-03-04 08:10:00,21,31,75,2,73,202
2024-03-04 08:20:00,34,37,55,5,56,187
2024-03-04 08:30:00,33,36,63,3,64,199
2024-03-04 08:40:00,22,37,55,9,56,179
2024-03-04 08:50:00,18,29,60,5,60,172
2024-03-04 09:00:00,32,30,53,7,52,174
2024-03-04 09:10:00,15,26,56,10,62,169
2024-03-04 09:20:00,29,26,57,4,56,172
2024-03-04 09:30:00,28,31,43,5,45,152
2024-03-04 09:40:00,24,27,51,8,50,160
2024-03-04 09:50:00,19,23,50,5,51,148
2024-03-04 10:00:00,15,18,37,5,41,116
2024-03-04 10:10:00,21,24,49,5,49,148
2024-03-04 10:20:00,17,21,36,2,37,113
2024-03-04 10:30:00,15,26,37,6,35,119
2024-03-04 10:40:00,22,25,46,6,49,148
2024-03-04 10:50:00,11,15,57,7,58,148
2024-03-04 11:00:00,15,19,39,8,41,122
2024-03-04 11:10:00,20,25,48,7,47,147
2024-03-04 11:20:00,13,16,35,1,36,101
2024-03-04 11:30:00,28,20,45,5,48,146
2024-03-04 11:40:00,17,23,39,4,40,123
2024-03-04 11:50:00,24,27,44,1,44,140
2024-03-04 12:00:00,15,19,42,2,39,117
2024-03-04 12:10:00,25,38,42,6,43,154
2024-03-04 12:20:00,22,30,43,4,42,141
2024-03-04 12:30:00,17,20,52,4,54,147
2024-03-04 12:40:00,21,24,51,6,53,155
2024-03-04 12:50:00,12,12,49,5,50,128
2024-03-04 13:00:00,25,33,37,3,38,136
2024-03-04 13:10:00,23,31,52,3,54,163
2024-03-04 13:20:00,23,27,44,3,42,139
2024-03-04 13:30:00,27,29,52,4,53,165
2024-03-04 13:40:00,25,27,40,3,41,136
2024-03-04 13:50:00,30,32,46,4,47,159
2024-03-04 14:00:00,18,22,41,4,43,128
2024-03-04 14:10:00,17,26,51,7,52,153
2024-03-04 14:20:00,19,24,37,3,35,118
2024-03-04 14:30:00,24,31,58,4,63,180
2024-03-04 14:40:00,25,30,41,4,48,148
2024-03-04 14:50:00,21,28,51,2,50,152
2024-03-04 15:00:00,25,30,54,6,57,172
2024-03-04 15:10:00,22,39,45,6,47,159
2024-03-04 15:20:00,27,37,50,3,50,167
2024-03-04 15:30:00,26,34,48,3,51,162
2024-03-04 15:40:00,27,32,57,2,60,178
2024-03-04 15:50:00,29,31,50,5,54,169
2024-03-04 16:00:00,27,36,64,7,64,198
2024-03-04 16:10:00,25,39,53,8,56,181
2024-03-04 16:20:00,35,37,48,3,53,176
2024-03-04 16:30:00,28,37,43,4,42,154
2024-03-04 16:40:00,22,28,56,4,63,173
2024-03-04 16:50:00,31,37,45,2,46,161
2024-03-04 17:00:00,31,38,47,6,46,168
2024-03-04 17:10:00,33,44,56,1,60,194
2024-03-04 17:20:00,34,41,43,5,44,167
2024-03-04 17:30:00,39,46,36,7,36,164
2024-03-04 17:40:00,42,46,52,8,55,203
2024-03-04 17:50:00,33,41,45,1,49,169
2024-03-04 18:00:00,27,38,38,5,39,147
2024-03-04 18:10:00,32,38,38,7,39,154
2024-03-04 18:20:00,26,31,58,1,62,178
2024-03-04 18:30:00,24,33,33,6,31,127
2024-03-04 18:40:00,29,34,36,5,39,143
2024-03-04 18:50:00,28,36,35,1,38,138
2024-03-04 19:00:00,22,27,31,3,33,116
2024-03-04 19:10:00,26,31,31,8,31,127
2024-03-04 19:20:00,21,32,28,0,31,112
2024-03-04 19:30:00,19,27,26,0,31,103
2024-03-04 19:40:00,11,16,19,4,20,70
2024-03-04 19:50:00,19,19,25,3,27,93
2024-03-04 20:00:00,13,16,25,2,27,83
2024-03-04 20:10:00,13,17,15,3,17,65
2024-03-04 20:20:00,15,24,28,4,30,101
2024-03-04 20:30:00,14,22,22,3,23,84
2024-03-04 20:40:00,11,18,19,3,21,72
2024-03-04 20:50:00,16,15,15,1,18,65
2024-03-04 21:00:00,8,9,24,2,26,69
2024-03-04 21:10:00,15,17,18,2,15,67
2024-03-04 21:20:00,16,18,14,3,17,68
2024-03-04 21:30:00,10,13,10,0,16,49
2024-03-04 21:40:00,13,13,7,0,11,44
2024-03-04 21:50:00,6,8,19,1,20,54
2024-03-04 22:00:00,16,21,12,3,16,68
2024-03-04 22:10:00,9,13,12,0,11,45
2024-03-04 22:20:00,8,9,11,1,13,42
2024-03-04 22:30:00,9,11,11,3,13,47
2024-03-04 22:40:00,6,8,15,0,14,43
2024-03-04 22:50:00,1,4,9,0,11,25
2024-03-04 23:00:00,6,8,9,3,9,35
2024-03-04 23:10:00,11,12,5,1,6,35
2024-03-04 23:20:00,5,6,6,2,5,24
2024-03-04 23:30:00,3,4,7,5,7,26
2024-03-04 23:40:00,6,6,3,1,4,20
2024-03-04 23:50:00,4,7,5,0,5,21
2024-03-05 00:00:00,2,2,7,5,7,23
2024-03-05 00:10:00,1,1,2,0,3,7
2024-03-05 00:20:00,4,7,4,0,3,18
2024-03-05 00:30:00,3,3,3,0,6,15
2024-03-05 00:40:00,1,2,4,0,4,11
2024-03-05 00:50:00,1,1,7,0,7,16
2024-03-05 01:00:00,3,3,3,0,3,12
2024-03-05 01:10:00,2,2,1,0,2,7
2024-03-05 01:20:00,0,1,4,0,5,10
2024-03-05 01:30:00,4,4,4,0,3,15
2024-03-05 01:40:00,2,2,3,0,4,11
2024-03-05 01:50:00,7,7,2,0,2,18
2024-03-05 02:00:00,0,0,3,0,3,6
2024-03-05 02:10:00,4,4,3,0,3,14
2024-03-05 02:20:00,1,1,0,0,0,2
2024-03-05 02:30:00,2,2,2,0,2,8
2024-03-05 02:40:00,0,1,3,1,4,9
2024-03-05 02:50:00,0,0,0,0,0,0
2024-03-05 03:00:00,2,2,3,0,5,12
2024-03-05 03:10:00,1,1,1,0,1,4
2024-03-05 03:20:00,4,6,3,0,2,15
2024-03-05 03:30:00,1,2,2,0,2,7
2024-03-05 03:40:00,2,3,2,0,2,9
2024-03-05 03:50:00,3,3,4,2,5,17
2024-03-05 04:00:00,1,1,4,0,4,10
2024-03-05 04:10:00,2,2,4,0,3,11
2024-03-05 04:20:00,2,4,3,1,3,13
2024-03-05 04:30:00,2,2,3,1,4,12
2024-03-05 04:40:00,1,2,3,0,3,9
2024-03-05 04:50:00,5,5,6,0,6,22
2024-03-05 05:00:00,4,4,14,1,16,39
2024-03-05 05:10:00,2,2,14,3,14,35
2024-03-05 05:20:00,5,8,13,1,15,42
2024-03-05 05:30:00,4,5,28,2,29,68
2024-03-05 05:40:00,8,7,34,2,40,91
2024-03-05 05:50:00,13,13,42,0,41,109
2024-03-05 06:00:00,16,20,43,3,46,128
2024-03-05 06:10:00,12,14,40,4,41,111
2024-03-05 06:20:00,19,22,42,2,41,126
2024-03-05 06:30:00,18,18,58,4,58,156
2024-03-05 06:40:00,14,22,61,4,61,162
2024-03-05 06:50:00,27,34,68,2,66,197
2024-03-05 07:00:00,16,31,78,11,81,217
2024-03-05 07:10:00,23,32,70,5,69,199
2024-03-05 07:20:00,36,36,66,1,70,209
2024-03-05 07:30:00,48,45,74,10,77,254
2024-03-05 07:40:00,36,40,61,9,63,209
2024-03-05 07:50:00,34,35,77,6,79,231
2024-03-05 08:00:00,41,43,50,6,53,193
2024-03-05 08:10:00,26,34,65,4,64,193
2024-03-05 08:20:00,34,37,62,9,61,203
2024-03-05 08:30:00,25,28,63,6,64,186
2024-03-05 08:40:00,30,38,66,8,68,210
2024-03-05 08:50:00,25,31,58,4,57,175
2024-03-05 09:00:00,29,30,59,6,60,184
2024-03-05 09:10:00,21,23,49,6,52,151
2024-03-05 09:20:00,22,33,41,1,44,141
2024-03-05 09:30:00,28,31,48,3,48,158
2024-03-05 09:40:00,30,26,59,7,61,183
2024-03-05 09:50:00,19,23,44,2,44,132
2024-03-05 10:00:00,19,24,39,4,39,125
2024-03-05 10:10:00,15,19,62,8,67,171
2024-03-05 10:20:00,22,26,37,2,37,124
2024-03-05 10:30:00,17,21,40,6,39,123
2024-03-05 10:40:00,22,28,41,9,42,142
2024-03-05 10:50:00,23,30,35,4,37,129
2024-03-05 11:00:00,22,31,42,3,44,142
2024-03-05 11:10:00,16,20,51,8,52,147
2024-03-05 11:20:00,15,18,59,5,57,154
2024-03-05 11:30:00,15,21,43,6,46,131
2024-03-05 11:40:00,24,28,34,6,31,123
2024-03-05 11:50:00,15,21,31,3,33,103
2024-03-05 12:00:00,22,25,46,3,48,144
2024-03-05 12:10:00,18,22,39,6,41,126
2024-03-05 12:20:00,17,23,46,4,46,136
2024-03-05 12:30:00,27,28,44,5,45,149
2024-03-05 12:40:00,19,20,51,7,52,149
2024-03-05 12:50:00,20,27,47,5,44,143
2024-03-05 13:00:00,26,32,32,3,32,125
2024-03-05 13:10:00,31,32,60,5,62,190
2024-03-05 13:20:00,15,24,47,3,47,136
2024-03-05 13:30:00,25,28,40,6,42,141
2024-03-05 13:40:00,22,24,64,2,61,173
2024-03-05 13:50:00,27,26,45,6,48,152
2024-03-05 14:00:00,28,36,44,4,42,154
2024-03-05 14:10:00,19,22,38,3,37,119
2024-03-05 14:20:00,21,35,53,8,55,172
2024-03-05 14:30:00,22,32,57,6,62,179
2024-03-05 14:40:00,26,35,52,6,48,167
2024-03-05 14:50:00,25,38,45,5,47,160
2024-03-05 15:00:00,25,36,64,4,63,192
2024-03-05 15:10:00,27,33,55,6,53,174
2024-03-05 15:20:00,26,39,47,3,48,163
2024-03-05 15:30:00,30,40,49,7,51,177
2024-03-05 15:40:00,23,29,57,7,58,174
2024-03-05 15:50:00,25,34,55,6,58,178
2024-03-05 16:00:00,24,33,68,6,68,199
2024-03-05 16:10:00,23,37,42,8,42,152
2024-03-05 16:20:00,27,37,59,3,60,186
2024-03-05 16:30:00,34,52,43,6,51,186
2024-03-05 16:40:00,34,35,58,7,60,194
2024-03-05 16:50:00,34,37,41,3,42,157
2024-03-05 17:00:00,29,37,50,6,54,176
2024-03-05 17:10:00,44,50,54,3,51,202
2024-03-05 17:20:00,29,36,68,2,72,207
2024-03-05 17:30:00,36,44,59,7,64,210
2024-03-05 17:40:00,34,36,58,5,57,190
2024-03-05 17:50:00,28,34,51,4,54,171
2024-03-05 18:00:00,35,45,45,4,46,175
2024-03-05 18:10:00,28,36,41,4,45,154
2024-03-05 18:20:00,31,34,49,3,49,166
2024-03-05 18:30:00,37,40,45,3,48,173
2024-03-05 18:40:00,28,34,51,11,53,177
2024-03-05 18:50:00,25,32,55,3,55,170
2024-03-05 19:00:00,28,33,42,6,41,150
2024-03-05 19:10:00,25,35,47,4,49,160
2024-03-05 19:20:00,22,21,24,3,25,95
2024-03-05 19:30:00,16,17,28,3,35,99
2024-03-05 19:40:00,19,25,29,5,31,109
2024-03-05 19:50:00,13,17,28,0,28,86
2024-03-05 20:00:00,20,25,23,3,26,97
2024-03-05 20:10:00,21,25,27,3,30,106
2024-03-05 20:20:00,26,28,31,4,33,122
2024-03-05 20:30:00,14,16,15,2,20,67
2024-03-05 20:40:00,12,15,23,3,27,80
2024-03-05 20:50:00,15,15,27,2,27,86
2024-03-05 21:00:00,11,14,16,2,15,58
2024-03-05 21:10:00,11,12,28,5,29,85
2024-03-05 21:20:00,15,15,14,0,15,59
2024-03-05 21:30:00,18,22,19,5,19,83
2024-03-05 21:40:00,8,8,18,1,21,56
2024-03-05 21:50:00,11,12,15,1,18,57
2024-03-05 22:00:00,26,24,15,2,16,83
2024-03-05 22:10:00,11,17,12,2,13,55
2024-03-05 22:20:00,10,11,17,0,18,56
2024-03-05 22:30:00,7,9,21,6,25,68
2024-03-05 22:40:00,14,16,4,0,4,38
2024-03-05 22:50:00,10,10,9,3,11,43
2024-03-05 23:00:00,10,11,13,0,13,47
2024-03-05 23:10:00,7,8,8,2,9,34
2024-03-05 23:20:00,8,7,4,0,4,23
2024-03-05 23:30:00,2,5,9,4,12,32
2024-03-05 23:40:00,4,4,3,0,3,14
2024-03-05 23:50:00,5,5,6,0,8,24
2024-03-06 00:00:00,5,6,9,5,9,34
2024-03-06 00:10:00,4,5,4,0,4,17
2024-03-06 00:20:00,2,2,7,3,8,22
2024-03-06 00:30:00,6,7,4,2,6,25
2024-03-06 00:40:00,2,3,2,0,2,9
2024-03-06 00:50:00,3,3,4,0,4,14
2024-03-06 01:00:00,2,2,4,0,4,12
2024-03-06 01:10:00,3,3,3,0,4,13
2024-03-06 01:20:00,1,1,3,0,3,8
2024-03-06 01:30:00,6,6,2,0,2,16
2024-03-06 01:40:00,4,4,4,0,4,16
2024-03-06 01:50:00,2,1,3,0,4,10
2024-03-06 02:00:00,2,1,3,0,4,10
2024-03-06 02:10:00,0,0,5,0,4,9
2024-03-06 02:20:00,3,3,2,0,2,10
2024-03-06 02:30:00,0,0,2,0,2,4
2024-03-06 02:40:00,1,1,4,0,4,10
2024-03-06 02:50:00,2,2,2,0,2,8
2024-03-06 03:00:00,0,0,0,0,1,1
2024-03-06 03:10:00,2,2,1,0,1,6
2024-03-06 03:20:00,4,4,0,0,0,8
2024-03-06 03:30:00,0,0,1,0,1,2
2024-03-06 03:40:00,1,1,9,1,9,21
2024-03-06 03:50:00,2,2,6,0,6,16
2024-03-06 04:00:00,1,1,7,0,7,16
2024-03-06 04:10:00,1,1,6,0,9,17
2024-03-06 04:20:00,5,5,4,1,6,21
2024-03-06 04:30:00,4,5,1,1,2,13
2024-03-06 04:40:00,8,7,0,0,0,15
2024-03-06 04:50:00,4,6,9,0,10,29
2024-03-06 05:00:00,5,4,12,0,11,32
2024-03-06 05:10:00,3,3,22,2,23,53
2024-03-06 05:20:00,4,6,13,0,14,37
2024-03-06 05:30:00,7,5,24,3,25,64
2024-03-06 05:40:00,7,8,32,5,36,88
2024-03-06 05:50:00,10,10,40,1,39,100
2024-03-06 06:00:00,15,17,42,3,45,122
2024-03-06 06:10:00,15,16,39,3,39,112
2024-03-06 06:20:00,18,19,60,8,60,165
2024-03-06 06:30:00,13,17,45,6,50,131
2024-03-06 06:40:00,16,24,75,5,74,194
2024-03-06 06:50:00,24,29,61,6,60,180
2024-03-06 07:00:00,28,35,58,6,59,186
2024-03-06 07:10:00,29,29,64,11,65,198
2024-03-06 07:20:00,28,37,63,3,64,195
2024-03-06 07:30:00,36,41,80,11,80,248
2024-03-06 07:40:00,43,47,63,7,62,222
2024-03-06 07:50:00,36,34,65,6,66,207
2024-03-06 08:00:00,46,44,65,6,66,227
2024-03-06 08:10:00,27,40,74,8,72,221
2024-03-06 08:20:00,32,36,50,7,56,181
2024-03-06 08:30:00,33,42,76,4,76,231
2024-03-06 08:40:00,21,31,74,4,72,202
2024-03-06 08:50:00,25,37,62,1,63,188
2024-03-06 09:00:00,26,32,53,5,57,173
2024-03-06 09:10:00,22,28,60,9,61,180
2024-03-06 09:20:00,24,26,52,4,52,158
2024-03-06 09:30:00,24,29,50,3,50,156
2024-03-06 09:40:00,22,27,43,4,45,141
2024-03-06 09:50:00,21,28,58,6,57,170
2024-03-06 10:00:00,21,30,46,4,45,146
2024-03-06 10:10:00,20,23,44,8,47,142
2024-03-06 10:20:00,17,21,53,3,54,148
2024-03-06 10:30:00,22,29,52,6,50,159
2024-03-06 10:40:00,17,24,57,4,59,161
2024-03-06 10:50:00,18,20,47,6,52,143
2024-03-06 11:00:00,12,16,43,5,41,117
2024-03-06 11:10:00,18,20,43,5,45,131
2024-03-06 11:20:00,24,27,40,4,43,138
2024-03-06 11:30:00,19,27,41,5,46,138
2024-03-06 11:40:00,18,24,51,10,51,154
2024-03-06 11:50:00,21,26,44,7,45,143
2024-03-06 12:00:00,26,31,35,4,35,131
2024-03-06 12:10:00,26,30,58,9,57,180
2024-03-06 12:20:00,26,31,58,3,60,178
2024-03-06 12:30:00,28,30,50,5,51,164
2024-03-06 12:40:00,23,33,45,4,48,153
2024-03-06 12:50:00,16,20,53,4,53,146
2024-03-06 13:00:00,26,35,47,8,45,161
2024-03-06 13:10:00,23,30,48,10,49,160
2024-03-06 13:20:00,18,14,44,4,43,123
2024-03-06 13:30:00,17,27,36,8,39,127
2024-03-06 13:40:00,14,26,49,8,49,146
2024-03-06 13:50:00,21,22,41,2,44,130
2024-03-06 14:00:00,29,29,48,4,48,158
2024-03-06 14:10:00,24,31,51,9,50,165
2024-03-06 14:20:00,18,23,48,2,55,146
2024-03-06 14:30:00,31,35,55,6,49,176
2024-03-06 14:40:00,22,27,46,6,47,148
2024-03-06 14:50:00,22,38,36,1,39,136
2024-03-06 15:00:00,18,23,53,5,54,153
2024-03-06 15:10:00,37,45,47,6,45,180
2024-03-06 15:20:00,28,39,42,4,46,159
2024-03-06 15:30:00,33,36,39,3,42,153
2024-03-06 15:40:00,27,38,66,5,64,200
2024-03-06 15:50:00,25,36,57,5,61,184
2024-03-06 16:00:00,33,37,59,8,60,197
2024-03-06 16:10:00,24,37,54,5,56,176
2024-03-06 16:20:00,36,41,58,3,60,198
2024-03-06 16:30:00,28,46,53,5,53,185
2024-03-06 16:40:00,39,46,42,6,44,177
2024-03-06 16:50:00,32,36,55,3,57,183
2024-03-06 17:00:00,32,36,44,5,43,160
2024-03-06 17:10:00,47,53,51,5,52,208
2024-03-06 17:20:00,36,39,64,3,67,209
2024-03-06 17:30:00,47,44,50,6,52,199
2024-03-06 17:40:00,35,40,42,8,48,173
2024-03-06 17:50:00,35,38,53,6,54,186
2024-03-06 18:00:00,44,48,63,7,66,228
2024-03-06 18:10:00,28,27,37,14,39,145
2024-03-06 18:20:00,33,40,50,3,50,176
2024-03-06 18:30:00,16,22,39,1,43,121
2024-03-06 18:40:00,29,33,42,4,44,152
2024-03-06 18:50:00,31,35,49,0,56,171
2024-03-06 19:00:00,27,30,30,2,28,117
2024-03-06 19:10:00,23,28,44,6,44,145
2024-03-06 19:20:00,26,31,29,2,31,119
2024-03-06 19:30:00,19,29,35,4,38,125
2024-03-06 19:40:00,22,24,33,7,35,121
2024-03-06 19:50:00,14,20,20,1,24,79
2024-03-06 20:00:00,12,21,26,4,28,91
2024-03-06 20:10:00,26,32,29,3,29,119
2024-03-06 20:20:00,24,23,22,6,23,98
2024-03-06 20:30:00,12,16,21,7,21,77
2024-03-06 20:40:00,14,16,23,3,24,80
2024-03-06 20:50:00,17,23,28,1,27,96
2024-03-06 21:00:00,18,22,23,2,24,89
2024-03-06 21:10:00,14,16,24,2,23,79
2024-03-06 21:20:00,14,18,25,3,26,86
2024-03-06 21:30:00,17,19,25,4,26,91
2024-03-06 21:40:00,16,15,10,1,13,55
2024-03-06 21:50:00,15,16,17,2,15,65
2024-03-06 22:00:00,15,17,15,3,15,65
2024-03-06 22:10:00,9,11,11,1,11,43
2024-03-06 22:20:00,14,16,20,0,19,69
2024-03-06 22:30:00,12,12,19,4,19,66
2024-03-06 22:40:00,12,14,16,0,17,59
2024-03-06 22:50:00,10,11,16,2,16,55
2024-03-06 23:00:00,9,12,10,0,11,42
2024-03-06 23:10:00,6,9,15,2,16,48
2024-03-06 23:20:00,4,5,5,0,6,20
2024-03-06 23:30:00,5,5,6,4,6,26
2024-03-06 23:40:00,5,5,8,0,9,27
2024-03-06 23:50:00,3,4,4,0,5,16
2024-03-07 00:00:00,5,5,6,1,6,23
2024-03-07 00:10:00,1,1,1,0,1,4
2024-03-07 00:20:00,4,4,6,1,7,22
2024-03-07 00:30:00,2,2,6,2,6,18
2024-03-07 00:40:00,1,1,4,0,4,10
2024-03-07 00:50:00,6,6,8,0,8,28
2024-03-07 01:00:00,2,2,5,0,4,13
2024-03-07 01:10:00,3,3,2,0,3,11
2024-03-07 01:20:00,6,6,4,0,4,20
2024-03-07 01:30:00,4,4,1,0,1,10
2024-03-07 01:40:00,4,4,5,0,5,18
2024-03-07 01:50:00,0,1,1,0,1,3
2024-03-07 02:00:00,1,1,3,0,3,8
2024-03-07 02:10:00,4,4,1,0,1,10
2024-03-07 02:20:00,2,2,4,0,4,12
2024-03-07 02:30:00,2,2,7,0,8,19
2024-03-07 02:40:00,1,3,1,0,1,6
2024-03-07 02:50:00,4,5,1,0,1,11
2024-03-07 03:00:00,0,0,0,0,1,1
2024-03-07 03:10:00,2,2,1,0,1,6
2024-03-07 03:20:00,6,6,6,0,8,26
2024-03-07 03:30:00,1,1,3,0,3,8
2024-03-07 03:40:00,0,0,3,0,3,6
2024-03-07 03:50:00,3,4,5,0,6,18
2024-03-07 04:00:00,2,2,9,0,9,22
2024-03-07 04:10:00,1,1,0,0,0,2
2024-03-07 04:20:00,5,5,3,3,3,19
2024-03-07 04:30:00,0,0,0,0,0,0
2024-03-07 04:40:00,4,5,1,0,1,11
2024-03-07 04:50:00,6,6,5,0,5,22
2024-03-07 05:00:00,1,1,5,0,5,12
2024-03-07 05:10:00,0,0,0,0,0,0
2024-03-07 05:20:00,0,0,0,0,0,0
2024-03-07 05:30:00,0,0,0,0,0,0
2024-03-07 05:40:00,0,0,0,0,0,0
2024-03-07 05:50:00,0,0,0,0,0,0
2024-03-07 06:00:00,0,0,0,0,0,0
2024-03-07 06:10:00,0,0,0,0,0,0
2024-03-07 06:20:00,0,0,0,0,0,0
2024-03-07 06:30:00,0,0,0,0,0,0
2024-03-07 06:40:00,0,0,0,0,0,0
2024-03-07 06:50:00,0,0,0,0,0,0
2024-03-07 07:00:00,0,0,0,0,0,0
2024-03-07 07:10:00,0,0,0,0,0,0
2024-03-07 07:20:00,0,0,0,0,0,0
2024-03-07 07:30:00,0,0,0,0,0,0
2024-03-07 07:40:00,0,0,0,0,0,0
2024-03-07 07:50:00,0,0,0,0,0,0
2024-03-07 08:00:00,0,0,0,0,0,0
2024-03-07 08:10:00,0,0,0,0,0,0
2024-03-07 08:20:00,0,0,0,0,0,0
2024-03-07 08:30:00,0,0,0,0,0,0
2024-03-07 08:40:00,0,0,0,0,0,0
2024-03-07 08:50:00,0,0,0,0,0,0
2024-03-07 09:00:00,0,0,0,0,0,0
2024-03-07 09:10:00,0,0,0,0,0,0
2024-03-07 09:20:00,0,0,0,0,0,0
2024-03-07 09:30:00,0,0,0,0,0,0
2024-03-07 09:40:00,0,0,0,0,0,0
2024-03-07 09:50:00,0,0,0,0,0,0
2024-03-07 10:00:00,0,0,0,0,0,0
2024-03-07 10:10:00,2,1,0,0,2,5
2024-03-07 10:20:00,20,23,47,2,47,139
2024-03-07 10:30:00,14,18,46,7,48,133
2024-03-07 10:40:00,26,25,55,6,53,165
2024-03-07 10:50:00,18,22,44,5,44,133
2024-03-07 11:00:00,22,26,34,6,36,124
2024-03-07 11:10:00,15,16,46,6,45,128
2024-03-07 11:20:00,18,23,38,5,41,125
2024-03-07 11:30:00,26,26,40,7,38,137
2024-03-07 11:40:00,19,24,48,5,50,146
2024-03-07 11:50:00,27,30,56,4,56,173
2024-03-07 12:00:00,23,29,40,7,41,140
2024-03-07 12:10:00,18,19,53,7,54,151
2024-03-07 12:20:00,28,30,46,2,44,150
2024-03-07 12:30:00,32,36,53,4,53,178
2024-03-07 12:40:00,24,25,45,7,45,146
2024-03-07 12:50:00,17,19,43,3,46,128
2024-03-07 13:00:00,23,24,41,2,43,133
2024-03-07 13:10:00,20,26,46,1,49,142
2024-03-07 13:20:00,23,26,52,4,51,156
2024-03-07 13:30:00,20,25,53,5,53,156
2024-03-07 13:40:00,31,34,53,5,55,178
2024-03-07 13:50:00,25,28,52,3,52,160
2024-03-07 14:00:00,25,27,37,5,38,132
2024-03-07 14:10:00,22,29,53,9,53,166
2024-03-07 14:20:00,19,23,56,2,56,156
2024-03-07 14:30:00,23,25,61,8,58,175
2024-03-07 14:40:00,20,31,55,6,58,170
2024-03-07 14:50:00,20,28,45,3,44,140
2024-03-07 15:00:00,26,32,59,4,58,179
2024-03-07 15:10:00,27,31,52,8,53,171
2024-03-07 15:20:00,26,29,50,7,47,159
2024-03-07 15:30:00,29,36,66,6,71,208
2024-03-07 15:40:00,23,25,70,8,69,195
2024-03-07 15:50:00,27,31,60,8,65,191
2024-03-07 16:00:00,27,33,56,10,57,183
2024-03-07 16:10:00,33,33,41,5,42,154
2024-03-07 16:20:00,24,37,56,2,60,179
2024-03-07 16:30:00,24,31,63,3,61,182
2024-03-07 16:40:00,33,43,68,6,69,219
2024-03-07 16:50:00,32,41,55,5,54,187
2024-03-07 17:00:00,27,36,49,6,51,169
2024-03-07 17:10:00,41,48,61,11,60,221
2024-03-07 17:20:00,40,38,55,3,56,192
2024-03-07 17:30:00,41,41,49,5,49,185
2024-03-07 17:40:00,31,34,54,9,60,188
2024-03-07 17:50:00,30,33,54,6,56,179
2024-03-07 18:00:00,36,38,52,3,53,182
2024-03-07 18:10:00,31,34,48,8,51,172
2024-03-07 18:20:00,37,40,46,2,45,170
2024-03-07 18:30:00,20,23,41,3,43,130
2024-03-07 18:40:00,25,23,39,6,38,131
2024-03-07 18:50:00,29,29,41,3,40,142
2024-03-07 19:00:00,33,33,33,4,33,136
2024-03-07 19:10:00,26,30,37,6,38,137
2024-03-07 19:20:00,25,34,23,2,27,111
2024-03-07 19:30:00,23,31,31,3,31,119
2024-03-07 19:40:00,15,19,26,4,25,89
2024-03-07 19:50:00,19,26,34,6,37,122
2024-03-07 20:00:00,20,22,35,4,37,118
2024-03-07 20:10:00,22,27,28,3,29,109
2024-03-07 20:20:00,17,16,45,2,46,126
2024-03-07 20:30:00,19,19,22,3,22,85
2024-03-07 20:40:00,9,19,18,2,19,67
2024-03-07 20:50:00,22,24,27,1,27,101
2024-03-07 21:00:00,13,17,17,1,17,65
2024-03-07 21:10:00,12,16,14,4,15,61
2024-03-07 21:20:00,9,10,28,4,29,80
2024-03-07 21:30:00,10,13,19,4,20,66
2024-03-07 21:40:00,8,10,19,0,20,57
2024-03-07 21:50:00,8,9,19,2,18,56
2024-03-07 22:00:00,14,17,14,4,14,63
2024-03-07 22:10:00,15,20,9,0,9,53
2024-03-07 22:20:00,9,11,11,3,14,48
2024-03-07 22:30:00,11,12,18,7,21,69
2024-03-07 22:40:00,9,11,20,0,19,59
2024-03-07 22:50:00,9,14,14,3,14,54
2024-03-07 23:00:00,6,11,12,3,13,45
2024-03-07 23:10:00,6,9,9,0,9,33
2024-03-07 23:20:00,4,6,9,2,9,30
2024-03-07 23:30:00,3,4,7,4,8,26
2024-03-07 23:40:00,6,8,6,0,6,26
2024-03-07 23:50:00,2,4,3,1,4,14
2024-03-08 00:00:00,0,1,4,3,4,12
2024-03-08 00:10:00,3,6,2,0,2,13
2024-03-08 00:20:00,4,4,11,0,10,29
2024-03-08 00:30:00,6,6,8,2,9,31
2024-03-08 00:40:00,5,6,9,0,10,30
2024-03-08 00:50:00,5,5,5,0,4,19
2024-03-08 01:00:00,4,5,4,0,4,17
2024-03-08 01:10:00,3,6,5,0,6,20
2024-03-08 01:20:00,2,3,6,1,7,19
2024-03-08 01:30:00,9,10,4,0,3,26
2024-03-08 01:40:00,2,2,3,0,3,10
2024-03-08 01:50:00,1,1,2,0,2,6
2024-03-08 02:00:00,3,3,4,1,4,15
2024-03-08 02:10:00,2,2,2,0,2,8
2024-03-08 02:20:00,2,2,2,0,2,8
2024-03-08 02:30:00,1,1,1,0,1,4
2024-03-08 02:40:00,0,0,3,0,4,7
2024-03-08 02:50:00,0,0,0,0,0,0
2024-03-08 03:00:00,0,0,0,0,1,1
2024-03-08 03:10:00,6,7,1,0,1,15
2024-03-08 03:20:00,1,2,4,0,3,10
2024-03-08 03:30:00,4,4,3,0,3,14
2024-03-08 03:40:00,2,2,6,0,6,16
2024-03-08 03:50:00,2,1,2,0,3,8
2024-03-08 04:00:00,4,4,6,0,7,21
2024-03-08 04:10:00,0,0,5,0,5,10
2024-03-08 04:20:00,1,2,5,2,6,16
2024-03-08 04:30:00,1,2,4,1,4,12
2024-03-08 04:40:00,4,7,3,0,3,17
2024-03-08 04:50:00,3,3,8,0,7,21
2024-03-08 05:00:00,5,4,5,0,5,19
2024-03-08 05:10:00,3,3,12,5,14,37
2024-03-08 05:20:00,5,6,14,1,12,38
2024-03-08 05:30:00,4,5,25,3,26,63
2024-03-08 05:40:00,9,9,37,4,36,95
2024-03-08 05:50:00,6,9,39,0,39,93
2024-03-08 06:00:00,11,14,34,4,34,97
2024-03-08 06:10:00,9,11,42,4,43,109
2024-03-08 06:20:00,19,21,42,4,41,127
2024-03-08 06:30:00,13,13,56,5,57,144
2024-03-08 06:40:00,20,22,56,7,55,160
2024-03-08 06:50:00,19,20,46,2,48,135
2024-03-08 07:00:00,20,24,67,4,71,186
2024-03-08 07:10:00,22,26,57,10,58,173
2024-03-08 07:20:00,26,31,71,3,68,199
2024-03-08 07:30:00,31,34,59,5,62,191
2024-03-08 07:40:00,31,35,71,8,71,216
2024-03-08 07:50:00,30,32,73,2,73,210
2024-03-08 08:00:00,29,33,55,4,55,176
2024-03-08 08:10:00,24,28,42,7,46,147
2024-03-08 08:20:00,24,25,64,0,64,177
2024-03-08 08:30:00,21,24,64,6,61,176
2024-03-08 08:40:00,24,32,60,5,61,182
2024-03-08 08:50:00,25,30,68,6,68,197
2024-03-08 09:00:00,30,29,75,2,73,209
2024-03-08 09:10:00,17,23,39,8,38,125
2024-03-08 09:20:00,20,23,46,4,48,141
2024-03-08 09:30:00,17,19,54,3,55,148
2024-03-08 09:40:00,21,22,31,6,34,114
2024-03-08 09:50:00,20,23,52,4,49,148
2024-03-08 10:00:00,19,20,38,7,41,125
2024-03-08 10:10:00,12,17,55,11,52,147
2024-03-08 10:20:00,12,15,48,4,48,127
2024-03-08 10:30:00,17,17,38,4,38,114
2024-03-08 10:40:00,26,26,46,4,48,150
2024-03-08 10:50:00,19,23,51,5,49,147
2024-03-08 11:00:00,17,19,48,6,50,140
2024-03-08 11:10:00,23,27,45,7,46,148
2024-03-08 11:20:00,18,21,48,9,47,143
2024-03-08 11:30:00,19,21,30,9,30,109
2024-03-08 11:40:00,16,21,61,8,61,167
2024-03-08 11:50:00,21,28,48,4,50,151
2024-03-08 12:00:00,33,37,48,4,47,169
2024-03-08 12:10:00,31,34,45,2,48,160
2024-03-08 12:20:00,24,26,43,10,42,145
2024-03-08 12:30:00,23,36,66,2,66,193
2024-03-08 12:40:00,28,32,56,8,57,181
2024-03-08 12:50:00,23,27,53,2,50,155
2024-03-08 13:00:00,22,26,64,2,66,180
2024-03-08 13:10:00,25,30,55,7,56,173
2024-03-08 13:20:00,31,36,53,5,55,180
2024-03-08 13:30:00,27,34,46,4,45,156
2024-03-08 13:40:00,30,39,45,7,46,167
2024-03-08 13:50:00,26,32,46,1,47,152
2024-03-08 14:00:00,39,44,57,3,55,198
2024-03-08 14:10:00,29,33,42,3,43,150
2024-03-08 14:20:00,22,29,62,5,65,183
2024-03-08 14:30:00,25,35,59,8,55,182
2024-03-08 14:40:00,30,35,50,8,53,176
2024-03-08 14:50:00,33,34,51,0,50,168
2024-03-08 15:00:00,27,30,51,3,54,165
2024-03-08 15:10:00,28,35,48,5,48,164
2024-03-08 15:20:00,29,36,58,3,62,188
2024-03-08 15:30:00,33,40,54,2,51,180
2024-03-08 15:40:00,23,30,59,8,62,182
2024-03-08 15:50:00,24,33,49,2,46,154
2024-03-08 16:00:00,38,45,48,3,50,184
2024-03-08 16:10:00,34,35,62,10,63,204
2024-03-08 16:20:00,28,36,56,5,59,184
2024-03-08 16:30:00,26,29,44,4,45,148
2024-03-08 16:40:00,33,37,60,6,61,197
2024-03-08 16:50:00,27,32,59,2,58,178
2024-03-08 17:00:00,32,33,42,3,41,151
2024-03-08 17:10:00,42,39,60,7,65,213
2024-03-08 17:20:00,30,30,59,4,62,185
2024-03-08 17:30:00,22,23,57,5,57,164
2024-03-08 17:40:00,30,35,42,5,47,159
2024-03-08 17:50:00,21,23,51,7,49,151
2024-03-08 18:00:00,30,34,49,4,50,167
2024-03-08 18:10:00,30,38,39,6,42,155
2024-03-08 18:20:00,31,34,38,1,38,142
2024-03-08 18:30:00,19,27,41,5,42,134
2024-03-08 18:40:00,14,21,66,9,64,174
2024-03-08 18:50:00,29,28,44,3,54,158
2024-03-08 19:00:00,25,25,36,5,39,130
2024-03-08 19:10:00,19,25,36,5,35,120
2024-03-08 19:20:00,20,24,46,0,46,136
2024-03-08 19:30:00,21,27,35,5,36,124
2024-03-08 19:40:00,17,26,40,2,42,127
2024-03-08 19:50:00,15,22,29,1,30,97
2024-03-08 20:00:00,17,26,30,3,30,106
2024-03-08 20:10:00,10,17,29,2,29,87
2024-03-08 20:20:00,14,17,26,3,28,88
2024-03-08 20:30:00,18,24,29,2,27,100
2024-03-08 20:40:00,14,19,33,1,31,98
2024-03-08 20:50:00,13,17,22,3,21,76
2024-03-08 21:00:00,9,11,26,2,26,74
2024-03-08 21:10:00,8,13,16,1,20,58
2024-03-08 21:20:00,14,15,23,3,24,79
2024-03-08 21:30:00,19,24,17,1,17,78
2024-03-08 21:40:00,9,11,29,3,30,82
2024-03-08 21:50:00,12,19,26,3,28,88
2024-03-08 22:00:00,11,15,23,0,24,73
2024-03-08 22:10:00,13,17,18,5,19,72
2024-03-08 22:20:00,8,12,23,4,23,70
2024-03-08 22:30:00,11,12,23,3,23,72
2024-03-08 22:40:00,14,17,22,2,22,77
2024-03-08 22:50:00,9,10,13,0,12,44
2024-03-08 23:00:00,16,18,14,2,14,64
2024-03-08 23:10:00,9,6,15,2,16,48
2024-03-08 23:20:00,10,13,19,0,23,65
2024-03-08 23:30:00,5,6,20,3,21,55
2024-03-08 23:40:00,8,10,15,0,16,49
2024-03-08 23:50:00,9,11,16,1,15,52
2024-03-09 00:00:00,11,14,7,2,7,41
2024-03-09 00:10:00,7,7,5,2,5,26
2024-03-09 00:20:00,11,12,8,1,7,39
2024-03-09 00:30:00,6,9,6,2,5,28
2024-03-09 00:40:00,7,8,7,0,8,30
2024-03-09 00:50:00,7,10,8,0,7,32
2024-03-09 01:00:00,5,7,11,1,11,35
2024-03-09 01:10:00,9,9,11,0,11,40
2024-03-09 01:20:00,11,11,11,0,11,44
2024-03-09 01:30:00,6,8,9,3,9,35
2024-03-09 01:40:00,10,10,6,0,7,33
2024-03-09 01:50:00,0,1,6,0,6,13
2024-03-09 02:00:00,1,2,5,0,5,13
2024-03-09 02:10:00,3,4,3,0,4,14
2024-03-09 02:20:00,3,3,5,2,7,20
2024-03-09 02:30:00,0,1,13,3,13,30
2024-03-09 02:40:00,1,1,1,0,1,4
2024-03-09 02:50:00,3,4,5,0,5,17
2024-03-09 03:00:00,1,1,7,0,8,17
2024-03-09 03:10:00,2,3,1,0,2,8
2024-03-09 03:20:00,2,2,3,0,4,11
2024-03-09 03:30:00,1,2,4,1,5,13
2024-03-09 03:40:00,4,4,5,0,5,18
2024-03-09 03:50:00,3,3,1,0,1,8
2024-03-09 04:00:00,4,3,6,1,6,20
2024-03-09 04:10:00,1,1,3,0,4,9
2024-03-09 04:20:00,5,5,3,0,3,16
2024-03-09 04:30:00,0,0,4,1,4,9
2024-03-09 04:40:00,3,3,2,0,2,10
2024-03-09 04:50:00,4,4,5,0,5,18
2024-03-09 05:00:00,5,5,6,0,6,22
2024-03-09 05:10:00,6,7,8,3,8,32
2024-03-09 05:20:00,4,6,7,2,8,27
2024-03-09 05:30:00,3,4,12,0,12,31
2024-03-09 05:40:00,4,5,16,5,16,46
2024-03-09 05:50:00,3,3,4,3,5,18
2024-03-09 06:00:00,3,4,8,1,7,23
2024-03-09 06:10:00,3,6,10,3,10,32
2024-03-09 06:20:00,4,4,11,3,11,33
2024-03-09 06:30:00,5,5,11,2,11,34
2024-03-09 06:40:00,11,11,12,4,13,51
2024-03-09 06:50:00,9,12,6,2,6,35
2024-03-09 07:00:00,4,3,9,1,9,26
2024-03-09 07:10:00,6,6,11,4,12,39
2024-03-09 07:20:00,2,2,15,4,15,38
2024-03-09 07:30:00,6,6,18,0,18,48
2024-03-09 07:40:00,3,3,19,4,19,48
2024-03-09 07:50:00,11,12,19,4,19,65
2024-03-09 08:00:00,13,15,19,0,19,66
2024-03-09 08:10:00,11,13,16,3,19,62
2024-03-09 08:20:00,13,17,24,2,26,82
2024-03-09 08:30:00,10,14,16,0,16,56
2024-03-09 08:40:00,9,9,31,5,32,86
2024-03-09 08:50:00,15,19,24,5,26,89
2024-03-09 09:00:00,11,15,21,0,22,69
2024-03-09 09:10:00,16,17,23,5,22,83
2024-03-09 09:20:00,12,13,31,2,30,88
2024-03-09 09:30:00,26,27,35,0,35,123
2024-03-09 09:40:00,14,16,40,5,41,116
2024-03-09 09:50:00,16,22,45,5,49,137
2024-03-09 10:00:00,24,24,46,2,43,139
2024-03-09 10:10:00,13,17,38,5,42,115
2024-03-09 10:20:00,17,19,34,3,34,107
2024-03-09 10:30:00,15,17,41,1,39,113
2024-03-09 10:40:00,17,16,31,6,32,102
2024-03-09 10:50:00,22,23,43,4,44,136
2024-03-09 11:00:00,24,25,33,1,32,115
2024-03-09 11:10:00,24,27,44,6,41,142
2024-03-09 11:20:00,17,27,36,4,36,120
2024-03-09 11:30:00,13,21,45,2,48,129
2024-03-09 11:40:00,17,20,44,3,40,124
2024-03-09 11:50:00,18,21,40,5,41,125
2024-03-09 12:00:00,16,19,30,1,30,96
2024-03-09 12:10:00,23,30,41,6,40,140
2024-03-09 12:20:00,17,20,34,3,33,107
2024-03-09 12:30:00,19,23,44,3,46,135
2024-03-09 12:40:00,23,26,39,3,37,128
2024-03-09 12:50:00,17,22,51,6,52,148
2024-03-09 13:00:00,23,32,33,0,36,124
2024-03-09 13:10:00,19,25,47,6,48,145
2024-03-09 13:20:00,20,25,33,2,33,113
2024-03-09 13:30:00,17,23,35,7,34,116
2024-03-09 13:40:00,19,25,43,11,43,141
2024-03-09 13:50:00,15,19,36,4,36,110
2024-03-09 14:00:00,17,23,32,1,37,110
2024-03-09 14:10:00,27,31,46,10,44,158
2024-03-09 14:20:00,13,18,30,7,33,101
2024-03-09 14:30:00,20,24,41,3,41,129
2024-03-09 14:40:00,19,23,42,7,43,134
2024-03-09 14:50:00,17,19,38,1,39,114
2024-03-09 15:00:00,12,14,33,6,39,104
2024-03-09 15:10:00,19,24,41,5,41,130
2024-03-09 15:20:00,21,24,44,3,44,136
2024-03-09 15:30:00,20,27,37,1,39,124
2024-03-09 15:40:00,22,24,34,8,35,123
2024-03-09 15:50:00,19,26,33,4,32,114
2024-03-09 16:00:00,12,13,32,3,33,93
2024-03-09 16:10:00,19,27,29,6,28,109
2024-03-09 16:20:00,19,21,30,6,36,112
2024-03-09 16:30:00,19,24,41,0,40,124
2024-03-09 16:40:00,16,19,34,7,34,110
2024-03-09 16:50:00,17,18,49,1,50,135
2024-03-09 17:00:00,24,26,36,6,36,128
2024-03-09 17:10:00,21,27,34,5,36,123
2024-03-09 17:20:00,16,17,42,9,42,126
2024-03-09 17:30:00,29,28,31,2,36,126
2024-03-09 17:40:00,15,20,42,7,40,124
2024-03-09 17:50:00,12,17,41,1,48,119
2024-03-09 18:00:00,14,15,32,5,32,98
2024-03-09 18:10:00,9,12,34,6,35,96
2024-03-09 18:20:00,14,19,39,2,38,112
2024-03-09 18:30:00,18,22,44,3,44,131
2024-03-09 18:40:00,19,26,38,4,38,125
2024-03-09 18:50:00,17,21,43,1,42,124
2024-03-09 19:00:00,20,20,31,4,35,110
2024-03-09 19:10:00,18,23,59,5,59,164
2024-03-09 19:20:00,21,33,33,0,33,120
2024-03-09 19:30:00,12,16,30,3,32,93
2024-03-09 19:40:00,15,18,22,3,25,83
2024-03-09 19:50:00,14,25,33,4,33,109
2024-03-09 20:00:00,16,23,23,3,25,90
2024-03-09 20:10:00,18,24,24,2,26,94
2024-03-09 20:20:00,12,17,18,4,19,70
2024-03-09 20:30:00,12,13,37,0,38,100
2024-03-09 20:40:00,13,17,31,2,33,96
2024-03-09 20:50:00,10,13,24,1,22,70
2024-03-09 21:00:00,16,20,24,6,26,92
2024-03-09 21:10:00,15,18,22,0,27,82
2024-03-09 21:20:00,13,16,18,1,16,64
2024-03-09 21:30:00,13,18,17,7,20,75
2024-03-09 21:40:00,19,21,23,0,21,84
2024-03-09 21:50:00,8,14,29,2,30,83
2024-03-09 22:00:00,8,10,12,2,11,43
2024-03-09 22:10:00,6,7,23,0,23,59
2024-03-09 22:20:00,10,15,22,1,25,73
2024-03-09 22:30:00,15,25,20,4,21,85
2024-03-09 22:40:00,12,16,19,0,20,67
2024-03-09 22:50:00,10,13,18,2,18,61
2024-03-09 23:00:00,10,11,16,2,16,55
2024-03-09 23:10:00,8,9,14,0,15,46
2024-03-09 23:20:00,8,13,25,2,25,73
2024-03-09 23:30:00,3,4,11,4,11,33
2024-03-09 23:40:00,10,14,23,4,23,74
2024-03-09 23:50:00,9,12,16,1,16,54
2024-03-10 00:00:00,6,9,12,4,13,44
2024-03-10 00:10:00,11,12,6,0,7,36
2024-03-10 00:20:00,8,10,10,0,10,38
2024-03-10 00:30:00,2,2,8,0,10,22
2024-03-10 00:40:00,6,9,8,1,8,32
2024-03-10 00:50:00,7,8,11,0,12,38
2024-03-10 01:00:00,9,11,7,0,7,34
2024-03-10 01:10:00,8,9,10,0,9,36
2024-03-10 01:20:00,2,2,3,0,5,12
2024-03-10 01:30:00,4,4,7,0,8,23
2024-03-10 01:40:00,5,6,4,0,4,19
2024-03-10 01:50:00,3,4,5,1,5,18
2024-03-10 02:00:00,2,2,4,0,4,12
2024-03-10 02:10:00,4,4,4,0,5,17
2024-03-10 02:20:00,2,5,10,1,9,27
2024-03-10 02:30:00,4,3,3,0,3,13
2024-03-10 02:40:00,2,3,4,0,4,13
2024-03-10 02:50:00,3,3,5,0,5,16
2024-03-10 03:00:00,0,0,1,0,1,2
2024-03-10 03:10:00,6,8,6,0,6,26
2024-03-10 03:20:00,2,5,5,0,5,17
2024-03-10 03:30:00,1,1,4,0,5,11
2024-03-10 03:40:00,3,4,2,0,2,11
2024-03-10 03:50:00,2,4,1,0,1,8
2024-03-10 04:00:00,1,1,5,0,5,12
2024-03-10 04:10:00,1,2,1,0,2,6
2024-03-10 04:20:00,2,3,0,0,0,5
2024-03-10 04:30:00,1,1,4,0,4,10
2024-03-10 04:40:00,2,2,2,0,2,8
2024-03-10 04:50:00,3,3,3,0,3,12
2024-03-10 05:00:00,2,2,5,0,6,15
2024-03-10 05:10:00,1,2,12,1,12,28
2024-03-10 05:20:00,6,7,7,1,7,28
2024-03-10 05:30:00,2,4,8,0,8,22
2024-03-10 05:40:00,8,8,6,2,8,32
2024-03-10 05:50:00,1,1,5,0,5,12
2024-03-10 06:00:00,5,8,8,0,8,29
2024-03-10 06:10:00,3,6,5,2,5,21
2024-03-10 06:20:00,7,7,8,0,12,34
2024-03-10 06:30:00,3,3,12,0,11,29
2024-03-10 06:40:00,3,3,6,2,6,20
2024-03-10 06:50:00,6,6,4,1,6,23
2024-03-10 07:00:00,3,3,4,2,4,16
2024-03-10 07:10:00,5,6,5,5,5,26
2024-03-10 07:20:00,4,6,5,0,8,23
2024-03-10 07:30:00,6,4,11,3,11,35
2024-03-10 07:40:00,4,5,4,3,4,20
2024-03-10 07:50:00,5,7,4,0,6,22
2024-03-10 08:00:00,9,11,9,2,9,40
2024-03-10 08:10:00,7,8,7,2,7,31
2024-03-10 08:20:00,6,7,10,0,10,33
2024-03-10 08:30:00,6,10,11,3,11,41
2024-03-10 08:40:00,11,13,8,0,8,40
2024-03-10 08:50:00,7,9,12,1,13,42
2024-03-10 09:00:00,6,7,15,3,15,46
2024-03-10 09:10:00,4,5,16,3,15,43
2024-03-10 09:20:00,4,6,16,0,18,44
2024-03-10 09:30:00,16,19,19,6,18,78
2024-03-10 09:40:00,12,12,26,3,27,80
2024-03-10 09:50:00,11,15,24,3,25,78
2024-03-10 10:00:00,10,13,18,2,19,62
2024-03-10 10:10:00,15,20,23,4,24,86
2024-03-10 10:20:00,15,16,21,0,24,76
2024-03-10 10:30:00,23,25,17,6,17,88
2024-03-10 10:40:00,14,16,17,1,18,66
2024-03-10 10:50:00,20,29,28,0,26,103
2024-03-10 11:00:00,18,23,27,4,27,99
2024-03-10 11:10:00,23,26,30,4,33,116
2024-03-10 11:20:00,17,22,34,2,32,107
2024-03-10 11:30:00,18,22,26,5,29,100
2024-03-10 11:40:00,21,23,26,1,23,94
2024-03-10 11:50:00,19,25,34,1,33,112
2024-03-10 12:00:00,20,22,40,2,40,124
2024-03-10 12:10:00,20,25,38,3,42,128
2024-03-10 12:20:00,19,25,47,0,47,138
2024-03-10 12:30:00,26,34,28,2,28,118
2024-03-10 12:40:00,22,31,33,3,33,122
2024-03-10 12:50:00,20,23,37,3,38,121
2024-03-10 13:00:00,19,28,37,2,39,125
2024-03-10 13:10:00,24,32,38,8,38,140
2024-03-10 13:20:00,21,22,33,4,33,113
2024-03-10 13:30:00,20,27,42,8,43,140
2024-03-10 13:40:00,21,26,32,6,33,118
2024-03-10 13:50:00,20,25,43,2,42,132
2024-03-10 14:00:00,20,29,40,3,37,129
2024-03-10 14:10:00,24,27,39,5,39,134
2024-03-10 14:20:00,26,30,30,6,31,123
2024-03-10 14:30:00,24,35,32,2,32,125
2024-03-10 14:40:00,13,16,44,9,46,128
2024-03-10 14:50:00,25,34,36,4,39,138
2024-03-10 15:00:00,19,25,29,0,30,103
2024-03-10 15:10:00,28,36,24,6,24,118
2024-03-10 15:20:00,27,32,35,7,37,138
2024-03-10 15:30:00,20,26,34,13,34,127
2024-03-10 15:40:00,20,20,24,4,29,97
2024-03-10 15:50:00,20,27,36,3,36,122
2024-03-10 16:00:00,21,20,25,2,25,93
2024-03-10 16:10:00,23,32,30,2,34,121
2024-03-10 16:20:00,20,30,39,4,39,132
2024-03-10 16:30:00,20,22,29,2,30,103
2024-03-10 16:40:00,21,27,32,4,35,119
2024-03-10 16:50:00,21,23,42,1,43,130
2024-03-10 17:00:00,20,26,36,4,36,122
2024-03-10 17:10:00,26,30,40,3,43,142
2024-03-10 17:20:00,17,23,43,3,42,128
2024-03-10 17:30:00,25,32,32,5,34,128
2024-03-10 17:40:00,24,29,27,1,29,110
2024-03-10 17:50:00,27,35,38,3,40,143
2024-03-10 18:00:00,28,36,35,4,36,139
2024-03-10 18:10:00,18,25,34,5,33,115
2024-03-10 18:20:00,18,25,21,4,24,92
2024-03-10 18:30:00,23,27,28,3,30,111
2024-03-10 18:40:00,16,22,28,2,29,97
2024-03-10 18:50:00,17,24,26,3,28,98
2024-03-10 19:00:00,22,24,36,0,35,117
2024-03-10 19:10:00,20,28,43,2,43,136
2024-03-10 19:20:00,17,22,33,1,34,107
2024-03-10 19:30:00,18,24,21,0,22,85
2024-03-10 19:40:00,21,23,37,7,39,127
2024-03-10 19:50:00,27,27,22,0,24,100
2024-03-10 20:00:00,15,20,25,2,23,85
2024-03-10 20:10:00,15,20,20,0,19,74
2024-03-10 20:20:00,16,19,18,2,20,75
2024-03-10 20:30:00,16,21,20,2,22,81
2024-03-10 20:40:00,14,20,16,2,15,67
2024-03-10 20:50:00,6,10,11,2,13,42
2024-03-10 21:00:00,8,11,22,3,25,69
2024-03-10 21:10:00,12,15,15,0,16,58
2024-03-10 21:20:00,14,17,19,1,19,70
2024-03-10 21:30:00,9,12,14,2,15,52
2024-03-10 21:40:00,9,11,10,0,10,40
2024-03-10 21:50:00,10,9,13,1,15,48
2024-03-10 22:00:00,8,11,12,1,12,44
2024-03-10 22:10:00,8,8,8,0,8,32
2024-03-10 22:20:00,11,12,12,1,18,54
2024-03-10 22:30:00,6,9,8,4,9,36
2024-03-10 22:40:00,10,9,6,0,6,31
2024-03-10 22:50:00,5,6,10,1,12,34
2024-03-10 23:00:00,5,5,6,3,5,24
2024-03-10 23:10:00,5,5,4,0,5,19
2024-03-10 23:20:00,0,0,6,0,7,13
2024-03-10 23:30:00,4,4,6,5,6,25
2024-03-10 23:40:00,6,8,7,0,8,29
2024-03-10 23:50:00,6,8,9,0,12,35
2024-03-11 00:00:00,3,4,4,0,4,15
2024-03-11 00:10:00,5,6,5,0,5,21
2024-03-11 00:20:00,2,3,6,1,8,20
2024-03-11 00:30:00,4,5,6,2,7,24
2024-03-11 00:40:00,0,1,2,0,2,5
2024-03-11 00:50:00,2,3,4,0,4,13
2024-03-11 01:00:00,1,1,2,0,2,6
2024-03-11 01:10:00,3,4,2,0,2,11
2024-03-11 01:20:00,2,2,2,0,2,8
2024-03-11 01:30:00,3,3,2,0,1,9
2024-03-11 01:40:00,4,4,3,0,2,13
2024-03-11 01:50:00,0,1,3,0,3,7
2024-03-11 02:00:00,1,1,2,0,2,6
2024-03-11 02:10:00,0,0,0,0,0,0
2024-03-11 02:20:00,1,1,2,0,2,6
2024-03-11 02:30:00,0,0,2,0,2,4
2024-03-11 02:40:00,0,0,3,0,2,5
2024-03-11 02:50:00,3,4,1,0,1,9
2024-03-11 03:00:00,1,1,1,0,1,4
2024-03-11 03:10:00,0,0,2,0,2,4
2024-03-11 03:20:00,0,0,2,0,2,4
2024-03-11 03:30:00,0,0,3,0,3,6
2024-03-11 03:40:00,1,2,5,0,5,13
2024-03-11 03:50:00,5,4,3,0,4,16
2024-03-11 04:00:00,2,2,4,0,4,12
2024-03-11 04:10:00,0,1,3,0,3,7
2024-03-11 04:20:00,2,2,4,0,4,12
2024-03-11 04:30:00,0,1,4,0,4,9
2024-03-11 04:40:00,6,6,6,0,7,25
2024-03-11 04:50:00,6,6,7,0,7,26
2024-03-11 05:00:00,5,5,6,0,9,25
2024-03-11 05:10:00,4,7,16,3,18,48
2024-03-11 05:20:00,4,4,20,0,20,48
2024-03-11 05:30:00,6,7,23,2,24,62
2024-03-11 05:40:00,11,12,39,3,40,105
2024-03-11 05:50:00,16,16,35,0,35,102
2024-03-11 06:00:00,14,16,37,2,40,109
2024-03-11 06:10:00,12,14,36,2,35,99
2024-03-11 06:20:00,16,14,45,1,49,125
2024-03-11 06:30:00,17,19,57,7,57,157
2024-03-11 06:40:00,20,25,59,6,62,172
2024-03-11 06:50:00,18,20,81,5,82,206
2024-03-11 07:00:00,21,21,60,5,60,167
2024-03-11 07:10:00,19,21,69,6,72,187
2024-03-11 07:20:00,29,37,75,5,77,223
2024-03-11 07:30:00,28,33,63,5,62,191
2024-03-11 07:40:00,36,38,56,5,57,192
2024-03-11 07:50:00,51,52,67,7,70,247
2024-03-11 08:00:00,28,31,38,2,39,138
2024-03-11 08:10:00,31,31,70,10,73,215
2024-03-11 08:20:00,29,38,69,9,69,214
2024-03-11 08:30:00,33,34,69,3,67,206
2024-03-11 08:40:00,27,30,55,8,57,177
2024-03-11 08:50:00,28,35,62,5,64,194
2024-03-11 09:00:00,22,25,63,7,63,180
2024-03-11 09:10:00,20,21,50,8,48,147
2024-03-11 09:20:00,19,24,56,3,56,158
2024-03-11 09:30:00,16,18,54,5,55,148
2024-03-11 09:40:00,23,21,53,5,55,157
2024-03-11 09:50:00,17,23,43,6,43,132
2024-03-11 10:00:00,0,0,0,0,0,0
2024-03-11 10:10:00,0,0,0,0,0,0
2024-03-11 10:20:00,0,0,0,0,0,0
2024-03-11 10:30:00,0,0,0,0,0,0
2024-03-11 10:40:00,0,0,0,0,0,0
2024-03-11 10:50:00,0,0,0,0,0,0
2024-03-11 11:00:00,0,0,0,0,0,0
2024-03-11 11:10:00,0,0,0,0,0,0
2024-03-11 11:20:00,0,0,0,0,0,0
2024-03-11 11:30:00,0,0,0,0,0,0
2024-03-11 11:40:00,0,0,0,0,0,0
2024-03-11 11:50:00,0,0,0,0,0,0
2024-03-11 12:00:00,0,0,0,0,0,0
2024-03-11 12:10:00,0,0,0,0,0,0
2024-03-11 12:20:00,0,0,0,0,0,0
2024-03-11 12:30:00,0,0,0,0,0,0
2024-03-11 12:40:00,0,0,0,0,1,1
2024-03-11 12:50:00,30,35,38,3,37,143
2024-03-11 13:00:00,25,28,40,5,44,142
2024-03-11 13:10:00,19,21,50,3,48,141
2024-03-11 13:20:00,14,18,47,6,46,131
2024-03-11 13:30:00,19,24,47,3,52,145
2024-03-11 13:40:00,18,20,46,2,45,131
2024-03-11 13:50:00,20,21,48,7,48,144
2024-03-11 14:00:00,19,29,35,2,34,119
2024-03-11 14:10:00,21,23,46,5,50,145
2024-03-11 14:20:00,19,30,42,3,42,136
2024-03-11 14:30:00,21,24,43,0,43,131
2024-03-11 14:40:00,21,30,54,6,55,166
2024-03-11 14:50:00,24,32,53,5,55,169
2024-03-11 15:00:00,34,42,55,6,58,195
2024-03-11 15:10:00,27,29,49,5,49,159
2024-03-11 15:20:00,24,33,54,2,58,171
2024-03-11 15:30:00,29,44,58,3,57,191
2024-03-11 15:40:00,23,34,61,5,62,185
2024-03-11 15:50:00,27,35,39,1,38,140
2024-03-11 16:00:00,21,28,62,5,63,179
2024-03-11 16:10:00,25,29,69,12,70,205
2024-03-11 16:20:00,29,33,52,3,51,168
2024-03-11 16:30:00,28,39,52,2,54,175
2024-03-11 16:40:00,30,39,44,6,47,166
2024-03-11 16:50:00,26,35,55,2,52,170
2024-03-11 17:00:00,28,38,57,7,56,186
2024-03-11 17:10:00,41,40,58,3,59,201
2024-03-11 17:20:00,40,41,47,5,51,184
2024-03-11 17:30:00,38,45,49,7,50,189
2024-03-11 17:40:00,38,44,49,7,51,189
2024-03-11 17:50:00,28,36,52,4,52,172
2024-03-11 18:00:00,31,37,36,3,37,144
2024-03-11 18:10:00,24,27,48,5,53,157
2024-03-11 18:20:00,31,36,35,3,36,141
2024-03-11 18:30:00,21,26,41,5,42,135
2024-03-11 18:40:00,15,25,32,5,34,111
2024-03-11 18:50:00,18,23,20,2,21,84
2024-03-11 19:00:00,21,29,28,2,31,111
2024-03-11 19:10:00,17,21,29,9,31,107
2024-03-11 19:20:00,19,27,25,3,32,106
2024-03-11 19:30:00,19,24,35,3,36,117
2024-03-11 19:40:00,13,18,40,2,41,114
2024-03-11 19:50:00,12,26,37,4,36,115
2024-03-11 20:00:00,20,23,19,2,18,82
2024-03-11 20:10:00,9,15,21,4,22,71
2024-03-11 20:20:00,8,16,21,2,21,68
2024-03-11 20:30:00,8,9,21,4,21,63
2024-03-11 20:40:00,6,7,18,3,18,52
2024-03-11 20:50:00,8,10,14,1,14,47
2024-03-11 21:00:00,11,15,17,3,18,64
2024-03-11 21:10:00,9,16,22,3,25,75
2024-03-11 21:20:00,7,11,18,1,20,57
2024-03-11 21:30:00,11,12,17,0,16,56
2024-03-11 21:40:00,12,17,10,3,10,52
2024-03-11 21:50:00,10,9,11,3,12,45
2024-03-11 22:00:00,12,16,13,1,13,55
2024-03-11 22:10:00,7,14,6,4,8,39
2024-03-11 22:20:00,13,12,11,1,12,49
2024-03-11 22:30:00,9,7,12,3,13,44
2024-03-11 22:40:00,9,10,10,0,9,38
2024-03-11 22:50:00,9,14,12,2,12,49
2024-03-11 23:00:00,3,4,6,0,8,21
2024-03-11 23:10:00,6,8,15,1,18,48
2024-03-11 23:20:00,4,5,9,0,12,30
2024-03-11 23:30:00,3,6,8,1,10,28
2024-03-11 23:40:00,6,8,9,3,7,33
2024-03-11 23:50:00,2,4,3,0,6,15
2024-03-12 00:00:00,4,4,7,3,7,25
2024-03-12 00:10:00,1,1,2,0,2,6
2024-03-12 00:20:00,4,2,8,2,8,24
2024-03-12 00:30:00,2,5,3,0,4,14
2024-03-12 00:40:00,2,2,2,0,3,9
2024-03-12 00:50:00,5,5,8,0,8,26
2024-03-12 01:00:00,5,7,3,0,5,20
2024-03-12 01:10:00,5,5,1,0,1,12
2024-03-12 01:20:00,3,4,3,0,3,13
2024-03-12 01:30:00,2,2,1,1,1,7
2024-03-12 01:40:00,4,4,3,0,3,14
2024-03-12 01:50:00,2,2,2,0,2,8
2024-03-12 02:00:00,2,2,2,0,2,8
2024-03-12 02:10:00,2,2,0,0,0,4
2024-03-12 02:20:00,3,3,2,0,2,10
2024-03-12 02:30:00,2,2,3,0,3,10
2024-03-12 02:40:00,2,3,2,0,2,9
2024-03-12 02:50:00,1,1,0,0,0,2
2024-03-12 03:00:00,2,2,3,0,4,11
2024-03-12 03:10:00,3,4,1,0,1,9
2024-03-12 03:20:00,1,1,2,0,3,7
2024-03-12 03:30:00,0,0,3,1,4,8
2024-03-12 03:40:00,3,3,6,0,6,18
2024-03-12 03:50:00,3,3,0,0,2,8
2024-03-12 04:00:00,0,0,6,0,6,12
2024-03-12 04:10:00,3,4,2,0,2,11
2024-03-12 04:20:00,0,1,5,1,5,12
2024-03-12 04:30:00,2,2,6,0,7,17
2024-03-12 04:40:00,2,3,5,0,5,15
2024-03-12 04:50:00,4,4,6,0,5,19
2024-03-12 05:00:00,4,4,12,0,12,32
2024-03-12 05:10:00,5,5,12,4,13,39
2024-03-12 05:20:00,1,4,19,0,21,45
2024-03-12 05:30:00,7,9,31,3,31,81
2024-03-12 05:40:00,8,9,37,4,37,95
2024-03-12 05:50:00,11,13,50,4,52,130
2024-03-12 06:00:00,12,16,41,3,40,112
2024-03-12 06:10:00,10,11,53,4,53,131
2024-03-12 06:20:00,19,20,50,4,50,143
2024-03-12 06:30:00,9,12,56,2,59,138
2024-03-12 06:40:00,17,21,65,7,65,175
2024-03-12 06:50:00,19,30,67,6,70,192
2024-03-12 07:00:00,18,28,62,5,61,174
2024-03-12 07:10:00,25,26,70,7,72,200
2024-03-12 07:20:00,28,34,85,4,85,236
2024-03-12 07:30:00,32,44,80,4,82,242
2024-03-12 07:40:00,47,47,77,3,80,254
2024-03-12 07:50:00,45,44,62,10,62,223
2024-03-12 08:00:00,37,39,61,9,65,211
2024-03-12 08:10:00,41,45,57,6,53,202
2024-03-12 08:20:00,36,35,64,6,68,209
2024-03-12 08:30:00,29,35,73,6,74,217
2024-03-12 08:40:00,25,34,71,9,72,211
2024-03-12 08:50:00,30,33,79,4,78,224
2024-03-12 09:00:00,28,32,70,6,71,207
2024-03-12 09:10:00,24,33,59,9,57,182
2024-03-12 09:20:00,25,28,57,7,60,177
2024-03-12 09:30:00,20,29,61,4,61,175
2024-03-12 09:40:00,25,28,59,6,61,179
2024-03-12 09:50:00,20,29,65,2,63,179
2024-03-12 10:00:00,19,22,45,5,49,140
2024-03-12 10:10:00,17,19,46,6,49,137
2024-03-12 10:20:00,16,21,40,1,40,118
2024-03-12 10:30:00,19,23,58,2,57,159
2024-03-12 10:40:00,21,23,54,7,55,160
2024-03-12 10:50:00,21,28,48,0,48,145
2024-03-12 11:00:00,22,26,51,6,50,155
2024-03-12 11:10:00,19,22,48,6,52,147
2024-03-12 11:20:00,14,18,44,6,43,125
2024-03-12 11:30:00,24,26,42,8,43,143
2024-03-12 11:40:00,25,25,44,6,42,142
2024-03-12 11:50:00,17,25,29,0,31,102
2024-03-12 12:00:00,26,26,45,9,45,151
2024-03-12 12:10:00,18,18,51,7,51,145
2024-03-12 12:20:00,25,28,41,3,44,141
2024-03-12 12:30:00,30,36,39,4,37,146
2024-03-12 12:40:00,26,27,46,6,45,150
2024-03-12 12:50:00,25,25,45,7,48,150
2024-03-12 13:00:00,25,29,39,6,39,138
2024-03-12 13:10:00,21,23,58,3,58,163
2024-03-12 13:20:00,21,27,40,1,39,128
2024-03-12 13:30:00,25,35,37,6,40,143
2024-03-12 13:40:00,20,22,56,8,54,160
2024-03-12 13:50:00,18,21,49,5,53,146
2024-03-12 14:00:00,30,30,48,8,49,165
2024-03-12 14:10:00,23,31,40,7,41,142
2024-03-12 14:20:00,23,27,41,1,43,135
2024-03-12 14:30:00,25,28,46,7,48,154
2024-03-12 14:40:00,29,41,45,5,48,168
2024-03-12 14:50:00,26,32,60,1,57,176
2024-03-12 15:00:00,33,40,57,5,56,191
2024-03-12 15:10:00,31,37,61,6,61,196
2024-03-12 15:20:00,37,42,55,5,58,197
2024-03-12 15:30:00,24,38,53,8,50,173
2024-03-12 15:40:00,26,35,53,8,57,179
2024-03-12 15:50:00,28,32,53,4,50,167
2024-03-12 16:00:00,32,37,65,7,66,207
2024-03-12 16:10:00,33,41,55,5,58,192
2024-03-12 16:20:00,32,37,62,4,65,200
2024-03-12 16:30:00,40,47,53,6,53,199
2024-03-12 16:40:00,37,41,64,3,65,210
2024-03-12 16:50:00,26,34,68,4,66,198
2024-03-12 17:00:00,35,40,42,4,41,162
2024-03-12 17:10:00,41,45,50,4,57,197
2024-03-12 17:20:00,28,41,60,2,57,188
2024-03-12 17:30:00,32,35,52,4,52,175
2024-03-12 17:40:00,33,30,53,8,54,178
2024-03-12 17:50:00,27,33,52,2,55,169
2024-03-12 18:00:00,31,40,52,4,57,184
2024-03-12 18:10:00,29,35,47,7,49,167
2024-03-12 18:20:00,40,38,38,2,37,155
2024-03-12 18:30:00,22,25,34,7,32,120
2024-03-12 18:40:00,22,28,49,7,49,155
2024-03-12 18:50:00,24,31,28,1,28,112
2024-03-12 19:00:00,20,26,31,8,32,117
2024-03-12 19:10:00,20,27,39,7,39,132
2024-03-12 19:20:00,25,26,38,3,38,130
2024-03-12 19:30:00,23,25,31,4,33,116
2024-03-12 19:40:00,22,23,39,5,40,129
2024-03-12 19:50:00,23,29,33,1,34,120
2024-03-12 20:00:00,18,22,30,4,29,103
2024-03-12 20:10:00,18,24,29,3,31,105
2024-03-12 20:20:00,17,21,19,3,19,79
2024-03-12 20:30:00,14,17,17,2,19,69
2024-03-12 20:40:00,16,17,25,1,25,84
2024-03-12 20:50:00,12,15,11,4,12,54
2024-03-12 21:00:00,12,14,29,0,31,86
2024-03-12 21:10:00,14,23,31,1,32,101
2024-03-12 21:20:00,9,12,18,1,21,61
2024-03-12 21:30:00,7,9,15,3,13,47
2024-03-12 21:40:00,8,10,22,3,24,67
2024-03-12 21:50:00,11,12,25,4,26,78
2024-03-12 22:00:00,12,15,23,2,23,75
2024-03-12 22:10:00,16,18,11,2,12,59
2024-03-12 22:20:00,5,9,12,0,13,39
2024-03-12 22:30:00,11,13,15,1,15,55
2024-03-12 22:40:00,14,13,5,2,5,39
2024-03-12 22:50:00,8,9,7,0,8,32
2024-03-12 23:00:00,11,13,13,5,13,55
2024-03-12 23:10:00,8,9,14,0,15,46
2024-03-12 23:20:00,6,8,7,0,9,30
2024-03-12 23:30:00,5,6,5,2,5,23
2024-03-12 23:40:00,2,1,9,3,10,25
2024-03-12 23:50:00,3,3,5,0,6,17
2024-03-13 00:00:00,5,5,5,5,5,25
2024-03-13 00:10:00,2,3,3,0,3,11
2024-03-13 00:20:00,3,4,6,2,6,21
2024-03-13 00:30:00,4,3,5,2,5,19
2024-03-13 00:40:00,2,2,4,0,4,12
2024-03-13 00:50:00,3,3,1,0,1,8
2024-03-13 01:00:00,3,4,4,0,5,16
2024-03-13 01:10:00,4,4,0,0,0,8
2024-03-13 01:20:00,4,3,5,0,5,17
2024-03-13 01:30:00,3,4,0,0,0,7
2024-03-13 01:40:00,2,2,2,0,2,8
2024-03-13 01:50:00,1,1,1,0,1,4
2024-03-13 02:00:00,2,2,0,0,0,4
2024-03-13 02:10:00,0,0,3,0,3,6
2024-03-13 02:20:00,2,2,2,0,2,8
2024-03-13 02:30:00,0,0,3,0,3,6
2024-03-13 02:40:00,1,1,2,0,2,6
2024-03-13 02:50:00,0,0,0,0,0,0
2024-03-13 03:00:00,2,4,3,2,3,14
2024-03-13 03:10:00,9,8,0,0,0,17
2024-03-13 03:20:00,3,3,6,0,7,19
2024-03-13 03:30:00,2,2,3,0,3,10
2024-03-13 03:40:00,2,3,5,0,5,15
2024-03-13 03:50:00,0,0,3,0,3,6
2024-03-13 04:00:00,3,2,5,0,5,15
2024-03-13 04:10:00,1,1,4,0,4,10
2024-03-13 04:20:00,2,3,8,0,9,22
2024-03-13 04:30:00,2,2,1,0,1,6
2024-03-13 04:40:00,5,6,6,0,7,24
2024-03-13 04:50:00,4,4,5,0,5,18
2024-03-13 05:00:00,4,2,8,0,8,22
2024-03-13 05:10:00,3,2,14,4,16,39
2024-03-13 05:20:00,3,5,21,1,23,53
2024-03-13 05:30:00,3,3,32,3,30,71
2024-03-13 05:40:00,11,13,38,8,39,109
2024-03-13 05:50:00,11,11,51,0,50,123
2024-03-13 06:00:00,10,10,34,2,34,90
2024-03-13 06:10:00,15,19,45,6,46,131
2024-03-13 06:20:00,16,17,53,1,52,139
2024-03-13 06:30:00,10,14,59,7,61,151
2024-03-13 06:40:00,15,19,63,6,64,167
2024-03-13 06:50:00,22,26,71,3,69,191
2024-03-13 07:00:00,17,25,57,6,57,162
2024-03-13 07:10:00,27,34,79,7,80,227
2024-03-13 07:20:00,34,36,66,1,68,205
2024-03-13 07:30:00,33,49,75,5,76,238
2024-03-13 07:40:00,38,40,87,10,87,262
2024-03-13 07:50:00,43,43,62,7,62,217
2024-03-13 08:00:00,36,37,60,3,64,200
2024-03-13 08:10:00,39,38,69,8,66,220
2024-03-13 08:20:00,32,42,54,6,57,191
2024-03-13 08:30:00,30,36,64,5,62,197
2024-03-13 08:40:00,28,34,75,5,76,218
2024-03-13 08:50:00,31,32,72,1,72,208
2024-03-13 09:00:00,20,30,69,5,69,193
2024-03-13 09:10:00,23,29,63,10,64,189
2024-03-13 09:20:00,21,22,53,8,50,154
2024-03-13 09:30:00,20,26,52,11,56,165
2024-03-13 09:40:00,21,26,60,9,61,177
2024-03-13 09:50:00,22,26,54,2,54,158
2024-03-13 10:00:00,24,31,47,6,47,155
2024-03-13 10:10:00,17,21,45,6,44,133
2024-03-13 10:20:00,21,22,48,1,49,141
2024-03-13 10:30:00,14,16,40,6,40,116
2024-03-13 10:40:00,23,24,55,7,56,165
2024-03-13 10:50:00,16,22,41,3,41,123
2024-03-13 11:00:00,20,22,61,8,61,172
2024-03-13 11:10:00,21,22,34,3,39,119
2024-03-13 11:20:00,21,20,38,8,37,124
2024-03-13 11:30:00,19,20,29,6,31,105
2024-03-13 11:40:00,18,19,39,8,39,123
2024-03-13 11:50:00,24,28,34,5,33,124
2024-03-13 12:00:00,23,28,38,3,38,130
2024-03-13 12:10:00,25,31,45,7,46,154
2024-03-13 12:20:00,26,35,39,3,40,143
2024-03-13 12:30:00,26,34,38,5,37,140
2024-03-13 12:40:00,20,32,45,5,45,147
2024-03-13 12:50:00,20,21,48,5,50,144
2024-03-13 13:00:00,23,29,44,4,49,149
2024-03-13 13:10:00,21,31,39,4,41,136
2024-03-13 13:20:00,26,24,52,6,52,160
2024-03-13 13:30:00,25,29,33,4,31,122
2024-03-13 13:40:00,25,31,43,3,47,149
2024-03-13 13:50:00,24,27,53,2,53,159
2024-03-13 14:00:00,19,24,52,3,53,151
2024-03-13 14:10:00,19,24,44,3,45,135
2024-03-13 14:20:00,25,28,41,4,42,140
2024-03-13 14:30:00,24,33,45,1,48,151
2024-03-13 14:40:00,30,35,48,4,49,166
2024-03-13 14:50:00,30,37,46,0,46,159
2024-03-13 15:00:00,22,27,49,7,49,154
2024-03-13 15:10:00,23,30,54,5,55,167
2024-03-13 15:20:00,22,35,55,2,48,162
2024-03-13 15:30:00,25,36,57,4,46,168
2024-03-13 15:40:00,29,33,61,5,61,189
2024-03-13 15:50:00,28,40,59,2,59,188
2024-03-13 16:00:00,30,34,66,11,66,207
2024-03-13 16:10:00,29,43,37,9,41,159
2024-03-13 16:20:00,33,46,58,6,56,199
2024-03-13 16:30:00,40,46,47,3,49,185
2024-03-13 16:40:00,20,29,75,6,74,204
2024-03-13 16:50:00,34,38,39,8,42,161
2024-03-13 17:00:00,35,40,54,4,57,190
2024-03-13 17:10:00,44,41,50,6,50,191
2024-03-13 17:20:00,34,34,48,3,49,168
2024-03-13 17:30:00,43,43,52,5,53,196
2024-03-13 17:40:00,38,40,55,11,54,198
2024-03-13 17:50:00,30,35,71,6,66,208
2024-03-13 18:00:00,30,29,49,5,51,164
2024-03-13 18:10:00,24,27,46,4,45,146
2024-03-13 18:20:00,32,36,34,1,37,140
2024-03-13 18:30:00,17,24,30,2,30,103
2024-03-13 18:40:00,28,33,29,2,30,122
2024-03-13 18:50:00,19,27,36,4,37,123
2024-03-13 19:00:00,26,29,36,3,38,132
2024-03-13 19:10:00,18,22,39,5,41,125
2024-03-13 19:20:00,19,32,31,0,33,115
2024-03-13 19:30:00,11,19,28,4,26,88
2024-03-13 19:40:00,16,27,30,4,34,111
2024-03-13 19:50:00,15,21,36,1,36,109
2024-03-13 20:00:00,14,20,24,2,29,89
2024-03-13 20:10:00,13,18,37,1,36,105
2024-03-13 20:20:00,20,22,23,4,23,92
2024-03-13 20:30:00,10,14,19,3,19,65
2024-03-13 20:40:00,14,20,20,1,25,80
2024-03-13 20:50:00,14,19,19,3,20,75
2024-03-13 21:00:00,14,18,29,3,32,96
2024-03-13 21:10:00,8,12,24,3,25,72
2024-03-13 21:20:00,19,23,20,1,25,88
2024-03-13 21:30:00,16,19,23,4,23,85
2024-03-13 21:40:00,12,14,15,2,17,60
2024-03-13 21:50:00,11,13,17,1,20,62
2024-03-13 22:00:00,9,11,28,3,30,81
2024-03-13 22:10:00,15,21,14,0,19,69
2024-03-13 22:20:00,11,11,16,0,16,54
2024-03-13 22:30:00,13,16,13,3,13,58
2024-03-13 22:40:00,10,13,13,1,13,50
2024-03-13 22:50:00,8,8,15,0,16,47
2024-03-13 23:00:00,2,2,14,2,14,34
2024-03-13 23:10:00,6,8,9,0,10,33
2024-03-13 23:20:00,7,10,6,0,6,29
2024-03-13 23:30:00,7,10,8,4,9,38
2024-03-13 23:40:00,7,8,6,0,6,27
2024-03-13 23:50:00,8,10,6,1,6,31
2024-03-14 00:00:00,2,2,7,4,7,22
2024-03-14 00:10:00,8,7,2,1,2,20
2024-03-14 00:20:00,5,6,5,2,6,24
2024-03-14 00:30:00,4,4,7,3,7,25
2024-03-14 00:40:00,3,3,3,0,3,12
2024-03-14 00:50:00,3,3,2,0,3,11
2024-03-14 01:00:00,2,3,5,0,6,16
2024-03-14 01:10:00,3,3,4,0,5,15
2024-03-14 01:20:00,3,4,8,0,7,22
2024-03-14 01:30:00,2,2,3,0,4,11
2024-03-14 01:40:00,5,5,4,0,4,18
2024-03-14 01:50:00,2,2,1,0,1,6
2024-03-14 02:00:00,0,0,3,0,4,7
2024-03-14 02:10:00,0,0,4,1,4,9
2024-03-14 02:20:00,2,2,4,3,4,15
2024-03-14 02:30:00,1,1,2,0,2,6
2024-03-14 02:40:00,2,2,1,0,1,6
2024-03-14 02:50:00,2,2,2,0,2,8
2024-03-14 03:00:00,0,0,1,1,2,4
2024-03-14 03:10:00,2,2,2,0,2,8
2024-03-14 03:20:00,1,1,2,0,3,7
2024-03-14 03:30:00,3,3,1,1,1,9
2024-03-14 03:40:00,1,2,4,0,4,11
2024-03-14 03:50:00,4,5,4,0,4,17
2024-03-14 04:00:00,0,0,3,0,3,6
2024-03-14 04:10:00,0,0,0,0,1,1
2024-03-14 04:20:00,5,5,5,1,5,21
2024-03-14 04:30:00,2,2,5,0,4,13
2024-03-14 04:40:00,2,2,4,0,5,13
2024-03-14 04:50:00,7,8,8,0,11,34
2024-03-14 05:00:00,3,4,12,0,13,32
2024-03-14 05:10:00,1,1,8,4,8,22
2024-03-14 05:20:00,3,3,17,0,20,43
2024-03-14 05:30:00,8,7,33,0,33,81
2024-03-14 05:40:00,12,14,35,5,41,107
2024-03-14 05:50:00,10,10,41,1,40,102
2024-03-14 06:00:00,14,18,31,1,32,96
2024-03-14 06:10:00,15,17,43,3,44,122
2024-03-14 06:20:00,13,18,39,1,40,111
2024-03-14 06:30:00,14,15,44,8,45,126
2024-03-14 06:40:00,12,19,74,5,72,182
2024-03-14 06:50:00,20,24,64,6,66,180
2024-03-14 07:00:00,19,23,79,13,78,212
2024-03-14 07:10:00,20,23,62,9,64,178
2024-03-14 07:20:00,32,37,64,4,64,201
2024-03-14 07:30:00,29,30,81,7,83,230
2024-03-14 07:40:00,37,40,59,5,59,200
2024-03-14 07:50:00,37,37,50,5,48,177
2024-03-14 08:00:00,28,35,73,7,74,217
2024-03-14 08:10:00,26,33,81,10,78,228
2024-03-14 08:20:00,24,25,49,6,48,152
2024-03-14 08:30:00,26,29,57,13,56,181
2024-03-14 08:40:00,37,36,81,9,79,242
2024-03-14 08:50:00,31,34,63,5,64,197
2024-03-14 09:00:00,13,21,78,6,80,198
2024-03-14 09:10:00,26,28,64,9,65,192
2024-03-14 09:20:00,22,18,42,3,41,126
2024-03-14 09:30:00,21,29,55,4,59,168
2024-03-14 09:40:00,21,24,55,5,52,157
2024-03-14 09:50:00,20,28,52,8,54,162
2024-03-14 10:00:00,18,20,57,5,55,155
2024-03-14 10:10:00,24,25,40,7,42,138
2024-03-14 10:20:00,15,16,52,1,51,135
2024-03-14 10:30:00,15,17,30,4,29,95
2024-03-14 10:40:00,18,26,42,5,45,136
2024-03-14 10:50:00,16,22,45,1,46,130
2024-03-14 11:00:00,21,26,50,5,47,149
2024-03-14 11:10:00,15,24,49,8,51,147
2024-03-14 11:20:00,22,24,37,4,43,130
2024-03-14 11:30:00,22,26,42,3,42,135
2024-03-14 11:40:00,20,24,48,7,46,145
2024-03-14 11:50:00,23,27,54,5,57,166
2024-03-14 12:00:00,25,30,54,7,55,171
2024-03-14 12:10:00,26,27,39,4,42,138
2024-03-14 12:20:00,26,31,38,2,40,137
2024-03-14 12:30:00,28,35,38,1,37,139
2024-03-14 12:40:00,18,19,41,6,42,126
2024-03-14 12:50:00,24,29,41,4,44,142
2024-03-14 13:00:00,23,28,48,10,52,161
2024-03-14 13:10:00,26,35,55,10,56,182
2024-03-14 13:20:00,25,28,42,4,42,141
2024-03-14 13:30:00,16,25,50,5,52,148
2024-03-14 13:40:00,20,25,43,6,42,136
2024-03-14 13:50:00,31,36,45,6,44,162
2024-03-14 14:00:00,26,39,43,3,45,156
2024-03-14 14:10:00,28,40,51,9,52,180
2024-03-14 14:20:00,19,31,41,5,40,136
2024-03-14 14:30:00,22,34,35,6,35,132
2024-03-14 14:40:00,30,40,55,7,53,185
2024-03-14 14:50:00,15,41,52,1,52,161
2024-03-14 15:00:00,27,43,62,4,62,198
2024-03-14 15:10:00,31,39,36,6,38,150
2024-03-14 15:20:00,30,37,54,6,55,182
2024-03-14 15:30:00,29,44,67,7,67,214
2024-03-14 15:40:00,25,44,62,5,61,197
2024-03-14 15:50:00,29,55,50,9,51,194
2024-03-14 16:00:00,31,38,56,8,57,190
2024-03-14 16:10:00,29,48,61,5,63,206
2024-03-14 16:20:00,28,43,56,3,55,185
2024-03-14 16:30:00,28,40,40,4,39,151
2024-03-14 16:40:00,34,41,53,4,53,185
2024-03-14 16:50:00,33,50,56,4,59,202
2024-03-14 17:00:00,39,43,47,7,48,184
2024-03-14 17:10:00,36,46,52,4,53,191
2024-03-14 17:20:00,36,49,55,5,55,200
2024-03-14 17:30:00,29,39,52,6,54,180
2024-03-14 17:40:00,27,34,52,8,54,175
2024-03-14 17:50:00,39,44,49,0,52,184
2024-03-14 18:00:00,26,34,58,4,58,180
2024-03-14 18:10:00,22,31,52,9,54,168
2024-03-14 18:20:00,34,33,32,4,37,140
2024-03-14 18:30:00,29,36,43,8,44,160
2024-03-14 18:40:00,22,24,28,13,30,117
2024-03-14 18:50:00,16,22,39,4,39,120
2024-03-14 19:00:00,22,26,31,7,32,118
2024-03-14 19:10:00,23,25,40,7,43,138
2024-03-14 19:20:00,20,29,39,2,40,130
2024-03-14 19:30:00,25,26,26,2,28,107
2024-03-14 19:40:00,19,13,25,2,28,87
2024-03-14 19:50:00,18,22,33,2,35,110
2024-03-14 20:00:00,17,17,32,4,33,103
2024-03-14 20:10:00,13,25,27,1,25,91
2024-03-14 20:20:00,14,24,23,4,26,91
2024-03-14 20:30:00,12,18,23,5,26,84
2024-03-14 20:40:00,9,19,21,3,25,77
2024-03-14 20:50:00,18,21,19,0,21,79
2024-03-14 21:00:00,20,26,21,4,20,91
2024-03-14 21:10:00,10,13,17,3,17,60
2024-03-14 21:20:00,12,13,28,5,31,89
2024-03-14 21:30:00,13,21,22,3,24,83
2024-03-14 21:40:00,14,16,17,1,18,66
2024-03-14 21:50:00,9,10,30,2,31,82
2024-03-14 22:00:00,12,15,21,4,23,75
2024-03-14 22:10:00,18,24,23,1,24,90
2024-03-14 22:20:00,13,14,15,1,19,62
2024-03-14 22:30:00,16,13,12,4,13,58
2024-03-14 22:40:00,16,20,16,0,16,68
2024-03-14 22:50:00,8,11,18,4,19,60
2024-03-14 23:00:00,14,12,9,3,12,50
2024-03-14 23:10:00,8,9,15,1,13,46
2024-03-14 23:20:00,7,5,9,0,12,33
2024-03-14 23:30:00,12,12,8,3,9,44
2024-03-14 23:40:00,7,8,7,0,8,30
2024-03-14 23:50:00,4,4,8,0,8,24
2024-03-15 00:00:00,2,3,9,4,10,28
2024-03-15 00:10:00,4,4,3,0,4,15
2024-03-15 00:20:00,4,4,5,0,7,20
2024-03-15 00:30:00,2,4,5,2,7,20
2024-03-15 00:40:00,2,2,4,0,4,12
2024-03-15 00:50:00,2,3,5,0,5,15
2024-03-15 01:00:00,5,5,6,0,6,22
2024-03-15 01:10:00,4,3,3,0,2,12
2024-03-15 01:20:00,2,2,5,0,6,15
2024-03-15 01:30:00,8,7,0,0,0,15
2024-03-15 01:40:00,2,2,4,0,6,14
2024-03-15 01:50:00,4,4,3,0,2,13
2024-03-15 02:00:00,4,4,4,0,4,16
2024-03-15 02:10:00,5,4,6,0,7,22
2024-03-15 02:20:00,3,3,2,0,2,10
2024-03-15 02:30:00,3,4,1,0,1,9
2024-03-15 02:40:00,1,0,1,0,1,3
2024-03-15 02:50:00,2,3,0,0,0,5
2024-03-15 03:00:00,0,0,1,0,3,4
2024-03-15 03:10:00,1,2,1,0,1,5
2024-03-15 03:20:00,3,3,5,1,5,17
2024-03-15 03:30:00,2,2,3,0,2,9
2024-03-15 03:40:00,5,5,2,0,2,14
2024-03-15 03:50:00,2,2,2,0,2,8
2024-03-15 04:00:00,0,0,4,1,5,10
2024-03-15 04:10:00,2,2,2,0,2,8
2024-03-15 04:20:00,2,3,5,0,6,16
2024-03-15 04:30:00,3,4,3,0,4,14
2024-03-15 04:40:00,6,6,6,0,6,24
2024-03-15 04:50:00,6,9,6,0,6,27
2024-03-15 05:00:00,3,2,12,0,13,30
2024-03-15 05:10:00,3,3,13,5,12,36
2024-03-15 05:20:00,3,4,14,2,13,36
2024-03-15 05:30:00,4,5,24,4,24,61
2024-03-15 05:40:00,8,8,33,6,34,89
2024-03-15 05:50:00,10,10,32,2,34,88
2024-03-15 06:00:00,17,16,38,3,40,114
2024-03-15 06:10:00,9,13,34,1,36,93
2024-03-15 06:20:00,20,18,40,0,40,118
2024-03-15 06:30:00,16,18,42,7,44,127
2024-03-15 06:40:00,16,18,62,4,64,164
2024-03-15 06:50:00,15,19,67,7,67,175
2024-03-15 07:00:00,24,29,54,4,55,166
2024-03-15 07:10:00,17,27,65,7,65,181
2024-03-15 07:20:00,24,24,73,5,75,201
2024-03-15 07:30:00,35,30,72,4,70,211
2024-03-15 07:40:00,22,25,66,9,65,187
2024-03-15 07:50:00,27,35,65,11,67,205
2024-03-15 08:00:00,35,38,59,7,64,203
2024-03-15 08:10:00,33,38,57,11,57,196
2024-03-15 08:20:00,34,34,55,2,55,180
2024-03-15 08:30:00,37,37,45,7,50,176
2024-03-15 08:40:00,25,27,78,5,78,213
2024-03-15 08:50:00,27,30,53,6,51,167
2024-03-15 09:00:00,23,25,45,8,46,147
2024-03-15 09:10:00,20,30,49,7,51,157
2024-03-15 09:20:00,26,29,39,4,39,137
2024-03-15 09:30:00,26,28,44,3,43,144
2024-03-15 09:40:00,24,28,45,10,51,158
2024-03-15 09:50:00,21,25,62,5,61,174
2024-03-15 10:00:00,18,25,49,3,48,143
2024-03-15 10:10:00,16,20,33,6,36,111
2024-03-15 10:20:00,25,29,45,2,47,148
2024-03-15 10:30:00,24,24,53,5,54,160
2024-03-15 10:40:00,20,24,45,8,47,144
2024-03-15 10:50:00,23,30,52,2,54,161
2024-03-15 11:00:00,20,22,47,8,48,145
2024-03-15 11:10:00,17,22,51,9,49,148
2024-03-15 11:20:00,25,27,47,4,49,152
2024-03-15 11:30:00,17,20,45,7,46,135
2024-03-15 11:40:00,15,18,48,7,48,136
2024-03-15 11:50:00,26,29,40,3,38,136
2024-03-15 12:00:00,29,36,50,10,53,178
2024-03-15 12:10:00,25,31,49,7,48,160
2024-03-15 12:20:00,34,36,45,4,48,167
2024-03-15 12:30:00,26,28,52,6,53,165
2024-03-15 12:40:00,24,31,50,7,55,167
2024-03-15 12:50:00,29,32,41,1,40,143
2024-03-15 13:00:00,22,28,42,7,44,143
2024-03-15 13:10:00,29,44,67,7,70,217
2024-03-15 13:20:00,23,33,45,4,45,150
2024-03-15 13:30:00,26,32,55,3,55,171
2024-03-15 13:40:00,27,33,54,4,53,171
2024-03-15 13:50:00,29,31,41,6,40,147
2024-03-15 14:00:00,27,33,53,4,54,171
2024-03-15 14:10:00,17,22,51,6,53,149
2024-03-15 14:20:00,31,36,50,1,50,168
2024-03-15 14:30:00,27,37,54,3,57,178
2024-03-15 14:40:00,26,33,62,5,61,187
2024-03-15 14:50:00,38,40,55,3,57,193
2024-03-15 15:00:00,19,24,52,5,51,151
2024-03-15 15:10:00,24,30,43,7,48,152
2024-03-15 15:20:00,24,33,51,4,53,165
2024-03-15 15:30:00,27,34,51,6,53,171
2024-03-15 15:40:00,33,38,42,6,45,164
2024-03-15 15:50:00,29,34,56,2,54,175
2024-03-15 16:00:00,34,43,58,3,61,199
2024-03-15 16:10:00,25,34,53,5,53,170
2024-03-15 16:20:00,37,46,40,6,41,170
2024-03-15 16:30:00,33,42,48,4,46,173
2024-03-15 16:40:00,25,28,41,6,46,146
2024-03-15 16:50:00,27,25,59,6,58,175
2024-03-15 17:00:00,26,32,39,4,41,142
2024-03-15 17:10:00,28,33,50,7,51,169
2024-03-15 17:20:00,34,34,39,3,42,152
2024-03-15 17:30:00,29,34,45,2,45,155
2024-03-15 17:40:00,33,34,36,5,35,143
2024-03-15 17:50:00,32,32,48,3,49,164
2024-03-15 18:00:00,23,23,32,5,35,118
2024-03-15 18:10:00,35,38,51,8,56,188
2024-03-15 18:20:00,24,35,60,4,58,181
2024-03-15 18:30:00,29,31,38,4,40,142
2024-03-15 18:40:00,20,25,41,11,40,137
2024-03-15 18:50:00,27,29,27,2,29,114
2024-03-15 19:00:00,21,27,34,2,36,120
2024-03-15 19:10:00,15,20,33,7,32,107
2024-03-15 19:20:00,15,25,26,1,30,97
2024-03-15 19:30:00,21,27,34,2,34,118
2024-03-15 19:40:00,26,30,56,7,62,181
2024-03-15 19:50:00,17,24,49,5,54,149
2024-03-15 20:00:00,15,19,33,2,33,102
2024-03-15 20:10:00,17,21,32,2,33,105
2024-03-15 20:20:00,17,12,33,4,33,99
2024-03-15 20:30:00,15,18,19,4,21,77
2024-03-15 20:40:00,19,20,17,1,18,75
2024-03-15 20:50:00,18,24,30,2,32,106
2024-03-15 21:00:00,11,13,23,0,21,68
2024-03-15 21:10:00,13,16,28,4,29,90
2024-03-15 21:20:00,16,17,22,0,25,80
2024-03-15 21:30:00,19,19,35,4,35,112
2024-03-15 21:40:00,15,17,19,1,19,71
2024-03-15 21:50:00,16,22,13,1,16,68
2024-03-15 22:00:00,10,11,18,4,18,61
2024-03-15 22:10:00,15,15,15,2,15,62
2024-03-15 22:20:00,10,13,26,1,30,80
2024-03-15 22:30:00,19,20,30,2,27,98
2024-03-15 22:40:00,7,8,17,2,16,50
2024-03-15 22:50:00,12,15,16,2,20,65
2024-03-15 23:00:00,5,10,17,3,11,46
2024-03-15 23:10:00,8,8,13,0,10,39
2024-03-15 23:20:00,13,13,9,0,10,45
2024-03-15 23:30:00,6,7,9,3,9,34
2024-03-15 23:40:00,5,6,11,0,11,33
2024-03-15 23:50:00,5,6,11,0,14,36
2024-03-16 00:00:00,9,10,18,4,17,58
2024-03-16 00:10:00,8,8,7,0,7,30
2024-03-16 00:20:00,4,6,9,3,8,30
2024-03-16 00:30:00,7,7,6,2,6,28
2024-03-16 00:40:00,1,2,20,0,20,43
2024-03-16 00:50:00,14,15,5,0,5,39
2024-03-16 01:00:00,7,10,5,0,5,27
2024-03-16 01:10:00,5,6,7,0,6,24
2024-03-16 01:20:00,4,5,8,2,8,27
2024-03-16 01:30:00,4,3,7,3,7,24
2024-03-16 01:40:00,3,2,9,2,9,25
2024-03-16 01:50:00,5,7,2,0,2,16
2024-03-16 02:00:00,3,3,4,0,4,14
2024-03-16 02:10:00,8,7,5,0,6,26
2024-03-16 02:20:00,5,5,5,0,5,20
2024-03-16 02:30:00,2,3,5,2,8,20
2024-03-16 02:40:00,7,4,8,0,7,26
2024-03-16 02:50:00,1,1,2,0,3,7
2024-03-16 03:00:00,4,4,2,0,2,12
2024-03-16 03:10:00,7,6,3,0,3,19
2024-03-16 03:20:00,1,1,2,0,3,7
2024-03-16 03:30:00,2,3,7,1,7,20
2024-03-16 03:40:00,2,2,8,2,9,23
2024-03-16 03:50:00,3,3,2,0,2,10
2024-03-16 04:00:00,4,6,4,0,4,18
2024-03-16 04:10:00,5,5,5,1,6,22
2024-03-16 04:20:00,5,6,3,1,4,19
2024-03-16 04:30:00,4,3,4,0,4,15
2024-03-16 04:40:00,1,1,6,1,7,16
2024-03-16 04:50:00,3,3,2,0,1,9
2024-03-16 05:00:00,3,3,12,0,12,30
2024-03-16 05:10:00,9,9,6,4,6,34
2024-03-16 05:20:00,7,5,7,3,7,29
2024-03-16 05:30:00,5,5,7,0,7,24
2024-03-16 05:40:00,3,3,11,4,12,33
2024-03-16 05:50:00,4,4,5,2,7,22
2024-03-16 06:00:00,4,5,6,0,6,21
2024-03-16 06:10:00,4,5,9,4,9,31
2024-03-16 06:20:00,8,8,12,2,12,42
2024-03-16 06:30:00,4,6,11,0,11,32
2024-03-16 06:40:00,9,9,10,4,10,42
2024-03-16 06:50:00,6,7,9,2,9,33
2024-03-16 07:00:00,6,6,8,0,8,28
2024-03-16 07:10:00,8,9,14,3,15,49
2024-03-16 07:20:00,2,3,9,0,11,25
2024-03-16 07:30:00,9,11,25,5,25,75
2024-03-16 07:40:00,6,7,20,3,20,56
2024-03-16 07:50:00,7,7,12,0,12,38
2024-03-16 08:00:00,7,11,15,2,15,50
2024-03-16 08:10:00,11,12,17,4,17,61
2024-03-16 08:20:00,8,15,20,1,20,64
2024-03-16 08:30:00,10,10,21,3,23,67
2024-03-16 08:40:00,12,15,20,6,20,73
2024-03-16 08:50:00,12,14,22,5,23,76
2024-03-16 09:00:00,13,15,12,4,13,57
2024-03-16 09:10:00,13,14,30,4,31,92
2024-03-16 09:20:00,15,16,28,4,29,92
2024-03-16 09:30:00,20,20,33,1,34,108
2024-03-16 09:40:00,19,21,39,3,42,124
2024-03-16 09:50:00,20,22,39,2,38,121
2024-03-16 10:00:00,10,16,34,2,36,98
2024-03-16 10:10:00,21,21,37,2,38,119
2024-03-16 10:20:00,28,31,35,4,34,132
2024-03-16 10:30:00,17,17,31,3,31,99
2024-03-16 10:40:00,14,18,34,5,37,108
2024-03-16 10:50:00,22,27,41,5,42,137
2024-03-16 11:00:00,23,26,31,1,29,110
2024-03-16 11:10:00,19,27,35,5,37,123
2024-03-16 11:20:00,20,17,34,5,33,109
2024-03-16 11:30:00,24,28,41,0,43,136
2024-03-16 11:40:00,16,22,32,2,35,107
2024-03-16 11:50:00,21,25,39,3,39,127
2024-03-16 12:00:00,18,20,33,2,34,107
2024-03-16 12:10:00,13,16,37,5,40,111
2024-03-16 12:20:00,22,25,32,2,36,117
2024-03-16 12:30:00,17,20,48,0,51,136
2024-03-16 12:40:00,19,25,47,5,48,144
2024-03-16 12:50:00,19,25,37,5,38,124
2024-03-16 13:00:00,22,24,39,2,42,129
2024-03-16 13:10:00,17,27,38,4,40,126
2024-03-16 13:20:00,19,20,44,5,45,133
2024-03-16 13:30:00,18,26,49,2,49,144
2024-03-16 13:40:00,22,26,50,8,51,157
2024-03-16 13:50:00,18,25,42,2,42,129
2024-03-16 14:00:00,18,24,39,3,42,126
2024-03-16 14:10:00,9,10,44,7,44,114
2024-03-16 14:20:00,18,21,36,5,38,118
2024-03-16 14:30:00,24,29,47,0,49,149
2024-03-16 14:40:00,21,26,37,7,37,128
2024-03-16 14:50:00,20,27,33,2,35,117
2024-03-16 15:00:00,22,27,33,4,36,122
2024-03-16 15:10:00,16,20,32,6,28,102
2024-03-16 15:20:00,9,15,35,5,36,100
2024-03-16 15:30:00,8,12,27,0,28,75
2024-03-16 15:40:00,14,14,42,3,42,115
2024-03-16 15:50:00,17,22,34,2,36,111
2024-03-16 16:00:00,22,28,35,3,35,123
2024-03-16 16:10:00,10,15,30,6,30,91
2024-03-16 16:20:00,21,24,38,3,39,125
2024-03-16 16:30:00,17,23,25,1,25,91
2024-03-16 16:40:00,11,21,37,5,36,110
2024-03-16 16:50:00,17,21,32,4,32,106
2024-03-16 17:00:00,18,22,43,2,41,126
2024-03-16 17:10:00,9,15,33,6,35,98
2024-03-16 17:20:00,13,21,34,4,35,107
2024-03-16 17:30:00,13,23,35,2,35,108
2024-03-16 17:40:00,18,22,28,4,29,101
2024-03-16 17:50:00,14,23,37,0,37,111
2024-03-16 18:00:00,15,23,36,8,36,118
2024-03-16 18:10:00,21,28,28,5,30,112
2024-03-16 18:20:00,18,27,39,0,39,123
2024-03-16 18:30:00,17,19,37,2,40,115
2024-03-16 18:40:00,13,20,39,3,38,113
2024-03-16 18:50:00,13,21,33,2,32,101
2024-03-16 19:00:00,22,25,26,2,30,105
2024-03-16 19:10:00,11,13,41,2,38,105
2024-03-16 19:20:00,16,24,32,2,32,106
2024-03-16 19:30:00,17,17,29,0,29,92
2024-03-16 19:40:00,15,20,28,6,29,98
2024-03-16 19:50:00,14,15,39,7,42,117
2024-03-16 20:00:00,11,11,34,3,34,93
2024-03-16 20:10:00,9,14,20,2,20,65
2024-03-16 20:20:00,17,19,28,4,31,99
2024-03-16 20:30:00,7,9,18,0,18,52
2024-03-16 20:40:00,10,12,25,2,27,76
2024-03-16 20:50:00,12,16,22,1,23,74
2024-03-16 21:00:00,9,11,21,3,22,66
2024-03-16 21:10:00,13,16,28,3,27,87
2024-03-16 21:20:00,7,15,18,0,18,58
2024-03-16 21:30:00,11,15,17,3,18,64
2024-03-16 21:40:00,15,19,26,3,28,91
2024-03-16 21:50:00,6,8,34,1,37,86
2024-03-16 22:00:00,9,17,20,1,19,66
2024-03-16 22:10:00,10,12,19,1,19,61
2024-03-16 22:20:00,10,12,18,0,19,59
2024-03-16 22:30:00,11,13,20,5,22,71
2024-03-16 22:40:00,9,11,22,2,22,66
2024-03-16 22:50:00,6,9,14,3,16,48
2024-03-16 23:00:00,8,10,13,0,13,44
2024-03-16 23:10:00,5,8,14,0,14,41
2024-03-16 23:20:00,8,11,11,0,12,42
2024-03-16 23:30:00,12,13,9,5,9,48
2024-03-16 23:40:00,5,5,8,1,8,27
2024-03-16 23:50:00,7,8,12,1,14,42
2024-03-17 00:00:00,8,10,15,2,17,52
2024-03-17 00:10:00,8,8,24,1,25,66
2024-03-17 00:20:00,9,11,7,1,10,38
2024-03-17 00:30:00,10,9,12,1,11,43
2024-03-17 00:40:00,8,8,17,2,18,53
2024-03-17 00:50:00,1,4,7,0,7,19
2024-03-17 01:00:00,6,7,6,0,6,25
2024-03-17 01:10:00,7,8,7,0,7,29
2024-03-17 01:20:00,9,8,7,0,8,32
2024-03-17 01:30:00,9,10,11,2,12,44
2024-03-17 01:40:00,5,5,8,0,8,26
2024-03-17 01:50:00,4,4,0,0,0,8
2024-03-17 02:00:00,2,2,2,0,2,8
2024-03-17 02:10:00,5,8,3,0,4,20
2024-03-17 02:20:00,3,3,7,0,5,18
2024-03-17 02:30:00,4,5,5,2,4,20
2024-03-17 02:40:00,4,4,1,0,1,10
2024-03-17 02:50:00,0,0,3,0,3,6
2024-03-17 03:00:00,2,2,6,0,7,17
2024-03-17 03:10:00,0,0,4,0,3,7
2024-03-17 03:20:00,2,2,7,0,7,18
2024-03-17 03:30:00,4,7,3,0,3,17
2024-03-17 03:40:00,3,4,2,0,3,12
2024-03-17 03:50:00,3,3,1,0,1,8
2024-03-17 04:00:00,0,0,2,0,2,4
2024-03-17 04:10:00,4,4,1,0,1,10
2024-03-17 04:20:00,3,3,2,0,2,10
2024-03-17 04:30:00,3,4,3,0,3,13
2024-03-17 04:40:00,1,1,4,1,5,12
2024-03-17 04:50:00,3,3,5,0,5,16
2024-03-17 05:00:00,3,3,7,0,8,21
2024-03-17 05:10:00,5,5,3,0,3,16
2024-03-17 05:20:00,3,3,5,0,7,18
2024-03-17 05:30:00,4,4,6,1,6,21
2024-03-17 05:40:00,3,4,7,1,7,22
2024-03-17 05:50:00,1,1,10,0,12,24
2024-03-17 06:00:00,4,4,3,0,3,14
2024-03-17 06:10:00,2,2,11,2,11,28
2024-03-17 06:20:00,2,2,4,0,4,12
2024-03-17 06:30:00,1,2,7,0,8,18
2024-03-17 06:40:00,4,6,3,3,2,18
2024-03-17 06:50:00,5,6,4,0,4,19
2024-03-17 07:00:00,4,4,5,2,5,20
2024-03-17 07:10:00,6,5,9,1,9,30
2024-03-17 07:20:00,5,6,6,0,6,23
2024-03-17 07:30:00,7,7,12,0,12,38
2024-03-17 07:40:00,9,10,11,2,11,43
2024-03-17 07:50:00,8,8,6,0,6,28
2024-03-17 08:00:00,6,9,7,2,6,30
2024-03-17 08:10:00,6,6,8,2,8,30
2024-03-17 08:20:00,14,13,5,0,6,38
2024-03-17 08:30:00,7,8,12,2,12,41
2024-03-17 08:40:00,6,7,12,2,13,40
2024-03-17 08:50:00,10,8,10,0,10,38
2024-03-17 09:00:00,6,7,13,2,13,41
2024-03-17 09:10:00,10,11,12,2,12,47
2024-03-17 09:20:00,9,10,24,0,25,68
2024-03-17 09:30:00,14,14,21,4,22,75
2024-03-17 09:40:00,12,16,22,4,22,76
2024-03-17 09:50:00,13,13,22,2,25,75
2024-03-17 10:00:00,11,13,19,5,20,68
2024-03-17 10:10:00,18,18,25,2,26,89
2024-03-17 10:20:00,13,14,16,0,19,62
2024-03-17 10:30:00,16,16,22,2,22,78
2024-03-17 10:40:00,20,22,25,3,25,95
2024-03-17 10:50:00,13,15,30,1,32,91
2024-03-17 11:00:00,17,19,31,2,31,100
2024-03-17 11:10:00,19,23,32,1,32,107
2024-03-17 11:20:00,16,22,24,3,27,92
2024-03-17 11:30:00,19,24,26,1,27,97
2024-03-17 11:40:00,25,37,38,6,36,142
2024-03-17 11:50:00,22,24,37,2,37,122
2024-03-17 12:00:00,23,25,39,2,38,127
2024-03-17 12:10:00,25,29,43,5,45,147
2024-03-17 12:20:00,22,26,42,1,43,134
2024-03-17 12:30:00,21,31,33,2,30,117
2024-03-17 12:40:00,34,34,21,3,24,116
2024-03-17 12:50:00,29,31,43,5,42,150
2024-03-17 13:00:00,24,32,34,3,34,127
2024-03-17 13:10:00,23,31,35,2,36,127
2024-03-17 13:20:00,25,32,31,4,31,123
2024-03-17 13:30:00,36,44,37,2,37,156
2024-03-17 13:40:00,27,30,33,9,35,134
2024-03-17 13:50:00,26,32,34,2,34,128
2024-03-17 14:00:00,26,37,33,3,33,132
2024-03-17 14:10:00,22,31,32,2,35,122
2024-03-17 14:20:00,30,37,32,1,33,133
2024-03-17 14:30:00,30,33,28,3,28,122
2024-03-17 14:40:00,24,28,33,3,33,121
2024-03-17 14:50:00,29,33,30,0,31,123
2024-03-17 15:00:00,27,37,46,4,46,160
2024-03-17 15:10:00,31,32,32,5,33,133
2024-03-17 15:20:00,25,33,29,5,32,124
2024-03-17 15:30:00,31,43,27,4,27,132
2024-03-17 15:40:00,27,32,40,4,42,145
2024-03-17 15:50:00,20,23,33,4,32,112
2024-03-17 16:00:00,25,33,26,3,28,115
2024-03-17 16:10:00,19,24,32,2,33,110
2024-03-17 16:20:00,29,34,30,3,33,129
2024-03-17 16:30:00,25,30,32,3,33,123
2024-03-17 16:40:00,25,26,28,5,29,113
2024-03-17 16:50:00,25,30,30,5,32,122
2024-03-17 17:00:00,23,31,35,5,38,132
2024-03-17 17:10:00,30,35,41,3,40,149
2024-03-17 17:20:00,25,36,37,1,35,134
2024-03-17 17:30:00,26,35,41,2,43,147
2024-03-17 17:40:00,24,26,44,4,43,141
2024-03-17 17:50:00,23,30,33,4,33,123
2024-03-17 18:00:00,18,23,36,3,36,116
2024-03-17 18:10:00,24,27,32,4,33,120
2024-03-17 18:20:00,15,22,39,5,40,121
2024-03-17 18:30:00,15,17,23,3,24,82
2024-03-17 18:40:00,22,30,27,3,25,107
2024-03-17 18:50:00,22,21,19,1,23,86
2024-03-17 19:00:00,10,18,21,0,24,73
2024-03-17 19:10:00,11,20,31,10,33,105
2024-03-17 19:20:00,17,23,37,3,37,117
2024-03-17 19:30:00,15,19,27,3,28,92
2024-03-17 19:40:00,14,19,32,3,32,100
2024-03-17 19:50:00,20,24,37,2,37,120
2024-03-17 20:00:00,14,18,21,1,21,75
2024-03-17 20:10:00,14,15,22,0,22,73
2024-03-17 20:20:00,19,24,19,2,20,84
2024-03-17 20:30:00,15,21,20,1,23,80
2024-03-17 20:40:00,8,9,16,3,18,54
2024-03-17 20:50:00,11,15,28,3,28,85
2024-03-17 21:00:00,8,12,14,2,15,51
2024-03-17 21:10:00,12,19,15,0,15,61
2024-03-17 21:20:00,11,16,18,1,19,65
2024-03-17 21:30:00,17,25,11,2,12,67
2024-03-17 21:40:00,11,11,8,2,11,43
2024-03-17 21:50:00,4,6,10,1,10,31
2024-03-17 22:00:00,5,6,8,4,8,31
2024-03-17 22:10:00,9,9,10,1,10,39
2024-03-17 22:20:00,8,8,9,0,13,38
2024-03-17 22:30:00,12,12,14,2,15,55
2024-03-17 22:40:00,9,10,8,1,8,36
2024-03-17 22:50:00,5,5,8,2,10,30
2024-03-17 23:00:00,8,9,6,2,7,32
2024-03-17 23:10:00,5,8,4,0,5,22
2024-03-17 23:20:00,7,7,12,0,12,38
2024-03-17 23:30:00,7,6,8,4,9,34
2024-03-17 23:40:00,6,7,4,0,6,23
2024-03-17 23:50:00,3,3,2,0,2,10
2024-03-18 00:00:00,2,2,9,4,9,26
2024-03-18 00:10:00,3,3,5,0,5,16
2024-03-18 00:20:00,2,2,6,1,6,17
2024-03-18 00:30:00,1,1,5,0,5,12
2024-03-18 00:40:00,9,7,2,0,1,19
2024-03-18 00:50:00,6,6,6,0,4,22
2024-03-18 01:00:00,6,6,5,0,5,22
2024-03-18 01:10:00,3,3,5,1,6,18
2024-03-18 01:20:00,1,1,2,0,2,6
2024-03-18 01:30:00,1,1,1,0,1,4
2024-03-18 01:40:00,1,1,2,0,2,6
2024-03-18 01:50:00,2,1,0,0,0,3
2024-03-18 02:00:00,1,1,2,0,2,6
2024-03-18 02:10:00,0,0,3,1,3,7
2024-03-18 02:20:00,4,5,4,0,4,17
2024-03-18 02:30:00,1,1,1,0,1,4
2024-03-18 02:40:00,2,2,1,0,1,6
2024-03-18 02:50:00,1,1,0,0,0,2
2024-03-18 03:00:00,4,4,2,0,3,13
2024-03-18 03:10:00,0,0,0,0,0,0
2024-03-18 03:20:00,1,1,5,0,5,12
2024-03-18 03:30:00,1,1,2,0,2,6
2024-03-18 03:40:00,0,0,6,0,6,12
2024-03-18 03:50:00,1,1,2,0,2,6
2024-03-18 04:00:00,0,0,2,0,2,4
2024-03-18 04:10:00,2,2,4,0,5,13
2024-03-18 04:20:00,3,3,5,0,4,15
2024-03-18 04:30:00,1,1,5,1,6,14
2024-03-18 04:40:00,4,3,7,0,8,22
2024-03-18 04:50:00,3,3,8,0,8,22
2024-03-18 05:00:00,8,8,10,0,10,36
2024-03-18 05:10:00,7,7,13,3,13,43
2024-03-18 05:20:00,7,8,15,1,15,46
2024-03-18 05:30:00,6,7,20,4,22,59
2024-03-18 05:40:00,14,13,38,3,37,105
2024-03-18 05:50:00,12,11,45,0,46,114
2024-03-18 06:00:00,19,16,33,5,36,109
2024-03-18 06:10:00,8,9,45,4,45,111
2024-03-18 06:20:00,17,18,40,1,41,117
2024-03-18 06:30:00,17,15,53,7,52,144
2024-03-18 06:40:00,12,22,53,8,56,151
2024-03-18 06:50:00,18,20,79,2,77,196
2024-03-18 07:00:00,18,23,50,9,53,153
2024-03-18 07:10:00,22,25,70,8,70,195
2024-03-18 07:20:00,19,26,71,6,71,193
2024-03-18 07:30:00,37,36,70,8,70,221
2024-03-18 07:40:00,42,48,69,8,66,233
2024-03-18 07:50:00,39,40,78,6,78,241
2024-03-18 08:00:00,34,36,50,8,49,177
2024-03-18 08:10:00,23,35,66,12,66,202
2024-03-18 08:20:00,21,32,57,4,56,170
2024-03-18 08:30:00,25,29,63,4,64,185
2024-03-18 08:40:00,32,39,67,6,73,217
2024-03-18 08:50:00,22,29,60,5,57,173
2024-03-18 09:00:00,24,32,54,7,56,173
2024-03-18 09:10:00,19,21,47,7,47,141
2024-03-18 09:20:00,19,22,58,7,60,166
2024-03-18 09:30:00,27,35,70,7,70,209
2024-03-18 09:40:00,22,29,48,5,46,150
2024-03-18 09:50:00,20,22,48,3,50,143
2024-03-18 10:00:00,22,26,52,6,53,159
2024-03-18 10:10:00,20,24,44,6,42,136
2024-03-18 10:20:00,12,21,43,4,43,123
2024-03-18 10:30:00,21,24,44,2,43,134
2024-03-18 10:40:00,21,22,48,6,48,145
2024-03-18 10:50:00,18,22,35,5,35,115
2024-03-18 11:00:00,18,24,34,7,36,119
2024-03-18 11:10:00,18,24,47,4,48,141
2024-03-18 11:20:00,18,24,43,3,44,132
2024-03-18 11:30:00,18,29,47,5,48,147
2024-03-18 11:40:00,19,19,52,6,48,144
2024-03-18 11:50:00,27,31,45,0,42,145
2024-03-18 12:00:00,24,26,42,7,44,143
2024-03-18 12:10:00,24,26,51,3,50,154
2024-03-18 12:20:00,16,19,52,9,53,149
2024-03-18 12:30:00,22,30,49,6,52,159
2024-03-18 12:40:00,19,23,48,2,53,145
2024-03-18 12:50:00,17,19,41,5,38,120
2024-03-18 13:00:00,23,27,43,6,44,143
2024-03-18 13:10:00,23,25,51,4,53,156
2024-03-18 13:20:00,17,24,46,3,48,138
2024-03-18 13:30:00,18,23,46,4,47,138
2024-03-18 13:40:00,16,22,45,2,47,132
2024-03-18 13:50:00,13,18,38,5,44,118
2024-03-18 14:00:00,17,24,44,8,42,135
2024-03-18 14:10:00,24,25,39,6,40,134
2024-03-18 14:20:00,29,32,42,0,44,147
2024-03-18 14:30:00,26,35,57,7,60,185
2024-03-18 14:40:00,27,40,66,7,67,207
2024-03-18 14:50:00,28,35,54,6,53,176
2024-03-18 15:00:00,22,32,42,3,41,140
2024-03-18 15:10:00,24,28,45,6,47,150
2024-03-18 15:20:00,30,34,46,3,46,159
2024-03-18 15:30:00,31,43,64,5,63,206
2024-03-18 15:40:00,32,45,60,3,62,202
2024-03-18 15:50:00,23,23,50,2,48,146
2024-03-18 16:00:00,28,28,62,4,67,189
2024-03-18 16:10:00,20,37,61,11,61,190
2024-03-18 16:20:00,19,32,48,4,47,150
2024-03-18 16:30:00,29,41,40,5,42,157
2024-03-18 16:40:00,32,28,58,3,60,181
2024-03-18 16:50:00,35,34,57,2,54,182
2024-03-18 17:00:00,31,33,44,3,46,157
2024-03-18 17:10:00,22,24,55,5,58,164
2024-03-18 17:20:00,28,31,44,8,43,154
2024-03-18 17:30:00,35,41,48,4,51,179
2024-03-18 17:40:00,37,40,62,7,61,207
2024-03-18 17:50:00,27,33,40,6,43,149
2024-03-18 18:00:00,35,42,30,3,31,141
2024-03-18 18:10:00,34,34,36,5,39,148
2024-03-18 18:20:00,21,23,34,1,34,113
2024-03-18 18:30:00,37,34,42,4,47,164
2024-03-18 18:40:00,21,25,31,5,34,116
2024-03-18 18:50:00,32,30,33,4,34,133
2024-03-18 19:00:00,17,29,26,2,31,105
2024-03-18 19:10:00,16,19,33,6,36,110
2024-03-18 19:20:00,18,23,38,0,37,116
2024-03-18 19:30:00,22,23,28,3,32,108
2024-03-18 19:40:00,12,14,25,5,26,82
2024-03-18 19:50:00,11,12,29,1,29,82
2024-03-18 20:00:00,25,23,24,3,24,99
2024-03-18 20:10:00,10,16,30,2,33,91
2024-03-18 20:20:00,12,12,30,3,27,84
2024-03-18 20:30:00,10,15,20,0,21,66
2024-03-18 20:40:00,11,14,17,3,17,62
2024-03-18 20:50:00,11,17,33,3,33,97
2024-03-18 21:00:00,12,17,16,5,16,66
2024-03-18 21:10:00,11,17,10,0,10,48
2024-03-18 21:20:00,12,13,19,3,24,71
2024-03-18 21:30:00,14,21,11,0,12,58
2024-03-18 21:40:00,10,10,11,1,11,43
2024-03-18 21:50:00,4,6,11,2,11,34
2024-03-18 22:00:00,7,11,8,3,10,39
2024-03-18 22:10:00,10,12,12,0,12,46
2024-03-18 22:20:00,5,5,12,1,16,39
2024-03-18 22:30:00,8,5,15,4,14,46
2024-03-18 22:40:00,8,7,7,0,7,29
2024-03-18 22:50:00,6,5,4,2,4,21
2024-03-18 23:00:00,7,6,7,2,8,30
2024-03-18 23:10:00,5,5,7,0,8,25
2024-03-18 23:20:00,8,8,8,0,10,34
2024-03-18 23:30:00,3,3,7,1,8,22
2024-03-18 23:40:00,1,0,3,2,3,9
2024-03-18 23:50:00,2,2,3,0,5,12
2024-03-19 00:00:00,2,2,11,3,11,29
2024-03-19 00:10:00,5,5,6,0,6,22
2024-03-19 00:20:00,2,2,6,1,7,18
2024-03-19 00:30:00,6,6,4,3,4,23
2024-03-19 00:40:00,4,3,2,0,2,11
2024-03-19 00:50:00,1,1,6,0,8,16
2024-03-19 01:00:00,3,2,1,0,2,8
2024-03-19 01:10:00,4,3,2,0,3,12
2024-03-19 01:20:00,3,3,3,0,2,11
2024-03-19 01:30:00,4,5,3,0,4,16
2024-03-19 01:40:00,2,3,1,0,1,7
2024-03-19 01:50:00,1,1,1,0,1,4
2024-03-19 02:00:00,0,0,2,0,2,4
2024-03-19 02:10:00,1,1,3,0,3,8
2024-03-19 02:20:00,2,2,0,0,0,4
2024-03-19 02:30:00,1,1,3,0,3,8
2024-03-19 02:40:00,0,0,1,0,1,2
2024-03-19 02:50:00,1,1,0,0,0,2
2024-03-19 03:00:00,3,3,1,0,1,8
2024-03-19 03:10:00,2,2,3,0,3,10
2024-03-19 03:20:00,0,1,0,0,0,1
2024-03-19 03:30:00,1,1,5,1,5,13
2024-03-19 03:40:00,1,1,2,0,2,6
2024-03-19 03:50:00,3,3,6,0,7,19
2024-03-19 04:00:00,2,1,5,0,5,13
2024-03-19 04:10:00,0,0,4,0,4,8
2024-03-19 04:20:00,1,2,3,0,3,9
2024-03-19 04:30:00,1,2,5,1,6,15
2024-03-19 04:40:00,4,5,4,0,4,17
2024-03-19 04:50:00,3,3,10,0,11,27
2024-03-19 05:00:00,3,2,16,0,19,40
2024-03-19 05:10:00,5,5,19,3,19,51
2024-03-19 05:20:00,5,6,17,0,19,47
2024-03-19 05:30:00,7,8,24,0,24,63
2024-03-19 05:40:00,11,10,26,3,28,78
2024-03-19 05:50:00,12,14,54,1,54,135
2024-03-19 06:00:00,16,17,32,3,34,102
2024-03-19 06:10:00,10,12,43,4,44,113
2024-03-19 06:20:00,15,19,48,0,48,130
2024-03-19 06:30:00,17,17,52,4,53,143
2024-03-19 06:40:00,20,27,61,3,59,170
2024-03-19 06:50:00,20,21,56,4,58,159
2024-03-19 07:00:00,16,22,74,6,73,191
2024-03-19 07:10:00,26,33,61,5,63,188
2024-03-19 07:20:00,23,27,68,5,69,192
2024-03-19 07:30:00,40,40,82,4,80,246
2024-03-19 07:40:00,32,34,84,9,81,240
2024-03-19 07:50:00,35,31,53,7,56,182
2024-03-19 08:00:00,29,38,62,7,62,198
2024-03-19 08:10:00,21,33,61,8,62,185
2024-03-19 08:20:00,27,35,84,5,85,236
2024-03-19 08:30:00,38,38,63,4,61,204
2024-03-19 08:40:00,29,32,71,11,75,218
2024-03-19 08:50:00,31,30,52,3,54,170
2024-03-19 09:00:00,31,38,44,6,46,165
2024-03-19 09:10:00,19,26,53,6,56,160
2024-03-19 09:20:00,22,29,56,3,53,163
2024-03-19 09:30:00,29,32,53,5,54,173
2024-03-19 09:40:00,22,27,48,3,51,151
2024-03-19 09:50:00,25,30,44,9,46,154
2024-03-19 10:00:00,20,26,52,7,48,153
2024-03-19 10:10:00,17,22,42,8,43,132
2024-03-19 10:20:00,22,23,37,1,40,123
2024-03-19 10:30:00,21,25,48,5,46,145
2024-03-19 10:40:00,16,20,57,10,59,162
2024-03-19 10:50:00,19,25,48,3,48,143
2024-03-19 11:00:00,19,23,40,6,39,127
2024-03-19 11:10:00,19,20,48,3,47,137
2024-03-19 11:20:00,14,20,41,1,40,116
2024-03-19 11:30:00,18,22,43,4,44,131
2024-03-19 11:40:00,16,25,33,5,33,112
2024-03-19 11:50:00,19,26,43,4,44,136
2024-03-19 12:00:00,18,26,45,6,46,141
2024-03-19 12:10:00,19,23,36,5,38,121
2024-03-19 12:20:00,17,24,33,8,34,116
2024-03-19 12:30:00,24,31,34,6,34,129
2024-03-19 12:40:00,20,22,40,5,40,127
2024-03-19 12:50:00,19,25,48,1,49,142
2024-03-19 13:00:00,20,23,51,6,55,155
2024-03-19 13:10:00,21,29,38,4,37,129
2024-03-19 13:20:00,16,21,45,6,44,132
2024-03-19 13:30:00,28,38,61,3,65,195
2024-03-19 13:40:00,17,30,50,9,50,156
2024-03-19 13:50:00,25,27,31,5,32,120
2024-03-19 14:00:00,19,23,30,5,33,110
2024-03-19 14:10:00,19,26,59,10,61,175
2024-03-19 14:20:00,22,31,40,5,43,141
2024-03-19 14:30:00,15,23,50,6,51,145
2024-03-19 14:40:00,23,27,47,6,44,147
2024-03-19 14:50:00,23,38,40,3,45,149
2024-03-19 15:00:00,25,30,51,8,51,165
2024-03-19 15:10:00,21,34,55,7,59,176
2024-03-19 15:20:00,28,34,46,4,48,160
2024-03-19 15:30:00,25,43,55,11,56,190
2024-03-19 15:40:00,30,31,60,10,60,191
2024-03-19 15:50:00,22,32,57,4,60,175
2024-03-19 16:00:00,23,30,57,5,61,176
2024-03-19 16:10:00,27,35,48,10,47,167
2024-03-19 16:20:00,24,28,40,1,44,137
2024-03-19 16:30:00,29,37,68,6,68,208
2024-03-19 16:40:00,34,46,64,6,66,216
2024-03-19 16:50:00,34,36,50,3,54,177
2024-03-19 17:00:00,33,44,65,5,63,210
2024-03-19 17:10:00,33,34,57,4,59,187
2024-03-19 17:20:00,35,40,54,7,59,195
2024-03-19 17:30:00,40,42,53,7,53,195
2024-03-19 17:40:00,26,28,56,9,58,177
2024-03-19 17:50:00,26,30,43,5,44,148
2024-03-19 18:00:00,30,33,45,4,49,161
2024-03-19 18:10:00,45,44,55,3,56,203
2024-03-19 18:20:00,32,34,55,5,54,180
2024-03-19 18:30:00,31,34,37,5,42,149
2024-03-19 18:40:00,25,27,48,8,48,156
2024-03-19 18:50:00,26,34,31,2,31,124
2024-03-19 19:00:00,21,20,35,4,38,118
2024-03-19 19:10:00,23,20,30,7,32,112
2024-03-19 19:20:00,25,27,35,3,36,126
2024-03-19 19:30:00,22,22,24,5,24,97
2024-03-19 19:40:00,18,22,34,8,36,118
2024-03-19 19:50:00,21,24,31,3,32,111
2024-03-19 20:00:00,28,30,28,4,30,120
2024-03-19 20:10:00,16,24,30,6,31,107
2024-03-19 20:20:00,7,11,26,2,26,72
2024-03-19 20:30:00,18,20,24,5,26,93
2024-03-19 20:40:00,16,16,30,0,33,95
2024-03-19 20:50:00,7,11,31,5,31,85
2024-03-19 21:00:00,17,19,24,2,25,87
2024-03-19 21:10:00,15,14,23,4,23,79
2024-03-19 21:20:00,10,13,10,2,10,45
2024-03-19 21:30:00,9,15,16,0,17,57
2024-03-19 21:40:00,8,11,22,3,22,66
2024-03-19 21:50:00,8,13,22,3,26,72
2024-03-19 22:00:00,12,12,18,2,17,61
2024-03-19 22:10:00,11,16,17,1,16,61
2024-03-19 22:20:00,8,8,7,0,9,32
2024-03-19 22:30:00,9,10,13,6,13,51
2024-03-19 22:40:00,9,7,16,2,16,50
2024-03-19 22:50:00,4,6,5,4,7,26
2024-03-19 23:00:00,9,11,11,2,11,44
2024-03-19 23:10:00,6,7,5,0,6,24
2024-03-19 23:20:00,6,8,5,1,5,25
2024-03-19 23:30:00,6,8,4,3,4,25
2024-03-19 23:40:00,4,5,6,0,7,22
2024-03-19 23:50:00,4,4,6,0,7,21
2024-03-20 00:00:00,2,4,11,2,11,30
2024-03-20 00:10:00,8,10,3,0,3,24
2024-03-20 00:20:00,5,4,4,0,4,17
2024-03-20 00:30:00,5,6,6,1,7,25
2024-03-20 00:40:00,5,5,3,0,3,16
2024-03-20 00:50:00,2,2,5,0,6,15
2024-03-20 01:00:00,1,1,1,0,2,5
2024-03-20 01:10:00,2,2,1,0,1,6
2024-03-20 01:20:00,3,3,4,1,4,15
2024-03-20 01:30:00,2,2,3,0,3,10
2024-03-20 01:40:00,6,5,4,0,4,19
2024-03-20 01:50:00,1,1,2,0,2,6
2024-03-20 02:00:00,1,1,1,0,1,4
2024-03-20 02:10:00,2,3,2,0,2,9
2024-03-20 02:20:00,0,0,5,0,5,10
2024-03-20 02:30:00,2,2,1,0,1,6
2024-03-20 02:40:00,1,1,2,0,2,6
2024-03-20 02:50:00,0,0,3,0,3,6
2024-03-20 03:00:00,2,2,4,0,4,12
2024-03-20 03:10:00,4,4,3,0,3,14
2024-03-20 03:20:00,4,4,4,0,4,16
2024-03-20 03:30:00,2,2,3,2,4,13
2024-03-20 03:40:00,2,3,4,0,4,13
2024-03-20 03:50:00,1,1,2,0,2,6
2024-03-20 04:00:00,1,1,1,0,1,4
2024-03-20 04:10:00,3,2,6,0,6,17
2024-03-20 04:20:00,3,4,2,0,4,13
2024-03-20 04:30:00,2,2,5,1,5,15
2024-03-20 04:40:00,6,9,8,0,8,31
2024-03-20 04:50:00,0,0,11,0,11,22
2024-03-20 05:00:00,7,6,8,0,8,29
2024-03-20 05:10:00,2,2,14,5,14,37
2024-03-20 05:20:00,6,7,19,1,20,53
2024-03-20 05:30:00,6,8,20,1,20,55
2024-03-20 05:40:00,12,11,35,7,35,100
2024-03-20 05:50:00,11,12,45,2,46,116
2024-03-20 06:00:00,14,13,31,4,31,93
2024-03-20 06:10:00,12,14,43,5,43,117
2024-03-20 06:20:00,17,18,51,1,55,142
2024-03-20 06:30:00,13,17,55,6,51,142
2024-03-20 06:40:00,18,26,68,5,71,188
2024-03-20 06:50:00,20,24,57,6,56,163
2024-03-20 07:00:00,19,21,64,7,61,172
2024-03-20 07:10:00,26,33,68,12,69,208
2024-03-20 07:20:00,21,24,56,9,56,166
2024-03-20 07:30:00,36,42,57,9,56,200
2024-03-20 07:40:00,35,37,68,4,70,214
2024-03-20 07:50:00,55,53,66,6,64,244
2024-03-20 08:00:00,30,29,56,5,56,176
2024-03-20 08:10:00,28,31,57,7,56,179
2024-03-20 08:20:00,29,36,60,3,65,193
2024-03-20 08:30:00,30,35,70,4,70,209
2024-03-20 08:40:00,20,30,70,10,69,199
2024-03-20 08:50:00,33,35,65,0,66,199
2024-03-20 09:00:00,19,25,51,5,53,153
2024-03-20 09:10:00,15,22,56,10,53,156
2024-03-20 09:20:00,20,31,57,2,57,167
2024-03-20 09:30:00,23,30,46,8,47,154
2024-03-20 09:40:00,29,27,50,3,52,161
2024-03-20 09:50:00,22,26,40,4,40,132
2024-03-20 10:00:00,15,19,49,6,52,141
2024-03-20 10:10:00,13,15,47,5,46,126
2024-03-20 10:20:00,16,23,50,4,49,142
2024-03-20 10:30:00,21,27,42,10,40,140
2024-03-20 10:40:00,15,26,45,6,49,141
2024-03-20 10:50:00,24,25,48,6,46,149
2024-03-20 11:00:00,27,28,57,4,58,174
2024-03-20 11:10:00,23,27,39,5,43,137
2024-03-20 11:20:00,19,21,51,10,54,155
2024-03-20 11:30:00,15,23,37,6,34,115
2024-03-20 11:40:00,23,24,37,6,39,129
2024-03-20 11:50:00,17,21,42,8,40,128
2024-03-20 12:00:00,32,37,50,8,52,179
2024-03-20 12:10:00,24,25,38,2,37,126
2024-03-20 12:20:00,25,30,47,5,47,154
2024-03-20 12:30:00,23,28,36,7,37,131
2024-03-20 12:40:00,32,30,43,5,43,153
2024-03-20 12:50:00,26,26,39,3,40,134
2024-03-20 13:00:00,17,23,45,3,41,129
2024-03-20 13:10:00,21,27,48,5,49,150
2024-03-20 13:20:00,21,26,43,4,42,136
2024-03-20 13:30:00,31,37,37,5,38,148
2024-03-20 13:40:00,18,21,66,5,65,175
2024-03-20 13:50:00,17,22,39,4,39,121
2024-03-20 14:00:00,20,23,39,6,41,129
2024-03-20 14:10:00,22,28,52,11,53,166
2024-03-20 14:20:00,21,33,48,5,50,157
2024-03-20 14:30:00,23,25,46,10,47,151
2024-03-20 14:40:00,24,31,63,9,65,192
2024-03-20 14:50:00,19,25,35,1,34,114
2024-03-20 15:00:00,30,36,41,5,41,153
2024-03-20 15:10:00,27,32,44,5,47,155
2024-03-20 15:20:00,27,27,50,5,52,161
2024-03-20 15:30:00,28,30,61,5,62,186
2024-03-20 15:40:00,31,35,52,5,51,174
2024-03-20 15:50:00,31,35,54,9,56,185
2024-03-20 16:00:00,30,36,61,9,58,194
2024-03-20 16:10:00,27,27,56,2,58,170
2024-03-20 16:20:00,28,29,68,7,60,192
2024-03-20 16:30:00,35,40,45,5,51,176
2024-03-20 16:40:00,41,37,51,7,51,187
2024-03-20 16:50:00,26,28,66,6,65,191
2024-03-20 17:00:00,30,34,52,4,51,171
2024-03-20 17:10:00,26,24,53,4,55,162
2024-03-20 17:20:00,32,36,51,7,52,178
2024-03-20 17:30:00,33,31,57,6,57,184
2024-03-20 17:40:00,30,32,56,8,59,185
2024-03-20 17:50:00,26,23,56,4,56,165
2024-03-20 18:00:00,24,28,53,3,55,163
2024-03-20 18:10:00,28,30,44,8,44,154
2024-03-20 18:20:00,27,29,53,2,51,162
2024-03-20 18:30:00,24,27,38,4,42,135
2024-03-20 18:40:00,31,29,53,8,52,173
2024-03-20 18:50:00,16,21,32,3,35,107
2024-03-20 19:00:00,19,18,36,3,34,110
2024-03-20 19:10:00,15,13,35,10,41,114
2024-03-20 19:20:00,23,29,28,2,27,109
2024-03-20 19:30:00,15,23,27,3,28,96
2024-03-20 19:40:00,13,20,40,6,37,116
2024-03-20 19:50:00,21,23,29,1,33,107
2024-03-20 20:00:00,20,26,31,4,31,112
2024-03-20 20:10:00,13,20,34,2,35,104
2024-03-20 20:20:00,15,16,32,5,32,100
2024-03-20 20:30:00,11,16,27,4,28,86
2024-03-20 20:40:00,19,21,22,2,24,88
2024-03-20 20:50:00,16,21,22,5,21,85
2024-03-20 21:00:00,11,16,25,2,25,79
2024-03-20 21:10:00,15,25,24,2,25,91
2024-03-20 21:20:00,11,15,26,2,28,82
2024-03-20 21:30:00,9,17,21,5,20,72
2024-03-20 21:40:00,9,11,11,0,11,42
2024-03-20 21:50:00,11,15,26,3,28,83
2024-03-20 22:00:00,10,13,15,0,14,52
2024-03-20 22:10:00,13,19,12,2,14,60
2024-03-20 22:20:00,12,14,16,1,17,60
2024-03-20 22:30:00,3,5,13,3,14,38
2024-03-20 22:40:00,8,10,6,1,6,31
2024-03-20 22:50:00,9,12,17,3,17,58
2024-03-20 23:00:00,6,7,13,0,13,39
2024-03-20 23:10:00,6,8,10,0,10,34
2024-03-20 23:20:00,4,6,8,0,10,28
2024-03-20 23:30:00,5,5,7,4,8,29
2024-03-20 23:40:00,6,7,4,0,5,22
2024-03-20 23:50:00,3,3,6,0,7,19
2024-03-21 00:00:00,6,9,7,3,7,32
2024-03-21 00:10:00,4,4,3,0,3,14
2024-03-21 00:20:00,3,3,7,1,9,23
2024-03-21 00:30:00,6,6,6,2,5,25
2024-03-21 00:40:00,4,6,8,0,9,27
2024-03-21 00:50:00,6,6,4,0,4,20
2024-03-21 01:00:00,5,7,2,0,4,18
2024-03-21 01:10:00,4,6,3,0,3,16
2024-03-21 01:20:00,3,4,4,0,4,15
2024-03-21 01:30:00,1,1,4,0,4,10
2024-03-21 01:40:00,4,5,4,0,5,18
2024-03-21 01:50:00,3,3,3,0,3,12
2024-03-21 02:00:00,3,3,4,0,4,14
2024-03-21 02:10:00,1,1,0,0,0,2
2024-03-21 02:20:00,1,1,3,0,3,8
2024-03-21 02:30:00,0,0,2,0,2,4
2024-03-21 02:40:00,1,1,2,0,2,6
2024-03-21 02:50:00,0,2,3,0,3,8
2024-03-21 03:00:00,2,2,0,0,0,4
2024-03-21 03:10:00,2,2,1,0,1,6
2024-03-21 03:20:00,4,4,0,0,0,8
2024-03-21 03:30:00,2,2,6,0,6,16
2024-03-21 03:40:00,3,3,3,0,3,12
2024-03-21 03:50:00,1,1,4,0,5,11
2024-03-21 04:00:00,3,3,4,2,4,16
2024-03-21 04:10:00,1,1,5,1,5,13
2024-03-21 04:20:00,1,1,4,0,4,10
2024-03-21 04:30:00,3,4,3,0,3,13
2024-03-21 04:40:00,2,2,3,0,3,10
2024-03-21 04:50:00,3,3,13,0,13,32
2024-03-21 05:00:00,5,3,8,0,9,25
2024-03-21 05:10:00,2,2,18,1,17,40
2024-03-21 05:20:00,5,7,14,0,16,42
2024-03-21 05:30:00,7,6,29,2,30,74
2024-03-21 05:40:00,12,15,36,4,37,104
2024-03-21 05:50:00,13,15,44,3,43,118
2024-03-21 06:00:00,15,15,43,4,43,120
2024-03-21 06:10:00,10,13,36,3,38,100
2024-03-21 06:20:00,14,19,41,1,41,116
2024-03-21 06:30:00,15,23,62,6,63,169
2024-03-21 06:40:00,20,28,75,6,76,205
2024-03-21 06:50:00,12,24,68,5,68,177
2024-03-21 07:00:00,19,21,61,6,64,171
2024-03-21 07:10:00,25,34,62,12,60,193
2024-03-21 07:20:00,20,20,70,8,70,188
2024-03-21 07:30:00,31,36,63,9,66,205
2024-03-21 07:40:00,43,45,71,9,69,237
2024-03-21 07:50:00,38,37,55,6,58,194
2024-03-21 08:00:00,21,25,72,7,71,196
2024-03-21 08:10:00,20,27,53,10,53,163
2024-03-21 08:20:00,24,28,72,4,75,203
2024-03-21 08:30:00,31,39,66,10,65,211
2024-03-21 08:40:00,21,23,70,7,70,191
2024-03-21 08:50:00,27,28,65,6,67,193
2024-03-21 09:00:00,22,25,43,10,43,143
2024-03-21 09:10:00,23,27,46,6,45,147
2024-03-21 09:20:00,26,31,34,3,38,132
2024-03-21 09:30:00,15,23,48,4,46,136
2024-03-21 09:40:00,21,27,45,6,47,146
2024-03-21 09:50:00,18,23,58,1,56,156
2024-03-21 10:00:00,19,24,46,3,47,139
2024-03-21 10:10:00,14,19,54,7,56,150
2024-03-21 10:20:00,26,23,39,7,39,134
2024-03-21 10:30:00,21,25,45,6,46,143
2024-03-21 10:40:00,29,26,45,6,44,150
2024-03-21 10:50:00,22,27,47,3,48,147
2024-03-21 11:00:00,21,22,36,11,35,125
2024-03-21 11:10:00,16,18,47,5,47,133
2024-03-21 11:20:00,18,24,43,6,43,134
2024-03-21 11:30:00,21,28,43,7,45,144
2024-03-21 11:40:00,16,18,36,7,35,112
2024-03-21 11:50:00,26,30,38,0,38,132
2024-03-21 12:00:00,28,27,45,4,45,149
2024-03-21 12:10:00,26,31,46,7,50,160
2024-03-21 12:20:00,24,26,41,8,40,139
2024-03-21 12:30:00,20,25,50,8,50,153
2024-03-21 12:40:00,19,35,39,7,39,139
2024-03-21 12:50:00,23,29,46,5,45,148
2024-03-21 13:00:00,21,24,37,8,36,126
2024-03-21 13:10:00,28,35,38,3,41,145
2024-03-21 13:20:00,24,27,47,6,46,150
2024-03-21 13:30:00,24,26,56,8,57,171
2024-03-21 13:40:00,28,35,34,2,32,131
2024-03-21 13:50:00,17,23,43,2,44,129
2024-03-21 14:00:00,22,27,43,3,45,140
2024-03-21 14:10:00,30,28,46,8,46,158
2024-03-21 14:20:00,18,24,48,5,49,144
2024-03-21 14:30:00,22,27,65,5,66,185
2024-03-21 14:40:00,28,35,54,6,54,177
2024-03-21 14:50:00,19,31,46,2,49,147
2024-03-21 15:00:00,25,35,42,8,49,159
2024-03-21 15:10:00,26,31,66,10,64,197
2024-03-21 15:20:00,34,39,51,3,54,181
2024-03-21 15:30:00,23,29,60,11,63,186
2024-03-21 15:40:00,24,29,54,6,54,167
2024-03-21 15:50:00,21,33,71,8,72,205
2024-03-21 16:00:00,25,33,46,4,46,154
2024-03-21 16:10:00,28,35,62,8,61,194
2024-03-21 16:20:00,32,39,48,5,51,175
2024-03-21 16:30:00,29,36,45,7,47,164
2024-03-21 16:40:00,35,35,57,10,59,196
2024-03-21 16:50:00,33,35,58,1,56,183
2024-03-21 17:00:00,29,31,46,11,47,164
2024-03-21 17:10:00,40,41,53,5,55,194
2024-03-21 17:20:00,35,44,49,2,49,179
2024-03-21 17:30:00,26,40,53,5,56,180
2024-03-21 17:40:00,27,30,61,8,59,185
2024-03-21 17:50:00,32,37,44,5,48,166
2024-03-21 18:00:00,26,35,58,5,57,181
2024-03-21 18:10:00,22,30,51,6,51,160
2024-03-21 18:20:00,31,38,50,2,49,170
2024-03-21 18:30:00,31,36,31,4,35,137
2024-03-21 18:40:00,21,30,31,4,35,121
2024-03-21 18:50:00,24,30,28,3,30,115
2024-03-21 19:00:00,31,31,45,4,44,155
2024-03-21 19:10:00,25,33,16,4,17,95
2024-03-21 19:20:00,18,22,33,4,33,110
2024-03-21 19:30:00,26,27,28,3,28,112
2024-03-21 19:40:00,22,33,35,4,35,129
2024-03-21 19:50:00,17,21,22,1,25,86
2024-03-21 20:00:00,12,15,42,3,43,115
2024-03-21 20:10:00,16,18,16,5,17,72
2024-03-21 20:20:00,13,13,25,2,28,81
2024-03-21 20:30:00,12,18,29,2,29,90
2024-03-21 20:40:00,17,23,27,3,33,103
2024-03-21 20:50:00,17,17,23,1,24,82
2024-03-21 21:00:00,15,19,29,5,32,100
2024-03-21 21:10:00,10,15,27,3,26,81
2024-03-21 21:20:00,13,18,15,2,15,63
2024-03-21 21:30:00,15,21,15,3,15,69
2024-03-21 21:40:00,10,15,23,1,25,74
2024-03-21 21:50:00,14,15,16,1,16,62
2024-03-21 22:00:00,4,8,18,4,20,54
2024-03-21 22:10:00,7,12,22,0,21,62
2024-03-21 22:20:00,11,14,15,0,15,55
2024-03-21 22:30:00,7,8,12,3,13,43
2024-03-21 22:40:00,10,15,12,5,12,54
2024-03-21 22:50:00,15,15,15,2,16,63
2024-03-21 23:00:00,9,11,15,4,14,53
2024-03-21 23:10:00,14,15,13,1,14,57
2024-03-21 23:20:00,6,9,15,0,16,46
2024-03-21 23:30:00,5,6,17,2,17,47
2024-03-21 23:40:00,7,8,11,3,12,41
2024-03-21 23:50:00,5,6,15,1,18,45
2024-03-22 00:00:00,3,4,12,4,12,35
2024-03-22 00:10:00,3,3,5,0,6,17
2024-03-22 00:20:00,1,3,5,0,6,15
2024-03-22 00:30:00,4,6,7,1,8,26
2024-03-22 00:40:00,1,2,4,0,4,11
2024-03-22 00:50:00,7,7,4,0,4,22
2024-03-22 01:00:00,5,5,6,0,6,22
2024-03-22 01:10:00,4,4,1,0,3,12
2024-03-22 01:20:00,3,3,4,0,4,14
2024-03-22 01:30:00,2,2,2,0,1,7
2024-03-22 01:40:00,0,0,2,0,3,5
2024-03-22 01:50:00,2,2,2,0,2,8
2024-03-22 02:00:00,1,1,5,0,6,13
2024-03-22 02:10:00,0,0,1,0,1,2
2024-03-22 02:20:00,2,2,0,0,0,4
2024-03-22 02:30:00,2,2,3,0,3,10
2024-03-22 02:40:00,3,3,3,0,4,13
2024-03-22 02:50:00,0,0,3,0,3,6
2024-03-22 03:00:00,2,3,1,0,1,7
2024-03-22 03:10:00,2,2,5,0,5,14
2024-03-22 03:20:00,1,1,4,0,4,10
2024-03-22 03:30:00,2,2,5,0,5,14
2024-03-22 03:40:00,0,0,6,0,6,12
2024-03-22 03:50:00,0,0,2,0,2,4
2024-03-22 04:00:00,0,1,2,0,2,5
2024-03-22 04:10:00,0,0,5,0,5,10
2024-03-22 04:20:00,5,8,5,0,5,23
2024-03-22 04:30:00,2,2,4,1,4,13
2024-03-22 04:40:00,5,5,3,0,4,17
2024-03-22 04:50:00,1,1,9,0,8,19
2024-03-22 05:00:00,4,4,10,1,12,31
2024-03-22 05:10:00,6,7,14,2,15,44
2024-03-22 05:20:00,1,2,14,2,15,34
2024-03-22 05:30:00,9,7,18,3,18,55
2024-03-22 05:40:00,9,10,29,3,33,84
2024-03-22 05:50:00,11,11,31,0,30,83
2024-03-22 06:00:00,14,15,42,2,42,115
2024-03-22 06:10:00,9,10,43,4,43,109
2024-03-22 06:20:00,12,17,41,2,41,113
2024-03-22 06:30:00,18,22,48,6,47,141
2024-03-22 06:40:00,15,19,70,6,71,181
2024-03-22 06:50:00,17,20,49,5,51,142
2024-03-22 07:00:00,20,23,58,7,56,164
2024-03-22 07:10:00,27,30,70,8,61,196
2024-03-22 07:20:00,22,25,48,5,47,147
2024-03-22 07:30:00,23,29,69,7,71,199
2024-03-22 07:40:00,39,37,77,17,77,247
2024-03-22 07:50:00,32,37,69,8,67,213
2024-03-22 08:00:00,24,34,50,7,54,169
2024-03-22 08:10:00,23,26,55,8,58,170
2024-03-22 08:20:00,36,36,47,5,48,172
2024-03-22 08:30:00,20,22,64,4,67,177
2024-03-22 08:40:00,31,30,59,12,57,189
2024-03-22 08:50:00,29,32,48,7,49,165
2024-03-22 09:00:00,24,28,58,6,58,174
2024-03-22 09:10:00,26,31,47,4,49,157
2024-03-22 09:20:00,27,30,49,5,48,159
2024-03-22 09:30:00,23,26,40,5,42,136
2024-03-22 09:40:00,21,23,51,10,52,157
2024-03-22 09:50:00,20,25,44,2,45,136
2024-03-22 10:00:00,27,28,49,5,48,157
2024-03-22 10:10:00,24,30,37,5,43,139
2024-03-22 10:20:00,14,19,58,3,57,151
2024-03-22 10:30:00,12,14,52,6,52,136
2024-03-22 10:40:00,22,26,42,9,43,142
2024-03-22 10:50:00,16,19,45,4,50,134
2024-03-22 11:00:00,18,21,50,8,51,148
2024-03-22 11:10:00,20,23,57,4,59,163
2024-03-22 11:20:00,18,24,70,6,68,186
2024-03-22 11:30:00,29,30,53,4,57,173
2024-03-22 11:40:00,20,26,44,6,43,139
2024-03-22 11:50:00,26,33,56,4,55,174
2024-03-22 12:00:00,29,40,48,5,49,171
2024-03-22 12:10:00,32,35,57,3,57,184
2024-03-22 12:20:00,26,33,62,8,64,193
2024-03-22 12:30:00,32,39,49,10,50,180
2024-03-22 12:40:00,27,29,64,6,63,189
2024-03-22 12:50:00,33,36,47,3,50,169
2024-03-22 13:00:00,25,39,60,9,59,192
2024-03-22 13:10:00,27,31,47,8,50,163
2024-03-22 13:20:00,23,32,63,6,60,184
2024-03-22 13:30:00,25,29,58,6,63,181
2024-03-22 13:40:00,31,36,59,8,56,190
2024-03-22 13:50:00,26,40,54,5,57,182
2024-03-22 14:00:00,27,31,68,3,64,193
2024-03-22 14:10:00,34,38,50,8,52,182
2024-03-22 14:20:00,29,35,51,2,51,168
2024-03-22 14:30:00,23,32,56,6,61,178
2024-03-22 14:40:00,29,34,52,4,55,174
2024-03-22 14:50:00,21,41,51,6,54,173
2024-03-22 15:00:00,27,37,48,3,47,162
2024-03-22 15:10:00,27,32,47,9,51,166
2024-03-22 15:20:00,19,23,44,4,43,133
2024-03-22 15:30:00,28,32,45,5,48,158
2024-03-22 15:40:00,31,31,49,10,49,170
2024-03-22 15:50:00,25,31,56,2,55,169
2024-03-22 16:00:00,19,27,41,9,41,137
2024-03-22 16:10:00,37,38,57,5,60,197
2024-03-22 16:20:00,29,35,49,4,52,169
2024-03-22 16:30:00,29,40,53,7,54,183
2024-03-22 16:40:00,22,32,53,5,57,169
2024-03-22 16:50:00,26,35,55,2,55,173
2024-03-22 17:00:00,26,30,48,8,49,161
2024-03-22 17:10:00,28,32,55,8,57,180
2024-03-22 17:20:00,34,36,49,3,49,171
2024-03-22 17:30:00,28,37,41,6,43,155
2024-03-22 17:40:00,39,39,48,6,49,181
2024-03-22 17:50:00,19,27,48,1,49,144
2024-03-22 18:00:00,27,31,31,3,36,128
2024-03-22 18:10:00,19,32,46,9,45,151
2024-03-22 18:20:00,24,29,48,2,49,152
2024-03-22 18:30:00,11,18,18,1,20,68
2024-03-22 18:40:00,7,9,14,0,13,43
2024-03-22 18:50:00,8,9,19,1,19,56
2024-03-22 19:00:00,16,16,28,5,31,96
2024-03-22 19:10:00,21,26,38,6,38,129
2024-03-22 19:20:00,18,22,26,3,27,96
2024-03-22 19:30:00,15,22,30,4,33,104
2024-03-22 19:40:00,24,26,39,4,41,134
2024-03-22 19:50:00,16,18,29,3,32,98
2024-03-22 20:00:00,23,28,36,4,38,129
2024-03-22 20:10:00,12,17,32,2,33,96
2024-03-22 20:20:00,15,23,25,7,25,95
2024-03-22 20:30:00,11,13,25,3,28,80
2024-03-22 20:40:00,9,8,23,3,24,67
2024-03-22 20:50:00,13,12,16,2,19,62
2024-03-22 21:00:00,8,11,22,0,27,68
2024-03-22 21:10:00,11,13,26,6,27,83
2024-03-22 21:20:00,11,12,21,3,23,70
2024-03-22 21:30:00,11,16,15,2,18,62
2024-03-22 21:40:00,10,14,25,0,25,74
2024-03-22 21:50:00,13,16,14,1,14,58
2024-03-22 22:00:00,11,16,25,3,26,81
2024-03-22 22:10:00,10,12,19,1,21,63
2024-03-22 22:20:00,16,17,19,1,18,71
2024-03-22 22:30:00,7,9,13,3,14,46
2024-03-22 22:40:00,13,18,12,0,13,56
2024-03-22 22:50:00,14,14,17,2,18,65
2024-03-22 23:00:00,8,9,13,0,15,45
2024-03-22 23:10:00,9,12,20,3,20,64
2024-03-22 23:20:00,9,12,15,0,15,51
2024-03-22 23:30:00,9,10,12,5,14,50
2024-03-22 23:40:00,8,8,9,1,9,35
2024-03-22 23:50:00,6,8,7,0,9,30
2024-03-23 00:00:00,9,10,10,1,9,39
2024-03-23 00:10:00,5,5,7,3,8,28
2024-03-23 00:20:00,6,7,13,2,14,42
2024-03-23 00:30:00,5,9,6,2,6,28
2024-03-23 00:40:00,5,5,5,0,6,21
2024-03-23 00:50:00,5,7,7,0,7,26
2024-03-23 01:00:00,5,8,9,1,9,32
2024-03-23 01:10:00,7,10,7,0,7,31
2024-03-23 01:20:00,8,9,8,0,10,35
2024-03-23 01:30:00,1,3,12,0,13,29
2024-03-23 01:40:00,6,7,3,0,3,19
2024-03-23 01:50:00,5,5,8,0,7,25
2024-03-23 02:00:00,5,5,7,0,7,24
2024-03-23 02:10:00,0,1,1,0,2,4
2024-03-23 02:20:00,1,6,5,0,6,18
2024-03-23 02:30:00,4,4,5,2,6,21
2024-03-23 02:40:00,1,1,3,0,4,9
2024-03-23 02:50:00,5,5,5,0,5,20
2024-03-23 03:00:00,5,5,4,0,5,19
2024-03-23 03:10:00,2,2,3,0,4,11
2024-03-23 03:20:00,2,2,1,0,1,6
2024-03-23 03:30:00,2,3,3,0,3,11
2024-03-23 03:40:00,3,4,3,0,3,13
2024-03-23 03:50:00,3,3,3,0,4,13
2024-03-23 04:00:00,1,1,2,0,3,7
2024-03-23 04:10:00,4,4,3,0,4,15
2024-03-23 04:20:00,1,2,4,0,4,11
2024-03-23 04:30:00,1,1,5,1,5,13
2024-03-23 04:40:00,4,4,6,0,6,20
2024-03-23 04:50:00,3,4,3,0,3,13
2024-03-23 05:00:00,4,4,8,0,8,24
2024-03-23 05:10:00,3,3,6,4,7,23
2024-03-23 05:20:00,3,4,4,0,5,16
2024-03-23 05:30:00,11,10,16,0,18,55
2024-03-23 05:40:00,8,8,10,3,13,42
2024-03-23 05:50:00,6,7,10,3,12,38
2024-03-23 06:00:00,5,6,2,0,2,15
2024-03-23 06:10:00,6,7,6,5,6,30
2024-03-23 06:20:00,5,6,10,2,11,34
2024-03-23 06:30:00,7,9,7,0,9,32
2024-03-23 06:40:00,5,7,11,5,11,39
2024-03-23 06:50:00,6,7,14,0,15,42
2024-03-23 07:00:00,5,6,10,0,10,31
2024-03-23 07:10:00,5,7,9,4,9,34
2024-03-23 07:20:00,5,5,7,0,7,24
2024-03-23 07:30:00,4,6,14,3,15,42
2024-03-23 07:40:00,6,8,17,4,18,53
2024-03-23 07:50:00,10,11,16,2,19,58
2024-03-23 08:00:00,4,6,11,0,11,32
2024-03-23 08:10:00,8,8,18,1,19,54
2024-03-23 08:20:00,9,11,16,4,18,58
2024-03-23 08:30:00,13,16,18,2,19,68
2024-03-23 08:40:00,9,12,26,1,28,76
2024-03-23 08:50:00,14,17,21,5,21,78
2024-03-23 09:00:00,9,10,25,0,25,69
2024-03-23 09:10:00,9,13,30,7,31,90
2024-03-23 09:20:00,12,13,32,3,32,92
2024-03-23 09:30:00,15,18,32,1,36,102
2024-03-23 09:40:00,17,20,33,6,32,108
2024-03-23 09:50:00,11,15,34,1,34,95
2024-03-23 10:00:00,18,21,36,2,37,114
2024-03-23 10:10:00,18,18,27,4,27,94
2024-03-23 10:20:00,13,18,38,3,37,109
2024-03-23 10:30:00,17,18,34,0,35,104
2024-03-23 10:40:00,18,21,32,5,34,110
2024-03-23 10:50:00,13,20,29,0,32,94
2024-03-23 11:00:00,23,23,29,1,28,104
2024-03-23 11:10:00,16,23,37,8,36,120
2024-03-23 11:20:00,19,22,32,1,33,107
2024-03-23 11:30:00,22,24,29,1,28,104
2024-03-23 11:40:00,25,33,38,4,39,139
2024-03-23 11:50:00,9,10,40,5,42,106
2024-03-23 12:00:00,23,30,41,0,41,135
2024-03-23 12:10:00,19,21,26,9,25,100
2024-03-23 12:20:00,11,15,32,2,33,93
2024-03-23 12:30:00,14,22,47,0,47,130
2024-03-23 12:40:00,24,28,46,6,45,149
2024-03-23 12:50:00,15,22,37,1,36,111
2024-03-23 13:00:00,14,20,33,3,34,104
2024-03-23 13:10:00,21,25,37,3,38,124
2024-03-23 13:20:00,14,18,25,0,27,84
2024-03-23 13:30:00,24,29,43,3,46,145
2024-03-23 13:40:00,18,22,40,5,39,124
2024-03-23 13:50:00,15,18,34,5,35,107
2024-03-23 14:00:00,19,25,36,4,36,120
2024-03-23 14:10:00,16,19,43,4,42,124
2024-03-23 14:20:00,17,31,34,1,34,117
2024-03-23 14:30:00,14,20,41,3,44,122
2024-03-23 14:40:00,27,26,38,6,40,137
2024-03-23 14:50:00,14,18,40,2,39,113
2024-03-23 15:00:00,12,17,35,2,38,104
2024-03-23 15:10:00,15,19,39,5,40,118
2024-03-23 15:20:00,24,23,31,1,32,111
2024-03-23 15:30:00,20,23,29,2,30,104
2024-03-23 15:40:00,18,20,40,5,39,122
2024-03-23 15:50:00,13,16,43,6,44,122
2024-03-23 16:00:00,12,13,29,4,31,89
2024-03-23 16:10:00,15,20,51,8,51,145
2024-03-23 16:20:00,21,26,38,2,41,128
2024-03-23 16:30:00,19,26,28,3,29,105
2024-03-23 16:40:00,25,28,39,4,41,137
2024-03-23 16:50:00,20,22,33,3,35,113
2024-03-23 17:00:00,18,18,40,0,41,117
2024-03-23 17:10:00,17,25,39,4,39,124
2024-03-23 17:20:00,17,23,33,8,34,115
2024-03-23 17:30:00,22,26,34,4,35,121
2024-03-23 17:40:00,15,17,29,4,28,93
2024-03-23 17:50:00,20,23,45,2,49,139
2024-03-23 18:00:00,15,17,32,0,34,98
2024-03-23 18:10:00,11,17,35,4,36,103
2024-03-23 18:20:00,18,22,39,1,37,117
2024-03-23 18:30:00,20,28,28,2,28,106
2024-03-23 18:40:00,19,23,30,5,33,110
2024-03-23 18:50:00,18,22,35,6,36,117
2024-03-23 19:00:00,13,15,29,2,28,87
2024-03-23 19:10:00,21,22,27,3,33,106
2024-03-23 19:20:00,17,20,34,4,38,113
2024-03-23 19:30:00,11,17,32,1,30,91
2024-03-23 19:40:00,26,27,23,4,25,105
2024-03-23 19:50:00,15,17,36,2,37,107
2024-03-23 20:00:00,13,15,36,3,35,102
2024-03-23 20:10:00,12,15,33,2,34,96
2024-03-23 20:20:00,12,13,23,2,24,74
2024-03-23 20:30:00,8,9,36,3,36,92
2024-03-23 20:40:00,13,14,23,2,23,75
2024-03-23 20:50:00,14,14,14,2,14,58
2024-03-23 21:00:00,14,15,20,4,20,73
2024-03-23 21:10:00,12,12,24,0,24,72
2024-03-23 21:20:00,7,13,16,2,19,57
2024-03-23 21:30:00,7,10,14,2,14,47
2024-03-23 21:40:00,12,14,14,0,17,57
2024-03-23 21:50:00,8,11,21,2,25,67
2024-03-23 22:00:00,9,13,16,0,16,54
2024-03-23 22:10:00,6,9,15,0,17,47
2024-03-23 22:20:00,7,16,16,0,17,56
2024-03-23 22:30:00,11,12,23,4,23,73
2024-03-23 22:40:00,10,13,19,0,19,61
2024-03-23 22:50:00,13,17,17,1,20,68
2024-03-23 23:00:00,10,12,27,3,25,77
2024-03-23 23:10:00,7,9,13,1,13,43
2024-03-23 23:20:00,4,9,18,1,19,51
2024-03-23 23:30:00,8,11,20,5,18,62
2024-03-23 23:40:00,9,12,13,0,12,46
2024-03-23 23:50:00,11,15,10,2,13,51
2024-03-24 00:00:00,6,8,9,2,9,34
2024-03-24 00:10:00,6,6,11,1,11,35
2024-03-24 00:20:00,3,4,11,0,14,32
2024-03-24 00:30:00,5,6,10,1,11,33
2024-03-24 00:40:00,1,2,11,2,11,27
2024-03-24 00:50:00,8,10,7,0,7,32
2024-03-24 01:00:00,4,2,15,0,15,36
2024-03-24 01:10:00,2,4,6,0,5,17
2024-03-24 01:20:00,7,12,8,0,10,37
2024-03-24 01:30:00,10,12,7,2,7,38
2024-03-24 01:40:00,4,5,2,0,3,14
2024-03-24 01:50:00,4,5,8,1,9,27
2024-03-24 02:00:00,5,6,5,0,6,22
2024-03-24 02:10:00,3,4,4,0,4,15
2024-03-24 02:20:00,4,4,8,0,8,24
2024-03-24 02:30:00,7,6,6,3,7,29
2024-03-24 02:40:00,2,4,2,0,3,11
2024-03-24 02:50:00,5,5,2,0,2,14
2024-03-24 03:00:00,2,3,6,0,7,18
2024-03-24 03:10:00,1,2,2,0,3,8
2024-03-24 03:20:00,4,4,7,0,7,22
2024-03-24 03:30:00,0,0,3,1,3,7
2024-03-24 03:40:00,1,1,4,0,4,10
2024-03-24 03:50:00,0,0,4,0,4,8
2024-03-24 04:00:00,0,1,4,0,4,9
2024-03-24 04:10:00,0,1,2,0,3,6
2024-03-24 04:20:00,0,2,1,0,1,4
2024-03-24 04:30:00,4,4,2,0,3,13
2024-03-24 04:40:00,0,0,2,0,4,6
2024-03-24 04:50:00,0,0,4,0,4,8
2024-03-24 05:00:00,1,1,5,0,5,12
2024-03-24 05:10:00,3,3,6,3,6,21
2024-03-24 05:20:00,3,3,5,1,5,17
2024-03-24 05:30:00,2,2,10,1,11,26
2024-03-24 05:40:00,2,2,7,1,8,20
2024-03-24 05:50:00,2,2,3,0,4,11
2024-03-24 06:00:00,0,1,6,0,7,14
2024-03-24 06:10:00,6,6,8,2,8,30
2024-03-24 06:20:00,4,5,6,0,8,23
2024-03-24 06:30:00,1,2,3,3,4,13
2024-03-24 06:40:00,4,4,3,1,3,15
2024-03-24 06:50:00,6,6,5,0,7,24
2024-03-24 07:00:00,1,2,5,3,4,15
2024-03-24 07:10:00,1,1,6,2,6,16
2024-03-24 07:20:00,4,4,6,1,6,21
2024-03-24 07:30:00,8,8,3,0,3,22
2024-03-24 07:40:00,3,3,3,1,3,13
2024-03-24 07:50:00,5,5,6,0,6,22
2024-03-24 08:00:00,5,5,10,6,10,36
2024-03-24 08:10:00,6,7,3,2,4,22
2024-03-24 08:20:00,2,1,11,1,11,26
2024-03-24 08:30:00,9,10,6,1,6,32
2024-03-24 08:40:00,6,7,11,1,13,38
2024-03-24 08:50:00,8,8,19,0,17,52
2024-03-24 09:00:00,13,13,9,2,9,46
2024-03-24 09:10:00,6,7,20,2,20,55
2024-03-24 09:20:00,10,12,15,1,15,53
2024-03-24 09:30:00,8,9,13,2,13,45
2024-03-24 09:40:00,10,11,20,2,19,62
2024-03-24 09:50:00,16,17,18,3,21,75
2024-03-24 10:00:00,7,8,22,3,20,60
2024-03-24 10:10:00,18,21,26,2,27,94
2024-03-24 10:20:00,12,18,31,0,32,93
2024-03-24 10:30:00,17,20,21,2,21,81
2024-03-24 10:40:00,19,22,20,2,21,84
2024-03-24 10:50:00,17,21,20,2,22,82
2024-03-24 11:00:00,21,28,28,2,27,106
2024-03-24 11:10:00,18,21,17,3,19,78
2024-03-24 11:20:00,14,14,12,1,15,56
2024-03-24 11:30:00,16,19,20,0,19,74
2024-03-24 11:40:00,19,20,28,5,28,100
2024-03-24 11:50:00,19,22,33,0,34,108
2024-03-24 12:00:00,20,28,35,4,36,123
2024-03-24 12:10:00,17,19,27,2,29,94
2024-03-24 12:20:00,21,30,31,1,32,115
2024-03-24 12:30:00,19,25,25,0,25,94
2024-03-24 12:40:00,22,28,27,2,28,107
2024-03-24 12:50:00,18,21,30,3,30,102
2024-03-24 13:00:00,19,19,31,2,32,103
2024-03-24 13:10:00,11,14,17,3,18,63
2024-03-24 13:20:00,19,24,25,3,27,98
2024-03-24 13:30:00,21,30,22,3,26,102
2024-03-24 13:40:00,23,28,35,1,36,123
2024-03-24 13:50:00,21,27,35,3,35,121
2024-03-24 14:00:00,22,27,24,0,25,98
2024-03-24 14:10:00,23,26,25,4,24,102
2024-03-24 14:20:00,22,25,42,5,43,137
2024-03-24 14:30:00,21,30,30,2,33,116
2024-03-24 14:40:00,17,25,36,5,37,120
2024-03-24 14:50:00,21,25,35,3,36,120
2024-03-24 15:00:00,22,29,36,2,40,129
2024-03-24 15:10:00,17,24,35,2,40,118
2024-03-24 15:20:00,25,31,39,4,38,137
2024-03-24 15:30:00,23,30,29,4,32,118
2024-03-24 15:40:00,22,27,37,1,38,125
2024-03-24 15:50:00,28,36,36,2,36,138
2024-03-24 16:00:00,24,30,38,5,38,135
2024-03-24 16:10:00,17,21,26,2,29,95
2024-03-24 16:20:00,16,25,34,2,31,108
2024-03-24 16:30:00,19,32,28,3,31,113
2024-03-24 16:40:00,23,28,34,1,34,120
2024-03-24 16:50:00,22,28,28,2,30,110
2024-03-24 17:00:00,23,27,28,8,32,118
2024-03-24 17:10:00,27,30,28,1,27,113
2024-03-24 17:20:00,28,30,38,2,38,136
2024-03-24 17:30:00,30,32,40,3,42,147
2024-03-24 17:40:00,41,41,33,5,31,151
2024-03-24 17:50:00,14,18,29,1,30,92
2024-03-24 18:00:00,24,29,39,3,43,138
2024-03-24 18:10:00,27,30,26,2,28,113
2024-03-24 18:20:00,24,25,30,3,30,112
2024-03-24 18:30:00,25,27,35,3,38,128
2024-03-24 18:40:00,23,31,41,2,39,136
2024-03-24 18:50:00,13,16,40,4,41,114
2024-03-24 19:00:00,12,16,28,2,31,89
2024-03-24 19:10:00,10,18,29,3,33,93
2024-03-24 19:20:00,12,20,26,0,25,83
2024-03-24 19:30:00,8,15,22,3,22,70
2024-03-24 19:40:00,17,20,29,2,30,98
2024-03-24 19:50:00,11,14,27,2,27,81
2024-03-24 20:00:00,18,21,39,1,43,122
2024-03-24 20:10:00,13,15,33,2,32,95
2024-03-24 20:20:00,15,18,23,2,28,86
2024-03-24 20:30:00,17,18,23,1,23,82
2024-03-24 20:40:00,12,14,21,1,20,68
2024-03-24 20:50:00,10,15,22,2,24,73
2024-03-24 21:00:00,11,13,18,1,20,63
2024-03-24 21:10:00,11,15,21,3,20,70
2024-03-24 21:20:00,9,13,28,1,27,78
2024-03-24 21:30:00,6,11,18,0,19,54
2024-03-24 21:40:00,14,18,14,4,13,63
2024-03-24 21:50:00,6,11,13,0,14,44
2024-03-24 22:00:00,16,16,15,5,15,67
2024-03-24 22:10:00,10,13,5,0,5,33
2024-03-24 22:20:00,10,12,12,1,12,47
2024-03-24 22:30:00,5,4,14,5,14,42
2024-03-24 22:40:00,9,11,12,0,12,44
2024-03-24 22:50:00,3,4,11,2,11,31
2024-03-24 23:00:00,5,3,12,2,12,34
2024-03-24 23:10:00,5,9,7,0,7,28
2024-03-24 23:20:00,1,1,7,0,8,17
2024-03-24 23:30:00,3,3,11,5,13,35
2024-03-24 23:40:00,4,5,9,0,9,27
2024-03-24 23:50:00,5,5,6,0,8,24
2024-03-25 00:00:00,7,9,4,4,4,28
2024-03-25 00:10:00,3,3,4,0,4,14
2024-03-25 00:20:00,3,4,6,2,6,21
2024-03-25 00:30:00,6,5,7,0,7,25
2024-03-25 00:40:00,1,1,2,0,2,6
2024-03-25 00:50:00,5,5,1,0,1,12
2024-03-25 01:00:00,7,7,7,0,7,28
2024-03-25 01:10:00,3,2,2,0,2,9
2024-03-25 01:20:00,1,2,3,0,4,10
2024-03-25 01:30:00,1,2,4,0,3,10
2024-03-25 01:40:00,5,5,2,0,3,15
2024-03-25 01:50:00,0,0,2,0,2,4
2024-03-25 02:00:00,5,5,5,0,5,20
2024-03-25 02:10:00,2,2,2,0,3,9
2024-03-25 02:20:00,4,4,0,0,0,8
2024-03-25 02:30:00,1,1,3,0,3,8
2024-03-25 02:40:00,2,3,2,0,2,9
2024-03-25 02:50:00,1,1,1,0,2,5
2024-03-25 03:00:00,5,5,4,1,4,19
2024-03-25 03:10:00,0,0,0,0,0,0
2024-03-25 03:20:00,2,2,3,0,3,10
2024-03-25 03:30:00,2,2,3,0,2,9
2024-03-25 03:40:00,1,1,5,0,5,12
2024-03-25 03:50:00,2,2,2,0,2,8
2024-03-25 04:00:00,0,1,4,0,4,9
2024-03-25 04:10:00,4,5,5,0,6,20
2024-03-25 04:20:00,1,3,4,0,3,11
2024-03-25 04:30:00,3,3,5,1,6,18
2024-03-25 04:40:00,3,4,5,0,6,18
2024-03-25 04:50:00,6,7,6,0,6,25
2024-03-25 05:00:00,5,5,13,0,13,36
2024-03-25 05:10:00,3,3,14,4,14,38
2024-03-25 05:20:00,4,4,16,1,17,42
2024-03-25 05:30:00,8,6,30,2,31,77
2024-03-25 05:40:00,8,8,33,5,33,87
2024-03-25 05:50:00,12,12,30,1,31,86
2024-03-25 06:00:00,8,9,43,0,43,103
2024-03-25 06:10:00,9,9,37,4,36,95
2024-03-25 06:20:00,11,12,48,3,49,123
2024-03-25 06:30:00,19,18,51,6,52,146
2024-03-25 06:40:00,12,21,54,7,56,150
2024-03-25 06:50:00,23,22,57,8,54,164
2024-03-25 07:00:00,18,22,56,7,56,159
2024-03-25 07:10:00,19,23,58,7,62,169
2024-03-25 07:20:00,13,17,57,3,54,144
2024-03-25 07:30:00,26,33,53,6,54,172
2024-03-25 07:40:00,19,24,64,7,64,178
2024-03-25 07:50:00,25,34,64,4,65,192
2024-03-25 08:00:00,19,19,51,11,52,152
2024-03-25 08:10:00,21,33,50,6,51,161
2024-03-25 08:20:00,29,36,64,6,59,194
2024-03-25 08:30:00,20,29,64,9,61,183
2024-03-25 08:40:00,25,26,50,7,48,156
2024-03-25 08:50:00,27,30,64,4,64,189
2024-03-25 09:00:00,20,25,43,7,49,144
2024-03-25 09:10:00,24,28,70,13,68,203
2024-03-25 09:20:00,26,27,52,2,53,160
2024-03-25 09:30:00,10,16,41,4,42,113
2024-03-25 09:40:00,20,22,55,4,57,158
2024-03-25 09:50:00,18,21,56,4,56,155
2024-03-25 10:00:00,25,28,53,5,60,171
2024-03-25 10:10:00,18,20,47,6,46,137
2024-03-25 10:20:00,23,26,42,1,41,133
2024-03-25 10:30:00,21,25,37,8,40,131
2024-03-25 10:40:00,12,19,50,9,51,141
2024-03-25 10:50:00,22,23,43,2,44,134
2024-03-25 11:00:00,12,17,42,2,43,116
2024-03-25 11:10:00,21,23,36,7,36,123
2024-03-25 11:20:00,16,19,42,4,44,125
2024-03-25 11:30:00,20,23,38,6,43,130
2024-03-25 11:40:00,20,21,42,7,39,129
2024-03-25 11:50:00,17,19,41,2,42,121
2024-03-25 12:00:00,20,21,34,3,37,115
2024-03-25 12:10:00,17,24,52,11,51,155
2024-03-25 12:20:00,23,26,37,4,39,129
2024-03-25 12:30:00,18,17,34,6,35,110
2024-03-25 12:40:00,16,20,48,7,49,140
2024-03-25 12:50:00,19,21,34,1,35,110
2024-03-25 13:00:00,28,29,40,4,40,141
2024-03-25 13:10:00,23,25,45,5,45,143
2024-03-25 13:20:00,19,23,46,4,45,137
2024-03-25 13:30:00,19,22,32,8,35,116
2024-03-25 13:40:00,17,19,56,8,57,157
2024-03-25 13:50:00,20,24,35,1,33,113
2024-03-25 14:00:00,17,26,47,4,48,142
2024-03-25 14:10:00,28,28,45,6,46,153
2024-03-25 14:20:00,22,23,37,3,39,124
2024-03-25 14:30:00,23,31,48,3,48,153
2024-03-25 14:40:00,23,27,52,7,54,163
2024-03-25 14:50:00,20,26,58,5,55,164
2024-03-25 15:00:00,19,24,49,6,50,148
2024-03-25 15:10:00,22,29,39,6,42,138
2024-03-25 15:20:00,27,36,51,3,50,167
2024-03-25 15:30:00,17,30,62,9,63,181
2024-03-25 15:40:00,33,33,42,7,44,159
2024-03-25 15:50:00,21,30,46,2,44,143
2024-03-25 16:00:00,26,40,40,3,42,151
2024-03-25 16:10:00,24,35,43,5,44,151
2024-03-25 16:20:00,20,24,57,6,58,165
2024-03-25 16:30:00,33,35,53,6,52,179
2024-03-25 16:40:00,30,32,54,5,56,177
2024-03-25 16:50:00,29,31,45,2,43,150
2024-03-25 17:00:00,37,37,42,4,41,161
2024-03-25 17:10:00,30,32,52,9,53,176
2024-03-25 17:20:00,33,29,39,2,43,146
2024-03-25 17:30:00,25,24,40,3,43,135
2024-03-25 17:40:00,30,31,42,7,44,154
2024-03-25 17:50:00,27,34,48,1,48,158
2024-03-25 18:00:00,24,29,38,2,41,134
2024-03-25 18:10:00,35,33,47,9,46,170
2024-03-25 18:20:00,17,22,38,0,37,114
2024-03-25 18:30:00,28,37,38,2,40,145
2024-03-25 18:40:00,32,30,31,8,32,133
2024-03-25 18:50:00,19,25,20,3,20,87
2024-03-25 19:00:00,16,17,28,5,29,95
2024-03-25 19:10:00,23,24,22,5,24,98
2024-03-25 19:20:00,11,19,26,1,27,84
2024-03-25 19:30:00,20,23,27,2,30,102
2024-03-25 19:40:00,17,22,23,6,25,93
2024-03-25 19:50:00,17,15,27,3,25,87
2024-03-25 20:00:00,17,19,25,3,27,91
2024-03-25 20:10:00,8,11,24,2,24,69
2024-03-25 20:20:00,13,14,27,1,28,83
2024-03-25 20:30:00,12,14,22,4,24,76
2024-03-25 20:40:00,12,14,19,2,19,66
2024-03-25 20:50:00,10,11,20,0,23,64
2024-03-25 21:00:00,11,14,13,3,14,55
2024-03-25 21:10:00,16,21,27,2,26,92
2024-03-25 21:20:00,8,10,21,4,24,67
2024-03-25 21:30:00,7,11,20,2,22,62
2024-03-25 21:40:00,16,19,13,3,13,64
2024-03-25 21:50:00,11,18,10,2,10,51
2024-03-25 22:00:00,15,15,12,2,12,56
2024-03-25 22:10:00,15,16,10,1,10,52
2024-03-25 22:20:00,12,12,6,0,8,38
2024-03-25 22:30:00,12,13,10,3,11,49
2024-03-25 22:40:00,8,7,8,0,9,32
2024-03-25 22:50:00,7,8,9,1,10,35
2024-03-25 23:00:00,7,8,11,2,12,40
2024-03-25 23:10:00,7,6,16,1,16,46
2024-03-25 23:20:00,5,6,9,0,13,33
2024-03-25 23:30:00,3,3,8,1,8,23
2024-03-25 23:40:00,3,5,5,1,5,19
2024-03-25 23:50:00,4,5,17,0,12,38
2024-03-26 00:00:00,3,3,9,2,9,26
2024-03-26 00:10:00,3,3,3,0,4,13
2024-03-26 00:20:00,2,3,6,0,10,21
2024-03-26 00:30:00,4,5,7,3,6,25
2024-03-26 00:40:00,3,3,7,0,7,20
2024-03-26 00:50:00,8,7,6,0,5,26
2024-03-26 01:00:00,4,5,3,0,2,14
2024-03-26 01:10:00,4,4,3,0,3,14
2024-03-26 01:20:00,1,1,5,0,5,12
2024-03-26 01:30:00,4,5,1,0,2,12
2024-03-26 01:40:00,3,3,4,0,3,13
2024-03-26 01:50:00,1,1,3,2,3,10
2024-03-26 02:00:00,2,2,3,0,5,12
2024-03-26 02:10:00,0,0,5,0,5,10
2024-03-26 02:20:00,1,1,3,1,3,9
2024-03-26 02:30:00,1,1,4,0,4,10
2024-03-26 02:40:00,1,1,3,0,5,10
2024-03-26 02:50:00,2,2,4,0,3,11
2024-03-26 03:00:00,2,2,3,0,3,10
2024-03-26 03:10:00,2,2,3,0,3,10
2024-03-26 03:20:00,2,2,2,0,3,9
2024-03-26 03:30:00,1,1,5,1,5,13
2024-03-26 03:40:00,2,2,1,0,1,6
2024-03-26 03:50:00,1,2,1,0,1,5
2024-03-26 04:00:00,0,0,4,0,4,8
2024-03-26 04:10:00,1,1,2,1,2,7
2024-03-26 04:20:00,4,5,2,0,2,13
2024-03-26 04:30:00,3,3,5,0,5,16
2024-03-26 04:40:00,4,6,9,0,9,28
2024-03-26 04:50:00,2,1,5,0,6,14
2024-03-26 05:00:00,2,2,14,0,14,32
2024-03-26 05:10:00,1,0,15,3,15,34
2024-03-26 05:20:00,4,5,12,0,12,33
2024-03-26 05:30:00,6,6,27,4,28,71
2024-03-26 05:40:00,8,8,35,4,34,89
2024-03-26 05:50:00,12,9,50,5,50,126
2024-03-26 06:00:00,15,15,33,3,33,99
2024-03-26 06:10:00,7,9,40,3,41,100
2024-03-26 06:20:00,16,14,54,2,55,141
2024-03-26 06:30:00,17,14,48,3,50,132
2024-03-26 06:40:00,21,25,65,6,68,185
2024-03-26 06:50:00,21,25,69,7,67,189
2024-03-26 07:00:00,22,22,63,7,62,176
2024-03-26 07:10:00,16,20,48,7,47,138
2024-03-26 07:20:00,16,18,65,6,66,171
2024-03-26 07:30:00,23,31,61,4,63,182
2024-03-26 07:40:00,22,28,75,11,73,209
2024-03-26 07:50:00,28,29,50,2,53,162
2024-03-26 08:00:00,21,23,56,3,54,157
2024-03-26 08:10:00,31,36,63,8,64,202
2024-03-26 08:20:00,27,26,64,5,64,186
2024-03-26 08:30:00,28,28,60,5,61,182
2024-03-26 08:40:00,24,30,66,7,69,196
2024-03-26 08:50:00,28,29,65,7,64,193
2024-03-26 09:00:00,21,26,55,7,55,164
2024-03-26 09:10:00,24,29,41,10,39,143
2024-03-26 09:20:00,16,23,35,5,37,116
2024-03-26 09:30:00,18,22,52,4,51,147
2024-03-26 09:40:00,18,23,52,9,52,154
2024-03-26 09:50:00,21,28,49,5,48,151
2024-03-26 10:00:00,15,19,44,6,45,129
2024-03-26 10:10:00,18,24,44,9,44,139
2024-03-26 10:20:00,11,16,24,0,23,74
2024-03-26 10:30:00,24,18,62,7,63,174
2024-03-26 10:40:00,18,21,48,7,48,142
2024-03-26 10:50:00,21,21,55,4,57,158
2024-03-26 11:00:00,19,24,46,7,46,142
2024-03-26 11:10:00,18,19,49,9,51,146
2024-03-26 11:20:00,27,29,40,7,39,142
2024-03-26 11:30:00,24,24,44,9,45,146
2024-03-26 11:40:00,18,23,46,10,44,141
2024-03-26 11:50:00,23,28,44,1,44,140
2024-03-26 12:00:00,18,26,49,4,52,149
2024-03-26 12:10:00,15,18,47,12,47,139
2024-03-26 12:20:00,21,24,39,2,40,126
2024-03-26 12:30:00,23,27,38,5,37,130
2024-03-26 12:40:00,21,25,46,4,48,144
2024-03-26 12:50:00,22,29,52,6,51,160
2024-03-26 13:00:00,21,25,44,3,50,143
2024-03-26 13:10:00,19,24,57,6,60,166
2024-03-26 13:20:00,24,26,44,3,42,139
2024-03-26 13:30:00,13,15,38,6,39,111
2024-03-26 13:40:00,21,23,41,7,39,131
2024-03-26 13:50:00,18,22,45,8,46,139
2024-03-26 14:00:00,22,22,55,4,55,158
2024-03-26 14:10:00,21,28,47,3,48,147
2024-03-26 14:20:00,16,27,47,4,51,145
2024-03-26 14:30:00,30,36,37,8,35,146
2024-03-26 14:40:00,24,29,52,5,54,164
2024-03-26 14:50:00,18,18,43,4,45,128
2024-03-26 15:00:00,18,22,53,4,53,150
2024-03-26 15:10:00,21,20,52,5,52,150
2024-03-26 15:20:00,23,27,55,2,56,163
2024-03-26 15:30:00,19,27,56,7,58,167
2024-03-26 15:40:00,22,25,49,4,49,149
2024-03-26 15:50:00,31,35,57,8,59,190
2024-03-26 16:00:00,30,32,39,4,41,146
2024-03-26 16:10:00,30,34,46,9,47,166
2024-03-26 16:20:00,30,32,46,5,45,158
2024-03-26 16:30:00,31,38,55,6,52,182
2024-03-26 16:40:00,29,34,52,6,56,177
2024-03-26 16:50:00,21,33,48,2,47,151
2024-03-26 17:00:00,30,34,51,4,52,171
2024-03-26 17:10:00,35,39,51,5,50,180
2024-03-26 17:20:00,36,40,50,0,50,176
2024-03-26 17:30:00,31,34,49,3,51,168
2024-03-26 17:40:00,35,32,56,8,59,190
2024-03-26 17:50:00,27,26,57,7,57,174
2024-03-26 18:00:00,33,39,36,5,39,152
2024-03-26 18:10:00,31,27,49,6,51,164
2024-03-26 18:20:00,25,33,49,4,54,165
2024-03-26 18:30:00,28,32,43,2,44,149
2024-03-26 18:40:00,33,37,36,4,38,148
2024-03-26 18:50:00,20,19,40,6,44,129
2024-03-26 19:00:00,25,30,31,3,29,118
2024-03-26 19:10:00,18,28,49,7,48,150
2024-03-26 19:20:00,17,22,24,0,26,89
2024-03-26 19:30:00,18,26,31,4,32,111
2024-03-26 19:40:00,16,22,38,6,41,123
2024-03-26 19:50:00,20,24,23,2,24,93
2024-03-26 20:00:00,16,21,28,6,30,101
2024-03-26 20:10:00,20,24,26,1,30,101
2024-03-26 20:20:00,17,22,24,3,25,91
2024-03-26 20:30:00,16,17,27,2,28,90
2024-03-26 20:40:00,16,18,28,3,33,98
2024-03-26 20:50:00,9,13,22,4,22,70
2024-03-26 21:00:00,8,11,18,5,23,65
2024-03-26 21:10:00,14,21,28,4,30,97
2024-03-26 21:20:00,14,17,18,3,19,71
2024-03-26 21:30:00,13,15,19,3,21,71
2024-03-26 21:40:00,11,15,15,0,17,58
2024-03-26 21:50:00,11,19,19,2,21,72
2024-03-26 22:00:00,7,8,11,1,13,40
2024-03-26 22:10:00,14,13,12,2,16,57
2024-03-26 22:20:00,7,8,14,2,14,45
2024-03-26 22:30:00,8,9,17,2,17,53
2024-03-26 22:40:00,6,6,12,4,12,40
2024-03-26 22:50:00,4,4,7,3,9,27
2024-03-26 23:00:00,1,2,8,3,11,25
2024-03-26 23:10:00,6,6,15,1,16,44
2024-03-26 23:20:00,6,6,10,1,13,36
2024-03-26 23:30:00,9,9,12,3,12,45
2024-03-26 23:40:00,11,9,3,0,4,27
2024-03-26 23:50:00,3,3,9,0,9,24
2024-03-27 00:00:00,3,3,8,4,8,26
2024-03-27 00:10:00,9,8,7,1,7,32
2024-03-27 00:20:00,5,7,7,2,7,28
2024-03-27 00:30:00,7,7,2,2,2,20
2024-03-27 00:40:00,6,7,6,0,5,24
2024-03-27 00:50:00,3,3,7,0,7,20
2024-03-27 01:00:00,3,3,2,0,6,14
2024-03-27 01:10:00,5,5,4,0,4,18
2024-03-27 01:20:00,5,5,4,0,4,18
2024-03-27 01:30:00,3,3,1,0,1,8
2024-03-27 01:40:00,0,1,5,0,5,11
2024-03-27 01:50:00,3,3,2,0,2,10
2024-03-27 02:00:00,0,2,2,1,2,7
2024-03-27 02:10:00,1,2,3,0,3,9
2024-03-27 02:20:00,0,0,6,0,6,12
2024-03-27 02:30:00,1,1,0,0,0,2
2024-03-27 02:40:00,2,2,3,0,2,9
2024-03-27 02:50:00,3,3,4,0,4,14
2024-03-27 03:00:00,2,2,2,0,2,8
2024-03-27 03:10:00,3,3,2,0,2,10
2024-03-27 03:20:00,2,2,1,0,1,6
2024-03-27 03:30:00,0,0,3,0,4,7
2024-03-27 03:40:00,2,2,5,0,4,13
2024-03-27 03:50:00,2,2,8,0,8,20
2024-03-27 04:00:00,4,3,4,0,4,15
2024-03-27 04:10:00,2,2,1,0,1,6
2024-03-27 04:20:00,4,4,8,0,8,24
2024-03-27 04:30:00,3,3,5,0,5,16
2024-03-27 04:40:00,8,8,7,0,7,30
2024-03-27 04:50:00,3,4,4,0,4,15
2024-03-27 05:00:00,3,4,8,0,8,23
2024-03-27 05:10:00,4,4,14,2,15,39
2024-03-27 05:20:00,6,6,16,0,16,44
2024-03-27 05:30:00,10,9,31,3,34,87
2024-03-27 05:40:00,7,7,27,4,28,73
2024-03-27 05:50:00,14,13,39,1,41,108
2024-03-27 06:00:00,12,15,29,3,30,89
2024-03-27 06:10:00,11,15,38,3,36,103
2024-03-27 06:20:00,19,21,41,0,41,122
2024-03-27 06:30:00,16,18,63,3,67,167
2024-03-27 06:40:00,17,23,64,8,63,175
2024-03-27 06:50:00,21,22,57,3,55,158
2024-03-27 07:00:00,26,28,59,10,59,182
2024-03-27 07:10:00,22,26,35,5,35,123
2024-03-27 07:20:00,16,19,55,11,55,156
2024-03-27 07:30:00,25,32,46,6,48,157
2024-03-27 07:40:00,23,27,60,9,60,179
2024-03-27 07:50:00,19,25,48,4,51,147
2024-03-27 08:00:00,31,32,52,5,52,172
2024-03-27 08:10:00,19,23,61,9,60,172
2024-03-27 08:20:00,26,26,46,0,45,143
2024-03-27 08:30:00,27,31,62,7,65,192
2024-03-27 08:40:00,25,31,65,12,66,199
2024-03-27 08:50:00,23,33,57,5,57,175
2024-03-27 09:00:00,21,23,40,6,41,131
2024-03-27 09:10:00,22,28,51,8,51,160
2024-03-27 09:20:00,21,24,56,7,54,162
2024-03-27 09:30:00,18,22,49,5,50,144
2024-03-27 09:40:00,22,21,47,7,48,145
2024-03-27 09:50:00,12,14,45,4,49,124
2024-03-27 10:00:00,17,19,40,3,43,122
2024-03-27 10:10:00,18,20,31,5,30,104
2024-03-27 10:20:00,13,18,48,3,50,132
2024-03-27 10:30:00,18,23,45,7,46,139
2024-03-27 10:40:00,11,17,52,5,54,139
2024-03-27 10:50:00,22,23,42,2,44,133
2024-03-27 11:00:00,19,23,49,4,51,146
2024-03-27 11:10:00,13,21,38,4,38,114
2024-03-27 11:20:00,15,22,43,4,45,129
2024-03-27 11:30:00,19,27,39,5,40,130
2024-03-27 11:40:00,15,20,47,4,46,132
2024-03-27 11:50:00,26,30,46,7,47,156
2024-03-27 12:00:00,24,29,52,5,51,161
2024-03-27 12:10:00,18,23,39,5,40,125
2024-03-27 12:20:00,26,30,43,3,42,144
2024-03-27 12:30:00,18,21,38,5,37,119
2024-03-27 12:40:00,28,29,36,4,38,135
2024-03-27 12:50:00,17,28,53,9,56,163
2024-03-27 13:00:00,25,28,57,6,57,173
2024-03-27 13:10:00,18,21,47,2,47,135
2024-03-27 13:20:00,22,24,46,2,47,141
2024-03-27 13:30:00,17,21,48,9,53,148
2024-03-27 13:40:00,28,35,50,7,51,171
2024-03-27 13:50:00,19,20,40,4,39,122
2024-03-27 14:00:00,17,19,33,3,40,112
2024-03-27 14:10:00,22,31,44,5,46,148
2024-03-27 14:20:00,19,25,53,2,52,151
2024-03-27 14:30:00,24,33,36,4,39,136
2024-03-27 14:40:00,32,36,41,7,41,157
2024-03-27 14:50:00,32,38,59,4,58,191
2024-03-27 15:00:00,24,31,49,5,48,157
2024-03-27 15:10:00,17,24,49,7,54,151
2024-03-27 15:20:00,24,31,41,6,41,143
2024-03-27 15:30:00,22,38,62,3,62,187
2024-03-27 15:40:00,19,21,66,6,63,175
2024-03-27 15:50:00,21,28,65,7,66,187
2024-03-27 16:00:00,32,38,41,4,43,158
2024-03-27 16:10:00,30,29,54,7,52,172
2024-03-27 16:20:00,29,38,53,4,56,180
2024-03-27 16:30:00,23,37,51,7,52,170
2024-03-27 16:40:00,34,37,45,4,45,165
2024-03-27 16:50:00,27,34,57,4,59,181
2024-03-27 17:00:00,31,34,49,7,54,175
2024-03-27 17:10:00,29,34,55,5,52,175
2024-03-27 17:20:00,25,28,64,1,66,184
2024-03-27 17:30:00,31,31,58,8,60,188
2024-03-27 17:40:00,32,41,49,4,53,179
2024-03-27 17:50:00,29,32,43,2,43,149
2024-03-27 18:00:00,34,36,47,5,47,169
2024-03-27 18:10:00,28,33,47,7,48,163
2024-03-27 18:20:00,24,23,31,1,35,114
2024-03-27 18:30:00,31,33,45,3,40,152
2024-03-27 18:40:00,26,28,37,4,38,133
2024-03-27 18:50:00,19,22,34,3,35,113
2024-03-27 19:00:00,17,22,32,6,32,109
2024-03-27 19:10:00,25,26,28,6,31,116
2024-03-27 19:20:00,25,25,35,1,36,122
2024-03-27 19:30:00,22,23,22,2,26,95
2024-03-27 19:40:00,24,25,25,5,25,104
2024-03-27 19:50:00,14,18,25,1,25,83
2024-03-27 20:00:00,24,29,23,3,23,102
2024-03-27 20:10:00,18,19,31,5,33,106
2024-03-27 20:20:00,16,20,33,2,33,104
2024-03-27 20:30:00,23,25,25,4,27,104
2024-03-27 20:40:00,13,16,32,4,31,96
2024-03-27 20:50:00,14,17,16,1,16,64
2024-03-27 21:00:00,7,9,26,1,28,71
2024-03-27 21:10:00,14,20,23,5,22,84
2024-03-27 21:20:00,12,14,26,2,25,79
2024-03-27 21:30:00,7,12,18,2,20,59
2024-03-27 21:40:00,15,17,16,0,15,63
2024-03-27 21:50:00,17,20,9,2,11,59
2024-03-27 22:00:00,13,15,19,0,19,66
2024-03-27 22:10:00,11,12,10,3,14,50
2024-03-27 22:20:00,15,20,17,1,18,71
2024-03-27 22:30:00,13,13,18,4,20,68
2024-03-27 22:40:00,7,11,21,1,20,60
2024-03-27 22:50:00,7,8,11,1,15,42
2024-03-27 23:00:00,9,11,11,0,14,45
2024-03-27 23:10:00,9,10,16,2,15,52
2024-03-27 23:20:00,9,12,13,1,15,50
2024-03-27 23:30:00,9,11,13,3,13,49
2024-03-27 23:40:00,6,8,7,2,7,30
2024-03-27 23:50:00,3,5,7,0,10,25
2024-03-28 00:00:00,7,7,8,3,9,34
2024-03-28 00:10:00,6,6,5,0,5,22
2024-03-28 00:20:00,2,5,6,1,8,22
2024-03-28 00:30:00,7,6,7,2,7,29
2024-03-28 00:40:00,9,9,6,0,7,31
2024-03-28 00:50:00,1,1,4,0,4,10
2024-03-28 01:00:00,3,1,6,0,6,16
2024-03-28 01:10:00,1,0,2,0,2,5
2024-03-28 01:20:00,1,1,6,1,11,20
2024-03-28 01:30:00,2,2,1,0,2,7
2024-03-28 01:40:00,1,2,0,0,1,4
2024-03-28 01:50:00,2,2,3,0,2,9
2024-03-28 02:00:00,1,2,2,1,2,8
2024-03-28 02:10:00,0,0,2,0,2,4
2024-03-28 02:20:00,2,2,2,0,3,9
2024-03-28 02:30:00,2,3,3,0,3,11
2024-03-28 02:40:00,1,1,3,0,3,8
2024-03-28 02:50:00,2,2,3,0,3,10
2024-03-28 03:00:00,2,3,1,0,1,7
2024-03-28 03:10:00,1,1,3,0,3,8
2024-03-28 03:20:00,1,1,1,0,1,4
2024-03-28 03:30:00,2,3,3,1,3,12
2024-03-28 03:40:00,1,1,2,0,2,6
2024-03-28 03:50:00,2,3,8,0,9,22
2024-03-28 04:00:00,0,0,3,0,2,5
2024-03-28 04:10:00,2,2,1,0,1,6
2024-03-28 04:20:00,4,4,6,0,7,21
2024-03-28 04:30:00,3,3,2,0,1,9
2024-03-28 04:40:00,5,5,10,0,10,30
2024-03-28 04:50:00,3,3,4,1,4,15
2024-03-28 05:00:00,3,3,7,0,7,20
2024-03-28 05:10:00,3,5,17,3,17,45
2024-03-28 05:20:00,4,4,13,0,15,36
2024-03-28 05:30:00,5,3,22,5,22,57
2024-03-28 05:40:00,8,8,36,3,36,91
2024-03-28 05:50:00,12,14,39,0,40,105
2024-03-28 06:00:00,15,17,31,1,30,94
2024-03-28 06:10:00,8,8,34,3,37,90
2024-03-28 06:20:00,16,15,54,1,52,138
2024-03-28 06:30:00,14,16,49,2,49,130
2024-03-28 06:40:00,13,18,59,6,59,155
2024-03-28 06:50:00,25,25,54,5,54,163
2024-03-28 07:00:00,17,20,46,8,52,143
2024-03-28 07:10:00,12,14,40,9,42,117
2024-03-28 07:20:00,20,30,58,2,58,168
2024-03-28 07:30:00,24,26,47,5,48,150
2024-03-28 07:40:00,22,30,59,5,58,174
2024-03-28 07:50:00,25,26,61,7,63,182
2024-03-28 08:00:00,24,26,49,6,47,152
2024-03-28 08:10:00,26,27,47,6,51,157
2024-03-28 08:20:00,24,25,52,5,53,159
2024-03-28 08:30:00,17,19,47,3,49,135
2024-03-28 08:40:00,20,21,63,4,62,170
2024-03-28 08:50:00,21,24,51,1,51,148
2024-03-28 09:00:00,21,27,53,4,57,162
2024-03-28 09:10:00,18,21,48,8,47,142
2024-03-28 09:20:00,17,17,44,2,44,124
2024-03-28 09:30:00,21,24,48,1,50,144
2024-03-28 09:40:00,14,17,70,6,72,179
2024-03-28 09:50:00,17,19,59,1,57,153
2024-03-28 10:00:00,25,30,45,5,47,152
2024-03-28 10:10:00,23,30,57,7,55,172
2024-03-28 10:20:00,24,25,49,6,51,155
2024-03-28 10:30:00,17,23,45,5,46,136
2024-03-28 10:40:00,18,23,51,6,50,148
2024-03-28 10:50:00,19,22,50,5,53,149
2024-03-28 11:00:00,20,24,47,5,44,140
2024-03-28 11:10:00,22,24,43,6,48,143
2024-03-28 11:20:00,21,23,35,5,33,117
2024-03-28 11:30:00,24,29,39,5,41,138
2024-03-28 11:40:00,19,22,44,6,44,135
2024-03-28 11:50:00,22,27,55,0,56,160
2024-03-28 12:00:00,27,33,47,4,47,158
2024-03-28 12:10:00,18,24,49,10,50,151
2024-03-28 12:20:00,25,25,31,2,34,117
2024-03-28 12:30:00,29,30,57,4,56,176
2024-03-28 12:40:00,19,26,45,7,46,143
2024-03-28 12:50:00,24,25,47,3,48,147
2024-03-28 13:00:00,25,33,47,7,51,163
2024-03-28 13:10:00,21,26,56,7,55,165
2024-03-28 13:20:00,20,23,50,3,51,147
2024-03-28 13:30:00,26,32,51,2,53,164
2024-03-28 13:40:00,22,27,46,7,47,149
2024-03-28 13:50:00,29,28,51,3,54,165
2024-03-28 14:00:00,23,26,59,5,57,170
2024-03-28 14:10:00,25,25,46,6,48,150
2024-03-28 14:20:00,18,21,51,1,49,140
2024-03-28 14:30:00,23,24,42,4,42,135
2024-03-28 14:40:00,30,35,53,8,54,180
2024-03-28 14:50:00,24,32,51,6,49,162
2024-03-28 15:00:00,27,30,48,2,52,159
2024-03-28 15:10:00,23,29,57,11,55,175
2024-03-28 15:20:00,18,25,60,2,60,165
2024-03-28 15:30:00,26,29,54,6,55,170
2024-03-28 15:40:00,26,32,61,8,60,187
2024-03-28 15:50:00,22,27,53,1,55,158
2024-03-28 16:00:00,30,35,52,3,63,183
2024-03-28 16:10:00,28,31,53,6,53,171
2024-03-28 16:20:00,26,32,59,1,58,176
2024-03-28 16:30:00,33,33,50,5,54,175
2024-03-28 16:40:00,22,27,63,3,64,179
2024-03-28 16:50:00,29,30,49,3,48,159
2024-03-28 17:00:00,18,20,45,5,47,135
2024-03-28 17:10:00,28,32,55,7,56,178
2024-03-28 17:20:00,21,24,52,2,53,152
2024-03-28 17:30:00,33,38,60,2,61,194
2024-03-28 17:40:00,27,32,54,4,55,172
2024-03-28 17:50:00,25,29,47,1,51,153
2024-03-28 18:00:00,29,30,35,3,36,133
2024-03-28 18:10:00,26,28,32,8,31,125
2024-03-28 18:20:00,18,21,33,0,37,109
2024-03-28 18:30:00,30,32,36,10,37,145
2024-03-28 18:40:00,26,31,40,5,41,143
2024-03-28 18:50:00,22,26,37,1,37,123
2024-03-28 19:00:00,21,24,26,6,27,104
2024-03-28 19:10:00,19,20,33,9,32,113
2024-03-28 19:20:00,15,20,31,2,31,99
2024-03-28 19:30:00,20,25,39,4,42,130
2024-03-28 19:40:00,19,23,36,5,36,119
2024-03-28 19:50:00,13,22,22,2,23,82
2024-03-28 20:00:00,19,21,43,2,45,130
2024-03-28 20:10:00,24,26,40,3,42,135
2024-03-28 20:20:00,20,22,28,3,28,101
2024-03-28 20:30:00,20,22,28,2,30,102
2024-03-28 20:40:00,22,27,26,4,28,107
2024-03-28 20:50:00,17,21,17,0,17,72
2024-03-28 21:00:00,22,25,25,5,26,103
2024-03-28 21:10:00,28,38,24,2,24,116
2024-03-28 21:20:00,17,20,18,2,19,76
2024-03-28 21:30:00,20,22,18,3,19,82
2024-03-28 21:40:00,15,16,12,0,14,57
2024-03-28 21:50:00,15,23,21,3,20,82
2024-03-28 22:00:00,15,15,16,4,16,66
2024-03-28 22:10:00,14,20,19,1,23,77
2024-03-28 22:20:00,14,14,21,1,22,72
2024-03-28 22:30:00,12,15,20,5,21,73
2024-03-28 22:40:00,13,17,14,3,14,61
2024-03-28 22:50:00,9,11,10,2,11,43
2024-03-28 23:00:00,6,8,13,2,13,42
2024-03-28 23:10:00,3,8,6,0,6,23
2024-03-28 23:20:00,6,8,12,0,13,39
2024-03-28 23:30:00,3,7,16,6,16,48
2024-03-28 23:40:00,5,9,7,0,7,28
2024-03-28 23:50:00,12,12,9,0,11,44
2024-03-29 00:00:00,2,4,11,1,10,28
2024-03-29 00:10:00,6,8,13,2,15,44
2024-03-29 00:20:00,5,8,9,1,11,34
2024-03-29 00:30:00,4,6,16,5,16,47
2024-03-29 00:40:00,4,4,5,0,6,19
2024-03-29 00:50:00,4,6,6,0,7,23
2024-03-29 01:00:00,5,6,7,0,8,26
2024-03-29 01:10:00,5,7,1,0,2,15
2024-03-29 01:20:00,2,2,7,0,6,17
2024-03-29 01:30:00,5,5,6,2,5,23
2024-03-29 01:40:00,1,1,3,0,3,8
2024-03-29 01:50:00,3,4,4,0,4,15
2024-03-29 02:00:00,3,3,4,0,4,14
2024-03-29 02:10:00,2,3,3,0,4,12
2024-03-29 02:20:00,4,4,6,0,8,22
2024-03-29 02:30:00,6,5,3,3,4,21
2024-03-29 02:40:00,3,4,2,0,3,12
2024-03-29 02:50:00,1,2,1,0,1,5
2024-03-29 03:00:00,3,3,3,0,3,12
2024-03-29 03:10:00,0,0,4,0,4,8
2024-03-29 03:20:00,3,4,2,0,2,11
2024-03-29 03:30:00,1,2,4,0,4,11
2024-03-29 03:40:00,2,3,3,0,2,10
2024-03-29 03:50:00,1,2,3,0,4,10
2024-03-29 04:00:00,4,4,5,0,5,18
2024-03-29 04:10:00,2,2,3,0,3,10
2024-03-29 04:20:00,1,3,1,0,1,6
2024-03-29 04:30:00,3,3,2,0,2,10
2024-03-29 04:40:00,0,1,0,0,0,1
2024-03-29 04:50:00,1,1,2,0,4,8
2024-03-29 05:00:00,2,2,10,2,10,26
2024-03-29 05:10:00,3,6,4,1,6,20
2024-03-29 05:20:00,5,7,12,1,11,36
2024-03-29 05:30:00,3,4,16,0,16,39
2024-03-29 05:40:00,2,4,14,4,14,38
2024-03-29 05:50:00,1,1,10,2,10,24
2024-03-29 06:00:00,1,2,7,0,7,17
2024-03-29 06:10:00,2,2,9,2,9,24
2024-03-29 06:20:00,1,1,17,0,18,37
2024-03-29 06:30:00,5,7,12,3,12,39
2024-03-29 06:40:00,4,5,7,1,7,24
2024-03-29 06:50:00,7,10,7,0,8,32
2024-03-29 07:00:00,4,5,4,0,4,17
2024-03-29 07:10:00,4,5,9,2,9,29
2024-03-29 07:20:00,2,2,5,0,5,14
2024-03-29 07:30:00,3,5,5,2,5,20
2024-03-29 07:40:00,1,2,12,2,13,30
2024-03-29 07:50:00,7,8,4,0,4,23
2024-03-29 08:00:00,6,7,7,0,8,28
2024-03-29 08:10:00,3,6,12,5,12,38
2024-03-29 08:20:00,8,8,7,0,7,30
2024-03-29 08:30:00,8,12,7,4,8,39
2024-03-29 08:40:00,6,9,6,1,7,29
2024-03-29 08:50:00,9,12,11,1,11,44
2024-03-29 09:00:00,10,13,12,3,12,50
2024-03-29 09:10:00,5,6,6,1,5,23
2024-03-29 09:20:00,7,10,18,0,17,52
2024-03-29 09:30:00,7,9,13,1,14,44
2024-03-29 09:40:00,8,10,16,3,15,52
2024-03-29 09:50:00,9,10,13,1,15,48
2024-03-29 10:00:00,4,6,14,0,13,37
2024-03-29 10:10:00,11,13,26,5,26,81
2024-03-29 10:20:00,12,13,18,0,17,60
2024-03-29 10:30:00,9,13,9,2,10,43
2024-03-29 10:40:00,8,11,15,2,14,50
2024-03-29 10:50:00,17,23,18,0,18,76
2024-03-29 11:00:00,13,17,15,0,15,60
2024-03-29 11:10:00,10,11,14,2,15,52
2024-03-29 11:20:00,9,10,26,0,28,73
2024-03-29 11:30:00,9,10,23,2,22,66
2024-03-29 11:40:00,18,18,21,5,20,82
2024-03-29 11:50:00,15,20,16,0,16,67
2024-03-29 12:00:00,16,18,25,5,27,91
2024-03-29 12:10:00,20,28,30,2,29,109
2024-03-29 12:20:00,15,22,29,1,32,99
2024-03-29 12:30:00,19,21,37,4,38,119
2024-03-29 12:40:00,17,19,28,2,28,94
2024-03-29 12:50:00,12,14,35,3,36,100
2024-03-29 13:00:00,9,16,27,3,28,83
2024-03-29 13:10:00,16,16,37,4,36,109
2024-03-29 13:20:00,16,19,26,0,25,86
2024-03-29 13:30:00,13,15,23,3,25,79
2024-03-29 13:40:00,12,22,33,2,33,102
2024-03-29 13:50:00,14,20,25,2,25,86
2024-03-29 14:00:00,10,14,22,1,25,72
2024-03-29 14:10:00,17,21,38,3,38,117
2024-03-29 14:20:00,12,17,29,2,30,90
2024-03-29 14:30:00,13,14,28,3,30,88
2024-03-29 14:40:00,20,26,36,3,36,121
2024-03-29 14:50:00,11,14,30,3,30,88
2024-03-29 15:00:00,18,24,28,0,26,96
2024-03-29 15:10:00,15,19,23,4,26,87
2024-03-29 15:20:00,13,21,27,3,28,92
2024-03-29 15:30:00,14,17,22,2,25,80
2024-03-29 15:40:00,11,20,33,3,32,99
2024-03-29 15:50:00,14,17,30,4,31,96
2024-03-29 16:00:00,12,18,27,1,25,83
2024-03-29 16:10:00,7,11,19,4,20,61
2024-03-29 16:20:00,17,22,26,2,25,92
2024-03-29 16:30:00,9,15,16,2,18,60
2024-03-29 16:40:00,12,21,26,5,29,93
2024-03-29 16:50:00,16,16,26,3,29,90
2024-03-29 17:00:00,16,17,31,4,34,102
2024-03-29 17:10:00,12,20,40,3,39,114
2024-03-29 17:20:00,17,19,37,3,38,114
2024-03-29 17:30:00,10,13,33,3,36,95
2024-03-29 17:40:00,9,16,31,4,33,93
2024-03-29 17:50:00,8,11,27,4,30,80
2024-03-29 18:00:00,8,9,20,1,21,59
2024-03-29 18:10:00,17,21,25,4,25,92
2024-03-29 18:20:00,15,15,28,4,29,91
2024-03-29 18:30:00,15,19,32,5,37,108
2024-03-29 18:40:00,17,18,24,3,23,85
2024-03-29 18:50:00,11,14,20,3,22,70
2024-03-29 19:00:00,9,12,19,2,19,61
2024-03-29 19:10:00,9,12,21,4,19,65
2024-03-29 19:20:00,9,14,18,0,19,60
2024-03-29 19:30:00,12,14,22,2,23,73
2024-03-29 19:40:00,11,16,20,2,20,69
2024-03-29 19:50:00,13,11,14,1,15,54
2024-03-29 20:00:00,10,17,16,2,17,62
2024-03-29 20:10:00,12,14,26,2,28,82
2024-03-29 20:20:00,10,15,31,1,31,88
2024-03-29 20:30:00,11,11,21,2,21,66
2024-03-29 20:40:00,13,16,19,0,19,67
2024-03-29 20:50:00,6,9,17,0,20,52
2024-03-29 21:00:00,12,14,28,5,30,89
2024-03-29 21:10:00,8,10,18,0,18,54
2024-03-29 21:20:00,7,10,19,0,20,56
2024-03-29 21:30:00,6,10,23,2,25,66
2024-03-29 21:40:00,7,11,17,0,18,53
2024-03-29 21:50:00,7,13,27,2,28,77
2024-03-29 22:00:00,12,15,14,6,14,61
2024-03-29 22:10:00,12,15,9,1,12,49
2024-03-29 22:20:00,7,12,17,0,20,56
2024-03-29 22:30:00,6,8,14,2,17,47
2024-03-29 22:40:00,6,12,12,0,14,44
2024-03-29 22:50:00,5,8,9,0,11,33
2024-03-29 23:00:00,7,10,9,4,9,39
2024-03-29 23:10:00,3,5,10,0,10,28
2024-03-29 23:20:00,6,9,6,0,6,27
2024-03-29 23:30:00,6,9,8,3,8,34
2024-03-29 23:40:00,7,10,10,0,10,37
2024-03-29 23:50:00,5,6,6,0,7,24
2024-03-30 00:00:00,4,5,15,4,14,42
2024-03-30 00:10:00,3,5,7,0,7,22
2024-03-30 00:20:00,3,4,10,0,10,27
2024-03-30 00:30:00,5,6,9,2,9,31
2024-03-30 00:40:00,2,3,12,0,12,29
2024-03-30 00:50:00,2,6,5,0,5,18
2024-03-30 01:00:00,3,3,7,0,7,20
2024-03-30 01:10:00,2,3,8,0,8,21
2024-03-30 01:20:00,3,3,6,0,6,18
2024-03-30 01:30:00,6,6,4,1,4,21
2024-03-30 01:40:00,2,5,2,0,2,11
2024-03-30 01:50:00,2,4,2,0,2,10
2024-03-30 02:00:00,2,3,6,2,6,19
2024-03-30 02:10:00,0,1,3,0,3,7
2024-03-30 02:20:00,0,1,3,0,3,7
2024-03-30 02:30:00,2,2,2,0,2,8
2024-03-30 02:40:00,1,1,3,0,3,8
2024-03-30 02:50:00,3,3,0,0,1,7
2024-03-30 03:00:00,2,2,1,0,0,5
2024-03-30 03:10:00,2,2,2,0,3,9
2024-03-30 03:20:00,4,6,3,0,3,16
2024-03-30 03:30:00,1,2,1,0,1,5
2024-03-30 03:40:00,1,1,5,1,5,13
2024-03-30 03:50:00,0,1,5,0,5,11
2024-03-30 04:00:00,3,4,4,0,4,15
2024-03-30 04:10:00,4,5,3,0,3,15
2024-03-30 04:20:00,3,3,1,0,3,10
2024-03-30 04:30:00,3,3,2,0,2,10
2024-03-30 04:40:00,4,7,3,0,4,18
2024-03-30 04:50:00,3,3,3,0,3,12
2024-03-30 05:00:00,3,7,5,0,7,22
2024-03-30 05:10:00,3,5,6,3,7,24
2024-03-30 05:20:00,2,2,7,0,7,18
2024-03-30 05:30:00,4,5,16,3,17,45
2024-03-30 05:40:00,0,2,19,6,19,46
2024-03-30 05:50:00,1,2,9,3,8,23
2024-03-30 06:00:00,3,4,13,1,14,35
2024-03-30 06:10:00,2,5,18,4,18,47
2024-03-30 06:20:00,3,3,15,2,17,40
2024-03-30 06:30:00,5,5,13,0,13,36
2024-03-30 06:40:00,3,5,7,4,7,26
2024-03-30 06:50:00,4,4,12,2,13,35
2024-03-30 07:00:00,6,5,5,0,5,21
2024-03-30 07:10:00,3,4,5,5,7,24
2024-03-30 07:20:00,8,8,10,3,11,40
2024-03-30 07:30:00,3,4,14,3,14,38
2024-03-30 07:40:00,2,2,16,4,16,40
2024-03-30 07:50:00,8,10,12,2,12,44
2024-03-30 08:00:00,8,8,9,0,14,39
2024-03-30 08:10:00,11,12,13,5,13,54
2024-03-30 08:20:00,12,14,18,3,19,66
2024-03-30 08:30:00,12,16,13,1,14,56
2024-03-30 08:40:00,9,12,22,5,24,72
2024-03-30 08:50:00,5,5,16,4,16,46
2024-03-30 09:00:00,10,13,24,1,25,73
2024-03-30 09:10:00,11,14,30,7,30,92
2024-03-30 09:20:00,12,14,31,6,30,93
2024-03-30 09:30:00,11,16,27,1,28,83
2024-03-30 09:40:00,11,18,35,8,38,110
2024-03-30 09:50:00,13,17,23,6,23,82
2024-03-30 10:00:00,12,14,35,1,36,98
2024-03-30 10:10:00,14,17,31,6,32,100
2024-03-30 10:20:00,18,20,23,4,23,88
2024-03-30 10:30:00,20,25,36,2,37,120
2024-03-30 10:40:00,13,16,31,6,34,100
2024-03-30 10:50:00,19,21,50,4,51,145
2024-03-30 11:00:00,17,24,35,2,36,114
2024-03-30 11:10:00,20,26,32,2,32,112
2024-03-30 11:20:00,12,18,28,6,28,92
2024-03-30 11:30:00,19,23,36,1,39,118
2024-03-30 11:40:00,17,18,35,6,32,108
2024-03-30 11:50:00,22,25,40,4,43,134
2024-03-30 12:00:00,20,26,35,3,33,117
2024-03-30 12:10:00,23,29,33,5,35,125
2024-03-30 12:20:00,17,18,26,1,27,89
2024-03-30 12:30:00,22,21,33,3,33,112
2024-03-30 12:40:00,31,32,34,4,34,135
2024-03-30 12:50:00,13,20,35,4,36,108
2024-03-30 13:00:00,18,20,32,0,35,105
2024-03-30 13:10:00,17,21,28,6,30,102
2024-03-30 13:20:00,18,24,37,2,37,118
2024-03-30 13:30:00,16,23,30,3,29,101
2024-03-30 13:40:00,12,13,41,4,41,111
2024-03-30 13:50:00,22,25,38,0,40,125
2024-03-30 14:00:00,21,27,43,7,46,144
2024-03-30 14:10:00,19,24,38,6,36,123
2024-03-30 14:20:00,16,21,33,3,37,110
2024-03-30 14:30:00,17,24,37,3,37,118
2024-03-30 14:40:00,25,29,31,5,35,125
2024-03-30 14:50:00,19,23,44,4,41,131
2024-03-30 15:00:00,19,21,33,3,35,111
2024-03-30 15:10:00,15,21,33,6,34,109
2024-03-30 15:20:00,21,22,32,6,33,114
2024-03-30 15:30:00,14,16,39,3,40,112
2024-03-30 15:40:00,18,21,39,9,39,126
2024-03-30 15:50:00,17,20,24,2,24,87
2024-03-30 16:00:00,14,15,23,4,23,79
2024-03-30 16:10:00,14,21,25,3,28,91
2024-03-30 16:20:00,20,23,27,5,28,103
2024-03-30 16:30:00,17,24,28,3,28,100
2024-03-30 16:40:00,17,23,29,6,30,105
2024-03-30 16:50:00,12,14,42,7,43,118
2024-03-30 17:00:00,17,18,27,1,30,93
2024-03-30 17:10:00,19,23,29,3,31,105
2024-03-30 17:20:00,17,20,36,5,36,114
2024-03-30 17:30:00,17,19,22,0,21,79
2024-03-30 17:40:00,20,26,33,5,34,118
2024-03-30 17:50:00,19,20,28,4,27,98
2024-03-30 18:00:00,14,17,24,0,25,80
2024-03-30 18:10:00,12,16,30,6,31,95
2024-03-30 18:20:00,19,21,26,3,29,98
2024-03-30 18:30:00,17,19,37,4,34,111
2024-03-30 18:40:00,24,29,37,2,38,130
2024-03-30 18:50:00,13,19,20,2,19,73
2024-03-30 19:00:00,15,20,24,3,28,90
2024-03-30 19:10:00,12,13,24,3,25,77
2024-03-30 19:20:00,9,12,23,3,23,70
2024-03-30 19:30:00,12,17,16,0,18,63
2024-03-30 19:40:00,10,14,21,3,21,69
2024-03-30 19:50:00,6,10,21,3,22,62
2024-03-30 20:00:00,13,13,15,0,18,59
2024-03-30 20:10:00,17,21,27,6,28,99
2024-03-30 20:20:00,11,12,30,4,29,86
2024-03-30 20:30:00,11,16,30,2,32,91
2024-03-30 20:40:00,12,15,25,2,25,79
2024-03-30 20:50:00,14,16,17,1,17,65
2024-03-30 21:00:00,12,14,20,3,21,70
2024-03-30 21:10:00,10,13,18,0,19,60
2024-03-30 21:20:00,16,18,18,2,20,74
2024-03-30 21:30:00,11,13,12,1,11,48
2024-03-30 21:40:00,16,18,16,0,17,67
2024-03-30 21:50:00,9,12,17,0,16,54
2024-03-30 22:00:00,12,17,26,5,26,86
2024-03-30 22:10:00,10,11,13,0,14,48
2024-03-30 22:20:00,9,11,23,0,26,69
2024-03-30 22:30:00,9,9,19,0,20,57
2024-03-30 22:40:00,8,13,14,0,14,49
2024-03-30 22:50:00,6,10,8,0,13,37
2024-03-30 23:00:00,8,7,15,5,16,51
2024-03-30 23:10:00,3,7,8,1,7,26
2024-03-30 23:20:00,8,8,10,0,10,36
2024-03-30 23:30:00,9,9,13,2,14,47
2024-03-30 23:40:00,5,6,9,0,9,29
2024-03-30 23:50:00,9,11,6,0,6,32
2024-03-31 00:00:00,10,12,12,5,11,50
2024-03-31 00:10:00,7,7,8,0,8,30
2024-03-31 00:20:00,8,14,11,1,14,48
2024-03-31 00:30:00,0,1,7,2,9,19
2024-03-31 00:40:00,9,11,9,0,10,39
2024-03-31 00:50:00,5,6,6,0,6,23
2024-03-31 01:00:00,7,8,3,0,3,21
2024-03-31 01:10:00,1,1,5,0,6,13
2024-03-31 01:20:00,5,6,7,1,9,28
2024-03-31 01:30:00,3,3,6,4,6,22
2024-03-31 01:40:00,4,7,3,0,3,17
2024-03-31 01:50:00,5,5,6,0,6,22
2024-03-31 02:00:00,0,0,0,0,0,0
2024-03-31 02:10:00,0,0,0,0,0,0
2024-03-31 02:20:00,0,0,0,0,0,0
2024-03-31 02:30:00,0,0,0,0,0,0
2024-03-31 02:40:00,0,0,0,0,0,0
2024-03-31 02:50:00,0,0,0,0,0,0
2024-03-31 03:00:00,4,7,2,0,2,15
2024-03-31 03:10:00,6,6,6,0,8,26
2024-03-31 03:20:00,4,4,4,0,4,16
2024-03-31 03:30:00,3,6,4,2,6,21
2024-03-31 03:40:00,7,9,2,0,4,22
2024-03-31 03:50:00,7,7,7,0,7,28
2024-03-31 04:00:00,4,9,5,0,6,24
2024-03-31 04:10:00,3,3,2,0,2,10
2024-03-31 04:20:00,1,2,3,0,4,10
2024-03-31 04:30:00,5,5,5,0,5,20
2024-03-31 04:40:00,10,13,5,0,4,32
2024-03-31 04:50:00,2,1,3,0,4,10
2024-03-31 05:00:00,3,2,2,0,2,9
2024-03-31 05:10:00,7,8,5,1,7,28
2024-03-31 05:20:00,3,4,9,0,9,25
2024-03-31 05:30:00,6,7,16,0,16,45
2024-03-31 05:40:00,4,5,12,2,11,34
2024-03-31 05:50:00,3,3,13,1,13,33
2024-03-31 06:00:00,4,6,12,1,12,35
2024-03-31 06:10:00,3,6,13,5,13,40
2024-03-31 06:20:00,5,5,17,1,17,45
2024-03-31 06:30:00,5,5,14,4,14,42
2024-03-31 06:40:00,5,10,7,1,7,30
2024-03-31 06:50:00,6,8,9,0,10,33
2024-03-31 07:00:00,5,5,4,4,4,22
2024-03-31 07:10:00,2,2,6,1,6,17
2024-03-31 07:20:00,5,5,6,1,6,23
2024-03-31 07:30:00,2,2,2,2,2,10
2024-03-31 07:40:00,2,5,9,2,9,27
2024-03-31 07:50:00,3,3,8,0,7,21
2024-03-31 08:00:00,6,6,4,5,5,26
2024-03-31 08:10:00,4,6,3,2,2,17
2024-03-31 08:20:00,3,3,11,0,11,28
2024-03-31 08:30:00,1,2,8,4,8,23
2024-03-31 08:40:00,6,6,7,1,7,27
2024-03-31 08:50:00,7,7,7,4,8,33
2024-03-31 09:00:00,4,5,7,2,7,25
2024-03-31 09:10:00,8,9,12,2,15,46
2024-03-31 09:20:00,9,10,15,0,16,50
2024-03-31 09:30:00,7,7,11,5,11,41
2024-03-31 09:40:00,14,18,12,2,12,58
2024-03-31 09:50:00,3,5,9,0,13,30
2024-03-31 10:00:00,10,12,16,3,15,56
2024-03-31 10:10:00,9,9,16,1,16,51
2024-03-31 10:20:00,11,14,20,2,20,67
2024-03-31 10:30:00,10,10,15,4,15,54
2024-03-31 10:40:00,12,15,23,1,23,74
2024-03-31 10:50:00,16,18,22,4,22,82
2024-03-31 11:00:00,15,13,19,2,19,68
2024-03-31 11:10:00,9,11,22,0,22,64
2024-03-31 11:20:00,12,13,19,2,20,66
2024-03-31 11:30:00,9,13,12,3,12,49
2024-03-31 11:40:00,20,24,19,3,20,86
2024-03-31 11:50:00,16,19,23,3,24,85
2024-03-31 12:00:00,16,23,28,2,27,96
2024-03-31 12:10:00,15,20,25,1,24,85
2024-03-31 12:20:00,15,21,27,0,29,92
2024-03-31 12:30:00,19,26,26,4,28,103
2024-03-31 12:40:00,13,17,23,4,23,80
2024-03-31 12:50:00,12,16,25,5,26,84
2024-03-31 13:00:00,17,18,28,2,29,94
2024-03-31 13:10:00,9,12,26,3,26,76
2024-03-31 13:20:00,13,14,31,3,33,94
2024-03-31 13:30:00,17,19,23,3,23,85
2024-03-31 13:40:00,12,15,24,2,24,77
2024-03-31 13:50:00,13,19,22,2,21,77
2024-03-31 14:00:00,16,13,36,3,35,103
2024-03-31 14:10:00,14,19,25,3,25,86
2024-03-31 14:20:00,20,21,35,3,36,115
2024-03-31 14:30:00,23,24,21,2,22,92
2024-03-31 14:40:00,14,17,21,3,24,79
2024-03-31 14:50:00,25,26,32,8,35,126
2024-03-31 15:00:00,18,23,31,2,34,108
2024-03-31 15:10:00,14,17,27,3,27,88
2024-03-31 15:20:00,15,21,26,4,29,95
2024-03-31 15:30:00,19,20,15,4,15,73
2024-03-31 15:40:00,12,20,25,2,25,84
2024-03-31 15:50:00,16,17,22,5,20,80
2024-03-31 16:00:00,7,12,20,1,20,60
2024-03-31 16:10:00,11,16,34,3,35,99
2024-03-31 16:20:00,18,23,15,3,16,75
2024-03-31 16:30:00,16,19,22,2,24,83
2024-03-31 16:40:00,9,14,25,2,28,78
2024-03-31 16:50:00,15,22,35,3,34,109
2024-03-31 17:00:00,17,21,41,4,43,126
2024-03-31 17:10:00,14,15,21,1,22,73
2024-03-31 17:20:00,7,12,39,4,39,101
2024-03-31 17:30:00,15,21,26,2,28,92
2024-03-31 17:40:00,21,27,31,2,31,112
2024-03-31 17:50:00,20,22,22,4,22,90
2024-03-31 18:00:00,18,21,24,5,26,94
2024-03-31 18:10:00,15,21,27,3,27,93
2024-03-31 18:20:00,20,24,32,3,31,110
2024-03-31 18:30:00,17,18,27,3,27,92
2024-03-31 18:40:00,14,22,31,8,32,107
2024-03-31 18:50:00,15,22,24,8,25,94
2024-03-31 19:00:00,18,23,30,6,32,109
2024-03-31 19:10:00,14,19,35,2,35,105
2024-03-31 19:20:00,26,31,28,3,29,117
2024-03-31 19:30:00,22,25,27,2,26,102
2024-03-31 19:40:00,16,16,21,2,21,76
2024-03-31 19:50:00,6,12,21,0,22,61
2024-03-31 20:00:00,9,13,20,3,23,68
2024-03-31 20:10:00,7,9,14,2,16,48
2024-03-31 20:20:00,8,9,17,0,19,53
2024-03-31 20:30:00,3,10,20,2,23,58
2024-03-31 20:40:00,12,14,25,4,23,78
2024-03-31 20:50:00,7,13,23,2,24,69
2024-03-31 21:00:00,6,11,13,3,13,46
2024-03-31 21:10:00,13,15,22,2,24,76
2024-03-31 21:20:00,11,16,16,0,15,58
2024-03-31 21:30:00,10,16,31,0,33,90
2024-03-31 21:40:00,8,12,30,5,29,84
2024-03-31 21:50:00,8,6,22,3,23,62
2024-03-31 22:00:00,8,16,16,3,17,60
2024-03-31 22:10:00,6,8,19,1,18,52
2024-03-31 22:20:00,10,12,15,0,15,52
2024-03-31 22:30:00,7,8,22,2,22,61
2024-03-31 22:40:00,8,10,15,1,15,49
2024-03-31 22:50:00,10,15,8,2,8,43
2024-03-31 23:00:00,9,13,13,3,14,52
2024-03-31 23:10:00,8,10,4,0,5,27
2024-03-31 23:20:00,9,11,8,1,11,40
2024-03-31 23:30:00,8,9,6,2,8,33
2024-03-31 23:40:00,10,13,13,0,12,48
2024-03-31 23:50:00,5,6,13,0,15,39
2024-04-01 00:00:00,2,4,10,2,10,28
2024-04-01 00:10:00,6,7,9,0,10,32
2024-04-01 00:20:00,2,3,11,2,12,30
2024-04-01 00:30:00,7,8,6,0,6,27
2024-04-01 00:40:00,2,2,8,0,9,21
2024-04-01 00:50:00,1,1,7,0,9,18
2024-04-01 01:00:00,4,6,7,0,6,23
2024-04-01 01:10:00,5,5,3,0,4,17
2024-04-01 01:20:00,3,3,5,0,5,16
2024-04-01 01:30:00,4,7,4,2,4,21
2024-04-01 01:40:00,6,6,4,0,5,21
2024-04-01 01:50:00,1,2,5,0,5,13
2024-04-01 02:00:00,7,8,5,0,5,25
2024-04-01 02:10:00,1,1,4,0,4,10
2024-04-01 02:20:00,2,3,1,0,1,7
2024-04-01 02:30:00,1,2,6,1,6,16
2024-04-01 02:40:00,1,1,2,0,2,6
2024-04-01 02:50:00,0,2,1,0,2,5
2024-04-01 03:00:00,2,2,1,0,1,6
2024-04-01 03:10:00,7,8,0,1,0,16
2024-04-01 03:20:00,1,1,6,0,6,14
2024-04-01 03:30:00,1,2,2,0,2,7
2024-04-01 03:40:00,3,4,3,0,3,13
2024-04-01 03:50:00,3,4,4,0,4,15
2024-04-01 04:00:00,2,3,3,0,3,11
2024-04-01 04:10:00,1,1,6,0,6,14
2024-04-01 04:20:00,5,5,3,2,3,18
2024-04-01 04:30:00,1,1,3,0,3,8
2024-04-01 04:40:00,1,1,5,0,5,12
2024-04-01 04:50:00,1,3,1,0,1,6
2024-04-01 05:00:00,2,3,9,0,10,24
2024-04-01 05:10:00,4,5,1,2,1,13
2024-04-01 05:20:00,2,4,7,1,10,24
2024-04-01 05:30:00,2,2,13,0,13,30
2024-04-01 05:40:00,2,2,15,1,15,35
2024-04-01 05:50:00,0,0,6,0,6,12
2024-04-01 06:00:00,4,6,6,0,7,23
2024-04-01 06:10:00,5,7,12,2,12,38
2024-04-01 06:20:00,4,5,11,0,11,31
2024-04-01 06:30:00,7,10,9,2,9,37
2024-04-01 06:40:00,6,7,6,2,6,27
2024-04-01 06:50:00,3,3,2,0,3,11
2024-04-01 07:00:00,1,1,3,2,3,10
2024-04-01 07:10:00,5,5,5,0,5,20
2024-04-01 07:20:00,2,2,5,0,6,15
2024-04-01 07:30:00,1,2,3,3,3,12
2024-04-01 07:40:00,3,3,2,1,2,11
2024-04-01 07:50:00,3,3,5,0,5,16
2024-04-01 08:00:00,3,4,8,2,8,25
2024-04-01 08:10:00,3,4,10,2,11,30
2024-04-01 08:20:00,5,10,4,0,5,24
2024-04-01 08:30:00,6,6,5,0,5,22
2024-04-01 08:40:00,4,4,5,3,5,21
2024-04-01 08:50:00,6,6,9,1,11,33
2024-04-01 09:00:00,6,6,10,3,10,35
2024-04-01 09:10:00,12,13,11,1,12,49
2024-04-01 09:20:00,9,11,6,0,8,34
2024-04-01 09:30:00,9,11,9,2,9,40
2024-04-01 09:40:00,12,15,15,0,17,59
2024-04-01 09:50:00,5,5,19,1,18,48
2024-04-01 10:00:00,8,9,10,4,10,41
2024-04-01 10:10:00,7,8,12,1,14,42
2024-04-01 10:20:00,10,11,15,1,16,53
2024-04-01 10:30:00,12,13,13,3,12,53
2024-04-01 10:40:00,8,11,17,2,16,54
2024-04-01 10:50:00,9,9,19,0,19,56
2024-04-01 11:00:00,8,11,16,2,16,53
2024-04-01 11:10:00,17,18,17,2,19,73
2024-04-01 11:20:00,15,19,24,1,24,83
2024-04-01 11:30:00,11,14,28,0,30,83
2024-04-01 11:40:00,9,11,19,3,17,59
2024-04-01 11:50:00,10,11,17,1,17,56
2024-04-01 12:00:00,14,14,17,2,18,65
2024-04-01 12:10:00,17,19,32,4,31,103
2024-04-01 12:20:00,14,17,16,0,18,65
2024-04-01 12:30:00,15,17,26,3,27,88
2024-04-01 12:40:00,11,12,26,1,26,76
2024-04-01 12:50:00,14,18,24,3,28,87
2024-04-01 13:00:00,14,17,26,0,23,80
2024-04-01 13:10:00,13,15,24,5,25,82
2024-04-01 13:20:00,13,17,31,3,29,93
2024-04-01 13:30:00,18,23,24,4,24,93
2024-04-01 13:40:00,15,14,27,1,27,84
2024-04-01 13:50:00,11,19,24,3,26,83
2024-04-01 14:00:00,13,19,18,2,21,73
2024-04-01 14:10:00,12,17,25,2,25,81
2024-04-01 14:20:00,19,22,21,3,20,85
2024-04-01 14:30:00,16,19,24,3,26,88
2024-04-01 14:40:00,20,26,33,2,32,113
2024-04-01 14:50:00,15,16,33,2,39,105
2024-04-01 15:00:00,17,19,29,3,29,97
2024-04-01 15:10:00,18,21,24,1,24,88
2024-04-01 15:20:00,17,20,27,2,29,95
2024-04-01 15:30:00,19,23,34,6,34,116
2024-04-01 15:40:00,13,17,25,2,26,83
2024-04-01 15:50:00,16,22,23,2,24,87
2024-04-01 16:00:00,17,18,19,2,19,75
2024-04-01 16:10:00,12,11,28,1,29,81
2024-04-01 16:20:00,20,23,30,3,32,108
2024-04-01 16:30:00,24,28,28,2,29,111
2024-04-01 16:40:00,9,13,20,2,21,65
2024-04-01 16:50:00,16,21,34,3,34,108
2024-04-01 17:00:00,15,19,28,5,28,95
2024-04-01 17:10:00,15,18,22,3,23,81
2024-04-01 17:20:00,15,18,35,5,36,109
2024-04-01 17:30:00,18,27,30,2,32,109
2024-04-01 17:40:00,14,17,23,2,23,79
2024-04-01 17:50:00,12,11,32,2,34,91
2024-04-01 18:00:00,11,16,29,4,31,91
2024-04-01 18:10:00,17,20,20,2,21,80
2024-04-01 18:20:00,14,22,31,2,29,98
2024-04-01 18:30:00,14,16,28,3,30,91
2024-04-01 18:40:00,14,18,28,1,31,92
2024-04-01 18:50:00,10,14,19,2,21,66
2024-04-01 19:00:00,16,20,30,2,28,96
2024-04-01 19:10:00,12,17,27,3,27,86
2024-04-01 19:20:00,12,18,29,2,29,90
2024-04-01 19:30:00,15,20,24,2,27,88
2024-04-01 19:40:00,11,16,23,4,22,76
2024-04-01 19:50:00,17,19,23,0,23,82
2024-04-01 20:00:00,10,17,23,1,23,74
2024-04-01 20:10:00,8,9,19,3,20,59
2024-04-01 20:20:00,6,9,21,2,21,59
2024-04-01 20:30:00,10,10,23,0,24,67
2024-04-01 20:40:00,8,11,27,4,27,77
2024-04-01 20:50:00,6,10,21,0,24,61
2024-04-01 21:00:00,11,14,20,4,20,69
2024-04-01 21:10:00,13,15,36,2,37,103
2024-04-01 21:20:00,10,16,33,4,36,99
2024-04-01 21:30:00,15,16,26,5,26,88
2024-04-01 21:40:00,10,16,17,2,18,63
2024-04-01 21:50:00,7,9,17,1,19,53
2024-04-01 22:00:00,10,12,15,2,15,54
2024-04-01 22:10:00,5,9,15,0,13,42
2024-04-01 22:20:00,6,9,15,1,15,46
2024-04-01 22:30:00,6,6,10,1,10,33
2024-04-01 22:40:00,12,13,17,2,16,60
2024-04-01 22:50:00,7,8,14,3,14,46
2024-04-01 23:00:00,5,6,11,2,12,36
2024-04-01 23:10:00,10,10,6,0,8,34
2024-04-01 23:20:00,10,14,8,0,8,40
2024-04-01 23:30:00,12,12,9,4,12,49
2024-04-01 23:40:00,6,6,10,0,12,34
2024-04-01 23:50:00,3,4,6,0,8,21
2024-04-02 00:00:00,6,8,6,3,8,31
2024-04-02 00:10:00,6,8,13,0,14,41
2024-04-02 00:20:00,3,5,7,1,7,23
2024-04-02 00:30:00,4,4,2,2,2,14
2024-04-02 00:40:00,3,3,3,0,3,12
2024-04-02 00:50:00,2,2,5,0,6,15
2024-04-02 01:00:00,3,3,4,0,4,14
2024-04-02 01:10:00,3,3,2,0,2,10
2024-04-02 01:20:00,2,2,3,0,3,10
2024-04-02 01:30:00,2,2,1,0,1,6
2024-04-02 01:40:00,6,6,3,0,4,19
2024-04-02 01:50:00,3,4,2,0,3,12
2024-04-02 02:00:00,1,1,4,2,4,12
2024-04-02 02:10:00,1,1,4,0,4,10
2024-04-02 02:20:00,4,5,1,0,1,11
2024-04-02 02:30:00,2,2,0,0,2,6
2024-04-02 02:40:00,1,1,2,0,2,6
2024-04-02 02:50:00,2,2,3,0,3,10
2024-04-02 03:00:00,2,1,6,0,6,15
2024-04-02 03:10:00,2,2,2,0,2,8
2024-04-02 03:20:00,2,2,1,0,1,6
2024-04-02 03:30:00,3,5,4,1,4,17
2024-04-02 03:40:00,5,6,5,0,5,21
2024-04-02 03:50:00,4,4,2,0,2,12
2024-04-02 04:00:00,2,3,3,0,3,11
2024-04-02 04:10:00,1,1,6,0,8,16
2024-04-02 04:20:00,0,0,2,0,2,4
2024-04-02 04:30:00,6,6,5,0,6,23
2024-04-02 04:40:00,2,2,5,0,4,13
2024-04-02 04:50:00,6,8,9,0,8,31
2024-04-02 05:00:00,2,2,6,0,11,21
2024-04-02 05:10:00,2,3,17,6,17,45
2024-04-02 05:20:00,3,4,17,0,19,43
2024-04-02 05:30:00,8,8,25,2,25,68
2024-04-02 05:40:00,6,7,30,4,31,78
2024-04-02 05:50:00,7,9,29,1,28,74
2024-04-02 06:00:00,13,15,40,1,41,110
2024-04-02 06:10:00,8,8,34,4,34,88
2024-04-02 06:20:00,7,9,47,1,46,110
2024-04-02 06:30:00,24,26,52,8,55,165
2024-04-02 06:40:00,15,20,56,6,58,155
2024-04-02 06:50:00,15,20,46,5,45,131
2024-04-02 07:00:00,16,20,53,4,53,146
2024-04-02 07:10:00,11,14,55,8,54,142
2024-04-02 07:20:00,17,20,63,3,64,167
2024-04-02 07:30:00,15,22,44,4,48,133
2024-04-02 07:40:00,18,21,54,6,55,154
2024-04-02 07:50:00,16,23,60,4,57,160
2024-04-02 08:00:00,15,24,51,4,51,145
2024-04-02 08:10:00,17,21,40,5,43,126
2024-04-02 08:20:00,22,32,44,3,45,146
2024-04-02 08:30:00,18,25,53,7,57,160
2024-04-02 08:40:00,15,20,66,13,66,180
2024-04-02 08:50:00,28,35,46,4,45,158
2024-04-02 09:00:00,23,29,38,3,38,131
2024-04-02 09:10:00,14,19,42,6,43,124
2024-04-02 09:20:00,17,21,43,6,47,134
2024-04-02 09:30:00,22,25,45,4,44,140
2024-04-02 09:40:00,13,18,39,3,38,111
2024-04-02 09:50:00,14,19,47,1,47,128
2024-04-02 10:00:00,18,22,33,8,36,117
2024-04-02 10:10:00,18,24,37,8,35,122
2024-04-02 10:20:00,14,20,33,4,34,105
2024-04-02 10:30:00,14,21,50,4,51,140
2024-04-02 10:40:00,17,23,41,5,41,127
2024-04-02 10:50:00,14,16,35,4,35,104
2024-04-02 11:00:00,16,19,41,7,42,125
2024-04-02 11:10:00,11,24,56,4,58,153
2024-04-02 11:20:00,14,22,43,3,43,125
2024-04-02 11:30:00,13,23,36,6,36,114
2024-04-02 11:40:00,26,29,35,3,36,129
2024-04-02 11:50:00,13,22,47,3,51,136
2024-04-02 12:00:00,22,30,42,7,39,140
2024-04-02 12:10:00,19,29,47,7,47,149
2024-04-02 12:20:00,13,19,40,3,37,112
2024-04-02 12:30:00,19,23,34,1,37,114
2024-04-02 12:40:00,15,20,49,6,49,139
2024-04-02 12:50:00,12,18,38,3,41,112
2024-04-02 13:00:00,20,25,32,8,31,116
2024-04-02 13:10:00,24,30,40,4,42,140
2024-04-02 13:20:00,15,22,37,5,38,117
2024-04-02 13:30:00,19,25,33,5,36,118
2024-04-02 13:40:00,13,18,40,10,42,123
2024-04-02 13:50:00,26,32,33,2,35,128
2024-04-02 14:00:00,20,25,37,5,36,123
2024-04-02 14:10:00,18,21,45,7,47,138
2024-04-02 14:20:00,18,27,38,1,38,122
2024-04-02 14:30:00,17,30,52,8,51,158
2024-04-02 14:40:00,18,26,56,6,59,165
2024-04-02 14:50:00,25,30,50,4,48,157
2024-04-02 15:00:00,23,33,47,4,48,155
2024-04-02 15:10:00,31,36,39,10,40,156
2024-04-02 15:20:00,22,26,42,3,43,136
2024-04-02 15:30:00,25,35,48,8,52,168
2024-04-02 15:40:00,12,20,38,6,37,113
2024-04-02 15:50:00,23,34,41,4,43,145
2024-04-02 16:00:00,21,27,59,6,57,170
2024-04-02 16:10:00,24,32,45,4,46,151
2024-04-02 16:20:00,30,35,52,3,53,173
2024-04-02 16:30:00,28,35,48,4,49,164
2024-04-02 16:40:00,26,29,42,5,44,146
2024-04-02 16:50:00,26,31,49,5,54,165
2024-04-02 17:00:00,35,39,51,5,49,179
2024-04-02 17:10:00,37,37,31,4,39,148
2024-04-02 17:20:00,38,35,49,4,47,173
2024-04-02 17:30:00,27,30,39,5,44,145
2024-04-02 17:40:00,24,27,48,3,52,154
2024-04-02 17:50:00,26,28,47,1,44,146
2024-04-02 18:00:00,32,31,26,3,29,121
2024-04-02 18:10:00,23,33,46,8,46,156
2024-04-02 18:20:00,19,19,37,0,39,114
2024-04-02 18:30:00,24,28,34,5,33,124
2024-04-02 18:40:00,16,20,37,6,37,116
2024-04-02 18:50:00,13,14,29,0,31,87
2024-04-02 19:00:00,12,13,30,7,31,93
2024-04-02 19:10:00,20,26,30,4,33,113
2024-04-02 19:20:00,20,20,27,4,26,97
2024-04-02 19:30:00,14,18,32,5,35,104
2024-04-02 19:40:00,19,19,31,5,36,110
2024-04-02 19:50:00,17,18,16,0,16,67
2024-04-02 20:00:00,9,10,23,3,23,68
2024-04-02 20:10:00,11,13,15,5,15,59
2024-04-02 20:20:00,10,11,13,0,13,47
2024-04-02 20:30:00,9,16,32,6,27,90
2024-04-02 20:40:00,8,13,18,4,20,63
2024-04-02 20:50:00,10,14,26,1,27,78
2024-04-02 21:00:00,10,13,17,1,22,63
2024-04-02 21:10:00,11,14,23,2,22,72
2024-04-02 21:20:00,8,12,26,5,25,76
2024-04-02 21:30:00,11,16,17,0,16,60
2024-04-02 21:40:00,8,12,19,2,18,59
2024-04-02 21:50:00,9,9,20,2,21,61
2024-04-02 22:00:00,11,19,18,3,19,70
2024-04-02 22:10:00,8,10,15,0,17,50
2024-04-02 22:20:00,8,11,15,0,18,52
2024-04-02 22:30:00,9,12,13,5,13,52
2024-04-02 22:40:00,7,9,10,0,10,36
2024-04-02 22:50:00,8,8,15,1,15,47
2024-04-02 23:00:00,10,11,10,0,11,42
2024-04-02 23:10:00,3,4,8,1,11,27
2024-04-02 23:20:00,5,8,12,0,12,37
2024-04-02 23:30:00,7,7,8,3,8,33
2024-04-02 23:40:00,6,7,5,2,6,26
2024-04-02 23:50:00,6,7,9,0,9,31
2024-04-03 00:00:00,7,10,8,4,8,37
2024-04-03 00:10:00,4,4,2,0,2,12
2024-04-03 00:20:00,3,3,4,2,6,18
2024-04-03 00:30:00,6,8,2,2,2,20
2024-04-03 00:40:00,4,6,5,0,6,21
2024-04-03 00:50:00,1,1,6,0,6,14
2024-04-03 01:00:00,4,4,2,0,2,12
2024-04-03 01:10:00,5,5,4,0,4,18
2024-04-03 01:20:00,2,2,5,0,6,15
2024-04-03 01:30:00,1,2,1,0,2,6
2024-04-03 01:40:00,3,3,4,0,5,15
2024-04-03 01:50:00,6,7,3,0,2,18
2024-04-03 02:00:00,6,5,4,0,4,19
2024-04-03 02:10:00,6,7,4,0,4,21
2024-04-03 02:20:00,3,3,5,1,6,18
2024-04-03 02:30:00,3,3,0,0,0,6
2024-04-03 02:40:00,2,2,1,0,1,6
2024-04-03 02:50:00,2,3,3,0,3,11
2024-04-03 03:00:00,2,2,6,0,6,16
2024-04-03 03:10:00,1,2,1,0,2,6
2024-04-03 03:20:00,6,6,2,0,2,16
2024-04-03 03:30:00,3,2,5,0,5,15
2024-04-03 03:40:00,2,2,4,1,4,13
2024-04-03 03:50:00,0,0,9,0,9,18
2024-04-03 04:00:00,2,2,2,0,3,9
2024-04-03 04:10:00,2,2,1,0,1,6
2024-04-03 04:20:00,2,2,1,0,2,7
2024-04-03 04:30:00,2,2,6,1,7,18
2024-04-03 04:40:00,3,4,5,0,6,18
2024-04-03 04:50:00,4,4,4,0,5,17
2024-04-03 05:00:00,3,4,12,0,13,32
2024-04-03 05:10:00,5,3,18,2,18,46
2024-04-03 05:20:00,5,6,16,0,16,43
2024-04-03 05:30:00,9,9,22,2,24,66
2024-04-03 05:40:00,6,7,32,2,34,81
2024-04-03 05:50:00,11,12,49,2,49,123
2024-04-03 06:00:00,12,14,29,2,31,88
2024-04-03 06:10:00,8,9,36,5,38,96
2024-04-03 06:20:00,16,19,55,0,57,147
2024-04-03 06:30:00,11,12,46,3,48,120
2024-04-03 06:40:00,17,23,62,6,62,170
2024-04-03 06:50:00,18,21,41,2,43,125
2024-04-03 07:00:00,9,18,59,7,61,154
2024-04-03 07:10:00,19,22,61,11,62,175
2024-04-03 07:20:00,21,26,61,3,63,174
2024-04-03 07:30:00,14,19,47,5,48,133
2024-04-03 07:40:00,20,29,65,7,67,188
2024-04-03 07:50:00,26,28,59,2,60,175
2024-04-03 08:00:00,19,28,48,6,48,149
2024-04-03 08:10:00,26,27,47,8,49,157
2024-04-03 08:20:00,23,28,59,2,59,171
2024-04-03 08:30:00,24,25,53,14,58,174
2024-04-03 08:40:00,21,24,63,7,63,178
2024-04-03 08:50:00,20,26,49,1,47,143
2024-04-03 09:00:00,18,22,54,3,62,159
2024-04-03 09:10:00,16,22,51,6,48,143
2024-04-03 09:20:00,24,34,35,2,36,131
2024-04-03 09:30:00,19,21,38,7,44,129
2024-04-03 09:40:00,18,20,36,5,37,116
2024-04-03 09:50:00,19,22,49,4,50,144
2024-04-03 10:00:00,19,20,45,4,50,138
2024-04-03 10:10:00,16,19,53,4,51,143
2024-04-03 10:20:00,17,25,39,5,39,125
2024-04-03 10:30:00,19,25,50,6,50,150
2024-04-03 10:40:00,13,16,44,5,45,123
2024-04-03 10:50:00,11,15,43,1,40,110
2024-04-03 11:00:00,15,19,37,2,38,111
2024-04-03 11:10:00,11,19,33,3,33,99
2024-04-03 11:20:00,15,18,51,4,52,140
2024-04-03 11:30:00,13,18,41,7,40,119
2024-04-03 11:40:00,14,21,45,6,51,137
2024-04-03 11:50:00,23,23,45,2,43,136
2024-04-03 12:00:00,17,22,41,4,43,127
2024-04-03 12:10:00,20,27,36,4,35,122
2024-04-03 12:20:00,25,28,43,6,45,147
2024-04-03 12:30:00,24,32,34,3,37,130
2024-04-03 12:40:00,13,20,43,5,44,125
2024-04-03 12:50:00,17,21,34,1,36,109
2024-04-03 13:00:00,18,24,36,4,38,120
2024-04-03 13:10:00,22,31,40,5,42,140
2024-04-03 13:20:00,21,30,41,1,40,133
2024-04-03 13:30:00,21,29,54,3,56,163
2024-04-03 13:40:00,16,28,36,6,41,127
2024-04-03 13:50:00,19,24,43,2,41,129
2024-04-03 14:00:00,24,31,47,7,52,161
2024-04-03 14:10:00,18,24,47,6,45,140
2024-04-03 14:20:00,19,28,59,5,60,171
2024-04-03 14:30:00,26,32,32,6,30,126
2024-04-03 14:40:00,22,27,35,5,35,124
2024-04-03 14:50:00,23,32,45,1,45,146
2024-04-03 15:00:00,16,24,42,5,45,132
2024-04-03 15:10:00,20,27,52,5,50,154
2024-04-03 15:20:00,22,27,40,6,41,136
2024-04-03 15:30:00,22,31,46,2,45,146
2024-04-03 15:40:00,18,21,41,5,44,129
2024-04-03 15:50:00,32,35,49,5,46,167
2024-04-03 16:00:00,19,26,43,4,45,137
2024-04-03 16:10:00,22,31,44,5,46,148
2024-04-03 16:20:00,25,27,46,1,48,147
2024-04-03 16:30:00,27,42,63,2,61,195
2024-04-03 16:40:00,31,37,49,5,56,178
2024-04-03 16:50:00,30,34,56,2,61,183
2024-04-03 17:00:00,26,29,42,3,39,139
2024-04-03 17:10:00,57,57,45,3,52,214
2024-04-03 17:20:00,43,50,61,3,62,219
2024-04-03 17:30:00,36,39,55,5,55,190
2024-04-03 17:40:00,26,32,39,4,42,143
2024-04-03 17:50:00,34,41,53,6,55,189
2024-04-03 18:00:00,26,31,46,5,48,156
2024-04-03 18:10:00,29,38,46,6,43,162
2024-04-03 18:20:00,24,28,40,1,39,132
2024-04-03 18:30:00,27,33,42,3,44,149
2024-04-03 18:40:00,24,34,40,6,47,151
2024-04-03 18:50:00,12,21,29,2,31,95
2024-04-03 19:00:00,21,28,28,4,28,109
2024-04-03 19:10:00,15,23,40,3,43,124
2024-04-03 19:20:00,22,30,32,3,30,117
2024-04-03 19:30:00,13,18,27,5,28,91
2024-04-03 19:40:00,16,24,22,2,23,87
2024-04-03 19:50:00,12,16,24,1,28,81
2024-04-03 20:00:00,8,12,24,2,25,71
2024-04-03 20:10:00,10,14,25,2,24,75
2024-04-03 20:20:00,15,20,18,1,17,71
2024-04-03 20:30:00,10,18,26,3,26,83
2024-04-03 20:40:00,7,11,27,5,27,77
2024-04-03 20:50:00,14,16,28,2,31,91
2024-04-03 21:00:00,11,17,14,0,18,60
2024-04-03 21:10:00,14,20,25,5,26,90
2024-04-03 21:20:00,16,19,20,4,22,81
2024-04-03 21:30:00,4,5,22,2,23,56
2024-04-03 21:40:00,6,8,23,1,24,62
2024-04-03 21:50:00,14,17,19,3,19,72
2024-04-03 22:00:00,13,18,17,1,17,66
2024-04-03 22:10:00,14,19,12,4,12,61
2024-04-03 22:20:00,8,11,15,0,15,49
2024-04-03 22:30:00,12,12,18,4,18,64
2024-04-03 22:40:00,10,14,16,1,20,61
2024-04-03 22:50:00,15,17,15,1,16,64
2024-04-03 23:00:00,11,13,11,2,12,49
2024-04-03 23:10:00,7,9,11,2,10,39
2024-04-03 23:20:00,9,9,11,0,12,41
2024-04-03 23:30:00,10,11,10,4,10,45
2024-04-03 23:40:00,5,7,5,0,6,23
2024-04-03 23:50:00,8,8,5,0,6,27
2024-04-04 00:00:00,7,7,5,3,5,27
2024-04-04 00:10:00,6,6,3,0,3,18
2024-04-04 00:20:00,2,2,14,1,12,31
2024-04-04 00:30:00,2,2,2,0,2,8
2024-04-04 00:40:00,5,6,3,0,3,17
2024-04-04 00:50:00,5,7,2,0,2,16
2024-04-04 01:00:00,7,8,4,0,4,23
2024-04-04 01:10:00,5,5,1,0,1,12
2024-04-04 01:20:00,3,3,2,0,3,11
2024-04-04 01:30:00,3,3,3,0,4,13
2024-04-04 01:40:00,4,4,5,0,6,19
2024-04-04 01:50:00,1,1,2,0,2,6
2024-04-04 02:00:00,3,3,4,1,4,15
2024-04-04 02:10:00,1,1,2,0,3,7
2024-04-04 02:20:00,1,1,5,0,4,11
2024-04-04 02:30:00,1,1,2,0,1,5
2024-04-04 02:40:00,1,1,2,0,3,7
2024-04-04 02:50:00,1,1,2,0,2,6
2024-04-04 03:00:00,1,1,4,0,4,10
2024-04-04 03:10:00,1,1,1,0,1,4
2024-04-04 03:20:00,0,0,4,0,4,8
2024-04-04 03:30:00,1,1,3,0,3,8
2024-04-04 03:40:00,2,2,6,0,7,17
2024-04-04 03:50:00,4,4,2,0,2,12
2024-04-04 04:00:00,0,0,7,0,7,14
2024-04-04 04:10:00,2,2,8,0,7,19
2024-04-04 04:20:00,2,2,2,0,2,8
2024-04-04 04:30:00,1,2,5,1,4,13
2024-04-04 04:40:00,4,4,5,4,5,22
2024-04-04 04:50:00,5,5,4,0,6,20
2024-04-04 05:00:00,4,5,14,1,15,39
2024-04-04 05:10:00,4,3,17,5,18,47
2024-04-04 05:20:00,6,7,10,0,13,36
2024-04-04 05:30:00,3,3,34,4,35,79
2024-04-04 05:40:00,9,11,30,3,31,84
2024-04-04 05:50:00,10,10,42,0,45,107
2024-04-04 06:00:00,15,21,35,4,35,110
2024-04-04 06:10:00,8,11,33,5,34,91
2024-04-04 06:20:00,14,16,35,0,35,100
2024-04-04 06:30:00,18,18,47,4,49,136
2024-04-04 06:40:00,20,23,53,5,53,154
2024-04-04 06:50:00,21,30,53,3,52,159
2024-04-04 07:00:00,17,20,40,4,41,122
2024-04-04 07:10:00,22,31,63,4,63,183
2024-04-04 07:20:00,15,20,49,4,52,140
2024-04-04 07:30:00,15,20,56,5,56,152
2024-04-04 07:40:00,19,25,53,6,56,159
2024-04-04 07:50:00,24,25,51,3,47,150
2024-04-04 08:00:00,27,32,60,3,60,182
2024-04-04 08:10:00,17,27,55,7,55,161
2024-04-04 08:20:00,22,26,42,5,44,139
2024-04-04 08:30:00,16,25,52,5,52,150
2024-04-04 08:40:00,23,24,62,7,66,182
2024-04-04 08:50:00,23,30,63,3,61,180
2024-04-04 09:00:00,18,26,48,7,50,149
2024-04-04 09:10:00,22,27,42,10,45,146
2024-04-04 09:20:00,13,16,36,6,41,112
2024-04-04 09:30:00,17,23,35,4,38,117
2024-04-04 09:40:00,18,19,45,6,43,131
2024-04-04 09:50:00,17,20,53,5,56,151
2024-04-04 10:00:00,21,26,42,7,44,140
2024-04-04 10:10:00,17,22,57,6,57,159
2024-04-04 10:20:00,16,18,24,0,25,83
2024-04-04 10:30:00,19,21,37,2,36,115
2024-04-04 10:40:00,20,23,40,6,41,130
2024-04-04 10:50:00,15,19,44,3,43,124
2024-04-04 11:00:00,10,17,44,4,44,119
2024-04-04 11:10:00,18,23,49,4,50,144
2024-04-04 11:20:00,18,24,50,5,52,149
2024-04-04 11:30:00,18,24,43,3,45,133
2024-04-04 11:40:00,17,23,45,6,44,135
2024-04-04 11:50:00,14,18,52,3,53,140
2024-04-04 12:00:00,27,30,37,5,39,138
2024-04-04 12:10:00,32,34,37,7,34,144
2024-04-04 12:20:00,18,26,39,2,42,127
2024-04-04 12:30:00,25,26,55,4,51,161
2024-04-04 12:40:00,25,29,35,5,38,132
2024-04-04 12:50:00,20,26,57,1,53,157
2024-04-04 13:00:00,19,22,36,5,38,120
2024-04-04 13:10:00,20,30,39,3,43,135
2024-04-04 13:20:00,24,27,38,1,41,131
2024-04-04 13:30:00,17,20,38,4,41,120
2024-04-04 13:40:00,20,22,47,4,45,138
2024-04-04 13:50:00,22,30,44,2,44,142
2024-04-04 14:00:00,21,28,25,4,25,103
2024-04-04 14:10:00,20,22,43,4,43,132
2024-04-04 14:20:00,22,27,46,4,50,149
2024-04-04 14:30:00,34,37,44,3,44,162
2024-04-04 14:40:00,16,31,50,7,53,157
2024-04-04 14:50:00,29,37,52,4,50,172
2024-04-04 15:00:00,21,30,48,4,54,157
2024-04-04 15:10:00,29,35,44,3,44,155
2024-04-04 15:20:00,19,27,49,4,50,149
2024-04-04 15:30:00,39,44,55,3,54,195
2024-04-04 15:40:00,18,35,50,6,52,161
2024-04-04 15:50:00,29,32,52,2,51,166
2024-04-04 16:00:00,23,27,61,6,61,178
2024-04-04 16:10:00,22,30,60,5,61,178
2024-04-04 16:20:00,28,31,51,1,50,161
2024-04-04 16:30:00,30,35,39,5,40,149
2024-04-04 16:40:00,27,31,47,5,50,160
2024-04-04 16:50:00,33,34,46,3,48,164
2024-04-04 17:00:00,28,34,53,7,54,176
2024-04-04 17:10:00,31,29,51,7,49,167
2024-04-04 17:20:00,30,36,35,3,39,143
2024-04-04 17:30:00,32,33,44,2,41,152
2024-04-04 17:40:00,27,30,45,7,48,157
2024-04-04 17:50:00,26,33,46,2,47,154
2024-04-04 18:00:00,29,33,46,3,45,156
2024-04-04 18:10:00,28,27,47,6,47,155
2024-04-04 18:20:00,27,31,53,2,50,163
2024-04-04 18:30:00,13,17,30,2,34,96
2024-04-04 18:40:00,13,19,39,6,39,116
2024-04-04 18:50:00,17,19,32,4,34,106
2024-04-04 19:00:00,18,20,23,4,25,90
2024-04-04 19:10:00,19,22,45,9,46,141
2024-04-04 19:20:00,13,17,35,3,34,102
2024-04-04 19:30:00,16,16,34,5,34,105
2024-04-04 19:40:00,7,10,29,3,29,78
2024-04-04 19:50:00,15,14,24,0,24,77
2024-04-04 20:00:00,9,10,22,5,25,71
2024-04-04 20:10:00,14,14,20,3,20,71
2024-04-04 20:20:00,7,9,28,2,29,75
2024-04-04 20:30:00,6,9,23,2,26,66
2024-04-04 20:40:00,6,13,26,3,28,76
2024-04-04 20:50:00,9,12,22,2,22,67
2024-04-04 21:00:00,12,17,23,2,25,79
2024-04-04 21:10:00,7,9,24,2,26,68
2024-04-04 21:20:00,9,14,25,2,27,77
2024-04-04 21:30:00,11,16,26,0,27,80
2024-04-04 21:40:00,6,8,33,2,36,85
2024-04-04 21:50:00,8,12,23,1,21,65
2024-04-04 22:00:00,6,13,16,2,16,53
2024-04-04 22:10:00,9,11,14,0,14,48
2024-04-04 22:20:00,7,9,14,1,16,47
2024-04-04 22:30:00,15,17,16,5,17,70
2024-04-04 22:40:00,7,7,21,1,22,58
2024-04-04 22:50:00,15,16,12,2,12,57
2024-04-04 23:00:00,11,10,17,1,18,57
2024-04-04 23:10:00,7,8,10,3,9,37
2024-04-04 23:20:00,3,5,12,0,15,35
2024-04-04 23:30:00,8,10,8,7,8,41
2024-04-04 23:40:00,6,7,7,0,7,27
2024-04-04 23:50:00,12,13,12,0,12,49
2024-04-05 00:00:00,6,7,8,5,8,34
2024-04-05 00:10:00,5,5,2,1,3,16
2024-04-05 00:20:00,3,4,5,2,7,21
2024-04-05 00:30:00,4,4,13,2,12,35
2024-04-05 00:40:00,3,5,5,0,5,18
2024-04-05 00:50:00,6,6,3,1,3,19
2024-04-05 01:00:00,0,1,3,0,3,7
2024-04-05 01:10:00,4,5,3,0,3,15
2024-04-05 01:20:00,7,7,1,0,1,16
2024-04-05 01:30:00,4,5,6,0,6,21
2024-04-05 01:40:00,2,2,3,0,3,10
2024-04-05 01:50:00,6,6,1,0,1,14
2024-04-05 02:00:00,1,1,0,0,0,2
