datetime,D51Z,V52Z,D101Z,V102Z,Total
2024-03-01 01:00:00,3,4,11,10,28
2024-03-01 01:10:00,5,6,2,2,15
2024-03-01 01:20:00,4,5,5,6,20
2024-03-01 01:30:00,5,6,8,8,27
2024-03-01 01:40:00,1,2,12,10,25
2024-03-01 01:50:00,2,3,4,5,14
2024-03-01 02:00:00,2,3,2,2,9
2024-03-01 02:10:00,1,1,0,0,2
2024-03-01 02:20:00,4,7,2,2,15
2024-03-01 02:30:00,0,0,2,2,4
2024-03-01 02:40:00,5,3,1,1,10
2024-03-01 02:50:00,2,3,3,2,10
2024-03-01 03:00:00,2,1,1,1,5
2024-03-01 03:10:00,2,4,3,2,11
2024-03-01 03:20:00,1,2,4,5,12
2024-03-01 03:30:00,2,2,2,3,9
2024-03-01 03:40:00,2,3,8,6,19
2024-03-01 03:50:00,2,3,1,1,7
2024-03-01 04:00:00,5,4,3,6,18
2024-03-01 04:10:00,5,4,4,3,16
2024-03-01 04:20:00,7,8,2,2,19
2024-03-01 04:30:00,5,4,3,2,14
2024-03-01 04:40:00,6,7,7,7,27
2024-03-01 04:50:00,5,8,3,4,20
2024-03-01 05:00:00,8,16,5,4,33
2024-03-01 05:10:00,9,11,7,8,35
2024-03-01 05:20:00,12,16,18,11,57
2024-03-01 05:30:00,9,11,14,16,50
2024-03-01 05:40:00,20,26,16,22,84
2024-03-01 05:50:00,11,15,34,34,94
2024-03-01 06:00:00,22,22,23,29,96
2024-03-01 06:10:00,33,36,26,31,126
2024-03-01 06:20:00,33,37,29,28,127
2024-03-01 06:30:00,42,44,28,34,148
2024-03-01 06:40:00,34,43,31,33,141
2024-03-01 06:50:00,27,30,37,41,135
2024-03-01 07:00:00,37,34,41,51,163
2024-03-01 07:10:00,26,22,45,49,142
2024-03-01 07:20:00,40,30,62,72,204
2024-03-01 07:30:00,35,31,72,78,216
2024-03-01 07:40:00,35,31,63,69,198
2024-03-01 07:50:00,43,32,73,86,234
2024-03-01 08:00:00,39,36,52,62,189
2024-03-01 08:10:00,36,24,59,63,182
2024-03-01 08:20:00,51,40,62,66,219
2024-03-01 08:30:00,33,27,61,62,183
2024-03-01 08:40:00,39,34,58,65,196
2024-03-01 08:50:00,32,26,50,57,165
2024-03-01 09:00:00,29,24,53,59,165
2024-03-01 09:10:00,37,31,49,53,170
2024-03-01 09:20:00,32,32,51,57,172
2024-03-01 09:30:00,39,34,47,54,174
2024-03-01 09:40:00,47,38,61,63,209
2024-03-01 09:50:00,39,35,67,67,208
2024-03-01 10:00:00,37,29,53,62,181
2024-03-01 10:10:00,38,32,59,60,189
2024-03-01 10:20:00,37,33,66,75,211
2024-03-01 10:30:00,37,31,55,60,183
2024-03-01 10:40:00,36,25,53,62,176
2024-03-01 10:50:00,51,42,76,84,253
2024-03-01 11:00:00,39,32,55,67,193
2024-03-01 11:10:00,35,32,63,68,198
2024-03-01 11:20:00,37,37,61,67,202
2024-03-01 11:30:00,43,36,51,58,188
2024-03-01 11:40:00,63,42,62,78,245
2024-03-01 11:50:00,57,50,64,77,248
2024-03-01 12:00:00,69,50,67,93,279
2024-03-01 12:10:00,63,24,59,62,208
2024-03-01 12:20:00,60,13,80,86,239
2024-03-01 12:30:00,69,36,61,69,235
2024-03-01 12:40:00,71,49,83,89,292
2024-03-01 12:50:00,71,56,82,92,301
2024-03-01 13:00:00,60,40,72,79,251
2024-03-01 13:10:00,31,24,41,45,141
2024-03-01 13:20:00,50,46,77,87,260
2024-03-01 13:30:00,48,44,72,86,250
2024-03-01 13:40:00,71,54,73,74,272
2024-03-01 13:50:00,52,37,68,71,228
2024-03-01 14:00:00,60,54,71,75,260
2024-03-01 14:10:00,45,38,69,75,227
2024-03-01 14:20:00,42,35,59,70,206
2024-03-01 14:30:00,50,40,80,94,264
2024-03-01 14:40:00,63,45,67,73,248
2024-03-01 14:50:00,38,37,70,86,231
2024-03-01 15:00:00,49,37,79,86,251
2024-03-01 15:10:00,65,53,75,90,283
2024-03-01 15:20:00,43,42,69,85,239
2024-03-01 15:30:00,52,47,52,67,218
2024-03-01 15:40:00,60,46,73,82,261
2024-03-01 15:50:00,39,34,61,69,203
2024-03-01 16:00:00,30,33,57,68,188
2024-03-01 16:10:00,61,50,53,64,228
2024-03-01 16:20:00,57,43,55,58,213
2024-03-01 16:30:00,39,34,62,77,212
2024-03-01 16:40:00,60,48,72,79,259
2024-03-01 16:50:00,48,41,59,69,217
2024-03-01 17:00:00,44,37,71,79,231
2024-03-01 17:10:00,55,50,75,86,266
2024-03-01 17:20:00,48,41,63,68,220
2024-03-01 17:30:00,51,51,63,73,238
2024-03-01 17:40:00,37,36,80,85,238
2024-03-01 17:50:00,60,47,57,67,231
2024-03-01 18:00:00,35,32,52,59,178
2024-03-01 18:10:00,59,42,61,71,233
2024-03-01 18:20:00,50,48,57,60,215
2024-03-01 18:30:00,45,45,53,65,208
2024-03-01 18:40:00,44,51,50,65,210
2024-03-01 18:50:00,47,52,41,48,188
2024-03-01 19:00:00,54,57,44,57,212
2024-03-01 19:10:00,39,42,51,59,191
2024-03-01 19:20:00,28,29,44,56,157
2024-03-01 19:30:00,33,37,47,59,176
2024-03-01 19:40:00,22,28,39,49,138
2024-03-01 19:50:00,24,30,39,47,140
2024-03-01 20:00:00,30,30,37,40,137
2024-03-01 20:10:00,33,36,34,34,137
2024-03-01 20:20:00,39,43,31,35,148
2024-03-01 20:30:00,65,41,54,55,215
2024-03-01 20:40:00,33,39,38,49,159
2024-03-01 20:50:00,17,21,24,28,90
2024-03-01 21:00:00,29,36,26,28,119
2024-03-01 21:10:00,24,28,25,27,104
2024-03-01 21:20:00,44,44,24,29,141
2024-03-01 21:30:00,18,22,22,28,90
2024-03-01 21:40:00,20,30,25,27,102
2024-03-01 21:50:00,29,28,19,23,99
2024-03-01 22:00:00,16,21,26,30,93
2024-03-01 22:10:00,26,29,22,27,104
2024-03-01 22:20:00,17,19,32,29,97
2024-03-01 22:30:00,20,28,24,27,99
2024-03-01 22:40:00,19,21,23,24,87
2024-03-01 22:50:00,16,15,36,38,105
2024-03-01 23:00:00,17,14,19,23,73
2024-03-01 23:10:00,20,25,20,24,89
2024-03-01 23:20:00,43,40,14,17,114
2024-03-01 23:30:00,23,22,22,24,91
2024-03-01 23:40:00,15,21,19,22,77
2024-03-01 23:50:00,10,13,17,18,58
2024-03-02 00:00:00,16,20,21,19,76
2024-03-02 00:10:00,8,9,24,24,65
2024-03-02 00:20:00,15,21,9,12,57
2024-03-02 00:30:00,6,7,11,15,39
2024-03-02 00:40:00,7,9,8,9,33
2024-03-02 00:50:00,10,14,9,12,45
2024-03-02 01:00:00,7,10,14,12,43
2024-03-02 01:10:00,4,8,10,8,30
2024-03-02 01:20:00,10,13,8,9,40
2024-03-02 01:30:00,10,15,4,4,33
2024-03-02 01:40:00,7,11,7,8,33
2024-03-02 01:50:00,4,5,17,11,37
2024-03-02 02:00:00,8,9,5,5,27
2024-03-02 02:10:00,7,6,10,9,32
2024-03-02 02:20:00,3,4,3,2,12
2024-03-02 02:30:00,5,7,5,7,24
2024-03-02 02:40:00,4,6,1,1,12
2024-03-02 02:50:00,4,5,2,3,14
2024-03-02 03:00:00,5,3,8,8,24
2024-03-02 03:10:00,4,8,4,6,22
2024-03-02 03:20:00,8,11,6,8,33
2024-03-02 03:30:00,1,2,6,8,17
2024-03-02 03:40:00,5,6,6,6,23
2024-03-02 03:50:00,5,6,5,7,23
2024-03-02 04:00:00,2,0,6,5,13
2024-03-02 04:10:00,3,6,4,4,17
2024-03-02 04:20:00,4,4,5,5,18
2024-03-02 04:30:00,3,3,6,7,19
2024-03-02 04:40:00,6,5,6,6,23
2024-03-02 04:50:00,6,8,4,3,21
2024-03-02 05:00:00,5,5,6,7,23
2024-03-02 05:10:00,5,6,2,2,15
2024-03-02 05:20:00,8,10,8,8,34
2024-03-02 05:30:00,6,6,10,9,31
2024-03-02 05:40:00,11,14,11,10,46
2024-03-02 05:50:00,2,3,15,14,34
2024-03-02 06:00:00,7,12,7,6,32
2024-03-02 06:10:00,5,6,4,5,20
2024-03-02 06:20:00,7,10,19,19,55
2024-03-02 06:30:00,10,14,12,14,50
2024-03-02 06:40:00,10,15,11,12,48
2024-03-02 06:50:00,7,9,7,6,29
2024-03-02 07:00:00,14,13,9,9,45
2024-03-02 07:10:00,10,8,12,12,42
2024-03-02 07:20:00,11,11,17,18,57
2024-03-02 07:30:00,14,13,9,9,45
2024-03-02 07:40:00,12,12,21,25,70
2024-03-02 07:50:00,12,10,21,22,65
2024-03-02 08:00:00,11,11,16,16,54
2024-03-02 08:10:00,13,12,13,13,51
2024-03-02 08:20:00,9,9,14,14,46
2024-03-02 08:30:00,20,15,20,21,76
2024-03-02 08:40:00,20,19,29,31,99
2024-03-02 08:50:00,14,12,19,20,65
2024-03-02 09:00:00,18,18,30,31,97
2024-03-02 09:10:00,19,17,28,30,94
2024-03-02 09:20:00,18,16,30,31,95
2024-03-02 09:30:00,29,24,40,43,136
2024-03-02 09:40:00,18,15,40,43,116
2024-03-02 09:50:00,21,19,57,62,159
2024-03-02 10:00:00,29,27,48,48,152
2024-03-02 10:10:00,26,23,39,49,137
2024-03-02 10:20:00,33,29,40,41,143
2024-03-02 10:30:00,19,17,54,53,143
2024-03-02 10:40:00,22,21,40,46,129
2024-03-02 10:50:00,35,31,50,54,170
2024-03-02 11:00:00,35,24,46,53,158
2024-03-02 11:10:00,37,29,53,55,174
2024-03-02 11:20:00,35,31,50,56,172
2024-03-02 11:30:00,34,34,64,69,201
2024-03-02 11:40:00,35,37,44,45,161
2024-03-02 11:50:00,20,24,54,54,152
2024-03-02 12:00:00,38,38,51,58,185
2024-03-02 12:10:00,51,47,52,56,206
2024-03-02 12:20:00,29,24,54,62,169
2024-03-02 12:30:00,38,35,47,51,171
2024-03-02 12:40:00,41,42,65,70,218
2024-03-02 12:50:00,30,30,62,75,197
2024-03-02 13:00:00,41,39,71,78,229
2024-03-02 13:10:00,33,35,63,68,199
2024-03-02 13:20:00,48,45,59,69,221
2024-03-02 13:30:00,34,32,81,83,230
2024-03-02 13:40:00,37,33,67,72,209
2024-03-02 13:50:00,33,31,70,81,215
2024-03-02 14:00:00,39,34,68,79,220
2024-03-02 14:10:00,60,46,57,74,237
2024-03-02 14:20:00,35,31,75,83,224
2024-03-02 14:30:00,40,35,60,70,205
2024-03-02 14:40:00,36,30,47,56,169
2024-03-02 14:50:00,32,28,69,82,211
2024-03-02 15:00:00,40,39,55,62,196
2024-03-02 15:10:00,29,26,62,68,185
2024-03-02 15:20:00,38,33,45,53,169
2024-03-02 15:30:00,45,38,53,57,193
2024-03-02 15:40:00,33,33,46,56,168
2024-03-02 15:50:00,37,36,57,64,194
2024-03-02 16:00:00,39,38,46,48,171
2024-03-02 16:10:00,29,30,60,62,181
2024-03-02 16:20:00,32,32,48,55,167
2024-03-02 16:30:00,31,26,39,41,137
2024-03-02 16:40:00,26,26,57,61,170
2024-03-02 16:50:00,34,30,51,57,172
2024-03-02 17:00:00,31,28,46,54,159
2024-03-02 17:10:00,41,33,49,54,177
2024-03-02 17:20:00,37,36,58,68,199
2024-03-02 17:30:00,29,29,56,67,181
2024-03-02 17:40:00,33,30,49,52,164
2024-03-02 17:50:00,26,21,48,56,151
2024-03-02 18:00:00,38,33,48,51,170
2024-03-02 18:10:00,49,44,63,68,224
2024-03-02 18:20:00,43,41,66,71,221
2024-03-02 18:30:00,56,50,45,51,202
2024-03-02 18:40:00,49,55,41,51,196
2024-03-02 18:50:00,50,56,54,64,224
2024-03-02 19:00:00,37,51,36,56,180
2024-03-02 19:10:00,39,45,34,54,172
2024-03-02 19:20:00,39,42,47,60,188
2024-03-02 19:30:00,26,37,32,49,144
2024-03-02 19:40:00,25,31,47,54,157
2024-03-02 19:50:00,43,45,37,46,171
2024-03-02 20:00:00,25,36,33,43,137
2024-03-02 20:10:00,29,30,21,26,106
2024-03-02 20:20:00,29,37,50,61,177
2024-03-02 20:30:00,31,33,37,43,144
2024-03-02 20:40:00,28,29,53,58,168
2024-03-02 20:50:00,27,28,33,34,122
2024-03-02 21:00:00,30,32,26,29,117
2024-03-02 21:10:00,29,35,21,24,109
2024-03-02 21:20:00,27,28,27,27,109
2024-03-02 21:30:00,23,27,17,19,86
2024-03-02 21:40:00,20,21,30,41,112
2024-03-02 21:50:00,25,30,29,38,122
2024-03-02 22:00:00,16,17,30,32,95
2024-03-02 22:10:00,23,31,28,30,112
2024-03-02 22:20:00,20,24,27,33,104
2024-03-02 22:30:00,18,25,23,27,93
2024-03-02 22:40:00,24,28,33,38,123
2024-03-02 22:50:00,20,24,27,29,100
2024-03-02 23:00:00,22,25,23,25,95
2024-03-02 23:10:00,11,8,21,24,64
2024-03-02 23:20:00,20,24,16,20,80
2024-03-02 23:30:00,12,14,18,19,63
2024-03-02 23:40:00,14,13,23,24,74
2024-03-02 23:50:00,16,18,34,40,108
2024-03-03 00:00:00,16,14,20,17,67
2024-03-03 00:10:00,18,27,30,28,103
2024-03-03 00:20:00,20,18,16,15,69
2024-03-03 00:30:00,12,15,10,11,48
2024-03-03 00:40:00,11,14,19,19,63
2024-03-03 00:50:00,9,7,11,13,40
2024-03-03 01:00:00,15,23,14,14,66
2024-03-03 01:10:00,8,13,12,13,46
2024-03-03 01:20:00,6,9,15,10,40
2024-03-03 01:30:00,12,16,8,9,45
2024-03-03 01:40:00,6,7,12,15,40
2024-03-03 01:50:00,14,13,9,10,46
2024-03-03 02:00:00,10,10,8,8,36
2024-03-03 02:10:00,9,10,4,6,29
2024-03-03 02:20:00,9,8,6,7,30
2024-03-03 02:30:00,9,10,9,10,38
2024-03-03 02:40:00,6,6,7,4,23
2024-03-03 02:50:00,4,5,4,4,17
2024-03-03 03:00:00,6,9,10,10,35
2024-03-03 03:10:00,8,10,10,11,39
2024-03-03 03:20:00,6,7,7,7,27
2024-03-03 03:30:00,7,9,8,8,32
2024-03-03 03:40:00,7,13,2,3,25
2024-03-03 03:50:00,2,3,7,7,19
2024-03-03 04:00:00,4,6,7,6,23
2024-03-03 04:10:00,9,13,9,5,36
2024-03-03 04:20:00,2,3,6,5,16
2024-03-03 04:30:00,8,7,13,10,38
2024-03-03 04:40:00,7,11,3,3,24
2024-03-03 04:50:00,3,4,9,9,25
2024-03-03 05:00:00,10,14,5,5,34
2024-03-03 05:10:00,7,12,6,5,30
2024-03-03 05:20:00,5,5,7,7,24
2024-03-03 05:30:00,7,10,17,17,51
2024-03-03 05:40:00,3,3,13,14,33
2024-03-03 05:50:00,2,3,19,15,39
2024-03-03 06:00:00,4,5,10,12,31
2024-03-03 06:10:00,8,9,12,10,39
2024-03-03 06:20:00,7,12,5,6,30
2024-03-03 06:30:00,8,11,10,11,40
2024-03-03 06:40:00,5,10,3,6,24
2024-03-03 06:50:00,8,7,6,6,27
2024-03-03 07:00:00,5,4,8,8,25
2024-03-03 07:10:00,9,7,5,5,26
2024-03-03 07:20:00,10,10,7,7,34
2024-03-03 07:30:00,6,6,10,10,32
2024-03-03 07:40:00,8,6,10,9,33
2024-03-03 07:50:00,7,8,5,5,25
2024-03-03 08:00:00,6,8,4,5,23
2024-03-03 08:10:00,8,7,6,7,28
2024-03-03 08:20:00,9,9,11,11,40
2024-03-03 08:30:00,9,7,12,15,43
2024-03-03 08:40:00,10,9,16,16,51
2024-03-03 08:50:00,10,10,20,20,60
2024-03-03 09:00:00,16,14,11,12,53
2024-03-03 09:10:00,7,8,17,17,49
2024-03-03 09:20:00,17,15,25,24,81
2024-03-03 09:30:00,12,10,19,20,61
2024-03-03 09:40:00,15,14,29,29,87
2024-03-03 09:50:00,22,20,34,42,118
2024-03-03 10:00:00,26,20,43,42,131
2024-03-03 10:10:00,17,17,28,29,91
2024-03-03 10:20:00,22,20,22,21,85
2024-03-03 10:30:00,19,17,29,35,100
2024-03-03 10:40:00,17,14,33,35,99
2024-03-03 10:50:00,16,12,32,33,93
2024-03-03 11:00:00,24,22,36,38,120
2024-03-03 11:10:00,19,22,38,39,118
2024-03-03 11:20:00,27,25,25,26,103
2024-03-03 11:30:00,28,26,39,39,132
2024-03-03 11:40:00,30,25,27,33,115
2024-03-03 11:50:00,29,29,38,36,132
2024-03-03 12:00:00,42,39,32,36,149
2024-03-03 12:10:00,19,22,39,42,122
2024-03-03 12:20:00,35,41,53,62,191
2024-03-03 12:30:00,26,32,56,55,169
2024-03-03 12:40:00,31,30,38,39,138
2024-03-03 12:50:00,35,35,51,54,175
2024-03-03 13:00:00,29,33,47,63,172
2024-03-03 13:10:00,46,35,38,42,161
2024-03-03 13:20:00,41,44,42,44,171
2024-03-03 13:30:00,32,31,33,41,137
2024-03-03 13:40:00,34,34,37,51,156
2024-03-03 13:50:00,32,35,55,62,184
2024-03-03 14:00:00,29,31,70,73,203
2024-03-03 14:10:00,36,35,34,39,144
2024-03-03 14:20:00,20,20,49,54,143
2024-03-03 14:30:00,50,46,44,54,194
2024-03-03 14:40:00,45,41,58,66,210
2024-03-03 14:50:00,55,51,44,58,208
2024-03-03 15:00:00,30,25,49,51,155
2024-03-03 15:10:00,25,25,51,54,155
2024-03-03 15:20:00,53,41,50,56,200
2024-03-03 15:30:00,42,38,45,54,179
2024-03-03 15:40:00,30,30,39,40,139
2024-03-03 15:50:00,34,33,46,49,162
2024-03-03 16:00:00,40,34,36,36,146
2024-03-03 16:10:00,35,29,43,49,156
2024-03-03 16:20:00,42,39,55,60,196
2024-03-03 16:30:00,28,28,56,58,170
2024-03-03 16:40:00,41,39,49,52,181
2024-03-03 16:50:00,33,29,48,50,160
2024-03-03 17:00:00,38,35,43,51,167
2024-03-03 17:10:00,26,24,49,59,158
2024-03-03 17:20:00,48,39,41,47,175
2024-03-03 17:30:00,37,35,48,54,174
2024-03-03 17:40:00,39,35,45,59,178
2024-03-03 17:50:00,42,32,54,57,185
2024-03-03 18:00:00,36,35,37,42,150
2024-03-03 18:10:00,37,25,43,50,155
2024-03-03 18:20:00,34,25,31,34,124
2024-03-03 18:30:00,28,30,34,44,136
2024-03-03 18:40:00,22,25,39,51,137
2024-03-03 18:50:00,34,47,39,43,163
2024-03-03 19:00:00,42,45,34,41,162
2024-03-03 19:10:00,27,29,35,39,130
2024-03-03 19:20:00,28,30,39,45,142
2024-03-03 19:30:00,25,27,34,38,124
2024-03-03 19:40:00,18,23,47,57,145
2024-03-03 19:50:00,33,36,32,36,137
2024-03-03 20:00:00,33,37,30,35,135
2024-03-03 20:10:00,38,40,38,42,158
2024-03-03 20:20:00,30,38,29,32,129
2024-03-03 20:30:00,25,30,29,35,119
2024-03-03 20:40:00,21,25,34,41,121
2024-03-03 20:50:00,42,30,16,20,108
2024-03-03 21:00:00,18,23,18,26,85
2024-03-03 21:10:00,30,28,29,31,118
2024-03-03 21:20:00,14,15,16,20,65
2024-03-03 21:30:00,8,8,21,29,66
2024-03-03 21:40:00,18,20,20,29,87
2024-03-03 21:50:00,20,21,15,16,72
2024-03-03 22:00:00,12,15,21,26,74
2024-03-03 22:10:00,24,25,12,15,76
2024-03-03 22:20:00,8,16,15,17,56
2024-03-03 22:30:00,8,11,22,23,64
2024-03-03 22:40:00,10,10,13,17,50
2024-03-03 22:50:00,9,10,10,11,40
2024-03-03 23:00:00,8,12,10,11,41
2024-03-03 23:10:00,10,11,16,19,56
2024-03-03 23:20:00,8,10,10,14,42
2024-03-03 23:30:00,6,9,9,10,34
2024-03-03 23:40:00,4,6,12,16,38
2024-03-03 23:50:00,4,5,10,14,33
2024-03-04 00:00:00,2,3,4,3,12
2024-03-04 00:10:00,5,7,9,8,29
2024-03-04 00:20:00,2,3,4,6,15
2024-03-04 00:30:00,3,3,9,11,26
2024-03-04 00:40:00,1,2,7,7,17
2024-03-04 00:50:00,4,6,5,4,19
2024-03-04 01:00:00,7,13,3,4,27
2024-03-04 01:10:00,4,6,3,2,15
2024-03-04 01:20:00,5,4,8,7,24
2024-03-04 01:30:00,5,8,4,3,20
2024-03-04 01:40:00,5,10,1,1,17
2024-03-04 01:50:00,3,3,4,5,15
2024-03-04 02:00:00,1,1,8,7,17
2024-03-04 02:10:00,5,4,7,5,21
2024-03-04 02:20:00,4,2,0,1,7
2024-03-04 02:30:00,3,3,1,2,9
2024-03-04 02:40:00,2,5,1,1,9
2024-03-04 02:50:00,2,2,4,1,9
2024-03-04 03:00:00,4,6,1,1,12
2024-03-04 03:10:00,0,0,4,5,9
2024-03-04 03:20:00,3,5,3,2,13
2024-03-04 03:30:00,1,2,3,4,10
2024-03-04 03:40:00,4,7,4,2,17
2024-03-04 03:50:00,2,2,5,5,14
2024-03-04 04:00:00,4,7,7,5,23
2024-03-04 04:10:00,4,2,3,3,12
2024-03-04 04:20:00,5,8,4,4,21
2024-03-04 04:30:00,2,1,1,1,5
2024-03-04 04:40:00,9,13,6,5,33
2024-03-04 04:50:00,9,13,10,9,41
2024-03-04 05:00:00,14,20,3,3,40
2024-03-04 05:10:00,6,9,8,6,29
2024-03-04 05:20:00,5,7,5,3,20
2024-03-04 05:30:00,14,18,15,16,63
2024-03-04 05:40:00,22,28,24,21,95
2024-03-04 05:50:00,13,15,28,31,87
2024-03-04 06:00:00,30,32,26,38,126
2024-03-04 06:10:00,22,26,18,23,89
2024-03-04 06:20:00,46,46,38,40,170
2024-03-04 06:30:00,42,40,27,30,139
2024-03-04 06:40:00,40,48,44,50,182
2024-03-04 06:50:00,47,40,52,59,198
2024-03-04 07:00:00,33,29,46,51,159
2024-03-04 07:10:00,40,32,53,57,182
2024-03-04 07:20:00,41,35,52,56,184
2024-03-04 07:30:00,43,34,78,87,242
2024-03-04 07:40:00,46,36,79,85,246
2024-03-04 07:50:00,53,44,59,67,223
2024-03-04 08:00:00,41,30,68,87,226
2024-03-04 08:10:00,60,46,73,77,256
2024-03-04 08:20:00,39,35,81,83,238
2024-03-04 08:30:00,35,28,73,78,214
2024-03-04 08:40:00,44,39,55,62,200
2024-03-04 08:50:00,44,44,61,66,215
2024-03-04 09:00:00,40,35,58,61,194
2024-03-04 09:10:00,41,34,58,60,193
2024-03-04 09:20:00,30,26,59,60,175
2024-03-04 09:30:00,35,31,62,64,192
2024-03-04 09:40:00,45,42,51,56,194
2024-03-04 09:50:00,33,27,69,74,203
2024-03-04 10:00:00,36,31,56,58,181
2024-03-04 10:10:00,26,24,59,64,173
2024-03-04 10:20:00,27,25,47,49,148
2024-03-04 10:30:00,41,36,58,60,195
2024-03-04 10:40:00,45,38,64,67,214
2024-03-04 10:50:00,31,30,52,56,169
2024-03-04 11:00:00,39,31,47,51,168
2024-03-04 11:10:00,34,29,58,62,183
2024-03-04 11:20:00,34,32,59,64,189
2024-03-04 11:30:00,44,31,51,58,184
2024-03-04 11:40:00,31,31,50,60,172
2024-03-04 11:50:00,38,35,49,59,181
2024-03-04 12:00:00,32,27,59,65,183
2024-03-04 12:10:00,46,41,54,61,202
2024-03-04 12:20:00,28,26,56,57,167
2024-03-04 12:30:00,30,24,64,68,186
2024-03-04 12:40:00,46,37,54,57,194
2024-03-04 12:50:00,39,32,61,70,202
2024-03-04 13:00:00,44,40,51,55,190
2024-03-04 13:10:00,67,56,61,70,254
2024-03-04 13:20:00,54,45,62,66,227
2024-03-04 13:30:00,37,28,61,73,199
2024-03-04 13:40:00,27,23,54,57,161
2024-03-04 13:50:00,31,25,47,50,153
2024-03-04 14:00:00,50,39,63,63,215
2024-03-04 14:10:00,51,43,58,65,217
2024-03-04 14:20:00,40,37,63,68,208
2024-03-04 14:30:00,46,37,62,69,214
2024-03-04 14:40:00,57,41,60,73,231
2024-03-04 14:50:00,49,37,71,76,233
2024-03-04 15:00:00,61,50,59,61,231
2024-03-04 15:10:00,64,54,62,64,244
2024-03-04 15:20:00,65,52,85,93,295
2024-03-04 15:30:00,45,38,81,89,253
2024-03-04 15:40:00,53,45,69,77,244
2024-03-04 15:50:00,58,46,74,84,262
2024-03-04 16:00:00,67,51,90,105,313
2024-03-04 16:10:00,66,49,72,84,271
2024-03-04 16:20:00,66,47,74,81,268
2024-03-04 16:30:00,47,36,84,87,254
2024-03-04 16:40:00,54,43,65,73,235
2024-03-04 16:50:00,54,50,56,67,227
2024-03-04 17:00:00,45,33,88,100,266
2024-03-04 17:10:00,62,50,84,93,289
2024-03-04 17:20:00,45,38,54,63,200
2024-03-04 17:30:00,50,38,77,85,250
2024-03-04 17:40:00,36,30,70,81,217
2024-03-04 17:50:00,41,33,73,90,237
2024-03-04 18:00:00,45,30,50,67,192
2024-03-04 18:10:00,45,36,69,88,238
2024-03-04 18:20:00,38,40,57,62,197
2024-03-04 18:30:00,36,37,46,57,176
2024-03-04 18:40:00,43,51,38,47,179
2024-03-04 18:50:00,42,53,54,66,215
2024-03-04 19:00:00,39,42,45,49,175
2024-03-04 19:10:00,23,30,36,46,135
2024-03-04 19:20:00,33,35,39,53,160
2024-03-04 19:30:00,23,30,33,43,129
2024-03-04 19:40:00,36,34,41,45,156
2024-03-04 19:50:00,24,26,24,31,105
2024-03-04 20:00:00,25,22,34,40,121
2024-03-04 20:10:00,21,23,27,27,98
2024-03-04 20:20:00,30,32,31,32,125
2024-03-04 20:30:00,21,30,35,36,122
2024-03-04 20:40:00,30,36,31,38,135
2024-03-04 20:50:00,30,38,21,30,119
2024-03-04 21:00:00,24,29,20,21,94
2024-03-04 21:10:00,23,23,15,22,83
2024-03-04 21:20:00,16,24,30,34,104
2024-03-04 21:30:00,27,33,22,21,103
2024-03-04 21:40:00,15,14,16,16,61
2024-03-04 21:50:00,13,16,24,31,84
2024-03-04 22:00:00,13,18,24,25,80
2024-03-04 22:10:00,16,22,13,17,68
2024-03-04 22:20:00,13,9,14,17,53
2024-03-04 22:30:00,13,19,21,26,79
2024-03-04 22:40:00,8,8,23,30,69
2024-03-04 22:50:00,8,12,17,19,56
2024-03-04 23:00:00,12,15,8,11,46
2024-03-04 23:10:00,17,23,17,22,79
2024-03-04 23:20:00,6,8,7,10,31
2024-03-04 23:30:00,12,19,10,10,51
2024-03-04 23:40:00,6,8,12,11,37
2024-03-04 23:50:00,6,10,7,9,32
2024-03-05 00:00:00,3,4,9,12,28
2024-03-05 00:10:00,9,13,7,7,36
2024-03-05 00:20:00,7,10,3,5,25
2024-03-05 00:30:00,2,3,9,11,25
2024-03-05 00:40:00,3,5,4,6,18
2024-03-05 00:50:00,4,6,6,5,21
2024-03-05 01:00:00,6,3,2,4,15
2024-03-05 01:10:00,7,10,3,4,24
2024-03-05 01:20:00,3,4,9,8,24
2024-03-05 01:30:00,3,3,7,6,19
2024-03-05 01:40:00,2,4,0,0,6
2024-03-05 01:50:00,8,9,1,1,19
2024-03-05 02:00:00,5,6,5,4,20
2024-03-05 02:10:00,2,3,3,4,12
2024-03-05 02:20:00,2,2,0,0,4
2024-03-05 02:30:00,2,3,1,2,8
2024-03-05 02:40:00,4,5,3,3,15
2024-03-05 02:50:00,2,3,1,1,7
2024-03-05 03:00:00,4,5,2,2,13
2024-03-05 03:10:00,5,7,0,0,12
2024-03-05 03:20:00,1,2,2,2,7
2024-03-05 03:30:00,3,4,0,0,7
2024-03-05 03:40:00,3,6,4,2,15
2024-03-05 03:50:00,3,5,3,3,14
2024-03-05 04:00:00,1,2,3,2,8
2024-03-05 04:10:00,2,3,4,4,13
2024-03-05 04:20:00,7,9,7,5,28
2024-03-05 04:30:00,3,2,6,4,15
2024-03-05 04:40:00,6,7,0,1,14
2024-03-05 04:50:00,8,11,5,5,29
2024-03-05 05:00:00,7,10,13,11,41
2024-03-05 05:10:00,8,12,10,11,41
2024-03-05 05:20:00,8,6,4,4,22
2024-03-05 05:30:00,16,19,16,17,68
2024-03-05 05:40:00,22,33,22,23,100
2024-03-05 05:50:00,21,28,31,31,111
2024-03-05 06:00:00,23,26,24,32,105
2024-03-05 06:10:00,24,30,30,37,121
2024-03-05 06:20:00,40,44,23,31,138
2024-03-05 06:30:00,45,50,31,32,158
2024-03-05 06:40:00,39,37,41,45,162
2024-03-05 06:50:00,42,51,39,44,176
2024-03-05 07:00:00,55,45,45,57,202
2024-03-05 07:10:00,37,29,53,56,175
2024-03-05 07:20:00,37,28,53,63,181
2024-03-05 07:30:00,38,32,82,89,241
2024-03-05 07:40:00,41,34,79,91,245
2024-03-05 07:50:00,37,26,81,96,240
2024-03-05 08:00:00,46,37,58,66,207
2024-03-05 08:10:00,40,33,66,70,209
2024-03-05 08:20:00,47,43,66,76,232
2024-03-05 08:30:00,46,26,48,59,179
2024-03-05 08:40:00,47,37,84,93,261
2024-03-05 08:50:00,54,46,47,59,206
2024-03-05 09:00:00,38,29,57,58,182
2024-03-05 09:10:00,30,27,52,56,165
2024-03-05 09:20:00,37,28,54,58,177
2024-03-05 09:30:00,32,27,51,55,165
2024-03-05 09:40:00,32,25,62,66,185
2024-03-05 09:50:00,39,37,55,61,192
2024-03-05 10:00:00,43,38,57,69,207
2024-03-05 10:10:00,37,35,56,60,188
2024-03-05 10:20:00,37,32,55,60,184
2024-03-05 10:30:00,35,31,47,53,166
2024-03-05 10:40:00,29,23,53,60,165
2024-03-05 10:50:00,42,35,48,49,174
2024-03-05 11:00:00,44,39,40,40,163
2024-03-05 11:10:00,49,37,56,61,203
2024-03-05 11:20:00,36,31,57,62,186
2024-03-05 11:30:00,35,31,57,64,187
2024-03-05 11:40:00,43,37,59,64,203
2024-03-05 11:50:00,52,48,45,46,191
2024-03-05 12:00:00,48,39,50,58,195
2024-03-05 12:10:00,58,50,62,64,234
2024-03-05 12:20:00,40,34,66,71,211
2024-03-05 12:30:00,42,33,58,59,192
2024-03-05 12:40:00,50,45,60,67,222
2024-03-05 12:50:00,37,28,67,71,203
2024-03-05 13:00:00,55,44,50,58,207
2024-03-05 13:10:00,59,49,62,63,233
2024-03-05 13:20:00,51,45,73,75,244
2024-03-05 13:30:00,39,34,71,75,219
2024-03-05 13:40:00,37,32,58,60,187
2024-03-05 13:50:00,47,34,65,75,221
2024-03-05 14:00:00,43,41,60,61,205
2024-03-05 14:10:00,46,37,53,60,196
2024-03-05 14:20:00,50,44,69,71,234
2024-03-05 14:30:00,51,43,57,64,215
2024-03-05 14:40:00,50,37,72,77,236
2024-03-05 14:50:00,42,40,75,81,238
2024-03-05 15:00:00,47,39,55,59,200
2024-03-05 15:10:00,49,41,69,83,242
2024-03-05 15:20:00,62,47,77,80,266
2024-03-05 15:30:00,57,43,59,65,224
2024-03-05 15:40:00,47,39,79,82,247
2024-03-05 15:50:00,56,40,73,78,247
2024-03-05 16:00:00,61,48,81,90,280
2024-03-05 16:10:00,77,57,66,81,281
2024-03-05 16:20:00,38,36,74,86,234
2024-03-05 16:30:00,66,48,70,82,266
2024-03-05 16:40:00,53,46,80,89,268
2024-03-05 16:50:00,55,45,66,79,245
2024-03-05 17:00:00,59,49,70,77,255
2024-03-05 17:10:00,48,35,66,87,236
2024-03-05 17:20:00,53,48,84,96,281
2024-03-05 17:30:00,51,42,75,86,254
2024-03-05 17:40:00,40,33,77,84,234
2024-03-05 17:50:00,51,37,72,88,248
2024-03-05 18:00:00,37,28,67,69,201
2024-03-05 18:10:00,52,37,55,68,212
2024-03-05 18:20:00,45,43,72,82,242
2024-03-05 18:30:00,30,27,59,79,195
2024-03-05 18:40:00,45,47,56,69,217
2024-03-05 18:50:00,38,54,53,70,215
2024-03-05 19:00:00,35,47,57,71,210
2024-03-05 19:10:00,35,35,64,69,203
2024-03-05 19:20:00,38,43,45,53,179
2024-03-05 19:30:00,39,41,38,50,168
2024-03-05 19:40:00,30,34,40,48,152
2024-03-05 19:50:00,28,33,36,49,146
2024-03-05 20:00:00,30,29,36,41,136
2024-03-05 20:10:00,26,30,25,31,112
2024-03-05 20:20:00,23,27,38,47,135
2024-03-05 20:30:00,23,19,35,38,115
2024-03-05 20:40:00,32,38,39,39,148
2024-03-05 20:50:00,19,19,23,29,90
2024-03-05 21:00:00,25,28,17,22,92
2024-03-05 21:10:00,22,28,27,28,105
2024-03-05 21:20:00,22,29,23,24,98
2024-03-05 21:30:00,22,28,30,34,114
2024-03-05 21:40:00,18,21,19,23,81
2024-03-05 21:50:00,16,21,22,25,84
2024-03-05 22:00:00,32,36,25,32,125
2024-03-05 22:10:00,21,24,23,30,98
2024-03-05 22:20:00,14,20,25,25,84
2024-03-05 22:30:00,15,15,19,23,72
2024-03-05 22:40:00,13,23,22,20,78
2024-03-05 22:50:00,12,17,15,16,60
2024-03-05 23:00:00,10,12,17,21,60
2024-03-05 23:10:00,5,8,15,15,43
2024-03-05 23:20:00,10,15,7,9,41
2024-03-05 23:30:00,6,7,15,17,45
2024-03-05 23:40:00,10,9,12,12,43
2024-03-05 23:50:00,6,11,9,10,36
2024-03-06 00:00:00,6,9,9,13,37
2024-03-06 00:10:00,3,5,6,6,20
2024-03-06 00:20:00,6,9,3,5,23
2024-03-06 00:30:00,4,6,10,10,30
2024-03-06 00:40:00,6,6,6,5,23
2024-03-06 00:50:00,3,3,7,5,18
2024-03-06 01:00:00,2,6,5,8,21
2024-03-06 01:10:00,7,9,3,3,22
2024-03-06 01:20:00,6,8,6,4,24
2024-03-06 01:30:00,4,5,2,2,13
2024-03-06 01:40:00,3,5,6,7,21
2024-03-06 01:50:00,0,0,0,0,0
2024-03-06 02:00:00,1,2,5,4,12
2024-03-06 02:10:00,0,0,3,3,6
2024-03-06 02:20:00,2,3,5,3,13
2024-03-06 02:30:00,0,2,7,6,15
2024-03-06 02:40:00,1,1,3,2,7
2024-03-06 02:50:00,2,2,4,4,12
2024-03-06 03:00:00,2,2,1,2,7
2024-03-06 03:10:00,3,4,0,0,7
2024-03-06 03:20:00,5,7,0,0,12
2024-03-06 03:30:00,2,3,3,3,11
2024-03-06 03:40:00,2,3,8,7,20
2024-03-06 03:50:00,3,5,3,3,14
2024-03-06 04:00:00,5,2,3,3,13
2024-03-06 04:10:00,4,7,2,3,16
2024-03-06 04:20:00,5,3,6,4,18
2024-03-06 04:30:00,3,3,4,5,15
2024-03-06 04:40:00,7,7,8,6,28
2024-03-06 04:50:00,10,14,7,4,35
2024-03-06 05:00:00,6,10,5,5,26
2024-03-06 05:10:00,9,12,7,6,34
2024-03-06 05:20:00,9,14,8,8,39
2024-03-06 05:30:00,16,22,13,12,63
2024-03-06 05:40:00,19,25,15,18,77
2024-03-06 05:50:00,17,24,30,32,103
2024-03-06 06:00:00,23,27,26,29,105
2024-03-06 06:10:00,30,32,29,29,120
2024-03-06 06:20:00,30,35,29,31,125
2024-03-06 06:30:00,44,44,49,50,187
2024-03-06 06:40:00,31,41,48,46,166
2024-03-06 06:50:00,46,40,46,47,179
2024-03-06 07:00:00,43,41,36,44,164
2024-03-06 07:10:00,38,26,55,60,179
2024-03-06 07:20:00,36,28,53,63,180
2024-03-06 07:30:00,46,38,70,69,223
2024-03-06 07:40:00,46,44,64,76,230
2024-03-06 07:50:00,149,24,67,81,321
2024-03-06 08:00:00,38,31,67,73,209
2024-03-06 08:10:00,53,38,69,80,240
2024-03-06 08:20:00,59,44,59,64,226
2024-03-06 08:30:00,50,42,75,88,255
2024-03-06 08:40:00,40,31,66,67,204
2024-03-06 08:50:00,32,26,71,76,205
2024-03-06 09:00:00,31,27,56,61,175
2024-03-06 09:10:00,28,24,56,61,169
2024-03-06 09:20:00,39,33,68,78,218
2024-03-06 09:30:00,38,35,67,74,214
2024-03-06 09:40:00,40,33,61,63,197
2024-03-06 09:50:00,32,32,60,66,190
2024-03-06 10:00:00,36,33,49,57,175
2024-03-06 10:10:00,33,27,81,83,224
2024-03-06 10:20:00,32,26,53,57,168
2024-03-06 10:30:00,39,32,57,65,193
2024-03-06 10:40:00,27,21,70,73,191
2024-03-06 10:50:00,40,36,58,69,203
2024-03-06 11:00:00,43,34,48,55,180
2024-03-06 11:10:00,37,33,56,61,187
2024-03-06 11:20:00,52,44,55,57,208
2024-03-06 11:30:00,41,36,56,61,194
2024-03-06 11:40:00,23,20,50,53,146
2024-03-06 11:50:00,50,46,46,46,188
2024-03-06 12:00:00,49,44,50,51,194
2024-03-06 12:10:00,53,44,51,63,211
2024-03-06 12:20:00,45,31,69,77,222
2024-03-06 12:30:00,41,33,71,76,221
2024-03-06 12:40:00,46,34,66,76,222
2024-03-06 12:50:00,38,32,66,82,218
2024-03-06 13:00:00,36,27,58,68,189
2024-03-06 13:10:00,49,47,68,75,239
2024-03-06 13:20:00,59,52,40,53,204
2024-03-06 13:30:00,42,34,57,68,201
2024-03-06 13:40:00,40,38,55,60,193
2024-03-06 13:50:00,42,39,69,75,225
2024-03-06 14:00:00,50,37,52,59,198
2024-03-06 14:10:00,45,45,71,78,239
2024-03-06 14:20:00,49,39,62,73,223
2024-03-06 14:30:00,53,45,62,70,230
2024-03-06 14:40:00,48,36,65,79,228
2024-03-06 14:50:00,42,35,76,78,231
2024-03-06 15:00:00,51,43,66,80,240
2024-03-06 15:10:00,50,45,72,79,246
2024-03-06 15:20:00,50,37,59,74,220
2024-03-06 15:30:00,57,45,58,72,232
2024-03-06 15:40:00,64,58,61,73,256
2024-03-06 15:50:00,60,46,80,95,281
2024-03-06 16:00:00,54,45,78,94,271
2024-03-06 16:10:00,57,59,72,81,269
2024-03-06 16:20:00,83,65,74,89,311
2024-03-06 16:30:00,50,42,74,85,251
2024-03-06 16:40:00,62,57,68,88,275
2024-03-06 16:50:00,62,42,77,90,271
2024-03-06 17:00:00,69,42,79,94,284
2024-03-06 17:10:00,54,43,84,106,287
2024-03-06 17:20:00,55,49,73,87,264
2024-03-06 17:30:00,46,44,78,95,263
2024-03-06 17:40:00,43,32,67,73,215
2024-03-06 17:50:00,52,42,66,82,242
2024-03-06 18:00:00,54,47,77,98,276
2024-03-06 18:10:00,51,34,67,80,232
2024-03-06 18:20:00,60,44,40,48,192
2024-03-06 18:30:00,34,43,73,74,224
2024-03-06 18:40:00,48,51,69,75,243
2024-03-06 18:50:00,50,56,58,80,244
2024-03-06 19:00:00,44,49,54,66,213
2024-03-06 19:10:00,40,38,49,60,187
2024-03-06 19:20:00,35,40,45,55,175
2024-03-06 19:30:00,30,37,34,45,146
2024-03-06 19:40:00,27,29,35,54,145
2024-03-06 19:50:00,37,32,37,42,148
2024-03-06 20:00:00,37,42,35,36,150
2024-03-06 20:10:00,24,23,39,43,129
2024-03-06 20:20:00,24,26,33,36,119
2024-03-06 20:30:00,22,24,29,38,113
2024-03-06 20:40:00,22,22,35,40,119
2024-03-06 20:50:00,26,40,26,34,126
2024-03-06 21:00:00,19,21,16,23,79
2024-03-06 21:10:00,17,22,32,36,107
2024-03-06 21:20:00,28,28,25,31,112
2024-03-06 21:30:00,18,24,23,31,96
2024-03-06 21:40:00,29,32,36,39,136
2024-03-06 21:50:00,14,14,12,15,55
2024-03-06 22:00:00,16,19,19,24,78
2024-03-06 22:10:00,26,26,15,17,84
2024-03-06 22:20:00,21,23,29,28,101
2024-03-06 22:30:00,14,19,21,28,82
2024-03-06 22:40:00,13,17,32,34,96
2024-03-06 22:50:00,14,16,23,24,77
2024-03-06 23:00:00,16,19,27,28,90
2024-03-06 23:10:00,17,21,14,20,72
2024-03-06 23:20:00,14,14,6,7,41
2024-03-06 23:30:00,15,25,11,14,65
2024-03-06 23:40:00,5,7,15,17,44
2024-03-06 23:50:00,8,14,15,11,48
2024-03-07 00:00:00,7,9,11,11,38
2024-03-07 00:10:00,6,9,4,6,25
2024-03-07 00:20:00,7,8,7,10,32
2024-03-07 00:30:00,7,8,7,8,30
2024-03-07 00:40:00,5,5,9,10,29
2024-03-07 00:50:00,4,6,4,3,17
2024-03-07 01:00:00,0,0,3,2,5
2024-03-07 01:10:00,2,2,2,3,9
2024-03-07 01:20:00,4,6,5,5,20
2024-03-07 01:30:00,4,5,6,6,21
2024-03-07 01:40:00,1,3,5,5,14
2024-03-07 01:50:00,1,2,3,4,10
2024-03-07 02:00:00,3,5,0,1,9
2024-03-07 02:10:00,3,4,6,6,19
2024-03-07 02:20:00,2,4,2,2,10
2024-03-07 02:30:00,2,4,2,2,10
2024-03-07 02:40:00,4,4,2,3,13
2024-03-07 02:50:00,5,7,2,2,16
2024-03-07 03:00:00,0,0,2,2,4
2024-03-07 03:10:00,4,7,2,1,14
2024-03-07 03:20:00,1,2,3,3,9
2024-03-07 03:30:00,3,6,3,3,15
2024-03-07 03:40:00,1,1,4,2,8
2024-03-07 03:50:00,6,7,3,3,19
2024-03-07 04:00:00,2,5,2,2,11
2024-03-07 04:10:00,2,2,3,4,11
2024-03-07 04:20:00,6,8,8,6,28
2024-03-07 04:30:00,1,0,4,3,8
2024-03-07 04:40:00,5,8,5,4,22
2024-03-07 04:50:00,5,6,6,5,22
2024-03-07 05:00:00,6,5,5,4,20
2024-03-07 05:10:00,11,19,14,12,56
2024-03-07 05:20:00,12,14,7,7,40
2024-03-07 05:30:00,12,15,11,10,48
2024-03-07 05:40:00,13,15,20,25,73
2024-03-07 05:50:00,18,23,28,31,100
2024-03-07 06:00:00,17,20,32,32,101
2024-03-07 06:10:00,28,30,22,27,107
2024-03-07 06:20:00,47,55,32,35,169
2024-03-07 06:30:00,42,53,33,35,163
2024-03-07 06:40:00,32,34,30,42,138
2024-03-07 06:50:00,41,36,46,52,175
2024-03-07 07:00:00,43,35,48,54,180
2024-03-07 07:10:00,36,32,45,52,165
2024-03-07 07:20:00,32,29,60,76,197
2024-03-07 07:30:00,50,43,67,77,237
2024-03-07 07:40:00,44,36,68,76,224
2024-03-07 07:50:00,38,37,60,79,214
2024-03-07 08:00:00,51,40,70,76,237
2024-03-07 08:10:00,56,40,50,68,214
2024-03-07 08:20:00,55,43,70,80,248
2024-03-07 08:30:00,37,29,70,80,216
2024-03-07 08:40:00,40,28,52,59,179
2024-03-07 08:50:00,37,34,57,63,191
2024-03-07 09:00:00,36,35,51,60,182
2024-03-07 09:10:00,39,32,58,60,189
2024-03-07 09:20:00,42,33,61,61,197
2024-03-07 09:30:00,30,26,68,72,196
2024-03-07 09:40:00,29,22,59,59,169
2024-03-07 09:50:00,32,28,58,57,175
2024-03-07 10:00:00,36,34,56,56,182
2024-03-07 10:10:00,33,23,60,63,179
2024-03-07 10:20:00,39,30,59,65,193
2024-03-07 10:30:00,30,26,64,71,191
2024-03-07 10:40:00,27,24,74,74,199
2024-03-07 10:50:00,29,28,61,67,185
2024-03-07 11:00:00,36,32,41,49,158
2024-03-07 11:10:00,43,37,53,53,186
2024-03-07 11:20:00,36,35,53,53,177
2024-03-07 11:30:00,43,40,63,69,215
2024-03-07 11:40:00,48,40,54,61,203
2024-03-07 11:50:00,29,32,49,50,160
2024-03-07 12:00:00,53,50,50,58,211
2024-03-07 12:10:00,60,55,47,55,217
2024-03-07 12:20:00,52,50,59,65,226
2024-03-07 12:30:00,53,61,59,64,237
2024-03-07 12:40:00,46,50,66,75,237
2024-03-07 12:50:00,48,47,54,61,210
2024-03-07 13:00:00,48,49,62,65,224
2024-03-07 13:10:00,38,43,69,87,237
2024-03-07 13:20:00,51,41,55,60,207
2024-03-07 13:30:00,44,39,59,65,207
2024-03-07 13:40:00,56,47,63,66,232
2024-03-07 13:50:00,28,24,66,72,190
2024-03-07 14:00:00,44,35,46,51,176
2024-03-07 14:10:00,53,43,59,63,218
2024-03-07 14:20:00,43,37,81,88,249
2024-03-07 14:30:00,46,46,75,83,250
2024-03-07 14:40:00,58,51,64,74,247
2024-03-07 14:50:00,56,43,72,75,246
2024-03-07 15:00:00,54,48,71,82,255
2024-03-07 15:10:00,42,35,76,85,238
2024-03-07 15:20:00,67,47,69,90,273
2024-03-07 15:30:00,43,35,65,76,219
2024-03-07 15:40:00,57,41,43,62,203
2024-03-07 15:50:00,65,42,85,87,279
2024-03-07 16:00:00,56,40,77,98,271
2024-03-07 16:10:00,66,49,59,80,254
2024-03-07 16:20:00,47,42,59,67,215
2024-03-07 16:30:00,53,43,84,100,280
2024-03-07 16:40:00,54,45,70,77,246
2024-03-07 16:50:00,68,54,100,112,334
2024-03-07 17:00:00,62,35,64,88,249
2024-03-07 17:10:00,60,46,71,84,261
2024-03-07 17:20:00,66,51,89,88,294
2024-03-07 17:30:00,49,43,73,87,252
2024-03-07 17:40:00,51,40,90,104,285
2024-03-07 17:50:00,48,39,69,74,230
2024-03-07 18:00:00,50,43,88,95,276
2024-03-07 18:10:00,42,34,74,86,236
2024-03-07 18:20:00,45,39,60,74,218
2024-03-07 18:30:00,42,41,45,68,196
2024-03-07 18:40:00,39,45,41,59,184
2024-03-07 18:50:00,29,26,62,74,191
2024-03-07 19:00:00,40,50,58,65,213
2024-03-07 19:10:00,32,37,50,59,178
2024-03-07 19:20:00,41,45,42,55,183
2024-03-07 19:30:00,22,23,31,35,111
2024-03-07 19:40:00,23,24,32,48,127
2024-03-07 19:50:00,37,42,41,41,161
2024-03-07 20:00:00,28,26,26,38,118
2024-03-07 20:10:00,30,35,41,45,151
2024-03-07 20:20:00,27,28,47,59,161
2024-03-07 20:30:00,27,31,27,32,117
2024-03-07 20:40:00,22,26,32,33,113
2024-03-07 20:50:00,23,28,23,28,102
2024-03-07 21:00:00,27,24,16,15,82
2024-03-07 21:10:00,23,25,25,22,95
2024-03-07 21:20:00,16,21,19,26,82
2024-03-07 21:30:00,22,24,21,23,90
2024-03-07 21:40:00,19,25,27,32,103
2024-03-07 21:50:00,17,20,22,31,90
2024-03-07 22:00:00,17,21,22,28,88
2024-03-07 22:10:00,27,33,13,22,95
2024-03-07 22:20:00,26,34,22,26,108
2024-03-07 22:30:00,17,27,21,29,94
2024-03-07 22:40:00,19,30,27,29,105
2024-03-07 22:50:00,15,14,21,27,77
2024-03-07 23:00:00,6,8,18,26,58
2024-03-07 23:10:00,15,19,12,17,63
2024-03-07 23:20:00,9,11,10,13,43
2024-03-07 23:30:00,14,15,9,10,48
2024-03-07 23:40:00,15,20,7,12,54
2024-03-07 23:50:00,5,7,8,17,37
2024-03-08 00:00:00,9,14,9,11,43
2024-03-08 00:10:00,9,11,5,9,34
2024-03-08 00:20:00,6,8,10,12,36
2024-03-08 00:30:00,4,4,4,4,16
2024-03-08 00:40:00,5,8,8,8,29
2024-03-08 00:50:00,3,5,4,3,15
2024-03-08 01:00:00,3,1,9,7,20
2024-03-08 01:10:00,6,7,7,9,29
2024-03-08 01:20:00,5,5,7,9,26
2024-03-08 01:30:00,2,3,8,8,21
2024-03-08 01:40:00,1,1,7,5,14
2024-03-08 01:50:00,1,1,3,3,8
2024-03-08 02:00:00,3,3,1,2,9
2024-03-08 02:10:00,3,4,3,3,13
2024-03-08 02:20:00,1,1,7,5,14
2024-03-08 02:30:00,2,3,2,3,10
2024-03-08 02:40:00,2,2,4,6,14
2024-03-08 02:50:00,2,3,2,3,10
2024-03-08 03:00:00,3,3,0,0,6
2024-03-08 03:10:00,4,6,3,3,16
2024-03-08 03:20:00,3,4,3,3,13
2024-03-08 03:30:00,0,0,4,4,8
2024-03-08 03:40:00,3,5,4,3,15
2024-03-08 03:50:00,7,7,2,3,19
2024-03-08 04:00:00,3,2,3,3,11
2024-03-08 04:10:00,4,4,6,6,20
2024-03-08 04:20:00,4,4,6,5,19
2024-03-08 04:30:00,1,2,6,6,15
2024-03-08 04:40:00,7,10,3,3,23
2024-03-08 04:50:00,3,5,4,5,17
2024-03-08 05:00:00,5,3,9,7,24
2024-03-08 05:10:00,12,13,6,6,37
2024-03-08 05:20:00,13,16,3,3,35
2024-03-08 05:30:00,14,19,14,13,60
2024-03-08 05:40:00,20,23,22,26,91
2024-03-08 05:50:00,19,16,31,32,98
2024-03-08 06:00:00,14,18,29,32,93
2024-03-08 06:10:00,21,28,24,28,101
2024-03-08 06:20:00,37,50,35,35,157
2024-03-08 06:30:00,32,33,37,42,144
2024-03-08 06:40:00,26,26,35,40,127
2024-03-08 06:50:00,28,24,43,49,144
2024-03-08 07:00:00,41,30,36,38,145
2024-03-08 07:10:00,26,23,52,57,158
2024-03-08 07:20:00,29,28,50,66,173
2024-03-08 07:30:00,42,39,62,69,212
2024-03-08 07:40:00,37,32,85,92,246
2024-03-08 07:50:00,36,31,64,73,204
2024-03-08 08:00:00,30,29,65,72,196
2024-03-08 08:10:00,41,37,57,65,200
2024-03-08 08:20:00,43,40,60,76,219
2024-03-08 08:30:00,30,27,60,69,186
2024-03-08 08:40:00,38,27,49,54,168
2024-03-08 08:50:00,48,38,65,75,226
2024-03-08 09:00:00,36,29,52,57,174
2024-03-08 09:10:00,33,30,50,61,174
2024-03-08 09:20:00,40,32,63,68,203
2024-03-08 09:30:00,36,32,66,64,198
2024-03-08 09:40:00,44,36,55,57,192
2024-03-08 09:50:00,39,29,60,63,191
2024-03-08 10:00:00,33,29,50,57,169
2024-03-08 10:10:00,31,31,60,60,182
2024-03-08 10:20:00,41,40,52,57,190
2024-03-08 10:30:00,45,32,63,65,205
2024-03-08 10:40:00,38,33,55,58,184
2024-03-08 10:50:00,35,30,64,73,202
2024-03-08 11:00:00,33,27,57,60,177
2024-03-08 11:10:00,42,40,76,75,233
2024-03-08 11:20:00,47,42,52,58,199
2024-03-08 11:30:00,42,40,53,55,190
2024-03-08 11:40:00,55,53,66,73,247
2024-03-08 11:50:00,56,60,64,71,251
2024-03-08 12:00:00,42,44,71,75,232
2024-03-08 12:10:00,51,53,60,71,235
2024-03-08 12:20:00,58,53,71,73,255
2024-03-08 12:30:00,45,44,80,83,252
2024-03-08 12:40:00,46,40,71,81,238
2024-03-08 12:50:00,60,57,81,86,284
2024-03-08 13:00:00,51,52,74,81,258
2024-03-08 13:10:00,52,52,77,88,269
2024-03-08 13:20:00,65,62,55,62,244
2024-03-08 13:30:00,63,58,82,96,299
2024-03-08 13:40:00,52,51,76,85,264
2024-03-08 13:50:00,44,51,58,74,227
2024-03-08 14:00:00,61,60,72,78,271
2024-03-08 14:10:00,55,46,62,68,231
2024-03-08 14:20:00,57,54,59,64,234
2024-03-08 14:30:00,60,48,69,87,264
2024-03-08 14:40:00,45,33,68,84,230
2024-03-08 14:50:00,60,58,77,82,277
2024-03-08 15:00:00,54,45,62,70,231
2024-03-08 15:10:00,60,48,54,78,240
2024-03-08 15:20:00,63,44,73,82,262
2024-03-08 15:30:00,51,41,90,119,301
2024-03-08 15:40:00,56,41,57,71,225
2024-03-08 15:50:00,47,42,86,97,272
2024-03-08 16:00:00,38,32,59,67,196
2024-03-08 16:10:00,39,33,72,95,239
2024-03-08 16:20:00,39,34,73,82,228
2024-03-08 16:30:00,52,38,52,64,206
2024-03-08 16:40:00,41,36,73,79,229
2024-03-08 16:50:00,47,47,60,78,232
2024-03-08 17:00:00,48,46,72,88,254
2024-03-08 17:10:00,60,50,73,89,272
2024-03-08 17:20:00,50,41,74,84,249
2024-03-08 17:30:00,43,41,69,81,234
2024-03-08 17:40:00,50,41,70,81,242
2024-03-08 17:50:00,40,38,73,80,231
2024-03-08 18:00:00,48,35,48,61,192
2024-03-08 18:10:00,36,32,57,74,199
2024-03-08 18:20:00,41,34,60,72,207
2024-03-08 18:30:00,41,40,75,81,237
2024-03-08 18:40:00,42,40,60,64,206
2024-03-08 18:50:00,33,39,60,68,200
2024-03-08 19:00:00,32,40,49,67,188
2024-03-08 19:10:00,43,47,45,57,192
2024-03-08 19:20:00,34,38,56,58,186
2024-03-08 19:30:00,48,64,55,65,232
2024-03-08 19:40:00,31,34,40,49,154
2024-03-08 19:50:00,34,40,44,49,167
2024-03-08 20:00:00,26,30,41,46,143
2024-03-08 20:10:00,33,45,34,42,154
2024-03-08 20:20:00,31,35,25,31,122
2024-03-08 20:30:00,29,32,30,38,129
2024-03-08 20:40:00,27,34,32,42,135
2024-03-08 20:50:00,32,35,18,48,133
2024-03-08 21:00:00,33,35,28,34,130
2024-03-08 21:10:00,25,29,27,35,116
2024-03-08 21:20:00,24,25,33,36,118
2024-03-08 21:30:00,22,25,31,34,112
2024-03-08 21:40:00,21,28,28,33,110
2024-03-08 21:50:00,28,32,30,37,127
2024-03-08 22:00:00,18,17,26,32,93
2024-03-08 22:10:00,29,27,17,21,94
2024-03-08 22:20:00,24,29,29,31,113
2024-03-08 22:30:00,22,23,23,29,97
2024-03-08 22:40:00,20,22,22,20,84
2024-03-08 22:50:00,29,23,27,29,108
2024-03-08 23:00:00,14,20,33,34,101
2024-03-08 23:10:00,21,22,25,30,98
2024-03-08 23:20:00,22,22,24,25,93
2024-03-08 23:30:00,20,19,13,16,68
2024-03-08 23:40:00,11,13,25,23,72
2024-03-08 23:50:00,10,10,23,24,67
2024-03-09 00:00:00,14,18,18,22,72
2024-03-09 00:10:00,19,23,16,16,74
2024-03-09 00:20:00,16,18,21,19,74
2024-03-09 00:30:00,22,28,7,10,67
2024-03-09 00:40:00,9,14,10,14,47
2024-03-09 00:50:00,17,23,21,19,80
2024-03-09 01:00:00,10,14,22,24,70
2024-03-09 01:10:00,13,14,11,12,50
2024-03-09 01:20:00,16,23,10,11,60
2024-03-09 01:30:00,8,14,9,10,41
2024-03-09 01:40:00,11,13,10,10,44
2024-03-09 01:50:00,2,1,7,8,18
2024-03-09 02:00:00,7,12,9,9,37
2024-03-09 02:10:00,10,13,6,6,35
2024-03-09 02:20:00,3,5,5,5,18
2024-03-09 02:30:00,5,6,11,10,32
2024-03-09 02:40:00,8,8,14,13,43
2024-03-09 02:50:00,8,13,7,7,35
2024-03-09 03:00:00,1,3,9,8,21
2024-03-09 03:10:00,2,3,4,5,14
2024-03-09 03:20:00,7,8,7,8,30
2024-03-09 03:30:00,3,5,9,7,24
2024-03-09 03:40:00,5,10,4,4,23
2024-03-09 03:50:00,7,7,6,8,28
2024-03-09 04:00:00,5,5,5,8,23
2024-03-09 04:10:00,8,11,2,2,23
2024-03-09 04:20:00,6,8,5,7,26
2024-03-09 04:30:00,5,5,2,2,14
2024-03-09 04:40:00,3,2,9,8,22
2024-03-09 04:50:00,4,7,6,5,22
2024-03-09 05:00:00,4,3,7,7,21
2024-03-09 05:10:00,8,9,6,6,29
2024-03-09 05:20:00,4,5,11,12,32
2024-03-09 05:30:00,5,9,12,15,41
2024-03-09 05:40:00,5,5,10,12,32
2024-03-09 05:50:00,3,4,10,10,27
2024-03-09 06:00:00,2,4,12,12,30
2024-03-09 06:10:00,12,16,5,7,40
2024-03-09 06:20:00,4,5,15,14,38
2024-03-09 06:30:00,6,9,29,26,70
2024-03-09 06:40:00,11,12,13,13,49
2024-03-09 06:50:00,12,10,8,16,46
2024-03-09 07:00:00,14,15,8,8,45
2024-03-09 07:10:00,7,6,9,11,33
2024-03-09 07:20:00,8,10,13,15,46
2024-03-09 07:30:00,6,6,14,15,41
2024-03-09 07:40:00,10,8,17,18,53
2024-03-09 07:50:00,9,8,23,26,66
2024-03-09 08:00:00,10,9,23,25,67
2024-03-09 08:10:00,16,15,21,23,75
2024-03-09 08:20:00,8,9,26,27,70
2024-03-09 08:30:00,19,19,23,24,85
2024-03-09 08:40:00,20,19,32,39,110
2024-03-09 08:50:00,18,13,30,35,96
2024-03-09 09:00:00,16,16,29,30,91
2024-03-09 09:10:00,17,16,23,23,79
2024-03-09 09:20:00,11,10,33,34,88
2024-03-09 09:30:00,29,24,36,36,125
2024-03-09 09:40:00,24,20,56,58,158
2024-03-09 09:50:00,28,24,43,48,143
2024-03-09 10:00:00,37,32,46,46,161
2024-03-09 10:10:00,25,28,60,63,176
2024-03-09 10:20:00,28,31,45,50,154
2024-03-09 10:30:00,27,29,46,48,150
2024-03-09 10:40:00,37,28,53,58,176
2024-03-09 10:50:00,20,14,42,44,120
2024-03-09 11:00:00,25,24,60,64,173
2024-03-09 11:10:00,37,30,60,62,189
2024-03-09 11:20:00,41,36,51,55,183
2024-03-09 11:30:00,41,42,56,59,198
2024-03-09 11:40:00,44,34,83,92,253
2024-03-09 11:50:00,35,30,62,64,191
2024-03-09 12:00:00,42,47,60,72,221
2024-03-09 12:10:00,50,36,66,65,217
2024-03-09 12:20:00,37,38,59,64,198
2024-03-09 12:30:00,36,35,62,68,201
2024-03-09 12:40:00,51,45,58,67,221
2024-03-09 12:50:00,34,33,68,73,208
2024-03-09 13:00:00,45,47,72,77,241
2024-03-09 13:10:00,42,41,72,79,234
2024-03-09 13:20:00,29,34,50,61,174
2024-03-09 13:30:00,43,47,61,66,217
2024-03-09 13:40:00,37,45,62,72,216
2024-03-09 13:50:00,29,28,58,65,180
2024-03-09 14:00:00,39,37,59,69,204
2024-03-09 14:10:00,41,42,43,57,183
2024-03-09 14:20:00,36,32,60,73,201
2024-03-09 14:30:00,43,43,62,74,222
2024-03-09 14:40:00,54,57,58,72,241
2024-03-09 14:50:00,38,39,62,67,206
2024-03-09 15:00:00,39,46,60,65,210
2024-03-09 15:10:00,30,34,59,68,191
2024-03-09 15:20:00,41,36,47,49,173
2024-03-09 15:30:00,29,28,59,65,181
2024-03-09 15:40:00,47,39,43,49,178
2024-03-09 15:50:00,38,40,56,65,199
2024-03-09 16:00:00,31,30,54,59,174
2024-03-09 16:10:00,31,29,53,58,171
2024-03-09 16:20:00,41,35,43,50,169
2024-03-09 16:30:00,33,32,41,46,152
2024-03-09 16:40:00,27,25,48,56,156
2024-03-09 16:50:00,35,33,53,58,179
2024-03-09 17:00:00,34,29,50,56,169
2024-03-09 17:10:00,36,34,56,61,187
2024-03-09 17:20:00,39,36,56,58,189
2024-03-09 17:30:00,20,16,46,58,140
2024-03-09 17:40:00,29,27,58,61,175
2024-03-09 17:50:00,40,37,68,77,222
2024-03-09 18:00:00,33,26,43,46,148
2024-03-09 18:10:00,31,25,33,39,128
2024-03-09 18:20:00,27,22,38,39,126
2024-03-09 18:30:00,33,33,53,69,188
2024-03-09 18:40:00,39,40,59,73,211
2024-03-09 18:50:00,36,40,48,53,177
2024-03-09 19:00:00,34,39,48,50,171
2024-03-09 19:10:00,46,52,39,55,192
2024-03-09 19:20:00,35,37,55,62,189
2024-03-09 19:30:00,32,33,36,52,153
2024-03-09 19:40:00,36,48,36,48,168
2024-03-09 19:50:00,24,21,38,43,126
2024-03-09 20:00:00,26,31,43,53,153
2024-03-09 20:10:00,33,39,30,45,147
2024-03-09 20:20:00,32,34,26,30,122
2024-03-09 20:30:00,18,24,25,33,100
2024-03-09 20:40:00,27,29,29,32,117
2024-03-09 20:50:00,30,28,27,30,115
2024-03-09 21:00:00,41,46,37,40,164
2024-03-09 21:10:00,28,28,27,32,115
2024-03-09 21:20:00,20,24,27,34,105
2024-03-09 21:30:00,25,27,31,30,113
2024-03-09 21:40:00,20,22,38,42,122
2024-03-09 21:50:00,26,27,27,33,113
2024-03-09 22:00:00,21,25,23,30,99
2024-03-09 22:10:00,23,33,25,28,109
2024-03-09 22:20:00,36,37,28,33,134
2024-03-09 22:30:00,17,17,27,33,94
2024-03-09 22:40:00,39,29,29,33,130
2024-03-09 22:50:00,29,38,23,29,119
2024-03-09 23:00:00,38,42,27,35,142
2024-03-09 23:10:00,22,23,21,28,94
2024-03-09 23:20:00,31,36,37,37,141
2024-03-09 23:30:00,29,29,21,21,100
2024-03-09 23:40:00,18,23,28,37,106
2024-03-09 23:50:00,19,21,18,19,77
2024-03-10 00:00:00,16,19,18,21,74
2024-03-10 00:10:00,15,15,11,10,51
2024-03-10 00:20:00,22,27,20,19,88
2024-03-10 00:30:00,13,13,14,18,58
2024-03-10 00:40:00,12,15,9,13,49
2024-03-10 00:50:00,14,15,16,16,61
2024-03-10 01:00:00,20,19,17,19,75
2024-03-10 01:10:00,14,18,22,20,74
2024-03-10 01:20:00,13,17,13,12,55
2024-03-10 01:30:00,7,9,12,13,41
2024-03-10 01:40:00,8,9,10,12,39
2024-03-10 01:50:00,8,11,10,11,40
2024-03-10 02:00:00,7,9,6,6,28
2024-03-10 02:10:00,6,11,6,7,30
2024-03-10 02:20:00,9,9,12,11,41
2024-03-10 02:30:00,3,4,13,12,32
2024-03-10 02:40:00,8,8,13,16,45
2024-03-10 02:50:00,6,8,6,10,30
2024-03-10 03:00:00,4,6,8,8,26
2024-03-10 03:10:00,8,12,6,6,32
2024-03-10 03:20:00,5,6,5,5,21
2024-03-10 03:30:00,3,5,7,10,25
2024-03-10 03:40:00,9,10,4,4,27
2024-03-10 03:50:00,3,3,6,6,18
2024-03-10 04:00:00,6,5,5,6,22
2024-03-10 04:10:00,10,7,5,6,28
2024-03-10 04:20:00,5,6,11,10,32
2024-03-10 04:30:00,3,3,4,5,15
2024-03-10 04:40:00,3,3,6,8,20
2024-03-10 04:50:00,6,7,6,4,23
2024-03-10 05:00:00,5,8,3,2,18
2024-03-10 05:10:00,5,7,13,12,37
2024-03-10 05:20:00,7,6,2,4,19
2024-03-10 05:30:00,4,5,17,13,39
2024-03-10 05:40:00,3,5,11,12,31
2024-03-10 05:50:00,4,6,4,5,19
2024-03-10 06:00:00,5,8,9,9,31
2024-03-10 06:10:00,11,14,6,7,38
2024-03-10 06:20:00,8,10,11,11,40
2024-03-10 06:30:00,5,6,18,19,48
2024-03-10 06:40:00,4,6,11,12,33
2024-03-10 06:50:00,7,7,1,2,17
2024-03-10 07:00:00,2,2,8,8,20
2024-03-10 07:10:00,6,5,2,2,15
2024-03-10 07:20:00,5,5,7,8,25
2024-03-10 07:30:00,3,3,11,11,28
2024-03-10 07:40:00,4,4,8,9,25
2024-03-10 07:50:00,4,4,4,4,16
2024-03-10 08:00:00,2,2,11,11,26
2024-03-10 08:10:00,4,2,5,6,17
2024-03-10 08:20:00,6,7,9,9,31
2024-03-10 08:30:00,12,11,14,17,54
2024-03-10 08:40:00,11,12,13,13,49
2024-03-10 08:50:00,6,5,16,16,43
2024-03-10 09:00:00,12,13,15,16,56
2024-03-10 09:10:00,10,11,9,9,39
2024-03-10 09:20:00,8,4,14,14,40
2024-03-10 09:30:00,19,14,11,13,57
2024-03-10 09:40:00,16,12,22,26,76
2024-03-10 09:50:00,19,17,29,30,95
2024-03-10 10:00:00,17,16,31,34,98
2024-03-10 10:10:00,29,24,28,30,111
2024-03-10 10:20:00,18,17,27,27,89
2024-03-10 10:30:00,14,12,16,17,59
2024-03-10 10:40:00,14,15,37,42,108
2024-03-10 10:50:00,25,23,31,35,114
2024-03-10 11:00:00,19,17,30,32,98
2024-03-10 11:10:00,29,31,38,49,147
2024-03-10 11:20:00,20,19,42,48,129
2024-03-10 11:30:00,31,26,30,32,119
2024-03-10 11:40:00,17,14,38,44,113
2024-03-10 11:50:00,22,20,34,42,118
2024-03-10 12:00:00,31,29,50,60,170
2024-03-10 12:10:00,29,26,39,49,143
2024-03-10 12:20:00,28,25,47,52,152
2024-03-10 12:30:00,27,23,34,42,126
2024-03-10 12:40:00,26,24,44,49,143
2024-03-10 12:50:00,29,27,49,47,152
2024-03-10 13:00:00,32,32,40,46,150
2024-03-10 13:10:00,36,36,51,55,178
2024-03-10 13:20:00,42,39,38,42,161
2024-03-10 13:30:00,39,38,48,53,178
2024-03-10 13:40:00,31,31,44,47,153
2024-03-10 13:50:00,32,36,36,38,142
2024-03-10 14:00:00,46,40,44,50,180
2024-03-10 14:10:00,32,23,55,63,173
2024-03-10 14:20:00,32,31,48,52,163
2024-03-10 14:30:00,35,32,46,51,164
2024-03-10 14:40:00,29,25,53,59,166
2024-03-10 14:50:00,29,27,51,51,158
2024-03-10 15:00:00,37,29,40,44,150
2024-03-10 15:10:00,32,27,39,41,139
2024-03-10 15:20:00,34,28,53,54,169
2024-03-10 15:30:00,29,23,48,52,152
2024-03-10 15:40:00,33,30,46,50,159
2024-03-10 15:50:00,27,24,38,40,129
2024-03-10 16:00:00,40,36,30,31,137
2024-03-10 16:10:00,37,30,48,52,167
2024-03-10 16:20:00,24,22,43,47,136
2024-03-10 16:30:00,36,38,43,47,164
2024-03-10 16:40:00,34,29,42,41,146
2024-03-10 16:50:00,29,25,42,50,146
2024-03-10 17:00:00,38,36,49,52,175
2024-03-10 17:10:00,38,32,43,46,159
2024-03-10 17:20:00,34,33,48,60,175
2024-03-10 17:30:00,38,32,53,55,178
2024-03-10 17:40:00,24,24,49,52,149
2024-03-10 17:50:00,33,27,43,49,152
2024-03-10 18:00:00,33,28,61,66,188
2024-03-10 18:10:00,37,26,41,41,145
2024-03-10 18:20:00,34,28,46,48,156
2024-03-10 18:30:00,22,24,36,42,124
2024-03-10 18:40:00,26,38,34,40,138
2024-03-10 18:50:00,21,25,35,43,124
2024-03-10 19:00:00,25,35,46,52,158
2024-03-10 19:10:00,33,29,36,51,149
2024-03-10 19:20:00,28,31,32,40,131
2024-03-10 19:30:00,27,32,28,32,119
2024-03-10 19:40:00,27,29,45,56,157
2024-03-10 19:50:00,26,31,30,44,131
2024-03-10 20:00:00,28,29,28,38,123
2024-03-10 20:10:00,37,36,26,26,125
2024-03-10 20:20:00,29,33,31,34,127
2024-03-10 20:30:00,30,34,26,32,122
2024-03-10 20:40:00,21,21,31,38,111
2024-03-10 20:50:00,14,19,20,25,78
2024-03-10 21:00:00,27,34,31,35,127
2024-03-10 21:10:00,30,33,16,20,99
2024-03-10 21:20:00,22,26,30,34,112
2024-03-10 21:30:00,22,26,16,19,83
2024-03-10 21:40:00,25,30,12,14,81
2024-03-10 21:50:00,22,27,21,24,94
2024-03-10 22:00:00,16,23,21,21,81
2024-03-10 22:10:00,16,19,13,15,63
2024-03-10 22:20:00,12,10,19,19,60
2024-03-10 22:30:00,10,12,13,13,48
2024-03-10 22:40:00,9,9,16,21,55
2024-03-10 22:50:00,8,7,10,11,36
2024-03-10 23:00:00,9,8,11,14,42
2024-03-10 23:10:00,13,10,10,13,46
2024-03-10 23:20:00,9,8,11,10,38
2024-03-10 23:30:00,4,4,9,9,26
2024-03-10 23:40:00,10,10,9,9,38
2024-03-10 23:50:00,7,7,9,10,33
2024-03-11 00:00:00,5,5,8,10,28
2024-03-11 00:10:00,3,3,5,5,16
2024-03-11 00:20:00,7,6,6,6,25
2024-03-11 00:30:00,3,3,5,6,17
2024-03-11 00:40:00,2,3,2,2,9
2024-03-11 00:50:00,3,3,6,5,17
2024-03-11 01:00:00,2,3,3,2,10
2024-03-11 01:10:00,2,2,4,4,12
2024-03-11 01:20:00,1,1,3,3,8
2024-03-11 01:30:00,1,1,1,1,4
2024-03-11 01:40:00,4,3,6,7,20
2024-03-11 01:50:00,3,3,2,2,10
2024-03-11 02:00:00,0,0,1,1,2
2024-03-11 02:10:00,3,1,2,2,8
2024-03-11 02:20:00,1,1,3,3,8
2024-03-11 02:30:00,2,2,2,2,8
2024-03-11 02:40:00,1,1,6,6,14
2024-03-11 02:50:00,5,5,0,0,10
2024-03-11 03:00:00,0,0,0,0,0
2024-03-11 03:10:00,1,1,0,1,3
2024-03-11 03:20:00,1,1,0,0,2
2024-03-11 03:30:00,1,1,2,2,6
2024-03-11 03:40:00,2,2,3,3,10
2024-03-11 03:50:00,1,1,2,3,7
2024-03-11 04:00:00,2,2,4,3,11
2024-03-11 04:10:00,5,4,4,4,17
2024-03-11 04:20:00,3,2,2,2,9
2024-03-11 04:30:00,6,5,2,2,15
2024-03-11 04:40:00,7,6,3,3,19
2024-03-11 04:50:00,5,5,4,5,19
2024-03-11 05:00:00,9,9,10,9,37
2024-03-11 05:10:00,16,12,4,5,37
2024-03-11 05:20:00,10,9,18,18,55
2024-03-11 05:30:00,12,11,13,17,53
2024-03-11 05:40:00,15,14,21,20,70
2024-03-11 05:50:00,20,19,15,26,80
2024-03-11 06:00:00,25,22,22,34,103
2024-03-11 06:10:00,31,25,17,28,101
2024-03-11 06:20:00,43,28,24,32,127
2024-03-11 06:30:00,37,23,24,35,119
2024-03-11 06:40:00,36,28,31,53,148
2024-03-11 06:50:00,36,30,33,43,142
2024-03-11 07:00:00,39,35,46,57,177
2024-03-11 07:10:00,38,31,58,58,185
2024-03-11 07:20:00,34,27,71,82,214
2024-03-11 07:30:00,40,30,62,70,202
2024-03-11 07:40:00,48,42,73,81,244
2024-03-11 07:50:00,39,34,73,83,229
2024-03-11 08:00:00,35,31,59,61,186
2024-03-11 08:10:00,49,40,69,75,233
2024-03-11 08:20:00,49,42,70,83,244
2024-03-11 08:30:00,43,35,64,68,210
2024-03-11 08:40:00,56,44,69,75,244
2024-03-11 08:50:00,52,47,47,51,197
2024-03-11 09:00:00,36,31,71,75,213
2024-03-11 09:10:00,38,26,52,57,173
2024-03-11 09:20:00,30,26,59,61,176
2024-03-11 09:30:00,34,28,58,65,185
2024-03-11 09:40:00,33,30,50,55,168
2024-03-11 09:50:00,44,39,47,52,182
2024-03-11 10:00:00,0,0,0,0,0
2024-03-11 10:10:00,0,0,0,0,0
2024-03-11 10:20:00,0,0,0,0,0
2024-03-11 10:30:00,0,0,0,0,0
2024-03-11 10:40:00,0,0,0,0,0
2024-03-11 10:50:00,0,0,0,0,0
2024-03-11 11:00:00,0,0,0,0,0
2024-03-11 11:10:00,0,0,0,0,0
2024-03-11 11:20:00,0,0,0,0,0
2024-03-11 11:30:00,0,0,0,0,0
2024-03-11 11:40:00,0,0,0,0,0
2024-03-11 11:50:00,0,0,0,0,0
2024-03-11 12:00:00,0,0,0,0,0
2024-03-11 12:10:00,0,0,0,0,0
2024-03-11 12:20:00,0,0,0,0,0
2024-03-11 12:30:00,0,0,0,0,0
2024-03-11 12:40:00,8,6,8,10,32
2024-03-11 12:50:00,37,31,62,68,198
2024-03-11 13:00:00,28,27,61,65,181
2024-03-11 13:10:00,45,37,65,60,207
2024-03-11 13:20:00,46,52,64,68,230
2024-03-11 13:30:00,54,45,64,68,231
2024-03-11 13:40:00,43,32,65,76,216
2024-03-11 13:50:00,36,33,70,77,216
2024-03-11 14:00:00,36,32,52,56,176
2024-03-11 14:10:00,38,29,66,73,206
2024-03-11 14:20:00,33,28,52,63,176
2024-03-11 14:30:00,62,55,72,77,266
2024-03-11 14:40:00,52,43,75,82,252
2024-03-11 14:50:00,44,37,58,62,201
2024-03-11 15:00:00,47,42,72,89,250
2024-03-11 15:10:00,58,52,52,62,224
2024-03-11 15:20:00,58,42,67,78,245
2024-03-11 15:30:00,58,51,72,84,265
2024-03-11 15:40:00,52,45,76,86,259
2024-03-11 15:50:00,42,36,65,76,219
2024-03-11 16:00:00,52,37,84,91,264
2024-03-11 16:10:00,53,39,90,102,284
2024-03-11 16:20:00,50,42,75,82,249
2024-03-11 16:30:00,78,65,82,87,312
2024-03-11 16:40:00,64,55,77,86,282
2024-03-11 16:50:00,59,56,63,70,248
2024-03-11 17:00:00,53,41,78,92,264
2024-03-11 17:10:00,64,47,92,107,310
2024-03-11 17:20:00,53,44,76,85,258
2024-03-11 17:30:00,45,39,67,83,234
2024-03-11 17:40:00,48,46,71,89,254
2024-03-11 17:50:00,44,49,70,86,249
2024-03-11 18:00:00,50,51,73,77,251
2024-03-11 18:10:00,49,45,59,67,220
2024-03-11 18:20:00,43,36,51,56,186
2024-03-11 18:30:00,26,21,69,90,206
2024-03-11 18:40:00,42,33,38,48,161
2024-03-11 18:50:00,36,44,39,44,163
2024-03-11 19:00:00,31,29,49,52,161
2024-03-11 19:10:00,24,24,35,41,124
2024-03-11 19:20:00,25,24,30,39,118
2024-03-11 19:30:00,35,40,33,54,162
2024-03-11 19:40:00,18,24,50,59,151
2024-03-11 19:50:00,27,31,44,62,164
2024-03-11 20:00:00,41,48,33,40,162
2024-03-11 20:10:00,25,31,36,41,133
2024-03-11 20:20:00,33,30,30,32,125
2024-03-11 20:30:00,24,28,22,29,103
2024-03-11 20:40:00,28,31,32,42,133
2024-03-11 20:50:00,28,35,40,47,150
2024-03-11 21:00:00,31,39,30,37,137
2024-03-11 21:10:00,28,34,36,34,132
2024-03-11 21:20:00,35,43,17,23,118
2024-03-11 21:30:00,23,30,31,33,117
2024-03-11 21:40:00,21,22,28,35,106
2024-03-11 21:50:00,18,19,17,20,74
2024-03-11 22:00:00,16,16,19,26,77
2024-03-11 22:10:00,15,18,24,28,85
2024-03-11 22:20:00,17,19,18,23,77
2024-03-11 22:30:00,15,20,27,28,90
2024-03-11 22:40:00,10,11,28,30,79
2024-03-11 22:50:00,5,7,17,24,53
2024-03-11 23:00:00,9,12,11,11,43
2024-03-11 23:10:00,12,15,16,15,58
2024-03-11 23:20:00,9,9,16,19,53
2024-03-11 23:30:00,4,4,7,7,22
2024-03-11 23:40:00,5,7,15,17,44
2024-03-11 23:50:00,5,7,14,13,39
2024-03-12 00:00:00,6,8,5,6,25
2024-03-12 00:10:00,5,3,8,8,24
2024-03-12 00:20:00,8,9,10,11,38
2024-03-12 00:30:00,6,8,13,14,41
2024-03-12 00:40:00,5,9,2,3,19
2024-03-12 00:50:00,6,5,11,7,29
2024-03-12 01:00:00,2,3,4,4,13
2024-03-12 01:10:00,5,6,4,4,19
2024-03-12 01:20:00,1,2,2,4,9
2024-03-12 01:30:00,2,5,2,2,11
2024-03-12 01:40:00,1,1,4,3,9
2024-03-12 01:50:00,2,1,4,3,10
2024-03-12 02:00:00,2,2,1,2,7
2024-03-12 02:10:00,2,2,3,2,9
2024-03-12 02:20:00,4,6,2,2,14
2024-03-12 02:30:00,4,7,7,7,25
2024-03-12 02:40:00,4,4,2,3,13
2024-03-12 02:50:00,2,3,2,3,10
2024-03-12 03:00:00,0,0,0,0,0
2024-03-12 03:10:00,2,2,1,2,7
2024-03-12 03:20:00,2,2,1,1,6
2024-03-12 03:30:00,0,0,7,6,13
2024-03-12 03:40:00,2,1,3,2,8
2024-03-12 03:50:00,3,5,2,2,12
2024-03-12 04:00:00,4,3,3,3,13
2024-03-12 04:10:00,3,3,2,3,11
2024-03-12 04:20:00,6,4,8,7,25
2024-03-12 04:30:00,5,3,5,4,17
2024-03-12 04:40:00,4,8,3,3,18
2024-03-12 04:50:00,3,6,3,3,15
2024-03-12 05:00:00,4,6,7,6,23
2024-03-12 05:10:00,10,11,7,6,34
2024-03-12 05:20:00,10,11,9,9,39
2024-03-12 05:30:00,21,24,20,21,86
2024-03-12 05:40:00,21,24,23,20,88
2024-03-12 05:50:00,15,17,24,27,83
2024-03-12 06:00:00,27,27,28,34,116
2024-03-12 06:10:00,21,21,32,31,105
2024-03-12 06:20:00,36,39,38,46,159
2024-03-12 06:30:00,36,48,32,36,152
2024-03-12 06:40:00,34,34,45,50,163
2024-03-12 06:50:00,30,30,56,65,181
2024-03-12 07:00:00,49,37,36,39,161
2024-03-12 07:10:00,35,29,57,63,184
2024-03-12 07:20:00,47,39,65,69,220
2024-03-12 07:30:00,40,30,69,79,218
2024-03-12 07:40:00,47,32,83,96,258
2024-03-12 07:50:00,51,37,62,81,231
2024-03-12 08:00:00,34,36,81,93,244
2024-03-12 08:10:00,56,42,62,65,225
2024-03-12 08:20:00,46,33,57,62,198
2024-03-12 08:30:00,37,31,73,78,219
2024-03-12 08:40:00,48,35,64,74,221
2024-03-12 08:50:00,53,42,70,80,245
2024-03-12 09:00:00,43,38,56,61,198
2024-03-12 09:10:00,42,32,62,69,205
2024-03-12 09:20:00,39,33,65,76,213
2024-03-12 09:30:00,25,23,40,42,130
2024-03-12 09:40:00,41,35,43,50,169
2024-03-12 09:50:00,32,30,50,54,166
2024-03-12 10:00:00,31,27,48,50,156
2024-03-12 10:10:00,25,22,64,67,178
2024-03-12 10:20:00,41,33,57,64,195
2024-03-12 10:30:00,36,34,46,55,171
2024-03-12 10:40:00,36,36,72,77,221
2024-03-12 10:50:00,38,29,68,70,205
2024-03-12 11:00:00,35,30,53,52,170
2024-03-12 11:10:00,30,30,72,76,208
2024-03-12 11:20:00,51,40,47,54,192
2024-03-12 11:30:00,34,29,53,58,174
2024-03-12 11:40:00,51,41,58,65,215
2024-03-12 11:50:00,49,36,57,54,196
2024-03-12 12:00:00,47,36,57,63,203
2024-03-12 12:10:00,49,40,58,62,209
2024-03-12 12:20:00,55,49,51,58,213
2024-03-12 12:30:00,46,44,44,46,180
2024-03-12 12:40:00,41,39,50,55,185
2024-03-12 12:50:00,46,33,56,75,210
2024-03-12 13:00:00,50,40,47,49,186
2024-03-12 13:10:00,44,39,63,72,218
2024-03-12 13:20:00,39,33,55,62,189
2024-03-12 13:30:00,38,34,61,66,199
2024-03-12 13:40:00,43,35,67,80,225
2024-03-12 13:50:00,46,43,61,65,215
2024-03-12 14:00:00,49,41,63,63,216
2024-03-12 14:10:00,42,38,56,63,199
2024-03-12 14:20:00,38,28,60,65,191
2024-03-12 14:30:00,47,39,75,82,243
2024-03-12 14:40:00,75,55,68,79,277
2024-03-12 14:50:00,52,42,80,85,259
2024-03-12 15:00:00,49,40,80,91,260
2024-03-12 15:10:00,59,42,79,96,276
2024-03-12 15:20:00,54,35,76,90,255
2024-03-12 15:30:00,45,41,68,71,225
2024-03-12 15:40:00,43,33,60,77,213
2024-03-12 15:50:00,45,41,73,97,256
2024-03-12 16:00:00,68,55,71,81,275
2024-03-12 16:10:00,80,61,74,83,298
2024-03-12 16:20:00,56,42,73,82,253
2024-03-12 16:30:00,63,41,104,121,329
2024-03-12 16:40:00,59,45,77,89,270
2024-03-12 16:50:00,69,57,70,81,277
2024-03-12 17:00:00,59,41,83,93,276
2024-03-12 17:10:00,61,50,98,105,314
2024-03-12 17:20:00,47,41,73,80,241
2024-03-12 17:30:00,59,52,78,82,271
2024-03-12 17:40:00,41,38,84,89,252
2024-03-12 17:50:00,57,46,84,87,274
2024-03-12 18:00:00,49,36,76,81,242
2024-03-12 18:10:00,47,39,74,88,248
2024-03-12 18:20:00,43,29,62,71,205
2024-03-12 18:30:00,29,30,42,52,153
2024-03-12 18:40:00,39,37,39,43,158
2024-03-12 18:50:00,29,26,33,46,134
2024-03-12 19:00:00,24,26,40,54,144
2024-03-12 19:10:00,34,39,39,52,164
2024-03-12 19:20:00,29,33,38,47,147
2024-03-12 19:30:00,30,31,44,48,153
2024-03-12 19:40:00,43,46,48,58,195
2024-03-12 19:50:00,29,28,41,45,143
2024-03-12 20:00:00,21,26,28,38,113
2024-03-12 20:10:00,27,28,27,34,116
2024-03-12 20:20:00,21,29,40,48,138
2024-03-12 20:30:00,24,21,21,27,93
2024-03-12 20:40:00,21,12,28,33,94
2024-03-12 20:50:00,21,16,16,25,78
2024-03-12 21:00:00,27,28,21,18,94
2024-03-12 21:10:00,36,27,23,27,113
2024-03-12 21:20:00,26,21,17,22,86
2024-03-12 21:30:00,23,17,12,18,70
2024-03-12 21:40:00,16,12,20,25,73
2024-03-12 21:50:00,16,13,18,24,71
2024-03-12 22:00:00,17,10,16,29,72
2024-03-12 22:10:00,19,13,23,27,82
2024-03-12 22:20:00,19,13,19,27,78
2024-03-12 22:30:00,9,7,15,16,47
2024-03-12 22:40:00,14,11,17,17,59
2024-03-12 22:50:00,8,6,11,14,39
2024-03-12 23:00:00,18,12,14,15,59
2024-03-12 23:10:00,13,12,14,15,54
2024-03-12 23:20:00,8,5,15,14,42
2024-03-12 23:30:00,9,7,8,12,36
2024-03-12 23:40:00,7,6,8,9,30
2024-03-12 23:50:00,10,7,9,10,36
2024-03-13 00:00:00,5,5,11,10,31
2024-03-13 00:10:00,6,8,10,9,33
2024-03-13 00:20:00,9,7,6,6,28
2024-03-13 00:30:00,3,3,5,5,16
2024-03-13 00:40:00,2,2,8,8,20
2024-03-13 00:50:00,2,2,2,2,8
2024-03-13 01:00:00,4,4,5,4,17
2024-03-13 01:10:00,2,2,3,3,10
2024-03-13 01:20:00,0,0,6,3,9
2024-03-13 01:30:00,2,2,3,3,10
2024-03-13 01:40:00,3,3,2,2,10
2024-03-13 01:50:00,0,0,3,3,6
2024-03-13 02:00:00,2,1,6,6,15
2024-03-13 02:10:00,3,2,5,5,15
2024-03-13 02:20:00,1,0,4,4,9
2024-03-13 02:30:00,3,2,4,4,13
2024-03-13 02:40:00,1,2,6,5,14
2024-03-13 02:50:00,2,2,1,2,7
2024-03-13 03:00:00,2,2,0,1,5
2024-03-13 03:10:00,2,2,4,5,13
2024-03-13 03:20:00,3,3,1,2,9
2024-03-13 03:30:00,0,0,5,3,8
2024-03-13 03:40:00,1,1,4,4,10
2024-03-13 03:50:00,3,3,1,2,9
2024-03-13 04:00:00,5,4,4,5,18
2024-03-13 04:10:00,3,2,5,6,16
2024-03-13 04:20:00,10,8,4,5,27
2024-03-13 04:30:00,2,2,6,6,16
2024-03-13 04:40:00,5,5,2,2,14
2024-03-13 04:50:00,5,7,1,1,14
2024-03-13 05:00:00,6,7,7,5,25
2024-03-13 05:10:00,9,5,6,7,27
2024-03-13 05:20:00,11,9,13,13,46
2024-03-13 05:30:00,14,18,13,20,65
2024-03-13 05:40:00,18,22,21,24,85
2024-03-13 05:50:00,25,24,24,26,99
2024-03-13 06:00:00,19,17,20,25,81
2024-03-13 06:10:00,37,33,20,26,116
2024-03-13 06:20:00,37,34,32,41,144
2024-03-13 06:30:00,38,29,30,42,139
2024-03-13 06:40:00,28,22,39,47,136
2024-03-13 06:50:00,41,26,40,51,158
2024-03-13 07:00:00,48,34,40,46,168
2024-03-13 07:10:00,48,36,57,64,205
2024-03-13 07:20:00,33,29,79,85,226
2024-03-13 07:30:00,43,37,71,85,236
2024-03-13 07:40:00,34,32,66,76,208
2024-03-13 07:50:00,44,36,74,85,239
2024-03-13 08:00:00,44,40,61,67,212
2024-03-13 08:10:00,39,38,68,73,218
2024-03-13 08:20:00,54,42,77,87,260
2024-03-13 08:30:00,46,32,71,79,228
2024-03-13 08:40:00,49,36,68,74,227
2024-03-13 08:50:00,41,37,68,72,218
2024-03-13 09:00:00,37,33,60,65,195
2024-03-13 09:10:00,42,33,60,63,198
2024-03-13 09:20:00,36,30,53,56,175
2024-03-13 09:30:00,50,42,50,62,204
2024-03-13 09:40:00,29,27,54,64,174
2024-03-13 09:50:00,39,33,36,37,145
2024-03-13 10:00:00,34,31,58,64,187
2024-03-13 10:10:00,28,23,64,70,185
2024-03-13 10:20:00,38,31,54,58,181
2024-03-13 10:30:00,41,33,54,60,188
2024-03-13 10:40:00,42,28,60,73,203
2024-03-13 10:50:00,24,22,57,59,162
2024-03-13 11:00:00,40,32,49,51,172
2024-03-13 11:10:00,36,31,57,66,190
2024-03-13 11:20:00,28,26,53,58,165
2024-03-13 11:30:00,43,34,47,45,169
2024-03-13 11:40:00,37,30,48,50,165
2024-03-13 11:50:00,40,38,47,51,176
2024-03-13 12:00:00,54,49,51,54,208
2024-03-13 12:10:00,47,39,49,56,191
2024-03-13 12:20:00,51,44,61,63,219
2024-03-13 12:30:00,38,37,63,68,206
2024-03-13 12:40:00,52,44,61,61,218
2024-03-13 12:50:00,48,41,51,54,194
2024-03-13 13:00:00,43,34,57,60,194
2024-03-13 13:10:00,43,33,57,64,197
2024-03-13 13:20:00,49,44,53,55,201
2024-03-13 13:30:00,39,37,56,64,196
2024-03-13 13:40:00,58,47,58,63,226
2024-03-13 13:50:00,35,30,67,72,204
2024-03-13 14:00:00,57,33,68,77,235
2024-03-13 14:10:00,46,37,71,77,231
2024-03-13 14:20:00,47,43,58,62,210
2024-03-13 14:30:00,54,36,76,83,249
2024-03-13 14:40:00,48,39,50,57,194
2024-03-13 14:50:00,51,41,82,91,265
2024-03-13 15:00:00,44,37,73,83,237
2024-03-13 15:10:00,57,50,77,83,267
2024-03-13 15:20:00,48,39,76,86,249
2024-03-13 15:30:00,46,38,69,87,240
2024-03-13 15:40:00,43,36,70,81,230
2024-03-13 15:50:00,65,45,75,89,274
2024-03-13 16:00:00,49,31,79,89,248
2024-03-13 16:10:00,45,34,68,78,225
2024-03-13 16:20:00,88,53,49,64,254
2024-03-13 16:30:00,58,24,79,96,257
2024-03-13 16:40:00,61,50,79,82,272
2024-03-13 16:50:00,66,54,70,82,272
2024-03-13 17:00:00,34,29,80,97,240
2024-03-13 17:10:00,57,45,76,92,270
2024-03-13 17:20:00,49,43,75,81,248
2024-03-13 17:30:00,55,48,81,83,267
2024-03-13 17:40:00,52,42,65,88,247
2024-03-13 17:50:00,43,38,77,92,250
2024-03-13 18:00:00,50,43,74,96,263
2024-03-13 18:10:00,57,50,77,83,267
2024-03-13 18:20:00,46,37,48,54,185
2024-03-13 18:30:00,45,51,43,46,185
2024-03-13 18:40:00,44,49,43,50,186
2024-03-13 18:50:00,46,49,40,45,180
2024-03-13 19:00:00,28,34,63,68,193
2024-03-13 19:10:00,26,33,43,56,158
2024-03-13 19:20:00,37,41,47,50,175
2024-03-13 19:30:00,33,38,43,53,167
2024-03-13 19:40:00,31,30,31,40,132
2024-03-13 19:50:00,20,18,56,65,159
2024-03-13 20:00:00,21,25,47,45,138
2024-03-13 20:10:00,18,17,40,47,122
2024-03-13 20:20:00,32,43,27,34,136
2024-03-13 20:30:00,24,26,28,30,108
2024-03-13 20:40:00,29,40,17,25,111
2024-03-13 20:50:00,11,12,29,34,86
2024-03-13 21:00:00,23,25,35,46,129
2024-03-13 21:10:00,27,31,22,33,113
2024-03-13 21:20:00,37,41,28,32,138
2024-03-13 21:30:00,23,28,35,39,125
2024-03-13 21:40:00,32,40,24,30,126
2024-03-13 21:50:00,22,22,27,25,96
2024-03-13 22:00:00,23,31,36,41,131
2024-03-13 22:10:00,19,18,16,25,78
2024-03-13 22:20:00,19,22,30,37,108
2024-03-13 22:30:00,20,21,29,28,98
2024-03-13 22:40:00,19,29,21,24,93
2024-03-13 22:50:00,14,18,23,23,78
2024-03-13 23:00:00,10,11,17,23,61
2024-03-13 23:10:00,8,8,17,20,53
2024-03-13 23:20:00,16,16,15,19,66
2024-03-13 23:30:00,8,11,9,10,38
2024-03-13 23:40:00,3,3,12,13,31
2024-03-13 23:50:00,9,8,7,8,32
2024-03-14 00:00:00,9,7,11,10,37
2024-03-14 00:10:00,3,3,6,6,18
2024-03-14 00:20:00,3,3,9,7,22
2024-03-14 00:30:00,4,4,8,14,30
2024-03-14 00:40:00,1,2,7,6,16
2024-03-14 00:50:00,5,6,6,6,23
2024-03-14 01:00:00,7,11,8,8,34
2024-03-14 01:10:00,4,4,5,6,19
2024-03-14 01:20:00,3,4,10,11,28
2024-03-14 01:30:00,2,3,5,4,14
2024-03-14 01:40:00,2,2,6,7,17
2024-03-14 01:50:00,1,1,4,4,10
2024-03-14 02:00:00,3,3,3,2,11
2024-03-14 02:10:00,4,5,3,3,15
2024-03-14 02:20:00,3,3,2,2,10
2024-03-14 02:30:00,3,3,4,4,14
2024-03-14 02:40:00,4,3,3,3,13
2024-03-14 02:50:00,4,6,3,5,18
2024-03-14 03:00:00,2,2,2,2,8
2024-03-14 03:10:00,1,1,1,1,4
2024-03-14 03:20:00,3,6,4,4,17
2024-03-14 03:30:00,2,2,1,1,6
2024-03-14 03:40:00,4,6,7,6,23
2024-03-14 03:50:00,4,5,4,4,17
2024-03-14 04:00:00,2,1,2,2,7
2024-03-14 04:10:00,3,5,1,1,10
2024-03-14 04:20:00,9,7,3,3,22
2024-03-14 04:30:00,3,3,4,4,14
2024-03-14 04:40:00,4,5,7,5,21
2024-03-14 04:50:00,6,10,6,4,26
2024-03-14 05:00:00,8,11,4,3,26
2024-03-14 05:10:00,10,11,5,4,30
2024-03-14 05:20:00,10,13,9,10,42
2024-03-14 05:30:00,20,29,17,21,87
2024-03-14 05:40:00,15,21,21,21,78
2024-03-14 05:50:00,28,33,31,27,119
2024-03-14 06:00:00,27,31,35,35,128
2024-03-14 06:10:00,22,26,24,24,96
2024-03-14 06:20:00,32,38,31,33,134
2024-03-14 06:30:00,39,37,32,35,143
2024-03-14 06:40:00,34,30,36,38,138
2024-03-14 06:50:00,47,40,54,57,198
2024-03-14 07:00:00,38,35,45,57,175
2024-03-14 07:10:00,43,28,50,61,182
2024-03-14 07:20:00,39,32,57,68,196
2024-03-14 07:30:00,40,34,95,98,267
2024-03-14 07:40:00,60,45,74,86,265
2024-03-14 07:50:00,42,37,77,88,244
2024-03-14 08:00:00,47,30,64,86,227
2024-03-14 08:10:00,49,34,70,82,235
2024-03-14 08:20:00,24,16,54,57,151
2024-03-14 08:30:00,50,33,64,77,224
2024-03-14 08:40:00,38,31,67,73,209
2024-03-14 08:50:00,39,30,96,99,264
2024-03-14 09:00:00,40,28,62,71,201
2024-03-14 09:10:00,33,25,57,70,185
2024-03-14 09:20:00,33,25,57,67,182
2024-03-14 09:30:00,34,35,61,66,196
2024-03-14 09:40:00,44,42,62,64,212
2024-03-14 09:50:00,39,32,51,56,178
2024-03-14 10:00:00,37,30,47,47,161
2024-03-14 10:10:00,47,39,62,66,214
2024-03-14 10:20:00,38,32,51,56,177
2024-03-14 10:30:00,22,22,73,82,199
2024-03-14 10:40:00,51,45,55,54,205
2024-03-14 10:50:00,44,36,60,60,200
2024-03-14 11:00:00,49,42,54,58,203
2024-03-14 11:10:00,43,43,62,64,212
2024-03-14 11:20:00,37,32,60,64,193
2024-03-14 11:30:00,46,40,52,60,198
2024-03-14 11:40:00,48,41,52,54,195
2024-03-14 11:50:00,35,28,56,66,185
2024-03-14 12:00:00,50,45,71,79,245
2024-03-14 12:10:00,62,55,65,73,255
2024-03-14 12:20:00,37,37,54,58,186
2024-03-14 12:30:00,49,48,55,65,217
2024-03-14 12:40:00,41,27,59,62,189
2024-03-14 12:50:00,46,39,77,84,246
2024-03-14 13:00:00,46,44,52,60,202
2024-03-14 13:10:00,53,52,71,78,254
2024-03-14 13:20:00,45,46,59,66,216
2024-03-14 13:30:00,43,44,59,63,209
2024-03-14 13:40:00,56,49,57,59,221
2024-03-14 13:50:00,49,51,66,74,240
2024-03-14 14:00:00,45,49,50,58,202
2024-03-14 14:10:00,52,51,73,91,267
2024-03-14 14:20:00,43,42,63,72,220
2024-03-14 14:30:00,40,37,54,67,198
2024-03-14 14:40:00,49,42,51,57,199
2024-03-14 14:50:00,54,47,66,74,241
2024-03-14 15:00:00,36,32,88,94,250
2024-03-14 15:10:00,67,62,69,79,277
2024-03-14 15:20:00,51,41,72,93,257
2024-03-14 15:30:00,41,31,80,97,249
2024-03-14 15:40:00,70,47,76,87,280
2024-03-14 15:50:00,52,46,94,106,298
2024-03-14 16:00:00,60,50,72,79,261
2024-03-14 16:10:00,68,58,87,99,312
2024-03-14 16:20:00,67,58,95,105,325
2024-03-14 16:30:00,53,34,74,85,246
2024-03-14 16:40:00,64,55,68,80,267
2024-03-14 16:50:00,48,46,89,99,282
2024-03-14 17:00:00,62,56,68,81,267
2024-03-14 17:10:00,62,46,70,86,264
2024-03-14 17:20:00,48,40,82,94,264
2024-03-14 17:30:00,54,47,63,81,245
2024-03-14 17:40:00,61,50,81,94,286
2024-03-14 17:50:00,67,40,72,82,261
2024-03-14 18:00:00,53,34,64,66,217
2024-03-14 18:10:00,58,44,86,94,282
2024-03-14 18:20:00,56,43,65,83,247
2024-03-14 18:30:00,52,41,65,72,230
2024-03-14 18:40:00,51,47,58,66,222
2024-03-14 18:50:00,33,41,39,45,158
2024-03-14 19:00:00,32,32,44,51,159
2024-03-14 19:10:00,29,30,48,55,162
2024-03-14 19:20:00,35,36,43,51,165
2024-03-14 19:30:00,33,40,37,53,163
2024-03-14 19:40:00,34,39,40,45,158
2024-03-14 19:50:00,36,35,38,49,158
2024-03-14 20:00:00,32,39,40,52,163
2024-03-14 20:10:00,37,41,40,51,169
2024-03-14 20:20:00,30,32,39,44,145
2024-03-14 20:30:00,17,20,28,31,96
2024-03-14 20:40:00,16,21,30,33,100
2024-03-14 20:50:00,25,21,22,27,95
2024-03-14 21:00:00,26,30,24,31,111
2024-03-14 21:10:00,17,21,33,37,108
2024-03-14 21:20:00,31,37,27,29,124
2024-03-14 21:30:00,23,29,47,51,150
2024-03-14 21:40:00,23,35,35,38,131
2024-03-14 21:50:00,22,18,23,29,92
2024-03-14 22:00:00,18,23,33,36,110
2024-03-14 22:10:00,19,27,28,28,102
2024-03-14 22:20:00,20,28,25,28,101
2024-03-14 22:30:00,10,13,23,24,70
2024-03-14 22:40:00,23,25,22,23,93
2024-03-14 22:50:00,21,23,22,27,93
2024-03-14 23:00:00,11,17,16,15,59
2024-03-14 23:10:00,16,19,21,21,77
2024-03-14 23:20:00,14,18,13,17,62
2024-03-14 23:30:00,9,16,13,16,54
2024-03-14 23:40:00,4,5,15,18,42
2024-03-14 23:50:00,7,11,10,15,43
2024-03-15 00:00:00,14,14,19,20,67
2024-03-15 00:10:00,10,8,12,14,44
2024-03-15 00:20:00,9,11,7,8,35
2024-03-15 00:30:00,4,5,12,12,33
2024-03-15 00:40:00,3,4,7,6,20
2024-03-15 00:50:00,8,15,7,8,38
2024-03-15 01:00:00,6,10,8,8,32
2024-03-15 01:10:00,9,14,10,11,44
2024-03-15 01:20:00,4,7,6,6,23
2024-03-15 01:30:00,4,7,6,6,23
2024-03-15 01:40:00,3,4,3,4,14
2024-03-15 01:50:00,2,5,3,4,14
2024-03-15 02:00:00,2,2,3,3,10
2024-03-15 02:10:00,1,1,3,3,8
2024-03-15 02:20:00,3,3,5,5,16
2024-03-15 02:30:00,3,2,2,3,10
2024-03-15 02:40:00,4,4,4,5,17
2024-03-15 02:50:00,3,3,3,2,11
2024-03-15 03:00:00,2,3,1,1,7
2024-03-15 03:10:00,1,1,6,5,13
2024-03-15 03:20:00,0,0,1,3,4
2024-03-15 03:30:00,4,5,2,2,13
2024-03-15 03:40:00,0,0,7,4,11
2024-03-15 03:50:00,5,7,0,0,12
2024-03-15 04:00:00,11,11,2,3,27
2024-03-15 04:10:00,2,2,3,2,9
2024-03-15 04:20:00,7,7,6,5,25
2024-03-15 04:30:00,1,1,7,8,17
2024-03-15 04:40:00,7,8,9,10,34
2024-03-15 04:50:00,4,5,2,2,13
2024-03-15 05:00:00,13,17,5,6,41
2024-03-15 05:10:00,11,12,9,7,39
2024-03-15 05:20:00,5,8,16,15,44
2024-03-15 05:30:00,14,18,20,17,69
2024-03-15 05:40:00,17,26,26,28,97
2024-03-15 05:50:00,15,16,18,21,70
2024-03-15 06:00:00,16,20,31,31,98
2024-03-15 06:10:00,21,25,27,28,101
2024-03-15 06:20:00,38,38,37,35,148
2024-03-15 06:30:00,43,33,31,31,138
2024-03-15 06:40:00,25,21,31,41,118
2024-03-15 06:50:00,40,35,41,49,165
2024-03-15 07:00:00,36,34,55,61,186
2024-03-15 07:10:00,38,38,54,63,193
2024-03-15 07:20:00,23,24,56,63,166
2024-03-15 07:30:00,36,27,64,71,198
2024-03-15 07:40:00,48,43,83,102,276
2024-03-15 07:50:00,39,36,54,62,191
2024-03-15 08:00:00,31,28,70,80,209
2024-03-15 08:10:00,38,31,50,57,176
2024-03-15 08:20:00,40,28,64,77,209
2024-03-15 08:30:00,31,30,55,64,180
2024-03-15 08:40:00,32,32,55,66,185
2024-03-15 08:50:00,41,39,55,63,198
2024-03-15 09:00:00,39,36,55,57,187
2024-03-15 09:10:00,25,24,46,51,146
2024-03-15 09:20:00,39,34,61,66,200
2024-03-15 09:30:00,28,21,60,65,174
2024-03-15 09:40:00,53,44,55,61,213
2024-03-15 09:50:00,46,35,69,72,222
2024-03-15 10:00:00,53,49,73,76,251
2024-03-15 10:10:00,17,16,52,60,145
2024-03-15 10:20:00,34,30,47,51,162
2024-03-15 10:30:00,47,39,63,65,214
2024-03-15 10:40:00,34,29,73,75,211
2024-03-15 10:50:00,36,33,61,69,199
2024-03-15 11:00:00,30,22,46,50,148
2024-03-15 11:10:00,41,37,60,66,204
2024-03-15 11:20:00,42,34,66,75,217
2024-03-15 11:30:00,42,32,49,53,176
2024-03-15 11:40:00,56,37,66,71,230
2024-03-15 11:50:00,52,41,64,66,223
2024-03-15 12:00:00,45,32,46,61,184
2024-03-15 12:10:00,66,44,74,81,265
2024-03-15 12:20:00,53,41,73,87,254
2024-03-15 12:30:00,42,36,59,61,198
2024-03-15 12:40:00,53,40,85,97,275
2024-03-15 12:50:00,43,33,63,66,205
2024-03-15 13:00:00,47,41,63,66,217
2024-03-15 13:10:00,69,59,57,73,258
2024-03-15 13:20:00,58,49,79,83,269
2024-03-15 13:30:00,54,42,76,83,255
2024-03-15 13:40:00,48,40,67,70,225
2024-03-15 13:50:00,44,39,52,56,191
2024-03-15 14:00:00,41,41,64,55,201
2024-03-15 14:10:00,55,44,68,43,210
2024-03-15 14:20:00,67,51,66,74,258
2024-03-15 14:30:00,72,50,81,97,300
2024-03-15 14:40:00,74,55,65,73,267
2024-03-15 14:50:00,55,48,70,79,252
2024-03-15 15:00:00,52,42,77,88,259
2024-03-15 15:10:00,45,36,69,79,229
2024-03-15 15:20:00,44,33,69,97,243
2024-03-15 15:30:00,53,44,72,81,250
2024-03-15 15:40:00,59,45,69,80,253
2024-03-15 15:50:00,55,49,67,79,250
2024-03-15 16:00:00,48,38,55,57,198
2024-03-15 16:10:00,45,36,73,86,240
2024-03-15 16:20:00,51,42,73,78,244
2024-03-15 16:30:00,59,47,73,81,260
2024-03-15 16:40:00,56,47,63,70,236
2024-03-15 16:50:00,34,38,55,61,188
2024-03-15 17:00:00,60,48,63,74,245
2024-03-15 17:10:00,54,48,71,83,256
2024-03-15 17:20:00,53,45,68,80,246
2024-03-15 17:30:00,27,23,75,84,209
2024-03-15 17:40:00,56,36,57,64,213
2024-03-15 17:50:00,48,42,77,88,255
2024-03-15 18:00:00,54,44,58,67,223
2024-03-15 18:10:00,48,34,57,69,208
2024-03-15 18:20:00,48,39,65,78,230
2024-03-15 18:30:00,40,31,85,100,256
2024-03-15 18:40:00,58,56,60,63,237
2024-03-15 18:50:00,33,48,44,47,172
2024-03-15 19:00:00,34,32,47,60,173
2024-03-15 19:10:00,32,31,28,37,128
2024-03-15 19:20:00,40,37,25,32,134
2024-03-15 19:30:00,43,35,27,48,153
2024-03-15 19:40:00,40,32,40,57,169
2024-03-15 19:50:00,29,26,34,59,148
2024-03-15 20:00:00,41,32,44,57,174
2024-03-15 20:10:00,27,29,34,54,144
2024-03-15 20:20:00,28,19,23,45,115
2024-03-15 20:30:00,27,20,19,32,98
2024-03-15 20:40:00,32,31,19,24,106
2024-03-15 20:50:00,30,24,40,51,145
2024-03-15 21:00:00,25,23,28,38,114
2024-03-15 21:10:00,25,23,29,37,114
2024-03-15 21:20:00,29,24,19,31,103
2024-03-15 21:30:00,27,25,40,51,143
2024-03-15 21:40:00,25,23,24,30,102
2024-03-15 21:50:00,41,35,34,37,147
2024-03-15 22:00:00,14,18,28,34,94
2024-03-15 22:10:00,15,15,23,27,80
2024-03-15 22:20:00,18,15,22,32,87
2024-03-15 22:30:00,15,14,29,37,95
2024-03-15 22:40:00,20,18,27,35,100
2024-03-15 22:50:00,22,22,27,33,104
2024-03-15 23:00:00,17,20,20,29,86
2024-03-15 23:10:00,23,28,19,22,92
2024-03-15 23:20:00,16,19,16,16,67
2024-03-15 23:30:00,12,13,14,17,56
2024-03-15 23:40:00,8,8,12,16,44
2024-03-15 23:50:00,20,23,11,18,72
2024-03-16 00:00:00,22,29,27,30,108
2024-03-16 00:10:00,10,9,20,21,60
2024-03-16 00:20:00,14,22,17,20,73
2024-03-16 00:30:00,13,17,17,17,64
2024-03-16 00:40:00,8,9,11,14,42
2024-03-16 00:50:00,14,17,13,13,57
2024-03-16 01:00:00,14,16,10,9,49
2024-03-16 01:10:00,10,7,8,10,35
2024-03-16 01:20:00,4,7,11,11,33
2024-03-16 01:30:00,5,4,7,9,25
2024-03-16 01:40:00,2,4,9,8,23
2024-03-16 01:50:00,10,14,7,7,38
2024-03-16 02:00:00,3,4,4,4,15
2024-03-16 02:10:00,7,9,11,13,40
2024-03-16 02:20:00,9,11,6,7,33
2024-03-16 02:30:00,11,9,10,10,40
2024-03-16 02:40:00,7,11,6,7,31
2024-03-16 02:50:00,5,3,2,2,12
2024-03-16 03:00:00,8,9,13,11,41
2024-03-16 03:10:00,10,9,5,6,30
2024-03-16 03:20:00,6,7,8,9,30
2024-03-16 03:30:00,7,4,11,11,33
2024-03-16 03:40:00,5,5,12,9,31
2024-03-16 03:50:00,8,8,6,6,28
2024-03-16 04:00:00,5,4,9,8,26
2024-03-16 04:10:00,5,4,10,7,26
2024-03-16 04:20:00,7,5,8,8,28
2024-03-16 04:30:00,3,5,6,6,20
2024-03-16 04:40:00,4,4,5,6,19
2024-03-16 04:50:00,2,3,2,2,9
2024-03-16 05:00:00,10,10,8,8,36
2024-03-16 05:10:00,5,5,11,11,32
2024-03-16 05:20:00,6,7,12,13,38
2024-03-16 05:30:00,4,4,12,13,33
2024-03-16 05:40:00,4,4,8,9,25
2024-03-16 05:50:00,3,4,12,10,29
2024-03-16 06:00:00,3,3,10,11,27
2024-03-16 06:10:00,8,10,9,10,37
2024-03-16 06:20:00,12,9,20,22,63
2024-03-16 06:30:00,7,7,11,13,38
2024-03-16 06:40:00,7,7,6,5,25
2024-03-16 06:50:00,6,5,6,6,23
2024-03-16 07:00:00,7,6,9,9,31
2024-03-16 07:10:00,5,5,10,11,31
2024-03-16 07:20:00,8,7,8,10,33
2024-03-16 07:30:00,13,12,14,15,54
2024-03-16 07:40:00,12,10,17,19,58
2024-03-16 07:50:00,10,8,15,15,48
2024-03-16 08:00:00,9,6,12,11,38
2024-03-16 08:10:00,12,10,13,15,50
2024-03-16 08:20:00,16,15,17,18,66
2024-03-16 08:30:00,18,16,21,23,78
2024-03-16 08:40:00,16,14,19,20,69
2024-03-16 08:50:00,15,13,26,29,83
2024-03-16 09:00:00,11,9,26,26,72
2024-03-16 09:10:00,15,15,17,21,68
2024-03-16 09:20:00,19,21,27,28,95
2024-03-16 09:30:00,27,21,34,37,119
2024-03-16 09:40:00,23,17,49,54,143
2024-03-16 09:50:00,23,22,41,45,131
2024-03-16 10:00:00,22,21,44,47,134
2024-03-16 10:10:00,18,12,53,55,138
2024-03-16 10:20:00,14,13,48,51,126
2024-03-16 10:30:00,36,33,51,53,173
2024-03-16 10:40:00,21,19,36,44,120
2024-03-16 10:50:00,29,24,55,60,168
2024-03-16 11:00:00,31,30,48,55,164
2024-03-16 11:10:00,34,33,51,52,170
2024-03-16 11:20:00,28,22,48,48,146
2024-03-16 11:30:00,34,30,50,52,166
2024-03-16 11:40:00,34,26,69,75,204
2024-03-16 11:50:00,39,35,54,56,184
2024-03-16 12:00:00,48,47,57,59,211
2024-03-16 12:10:00,37,31,57,62,187
2024-03-16 12:20:00,24,20,57,65,166
2024-03-16 12:30:00,27,30,69,79,205
2024-03-16 12:40:00,34,31,69,82,216
2024-03-16 12:50:00,26,23,62,65,176
2024-03-16 13:00:00,38,36,63,71,208
2024-03-16 13:10:00,40,36,64,69,209
2024-03-16 13:20:00,39,34,55,57,185
2024-03-16 13:30:00,41,30,62,66,199
2024-03-16 13:40:00,28,24,78,82,212
2024-03-16 13:50:00,30,31,65,64,190
2024-03-16 14:00:00,37,34,70,80,221
2024-03-16 14:10:00,32,28,73,78,211
2024-03-16 14:20:00,59,30,51,50,190
2024-03-16 14:30:00,45,41,64,66,216
2024-03-16 14:40:00,32,25,69,74,200
2024-03-16 14:50:00,37,30,65,68,200
2024-03-16 15:00:00,31,30,62,66,189
2024-03-16 15:10:00,39,37,50,56,182
2024-03-16 15:20:00,35,29,43,47,154
2024-03-16 15:30:00,37,31,51,53,172
2024-03-16 15:40:00,41,36,46,49,172
2024-03-16 15:50:00,30,30,56,58,174
2024-03-16 16:00:00,35,32,51,51,169
2024-03-16 16:10:00,26,26,44,46,142
2024-03-16 16:20:00,32,32,69,73,206
2024-03-16 16:30:00,39,34,54,58,185
2024-03-16 16:40:00,40,32,48,54,174
2024-03-16 16:50:00,37,38,56,61,192
2024-03-16 17:00:00,42,40,47,49,178
2024-03-16 17:10:00,28,25,48,49,150
2024-03-16 17:20:00,34,35,43,49,161
2024-03-16 17:30:00,34,26,50,54,164
2024-03-16 17:40:00,40,39,47,53,179
2024-03-16 17:50:00,42,37,52,55,186
2024-03-16 18:00:00,46,45,48,52,191
2024-03-16 18:10:00,42,36,52,54,184
2024-03-16 18:20:00,32,30,57,60,179
2024-03-16 18:30:00,42,36,53,55,186
2024-03-16 18:40:00,45,39,42,52,178
2024-03-16 18:50:00,34,31,45,55,165
2024-03-16 19:00:00,30,31,38,41,140
2024-03-16 19:10:00,21,26,26,32,105
2024-03-16 19:20:00,25,28,41,49,143
2024-03-16 19:30:00,16,17,48,55,136
2024-03-16 19:40:00,21,25,28,38,112
2024-03-16 19:50:00,22,23,29,39,113
2024-03-16 20:00:00,42,41,55,63,201
2024-03-16 20:10:00,28,30,35,42,135
2024-03-16 20:20:00,21,25,30,36,112
2024-03-16 20:30:00,15,17,35,37,104
2024-03-16 20:40:00,18,23,20,24,85
2024-03-16 20:50:00,17,20,23,33,93
2024-03-16 21:00:00,20,26,23,31,100
2024-03-16 21:10:00,23,25,19,24,91
2024-03-16 21:20:00,24,28,26,34,112
2024-03-16 21:30:00,20,24,23,24,91
2024-03-16 21:40:00,33,40,30,38,141
2024-03-16 21:50:00,31,41,37,38,147
2024-03-16 22:00:00,18,20,32,39,109
2024-03-16 22:10:00,20,27,20,29,96
2024-03-16 22:20:00,24,25,31,33,113
2024-03-16 22:30:00,21,22,27,37,107
2024-03-16 22:40:00,30,28,24,29,111
2024-03-16 22:50:00,16,19,23,23,81
2024-03-16 23:00:00,15,14,26,32,87
2024-03-16 23:10:00,15,20,18,19,72
2024-03-16 23:20:00,19,15,18,20,72
2024-03-16 23:30:00,12,14,29,32,87
2024-03-16 23:40:00,11,15,13,20,59
2024-03-16 23:50:00,12,16,16,18,62
2024-03-17 00:00:00,5,6,18,29,58
2024-03-17 00:10:00,12,14,16,19,61
2024-03-17 00:20:00,11,15,12,23,61
2024-03-17 00:30:00,18,20,21,24,83
2024-03-17 00:40:00,17,17,14,21,69
2024-03-17 00:50:00,10,11,11,14,46
2024-03-17 01:00:00,13,17,8,9,47
2024-03-17 01:10:00,10,15,11,12,48
2024-03-17 01:20:00,6,9,12,13,40
2024-03-17 01:30:00,9,8,21,26,64
2024-03-17 01:40:00,5,5,11,11,32
2024-03-17 01:50:00,7,7,5,8,27
2024-03-17 02:00:00,4,5,4,4,17
2024-03-17 02:10:00,11,12,7,7,37
2024-03-17 02:20:00,6,5,8,8,27
2024-03-17 02:30:00,9,9,10,13,41
2024-03-17 02:40:00,2,4,8,8,22
2024-03-17 02:50:00,0,0,7,8,15
2024-03-17 03:00:00,7,10,10,11,38
2024-03-17 03:10:00,5,6,5,4,20
2024-03-17 03:20:00,8,7,6,5,26
2024-03-17 03:30:00,6,8,7,8,29
2024-03-17 03:40:00,2,2,2,13,19
2024-03-17 03:50:00,3,5,4,4,16
2024-03-17 04:00:00,4,8,4,5,21
2024-03-17 04:10:00,1,0,3,3,7
2024-03-17 04:20:00,4,6,7,6,23
2024-03-17 04:30:00,1,1,2,2,6
2024-03-17 04:40:00,1,2,10,7,20
2024-03-17 04:50:00,4,5,5,5,19
2024-03-17 05:00:00,8,11,1,1,21
2024-03-17 05:10:00,9,9,4,5,27
2024-03-17 05:20:00,3,4,9,9,25
2024-03-17 05:30:00,8,11,13,14,46
2024-03-17 05:40:00,6,6,19,20,51
2024-03-17 05:50:00,4,4,7,7,22
2024-03-17 06:00:00,8,8,13,14,43
2024-03-17 06:10:00,2,3,9,7,21
2024-03-17 06:20:00,7,6,3,3,19
2024-03-17 06:30:00,8,8,9,10,35
2024-03-17 06:40:00,10,8,6,6,30
2024-03-17 06:50:00,7,6,2,2,17
2024-03-17 07:00:00,7,7,4,4,22
2024-03-17 07:10:00,3,3,4,4,14
2024-03-17 07:20:00,3,3,12,12,30
2024-03-17 07:30:00,2,1,14,15,32
2024-03-17 07:40:00,4,3,13,13,33
2024-03-17 07:50:00,6,5,5,5,21
2024-03-17 08:00:00,3,3,12,12,30
2024-03-17 08:10:00,7,7,6,6,26
2024-03-17 08:20:00,7,7,7,7,28
2024-03-17 08:30:00,9,8,10,12,39
2024-03-17 08:40:00,15,13,10,11,49
2024-03-17 08:50:00,13,14,16,14,57
2024-03-17 09:00:00,13,11,12,12,48
2024-03-17 09:10:00,12,11,10,10,43
2024-03-17 09:20:00,10,10,16,16,52
2024-03-17 09:30:00,9,8,33,36,86
2024-03-17 09:40:00,18,16,28,29,91
2024-03-17 09:50:00,12,10,21,25,68
2024-03-17 10:00:00,12,12,24,25,73
2024-03-17 10:10:00,18,17,22,23,80
2024-03-17 10:20:00,41,20,23,43,127
2024-03-17 10:30:00,13,13,29,30,85
2024-03-17 10:40:00,13,12,21,26,72
2024-03-17 10:50:00,12,11,39,41,103
2024-03-17 11:00:00,26,21,38,40,125
2024-03-17 11:10:00,26,26,32,37,121
2024-03-17 11:20:00,26,22,29,31,108
2024-03-17 11:30:00,27,27,47,49,150
2024-03-17 11:40:00,25,23,36,36,120
2024-03-17 11:50:00,26,22,48,53,149
2024-03-17 12:00:00,33,29,49,55,166
2024-03-17 12:10:00,34,25,46,50,155
2024-03-17 12:20:00,45,38,53,60,196
2024-03-17 12:30:00,43,41,56,58,198
2024-03-17 12:40:00,49,40,48,48,185
2024-03-17 12:50:00,35,29,50,54,168
2024-03-17 13:00:00,39,31,40,51,161
2024-03-17 13:10:00,37,30,44,41,152
2024-03-17 13:20:00,33,30,31,35,129
2024-03-17 13:30:00,28,26,50,56,160
2024-03-17 13:40:00,24,21,37,45,127
2024-03-17 13:50:00,40,33,55,60,188
2024-03-17 14:00:00,49,38,43,57,187
2024-03-17 14:10:00,37,29,48,48,162
2024-03-17 14:20:00,32,30,49,60,171
2024-03-17 14:30:00,30,24,48,58,160
2024-03-17 14:40:00,34,34,51,55,174
2024-03-17 14:50:00,37,31,44,44,156
2024-03-17 15:00:00,31,26,58,67,182
2024-03-17 15:10:00,23,19,42,40,124
2024-03-17 15:20:00,40,37,49,53,179
2024-03-17 15:30:00,36,30,58,60,184
2024-03-17 15:40:00,31,27,42,48,148
2024-03-17 15:50:00,41,37,45,47,170
2024-03-17 16:00:00,37,35,43,49,164
2024-03-17 16:10:00,41,37,30,34,142
2024-03-17 16:20:00,41,41,56,62,200
2024-03-17 16:30:00,40,35,48,52,175
2024-03-17 16:40:00,40,36,49,53,178
2024-03-17 16:50:00,38,38,45,53,174
2024-03-17 17:00:00,38,36,38,46,158
2024-03-17 17:10:00,47,43,40,43,173
2024-03-17 17:20:00,43,36,39,41,159
2024-03-17 17:30:00,38,33,46,53,170
2024-03-17 17:40:00,31,26,54,62,173
2024-03-17 17:50:00,49,43,43,48,183
2024-03-17 18:00:00,39,38,46,47,170
2024-03-17 18:10:00,58,43,56,59,216
2024-03-17 18:20:00,42,32,43,43,160
2024-03-17 18:30:00,32,27,44,45,148
2024-03-17 18:40:00,21,25,36,35,117
2024-03-17 18:50:00,35,37,39,51,162
2024-03-17 19:00:00,24,35,21,28,108
2024-03-17 19:10:00,36,28,35,52,151
2024-03-17 19:20:00,37,41,31,38,147
2024-03-17 19:30:00,19,20,42,43,124
2024-03-17 19:40:00,27,27,34,41,129
2024-03-17 19:50:00,29,36,49,53,167
2024-03-17 20:00:00,26,33,37,42,138
2024-03-17 20:10:00,28,30,40,45,143
2024-03-17 20:20:00,23,24,22,31,100
2024-03-17 20:30:00,31,34,24,27,116
2024-03-17 20:40:00,22,32,25,31,110
2024-03-17 20:50:00,21,30,26,31,108
2024-03-17 21:00:00,35,37,30,36,138
2024-03-17 21:10:00,23,20,23,33,99
2024-03-17 21:20:00,36,42,30,33,141
2024-03-17 21:30:00,22,26,20,26,94
2024-03-17 21:40:00,19,26,17,19,81
2024-03-17 21:50:00,14,17,20,18,69
2024-03-17 22:00:00,21,24,16,17,78
2024-03-17 22:10:00,14,11,18,21,64
2024-03-17 22:20:00,16,17,23,28,84
2024-03-17 22:30:00,9,12,22,24,67
2024-03-17 22:40:00,18,23,11,12,64
2024-03-17 22:50:00,6,4,8,10,28
2024-03-17 23:00:00,14,18,18,18,68
2024-03-17 23:10:00,13,15,14,16,58
2024-03-17 23:20:00,7,5,15,13,40
2024-03-17 23:30:00,8,11,12,12,43
2024-03-17 23:40:00,6,8,9,14,37
2024-03-17 23:50:00,2,3,10,9,24
2024-03-18 00:00:00,3,3,10,11,27
2024-03-18 00:10:00,8,5,4,4,21
2024-03-18 00:20:00,5,7,2,3,17
2024-03-18 00:30:00,2,2,7,8,19
2024-03-18 00:40:00,9,9,4,4,26
2024-03-18 00:50:00,4,4,7,7,22
2024-03-18 01:00:00,6,9,1,1,17
2024-03-18 01:10:00,1,3,6,5,15
2024-03-18 01:20:00,4,5,2,2,13
2024-03-18 01:30:00,2,4,3,4,13
2024-03-18 01:40:00,5,8,2,2,17
2024-03-18 01:50:00,0,0,1,1,2
2024-03-18 02:00:00,1,2,3,6,12
2024-03-18 02:10:00,1,1,1,1,4
2024-03-18 02:20:00,6,4,4,5,19
2024-03-18 02:30:00,1,2,4,4,11
2024-03-18 02:40:00,1,1,0,2,4
2024-03-18 02:50:00,3,4,2,2,11
2024-03-18 03:00:00,6,6,1,1,14
2024-03-18 03:10:00,2,3,0,1,6
2024-03-18 03:20:00,1,1,6,5,13
2024-03-18 03:30:00,0,0,5,5,10
2024-03-18 03:40:00,1,2,6,4,13
2024-03-18 03:50:00,3,3,2,2,10
2024-03-18 04:00:00,0,1,4,3,8
2024-03-18 04:10:00,7,8,5,6,26
2024-03-18 04:20:00,7,7,5,5,24
2024-03-18 04:30:00,3,4,4,4,15
2024-03-18 04:40:00,7,9,6,6,28
2024-03-18 04:50:00,9,11,5,5,30
2024-03-18 05:00:00,18,20,5,4,47
2024-03-18 05:10:00,14,16,22,23,75
2024-03-18 05:20:00,17,14,13,16,60
2024-03-18 05:30:00,20,19,10,23,72
2024-03-18 05:40:00,12,19,23,23,77
2024-03-18 05:50:00,17,20,30,35,102
2024-03-18 06:00:00,25,29,28,27,109
2024-03-18 06:10:00,33,35,28,22,118
2024-03-18 06:20:00,42,46,45,52,185
2024-03-18 06:30:00,44,33,41,47,165
2024-03-18 06:40:00,37,30,33,39,139
2024-03-18 06:50:00,42,34,42,40,158
2024-03-18 07:00:00,54,45,34,41,174
2024-03-18 07:10:00,32,28,61,72,193
2024-03-18 07:20:00,38,31,64,71,204
2024-03-18 07:30:00,49,43,72,90,254
2024-03-18 07:40:00,43,30,67,74,214
2024-03-18 07:50:00,37,32,72,88,229
2024-03-18 08:00:00,54,41,58,79,232
2024-03-18 08:10:00,43,42,64,70,219
2024-03-18 08:20:00,57,50,72,91,270
2024-03-18 08:30:00,40,26,59,72,197
2024-03-18 08:40:00,40,36,60,67,203
2024-03-18 08:50:00,19,21,81,77,198
2024-03-18 09:00:00,20,18,45,47,130
2024-03-18 09:10:00,33,30,61,65,189
2024-03-18 09:20:00,34,29,45,54,162
2024-03-18 09:30:00,40,39,69,82,230
2024-03-18 09:40:00,52,44,75,75,246
2024-03-18 09:50:00,37,29,50,51,167
2024-03-18 10:00:00,37,38,57,56,188
2024-03-18 10:10:00,27,23,65,75,190
2024-03-18 10:20:00,43,41,46,43,173
2024-03-18 10:30:00,37,30,58,62,187
2024-03-18 10:40:00,43,30,35,35,143
2024-03-18 10:50:00,38,34,42,47,161
2024-03-18 11:00:00,42,39,47,51,179
2024-03-18 11:10:00,42,32,54,55,183
2024-03-18 11:20:00,28,23,63,66,180
2024-03-18 11:30:00,39,26,54,60,179
2024-03-18 11:40:00,46,36,50,58,190
2024-03-18 11:50:00,39,33,48,51,171
2024-03-18 12:00:00,76,45,59,70,250
2024-03-18 12:10:00,47,32,65,70,214
2024-03-18 12:20:00,42,39,57,58,196
2024-03-18 12:30:00,37,28,53,56,174
2024-03-18 12:40:00,49,43,68,79,239
2024-03-18 12:50:00,47,37,67,75,226
2024-03-18 13:00:00,51,50,44,48,193
2024-03-18 13:10:00,50,39,53,62,204
2024-03-18 13:20:00,47,41,64,74,226
2024-03-18 13:30:00,37,36,63,67,203
2024-03-18 13:40:00,45,43,57,66,211
2024-03-18 13:50:00,34,29,51,57,171
2024-03-18 14:00:00,33,30,61,69,193
2024-03-18 14:10:00,53,42,59,79,233
2024-03-18 14:20:00,35,31,64,73,203
2024-03-18 14:30:00,51,49,79,83,262
2024-03-18 14:40:00,44,43,70,75,232
2024-03-18 14:50:00,53,47,69,80,249
2024-03-18 15:00:00,53,46,60,75,234
2024-03-18 15:10:00,69,43,69,75,256
2024-03-18 15:20:00,45,38,80,92,255
2024-03-18 15:30:00,50,39,65,78,232
2024-03-18 15:40:00,51,42,81,105,279
2024-03-18 15:50:00,58,48,82,92,280
2024-03-18 16:00:00,67,57,79,85,288
2024-03-18 16:10:00,63,48,71,86,268
2024-03-18 16:20:00,69,58,70,78,275
2024-03-18 16:30:00,66,57,65,76,264
2024-03-18 16:40:00,63,58,74,83,278
2024-03-18 16:50:00,57,53,61,70,241
2024-03-18 17:00:00,63,52,67,76,258
2024-03-18 17:10:00,62,63,71,78,274
2024-03-18 17:20:00,52,45,61,77,235
2024-03-18 17:30:00,54,50,60,70,234
2024-03-18 17:40:00,51,38,84,100,273
2024-03-18 17:50:00,50,46,68,76,240
2024-03-18 18:00:00,48,45,53,70,216
2024-03-18 18:10:00,42,40,52,57,191
2024-03-18 18:20:00,37,39,62,70,208
2024-03-18 18:30:00,33,29,71,76,209
2024-03-18 18:40:00,29,24,41,50,144
2024-03-18 18:50:00,45,55,54,62,216
2024-03-18 19:00:00,27,26,42,52,147
2024-03-18 19:10:00,28,27,31,41,127
2024-03-18 19:20:00,26,31,50,65,172
2024-03-18 19:30:00,26,31,42,55,154
2024-03-18 19:40:00,29,27,29,37,122
2024-03-18 19:50:00,29,36,32,43,140
2024-03-18 20:00:00,23,22,38,49,132
2024-03-18 20:10:00,23,28,28,40,119
2024-03-18 20:20:00,26,22,42,45,135
2024-03-18 20:30:00,21,22,26,28,97
2024-03-18 20:40:00,27,35,23,24,109
2024-03-18 20:50:00,18,19,28,33,98
2024-03-18 21:00:00,22,23,20,23,88
2024-03-18 21:10:00,29,37,16,25,107
2024-03-18 21:20:00,22,22,19,30,93
2024-03-18 21:30:00,22,23,22,29,96
2024-03-18 21:40:00,18,19,20,28,85
2024-03-18 21:50:00,27,24,21,21,93
2024-03-18 22:00:00,20,24,25,30,99
2024-03-18 22:10:00,20,22,15,18,75
2024-03-18 22:20:00,14,18,14,18,64
2024-03-18 22:30:00,15,20,25,29,89
2024-03-18 22:40:00,15,22,20,24,81
2024-03-18 22:50:00,9,11,24,20,64
2024-03-18 23:00:00,14,16,17,15,62
2024-03-18 23:10:00,11,16,17,20,64
2024-03-18 23:20:00,22,20,18,18,78
2024-03-18 23:30:00,9,13,14,17,53
2024-03-18 23:40:00,10,13,15,12,50
2024-03-18 23:50:00,8,10,8,10,36
2024-03-19 00:00:00,6,8,9,11,34
2024-03-19 00:10:00,6,8,8,7,29
2024-03-19 00:20:00,2,4,12,11,29
2024-03-19 00:30:00,3,4,6,6,19
2024-03-19 00:40:00,3,3,9,8,23
2024-03-19 00:50:00,5,7,2,2,16
2024-03-19 01:00:00,6,5,4,4,19
2024-03-19 01:10:00,6,9,4,6,25
2024-03-19 01:20:00,4,5,5,5,19
2024-03-19 01:30:00,1,2,4,4,11
2024-03-19 01:40:00,1,2,7,6,16
2024-03-19 01:50:00,3,5,2,2,12
2024-03-19 02:00:00,1,2,3,3,9
2024-03-19 02:10:00,4,5,4,5,18
2024-03-19 02:20:00,4,5,4,3,16
2024-03-19 02:30:00,0,0,2,2,4
2024-03-19 02:40:00,0,0,0,0,0
2024-03-19 02:50:00,2,3,1,1,7
2024-03-19 03:00:00,1,2,3,3,9
2024-03-19 03:10:00,3,6,1,1,11
2024-03-19 03:20:00,6,7,4,5,22
2024-03-19 03:30:00,1,2,6,5,14
2024-03-19 03:40:00,0,0,5,3,8
2024-03-19 03:50:00,1,2,4,4,11
2024-03-19 04:00:00,1,1,2,2,6
2024-03-19 04:10:00,6,8,6,6,26
2024-03-19 04:20:00,6,8,4,4,22
2024-03-19 04:30:00,4,1,6,3,14
2024-03-19 04:40:00,5,8,6,6,25
2024-03-19 04:50:00,6,9,5,6,26
2024-03-19 05:00:00,10,9,4,4,27
2024-03-19 05:10:00,9,9,6,5,29
2024-03-19 05:20:00,15,15,15,12,57
2024-03-19 05:30:00,18,22,14,14,68
2024-03-19 05:40:00,23,27,20,19,89
2024-03-19 05:50:00,14,17,32,36,99
2024-03-19 06:00:00,20,22,26,25,93
2024-03-19 06:10:00,15,22,38,35,110
2024-03-19 06:20:00,42,38,46,46,172
2024-03-19 06:30:00,37,29,36,42,144
2024-03-19 06:40:00,41,34,42,43,160
2024-03-19 06:50:00,46,42,39,47,174
2024-03-19 07:00:00,34,27,49,56,166
2024-03-19 07:10:00,45,41,56,70,212
2024-03-19 07:20:00,38,34,69,81,222
2024-03-19 07:30:00,32,27,71,79,209
2024-03-19 07:40:00,35,30,64,77,206
2024-03-19 07:50:00,39,30,65,75,209
2024-03-19 08:00:00,52,48,68,77,245
2024-03-19 08:10:00,49,41,68,84,242
2024-03-19 08:20:00,41,30,66,74,211
2024-03-19 08:30:00,42,38,68,79,227
2024-03-19 08:40:00,30,28,65,77,200
2024-03-19 08:50:00,43,44,63,74,224
2024-03-19 09:00:00,41,35,58,59,193
2024-03-19 09:10:00,43,38,47,57,185
2024-03-19 09:20:00,32,32,54,58,176
2024-03-19 09:30:00,43,34,68,78,223
2024-03-19 09:40:00,38,29,71,77,215
2024-03-19 09:50:00,52,37,52,59,200
2024-03-19 10:00:00,41,31,58,70,200
2024-03-19 10:10:00,34,33,45,49,161
2024-03-19 10:20:00,35,33,62,70,200
2024-03-19 10:30:00,29,27,62,66,184
2024-03-19 10:40:00,37,29,44,46,156
2024-03-19 10:50:00,55,32,64,87,238
2024-03-19 11:00:00,41,38,57,64,200
2024-03-19 11:10:00,35,33,57,67,192
2024-03-19 11:20:00,39,31,50,57,177
2024-03-19 11:30:00,48,42,55,60,205
2024-03-19 11:40:00,42,30,52,57,181
2024-03-19 11:50:00,47,40,50,53,190
2024-03-19 12:00:00,39,35,48,51,173
2024-03-19 12:10:00,53,49,52,57,211
2024-03-19 12:20:00,50,37,60,65,212
2024-03-19 12:30:00,37,31,57,66,191
2024-03-19 12:40:00,40,31,47,52,170
2024-03-19 12:50:00,43,38,75,79,235
2024-03-19 13:00:00,40,37,36,39,152
2024-03-19 13:10:00,44,41,58,68,211
2024-03-19 13:20:00,43,45,75,79,242
2024-03-19 13:30:00,39,35,49,57,180
2024-03-19 13:40:00,47,47,45,69,208
2024-03-19 13:50:00,48,45,50,50,193
2024-03-19 14:00:00,46,45,58,66,215
2024-03-19 14:10:00,40,34,63,72,209
2024-03-19 14:20:00,52,47,58,62,219
2024-03-19 14:30:00,65,49,67,190,371
2024-03-19 14:40:00,43,42,82,89,256
2024-03-19 14:50:00,52,46,61,74,233
2024-03-19 15:00:00,30,24,66,69,189
2024-03-19 15:10:00,70,56,74,89,289
2024-03-19 15:20:00,60,56,71,92,279
2024-03-19 15:30:00,69,49,65,90,273
2024-03-19 15:40:00,71,61,66,81,279
2024-03-19 15:50:00,60,47,79,98,284
2024-03-19 16:00:00,52,48,74,83,257
2024-03-19 16:10:00,68,55,69,92,284
2024-03-19 16:20:00,59,57,50,58,224
2024-03-19 16:30:00,61,50,82,95,288
2024-03-19 16:40:00,56,53,68,88,265
2024-03-19 16:50:00,41,37,53,63,194
2024-03-19 17:00:00,77,55,82,112,326
2024-03-19 17:10:00,60,51,85,96,292
2024-03-19 17:20:00,52,45,80,102,279
2024-03-19 17:30:00,44,39,86,120,289
2024-03-19 17:40:00,59,48,58,92,257
2024-03-19 17:50:00,58,54,72,90,274
2024-03-19 18:00:00,40,30,54,85,209
2024-03-19 18:10:00,62,52,80,94,288
2024-03-19 18:20:00,48,43,77,88,256
2024-03-19 18:30:00,45,39,72,80,236
2024-03-19 18:40:00,47,33,65,67,212
2024-03-19 18:50:00,29,28,46,51,154
2024-03-19 19:00:00,47,48,49,56,200
2024-03-19 19:10:00,31,30,50,63,174
2024-03-19 19:20:00,22,32,47,59,160
2024-03-19 19:30:00,26,28,44,47,145
2024-03-19 19:40:00,40,40,43,47,170
2024-03-19 19:50:00,37,45,34,39,155
2024-03-19 20:00:00,34,36,51,56,177
2024-03-19 20:10:00,22,29,45,53,149
2024-03-19 20:20:00,27,26,28,39,120
2024-03-19 20:30:00,24,23,31,27,105
2024-03-19 20:40:00,28,25,46,50,149
2024-03-19 20:50:00,24,34,23,24,105
2024-03-19 21:00:00,23,32,23,35,113
2024-03-19 21:10:00,24,28,38,37,127
2024-03-19 21:20:00,16,21,31,29,97
2024-03-19 21:30:00,30,31,17,22,100
2024-03-19 21:40:00,31,35,28,32,126
2024-03-19 21:50:00,16,18,31,34,99
2024-03-19 22:00:00,30,41,29,35,135
2024-03-19 22:10:00,17,23,23,26,89
2024-03-19 22:20:00,11,16,23,24,74
2024-03-19 22:30:00,15,24,28,27,94
2024-03-19 22:40:00,7,11,28,30,76
2024-03-19 22:50:00,12,18,14,14,58
2024-03-19 23:00:00,16,23,20,23,82
2024-03-19 23:10:00,10,13,13,15,51
2024-03-19 23:20:00,10,11,9,10,40
2024-03-19 23:30:00,6,11,12,13,42
2024-03-19 23:40:00,9,13,7,9,38
2024-03-19 23:50:00,8,9,14,11,42
2024-03-20 00:00:00,6,8,19,14,47
2024-03-20 00:10:00,7,8,2,2,19
2024-03-20 00:20:00,8,10,3,3,24
2024-03-20 00:30:00,5,7,8,8,28
2024-03-20 00:40:00,0,0,12,11,23
2024-03-20 00:50:00,7,8,10,8,33
2024-03-20 01:00:00,3,4,1,1,9
2024-03-20 01:10:00,5,8,4,4,21
2024-03-20 01:20:00,7,8,4,4,23
2024-03-20 01:30:00,1,1,6,6,14
2024-03-20 01:40:00,0,2,5,5,12
2024-03-20 01:50:00,3,6,6,7,22
2024-03-20 02:00:00,4,5,1,1,11
2024-03-20 02:10:00,4,3,8,6,21
2024-03-20 02:20:00,2,2,2,2,8
2024-03-20 02:30:00,0,0,3,3,6
2024-03-20 02:40:00,4,8,3,4,19
2024-03-20 02:50:00,0,0,1,2,3
2024-03-20 03:00:00,3,3,6,6,18
2024-03-20 03:10:00,2,1,4,3,10
2024-03-20 03:20:00,1,1,3,3,8
2024-03-20 03:30:00,0,0,1,3,4
2024-03-20 03:40:00,1,1,3,3,8
2024-03-20 03:50:00,1,1,1,1,4
2024-03-20 04:00:00,2,3,5,3,13
2024-03-20 04:10:00,4,5,3,4,16
2024-03-20 04:20:00,8,8,3,2,21
2024-03-20 04:30:00,4,4,4,2,14
2024-03-20 04:40:00,6,7,9,9,31
2024-03-20 04:50:00,5,6,4,4,19
2024-03-20 05:00:00,11,15,5,5,36
2024-03-20 05:10:00,10,10,9,5,34
2024-03-20 05:20:00,11,12,21,14,58
2024-03-20 05:30:00,15,15,11,14,55
2024-03-20 05:40:00,19,25,22,22,88
2024-03-20 05:50:00,16,16,26,28,86
2024-03-20 06:00:00,23,20,21,27,91
2024-03-20 06:10:00,30,28,33,30,121
2024-03-20 06:20:00,34,30,39,39,142
2024-03-20 06:30:00,46,35,33,37,151
2024-03-20 06:40:00,46,39,50,55,190
2024-03-20 06:50:00,40,32,53,53,178
2024-03-20 07:00:00,40,34,42,52,168
2024-03-20 07:10:00,38,37,60,69,204
2024-03-20 07:20:00,47,43,46,51,187
2024-03-20 07:30:00,47,41,67,72,227
2024-03-20 07:40:00,33,28,78,95,234
2024-03-20 07:50:00,43,40,62,76,221
2024-03-20 08:00:00,44,35,71,83,233
2024-03-20 08:10:00,56,31,76,86,249
2024-03-20 08:20:00,27,23,59,71,180
2024-03-20 08:30:00,48,40,66,80,234
2024-03-20 08:40:00,38,27,61,69,195
2024-03-20 08:50:00,31,28,55,66,180
2024-03-20 09:00:00,49,38,58,66,211
2024-03-20 09:10:00,45,40,55,63,203
2024-03-20 09:20:00,34,25,55,58,172
2024-03-20 09:30:00,41,39,55,67,202
2024-03-20 09:40:00,50,40,65,67,222
2024-03-20 09:50:00,41,37,58,61,197
2024-03-20 10:00:00,47,36,60,67,210
2024-03-20 10:10:00,33,28,54,60,175
2024-03-20 10:20:00,46,36,57,64,203
2024-03-20 10:30:00,44,35,51,68,198
2024-03-20 10:40:00,29,23,59,68,179
2024-03-20 10:50:00,39,37,56,58,190
2024-03-20 11:00:00,40,33,59,72,204
2024-03-20 11:10:00,47,39,74,75,235
2024-03-20 11:20:00,40,38,55,66,199
2024-03-20 11:30:00,42,40,57,64,203
2024-03-20 11:40:00,33,33,58,62,186
2024-03-20 11:50:00,45,42,58,65,210
2024-03-20 12:00:00,45,40,60,65,210
2024-03-20 12:10:00,46,46,57,66,215
2024-03-20 12:20:00,39,38,75,76,228
2024-03-20 12:30:00,46,36,60,60,202
2024-03-20 12:40:00,43,41,57,63,204
2024-03-20 12:50:00,41,36,52,57,186
2024-03-20 13:00:00,49,53,70,81,253
2024-03-20 13:10:00,59,58,70,75,262
2024-03-20 13:20:00,44,41,54,71,210
2024-03-20 13:30:00,33,35,50,58,176
2024-03-20 13:40:00,49,45,51,55,200
2024-03-20 13:50:00,36,33,60,70,199
2024-03-20 14:00:00,48,52,47,62,209
2024-03-20 14:10:00,46,48,61,71,226
2024-03-20 14:20:00,48,42,70,75,235
2024-03-20 14:30:00,52,45,63,70,230
2024-03-20 14:40:00,52,46,78,92,268
2024-03-20 14:50:00,48,47,61,70,226
2024-03-20 15:00:00,50,50,60,74,234
2024-03-20 15:10:00,54,54,56,59,223
2024-03-20 15:20:00,55,51,78,93,277
2024-03-20 15:30:00,61,58,85,106,310
2024-03-20 15:40:00,64,61,58,78,261
2024-03-20 15:50:00,45,42,83,100,270
2024-03-20 16:00:00,51,48,82,89,270
2024-03-20 16:10:00,69,60,71,90,290
2024-03-20 16:20:00,49,49,78,93,269
2024-03-20 16:30:00,55,49,74,93,271
2024-03-20 16:40:00,67,53,79,94,293
2024-03-20 16:50:00,39,38,83,94,254
2024-03-20 17:00:00,58,49,68,86,261
2024-03-20 17:10:00,66,58,65,84,273
2024-03-20 17:20:00,61,49,69,82,261
2024-03-20 17:30:00,44,37,85,105,271
2024-03-20 17:40:00,50,43,76,93,262
2024-03-20 17:50:00,45,40,72,96,253
2024-03-20 18:00:00,68,49,69,75,261
2024-03-20 18:10:00,54,42,79,90,265
2024-03-20 18:20:00,45,39,69,77,230
2024-03-20 18:30:00,51,35,68,82,236
2024-03-20 18:40:00,46,42,65,66,219
2024-03-20 18:50:00,43,36,55,69,203
2024-03-20 19:00:00,29,35,42,56,162
2024-03-20 19:10:00,34,36,48,55,173
2024-03-20 19:20:00,29,29,37,50,145
2024-03-20 19:30:00,28,32,28,33,121
2024-03-20 19:40:00,45,46,42,55,188
2024-03-20 19:50:00,35,36,35,41,147
2024-03-20 20:00:00,33,35,40,51,159
2024-03-20 20:10:00,26,27,37,54,144
2024-03-20 20:20:00,26,26,38,45,135
2024-03-20 20:30:00,35,27,29,35,126
2024-03-20 20:40:00,28,30,25,32,115
2024-03-20 20:50:00,32,38,24,26,120
2024-03-20 21:00:00,25,26,20,25,96
2024-03-20 21:10:00,29,29,28,31,117
2024-03-20 21:20:00,30,34,30,37,131
2024-03-20 21:30:00,25,25,33,44,127
2024-03-20 21:40:00,23,21,22,30,96
2024-03-20 21:50:00,36,41,26,29,132
2024-03-20 22:00:00,16,20,26,34,96
2024-03-20 22:10:00,25,34,25,31,115
2024-03-20 22:20:00,23,23,25,27,98
2024-03-20 22:30:00,30,29,26,34,119
2024-03-20 22:40:00,11,15,16,17,59
2024-03-20 22:50:00,12,13,15,15,55
2024-03-20 23:00:00,10,15,22,24,71
2024-03-20 23:10:00,18,21,21,28,88
2024-03-20 23:20:00,15,14,20,21,70
2024-03-20 23:30:00,9,14,15,16,54
2024-03-20 23:40:00,9,10,2,3,24
2024-03-20 23:50:00,11,18,14,15,58
2024-03-21 00:00:00,7,8,9,10,34
2024-03-21 00:10:00,5,7,7,6,25
2024-03-21 00:20:00,6,9,7,8,30
2024-03-21 00:30:00,8,7,9,9,33
2024-03-21 00:40:00,2,2,7,8,19
2024-03-21 00:50:00,4,7,6,5,22
2024-03-21 01:00:00,5,7,1,2,15
2024-03-21 01:10:00,5,8,7,7,27
2024-03-21 01:20:00,4,5,7,7,23
2024-03-21 01:30:00,2,3,7,6,18
2024-03-21 01:40:00,5,7,6,6,24
2024-03-21 01:50:00,3,4,6,4,17
2024-03-21 02:00:00,3,4,4,3,14
2024-03-21 02:10:00,4,2,3,3,12
2024-03-21 02:20:00,3,3,4,6,16
2024-03-21 02:30:00,3,4,0,0,7
2024-03-21 02:40:00,2,3,1,3,9
2024-03-21 02:50:00,4,5,2,2,13
2024-03-21 03:00:00,3,3,1,1,8
2024-03-21 03:10:00,0,0,2,1,3
2024-03-21 03:20:00,3,3,2,3,11
2024-03-21 03:30:00,1,0,7,6,14
2024-03-21 03:40:00,2,2,1,2,7
2024-03-21 03:50:00,2,4,1,1,8
2024-03-21 04:00:00,4,4,3,4,15
2024-03-21 04:10:00,2,0,4,4,10
2024-03-21 04:20:00,5,6,5,4,20
2024-03-21 04:30:00,5,7,3,4,19
2024-03-21 04:40:00,3,4,6,6,19
2024-03-21 04:50:00,6,9,5,4,24
2024-03-21 05:00:00,9,10,4,3,26
2024-03-21 05:10:00,11,17,14,13,55
2024-03-21 05:20:00,7,10,10,13,40
2024-03-21 05:30:00,21,23,18,16,78
2024-03-21 05:40:00,18,27,20,22,87
2024-03-21 05:50:00,18,26,36,38,118
2024-03-21 06:00:00,20,20,26,28,94
2024-03-21 06:10:00,29,30,25,27,111
2024-03-21 06:20:00,34,30,44,46,154
2024-03-21 06:30:00,50,42,40,45,177
2024-03-21 06:40:00,40,37,50,56,183
2024-03-21 06:50:00,40,32,54,60,186
2024-03-21 07:00:00,47,30,52,63,192
2024-03-21 07:10:00,34,31,46,49,160
2024-03-21 07:20:00,42,29,65,76,212
2024-03-21 07:30:00,37,33,81,91,242
2024-03-21 07:40:00,35,32,60,85,212
2024-03-21 07:50:00,41,34,54,58,187
2024-03-21 08:00:00,40,30,83,92,245
2024-03-21 08:10:00,51,41,52,63,207
2024-03-21 08:20:00,47,41,67,79,234
2024-03-21 08:30:00,48,36,70,84,238
2024-03-21 08:40:00,31,26,67,66,190
2024-03-21 08:50:00,41,35,56,70,202
2024-03-21 09:00:00,43,34,65,68,210
2024-03-21 09:10:00,32,28,67,73,200
2024-03-21 09:20:00,38,31,67,78,214
2024-03-21 09:30:00,33,28,55,62,178
2024-03-21 09:40:00,38,29,63,66,196
2024-03-21 09:50:00,42,35,55,59,191
2024-03-21 10:00:00,42,32,49,52,175
2024-03-21 10:10:00,29,29,52,58,168
2024-03-21 10:20:00,29,24,65,66,184
2024-03-21 10:30:00,41,30,61,66,198
2024-03-21 10:40:00,40,36,64,64,204
2024-03-21 10:50:00,46,36,53,64,199
2024-03-21 11:00:00,34,32,58,64,188
2024-03-21 11:10:00,43,37,64,66,210
2024-03-21 11:20:00,35,38,48,56,177
2024-03-21 11:30:00,40,35,52,66,193
2024-03-21 11:40:00,55,43,43,45,186
2024-03-21 11:50:00,46,30,62,73,211
2024-03-21 12:00:00,44,36,61,67,208
2024-03-21 12:10:00,60,53,61,63,237
2024-03-21 12:20:00,55,39,62,77,233
2024-03-21 12:30:00,44,41,70,73,228
2024-03-21 12:40:00,44,34,53,61,192
2024-03-21 12:50:00,44,39,74,79,236
2024-03-21 13:00:00,46,39,55,64,204
2024-03-21 13:10:00,52,49,50,55,206
2024-03-21 13:20:00,52,40,53,69,214
2024-03-21 13:30:00,49,51,72,79,251
2024-03-21 13:40:00,73,49,63,107,292
2024-03-21 13:50:00,49,41,54,57,201
2024-03-21 14:00:00,41,47,67,72,227
2024-03-21 14:10:00,49,40,67,80,236
2024-03-21 14:20:00,49,35,53,64,201
2024-03-21 14:30:00,51,44,54,63,212
2024-03-21 14:40:00,35,30,71,81,217
2024-03-21 14:50:00,41,41,74,88,244
2024-03-21 15:00:00,66,59,68,90,283
2024-03-21 15:10:00,56,55,77,87,275
2024-03-21 15:20:00,101,56,66,100,323
2024-03-21 15:30:00,64,58,75,95,292
2024-03-21 15:40:00,72,72,73,86,303
2024-03-21 15:50:00,48,44,86,99,277
2024-03-21 16:00:00,58,51,66,73,248
2024-03-21 16:10:00,57,51,87,95,290
2024-03-21 16:20:00,66,54,77,96,293
2024-03-21 16:30:00,64,55,72,77,268
2024-03-21 16:40:00,57,36,103,114,310
2024-03-21 16:50:00,45,41,78,87,251
2024-03-21 17:00:00,91,45,63,100,299
2024-03-21 17:10:00,55,47,85,99,286
2024-03-21 17:20:00,58,55,72,97,282
2024-03-21 17:30:00,51,44,82,93,270
2024-03-21 17:40:00,40,29,65,89,223
2024-03-21 17:50:00,52,42,83,98,275
2024-03-21 18:00:00,61,44,59,70,234
2024-03-21 18:10:00,50,37,60,75,222
2024-03-21 18:20:00,49,39,66,70,224
2024-03-21 18:30:00,43,35,73,85,236
2024-03-21 18:40:00,40,35,46,57,178
2024-03-21 18:50:00,32,35,48,60,175
2024-03-21 19:00:00,26,28,60,62,176
2024-03-21 19:10:00,38,38,35,50,161
2024-03-21 19:20:00,34,34,35,36,139
2024-03-21 19:30:00,32,30,48,56,166
2024-03-21 19:40:00,33,41,46,50,170
2024-03-21 19:50:00,34,32,35,44,145
2024-03-21 20:00:00,34,33,51,53,171
2024-03-21 20:10:00,37,40,43,49,169
2024-03-21 20:20:00,32,39,35,36,142
2024-03-21 20:30:00,27,29,36,52,144
2024-03-21 20:40:00,27,28,33,36,124
2024-03-21 20:50:00,21,22,34,35,112
2024-03-21 21:00:00,26,24,29,35,114
2024-03-21 21:10:00,24,28,36,40,128
2024-03-21 21:20:00,18,25,27,33,103
2024-03-21 21:30:00,13,14,26,34,87
2024-03-21 21:40:00,29,36,33,35,133
2024-03-21 21:50:00,24,25,23,30,102
2024-03-21 22:00:00,23,26,24,30,103
2024-03-21 22:10:00,25,27,25,30,107
2024-03-21 22:20:00,18,24,18,20,80
2024-03-21 22:30:00,19,22,29,29,99
2024-03-21 22:40:00,16,19,23,27,85
2024-03-21 22:50:00,27,28,24,24,103
2024-03-21 23:00:00,19,23,21,28,91
2024-03-21 23:10:00,18,18,12,16,64
2024-03-21 23:20:00,13,15,26,25,79
2024-03-21 23:30:00,7,8,16,17,48
2024-03-21 23:40:00,15,20,22,23,80
2024-03-21 23:50:00,15,11,18,24,68
2024-03-22 00:00:00,9,9,16,18,52
2024-03-22 00:10:00,10,9,12,16,47
2024-03-22 00:20:00,8,9,9,9,35
2024-03-22 00:30:00,4,5,10,13,32
2024-03-22 00:40:00,7,10,3,8,28
2024-03-22 00:50:00,9,11,12,12,44
2024-03-22 01:00:00,4,5,4,6,19
2024-03-22 01:10:00,5,7,2,3,17
2024-03-22 01:20:00,3,7,5,5,20
2024-03-22 01:30:00,5,8,7,4,24
2024-03-22 01:40:00,3,5,6,6,20
2024-03-22 01:50:00,3,2,7,5,17
2024-03-22 02:00:00,6,7,3,3,19
2024-03-22 02:10:00,2,2,6,5,15
2024-03-22 02:20:00,2,1,2,3,8
2024-03-22 02:30:00,2,3,3,3,11
2024-03-22 02:40:00,3,4,2,2,11
2024-03-22 02:50:00,1,1,6,6,14
2024-03-22 03:00:00,1,1,2,1,5
2024-03-22 03:10:00,3,3,1,1,8
2024-03-22 03:20:00,1,1,1,2,5
2024-03-22 03:30:00,3,4,2,2,11
2024-03-22 03:40:00,0,0,2,2,4
2024-03-22 03:50:00,4,5,5,3,17
2024-03-22 04:00:00,2,2,6,4,14
2024-03-22 04:10:00,8,2,4,3,17
2024-03-22 04:20:00,5,4,6,4,19
2024-03-22 04:30:00,7,7,4,2,20
2024-03-22 04:40:00,10,13,3,3,29
2024-03-22 04:50:00,6,7,4,6,23
2024-03-22 05:00:00,11,14,4,4,33
2024-03-22 05:10:00,10,14,9,7,40
2024-03-22 05:20:00,13,16,11,9,49
2024-03-22 05:30:00,17,23,14,13,67
2024-03-22 05:40:00,13,19,25,24,81
2024-03-22 05:50:00,16,17,27,25,85
2024-03-22 06:00:00,24,21,30,29,104
2024-03-22 06:10:00,29,25,25,27,106
2024-03-22 06:20:00,33,28,41,41,143
2024-03-22 06:30:00,33,30,33,32,128
2024-03-22 06:40:00,47,41,42,48,178
2024-03-22 06:50:00,42,40,54,60,196
2024-03-22 07:00:00,39,31,37,46,153
2024-03-22 07:10:00,33,27,47,57,164
2024-03-22 07:20:00,33,29,55,68,185
2024-03-22 07:30:00,34,28,63,81,206
2024-03-22 07:40:00,38,33,65,76,212
2024-03-22 07:50:00,35,26,77,85,223
2024-03-22 08:00:00,31,26,50,57,164
2024-03-22 08:10:00,40,32,47,54,173
2024-03-22 08:20:00,42,32,60,90,224
2024-03-22 08:30:00,37,36,62,63,198
2024-03-22 08:40:00,30,21,56,64,171
2024-03-22 08:50:00,36,29,67,75,207
2024-03-22 09:00:00,39,27,43,49,158
2024-03-22 09:10:00,45,37,62,64,208
2024-03-22 09:20:00,42,36,51,54,183
2024-03-22 09:30:00,29,25,70,73,197
2024-03-22 09:40:00,31,25,65,72,193
2024-03-22 09:50:00,44,43,53,58,198
2024-03-22 10:00:00,38,29,67,69,203
2024-03-22 10:10:00,39,36,62,66,203
2024-03-22 10:20:00,43,36,55,59,193
2024-03-22 10:30:00,47,40,64,73,224
2024-03-22 10:40:00,46,42,59,61,208
2024-03-22 10:50:00,33,32,60,66,191
2024-03-22 11:00:00,49,38,48,62,197
2024-03-22 11:10:00,38,38,70,73,219
2024-03-22 11:20:00,50,40,76,80,246
2024-03-22 11:30:00,56,45,65,69,235
2024-03-22 11:40:00,44,40,67,77,228
2024-03-22 11:50:00,57,52,62,64,235
2024-03-22 12:00:00,44,38,80,91,253
2024-03-22 12:10:00,70,51,73,82,276
2024-03-22 12:20:00,50,41,77,92,260
2024-03-22 12:30:00,40,35,78,84,237
2024-03-22 12:40:00,51,41,66,84,242
2024-03-22 12:50:00,60,48,63,73,244
2024-03-22 13:00:00,64,48,70,82,264
2024-03-22 13:10:00,49,42,70,92,253
2024-03-22 13:20:00,48,48,72,131,299
2024-03-22 13:30:00,66,58,81,89,294
2024-03-22 13:40:00,51,44,84,93,272
2024-03-22 13:50:00,47,44,64,72,227
2024-03-22 14:00:00,50,43,76,83,252
2024-03-22 14:10:00,53,46,77,90,266
2024-03-22 14:20:00,57,47,77,88,269
2024-03-22 14:30:00,62,49,97,106,314
2024-03-22 14:40:00,65,54,73,83,275
2024-03-22 14:50:00,54,41,59,68,222
2024-03-22 15:00:00,53,41,85,95,274
2024-03-22 15:10:00,58,45,83,97,283
2024-03-22 15:20:00,59,44,74,78,255
2024-03-22 15:30:00,54,41,77,83,255
2024-03-22 15:40:00,50,39,84,95,268
2024-03-22 15:50:00,53,40,75,93,261
2024-03-22 16:00:00,44,42,67,79,232
2024-03-22 16:10:00,51,48,76,81,256
2024-03-22 16:20:00,50,47,73,83,253
2024-03-22 16:30:00,51,38,75,96,260
2024-03-22 16:40:00,46,39,72,78,235
2024-03-22 16:50:00,61,50,76,88,275
2024-03-22 17:00:00,44,40,68,83,235
2024-03-22 17:10:00,54,48,73,84,259
2024-03-22 17:20:00,51,45,64,84,244
2024-03-22 17:30:00,45,44,78,96,263
2024-03-22 17:40:00,41,32,80,93,246
2024-03-22 17:50:00,44,43,74,84,245
2024-03-22 18:00:00,42,39,64,78,223
2024-03-22 18:10:00,54,42,62,70,228
2024-03-22 18:20:00,47,42,63,82,234
2024-03-22 18:30:00,15,19,25,35,94
2024-03-22 18:40:00,17,15,27,28,87
2024-03-22 18:50:00,27,20,37,43,127
2024-03-22 19:00:00,25,27,43,46,141
2024-03-22 19:10:00,32,33,50,55,170
2024-03-22 19:20:00,31,41,42,49,163
2024-03-22 19:30:00,35,38,36,43,152
2024-03-22 19:40:00,36,39,41,49,165
2024-03-22 19:50:00,45,43,47,56,191
2024-03-22 20:00:00,33,36,39,49,157
2024-03-22 20:10:00,32,28,48,53,161
2024-03-22 20:20:00,23,29,32,42,126
2024-03-22 20:30:00,22,26,38,45,131
2024-03-22 20:40:00,19,21,36,43,119
2024-03-22 20:50:00,25,25,27,30,107
2024-03-22 21:00:00,31,41,35,35,142
2024-03-22 21:10:00,28,35,18,22,103
2024-03-22 21:20:00,25,31,21,27,104
2024-03-22 21:30:00,21,21,34,43,119
2024-03-22 21:40:00,29,36,37,38,140
2024-03-22 21:50:00,35,35,34,41,145
2024-03-22 22:00:00,17,20,45,50,132
2024-03-22 22:10:00,21,21,30,35,107
2024-03-22 22:20:00,23,29,29,33,114
2024-03-22 22:30:00,21,27,26,29,103
2024-03-22 22:40:00,18,23,27,33,101
2024-03-22 22:50:00,15,14,26,31,86
2024-03-22 23:00:00,18,27,23,24,92
2024-03-22 23:10:00,12,11,32,37,92
2024-03-22 23:20:00,22,24,16,22,84
2024-03-22 23:30:00,25,26,17,18,86
2024-03-22 23:40:00,8,10,17,23,58
2024-03-22 23:50:00,22,22,13,14,71
2024-03-23 00:00:00,16,21,17,14,68
2024-03-23 00:10:00,10,12,10,15,47
2024-03-23 00:20:00,20,22,20,20,82
2024-03-23 00:30:00,12,13,18,22,65
2024-03-23 00:40:00,16,18,13,15,62
2024-03-23 00:50:00,12,17,13,11,53
2024-03-23 01:00:00,18,22,19,19,78
2024-03-23 01:10:00,12,17,15,16,60
2024-03-23 01:20:00,12,19,12,13,56
2024-03-23 01:30:00,8,11,18,19,56
2024-03-23 01:40:00,17,21,9,9,56
2024-03-23 01:50:00,9,15,12,13,49
2024-03-23 02:00:00,6,8,8,10,32
2024-03-23 02:10:00,6,7,1,2,16
2024-03-23 02:20:00,9,11,3,4,27
2024-03-23 02:30:00,15,19,8,8,50
2024-03-23 02:40:00,2,2,9,8,21
2024-03-23 02:50:00,6,9,11,13,39
2024-03-23 03:00:00,5,6,9,10,30
2024-03-23 03:10:00,5,5,6,8,24
2024-03-23 03:20:00,11,10,4,5,30
2024-03-23 03:30:00,4,5,4,4,17
2024-03-23 03:40:00,5,7,8,6,26
2024-03-23 03:50:00,4,5,8,9,26
2024-03-23 04:00:00,5,5,5,5,20
2024-03-23 04:10:00,3,3,5,7,18
2024-03-23 04:20:00,6,7,4,5,22
2024-03-23 04:30:00,5,5,10,10,30
2024-03-23 04:40:00,3,3,11,11,28
2024-03-23 04:50:00,13,18,5,6,42
2024-03-23 05:00:00,10,11,6,6,33
2024-03-23 05:10:00,6,8,5,7,26
2024-03-23 05:20:00,9,11,8,8,36
2024-03-23 05:30:00,9,10,13,18,50
2024-03-23 05:40:00,7,8,9,9,33
2024-03-23 05:50:00,4,3,9,10,26
2024-03-23 06:00:00,1,1,4,6,12
2024-03-23 06:10:00,7,7,4,4,22
2024-03-23 06:20:00,10,9,15,16,50
2024-03-23 06:30:00,14,13,7,8,42
2024-03-23 06:40:00,7,6,12,13,38
2024-03-23 06:50:00,6,7,11,13,37
2024-03-23 07:00:00,9,9,14,14,46
2024-03-23 07:10:00,9,7,16,16,48
2024-03-23 07:20:00,13,14,10,11,48
2024-03-23 07:30:00,9,8,9,10,36
2024-03-23 07:40:00,19,18,12,14,63
2024-03-23 07:50:00,9,10,21,22,62
2024-03-23 08:00:00,13,14,18,18,63
2024-03-23 08:10:00,12,9,19,21,61
2024-03-23 08:20:00,9,6,17,19,51
2024-03-23 08:30:00,12,12,20,22,66
2024-03-23 08:40:00,18,14,25,28,85
2024-03-23 08:50:00,19,17,23,24,83
2024-03-23 09:00:00,15,14,26,26,81
2024-03-23 09:10:00,18,17,31,30,96
2024-03-23 09:20:00,14,14,33,36,97
2024-03-23 09:30:00,19,15,39,38,111
2024-03-23 09:40:00,19,13,35,32,99
2024-03-23 09:50:00,20,18,51,54,143
2024-03-23 10:00:00,24,27,46,47,144
2024-03-23 10:10:00,25,20,33,41,119
2024-03-23 10:20:00,25,23,40,43,131
2024-03-23 10:30:00,25,17,51,60,153
2024-03-23 10:40:00,39,33,50,49,171
2024-03-23 10:50:00,22,18,45,50,135
2024-03-23 11:00:00,30,29,40,39,138
2024-03-23 11:10:00,39,29,47,50,165
2024-03-23 11:20:00,36,24,38,43,141
2024-03-23 11:30:00,22,19,53,64,158
2024-03-23 11:40:00,33,30,49,55,167
2024-03-23 11:50:00,27,26,62,69,184
2024-03-23 12:00:00,32,32,65,66,195
2024-03-23 12:10:00,47,40,55,53,195
2024-03-23 12:20:00,40,34,53,51,178
2024-03-23 12:30:00,39,35,61,62,197
2024-03-23 12:40:00,46,40,73,75,234
2024-03-23 12:50:00,41,36,56,68,201
2024-03-23 13:00:00,42,40,59,66,207
2024-03-23 13:10:00,38,35,50,52,175
2024-03-23 13:20:00,41,40,61,68,210
2024-03-23 13:30:00,28,31,54,59,172
2024-03-23 13:40:00,26,22,60,60,168
2024-03-23 13:50:00,34,35,50,52,171
2024-03-23 14:00:00,39,33,48,52,172
2024-03-23 14:10:00,32,23,57,56,168
2024-03-23 14:20:00,45,29,65,73,212
2024-03-23 14:30:00,38,30,46,51,165
2024-03-23 14:40:00,34,27,43,51,155
2024-03-23 14:50:00,27,26,63,71,187
2024-03-23 15:00:00,29,26,54,58,167
2024-03-23 15:10:00,42,40,58,64,204
2024-03-23 15:20:00,31,27,55,62,175
2024-03-23 15:30:00,35,32,57,58,182
2024-03-23 15:40:00,28,22,56,57,163
2024-03-23 15:50:00,27,24,51,50,152
2024-03-23 16:00:00,22,23,45,50,140
2024-03-23 16:10:00,21,23,60,68,172
2024-03-23 16:20:00,35,32,47,49,163
2024-03-23 16:30:00,34,32,47,56,169
2024-03-23 16:40:00,52,41,58,61,212
2024-03-23 16:50:00,37,33,76,75,221
2024-03-23 17:00:00,45,46,46,55,192
2024-03-23 17:10:00,45,37,72,78,232
2024-03-23 17:20:00,34,32,38,39,143
2024-03-23 17:30:00,35,31,46,54,166
2024-03-23 17:40:00,35,35,51,55,176
2024-03-23 17:50:00,45,40,53,60,198
2024-03-23 18:00:00,31,28,51,52,162
2024-03-23 18:10:00,26,26,56,61,169
2024-03-23 18:20:00,33,30,57,65,185
2024-03-23 18:30:00,32,31,46,55,164
2024-03-23 18:40:00,34,26,50,56,166
2024-03-23 18:50:00,30,25,32,36,123
2024-03-23 19:00:00,23,27,38,74,162
2024-03-23 19:10:00,26,31,41,52,150
2024-03-23 19:20:00,38,36,36,44,154
2024-03-23 19:30:00,24,24,38,50,136
2024-03-23 19:40:00,21,24,52,61,158
2024-03-23 19:50:00,24,25,34,38,121
2024-03-23 20:00:00,30,31,54,58,173
2024-03-23 20:10:00,33,35,51,57,176
2024-03-23 20:20:00,22,30,39,45,136
2024-03-23 20:30:00,24,28,39,43,134
2024-03-23 20:40:00,25,25,20,30,100
2024-03-23 20:50:00,25,36,28,31,120
2024-03-23 21:00:00,25,27,23,25,100
2024-03-23 21:10:00,20,23,35,44,122
2024-03-23 21:20:00,27,30,26,29,112
2024-03-23 21:30:00,15,15,31,34,95
2024-03-23 21:40:00,24,25,20,24,93
2024-03-23 21:50:00,19,21,22,28,90
2024-03-23 22:00:00,17,18,24,25,84
2024-03-23 22:10:00,15,18,27,34,94
2024-03-23 22:20:00,10,12,20,26,68
2024-03-23 22:30:00,15,21,32,34,102
2024-03-23 22:40:00,21,28,32,40,121
2024-03-23 22:50:00,18,24,28,28,98
2024-03-23 23:00:00,16,19,23,35,93
2024-03-23 23:10:00,19,24,24,22,89
2024-03-23 23:20:00,18,18,31,29,96
2024-03-23 23:30:00,22,31,27,28,108
2024-03-23 23:40:00,20,26,23,22,91
2024-03-23 23:50:00,17,15,23,23,78
2024-03-24 00:00:00,6,6,17,18,47
2024-03-24 00:10:00,16,14,17,19,66
2024-03-24 00:20:00,9,6,18,16,49
2024-03-24 00:30:00,7,8,18,22,55
2024-03-24 00:40:00,12,10,8,9,39
2024-03-24 00:50:00,14,15,10,12,51
2024-03-24 01:00:00,15,19,19,19,72
2024-03-24 01:10:00,11,12,8,6,37
2024-03-24 01:20:00,10,10,18,20,58
2024-03-24 01:30:00,7,7,16,19,49
2024-03-24 01:40:00,7,7,12,14,40
2024-03-24 01:50:00,5,5,8,8,26
2024-03-24 02:00:00,7,7,9,10,33
2024-03-24 02:10:00,7,7,5,5,24
2024-03-24 02:20:00,9,12,5,5,31
2024-03-24 02:30:00,2,1,10,11,24
2024-03-24 02:40:00,7,11,8,8,34
2024-03-24 02:50:00,3,6,6,5,20
2024-03-24 03:00:00,2,2,3,3,10
2024-03-24 03:10:00,3,3,7,6,19
2024-03-24 03:20:00,5,4,9,11,29
2024-03-24 03:30:00,2,4,3,3,12
2024-03-24 03:40:00,4,4,4,4,16
2024-03-24 03:50:00,0,0,4,5,9
2024-03-24 04:00:00,5,6,4,4,19
2024-03-24 04:10:00,4,4,7,7,22
2024-03-24 04:20:00,3,4,3,2,12
2024-03-24 04:30:00,3,4,11,9,27
2024-03-24 04:40:00,10,11,6,4,31
2024-03-24 04:50:00,9,11,2,1,23
2024-03-24 05:00:00,5,6,7,7,25
2024-03-24 05:10:00,1,2,6,5,14
2024-03-24 05:20:00,10,14,3,5,32
2024-03-24 05:30:00,6,4,8,9,27
2024-03-24 05:40:00,4,7,12,12,35
2024-03-24 05:50:00,2,2,2,2,8
2024-03-24 06:00:00,2,3,3,3,11
2024-03-24 06:10:00,8,7,10,10,35
2024-03-24 06:20:00,8,6,8,10,32
2024-03-24 06:30:00,6,5,9,9,29
2024-03-24 06:40:00,7,6,4,4,21
2024-03-24 06:50:00,4,4,3,3,14
2024-03-24 07:00:00,5,4,8,8,25
2024-03-24 07:10:00,3,3,3,3,12
2024-03-24 07:20:00,4,2,11,10,27
2024-03-24 07:30:00,3,3,5,6,17
2024-03-24 07:40:00,10,11,5,5,31
2024-03-24 07:50:00,7,7,4,4,22
2024-03-24 08:00:00,5,4,10,11,30
2024-03-24 08:10:00,4,5,8,8,25
2024-03-24 08:20:00,6,5,11,11,33
2024-03-24 08:30:00,10,9,13,13,45
2024-03-24 08:40:00,13,12,9,9,43
2024-03-24 08:50:00,7,6,17,17,47
2024-03-24 09:00:00,6,6,11,10,33
2024-03-24 09:10:00,14,14,12,12,52
2024-03-24 09:20:00,7,5,16,16,44
2024-03-24 09:30:00,19,18,16,17,70
2024-03-24 09:40:00,15,13,13,14,55
2024-03-24 09:50:00,15,16,26,29,86
2024-03-24 10:00:00,16,14,24,26,80
2024-03-24 10:10:00,23,18,27,25,93
2024-03-24 10:20:00,16,16,35,38,105
2024-03-24 10:30:00,28,26,29,32,115
2024-03-24 10:40:00,24,19,38,42,123
2024-03-24 10:50:00,28,20,28,33,109
2024-03-24 11:00:00,21,21,27,30,99
2024-03-24 11:10:00,19,20,28,28,95
2024-03-24 11:20:00,17,17,23,23,80
2024-03-24 11:30:00,27,24,23,24,98
2024-03-24 11:40:00,21,16,44,49,130
2024-03-24 11:50:00,28,26,32,35,121
2024-03-24 12:00:00,30,21,40,45,136
2024-03-24 12:10:00,31,23,44,57,155
2024-03-24 12:20:00,38,39,57,64,198
2024-03-24 12:30:00,21,19,53,53,146
2024-03-24 12:40:00,26,21,37,39,123
2024-03-24 12:50:00,24,20,44,48,136
2024-03-24 13:00:00,46,39,30,31,146
2024-03-24 13:10:00,24,23,44,44,135
2024-03-24 13:20:00,35,30,31,35,131
2024-03-24 13:30:00,41,38,50,49,178
2024-03-24 13:40:00,25,23,34,36,118
2024-03-24 13:50:00,29,27,44,45,145
2024-03-24 14:00:00,60,44,50,53,207
2024-03-24 14:10:00,36,32,39,40,147
2024-03-24 14:20:00,35,35,41,42,153
2024-03-24 14:30:00,35,30,44,46,155
2024-03-24 14:40:00,42,40,50,49,181
2024-03-24 14:50:00,38,34,47,49,168
2024-03-24 15:00:00,30,26,46,54,156
2024-03-24 15:10:00,26,26,37,39,128
2024-03-24 15:20:00,32,25,62,65,184
2024-03-24 15:30:00,32,32,49,53,166
2024-03-24 15:40:00,35,33,54,55,177
2024-03-24 15:50:00,38,36,45,49,168
2024-03-24 16:00:00,44,43,46,50,183
2024-03-24 16:10:00,35,29,39,42,145
2024-03-24 16:20:00,43,38,47,51,179
2024-03-24 16:30:00,56,44,42,43,185
2024-03-24 16:40:00,28,26,43,50,147
2024-03-24 16:50:00,43,33,38,42,156
2024-03-24 17:00:00,43,35,35,38,151
2024-03-24 17:10:00,44,40,43,50,177
2024-03-24 17:20:00,41,32,59,63,195
2024-03-24 17:30:00,50,47,56,64,217
2024-03-24 17:40:00,26,24,57,61,168
2024-03-24 17:50:00,42,38,38,43,161
2024-03-24 18:00:00,31,33,49,52,165
2024-03-24 18:10:00,29,30,44,48,151
2024-03-24 18:20:00,29,26,63,61,179
2024-03-24 18:30:00,37,31,32,42,142
2024-03-24 18:40:00,29,20,57,65,171
2024-03-24 18:50:00,36,31,44,51,162
2024-03-24 19:00:00,33,37,39,40,149
2024-03-24 19:10:00,27,31,20,26,104
2024-03-24 19:20:00,16,21,30,41,108
2024-03-24 19:30:00,38,27,34,40,139
2024-03-24 19:40:00,18,22,24,26,90
2024-03-24 19:50:00,20,23,24,33,100
2024-03-24 20:00:00,18,27,39,43,127
2024-03-24 20:10:00,28,33,37,41,139
2024-03-24 20:20:00,19,20,17,26,82
2024-03-24 20:30:00,28,27,35,41,131
2024-03-24 20:40:00,18,17,26,28,89
2024-03-24 20:50:00,19,23,23,26,91
2024-03-24 21:00:00,19,21,26,27,93
2024-03-24 21:10:00,17,23,32,32,104
2024-03-24 21:20:00,32,24,25,28,109
2024-03-24 21:30:00,18,19,26,35,98
2024-03-24 21:40:00,16,18,19,26,79
2024-03-24 21:50:00,24,23,25,25,97
2024-03-24 22:00:00,13,17,20,26,76
2024-03-24 22:10:00,20,22,19,17,78
2024-03-24 22:20:00,20,25,15,19,79
2024-03-24 22:30:00,16,19,23,26,84
2024-03-24 22:40:00,11,15,24,26,76
2024-03-24 22:50:00,17,19,18,19,73
2024-03-24 23:00:00,13,13,10,11,47
2024-03-24 23:10:00,10,13,13,15,51
2024-03-24 23:20:00,11,14,7,10,42
2024-03-24 23:30:00,10,14,12,12,48
2024-03-24 23:40:00,8,8,12,15,43
2024-03-24 23:50:00,5,7,10,11,33
2024-03-25 00:00:00,7,11,8,7,33
2024-03-25 00:10:00,7,8,10,8,33
2024-03-25 00:20:00,6,10,4,4,24
2024-03-25 00:30:00,4,7,10,12,33
2024-03-25 00:40:00,3,2,6,6,17
2024-03-25 00:50:00,6,6,2,2,16
2024-03-25 01:00:00,4,5,5,5,19
2024-03-25 01:10:00,6,7,4,5,22
2024-03-25 01:20:00,5,4,4,4,17
2024-03-25 01:30:00,3,4,5,7,19
2024-03-25 01:40:00,4,5,3,3,15
2024-03-25 01:50:00,3,4,8,7,22
2024-03-25 02:00:00,1,1,7,5,14
2024-03-25 02:10:00,3,4,3,3,13
2024-03-25 02:20:00,1,1,2,3,7
2024-03-25 02:30:00,4,3,2,4,13
2024-03-25 02:40:00,3,5,1,1,10
2024-03-25 02:50:00,5,6,0,0,11
2024-03-25 03:00:00,2,3,3,3,11
2024-03-25 03:10:00,2,2,2,3,9
2024-03-25 03:20:00,1,1,3,3,8
2024-03-25 03:30:00,3,4,2,2,11
2024-03-25 03:40:00,1,1,4,4,10
2024-03-25 03:50:00,1,1,5,6,13
2024-03-25 04:00:00,3,3,1,1,8
2024-03-25 04:10:00,2,2,3,2,9
2024-03-25 04:20:00,6,4,5,4,19
2024-03-25 04:30:00,3,4,2,2,11
2024-03-25 04:40:00,6,11,6,6,29
2024-03-25 04:50:00,4,5,1,1,11
2024-03-25 05:00:00,5,7,5,4,21
2024-03-25 05:10:00,10,11,5,4,30
2024-03-25 05:20:00,3,5,8,8,24
2024-03-25 05:30:00,10,16,9,11,46
2024-03-25 05:40:00,18,21,29,26,94
2024-03-25 05:50:00,17,25,23,24,89
2024-03-25 06:00:00,26,21,23,25,95
2024-03-25 06:10:00,24,22,26,26,98
2024-03-25 06:20:00,48,43,32,34,157
2024-03-25 06:30:00,28,24,36,42,130
2024-03-25 06:40:00,34,30,22,20,106
2024-03-25 06:50:00,39,41,44,47,171
2024-03-25 07:00:00,39,29,54,54,176
2024-03-25 07:10:00,33,26,31,42,132
2024-03-25 07:20:00,37,31,61,73,202
2024-03-25 07:30:00,34,33,47,54,168
2024-03-25 07:40:00,29,19,57,69,174
2024-03-25 07:50:00,38,33,53,64,188
2024-03-25 08:00:00,42,36,41,47,166
2024-03-25 08:10:00,40,26,58,68,192
2024-03-25 08:20:00,41,35,59,67,202
2024-03-25 08:30:00,36,31,63,76,206
2024-03-25 08:40:00,30,26,49,56,161
2024-03-25 08:50:00,47,38,78,82,245
2024-03-25 09:00:00,41,33,54,57,185
2024-03-25 09:10:00,43,47,60,68,218
2024-03-25 09:20:00,32,31,64,73,200
2024-03-25 09:30:00,32,24,60,61,177
2024-03-25 09:40:00,44,38,64,68,214
2024-03-25 09:50:00,30,28,51,58,167
2024-03-25 10:00:00,37,31,59,64,191
2024-03-25 10:10:00,33,28,58,69,188
2024-03-25 10:20:00,44,37,72,74,227
2024-03-25 10:30:00,38,32,67,71,208
2024-03-25 10:40:00,42,34,52,58,186
2024-03-25 10:50:00,35,27,63,69,194
2024-03-25 11:00:00,46,38,62,70,216
2024-03-25 11:10:00,33,28,51,52,164
2024-03-25 11:20:00,30,30,49,58,167
2024-03-25 11:30:00,35,36,59,66,196
2024-03-25 11:40:00,44,33,60,63,200
2024-03-25 11:50:00,36,33,64,76,209
2024-03-25 12:00:00,38,34,53,58,183
2024-03-25 12:10:00,54,46,56,60,216
2024-03-25 12:20:00,48,38,48,52,186
2024-03-25 12:30:00,43,38,56,62,199
2024-03-25 12:40:00,36,35,58,72,201
2024-03-25 12:50:00,51,47,40,47,185
2024-03-25 13:00:00,41,42,60,65,208
2024-03-25 13:10:00,43,42,65,67,217
2024-03-25 13:20:00,39,40,68,69,216
2024-03-25 13:30:00,39,36,57,58,190
2024-03-25 13:40:00,36,37,69,82,224
2024-03-25 13:50:00,49,45,57,68,219
2024-03-25 14:00:00,35,35,56,61,187
2024-03-25 14:10:00,24,25,58,70,177
2024-03-25 14:20:00,48,47,50,55,200
2024-03-25 14:30:00,52,46,69,78,245
2024-03-25 14:40:00,39,41,86,98,264
2024-03-25 14:50:00,56,52,69,76,253
2024-03-25 15:00:00,49,54,67,79,249
2024-03-25 15:10:00,48,49,63,76,236
2024-03-25 15:20:00,50,53,67,70,240
2024-03-25 15:30:00,40,41,74,91,246
2024-03-25 15:40:00,44,50,75,80,249
2024-03-25 15:50:00,50,47,69,76,242
2024-03-25 16:00:00,56,52,75,86,269
2024-03-25 16:10:00,49,50,74,89,262
2024-03-25 16:20:00,48,42,77,87,254
2024-03-25 16:30:00,52,47,61,73,233
2024-03-25 16:40:00,39,36,68,93,236
2024-03-25 16:50:00,49,47,74,83,253
2024-03-25 17:00:00,57,59,69,82,267
2024-03-25 17:10:00,55,49,85,92,281
2024-03-25 17:20:00,56,57,60,71,244
2024-03-25 17:30:00,30,30,59,67,186
2024-03-25 17:40:00,51,48,69,78,246
2024-03-25 17:50:00,47,37,60,78,222
2024-03-25 18:00:00,39,36,64,70,209
2024-03-25 18:10:00,39,41,53,55,188
2024-03-25 18:20:00,44,36,66,83,229
2024-03-25 18:30:00,42,37,58,68,205
2024-03-25 18:40:00,40,30,53,60,183
2024-03-25 18:50:00,39,34,55,57,185
2024-03-25 19:00:00,31,24,36,46,137
2024-03-25 19:10:00,36,41,31,41,149
2024-03-25 19:20:00,29,34,27,34,124
2024-03-25 19:30:00,29,31,36,50,146
2024-03-25 19:40:00,24,21,29,46,120
2024-03-25 19:50:00,31,32,34,36,133
2024-03-25 20:00:00,21,25,39,53,138
2024-03-25 20:10:00,25,26,42,45,138
2024-03-25 20:20:00,24,30,34,40,128
2024-03-25 20:30:00,17,17,38,41,113
2024-03-25 20:40:00,25,30,18,22,95
2024-03-25 20:50:00,21,24,20,26,91
2024-03-25 21:00:00,18,22,13,19,72
2024-03-25 21:10:00,20,26,9,14,69
2024-03-25 21:20:00,19,23,24,34,100
2024-03-25 21:30:00,24,27,33,41,125
2024-03-25 21:40:00,17,21,28,38,104
2024-03-25 21:50:00,19,22,11,16,68
2024-03-25 22:00:00,28,32,20,22,102
2024-03-25 22:10:00,16,19,22,23,80
2024-03-25 22:20:00,11,14,20,22,67
2024-03-25 22:30:00,11,11,22,22,66
2024-03-25 22:40:00,15,21,11,16,63
2024-03-25 22:50:00,10,14,18,20,62
2024-03-25 23:00:00,5,8,9,14,36
2024-03-25 23:10:00,10,11,20,19,60
2024-03-25 23:20:00,18,23,14,16,71
2024-03-25 23:30:00,10,11,19,23,63
2024-03-25 23:40:00,17,20,19,20,76
2024-03-25 23:50:00,16,19,14,15,64
2024-03-26 00:00:00,7,9,12,11,39
2024-03-26 00:10:00,15,16,11,10,52
2024-03-26 00:20:00,1,1,13,10,25
2024-03-26 00:30:00,5,6,15,12,38
2024-03-26 00:40:00,1,1,6,7,15
2024-03-26 00:50:00,3,2,7,7,19
2024-03-26 01:00:00,10,13,7,7,37
2024-03-26 01:10:00,5,6,8,7,26
2024-03-26 01:20:00,2,3,3,3,11
2024-03-26 01:30:00,4,6,3,3,16
2024-03-26 01:40:00,3,5,6,5,19
2024-03-26 01:50:00,2,3,5,5,15
2024-03-26 02:00:00,3,4,6,5,18
2024-03-26 02:10:00,4,5,3,4,16
2024-03-26 02:20:00,1,2,4,5,12
2024-03-26 02:30:00,0,0,4,4,8
2024-03-26 02:40:00,0,0,2,2,4
2024-03-26 02:50:00,5,11,4,4,24
2024-03-26 03:00:00,2,3,1,2,8
2024-03-26 03:10:00,1,1,3,4,9
2024-03-26 03:20:00,2,2,4,4,12
2024-03-26 03:30:00,1,2,3,3,9
2024-03-26 03:40:00,2,2,5,5,14
2024-03-26 03:50:00,2,2,0,0,4
2024-03-26 04:00:00,0,0,4,4,8
2024-03-26 04:10:00,0,0,5,4,9
2024-03-26 04:20:00,9,7,2,2,20
2024-03-26 04:30:00,8,12,2,3,25
2024-03-26 04:40:00,4,5,3,4,16
2024-03-26 04:50:00,3,3,3,3,12
2024-03-26 05:00:00,5,8,5,6,24
2024-03-26 05:10:00,7,9,6,7,29
2024-03-26 05:20:00,11,15,12,10,48
2024-03-26 05:30:00,12,18,13,15,58
2024-03-26 05:40:00,18,24,16,15,73
2024-03-26 05:50:00,20,21,24,28,93
2024-03-26 06:00:00,24,19,27,30,100
2024-03-26 06:10:00,27,26,30,30,113
2024-03-26 06:20:00,31,27,38,42,138
2024-03-26 06:30:00,41,38,30,33,142
2024-03-26 06:40:00,33,31,45,47,156
2024-03-26 06:50:00,34,27,49,54,164
2024-03-26 07:00:00,27,25,41,47,140
2024-03-26 07:10:00,43,34,63,65,205
2024-03-26 07:20:00,34,28,50,55,167
2024-03-26 07:30:00,28,27,67,72,194
2024-03-26 07:40:00,48,42,58,65,213
2024-03-26 07:50:00,40,36,53,61,190
2024-03-26 08:00:00,36,33,55,59,183
2024-03-26 08:10:00,40,34,52,56,182
2024-03-26 08:20:00,32,21,67,72,192
2024-03-26 08:30:00,40,33,70,77,220
2024-03-26 08:40:00,30,20,46,55,151
2024-03-26 08:50:00,28,22,72,78,200
2024-03-26 09:00:00,31,29,56,58,174
2024-03-26 09:10:00,40,31,66,68,205
2024-03-26 09:20:00,30,23,39,42,134
2024-03-26 09:30:00,23,21,54,57,155
2024-03-26 09:40:00,33,28,55,61,177
2024-03-26 09:50:00,35,29,53,60,177
2024-03-26 10:00:00,43,37,59,64,203
2024-03-26 10:10:00,35,32,53,60,180
2024-03-26 10:20:00,42,33,32,36,143
2024-03-26 10:30:00,32,27,66,76,201
2024-03-26 10:40:00,36,30,76,80,222
2024-03-26 10:50:00,44,40,65,68,217
2024-03-26 11:00:00,48,38,65,67,218
2024-03-26 11:10:00,41,33,48,57,179
2024-03-26 11:20:00,34,31,69,85,219
2024-03-26 11:30:00,42,36,58,63,199
2024-03-26 11:40:00,34,32,60,67,193
2024-03-26 11:50:00,29,28,55,66,178
2024-03-26 12:00:00,34,31,57,64,186
2024-03-26 12:10:00,38,36,55,67,196
2024-03-26 12:20:00,37,38,56,65,196
2024-03-26 12:30:00,38,31,49,56,174
2024-03-26 12:40:00,40,38,67,67,212
2024-03-26 12:50:00,44,43,56,63,206
2024-03-26 13:00:00,42,42,67,72,223
2024-03-26 13:10:00,30,33,65,81,209
2024-03-26 13:20:00,38,37,53,69,197
2024-03-26 13:30:00,47,48,54,64,213
2024-03-26 13:40:00,51,57,56,65,229
2024-03-26 13:50:00,46,43,56,60,205
2024-03-26 14:00:00,34,35,57,61,187
2024-03-26 14:10:00,53,58,74,79,264
2024-03-26 14:20:00,53,50,64,77,244
2024-03-26 14:30:00,45,51,81,90,267
2024-03-26 14:40:00,45,47,66,82,240
2024-03-26 14:50:00,32,33,77,82,224
2024-03-26 15:00:00,52,49,63,69,233
2024-03-26 15:10:00,43,40,63,74,220
2024-03-26 15:20:00,47,43,80,87,257
2024-03-26 15:30:00,48,42,70,77,237
2024-03-26 15:40:00,53,51,62,76,242
2024-03-26 15:50:00,46,43,75,78,242
2024-03-26 16:00:00,49,45,65,87,246
2024-03-26 16:10:00,57,52,74,86,269
2024-03-26 16:20:00,56,56,63,88,263
2024-03-26 16:30:00,48,39,64,72,223
2024-03-26 16:40:00,66,62,76,88,292
2024-03-26 16:50:00,53,49,67,73,242
2024-03-26 17:00:00,38,40,75,83,236
2024-03-26 17:10:00,61,54,73,95,283
2024-03-26 17:20:00,55,45,80,93,273
2024-03-26 17:30:00,49,41,78,92,260
2024-03-26 17:40:00,41,43,69,83,236
2024-03-26 17:50:00,60,57,68,79,264
2024-03-26 18:00:00,50,43,59,83,235
2024-03-26 18:10:00,44,42,64,75,225
2024-03-26 18:20:00,41,36,57,70,204
2024-03-26 18:30:00,42,36,73,87,238
2024-03-26 18:40:00,37,31,57,61,186
2024-03-26 18:50:00,38,32,47,55,172
2024-03-26 19:00:00,31,33,45,57,166
2024-03-26 19:10:00,40,41,45,60,186
2024-03-26 19:20:00,28,27,39,40,134
2024-03-26 19:30:00,33,39,36,42,150
2024-03-26 19:40:00,29,29,32,38,128
2024-03-26 19:50:00,22,23,36,44,125
2024-03-26 20:00:00,19,28,38,45,130
2024-03-26 20:10:00,25,28,40,44,137
2024-03-26 20:20:00,27,26,38,41,132
2024-03-26 20:30:00,37,43,46,51,177
2024-03-26 20:40:00,16,19,27,34,96
2024-03-26 20:50:00,23,24,24,30,101
2024-03-26 21:00:00,20,23,23,25,91
2024-03-26 21:10:00,25,32,26,39,122
2024-03-26 21:20:00,21,22,18,20,81
2024-03-26 21:30:00,21,29,29,38,117
2024-03-26 21:40:00,25,24,16,21,86
2024-03-26 21:50:00,24,29,26,29,108
2024-03-26 22:00:00,17,21,18,20,76
2024-03-26 22:10:00,17,19,17,21,74
2024-03-26 22:20:00,21,26,16,16,79
2024-03-26 22:30:00,14,24,25,29,92
2024-03-26 22:40:00,15,18,19,21,73
2024-03-26 22:50:00,17,21,17,21,76
2024-03-26 23:00:00,15,20,20,24,79
2024-03-26 23:10:00,16,19,20,21,76
2024-03-26 23:20:00,12,17,18,19,66
2024-03-26 23:30:00,9,12,14,15,50
2024-03-26 23:40:00,11,10,18,17,56
2024-03-26 23:50:00,10,15,11,11,47
2024-03-27 00:00:00,5,9,12,12,38
2024-03-27 00:10:00,5,4,16,15,40
2024-03-27 00:20:00,5,9,5,6,25
2024-03-27 00:30:00,6,6,12,12,36
2024-03-27 00:40:00,4,6,9,11,30
2024-03-27 00:50:00,5,6,8,8,27
2024-03-27 01:00:00,3,2,5,5,15
2024-03-27 01:10:00,2,2,3,4,11
2024-03-27 01:20:00,4,7,12,10,33
2024-03-27 01:30:00,5,8,3,2,18
2024-03-27 01:40:00,2,3,5,5,15
2024-03-27 01:50:00,4,5,4,4,17
2024-03-27 02:00:00,3,4,4,4,15
2024-03-27 02:10:00,4,4,3,5,16
2024-03-27 02:20:00,2,4,8,8,22
2024-03-27 02:30:00,3,5,4,3,15
2024-03-27 02:40:00,0,0,4,4,8
2024-03-27 02:50:00,4,6,1,3,14
2024-03-27 03:00:00,5,4,3,1,13
2024-03-27 03:10:00,2,3,2,4,11
2024-03-27 03:20:00,3,3,5,4,15
2024-03-27 03:30:00,1,2,5,5,13
2024-03-27 03:40:00,0,1,5,5,11
2024-03-27 03:50:00,3,2,8,5,18
2024-03-27 04:00:00,0,1,3,3,7
2024-03-27 04:10:00,3,6,2,2,13
2024-03-27 04:20:00,7,7,5,5,24
2024-03-27 04:30:00,5,6,8,7,26
2024-03-27 04:40:00,7,11,6,5,29
2024-03-27 04:50:00,5,5,5,5,20
2024-03-27 05:00:00,6,9,8,9,32
2024-03-27 05:10:00,10,11,10,11,42
2024-03-27 05:20:00,10,10,6,7,33
2024-03-27 05:30:00,9,11,18,21,59
2024-03-27 05:40:00,18,22,21,20,81
2024-03-27 05:50:00,16,20,31,34,101
2024-03-27 06:00:00,24,23,19,20,86
2024-03-27 06:10:00,25,24,22,25,96
2024-03-27 06:20:00,40,40,36,38,154
2024-03-27 06:30:00,33,28,43,47,151
2024-03-27 06:40:00,33,30,47,48,158
2024-03-27 06:50:00,42,37,49,48,176
2024-03-27 07:00:00,42,37,41,45,165
2024-03-27 07:10:00,37,32,41,43,153
2024-03-27 07:20:00,38,31,46,56,171
2024-03-27 07:30:00,40,30,45,51,166
2024-03-27 07:40:00,41,26,67,72,206
2024-03-27 07:50:00,36,32,44,50,162
2024-03-27 08:00:00,37,33,48,56,174
2024-03-27 08:10:00,36,28,55,59,178
2024-03-27 08:20:00,34,24,56,60,174
2024-03-27 08:30:00,40,33,57,58,188
2024-03-27 08:40:00,36,29,61,74,200
2024-03-27 08:50:00,32,25,61,65,183
2024-03-27 09:00:00,34,30,49,52,165
2024-03-27 09:10:00,37,28,61,65,191
2024-03-27 09:20:00,33,28,51,57,169
2024-03-27 09:30:00,29,28,62,66,185
2024-03-27 09:40:00,27,22,60,63,172
2024-03-27 09:50:00,36,30,57,61,184
2024-03-27 10:00:00,33,33,58,65,189
2024-03-27 10:10:00,39,31,54,61,185
2024-03-27 10:20:00,33,27,43,42,145
2024-03-27 10:30:00,34,28,73,79,214
2024-03-27 10:40:00,32,33,53,62,180
2024-03-27 10:50:00,47,44,59,68,218
2024-03-27 11:00:00,41,37,58,63,199
2024-03-27 11:10:00,27,21,63,69,180
2024-03-27 11:20:00,37,27,47,51,162
2024-03-27 11:30:00,53,46,46,52,197
2024-03-27 11:40:00,40,30,48,56,174
2024-03-27 11:50:00,50,42,54,60,206
2024-03-27 12:00:00,48,36,55,66,205
2024-03-27 12:10:00,54,45,64,67,230
2024-03-27 12:20:00,43,38,55,61,197
2024-03-27 12:30:00,39,35,67,70,211
2024-03-27 12:40:00,44,38,57,67,206
2024-03-27 12:50:00,40,37,54,58,189
2024-03-27 13:00:00,48,47,63,71,229
2024-03-27 13:10:00,49,45,77,83,254
2024-03-27 13:20:00,47,40,69,74,230
2024-03-27 13:30:00,44,41,70,74,229
2024-03-27 13:40:00,41,40,65,76,222
2024-03-27 13:50:00,32,30,69,81,212
2024-03-27 14:00:00,53,46,59,66,224
2024-03-27 14:10:00,53,45,59,66,223
2024-03-27 14:20:00,42,35,75,84,236
2024-03-27 14:30:00,48,40,69,79,236
2024-03-27 14:40:00,47,33,58,66,204
2024-03-27 14:50:00,55,44,71,84,254
2024-03-27 15:00:00,49,41,76,88,254
2024-03-27 15:10:00,51,37,73,77,238
2024-03-27 15:20:00,47,40,76,92,255
2024-03-27 15:30:00,58,47,78,86,269
2024-03-27 15:40:00,41,31,64,76,212
2024-03-27 15:50:00,54,50,78,93,275
2024-03-27 16:00:00,51,39,79,80,249
2024-03-27 16:10:00,61,50,72,77,260
2024-03-27 16:20:00,62,45,72,79,258
2024-03-27 16:30:00,49,35,99,108,291
2024-03-27 16:40:00,62,43,82,86,273
2024-03-27 16:50:00,52,44,80,91,267
2024-03-27 17:00:00,48,33,62,76,219
2024-03-27 17:10:00,50,33,77,87,247
2024-03-27 17:20:00,33,28,84,94,239
2024-03-27 17:30:00,43,27,88,117,275
2024-03-27 17:40:00,55,38,72,86,251
2024-03-27 17:50:00,45,26,58,70,199
2024-03-27 18:00:00,53,35,62,74,224
2024-03-27 18:10:00,39,28,61,76,204
2024-03-27 18:20:00,47,35,34,60,176
2024-03-27 18:30:00,37,20,64,102,223
2024-03-27 18:40:00,47,26,37,59,169
2024-03-27 18:50:00,34,19,36,56,145
2024-03-27 19:00:00,30,26,35,51,142
2024-03-27 19:10:00,33,25,32,48,138
2024-03-27 19:20:00,39,33,36,57,165
2024-03-27 19:30:00,30,30,31,46,137
2024-03-27 19:40:00,26,22,26,43,117
2024-03-27 19:50:00,20,19,35,43,117
2024-03-27 20:00:00,26,24,28,41,119
2024-03-27 20:10:00,20,15,35,55,125
2024-03-27 20:20:00,32,27,25,43,127
2024-03-27 20:30:00,27,28,30,34,119
2024-03-27 20:40:00,14,15,31,38,98
2024-03-27 20:50:00,31,26,22,30,109
2024-03-27 21:00:00,26,20,17,22,85
2024-03-27 21:10:00,17,17,30,37,101
2024-03-27 21:20:00,21,21,24,32,98
2024-03-27 21:30:00,14,16,27,30,87
2024-03-27 21:40:00,18,22,26,33,99
2024-03-27 21:50:00,24,22,24,28,98
2024-03-27 22:00:00,32,27,29,31,119
2024-03-27 22:10:00,17,20,20,24,81
2024-03-27 22:20:00,19,20,24,27,90
2024-03-27 22:30:00,15,17,28,34,94
2024-03-27 22:40:00,15,15,17,17,64
2024-03-27 22:50:00,15,21,15,19,70
2024-03-27 23:00:00,18,21,27,33,99
2024-03-27 23:10:00,12,13,23,24,72
2024-03-27 23:20:00,11,14,15,18,58
2024-03-27 23:30:00,12,13,12,16,53
2024-03-27 23:40:00,12,13,20,20,65
2024-03-27 23:50:00,14,17,6,10,47
2024-03-28 00:00:00,7,13,11,14,45
2024-03-28 00:10:00,5,5,13,12,35
2024-03-28 00:20:00,9,7,8,10,34
2024-03-28 00:30:00,11,10,13,16,50
2024-03-28 00:40:00,5,9,7,6,27
2024-03-28 00:50:00,3,6,3,3,15
2024-03-28 01:00:00,7,5,8,9,29
2024-03-28 01:10:00,3,5,11,9,28
2024-03-28 01:20:00,4,4,3,3,14
2024-03-28 01:30:00,2,2,3,4,11
2024-03-28 01:40:00,3,5,2,2,12
2024-03-28 01:50:00,1,1,4,3,9
2024-03-28 02:00:00,1,1,1,1,4
2024-03-28 02:10:00,2,0,2,3,7
2024-03-28 02:20:00,2,3,4,3,12
2024-03-28 02:30:00,1,1,4,5,11
2024-03-28 02:40:00,3,3,2,2,10
2024-03-28 02:50:00,2,2,2,2,8
2024-03-28 03:00:00,4,5,1,3,13
2024-03-28 03:10:00,2,2,3,3,10
2024-03-28 03:20:00,2,1,2,2,7
2024-03-28 03:30:00,4,5,2,3,14
2024-03-28 03:40:00,3,3,2,4,12
2024-03-28 03:50:00,6,5,7,6,24
2024-03-28 04:00:00,1,1,2,3,7
2024-03-28 04:10:00,1,1,2,2,6
2024-03-28 04:20:00,4,3,5,6,18
2024-03-28 04:30:00,6,8,3,3,20
2024-03-28 04:40:00,6,8,10,9,33
2024-03-28 04:50:00,4,3,6,3,16
2024-03-28 05:00:00,8,10,7,5,30
2024-03-28 05:10:00,10,12,5,5,32
2024-03-28 05:20:00,5,7,11,10,33
2024-03-28 05:30:00,9,14,16,18,57
2024-03-28 05:40:00,21,23,20,25,89
2024-03-28 05:50:00,14,16,35,38,103
2024-03-28 06:00:00,15,14,24,27,80
2024-03-28 06:10:00,23,20,25,28,96
2024-03-28 06:20:00,32,27,39,42,140
2024-03-28 06:30:00,39,35,32,35,141
2024-03-28 06:40:00,34,29,46,49,158
2024-03-28 06:50:00,35,33,38,44,150
2024-03-28 07:00:00,37,26,52,56,171
2024-03-28 07:10:00,24,23,31,38,116
2024-03-28 07:20:00,33,29,41,43,146
2024-03-28 07:30:00,36,28,66,74,204
2024-03-28 07:40:00,27,23,50,55,155
2024-03-28 07:50:00,31,32,41,45,149
2024-03-28 08:00:00,34,28,53,58,173
2024-03-28 08:10:00,39,35,45,52,171
2024-03-28 08:20:00,31,30,40,42,143
2024-03-28 08:30:00,25,21,58,66,170
2024-03-28 08:40:00,32,28,55,58,173
2024-03-28 08:50:00,28,20,53,53,154
2024-03-28 09:00:00,37,28,55,63,183
2024-03-28 09:10:00,39,25,61,65,190
2024-03-28 09:20:00,30,24,46,52,152
2024-03-28 09:30:00,35,31,52,57,175
2024-03-28 09:40:00,32,28,65,69,194
2024-03-28 09:50:00,44,33,62,68,207
2024-03-28 10:00:00,26,25,57,61,169
2024-03-28 10:10:00,32,26,57,63,178
2024-03-28 10:20:00,27,27,69,71,194
2024-03-28 10:30:00,24,22,66,65,177
2024-03-28 10:40:00,36,36,64,62,198
2024-03-28 10:50:00,36,34,74,80,224
2024-03-28 11:00:00,43,34,56,72,205
2024-03-28 11:10:00,41,43,53,60,197
2024-03-28 11:20:00,46,42,57,61,206
2024-03-28 11:30:00,60,51,53,58,222
2024-03-28 11:40:00,44,39,63,68,214
2024-03-28 11:50:00,42,39,71,76,228
2024-03-28 12:00:00,36,37,68,74,215
2024-03-28 12:10:00,50,35,55,61,201
2024-03-28 12:20:00,67,52,63,66,248
2024-03-28 12:30:00,48,44,70,74,236
2024-03-28 12:40:00,55,49,71,86,261
2024-03-28 12:50:00,52,55,53,61,221
2024-03-28 13:00:00,53,55,65,72,245
2024-03-28 13:10:00,44,48,93,104,289
2024-03-28 13:20:00,37,41,64,66,208
2024-03-28 13:30:00,30,32,74,79,215
2024-03-28 13:40:00,43,40,62,71,216
2024-03-28 13:50:00,49,47,62,69,227
2024-03-28 14:00:00,52,52,84,88,276
2024-03-28 14:10:00,39,35,61,70,205
2024-03-28 14:20:00,25,26,94,109,254
2024-03-28 14:30:00,55,48,71,76,250
2024-03-28 14:40:00,66,51,68,79,264
2024-03-28 14:50:00,44,35,67,80,226
2024-03-28 15:00:00,54,46,68,71,239
2024-03-28 15:10:00,56,54,82,97,289
2024-03-28 15:20:00,51,47,93,105,296
2024-03-28 15:30:00,61,65,74,85,285
2024-03-28 15:40:00,56,47,84,93,280
2024-03-28 15:50:00,39,34,86,94,253
2024-03-28 16:00:00,61,56,81,83,281
2024-03-28 16:10:00,58,51,83,94,286
2024-03-28 16:20:00,54,44,87,98,283
2024-03-28 16:30:00,47,30,72,75,224
2024-03-28 16:40:00,48,44,83,96,271
2024-03-28 16:50:00,45,39,93,107,284
2024-03-28 17:00:00,57,52,70,82,261
2024-03-28 17:10:00,48,49,76,93,266
2024-03-28 17:20:00,54,53,66,71,244
2024-03-28 17:30:00,46,47,90,97,280
2024-03-28 17:40:00,53,45,75,88,261
2024-03-28 17:50:00,59,48,66,80,253
2024-03-28 18:00:00,55,47,48,62,212
2024-03-28 18:10:00,60,50,61,69,240
2024-03-28 18:20:00,49,45,80,71,245
2024-03-28 18:30:00,56,54,67,68,245
2024-03-28 18:40:00,33,34,60,62,189
2024-03-28 18:50:00,34,30,62,67,193
2024-03-28 19:00:00,30,25,48,60,163
2024-03-28 19:10:00,31,36,44,54,165
2024-03-28 19:20:00,19,27,44,51,141
2024-03-28 19:30:00,29,36,41,47,153
2024-03-28 19:40:00,37,40,46,51,174
2024-03-28 19:50:00,30,34,32,43,139
2024-03-28 20:00:00,25,28,60,60,173
2024-03-28 20:10:00,22,22,37,49,130
2024-03-28 20:20:00,32,35,44,51,162
2024-03-28 20:30:00,21,28,46,51,146
2024-03-28 20:40:00,27,31,33,37,128
2024-03-28 20:50:00,31,27,40,52,150
2024-03-28 21:00:00,24,23,39,46,132
2024-03-28 21:10:00,23,27,26,35,111
2024-03-28 21:20:00,35,37,27,36,135
2024-03-28 21:30:00,16,18,16,22,72
2024-03-28 21:40:00,21,22,28,30,101
2024-03-28 21:50:00,24,25,23,28,100
2024-03-28 22:00:00,26,30,37,40,133
2024-03-28 22:10:00,31,39,30,34,134
2024-03-28 22:20:00,34,36,36,44,150
2024-03-28 22:30:00,21,24,34,41,120
2024-03-28 22:40:00,19,24,32,41,116
2024-03-28 22:50:00,17,24,27,29,97
2024-03-28 23:00:00,23,22,20,23,88
2024-03-28 23:10:00,19,16,19,23,77
2024-03-28 23:20:00,20,31,28,31,110
2024-03-28 23:30:00,15,19,20,22,76
2024-03-28 23:40:00,16,16,22,23,77
2024-03-28 23:50:00,20,18,18,18,74
2024-03-29 00:00:00,10,12,17,16,55
2024-03-29 00:10:00,15,18,17,19,69
2024-03-29 00:20:00,16,20,20,21,77
2024-03-29 00:30:00,12,14,21,30,77
2024-03-29 00:40:00,15,18,22,21,76
2024-03-29 00:50:00,11,11,11,11,44
2024-03-29 01:00:00,6,7,15,14,42
2024-03-29 01:10:00,4,4,11,13,32
2024-03-29 01:20:00,5,6,4,3,18
2024-03-29 01:30:00,10,11,12,14,47
2024-03-29 01:40:00,7,9,4,4,24
2024-03-29 01:50:00,5,6,9,10,30
2024-03-29 02:00:00,3,4,3,6,16
2024-03-29 02:10:00,4,9,9,13,35
2024-03-29 02:20:00,2,3,9,10,24
2024-03-29 02:30:00,8,6,4,7,25
2024-03-29 02:40:00,5,7,9,9,30
2024-03-29 02:50:00,7,11,5,3,26
2024-03-29 03:00:00,4,4,5,8,21
2024-03-29 03:10:00,7,6,6,6,25
2024-03-29 03:20:00,5,7,6,9,27
2024-03-29 03:30:00,5,6,3,7,21
2024-03-29 03:40:00,1,2,3,4,10
2024-03-29 03:50:00,2,3,4,5,14
2024-03-29 04:00:00,2,2,7,7,18
2024-03-29 04:10:00,1,1,3,4,9
2024-03-29 04:20:00,7,4,6,5,22
2024-03-29 04:30:00,6,6,4,5,21
2024-03-29 04:40:00,3,3,11,10,27
2024-03-29 04:50:00,3,3,4,5,15
2024-03-29 05:00:00,3,2,10,9,24
2024-03-29 05:10:00,5,6,5,4,20
2024-03-29 05:20:00,2,3,12,12,29
2024-03-29 05:30:00,7,5,15,16,43
2024-03-29 05:40:00,5,5,12,13,35
2024-03-29 05:50:00,4,5,11,12,32
2024-03-29 06:00:00,5,5,6,7,23
2024-03-29 06:10:00,4,4,9,10,27
2024-03-29 06:20:00,10,7,14,15,46
2024-03-29 06:30:00,6,6,12,12,36
2024-03-29 06:40:00,8,8,2,2,20
2024-03-29 06:50:00,7,6,5,5,23
2024-03-29 07:00:00,7,8,5,5,25
2024-03-29 07:10:00,7,7,9,9,32
2024-03-29 07:20:00,6,4,3,5,18
2024-03-29 07:30:00,6,5,9,9,29
2024-03-29 07:40:00,8,7,10,10,35
2024-03-29 07:50:00,7,6,6,6,25
2024-03-29 08:00:00,11,12,9,9,41
2024-03-29 08:10:00,18,16,14,14,62
2024-03-29 08:20:00,10,9,15,15,49
2024-03-29 08:30:00,11,9,12,12,44
2024-03-29 08:40:00,10,10,13,14,47
2024-03-29 08:50:00,9,10,15,15,49
2024-03-29 09:00:00,9,7,14,15,45
2024-03-29 09:10:00,11,9,9,9,38
2024-03-29 09:20:00,13,12,19,19,63
2024-03-29 09:30:00,11,9,15,15,50
2024-03-29 09:40:00,15,15,21,22,73
2024-03-29 09:50:00,8,6,20,21,55
2024-03-29 10:00:00,11,9,16,15,51
2024-03-29 10:10:00,13,13,28,28,82
2024-03-29 10:20:00,13,11,20,17,61
2024-03-29 10:30:00,21,18,21,21,81
2024-03-29 10:40:00,15,14,16,16,61
2024-03-29 10:50:00,13,11,28,30,82
2024-03-29 11:00:00,17,16,22,20,75
2024-03-29 11:10:00,18,17,24,25,84
2024-03-29 11:20:00,23,20,35,38,116
2024-03-29 11:30:00,14,11,32,32,89
2024-03-29 11:40:00,17,18,29,29,93
2024-03-29 11:50:00,19,18,26,27,90
2024-03-29 12:00:00,23,21,27,28,99
2024-03-29 12:10:00,33,26,49,51,159
2024-03-29 12:20:00,32,27,37,37,133
2024-03-29 12:30:00,29,28,53,54,164
2024-03-29 12:40:00,21,20,44,44,129
2024-03-29 12:50:00,30,23,48,50,151
2024-03-29 13:00:00,21,20,33,34,108
2024-03-29 13:10:00,30,26,40,43,139
2024-03-29 13:20:00,38,34,43,44,159
2024-03-29 13:30:00,35,28,35,35,133
2024-03-29 13:40:00,58,51,39,43,191
2024-03-29 13:50:00,32,28,35,38,133
2024-03-29 14:00:00,35,31,32,34,132
2024-03-29 14:10:00,31,29,41,42,143
2024-03-29 14:20:00,45,39,40,43,167
2024-03-29 14:30:00,33,28,54,53,168
2024-03-29 14:40:00,38,35,52,52,177
2024-03-29 14:50:00,30,25,49,52,156
2024-03-29 15:00:00,38,34,33,35,140
2024-03-29 15:10:00,26,24,36,37,123
2024-03-29 15:20:00,34,31,44,48,157
2024-03-29 15:30:00,35,27,47,51,160
2024-03-29 15:40:00,31,28,38,39,136
2024-03-29 15:50:00,30,26,49,50,155
2024-03-29 16:00:00,27,24,42,44,137
2024-03-29 16:10:00,29,24,42,44,139
2024-03-29 16:20:00,32,21,43,44,140
2024-03-29 16:30:00,23,24,36,37,120
2024-03-29 16:40:00,39,34,41,45,159
2024-03-29 16:50:00,30,29,37,38,134
2024-03-29 17:00:00,33,29,41,46,149
2024-03-29 17:10:00,35,30,40,52,157
2024-03-29 17:20:00,32,26,47,51,156
2024-03-29 17:30:00,23,20,32,38,113
2024-03-29 17:40:00,30,28,41,43,142
2024-03-29 17:50:00,25,23,37,41,126
2024-03-29 18:00:00,32,35,34,34,135
2024-03-29 18:10:00,36,31,34,39,140
2024-03-29 18:20:00,35,32,51,53,171
2024-03-29 18:30:00,18,18,38,46,120
2024-03-29 18:40:00,34,30,33,43,140
2024-03-29 18:50:00,28,23,33,36,120
2024-03-29 19:00:00,25,21,30,33,109
2024-03-29 19:10:00,39,28,21,32,120
2024-03-29 19:20:00,24,23,16,25,88
2024-03-29 19:30:00,21,17,22,34,94
2024-03-29 19:40:00,16,14,26,32,88
2024-03-29 19:50:00,19,21,20,23,83
2024-03-29 20:00:00,27,23,17,19,86
2024-03-29 20:10:00,26,27,34,43,130
2024-03-29 20:20:00,22,20,29,38,109
2024-03-29 20:30:00,26,22,36,42,126
2024-03-29 20:40:00,24,21,19,25,89
2024-03-29 20:50:00,25,22,23,27,97
2024-03-29 21:00:00,24,23,32,37,116
2024-03-29 21:10:00,22,23,17,30,92
2024-03-29 21:20:00,29,27,27,32,115
2024-03-29 21:30:00,24,18,21,25,88
2024-03-29 21:40:00,20,19,23,28,90
2024-03-29 21:50:00,25,22,19,23,89
2024-03-29 22:00:00,20,16,30,34,100
2024-03-29 22:10:00,24,23,23,25,95
2024-03-29 22:20:00,7,7,13,15,42
2024-03-29 22:30:00,14,13,24,27,78
2024-03-29 22:40:00,22,17,18,19,76
2024-03-29 22:50:00,21,18,17,19,75
2024-03-29 23:00:00,18,18,14,13,63
2024-03-29 23:10:00,11,11,14,15,51
2024-03-29 23:20:00,13,13,19,25,70
2024-03-29 23:30:00,18,20,16,19,73
2024-03-29 23:40:00,10,11,19,20,60
2024-03-29 23:50:00,15,13,12,12,52
2024-03-30 00:00:00,11,7,17,16,51
2024-03-30 00:10:00,13,15,11,8,47
2024-03-30 00:20:00,9,8,9,8,34
2024-03-30 00:30:00,6,5,12,10,33
2024-03-30 00:40:00,11,8,11,13,43
2024-03-30 00:50:00,11,11,15,16,53
2024-03-30 01:00:00,11,12,16,13,52
2024-03-30 01:10:00,8,7,14,13,42
2024-03-30 01:20:00,14,9,9,11,43
2024-03-30 01:30:00,7,6,10,12,35
2024-03-30 01:40:00,10,11,16,16,53
2024-03-30 01:50:00,3,5,2,2,12
2024-03-30 02:00:00,6,6,8,9,29
2024-03-30 02:10:00,5,5,9,9,28
2024-03-30 02:20:00,2,1,9,11,23
2024-03-30 02:30:00,5,5,5,5,20
2024-03-30 02:40:00,5,5,10,11,31
2024-03-30 02:50:00,8,8,4,3,23
2024-03-30 03:00:00,5,5,4,4,18
2024-03-30 03:10:00,3,3,8,7,21
2024-03-30 03:20:00,4,4,5,5,18
2024-03-30 03:30:00,0,0,5,6,11
2024-03-30 03:40:00,2,2,2,2,8
2024-03-30 03:50:00,4,4,3,3,14
2024-03-30 04:00:00,5,5,5,4,19
2024-03-30 04:10:00,4,5,2,2,13
2024-03-30 04:20:00,6,5,2,2,15
2024-03-30 04:30:00,2,1,11,7,21
2024-03-30 04:40:00,3,1,8,9,21
2024-03-30 04:50:00,7,7,5,7,26
2024-03-30 05:00:00,6,5,8,9,28
2024-03-30 05:10:00,4,4,5,5,18
2024-03-30 05:20:00,5,4,10,9,28
2024-03-30 05:30:00,3,1,13,14,31
2024-03-30 05:40:00,5,7,10,9,31
2024-03-30 05:50:00,6,7,15,12,40
2024-03-30 06:00:00,3,3,9,9,24
2024-03-30 06:10:00,3,3,12,12,30
2024-03-30 06:20:00,6,4,7,7,24
2024-03-30 06:30:00,9,10,9,10,38
2024-03-30 06:40:00,8,9,8,8,33
2024-03-30 06:50:00,12,12,7,7,38
2024-03-30 07:00:00,4,3,9,11,27
2024-03-30 07:10:00,9,7,5,5,26
2024-03-30 07:20:00,9,10,17,21,57
2024-03-30 07:30:00,10,8,9,9,36
2024-03-30 07:40:00,7,6,11,14,38
2024-03-30 07:50:00,7,7,15,15,44
2024-03-30 08:00:00,6,6,9,9,30
2024-03-30 08:10:00,7,6,10,11,34
2024-03-30 08:20:00,11,9,25,28,73
2024-03-30 08:30:00,13,12,26,26,77
2024-03-30 08:40:00,8,8,20,23,59
2024-03-30 08:50:00,17,17,24,26,84
2024-03-30 09:00:00,13,10,20,21,64
2024-03-30 09:10:00,17,15,29,31,92
2024-03-30 09:20:00,19,17,32,34,102
2024-03-30 09:30:00,23,24,32,33,112
2024-03-30 09:40:00,25,21,51,50,147
2024-03-30 09:50:00,26,21,27,30,104
2024-03-30 10:00:00,29,27,50,50,156
2024-03-30 10:10:00,22,17,45,47,131
2024-03-30 10:20:00,23,21,37,41,122
2024-03-30 10:30:00,25,22,53,60,160
2024-03-30 10:40:00,28,25,43,47,143
2024-03-30 10:50:00,34,32,70,76,212
2024-03-30 11:00:00,27,23,55,57,162
2024-03-30 11:10:00,40,33,66,69,208
2024-03-30 11:20:00,34,32,55,58,179
2024-03-30 11:30:00,39,37,49,54,179
2024-03-30 11:40:00,26,25,45,47,143
2024-03-30 11:50:00,45,42,51,56,194
2024-03-30 12:00:00,38,33,52,55,178
2024-03-30 12:10:00,33,29,47,56,165
2024-03-30 12:20:00,31,30,66,69,196
2024-03-30 12:30:00,27,25,53,56,161
2024-03-30 12:40:00,38,32,75,78,223
2024-03-30 12:50:00,42,41,56,57,196
2024-03-30 13:00:00,40,35,64,67,206
2024-03-30 13:10:00,45,37,56,58,196
2024-03-30 13:20:00,36,29,63,69,197
2024-03-30 13:30:00,37,32,61,65,195
2024-03-30 13:40:00,34,30,59,74,197
2024-03-30 13:50:00,45,36,62,71,214
2024-03-30 14:00:00,37,38,68,70,213
2024-03-30 14:10:00,39,32,64,74,209
2024-03-30 14:20:00,53,39,55,60,207
2024-03-30 14:30:00,43,41,55,59,198
2024-03-30 14:40:00,39,36,60,65,200
2024-03-30 14:50:00,34,30,55,60,179
2024-03-30 15:00:00,38,36,43,48,165
2024-03-30 15:10:00,39,37,35,36,147
2024-03-30 15:20:00,36,36,60,65,197
2024-03-30 15:30:00,55,51,50,55,211
2024-03-30 15:40:00,35,35,38,44,152
2024-03-30 15:50:00,27,24,38,40,129
2024-03-30 16:00:00,33,33,48,52,166
2024-03-30 16:10:00,29,28,43,42,142
2024-03-30 16:20:00,30,27,44,49,150
2024-03-30 16:30:00,36,32,38,36,142
2024-03-30 16:40:00,40,35,58,57,190
2024-03-30 16:50:00,34,39,53,54,180
2024-03-30 17:00:00,35,32,43,46,156
2024-03-30 17:10:00,30,24,42,45,141
2024-03-30 17:20:00,26,22,43,47,138
2024-03-30 17:30:00,30,28,31,33,122
2024-03-30 17:40:00,35,37,39,43,154
2024-03-30 17:50:00,23,23,41,46,133
2024-03-30 18:00:00,22,22,38,40,122
2024-03-30 18:10:00,30,30,37,36,133
2024-03-30 18:20:00,32,29,40,47,148
2024-03-30 18:30:00,34,34,53,57,178
2024-03-30 18:40:00,25,22,35,40,122
2024-03-30 18:50:00,16,14,38,38,106
2024-03-30 19:00:00,29,30,35,37,131
2024-03-30 19:10:00,25,26,30,43,124
2024-03-30 19:20:00,19,23,32,45,119
2024-03-30 19:30:00,14,16,25,27,82
2024-03-30 19:40:00,20,31,34,38,123
2024-03-30 19:50:00,27,38,33,41,139
2024-03-30 20:00:00,23,28,33,42,126
2024-03-30 20:10:00,24,26,39,39,128
2024-03-30 20:20:00,20,25,36,40,121
2024-03-30 20:30:00,17,19,29,29,94
2024-03-30 20:40:00,18,24,33,43,118
2024-03-30 20:50:00,20,24,28,29,101
2024-03-30 21:00:00,16,19,21,20,76
2024-03-30 21:10:00,16,22,19,22,79
2024-03-30 21:20:00,18,23,23,24,88
2024-03-30 21:30:00,28,29,22,26,105
2024-03-30 21:40:00,26,24,33,37,120
2024-03-30 21:50:00,25,22,24,30,101
2024-03-30 22:00:00,22,26,35,45,128
2024-03-30 22:10:00,19,20,24,33,96
2024-03-30 22:20:00,15,19,25,32,91
2024-03-30 22:30:00,25,29,29,36,119
2024-03-30 22:40:00,28,42,25,25,120
2024-03-30 22:50:00,17,21,21,24,83
2024-03-30 23:00:00,16,20,32,35,103
2024-03-30 23:10:00,14,16,24,22,76
2024-03-30 23:20:00,27,24,18,26,95
2024-03-30 23:30:00,17,17,18,21,73
2024-03-30 23:40:00,12,12,19,19,62
2024-03-30 23:50:00,17,19,6,7,49
2024-03-31 00:00:00,15,16,16,16,63
2024-03-31 00:10:00,17,19,13,13,62
2024-03-31 00:20:00,15,19,10,11,55
2024-03-31 00:30:00,10,11,11,9,41
2024-03-31 00:40:00,22,28,19,18,87
2024-03-31 00:50:00,11,11,9,12,43
2024-03-31 01:00:00,12,18,9,9,48
2024-03-31 01:10:00,10,11,15,13,49
2024-03-31 01:20:00,8,6,7,8,29
2024-03-31 01:30:00,4,3,8,10,25
2024-03-31 01:40:00,3,3,13,12,31
2024-03-31 01:50:00,7,7,10,10,34
2024-03-31 02:00:00,0,0,0,0,0
2024-03-31 02:10:00,0,0,0,0,0
2024-03-31 02:20:00,0,0,0,0,0
2024-03-31 02:30:00,0,0,0,0,0
2024-03-31 02:40:00,0,0,0,0,0
2024-03-31 02:50:00,0,0,0,0,0
2024-03-31 03:00:00,0,0,0,0,0
2024-03-31 03:10:00,0,0,0,0,0
2024-03-31 03:20:00,0,0,0,0,0
2024-03-31 03:30:00,0,0,0,0,0
2024-03-31 03:40:00,0,0,0,0,0
2024-03-31 03:50:00,0,0,0,0,0
2024-03-31 04:00:00,5,4,7,8,24
2024-03-31 04:10:00,7,9,10,5,31
2024-03-31 04:20:00,5,4,6,6,21
2024-03-31 04:30:00,7,3,5,6,21
2024-03-31 04:40:00,6,6,12,10,34
2024-03-31 04:50:00,6,7,3,3,19
2024-03-31 05:00:00,7,6,7,7,27
2024-03-31 05:10:00,5,5,3,3,16
2024-03-31 05:20:00,7,6,6,7,26
2024-03-31 05:30:00,10,9,12,16,47
2024-03-31 05:40:00,14,14,8,6,42
2024-03-31 05:50:00,3,3,13,15,34
2024-03-31 06:00:00,7,9,7,8,31
2024-03-31 06:10:00,7,8,6,8,29
2024-03-31 06:20:00,4,3,12,13,32
2024-03-31 06:30:00,7,8,11,15,41
2024-03-31 06:40:00,7,8,5,6,26
2024-03-31 06:50:00,11,9,7,7,34
2024-03-31 07:00:00,2,2,6,7,17
2024-03-31 07:10:00,6,6,6,4,22
2024-03-31 07:20:00,2,2,11,12,27
2024-03-31 07:30:00,5,5,7,7,24
2024-03-31 07:40:00,1,1,10,12,24
2024-03-31 07:50:00,3,4,6,7,20
2024-03-31 08:00:00,5,3,6,6,20
2024-03-31 08:10:00,5,5,8,10,28
2024-03-31 08:20:00,5,11,7,7,30
2024-03-31 08:30:00,2,2,8,8,20
2024-03-31 08:40:00,7,8,10,11,36
2024-03-31 08:50:00,5,6,9,10,30
2024-03-31 09:00:00,6,6,14,12,38
2024-03-31 09:10:00,12,10,7,7,36
2024-03-31 09:20:00,2,2,20,22,46
2024-03-31 09:30:00,12,11,19,20,62
2024-03-31 09:40:00,8,6,16,18,48
2024-03-31 09:50:00,9,8,15,18,50
2024-03-31 10:00:00,12,10,18,20,60
2024-03-31 10:10:00,14,15,20,20,69
2024-03-31 10:20:00,15,12,23,23,73
2024-03-31 10:30:00,18,20,23,25,86
2024-03-31 10:40:00,25,21,25,23,94
2024-03-31 10:50:00,21,17,29,32,99
2024-03-31 11:00:00,21,19,23,24,87
2024-03-31 11:10:00,19,19,26,28,92
2024-03-31 11:20:00,19,19,19,19,76
2024-03-31 11:30:00,30,29,26,25,110
2024-03-31 11:40:00,17,18,39,40,114
2024-03-31 11:50:00,27,24,40,36,127
2024-03-31 12:00:00,33,30,35,37,135
2024-03-31 12:10:00,18,18,26,28,90
2024-03-31 12:20:00,28,26,35,36,125
2024-03-31 12:30:00,23,21,34,35,113
2024-03-31 12:40:00,26,25,29,33,113
2024-03-31 12:50:00,17,21,28,32,98
2024-03-31 13:00:00,25,25,33,35,118
2024-03-31 13:10:00,23,27,46,43,139
2024-03-31 13:20:00,26,26,31,35,118
2024-03-31 13:30:00,19,22,37,36,114
2024-03-31 13:40:00,24,25,43,45,137
2024-03-31 13:50:00,27,30,28,29,114
2024-03-31 14:00:00,27,25,46,49,147
2024-03-31 14:10:00,35,29,38,41,143
2024-03-31 14:20:00,27,29,45,45,146
2024-03-31 14:30:00,23,20,47,47,137
2024-03-31 14:40:00,24,21,33,34,112
2024-03-31 14:50:00,31,25,44,52,152
2024-03-31 15:00:00,24,21,38,41,124
2024-03-31 15:10:00,24,25,37,41,127
2024-03-31 15:20:00,24,21,31,31,107
2024-03-31 15:30:00,24,23,22,25,94
2024-03-31 15:40:00,32,31,34,36,133
2024-03-31 15:50:00,17,15,31,34,97
2024-03-31 16:00:00,29,26,24,27,106
2024-03-31 16:10:00,30,27,33,37,127
2024-03-31 16:20:00,26,24,36,36,122
2024-03-31 16:30:00,32,26,26,28,112
2024-03-31 16:40:00,28,23,40,44,135
2024-03-31 16:50:00,26,23,40,41,130
2024-03-31 17:00:00,33,34,50,53,170
2024-03-31 17:10:00,29,33,44,51,157
2024-03-31 17:20:00,24,21,35,36,116
2024-03-31 17:30:00,32,33,25,27,117
2024-03-31 17:40:00,37,41,49,51,178
2024-03-31 17:50:00,29,25,27,29,110
2024-03-31 18:00:00,22,18,32,35,107
2024-03-31 18:10:00,30,29,47,48,154
2024-03-31 18:20:00,31,26,44,48,149
2024-03-31 18:30:00,37,33,45,49,164
2024-03-31 18:40:00,28,29,35,33,125
2024-03-31 18:50:00,29,24,43,47,143
2024-03-31 19:00:00,27,34,27,30,118
2024-03-31 19:10:00,34,33,36,38,141
2024-03-31 19:20:00,22,24,51,56,153
2024-03-31 19:30:00,33,31,34,38,136
2024-03-31 19:40:00,38,33,35,37,143
2024-03-31 19:50:00,19,17,38,41,115
2024-03-31 20:00:00,21,19,21,21,82
2024-03-31 20:10:00,14,21,24,30,89
2024-03-31 20:20:00,26,33,24,29,112
2024-03-31 20:30:00,19,18,21,26,84
2024-03-31 20:40:00,21,19,27,31,98
2024-03-31 20:50:00,28,32,24,28,112
2024-03-31 21:00:00,22,24,21,24,91
2024-03-31 21:10:00,31,31,29,35,126
2024-03-31 21:20:00,22,27,30,37,116
2024-03-31 21:30:00,14,18,28,26,86
2024-03-31 21:40:00,13,16,34,42,105
2024-03-31 21:50:00,20,22,21,24,87
2024-03-31 22:00:00,25,32,31,31,119
2024-03-31 22:10:00,13,20,17,18,68
2024-03-31 22:20:00,17,18,18,23,76
2024-03-31 22:30:00,19,24,28,31,102
2024-03-31 22:40:00,16,22,19,21,78
2024-03-31 22:50:00,17,17,21,20,75
2024-03-31 23:00:00,19,20,14,18,71
2024-03-31 23:10:00,18,16,11,14,59
2024-03-31 23:20:00,21,13,12,14,60
2024-03-31 23:30:00,20,20,9,9,58
2024-03-31 23:40:00,18,18,26,25,87
2024-03-31 23:50:00,13,12,11,12,48
2024-04-01 00:00:00,14,11,17,19,61
2024-04-01 00:10:00,16,17,19,20,72
2024-04-01 00:20:00,17,12,16,17,62
2024-04-01 00:30:00,11,9,16,16,52
2024-04-01 00:40:00,12,12,18,19,61
2024-04-01 00:50:00,7,7,10,15,39
2024-04-01 01:00:00,6,4,18,13,41
2024-04-01 01:10:00,10,10,8,8,36
2024-04-01 01:20:00,6,5,10,7,28
2024-04-01 01:30:00,13,15,9,10,47
2024-04-01 01:40:00,10,11,11,12,44
2024-04-01 01:50:00,3,2,7,8,20
2024-04-01 02:00:00,9,6,7,7,29
2024-04-01 02:10:00,11,10,10,10,41
2024-04-01 02:20:00,7,5,6,5,23
2024-04-01 02:30:00,3,4,6,7,20
2024-04-01 02:40:00,6,6,3,3,18
2024-04-01 02:50:00,1,1,2,2,6
2024-04-01 03:00:00,1,2,4,5,12
2024-04-01 03:10:00,4,5,9,6,24
2024-04-01 03:20:00,8,7,4,4,23
2024-04-01 03:30:00,2,3,4,4,13
2024-04-01 03:40:00,2,2,7,7,18
2024-04-01 03:50:00,6,7,5,6,24
2024-04-01 04:00:00,3,3,4,4,14
2024-04-01 04:10:00,3,2,10,10,25
2024-04-01 04:20:00,8,9,8,7,32
2024-04-01 04:30:00,3,2,3,3,11
2024-04-01 04:40:00,7,7,8,7,29
2024-04-01 04:50:00,4,4,2,2,12
2024-04-01 05:00:00,3,3,8,8,22
2024-04-01 05:10:00,7,8,9,9,33
2024-04-01 05:20:00,6,5,8,8,27
2024-04-01 05:30:00,7,6,11,15,39
2024-04-01 05:40:00,5,5,10,12,32
2024-04-01 05:50:00,4,4,5,4,17
2024-04-01 06:00:00,10,9,8,9,36
2024-04-01 06:10:00,10,11,8,8,37
2024-04-01 06:20:00,9,9,13,20,51
2024-04-01 06:30:00,4,3,8,9,24
2024-04-01 06:40:00,6,5,5,5,21
2024-04-01 06:50:00,4,3,6,6,19
2024-04-01 07:00:00,3,4,1,1,9
2024-04-01 07:10:00,8,6,4,5,23
2024-04-01 07:20:00,5,6,8,9,28
2024-04-01 07:30:00,2,2,3,3,10
2024-04-01 07:40:00,5,5,6,6,22
2024-04-01 07:50:00,4,4,6,7,21
2024-04-01 08:00:00,4,5,8,9,26
2024-04-01 08:10:00,5,4,6,7,22
2024-04-01 08:20:00,4,4,7,7,22
2024-04-01 08:30:00,4,4,12,8,28
2024-04-01 08:40:00,6,5,5,5,21
2024-04-01 08:50:00,7,3,15,15,40
2024-04-01 09:00:00,4,2,6,7,19
2024-04-01 09:10:00,9,9,7,8,33
2024-04-01 09:20:00,4,4,14,14,36
2024-04-01 09:30:00,10,9,18,18,55
2024-04-01 09:40:00,8,7,16,18,49
2024-04-01 09:50:00,9,8,29,29,75
2024-04-01 10:00:00,9,7,13,14,43
2024-04-01 10:10:00,13,12,21,22,68
2024-04-01 10:20:00,6,5,20,21,52
2024-04-01 10:30:00,13,13,22,26,74
2024-04-01 10:40:00,10,9,21,21,61
2024-04-01 10:50:00,16,14,17,20,67
2024-04-01 11:00:00,15,14,17,21,67
2024-04-01 11:10:00,27,23,34,36,120
2024-04-01 11:20:00,22,19,23,24,88
2024-04-01 11:30:00,15,13,33,36,97
2024-04-01 11:40:00,15,15,22,22,74
2024-04-01 11:50:00,25,22,19,19,85
2024-04-01 12:00:00,17,15,39,39,110
2024-04-01 12:10:00,26,26,28,28,108
2024-04-01 12:20:00,28,23,43,43,137
2024-04-01 12:30:00,18,20,27,28,93
2024-04-01 12:40:00,22,19,33,33,107
2024-04-01 12:50:00,25,24,39,43,131
2024-04-01 13:00:00,24,21,31,32,108
2024-04-01 13:10:00,32,22,33,36,123
2024-04-01 13:20:00,15,14,39,39,107
2024-04-01 13:30:00,26,28,35,39,128
2024-04-01 13:40:00,21,23,31,31,106
2024-04-01 13:50:00,20,16,24,24,84
2024-04-01 14:00:00,29,26,27,29,111
2024-04-01 14:10:00,29,21,43,44,137
2024-04-01 14:20:00,26,25,38,39,128
2024-04-01 14:30:00,37,32,33,34,136
2024-04-01 14:40:00,25,21,51,51,148
2024-04-01 14:50:00,32,27,42,44,145
2024-04-01 15:00:00,22,22,34,38,116
2024-04-01 15:10:00,35,35,30,30,130
2024-04-01 15:20:00,34,30,41,44,149
2024-04-01 15:30:00,20,18,43,44,125
2024-04-01 15:40:00,37,33,39,40,149
2024-04-01 15:50:00,23,17,43,42,125
2024-04-01 16:00:00,29,24,29,29,111
2024-04-01 16:10:00,37,30,24,25,116
2024-04-01 16:20:00,31,24,48,48,151
2024-04-01 16:30:00,29,30,51,54,164
2024-04-01 16:40:00,31,27,37,40,135
2024-04-01 16:50:00,30,27,29,32,118
2024-04-01 17:00:00,26,21,39,42,128
2024-04-01 17:10:00,26,23,34,37,120
2024-04-01 17:20:00,27,26,46,48,147
2024-04-01 17:30:00,25,27,45,48,145
2024-04-01 17:40:00,37,37,41,45,160
2024-04-01 17:50:00,35,34,45,44,158
2024-04-01 18:00:00,26,18,36,45,125
2024-04-01 18:10:00,27,30,36,38,131
2024-04-01 18:20:00,27,26,37,38,128
2024-04-01 18:30:00,28,25,40,41,134
2024-04-01 18:40:00,24,21,41,41,127
2024-04-01 18:50:00,29,27,30,32,118
2024-04-01 19:00:00,34,27,43,47,151
2024-04-01 19:10:00,21,24,39,42,126
2024-04-01 19:20:00,35,31,51,53,170
2024-04-01 19:30:00,29,26,40,43,138
2024-04-01 19:40:00,25,26,32,31,114
2024-04-01 19:50:00,28,23,28,28,107
2024-04-01 20:00:00,27,25,35,36,123
2024-04-01 20:10:00,23,20,25,30,98
2024-04-01 20:20:00,21,20,27,30,98
2024-04-01 20:30:00,14,9,19,38,80
2024-04-01 20:40:00,16,15,19,32,82
2024-04-01 20:50:00,23,26,23,30,102
2024-04-01 21:00:00,16,16,24,31,87
2024-04-01 21:10:00,23,20,30,40,113
2024-04-01 21:20:00,25,32,36,48,141
2024-04-01 21:30:00,24,24,28,38,114
2024-04-01 21:40:00,29,29,30,38,126
2024-04-01 21:50:00,11,14,27,29,81
2024-04-01 22:00:00,16,18,24,25,83
2024-04-01 22:10:00,13,11,24,21,69
2024-04-01 22:20:00,19,25,18,20,82
2024-04-01 22:30:00,14,20,14,16,64
2024-04-01 22:40:00,14,18,15,17,64
2024-04-01 22:50:00,16,17,21,27,81
2024-04-01 23:00:00,9,6,15,17,47
2024-04-01 23:10:00,16,25,20,20,81
2024-04-01 23:20:00,12,14,18,20,64
2024-04-01 23:30:00,12,19,15,14,60
2024-04-01 23:40:00,25,31,18,15,89
2024-04-01 23:50:00,9,11,12,14,46
2024-04-02 00:00:00,12,21,14,13,60
2024-04-02 00:10:00,8,10,19,15,52
2024-04-02 00:20:00,17,23,7,5,52
2024-04-02 00:30:00,7,14,6,7,34
2024-04-02 00:40:00,6,9,5,7,27
2024-04-02 00:50:00,8,11,4,5,28
2024-04-02 01:00:00,4,6,8,8,26
2024-04-02 01:10:00,1,2,2,2,7
2024-04-02 01:20:00,4,5,8,9,26
2024-04-02 01:30:00,2,3,3,3,11
2024-04-02 01:40:00,6,6,6,6,24
2024-04-02 01:50:00,7,10,1,1,19
2024-04-02 02:00:00,7,7,2,1,17
2024-04-02 02:10:00,3,3,1,2,9
2024-04-02 02:20:00,5,5,1,1,12
2024-04-02 02:30:00,0,0,3,3,6
2024-04-02 02:40:00,2,2,1,2,7
2024-04-02 02:50:00,4,5,2,3,14
2024-04-02 03:00:00,2,3,3,4,12
2024-04-02 03:10:00,0,0,1,1,2
2024-04-02 03:20:00,4,6,5,5,20
2024-04-02 03:30:00,3,4,0,0,7
2024-04-02 03:40:00,4,5,6,5,20
2024-04-02 03:50:00,1,0,4,3,8
2024-04-02 04:00:00,1,2,1,1,5
2024-04-02 04:10:00,3,4,6,5,18
2024-04-02 04:20:00,3,5,7,6,21
2024-04-02 04:30:00,3,3,1,1,8
2024-04-02 04:40:00,6,8,6,7,27
2024-04-02 04:50:00,4,6,3,4,17
2024-04-02 05:00:00,12,16,4,3,35
2024-04-02 05:10:00,6,9,16,17,48
2024-04-02 05:20:00,12,15,7,9,43
2024-04-02 05:30:00,10,13,13,15,51
2024-04-02 05:40:00,23,28,12,18,81
2024-04-02 05:50:00,13,18,15,19,65
2024-04-02 06:00:00,26,32,34,31,123
2024-04-02 06:10:00,20,23,25,29,97
2024-04-02 06:20:00,28,35,31,30,124
2024-04-02 06:30:00,40,42,33,37,152
2024-04-02 06:40:00,29,41,33,32,135
2024-04-02 06:50:00,41,49,41,41,172
2024-04-02 07:00:00,38,47,40,44,169
2024-04-02 07:10:00,28,25,38,44,135
2024-04-02 07:20:00,30,27,60,63,180
2024-04-02 07:30:00,37,34,47,50,168
2024-04-02 07:40:00,32,26,52,59,169
2024-04-02 07:50:00,30,33,53,54,170
2024-04-02 08:00:00,39,28,49,56,172
2024-04-02 08:10:00,35,33,43,51,162
2024-04-02 08:20:00,32,24,38,43,137
2024-04-02 08:30:00,38,37,49,58,182
2024-04-02 08:40:00,21,21,56,61,159
2024-04-02 08:50:00,44,35,51,52,182
2024-04-02 09:00:00,28,23,44,46,141
2024-04-02 09:10:00,30,27,46,48,151
2024-04-02 09:20:00,34,29,58,61,182
2024-04-02 09:30:00,32,29,48,50,159
2024-04-02 09:40:00,33,30,64,67,194
2024-04-02 09:50:00,34,25,59,64,182
2024-04-02 10:00:00,32,25,55,59,171
2024-04-02 10:10:00,19,21,45,48,133
2024-04-02 10:20:00,35,33,48,51,167
2024-04-02 10:30:00,28,24,66,65,183
2024-04-02 10:40:00,37,34,68,70,209
2024-04-02 10:50:00,38,34,60,62,194
2024-04-02 11:00:00,35,28,62,65,190
2024-04-02 11:10:00,47,41,59,68,215
2024-04-02 11:20:00,32,29,42,46,149
2024-04-02 11:30:00,43,35,58,62,198
2024-04-02 11:40:00,37,32,47,54,170
2024-04-02 11:50:00,31,28,49,52,160
2024-04-02 12:00:00,41,33,56,62,192
2024-04-02 12:10:00,42,38,51,54,185
2024-04-02 12:20:00,40,36,51,56,183
2024-04-02 12:30:00,35,28,47,52,162
2024-04-02 12:40:00,25,25,59,67,176
2024-04-02 12:50:00,39,35,52,57,183
2024-04-02 13:00:00,37,31,46,61,175
2024-04-02 13:10:00,37,37,67,71,212
2024-04-02 13:20:00,47,42,64,76,229
2024-04-02 13:30:00,39,36,63,67,205
2024-04-02 13:40:00,36,32,36,38,142
2024-04-02 13:50:00,36,33,68,72,209
2024-04-02 14:00:00,42,37,67,72,218
2024-04-02 14:10:00,51,37,49,53,190
2024-04-02 14:20:00,33,29,61,70,193
2024-04-02 14:30:00,40,32,59,67,198
2024-04-02 14:40:00,46,43,68,78,235
2024-04-02 14:50:00,42,35,64,87,228
2024-04-02 15:00:00,45,39,64,68,216
2024-04-02 15:10:00,51,47,77,82,257
2024-04-02 15:20:00,44,38,72,78,232
2024-04-02 15:30:00,55,39,83,88,265
2024-04-02 15:40:00,35,32,65,71,203
2024-04-02 15:50:00,49,38,66,71,224
2024-04-02 16:00:00,64,51,83,98,296
2024-04-02 16:10:00,60,52,69,72,253
2024-04-02 16:20:00,62,41,55,62,220
2024-04-02 16:30:00,47,37,79,94,257
2024-04-02 16:40:00,40,35,73,80,228
2024-04-02 16:50:00,52,45,64,76,237
2024-04-02 17:00:00,50,43,81,107,281
2024-04-02 17:10:00,59,52,68,74,253
2024-04-02 17:20:00,48,52,69,87,256
2024-04-02 17:30:00,40,35,69,76,220
2024-04-02 17:40:00,43,41,57,63,204
2024-04-02 17:50:00,37,38,58,66,199
2024-04-02 18:00:00,37,41,65,64,207
2024-04-02 18:10:00,43,51,47,54,195
2024-04-02 18:20:00,34,33,46,52,165
2024-04-02 18:30:00,34,34,59,63,190
2024-04-02 18:40:00,28,26,43,52,149
2024-04-02 18:50:00,22,18,44,55,139
2024-04-02 19:00:00,25,21,39,45,130
2024-04-02 19:10:00,31,26,60,69,186
2024-04-02 19:20:00,33,30,56,53,172
2024-04-02 19:30:00,30,28,38,44,140
2024-04-02 19:40:00,24,23,35,42,124
2024-04-02 19:50:00,27,27,36,37,127
2024-04-02 20:00:00,19,15,33,38,105
2024-04-02 20:10:00,19,18,26,30,93
2024-04-02 20:20:00,22,22,25,26,95
2024-04-02 20:30:00,25,28,24,27,104
2024-04-02 20:40:00,19,20,24,27,90
2024-04-02 20:50:00,18,25,20,20,83
2024-04-02 21:00:00,17,21,24,28,90
2024-04-02 21:10:00,28,34,29,33,124
2024-04-02 21:20:00,15,21,29,32,97
2024-04-02 21:30:00,18,17,21,26,82
2024-04-02 21:40:00,10,13,28,31,82
2024-04-02 21:50:00,20,25,23,28,96
2024-04-02 22:00:00,17,15,19,24,75
2024-04-02 22:10:00,13,13,18,22,66
2024-04-02 22:20:00,17,24,22,27,90
2024-04-02 22:30:00,9,14,17,18,58
2024-04-02 22:40:00,17,20,17,17,71
2024-04-02 22:50:00,14,17,23,24,78
2024-04-02 23:00:00,19,28,20,18,85
2024-04-02 23:10:00,14,19,14,15,62
2024-04-02 23:20:00,9,14,15,16,54
2024-04-02 23:30:00,9,13,9,9,40
2024-04-02 23:40:00,14,15,6,9,44
2024-04-02 23:50:00,12,12,22,24,70
2024-04-03 00:00:00,12,14,17,17,60
2024-04-03 00:10:00,7,8,9,9,33
2024-04-03 00:20:00,4,5,2,3,14
2024-04-03 00:30:00,5,9,9,10,33
2024-04-03 00:40:00,5,5,7,6,23
2024-04-03 00:50:00,3,5,12,13,33
2024-04-03 01:00:00,5,4,10,10,29
2024-04-03 01:10:00,4,6,6,6,22
2024-04-03 01:20:00,5,8,5,5,23
2024-04-03 01:30:00,4,3,3,3,13
2024-04-03 01:40:00,4,7,7,6,24
2024-04-03 01:50:00,2,4,7,7,20
2024-04-03 02:00:00,4,4,6,6,20
2024-04-03 02:10:00,3,4,5,5,17
2024-04-03 02:20:00,4,3,3,3,13
2024-04-03 02:30:00,5,4,3,4,16
2024-04-03 02:40:00,0,0,5,6,11
2024-04-03 02:50:00,4,7,4,3,18
2024-04-03 03:00:00,3,2,4,4,13
2024-04-03 03:10:00,3,6,5,8,22
2024-04-03 03:20:00,3,5,3,6,17
2024-04-03 03:30:00,1,1,2,2,6
2024-04-03 03:40:00,3,4,0,0,7
2024-04-03 03:50:00,3,2,6,6,17
2024-04-03 04:00:00,2,3,8,8,21
2024-04-03 04:10:00,3,3,4,4,14
2024-04-03 04:20:00,7,7,4,3,21
2024-04-03 04:30:00,3,5,6,5,19
2024-04-03 04:40:00,5,8,8,8,29
2024-04-03 04:50:00,4,5,4,2,15
2024-04-03 05:00:00,12,18,5,5,40
2024-04-03 05:10:00,7,8,4,4,23
2024-04-03 05:20:00,15,15,15,14,59
2024-04-03 05:30:00,12,10,13,15,50
2024-04-03 05:40:00,16,17,16,16,65
2024-04-03 05:50:00,26,26,24,25,101
2024-04-03 06:00:00,19,16,20,24,79
2024-04-03 06:10:00,18,19,29,28,94
2024-04-03 06:20:00,26,29,34,32,121
2024-04-03 06:30:00,37,40,33,39,149
2024-04-03 06:40:00,33,40,38,34,145
2024-04-03 06:50:00,40,36,41,42,159
2024-04-03 07:00:00,42,40,30,36,148
2024-04-03 07:10:00,25,21,51,53,150
2024-04-03 07:20:00,34,31,61,66,192
2024-04-03 07:30:00,37,34,52,57,180
2024-04-03 07:40:00,30,27,53,53,163
2024-04-03 07:50:00,33,28,52,63,176
2024-04-03 08:00:00,31,28,47,51,157
2024-04-03 08:10:00,38,28,51,53,170
2024-04-03 08:20:00,41,37,44,50,172
2024-04-03 08:30:00,29,26,57,62,174
2024-04-03 08:40:00,36,33,60,65,194
2024-04-03 08:50:00,41,35,60,65,201
2024-04-03 09:00:00,36,34,44,49,163
2024-04-03 09:10:00,37,32,54,55,178
2024-04-03 09:20:00,36,29,47,52,164
2024-04-03 09:30:00,37,29,39,47,152
2024-04-03 09:40:00,31,27,51,57,166
2024-04-03 09:50:00,26,26,53,54,159
2024-04-03 10:00:00,36,30,44,44,154
2024-04-03 10:10:00,30,28,54,59,171
2024-04-03 10:20:00,37,29,50,51,167
2024-04-03 10:30:00,31,25,62,69,187
2024-04-03 10:40:00,37,31,54,61,183
2024-04-03 10:50:00,35,34,47,50,166
2024-04-03 11:00:00,29,30,38,40,137
2024-04-03 11:10:00,31,28,48,57,164
2024-04-03 11:20:00,37,33,52,63,185
2024-04-03 11:30:00,40,35,54,56,185
2024-04-03 11:40:00,35,32,51,52,170
2024-04-03 11:50:00,41,39,47,52,179
2024-04-03 12:00:00,43,35,62,64,204
2024-04-03 12:10:00,50,40,45,45,180
2024-04-03 12:20:00,39,35,60,62,196
2024-04-03 12:30:00,35,33,56,59,183
2024-04-03 12:40:00,43,35,53,56,187
2024-04-03 12:50:00,42,38,58,60,198
2024-04-03 13:00:00,39,33,40,45,157
2024-04-03 13:10:00,34,33,51,55,173
2024-04-03 13:20:00,32,28,44,52,156
2024-04-03 13:30:00,43,41,42,68,194
2024-04-03 13:40:00,40,30,54,63,187
2024-04-03 13:50:00,39,34,49,48,170
2024-04-03 14:00:00,40,33,56,59,188
2024-04-03 14:10:00,36,26,50,61,173
2024-04-03 14:20:00,35,30,60,63,188
2024-04-03 14:30:00,56,39,56,60,211
2024-04-03 14:40:00,49,38,65,68,220
2024-04-03 14:50:00,45,34,58,63,200
2024-04-03 15:00:00,47,34,57,59,197
2024-04-03 15:10:00,49,37,63,66,215
2024-04-03 15:20:00,42,35,66,67,210
2024-04-03 15:30:00,57,48,70,85,260
2024-04-03 15:40:00,47,33,57,65,202
2024-04-03 15:50:00,44,35,59,59,197
2024-04-03 16:00:00,46,35,64,70,215
2024-04-03 16:10:00,59,36,71,77,243
2024-04-03 16:20:00,52,36,81,86,255
2024-04-03 16:30:00,53,6,79,88,226
2024-04-03 16:40:00,47,34,72,76,229
2024-04-03 16:50:00,42,39,69,73,223
2024-04-03 17:00:00,49,41,62,66,218
2024-04-03 17:10:00,50,35,74,82,241
2024-04-03 17:20:00,53,36,59,88,236
2024-04-03 17:30:00,42,32,81,85,240
2024-04-03 17:40:00,44,39,65,71,219
2024-04-03 17:50:00,46,41,59,68,214
2024-04-03 18:00:00,36,29,70,79,214
2024-04-03 18:10:00,50,39,52,66,207
2024-04-03 18:20:00,44,37,60,70,211
2024-04-03 18:30:00,34,29,55,67,185
2024-04-03 18:40:00,39,29,49,55,172
2024-04-03 18:50:00,31,30,51,59,171
2024-04-03 19:00:00,28,23,45,52,148
2024-04-03 19:10:00,27,28,52,55,162
2024-04-03 19:20:00,38,33,32,34,137
2024-04-03 19:30:00,26,25,38,47,136
2024-04-03 19:40:00,28,28,38,46,140
2024-04-03 19:50:00,24,18,37,42,121
2024-04-03 20:00:00,17,16,50,53,136
2024-04-03 20:10:00,24,26,34,36,120
2024-04-03 20:20:00,24,28,19,24,95
2024-04-03 20:30:00,18,16,25,28,87
2024-04-03 20:40:00,13,19,22,29,83
2024-04-03 20:50:00,27,41,40,48,156
2024-04-03 21:00:00,25,33,24,27,109
2024-04-03 21:10:00,19,21,23,24,87
2024-04-03 21:20:00,15,18,28,35,96
2024-04-03 21:30:00,15,21,26,26,88
2024-04-03 21:40:00,21,16,39,45,121
2024-04-03 21:50:00,14,13,23,31,81
2024-04-03 22:00:00,14,11,25,33,83
2024-04-03 22:10:00,25,22,20,21,88
2024-04-03 22:20:00,19,16,20,23,78
2024-04-03 22:30:00,14,14,22,23,73
2024-04-03 22:40:00,17,12,22,29,80
2024-04-03 22:50:00,19,13,19,26,77
2024-04-03 23:00:00,17,14,9,11,51
2024-04-03 23:10:00,21,15,19,23,78
2024-04-03 23:20:00,5,6,19,19,49
2024-04-03 23:30:00,14,12,13,15,54
2024-04-03 23:40:00,10,9,11,12,42
2024-04-03 23:50:00,16,15,11,15,57
2024-04-04 00:00:00,10,9,12,12,43
2024-04-04 00:10:00,8,9,8,8,33
2024-04-04 00:20:00,6,5,13,12,36
2024-04-04 00:30:00,5,2,15,15,37
2024-04-04 00:40:00,6,7,8,8,29
2024-04-04 00:50:00,1,0,5,3,9
2024-04-04 01:00:00,1,1,8,9,19
2024-04-04 01:10:00,3,3,5,6,17
2024-04-04 01:20:00,4,4,2,2,12
2024-04-04 01:30:00,5,3,2,2,12
2024-04-04 01:40:00,4,4,4,4,16
2024-04-04 01:50:00,7,7,6,5,25
2024-04-04 02:00:00,7,5,9,9,30
2024-04-04 02:10:00,1,1,1,1,4
2024-04-04 02:20:00,3,2,6,7,18
2024-04-04 02:30:00,2,2,4,5,13
2024-04-04 02:40:00,3,2,4,4,13
2024-04-04 02:50:00,3,2,7,6,18
2024-04-04 03:00:00,3,5,4,4,16
2024-04-04 03:10:00,3,3,1,1,8
2024-04-04 03:20:00,1,1,2,3,7
2024-04-04 03:30:00,1,2,2,2,7
2024-04-04 03:40:00,2,1,5,5,13
2024-04-04 03:50:00,2,2,2,2,8
2024-04-04 04:00:00,3,3,9,7,22
2024-04-04 04:10:00,3,3,4,3,13
2024-04-04 04:20:00,4,4,5,4,17
2024-04-04 04:30:00,7,4,1,2,14
2024-04-04 04:40:00,6,7,2,2,17
2024-04-04 04:50:00,6,7,3,3,19
2024-04-04 05:00:00,7,5,11,10,33
2024-04-04 05:10:00,8,9,7,9,33
2024-04-04 05:20:00,9,8,14,11,42
2024-04-04 05:30:00,18,12,18,23,71
2024-04-04 05:40:00,26,27,16,19,88
2024-04-04 05:50:00,17,21,20,25,83
2024-04-04 06:00:00,20,19,26,32,97
2024-04-04 06:10:00,21,23,13,19,76
2024-04-04 06:20:00,31,30,24,27,112
2024-04-04 06:30:00,32,26,34,37,129
2024-04-04 06:40:00,28,24,28,42,122
2024-04-04 06:50:00,37,34,35,45,151
2024-04-04 07:00:00,44,32,39,42,157
2024-04-04 07:10:00,41,40,40,41,162
2024-04-04 07:20:00,33,29,50,58,170
2024-04-04 07:30:00,30,25,49,58,162
2024-04-04 07:40:00,28,24,45,50,147
2024-04-04 07:50:00,34,26,47,54,161
2024-04-04 08:00:00,34,28,55,58,175
2024-04-04 08:10:00,44,36,49,51,180
2024-04-04 08:20:00,47,34,50,51,182
2024-04-04 08:30:00,34,30,35,40,139
2024-04-04 08:40:00,36,28,49,52,165
2024-04-04 08:50:00,29,24,44,59,156
2024-04-04 09:00:00,32,27,61,66,186
2024-04-04 09:10:00,36,34,45,44,159
2024-04-04 09:20:00,32,26,49,53,160
2024-04-04 09:30:00,24,18,41,42,125
2024-04-04 09:40:00,23,23,52,55,153
2024-04-04 09:50:00,28,24,55,61,168
2024-04-04 10:00:00,36,36,72,76,220
2024-04-04 10:10:00,27,24,41,46,138
2024-04-04 10:20:00,32,29,54,55,170
2024-04-04 10:30:00,25,19,47,49,140
2024-04-04 10:40:00,35,33,56,59,183
2024-04-04 10:50:00,41,34,56,59,190
2024-04-04 11:00:00,29,29,45,50,153
2024-04-04 11:10:00,37,31,48,51,167
2024-04-04 11:20:00,30,26,63,68,187
2024-04-04 11:30:00,30,26,53,60,169
2024-04-04 11:40:00,43,41,53,56,193
2024-04-04 11:50:00,46,36,52,54,188
2024-04-04 12:00:00,49,45,63,68,225
2024-04-04 12:10:00,43,36,44,51,174
2024-04-04 12:20:00,42,37,55,61,195
2024-04-04 12:30:00,43,38,58,62,201
2024-04-04 12:40:00,45,31,68,75,219
2024-04-04 12:50:00,39,29,53,53,174
2024-04-04 13:00:00,27,21,45,49,142
2024-04-04 13:10:00,36,32,62,67,197
2024-04-04 13:20:00,41,31,55,60,187
2024-04-04 13:30:00,43,31,54,57,185
2024-04-04 13:40:00,45,35,69,76,225
2024-04-04 13:50:00,35,31,73,77,216
2024-04-04 14:00:00,27,17,55,61,160
2024-04-04 14:10:00,61,39,67,69,236
2024-04-04 14:20:00,48,36,69,78,231
2024-04-04 14:30:00,45,40,72,74,231
2024-04-04 14:40:00,48,38,67,79,232
2024-04-04 14:50:00,41,29,54,69,193
2024-04-04 15:00:00,52,39,62,68,221
2024-04-04 15:10:00,45,35,71,74,225
2024-04-04 15:20:00,49,30,77,83,239
2024-04-04 15:30:00,46,34,66,75,221
2024-04-04 15:40:00,53,43,80,87,263
2024-04-04 15:50:00,45,37,64,76,222
2024-04-04 16:00:00,49,38,71,85,243
2024-04-04 16:10:00,51,40,78,91,260
2024-04-04 16:20:00,72,55,75,86,288
2024-04-04 16:30:00,37,27,73,82,219
2024-04-04 16:40:00,62,52,54,63,231
2024-04-04 16:50:00,50,31,60,69,210
2024-04-04 17:00:00,58,44,59,64,225
2024-04-04 17:10:00,42,42,79,103,266
2024-04-04 17:20:00,51,45,72,88,256
2024-04-04 17:30:00,44,48,68,78,238
2024-04-04 17:40:00,41,44,68,78,231
2024-04-04 17:50:00,44,48,56,71,219
2024-04-04 18:00:00,52,44,58,67,221
2024-04-04 18:10:00,41,36,60,65,202
2024-04-04 18:20:00,34,31,68,73,206
2024-04-04 18:30:00,43,34,49,55,181
2024-04-04 18:40:00,45,38,64,68,215
2024-04-04 18:50:00,24,24,59,61,168
2024-04-04 19:00:00,36,30,45,47,158
2024-04-04 19:10:00,34,28,46,51,159
2024-04-04 19:20:00,42,32,46,53,173
2024-04-04 19:30:00,27,25,53,57,162
2024-04-04 19:40:00,30,25,35,39,129
2024-04-04 19:50:00,24,18,24,28,94
2024-04-04 20:00:00,25,21,26,28,100
2024-04-04 20:10:00,20,16,28,42,106
2024-04-04 20:20:00,17,14,19,29,79
2024-04-04 20:30:00,23,24,19,30,96
2024-04-04 20:40:00,20,19,21,26,86
2024-04-04 20:50:00,19,17,19,27,82
2024-04-04 21:00:00,13,13,15,17,58
2024-04-04 21:10:00,26,21,23,25,95
2024-04-04 21:20:00,23,20,16,29,88
2024-04-04 21:30:00,20,16,31,38,105
2024-04-04 21:40:00,19,16,31,45,111
2024-04-04 21:50:00,17,10,26,33,86
2024-04-04 22:00:00,12,10,17,22,61
2024-04-04 22:10:00,16,16,21,30,83
2024-04-04 22:20:00,19,15,8,12,54
2024-04-04 22:30:00,14,10,23,30,77
2024-04-04 22:40:00,18,14,20,23,75
2024-04-04 22:50:00,19,20,28,32,99
2024-04-04 23:00:00,27,21,27,34,109
2024-04-04 23:10:00,17,14,19,21,71
2024-04-04 23:20:00,17,16,14,16,63
2024-04-04 23:30:00,14,9,11,14,48
2024-04-04 23:40:00,8,7,15,17,47
2024-04-04 23:50:00,12,13,9,13,47
2024-04-05 00:00:00,10,9,13,12,44
2024-04-05 00:10:00,5,7,12,13,37
2024-04-05 00:20:00,7,5,11,8,31
2024-04-05 00:30:00,4,4,18,20,46
2024-04-05 00:40:00,7,7,8,8,30
2024-04-05 00:50:00,7,7,6,5,25
2024-04-05 01:00:00,6,5,6,6,23
2024-04-05 01:10:00,5,6,5,5,21
2024-04-05 01:20:00,6,6,9,8,29
2024-04-05 01:30:00,4,4,9,11,28
2024-04-05 01:40:00,2,2,5,5,14
2024-04-05 01:50:00,4,3,3,3,13
2024-04-05 02:00:00,0,0,1,1,2
