datetime,D11Z,D12Z,D21Z,D22Z,D23Z,D31Z,D32Z,Total
2024-03-01 01:00:00,2,7,3,0,0,3,1,16
2024-03-01 01:10:00,1,4,6,1,0,0,1,13
2024-03-01 01:20:00,3,3,1,0,0,3,2,12
2024-03-01 01:30:00,4,9,2,2,0,0,0,17
2024-03-01 01:40:00,2,2,1,0,0,1,0,6
2024-03-01 01:50:00,1,2,1,1,0,0,1,6
2024-03-01 02:00:00,3,3,3,2,0,1,2,14
2024-03-01 02:10:00,1,2,1,0,0,3,0,7
2024-03-01 02:20:00,3,5,2,1,0,2,1,14
2024-03-01 02:30:00,4,4,2,1,0,1,1,13
2024-03-01 02:40:00,4,4,1,0,0,0,1,10
2024-03-01 02:50:00,0,0,1,2,0,1,1,5
2024-03-01 03:00:00,1,4,0,2,0,1,2,10
2024-03-01 03:10:00,3,4,0,2,0,1,3,13
2024-03-01 03:20:00,1,6,2,1,0,2,1,13
2024-03-01 03:30:00,2,3,1,0,0,4,2,12
2024-03-01 03:40:00,2,5,0,1,0,0,1,9
2024-03-01 03:50:00,2,3,0,0,0,3,1,9
2024-03-01 04:00:00,2,1,0,0,0,1,0,4
2024-03-01 04:10:00,1,4,0,1,0,5,1,12
2024-03-01 04:20:00,1,1,6,0,0,2,1,11
2024-03-01 04:30:00,4,5,4,2,0,4,0,19
2024-03-01 04:40:00,3,5,3,0,0,4,1,16
2024-03-01 04:50:00,2,5,1,2,0,4,4,18
2024-03-01 05:00:00,3,5,8,1,0,11,3,31
2024-03-01 05:10:00,5,9,5,1,0,8,2,30
2024-03-01 05:20:00,3,5,14,2,0,13,0,37
2024-03-01 05:30:00,10,16,11,10,0,38,7,92
2024-03-01 05:40:00,10,17,20,6,0,30,4,87
2024-03-01 05:50:00,9,15,14,6,0,32,5,81
2024-03-01 06:00:00,11,16,18,9,0,33,20,107
2024-03-01 06:10:00,6,28,20,12,0,30,16,112
2024-03-01 06:20:00,16,26,32,8,0,35,16,133
2024-03-01 06:30:00,4,28,30,23,0,50,29,164
2024-03-01 06:40:00,9,29,42,16,0,53,28,177
2024-03-01 06:50:00,19,29,47,18,0,44,25,182
2024-03-01 07:00:00,9,28,44,23,0,45,36,185
2024-03-01 07:10:00,18,37,47,26,0,23,23,174
2024-03-01 07:20:00,15,31,44,36,0,30,45,201
2024-03-01 07:30:00,5,43,55,34,0,37,56,230
2024-03-01 07:40:00,11,30,69,41,0,44,56,251
2024-03-01 07:50:00,12,47,61,41,0,54,62,277
2024-03-01 08:00:00,10,48,55,42,0,49,46,250
2024-03-01 08:10:00,17,40,58,27,0,39,54,235
2024-03-01 08:20:00,20,36,58,32,0,46,44,236
2024-03-01 08:30:00,12,31,49,26,0,31,30,179
2024-03-01 08:40:00,13,29,56,35,0,37,42,212
2024-03-01 08:50:00,12,42,55,32,0,45,66,252
2024-03-01 09:00:00,16,39,39,23,0,39,42,198
2024-03-01 09:10:00,13,37,44,27,0,47,44,212
2024-03-01 09:20:00,23,30,49,17,0,40,45,204
2024-03-01 09:30:00,21,39,45,28,0,58,55,246
2024-03-01 09:40:00,26,41,52,27,0,57,60,263
2024-03-01 09:50:00,25,58,44,30,0,52,63,272
2024-03-01 10:00:00,26,44,47,24,0,56,57,254
2024-03-01 10:10:00,23,34,43,28,0,64,67,259
2024-03-01 10:20:00,24,30,57,30,0,59,57,257
2024-03-01 10:30:00,19,45,46,19,0,40,55,224
2024-03-01 10:40:00,17,31,38,24,0,50,46,206
2024-03-01 10:50:00,16,34,56,20,0,42,55,223
2024-03-01 11:00:00,22,53,29,9,0,40,49,202
2024-03-01 11:10:00,25,59,39,23,0,60,68,274
2024-03-01 11:20:00,25,49,48,24,0,54,66,266
2024-03-01 11:30:00,18,44,40,26,0,55,57,240
2024-03-01 11:40:00,13,67,41,25,0,61,71,278
2024-03-01 11:50:00,18,48,34,30,0,64,49,243
2024-03-01 12:00:00,13,54,44,26,0,58,68,263
2024-03-01 12:10:00,29,49,41,33,0,50,76,278
2024-03-01 12:20:00,28,59,40,30,0,60,77,294
2024-03-01 12:30:00,28,63,42,25,0,56,63,277
2024-03-01 12:40:00,24,42,57,35,0,74,83,315
2024-03-01 12:50:00,27,46,60,39,0,67,85,324
2024-03-01 13:00:00,35,56,41,33,0,56,73,294
2024-03-01 13:10:00,21,44,47,31,0,51,66,260
2024-03-01 13:20:00,25,51,46,31,0,62,69,284
2024-03-01 13:30:00,28,51,44,36,0,60,84,303
2024-03-01 13:40:00,31,42,45,33,0,49,80,280
2024-03-01 13:50:00,28,59,47,34,0,43,85,296
2024-03-01 14:00:00,25,62,47,40,0,42,90,306
2024-03-01 14:10:00,27,42,54,35,0,44,97,299
2024-03-01 14:20:00,36,35,43,31,0,47,97,289
2024-03-01 14:30:00,27,58,47,27,0,52,71,282
2024-03-01 14:40:00,31,54,53,30,0,34,77,279
2024-03-01 14:50:00,34,63,42,23,0,48,70,280
2024-03-01 15:00:00,37,42,57,36,0,42,61,275
2024-03-01 15:10:00,41,40,44,40,0,44,74,283
2024-03-01 15:20:00,47,45,51,31,0,33,52,259
2024-03-01 15:30:00,35,43,52,24,0,36,46,236
2024-03-01 15:40:00,39,37,45,40,0,31,66,258
2024-03-01 15:50:00,35,45,39,31,0,45,55,250
2024-03-01 16:00:00,33,38,43,37,0,47,43,241
2024-03-01 16:10:00,27,46,46,36,0,46,53,254
2024-03-01 16:20:00,32,40,33,35,0,44,53,237
2024-03-01 16:30:00,46,43,47,38,0,34,50,258
2024-03-01 16:40:00,41,36,48,30,0,23,29,207
2024-03-01 16:50:00,35,42,54,39,0,42,41,253
2024-03-01 17:00:00,43,42,35,31,0,38,42,231
2024-03-01 17:10:00,37,39,46,43,0,46,45,256
2024-03-01 17:20:00,37,34,45,33,0,43,57,249
2024-03-01 17:30:00,32,30,42,30,0,38,34,206
2024-03-01 17:40:00,27,35,51,36,0,33,34,216
2024-03-01 17:50:00,44,30,41,30,0,25,43,213
2024-03-01 18:00:00,44,40,37,26,0,42,62,251
2024-03-01 18:10:00,36,33,49,33,0,36,49,236
2024-03-01 18:20:00,30,32,50,27,0,65,66,270
2024-03-01 18:30:00,25,33,40,31,0,50,47,226
2024-03-01 18:40:00,26,30,49,32,0,60,40,237
2024-03-01 18:50:00,30,26,44,33,0,62,52,247
2024-03-01 19:00:00,23,29,38,29,0,65,39,223
2024-03-01 19:10:00,30,41,23,24,0,53,41,212
2024-03-01 19:20:00,23,38,35,18,0,49,45,208
2024-03-01 19:30:00,30,34,40,29,0,44,57,234
2024-03-01 19:40:00,20,30,22,11,0,36,27,146
2024-03-01 19:50:00,18,27,28,19,0,35,24,151
2024-03-01 20:00:00,18,25,20,16,0,35,17,131
2024-03-01 20:10:00,16,33,31,13,0,43,35,171
2024-03-01 20:20:00,16,33,28,15,0,36,31,159
2024-03-01 20:30:00,12,34,25,11,0,42,25,149
2024-03-01 20:40:00,14,38,28,24,0,27,34,165
2024-03-01 20:50:00,15,26,22,15,0,25,23,126
2024-03-01 21:00:00,12,35,17,15,0,26,33,138
2024-03-01 21:10:00,12,31,23,13,0,28,20,127
2024-03-01 21:20:00,10,32,21,13,0,32,22,130
2024-03-01 21:30:00,13,43,15,13,0,28,21,133
2024-03-01 21:40:00,12,43,23,21,0,19,34,152
2024-03-01 21:50:00,11,34,17,16,0,25,35,138
2024-03-01 22:00:00,15,33,21,13,0,27,26,135
2024-03-01 22:10:00,19,38,17,9,0,27,23,133
2024-03-01 22:20:00,17,36,12,12,0,25,20,122
2024-03-01 22:30:00,9,28,23,15,0,21,26,122
2024-03-01 22:40:00,16,28,23,14,0,15,11,107
2024-03-01 22:50:00,10,26,17,13,0,17,10,93
2024-03-01 23:00:00,13,23,20,12,0,23,14,105
2024-03-01 23:10:00,25,33,20,16,0,13,10,117
2024-03-01 23:20:00,14,27,16,20,0,11,17,105
2024-03-01 23:30:00,10,18,11,10,0,9,5,63
2024-03-01 23:40:00,15,28,8,4,0,4,7,66
2024-03-01 23:50:00,11,21,16,7,0,14,11,80
2024-03-02 00:00:00,6,19,7,6,0,14,11,63
2024-03-02 00:10:00,22,21,14,6,0,14,10,87
2024-03-02 00:20:00,8,12,10,1,0,6,2,39
2024-03-02 00:30:00,9,20,6,4,0,8,5,52
2024-03-02 00:40:00,5,13,5,5,0,9,6,43
2024-03-02 00:50:00,5,9,9,6,0,4,8,41
2024-03-02 01:00:00,9,15,6,5,0,7,5,47
2024-03-02 01:10:00,3,8,8,4,0,5,5,33
2024-03-02 01:20:00,4,8,3,1,0,3,2,21
2024-03-02 01:30:00,3,5,5,4,0,5,3,25
2024-03-02 01:40:00,4,9,7,2,0,4,3,29
2024-03-02 01:50:00,7,8,3,4,0,2,2,26
2024-03-02 02:00:00,5,7,3,3,0,4,2,24
2024-03-02 02:10:00,5,8,3,4,0,4,2,26
2024-03-02 02:20:00,9,10,3,1,0,0,3,26
2024-03-02 02:30:00,6,7,2,2,0,2,2,21
2024-03-02 02:40:00,6,6,4,3,0,3,2,24
2024-03-02 02:50:00,4,5,3,3,0,5,4,24
2024-03-02 03:00:00,2,2,3,0,0,1,0,8
2024-03-02 03:10:00,5,6,5,2,0,2,1,21
2024-03-02 03:20:00,7,8,1,2,0,3,2,23
2024-03-02 03:30:00,4,4,2,3,0,3,6,22
2024-03-02 03:40:00,0,4,3,1,0,2,2,12
2024-03-02 03:50:00,3,5,1,2,0,3,3,17
2024-03-02 04:00:00,3,5,2,1,0,6,1,18
2024-03-02 04:10:00,7,6,2,1,0,5,3,24
2024-03-02 04:20:00,0,2,0,3,0,1,1,7
2024-03-02 04:30:00,1,2,4,1,0,2,0,10
2024-03-02 04:40:00,3,5,3,1,0,2,1,15
2024-03-02 04:50:00,1,5,1,1,0,2,1,11
2024-03-02 05:00:00,1,6,9,1,0,4,0,21
2024-03-02 05:10:00,2,4,5,2,0,11,1,25
2024-03-02 05:20:00,5,5,2,3,0,4,3,22
2024-03-02 05:30:00,4,7,6,1,0,19,1,38
2024-03-02 05:40:00,5,15,7,2,0,9,3,41
2024-03-02 05:50:00,4,9,1,2,0,7,4,27
2024-03-02 06:00:00,3,14,6,5,0,8,4,40
2024-03-02 06:10:00,6,13,4,2,0,8,6,39
2024-03-02 06:20:00,3,11,0,0,0,10,5,29
2024-03-02 06:30:00,3,5,9,3,0,13,7,40
2024-03-02 06:40:00,7,11,4,6,0,10,8,46
2024-03-02 06:50:00,2,10,11,8,0,11,11,53
2024-03-02 07:00:00,3,14,7,5,0,11,12,52
2024-03-02 07:10:00,3,16,7,4,0,8,12,50
2024-03-02 07:20:00,3,16,10,6,0,16,17,68
2024-03-02 07:30:00,2,19,14,11,0,14,20,80
2024-03-02 07:40:00,4,23,13,12,0,14,23,89
2024-03-02 07:50:00,7,23,8,9,0,8,17,72
2024-03-02 08:00:00,3,20,16,9,0,18,16,82
2024-03-02 08:10:00,1,21,17,12,0,16,22,89
2024-03-02 08:20:00,1,18,20,10,0,13,17,79
2024-03-02 08:30:00,13,30,20,9,0,13,26,111
2024-03-02 08:40:00,12,31,22,7,0,21,22,115
2024-03-02 08:50:00,6,22,14,14,0,29,28,113
2024-03-02 09:00:00,17,32,29,21,0,30,28,157
2024-03-02 09:10:00,5,28,24,15,0,23,25,120
2024-03-02 09:20:00,7,38,24,18,0,25,35,147
2024-03-02 09:30:00,2,29,30,17,0,22,30,130
2024-03-02 09:40:00,8,42,24,14,0,32,35,155
2024-03-02 09:50:00,5,40,32,16,0,35,38,166
2024-03-02 10:00:00,12,37,34,19,0,40,48,190
2024-03-02 10:10:00,17,44,37,12,0,42,45,197
2024-03-02 10:20:00,18,52,36,16,0,41,40,203
2024-03-02 10:30:00,10,54,27,13,0,42,52,198
2024-03-02 10:40:00,15,45,44,22,0,42,44,212
2024-03-02 10:50:00,8,41,39,32,0,50,47,217
2024-03-02 11:00:00,16,40,35,22,0,58,52,223
2024-03-02 11:10:00,5,49,36,20,0,51,53,214
2024-03-02 11:20:00,14,56,38,27,0,64,65,264
2024-03-02 11:30:00,12,51,33,27,0,68,62,253
2024-03-02 11:40:00,9,54,48,31,0,72,52,266
2024-03-02 11:50:00,6,47,37,17,0,64,54,225
2024-03-02 12:00:00,13,46,55,31,0,68,68,281
2024-03-02 12:10:00,21,47,51,34,0,70,64,287
2024-03-02 12:20:00,25,36,37,31,0,75,77,281
2024-03-02 12:30:00,23,40,58,33,0,51,54,259
2024-03-02 12:40:00,18,40,42,28,0,52,51,231
2024-03-02 12:50:00,20,46,46,32,0,45,72,261
2024-03-02 13:00:00,19,47,50,26,0,39,55,236
2024-03-02 13:10:00,19,69,37,26,0,55,55,261
2024-03-02 13:20:00,24,54,32,25,0,61,67,263
2024-03-02 13:30:00,19,43,35,25,0,40,54,216
2024-03-02 13:40:00,24,64,35,28,0,34,75,260
2024-03-02 13:50:00,26,53,42,28,0,48,63,260
2024-03-02 14:00:00,26,58,26,21,0,45,86,262
2024-03-02 14:10:00,22,59,35,26,0,42,69,253
2024-03-02 14:20:00,26,49,54,26,0,36,56,247
2024-03-02 14:30:00,23,45,41,18,0,32,63,222
2024-03-02 14:40:00,19,53,41,30,0,43,77,263
2024-03-02 14:50:00,21,46,41,22,0,39,54,223
2024-03-02 15:00:00,20,47,41,36,0,42,47,233
2024-03-02 15:10:00,30,44,54,27,0,58,46,259
2024-03-02 15:20:00,26,46,33,21,0,48,40,214
2024-03-02 15:30:00,27,38,41,31,0,55,46,238
2024-03-02 15:40:00,23,40,35,19,0,85,32,234
2024-03-02 15:50:00,24,42,29,26,0,76,34,231
2024-03-02 16:00:00,19,33,29,28,0,71,26,206
2024-03-02 16:10:00,26,47,43,20,0,50,29,215
2024-03-02 16:20:00,23,39,54,31,0,39,33,219
2024-03-02 16:30:00,24,40,36,25,0,34,44,203
2024-03-02 16:40:00,21,41,35,31,0,24,47,199
2024-03-02 16:50:00,26,38,38,15,0,21,44,182
2024-03-02 17:00:00,20,49,37,30,0,20,41,197
2024-03-02 17:10:00,19,45,45,32,0,25,27,193
2024-03-02 17:20:00,5,57,53,41,0,31,40,227
2024-03-02 17:30:00,6,53,43,21,0,18,43,184
2024-03-02 17:40:00,3,53,75,28,0,33,47,239
2024-03-02 17:50:00,3,59,55,26,0,31,48,222
2024-03-02 18:00:00,5,54,59,35,0,29,52,234
2024-03-02 18:10:00,39,45,59,34,0,30,58,265
2024-03-02 18:20:00,36,35,58,31,0,31,45,236
2024-03-02 18:30:00,28,37,64,30,0,51,52,262
2024-03-02 18:40:00,29,38,43,30,0,55,51,246
2024-03-02 18:50:00,31,31,42,31,0,64,54,253
2024-03-02 19:00:00,29,24,46,23,0,41,37,200
2024-03-02 19:10:00,24,33,41,23,0,35,37,193
2024-03-02 19:20:00,30,32,37,22,0,33,30,184
2024-03-02 19:30:00,9,34,28,20,0,54,39,184
2024-03-02 19:40:00,14,47,31,16,0,35,30,173
2024-03-02 19:50:00,15,47,36,5,0,32,30,165
2024-03-02 20:00:00,11,37,30,16,0,42,36,172
2024-03-02 20:10:00,6,28,32,14,0,30,23,133
2024-03-02 20:20:00,9,34,22,16,0,27,25,133
2024-03-02 20:30:00,8,36,18,10,0,34,20,126
2024-03-02 20:40:00,13,42,20,11,0,20,25,131
2024-03-02 20:50:00,9,28,19,17,0,29,22,124
2024-03-02 21:00:00,9,28,27,15,0,32,30,141
2024-03-02 21:10:00,16,28,16,10,0,20,16,106
2024-03-02 21:20:00,8,35,21,18,0,24,35,141
2024-03-02 21:30:00,18,31,18,12,0,22,17,118
2024-03-02 21:40:00,8,29,17,15,0,17,23,109
2024-03-02 21:50:00,10,34,18,9,0,24,14,109
2024-03-02 22:00:00,11,30,20,12,0,25,23,121
2024-03-02 22:10:00,9,32,30,14,0,23,21,129
2024-03-02 22:20:00,20,37,21,15,0,17,26,136
2024-03-02 22:30:00,11,34,15,15,0,20,31,126
2024-03-02 22:40:00,18,33,19,19,0,19,13,121
2024-03-02 22:50:00,10,24,14,10,0,21,19,98
2024-03-02 23:00:00,19,28,12,9,0,15,15,98
2024-03-02 23:10:00,10,21,14,17,0,17,16,95
2024-03-02 23:20:00,12,23,23,9,0,6,5,78
2024-03-02 23:30:00,12,20,15,10,0,15,7,79
2024-03-02 23:40:00,18,27,18,11,0,14,13,101
2024-03-02 23:50:00,13,23,9,7,0,14,15,81
2024-03-03 00:00:00,11,22,12,9,0,12,13,79
2024-03-03 00:10:00,16,30,11,7,0,6,13,83
2024-03-03 00:20:00,11,15,4,3,0,10,7,50
2024-03-03 00:30:00,10,24,9,9,0,14,12,78
2024-03-03 00:40:00,9,14,4,3,0,7,2,39
2024-03-03 00:50:00,5,6,6,2,0,7,8,34
2024-03-03 01:00:00,13,20,4,5,0,8,3,53
2024-03-03 01:10:00,12,20,15,5,0,7,4,63
2024-03-03 01:20:00,6,16,8,8,0,8,6,52
2024-03-03 01:30:00,6,14,5,4,0,5,4,38
2024-03-03 01:40:00,6,9,5,2,0,7,2,31
2024-03-03 01:50:00,6,15,2,1,0,8,7,39
2024-03-03 02:00:00,7,12,5,3,0,3,2,32
2024-03-03 02:10:00,8,9,6,2,0,5,5,35
2024-03-03 02:20:00,8,12,3,0,0,3,4,30
2024-03-03 02:30:00,12,10,4,7,0,5,6,44
2024-03-03 02:40:00,2,4,3,0,0,1,0,10
2024-03-03 02:50:00,10,5,5,3,0,1,3,27
2024-03-03 03:00:00,1,8,3,1,0,3,3,19
2024-03-03 03:10:00,5,8,2,0,0,4,1,20
2024-03-03 03:20:00,5,9,3,2,0,2,0,21
2024-03-03 03:30:00,4,9,3,2,0,2,3,23
2024-03-03 03:40:00,3,5,0,0,0,3,1,12
2024-03-03 03:50:00,4,5,3,1,0,3,2,18
2024-03-03 04:00:00,0,0,2,2,0,3,1,8
2024-03-03 04:10:00,6,5,3,3,0,1,1,19
2024-03-03 04:20:00,6,7,4,0,0,2,1,20
2024-03-03 04:30:00,3,5,1,0,0,1,0,10
2024-03-03 04:40:00,4,5,2,1,0,7,2,21
2024-03-03 04:50:00,4,3,6,0,0,6,0,19
2024-03-03 05:00:00,4,5,4,0,0,3,0,16
2024-03-03 05:10:00,4,5,4,2,0,3,2,20
2024-03-03 05:20:00,6,4,5,0,0,10,2,27
2024-03-03 05:30:00,7,12,3,1,0,10,4,37
2024-03-03 05:40:00,5,9,1,4,0,9,2,30
2024-03-03 05:50:00,6,8,3,0,0,4,2,23
2024-03-03 06:00:00,5,8,1,3,0,9,5,31
2024-03-03 06:10:00,4,14,2,0,0,6,3,29
2024-03-03 06:20:00,0,2,6,2,0,4,1,15
2024-03-03 06:30:00,2,6,2,3,0,7,2,22
2024-03-03 06:40:00,2,12,1,0,0,7,3,25
2024-03-03 06:50:00,3,9,5,1,0,3,5,26
2024-03-03 07:00:00,1,10,4,0,0,4,8,27
2024-03-03 07:10:00,1,8,3,1,0,1,4,18
2024-03-03 07:20:00,0,3,5,1,0,1,3,13
2024-03-03 07:30:00,1,11,1,2,0,8,11,34
2024-03-03 07:40:00,0,4,6,2,0,4,5,21
2024-03-03 07:50:00,1,10,4,2,0,7,12,36
2024-03-03 08:00:00,3,9,6,2,0,9,14,43
2024-03-03 08:10:00,4,11,8,5,0,7,12,47
2024-03-03 08:20:00,3,12,13,0,0,7,4,39
2024-03-03 08:30:00,2,5,13,5,0,10,7,42
2024-03-03 08:40:00,1,11,13,3,0,7,12,47
2024-03-03 08:50:00,1,14,16,5,0,16,16,68
2024-03-03 09:00:00,1,15,14,7,0,14,17,68
2024-03-03 09:10:00,5,19,13,8,0,13,19,77
2024-03-03 09:20:00,8,34,20,9,0,15,34,120
2024-03-03 09:30:00,8,24,15,12,0,18,23,100
2024-03-03 09:40:00,12,29,24,10,0,18,30,123
2024-03-03 09:50:00,10,25,25,9,0,29,20,118
2024-03-03 10:00:00,9,26,25,12,0,33,35,140
2024-03-03 10:10:00,9,23,15,14,0,26,29,116
2024-03-03 10:20:00,9,24,20,12,0,25,30,120
2024-03-03 10:30:00,5,26,20,19,0,34,28,132
2024-03-03 10:40:00,12,26,28,22,0,41,40,169
2024-03-03 10:50:00,11,31,21,17,0,31,37,148
2024-03-03 11:00:00,10,35,27,12,0,34,35,153
2024-03-03 11:10:00,10,24,29,22,0,42,34,161
2024-03-03 11:20:00,11,41,22,13,0,50,47,184
2024-03-03 11:30:00,13,31,21,14,0,37,32,148
2024-03-03 11:40:00,9,43,34,25,0,55,43,209
2024-03-03 11:50:00,5,33,24,21,0,37,32,152
2024-03-03 12:00:00,11,52,36,18,0,57,52,226
2024-03-03 12:10:00,2,42,31,21,0,53,46,195
2024-03-03 12:20:00,5,38,36,13,0,52,49,193
2024-03-03 12:30:00,14,50,42,16,0,53,32,207
2024-03-03 12:40:00,9,45,34,16,0,41,41,186
2024-03-03 12:50:00,12,49,29,22,0,39,40,191
2024-03-03 13:00:00,9,57,28,18,0,44,39,195
2024-03-03 13:10:00,16,57,49,37,0,53,71,283
2024-03-03 13:20:00,11,54,27,18,0,37,61,208
2024-03-03 13:30:00,10,49,31,27,0,48,71,236
2024-03-03 13:40:00,18,49,42,22,0,43,58,232
2024-03-03 13:50:00,8,53,33,20,0,32,56,202
2024-03-03 14:00:00,11,38,35,21,0,25,49,179
2024-03-03 14:10:00,13,46,35,21,0,26,55,196
2024-03-03 14:20:00,5,51,38,30,0,27,55,206
2024-03-03 14:30:00,6,42,38,25,0,40,52,203
2024-03-03 14:40:00,7,28,32,18,0,24,47,156
2024-03-03 14:50:00,15,35,41,21,0,45,55,212
2024-03-03 15:00:00,8,42,39,17,0,32,37,175
2024-03-03 15:10:00,12,51,34,20,0,36,47,200
2024-03-03 15:20:00,7,39,36,19,0,54,41,196
2024-03-03 15:30:00,16,43,31,21,0,67,38,216
2024-03-03 15:40:00,18,53,34,28,0,88,44,265
2024-03-03 15:50:00,5,34,41,22,0,63,33,198
2024-03-03 16:00:00,12,32,27,20,0,59,28,178
2024-03-03 16:10:00,24,40,49,24,0,61,38,236
2024-03-03 16:20:00,18,34,32,18,0,56,26,184
2024-03-03 16:30:00,18,41,26,25,0,38,51,199
2024-03-03 16:40:00,21,36,41,18,0,26,55,197
2024-03-03 16:50:00,11,38,35,14,0,29,25,152
2024-03-03 17:00:00,17,32,41,21,0,24,26,161
2024-03-03 17:10:00,18,33,40,21,0,20,22,154
2024-03-03 17:20:00,4,47,38,27,0,23,31,170
2024-03-03 17:30:00,0,49,35,17,0,30,43,174
2024-03-03 17:40:00,0,44,33,19,0,25,33,154
2024-03-03 17:50:00,2,44,47,34,0,34,29,190
2024-03-03 18:00:00,2,41,31,26,0,28,26,154
2024-03-03 18:10:00,19,34,32,23,0,24,28,160
2024-03-03 18:20:00,39,32,49,23,0,36,43,222
2024-03-03 18:30:00,17,41,32,18,0,35,22,165
2024-03-03 18:40:00,19,27,38,23,0,36,35,178
2024-03-03 18:50:00,19,40,33,20,0,50,36,198
2024-03-03 19:00:00,28,38,36,24,0,36,34,196
2024-03-03 19:10:00,31,33,32,24,0,42,31,193
2024-03-03 19:20:00,29,38,26,15,0,44,21,173
2024-03-03 19:30:00,13,34,28,21,0,47,41,184
2024-03-03 19:40:00,16,28,30,17,0,36,31,158
2024-03-03 19:50:00,21,33,20,9,0,28,21,132
2024-03-03 20:00:00,24,30,21,19,0,32,27,153
2024-03-03 20:10:00,25,29,26,11,0,26,18,135
2024-03-03 20:20:00,15,29,24,18,0,27,17,130
2024-03-03 20:30:00,21,30,10,9,0,34,23,127
2024-03-03 20:40:00,15,29,17,12,0,24,17,114
2024-03-03 20:50:00,17,24,25,8,0,19,16,109
2024-03-03 21:00:00,12,20,17,12,0,18,8,87
2024-03-03 21:10:00,35,31,16,20,0,32,24,158
2024-03-03 21:20:00,16,26,20,12,0,15,19,108
2024-03-03 21:30:00,13,28,14,12,0,18,15,100
2024-03-03 21:40:00,6,32,10,7,0,21,16,92
2024-03-03 21:50:00,5,15,18,10,0,13,10,71
2024-03-03 22:00:00,15,22,15,13,0,11,22,98
2024-03-03 22:10:00,11,39,25,10,0,14,24,123
2024-03-03 22:20:00,4,17,11,5,0,13,10,60
2024-03-03 22:30:00,4,17,8,7,0,7,11,54
2024-03-03 22:40:00,8,16,8,5,0,15,7,59
2024-03-03 22:50:00,16,25,10,5,0,6,7,69
2024-03-03 23:00:00,8,14,5,6,0,10,6,49
2024-03-03 23:10:00,15,16,2,2,0,5,8,48
2024-03-03 23:20:00,8,11,3,2,0,8,4,36
2024-03-03 23:30:00,7,12,3,2,0,3,1,28
2024-03-03 23:40:00,9,14,5,3,0,2,3,36
2024-03-03 23:50:00,5,8,3,1,0,1,3,21
2024-03-04 00:00:00,5,7,9,1,0,2,4,28
2024-03-04 00:10:00,1,5,6,2,0,2,5,21
2024-03-04 00:20:00,3,7,6,0,0,3,1,20
2024-03-04 00:30:00,2,2,2,2,0,2,2,12
2024-03-04 00:40:00,6,4,2,0,0,0,0,12
2024-03-04 00:50:00,4,4,2,1,0,3,4,18
2024-03-04 01:00:00,5,9,0,2,0,6,2,24
2024-03-04 01:10:00,4,5,1,0,0,0,1,11
2024-03-04 01:20:00,3,3,0,1,0,1,2,10
2024-03-04 01:30:00,1,1,1,0,0,0,0,3
2024-03-04 01:40:00,1,2,0,0,0,1,0,4
2024-03-04 01:50:00,1,2,3,1,0,2,0,9
2024-03-04 02:00:00,1,2,0,1,0,1,1,6
2024-03-04 02:10:00,2,1,3,0,0,0,0,6
2024-03-04 02:20:00,3,5,1,0,0,0,1,10
2024-03-04 02:30:00,1,2,4,2,0,1,1,11
2024-03-04 02:40:00,0,1,1,1,0,0,2,5
2024-03-04 02:50:00,0,5,1,0,0,0,1,7
2024-03-04 03:00:00,1,2,0,1,0,1,1,6
2024-03-04 03:10:00,3,4,1,1,0,1,1,11
2024-03-04 03:20:00,1,2,0,0,0,1,0,4
2024-03-04 03:30:00,0,0,0,0,0,1,3,4
2024-03-04 03:40:00,3,4,1,0,0,6,5,19
2024-03-04 03:50:00,0,0,0,0,0,0,0,0
2024-03-04 04:00:00,1,1,1,0,0,2,0,5
2024-03-04 04:10:00,6,6,2,0,0,0,0,14
2024-03-04 04:20:00,1,0,1,1,0,3,1,7
2024-03-04 04:30:00,0,1,1,3,0,2,4,11
2024-03-04 04:40:00,2,2,2,0,0,4,0,10
2024-03-04 04:50:00,2,5,5,0,0,3,2,17
2024-03-04 05:00:00,3,9,4,1,0,6,3,26
2024-03-04 05:10:00,10,9,4,3,0,13,2,41
2024-03-04 05:20:00,5,14,6,7,0,14,7,53
2024-03-04 05:30:00,5,9,14,2,0,31,6,67
2024-03-04 05:40:00,8,17,26,13,0,36,9,109
2024-03-04 05:50:00,11,27,19,5,0,33,9,104
2024-03-04 06:00:00,10,16,23,9,0,42,14,114
2024-03-04 06:10:00,14,32,30,19,0,25,21,141
2024-03-04 06:20:00,10,19,27,17,0,36,16,125
2024-03-04 06:30:00,11,27,45,25,0,68,28,204
2024-03-04 06:40:00,6,32,61,27,0,56,37,219
2024-03-04 06:50:00,15,34,54,28,0,55,40,226
2024-03-04 07:00:00,12,40,64,29,0,32,44,221
2024-03-04 07:10:00,7,39,54,24,0,25,43,192
2024-03-04 07:20:00,3,40,74,35,0,41,37,230
2024-03-04 07:30:00,5,34,52,34,0,47,45,217
2024-03-04 07:40:00,7,40,82,42,0,60,51,282
2024-03-04 07:50:00,6,41,76,43,0,39,59,264
2024-03-04 08:00:00,9,42,68,27,0,52,37,235
2024-03-04 08:10:00,7,43,69,33,0,49,52,253
2024-03-04 08:20:00,6,47,66,40,0,52,54,265
2024-03-04 08:30:00,9,42,55,34,0,44,57,241
2024-03-04 08:40:00,20,32,62,44,0,44,49,251
2024-03-04 08:50:00,35,42,77,35,0,45,50,284
2024-03-04 09:00:00,13,25,45,28,0,36,59,206
2024-03-04 09:10:00,20,35,53,22,0,40,40,210
2024-03-04 09:20:00,13,37,51,29,0,44,38,212
2024-03-04 09:30:00,13,35,48,23,0,40,34,193
2024-03-04 09:40:00,11,48,47,21,0,34,38,199
2024-03-04 09:50:00,12,52,39,25,0,42,38,208
2024-03-04 10:00:00,13,47,40,20,0,37,40,197
2024-03-04 10:10:00,14,47,38,27,0,39,43,208
2024-03-04 10:20:00,14,64,29,19,0,49,61,236
2024-03-04 10:30:00,7,49,39,22,0,38,61,216
2024-03-04 10:40:00,9,62,39,19,0,47,55,231
2024-03-04 10:50:00,9,45,41,15,0,48,57,215
2024-03-04 11:00:00,13,67,41,21,0,42,61,245
2024-03-04 11:10:00,13,56,33,28,0,60,66,256
2024-03-04 11:20:00,12,68,41,23,0,42,68,254
2024-03-04 11:30:00,7,54,36,20,0,44,59,220
2024-03-04 11:40:00,11,54,37,31,0,52,71,256
2024-03-04 11:50:00,13,46,40,26,0,43,68,236
2024-03-04 12:00:00,22,39,47,29,0,69,50,256
2024-03-04 12:10:00,11,49,40,18,0,56,66,240
2024-03-04 12:20:00,15,45,47,31,0,56,60,254
2024-03-04 12:30:00,16,54,28,23,0,57,80,258
2024-03-04 12:40:00,19,41,42,22,0,56,46,226
2024-03-04 12:50:00,17,49,38,24,0,77,80,285
2024-03-04 13:00:00,27,56,30,34,0,66,79,292
2024-03-04 13:10:00,25,59,33,32,0,54,61,264
2024-03-04 13:20:00,27,53,55,36,0,61,64,296
2024-03-04 13:30:00,29,53,36,24,0,57,67,266
2024-03-04 13:40:00,22,45,37,24,0,60,62,250
2024-03-04 13:50:00,20,51,39,22,0,48,58,238
2024-03-04 14:00:00,18,59,32,22,0,53,71,255
2024-03-04 14:10:00,35,49,32,31,0,61,85,293
2024-03-04 14:20:00,26,44,47,33,0,62,76,288
2024-03-04 14:30:00,38,52,45,25,0,56,74,290
2024-03-04 14:40:00,33,39,45,27,0,49,82,275
2024-03-04 14:50:00,36,52,43,26,0,72,98,327
2024-03-04 15:00:00,42,47,34,25,0,58,81,287
2024-03-04 15:10:00,39,40,42,33,0,63,97,314
2024-03-04 15:20:00,35,37,37,32,0,52,70,263
2024-03-04 15:30:00,30,39,48,27,0,39,61,244
2024-03-04 15:40:00,27,40,47,38,0,53,69,274
2024-03-04 15:50:00,32,41,39,34,0,49,76,271
2024-03-04 16:00:00,37,50,49,30,0,51,76,293
2024-03-04 16:10:00,36,39,55,35,0,58,90,313
2024-03-04 16:20:00,31,35,41,40,0,61,86,294
2024-03-04 16:30:00,25,38,36,44,0,60,82,285
2024-03-04 16:40:00,33,42,44,40,0,53,75,287
2024-03-04 16:50:00,30,37,45,31,0,55,77,275
2024-03-04 17:00:00,45,45,47,32,0,47,74,290
2024-03-04 17:10:00,31,35,50,42,0,63,106,327
2024-03-04 17:20:00,28,34,46,52,0,80,101,341
2024-03-04 17:30:00,36,35,41,31,0,50,72,265
2024-03-04 17:40:00,43,35,29,33,0,55,63,258
2024-03-04 17:50:00,40,33,36,33,0,48,62,252
2024-03-04 18:00:00,33,31,37,33,0,52,68,254
2024-03-04 18:10:00,33,35,58,33,0,50,63,272
2024-03-04 18:20:00,19,35,49,37,0,46,48,234
2024-03-04 18:30:00,33,26,38,23,0,44,42,206
2024-03-04 18:40:00,34,37,29,24,0,48,52,224
2024-03-04 18:50:00,35,37,29,17,0,51,54,223
2024-03-04 19:00:00,21,28,28,15,0,38,23,153
2024-03-04 19:10:00,28,34,33,19,0,41,58,213
2024-03-04 19:20:00,20,47,28,21,0,46,28,190
2024-03-04 19:30:00,14,33,19,15,0,27,28,136
2024-03-04 19:40:00,20,45,22,7,0,27,23,144
2024-03-04 19:50:00,17,28,22,16,0,34,25,142
2024-03-04 20:00:00,21,31,22,12,0,44,30,160
2024-03-04 20:10:00,14,32,18,13,0,26,33,136
2024-03-04 20:20:00,11,27,19,9,0,25,23,114
2024-03-04 20:30:00,13,27,18,7,0,21,14,100
2024-03-04 20:40:00,10,34,9,13,0,34,23,123
2024-03-04 20:50:00,14,30,20,9,0,29,23,125
2024-03-04 21:00:00,17,33,24,9,0,27,24,134
2024-03-04 21:10:00,19,34,25,16,0,21,23,138
2024-03-04 21:20:00,18,32,21,15,0,25,23,134
2024-03-04 21:30:00,10,21,17,9,0,13,17,87
2024-03-04 21:40:00,11,30,17,3,0,16,18,95
2024-03-04 21:50:00,8,23,12,12,0,19,17,91
2024-03-04 22:00:00,13,30,16,8,0,16,17,100
2024-03-04 22:10:00,10,24,13,4,0,14,7,72
2024-03-04 22:20:00,11,32,14,14,0,14,24,109
2024-03-04 22:30:00,9,22,13,11,0,10,21,86
2024-03-04 22:40:00,9,18,12,4,0,15,9,67
2024-03-04 22:50:00,7,15,10,2,0,7,6,47
2024-03-04 23:00:00,9,15,7,5,0,8,7,51
2024-03-04 23:10:00,11,14,10,4,0,4,7,50
2024-03-04 23:20:00,11,19,6,2,0,3,2,43
2024-03-04 23:30:00,11,15,9,1,0,3,0,39
2024-03-04 23:40:00,12,14,1,2,0,4,4,37
2024-03-04 23:50:00,5,8,3,2,0,2,7,27
2024-03-05 00:00:00,3,8,3,2,0,4,0,20
2024-03-05 00:10:00,3,5,3,0,0,2,0,13
2024-03-05 00:20:00,6,8,4,0,0,4,1,23
2024-03-05 00:30:00,3,6,1,0,0,1,0,11
2024-03-05 00:40:00,3,6,1,3,0,0,4,17
2024-03-05 00:50:00,1,3,2,0,0,1,0,7
2024-03-05 01:00:00,1,5,0,0,0,1,2,9
2024-03-05 01:10:00,6,7,3,1,0,2,2,21
2024-03-05 01:20:00,1,3,2,0,0,1,1,8
2024-03-05 01:30:00,3,4,2,1,0,0,1,11
2024-03-05 01:40:00,1,3,0,0,0,1,0,5
2024-03-05 01:50:00,1,1,0,1,0,1,1,5
2024-03-05 02:00:00,1,3,1,0,0,1,0,6
2024-03-05 02:10:00,3,4,2,0,0,0,1,10
2024-03-05 02:20:00,0,1,1,0,0,3,2,7
2024-03-05 02:30:00,2,4,1,0,0,3,2,12
2024-03-05 02:40:00,1,2,0,0,0,1,0,4
2024-03-05 02:50:00,1,2,0,0,0,0,0,3
2024-03-05 03:00:00,0,1,3,0,0,0,0,4
2024-03-05 03:10:00,0,1,1,1,0,2,2,7
2024-03-05 03:20:00,0,4,0,0,0,0,0,4
2024-03-05 03:30:00,2,3,1,0,0,0,1,7
2024-03-05 03:40:00,2,1,1,2,0,2,1,9
2024-03-05 03:50:00,1,2,2,1,0,0,1,7
2024-03-05 04:00:00,3,4,2,0,0,2,0,11
2024-03-05 04:10:00,1,1,1,0,0,2,0,5
2024-03-05 04:20:00,2,3,1,0,0,1,0,7
2024-03-05 04:30:00,4,3,6,1,0,2,1,17
2024-03-05 04:40:00,1,4,1,0,0,5,1,12
2024-03-05 04:50:00,3,7,5,0,0,7,3,25
2024-03-05 05:00:00,3,3,6,1,0,14,1,28
2024-03-05 05:10:00,9,10,5,2,0,17,5,48
2024-03-05 05:20:00,8,9,14,4,0,24,3,62
2024-03-05 05:30:00,6,11,12,9,0,27,9,74
2024-03-05 05:40:00,7,18,23,14,0,33,13,108
2024-03-05 05:50:00,4,12,20,8,0,31,6,81
2024-03-05 06:00:00,4,24,20,8,0,42,19,117
2024-03-05 06:10:00,9,16,37,16,0,37,22,137
2024-03-05 06:20:00,9,25,33,19,0,61,29,176
2024-03-05 06:30:00,13,25,36,23,0,45,27,169
2024-03-05 06:40:00,17,27,62,26,0,71,25,228
2024-03-05 06:50:00,13,22,66,24,0,37,34,196
2024-03-05 07:00:00,8,26,61,25,0,36,35,191
2024-03-05 07:10:00,14,31,64,35,0,36,48,228
2024-03-05 07:20:00,10,43,76,36,0,45,43,253
2024-03-05 07:30:00,9,47,55,37,0,65,56,269
2024-03-05 07:40:00,12,43,64,45,0,71,41,276
2024-03-05 07:50:00,15,42,65,40,0,45,54,261
2024-03-05 08:00:00,15,43,60,44,0,40,47,249
2024-03-05 08:10:00,16,45,64,36,0,52,33,246
2024-03-05 08:20:00,13,35,75,47,0,42,48,260
2024-03-05 08:30:00,9,39,64,43,0,45,41,241
2024-03-05 08:40:00,12,46,78,42,0,50,54,282
2024-03-05 08:50:00,10,38,61,36,0,48,46,239
2024-03-05 09:00:00,8,34,58,37,0,43,38,218
2024-03-05 09:10:00,4,37,47,28,0,42,49,207
2024-03-05 09:20:00,12,38,42,30,0,34,44,200
2024-03-05 09:30:00,9,50,45,30,0,48,48,230
2024-03-05 09:40:00,10,43,58,19,0,30,37,197
2024-03-05 09:50:00,10,59,52,31,0,39,62,253
2024-03-05 10:00:00,5,37,39,26,0,33,51,191
2024-03-05 10:10:00,9,39,53,21,0,54,51,227
2024-03-05 10:20:00,9,49,39,18,0,39,39,193
2024-03-05 10:30:00,15,48,42,12,0,54,50,221
2024-03-05 10:40:00,10,51,47,19,0,52,70,249
2024-03-05 10:50:00,9,47,39,15,0,36,41,187
2024-03-05 11:00:00,6,42,28,21,0,32,48,177
2024-03-05 11:10:00,5,52,44,21,0,42,57,221
2024-03-05 11:20:00,16,53,42,25,0,58,71,265
2024-03-05 11:30:00,7,60,31,20,0,48,60,226
2024-03-05 11:40:00,9,68,34,21,0,42,60,234
2024-03-05 11:50:00,12,54,40,25,0,43,57,231
2024-03-05 12:00:00,10,61,40,22,0,41,54,228
2024-03-05 12:10:00,12,51,39,27,0,55,64,248
2024-03-05 12:20:00,16,54,42,21,0,29,60,222
2024-03-05 12:30:00,13,61,40,24,0,50,64,252
2024-03-05 12:40:00,10,53,36,18,0,42,54,213
2024-03-05 12:50:00,13,54,39,30,0,57,73,266
2024-03-05 13:00:00,9,51,47,38,0,72,70,287
2024-03-05 13:10:00,10,49,53,35,0,44,52,243
2024-03-05 13:20:00,24,47,53,33,0,38,68,263
2024-03-05 13:30:00,27,43,41,20,0,41,62,234
2024-03-05 13:40:00,45,47,40,26,0,45,53,256
2024-03-05 13:50:00,33,36,44,24,0,46,53,236
2024-03-05 14:00:00,39,42,33,30,0,34,58,236
2024-03-05 14:10:00,33,51,48,32,0,33,77,274
2024-03-05 14:20:00,34,33,30,31,0,28,71,227
2024-03-05 14:30:00,40,37,28,23,0,43,86,257
2024-03-05 14:40:00,36,43,45,38,0,46,86,294
2024-03-05 14:50:00,31,30,50,32,0,47,81,271
2024-03-05 15:00:00,42,41,50,31,0,36,52,252
2024-03-05 15:10:00,29,36,42,22,0,38,87,254
2024-03-05 15:20:00,34,28,48,32,0,33,81,256
2024-03-05 15:30:00,24,34,36,23,0,35,91,243
2024-03-05 15:40:00,30,25,45,28,0,38,58,224
2024-03-05 15:50:00,28,27,56,44,0,38,41,234
2024-03-05 16:00:00,36,37,45,39,0,36,62,255
2024-03-05 16:10:00,25,20,57,44,0,64,68,278
2024-03-05 16:20:00,29,33,48,45,0,33,77,265
2024-03-05 16:30:00,32,35,35,35,0,45,60,242
2024-03-05 16:40:00,17,26,41,52,0,44,69,249
2024-03-05 16:50:00,28,30,48,48,0,51,89,294
2024-03-05 17:00:00,30,34,40,34,0,32,81,251
2024-03-05 17:10:00,25,29,41,31,0,42,59,227
2024-03-05 17:20:00,31,38,55,40,0,44,76,284
2024-03-05 17:30:00,28,31,47,31,0,44,67,248
2024-03-05 17:40:00,28,36,35,22,0,43,76,240
2024-03-05 17:50:00,26,32,33,35,0,40,80,246
2024-03-05 18:00:00,36,28,41,39,0,44,80,268
2024-03-05 18:10:00,28,36,55,28,0,43,78,268
2024-03-05 18:20:00,40,36,36,36,0,51,62,261
2024-03-05 18:30:00,31,26,34,29,0,47,63,230
2024-03-05 18:40:00,33,31,40,34,0,50,50,238
2024-03-05 18:50:00,29,36,28,18,0,53,35,199
2024-03-05 19:00:00,29,30,36,22,0,50,46,213
2024-03-05 19:10:00,24,34,34,24,0,44,41,201
2024-03-05 19:20:00,17,41,27,18,0,56,40,199
2024-03-05 19:30:00,11,43,23,22,0,44,45,188
2024-03-05 19:40:00,15,34,22,13,0,36,37,157
2024-03-05 19:50:00,9,32,26,18,0,40,32,157
2024-03-05 20:00:00,13,24,28,13,0,30,20,128
2024-03-05 20:10:00,11,49,27,12,0,35,32,166
2024-03-05 20:20:00,12,34,24,16,0,34,22,142
2024-03-05 20:30:00,13,37,22,11,0,27,19,129
2024-03-05 20:40:00,15,33,23,8,0,34,20,133
2024-03-05 20:50:00,13,27,25,7,0,25,23,120
2024-03-05 21:00:00,17,35,15,8,0,21,19,115
2024-03-05 21:10:00,15,27,7,9,0,27,26,111
2024-03-05 21:20:00,10,27,27,14,0,22,29,129
2024-03-05 21:30:00,10,28,15,9,0,11,12,85
2024-03-05 21:40:00,8,26,11,8,0,16,13,82
2024-03-05 21:50:00,12,29,19,8,0,18,17,103
2024-03-05 22:00:00,6,25,13,9,0,14,17,84
2024-03-05 22:10:00,4,26,10,9,0,20,12,81
2024-03-05 22:20:00,5,28,14,11,0,18,18,94
2024-03-05 22:30:00,16,36,16,10,0,6,28,112
2024-03-05 22:40:00,15,25,17,11,0,10,20,98
2024-03-05 22:50:00,10,31,21,11,0,7,14,94
2024-03-05 23:00:00,11,21,11,2,0,7,13,65
2024-03-05 23:10:00,7,18,8,2,0,8,4,47
2024-03-05 23:20:00,10,13,7,4,0,6,5,45
2024-03-05 23:30:00,9,16,8,4,0,4,5,46
2024-03-05 23:40:00,6,13,3,1,0,11,3,37
2024-03-05 23:50:00,6,12,1,1,0,1,2,23
2024-03-06 00:00:00,1,6,2,3,0,3,2,17
2024-03-06 00:10:00,4,4,5,1,0,3,1,18
2024-03-06 00:20:00,6,7,0,2,0,4,3,22
2024-03-06 00:30:00,3,4,2,1,0,6,1,17
2024-03-06 00:40:00,3,3,1,1,0,0,1,9
2024-03-06 00:50:00,6,5,1,2,0,2,3,19
2024-03-06 01:00:00,2,5,0,0,0,1,0,8
2024-03-06 01:10:00,3,4,3,0,0,0,0,10
2024-03-06 01:20:00,2,5,3,0,0,0,0,10
2024-03-06 01:30:00,0,1,0,1,0,2,0,4
2024-03-06 01:40:00,7,8,6,0,0,0,1,22
2024-03-06 01:50:00,0,1,1,1,0,0,1,4
2024-03-06 02:00:00,5,6,0,0,0,0,3,14
2024-03-06 02:10:00,2,5,1,0,0,0,0,8
2024-03-06 02:20:00,1,3,2,1,0,1,1,9
2024-03-06 02:30:00,5,4,1,0,0,1,0,11
2024-03-06 02:40:00,0,1,1,0,0,0,0,2
2024-03-06 02:50:00,1,2,1,0,0,0,0,4
2024-03-06 03:00:00,3,3,0,0,0,1,1,8
2024-03-06 03:10:00,0,2,2,0,0,2,1,7
2024-03-06 03:20:00,0,2,0,0,0,0,0,2
2024-03-06 03:30:00,2,3,2,1,0,0,1,9
2024-03-06 03:40:00,4,4,0,0,0,1,1,10
2024-03-06 03:50:00,0,3,1,0,0,0,0,4
2024-03-06 04:00:00,1,3,1,0,0,2,1,8
2024-03-06 04:10:00,6,6,2,1,0,0,0,15
2024-03-06 04:20:00,5,5,1,0,0,0,1,12
2024-03-06 04:30:00,2,1,2,0,0,5,0,10
2024-03-06 04:40:00,0,1,4,2,0,3,4,14
2024-03-06 04:50:00,3,6,1,0,0,4,1,15
2024-03-06 05:00:00,1,4,5,3,0,9,3,25
2024-03-06 05:10:00,5,8,4,4,0,11,3,35
2024-03-06 05:20:00,7,13,15,7,0,22,6,70
2024-03-06 05:30:00,7,14,14,8,0,34,10,87
2024-03-06 05:40:00,8,16,18,5,0,31,5,83
2024-03-06 05:50:00,15,22,21,4,0,35,17,114
2024-03-06 06:00:00,11,26,21,10,0,34,14,116
2024-03-06 06:10:00,17,30,28,13,0,42,21,151
2024-03-06 06:20:00,12,24,28,18,0,44,28,154
2024-03-06 06:30:00,10,23,47,23,0,54,26,183
2024-03-06 06:40:00,11,32,53,26,0,61,34,217
2024-03-06 06:50:00,10,29,55,26,0,46,34,200
2024-03-06 07:00:00,13,37,56,24,0,27,36,193
2024-03-06 07:10:00,10,36,73,38,0,34,48,239
2024-03-06 07:20:00,4,49,61,32,0,51,37,234
2024-03-06 07:30:00,6,34,60,32,0,56,46,234
2024-03-06 07:40:00,8,48,82,53,0,29,46,266
2024-03-06 07:50:00,6,43,66,44,0,56,54,269
2024-03-06 08:00:00,4,44,61,42,0,42,53,246
2024-03-06 08:10:00,9,41,67,40,0,46,60,263
2024-03-06 08:20:00,24,36,78,38,0,62,59,297
2024-03-06 08:30:00,18,27,62,45,0,48,49,249
2024-03-06 08:40:00,21,37,69,37,0,54,45,263
2024-03-06 08:50:00,22,37,71,45,0,58,48,281
2024-03-06 09:00:00,17,27,55,26,0,42,46,213
2024-03-06 09:10:00,22,39,44,30,0,53,40,228
2024-03-06 09:20:00,22,42,49,25,0,52,59,249
2024-03-06 09:30:00,20,23,42,21,0,41,57,204
2024-03-06 09:40:00,25,35,47,21,0,48,58,234
2024-03-06 09:50:00,22,35,43,18,0,49,51,218
2024-03-06 10:00:00,18,30,45,15,0,37,40,185
2024-03-06 10:10:00,13,33,33,22,0,56,51,208
2024-03-06 10:20:00,19,34,36,12,0,42,42,185
2024-03-06 10:30:00,20,41,37,20,0,48,46,212
2024-03-06 10:40:00,25,38,37,19,0,44,40,203
2024-03-06 10:50:00,23,33,32,13,0,55,42,198
2024-03-06 11:00:00,19,35,29,18,0,48,53,202
2024-03-06 11:10:00,22,41,36,19,0,54,44,216
2024-03-06 11:20:00,21,44,34,22,0,57,51,229
2024-03-06 11:30:00,23,45,36,25,0,63,61,253
2024-03-06 11:40:00,24,57,41,23,0,61,71,277
2024-03-06 11:50:00,22,48,35,21,0,50,44,220
2024-03-06 12:00:00,18,48,35,29,0,50,58,238
2024-03-06 12:10:00,3,51,47,25,0,80,81,287
2024-03-06 12:20:00,17,51,38,24,0,54,55,239
2024-03-06 12:30:00,11,50,40,18,0,59,70,248
2024-03-06 12:40:00,13,53,39,30,0,82,66,283
2024-03-06 12:50:00,20,55,39,23,0,59,70,266
2024-03-06 13:00:00,15,62,30,22,0,45,47,221
2024-03-06 13:10:00,11,69,39,30,0,49,82,280
2024-03-06 13:20:00,7,62,30,25,0,35,53,212
2024-03-06 13:30:00,16,55,54,27,0,38,51,241
2024-03-06 13:40:00,16,51,44,24,0,51,49,235
2024-03-06 13:50:00,15,48,45,32,0,52,54,246
2024-03-06 14:00:00,20,53,38,23,0,32,58,224
2024-03-06 14:10:00,33,42,45,20,0,33,61,234
2024-03-06 14:20:00,48,60,44,26,0,77,72,327
2024-03-06 14:30:00,31,37,40,28,0,45,82,263
2024-03-06 14:40:00,37,38,44,26,0,55,74,274
2024-03-06 14:50:00,38,46,49,29,0,50,63,275
2024-03-06 15:00:00,36,34,41,35,0,49,61,256
2024-03-06 15:10:00,33,31,45,30,0,42,69,250
2024-03-06 15:20:00,28,33,54,35,0,48,63,261
2024-03-06 15:30:00,19,26,54,33,0,28,57,217
2024-03-06 15:40:00,25,29,46,38,0,28,63,229
2024-03-06 15:50:00,27,29,53,37,0,32,47,225
2024-03-06 16:00:00,29,34,50,33,0,34,76,256
2024-03-06 16:10:00,26,28,44,33,0,30,57,218
2024-03-06 16:20:00,38,32,44,39,0,43,64,260
2024-03-06 16:30:00,27,29,42,35,0,26,75,234
2024-03-06 16:40:00,24,35,53,43,0,28,53,236
2024-03-06 16:50:00,26,32,42,36,0,35,71,242
2024-03-06 17:00:00,25,37,50,45,0,34,56,247
2024-03-06 17:10:00,30,32,44,37,0,21,76,240
2024-03-06 17:20:00,26,29,58,45,0,38,71,267
2024-03-06 17:30:00,30,25,43,34,0,31,49,212
2024-03-06 17:40:00,19,24,35,26,0,51,51,206
2024-03-06 17:50:00,30,35,43,46,0,41,84,279
2024-03-06 18:00:00,23,27,33,23,0,45,79,230
2024-03-06 18:10:00,36,36,43,24,0,25,66,230
2024-03-06 18:20:00,38,41,50,31,0,38,81,279
2024-03-06 18:30:00,38,34,31,21,0,40,39,203
2024-03-06 18:40:00,24,30,32,24,0,57,44,211
2024-03-06 18:50:00,27,36,44,18,0,54,49,228
2024-03-06 19:00:00,15,22,44,15,0,53,33,182
2024-03-06 19:10:00,10,36,35,21,0,37,47,186
2024-03-06 19:20:00,19,48,25,27,0,57,51,227
2024-03-06 19:30:00,14,31,27,16,0,47,36,171
2024-03-06 19:40:00,18,49,20,10,0,37,30,164
2024-03-06 19:50:00,22,27,28,12,0,30,30,149
2024-03-06 20:00:00,17,28,21,13,0,36,29,144
2024-03-06 20:10:00,12,38,28,10,0,30,30,148
2024-03-06 20:20:00,16,32,23,6,0,29,25,131
2024-03-06 20:30:00,16,33,20,10,0,30,26,135
2024-03-06 20:40:00,16,32,25,20,0,25,34,152
2024-03-06 20:50:00,11,40,21,15,0,22,25,134
2024-03-06 21:00:00,8,37,23,11,0,12,18,109
2024-03-06 21:10:00,11,30,17,11,0,26,28,123
2024-03-06 21:20:00,14,32,28,11,0,23,30,138
2024-03-06 21:30:00,12,28,18,8,0,21,20,107
2024-03-06 21:40:00,13,28,21,12,0,19,17,110
2024-03-06 21:50:00,11,28,24,11,0,14,18,106
2024-03-06 22:00:00,13,28,11,8,0,17,26,103
2024-03-06 22:10:00,17,31,16,8,0,22,18,112
2024-03-06 22:20:00,6,23,16,6,0,16,9,76
2024-03-06 22:30:00,14,26,13,10,0,15,16,94
2024-03-06 22:40:00,16,28,6,6,0,11,11,78
2024-03-06 22:50:00,11,20,8,4,0,13,4,60
2024-03-06 23:00:00,18,26,13,8,0,10,12,87
2024-03-06 23:10:00,17,21,16,6,0,11,8,79
2024-03-06 23:20:00,12,18,3,12,0,7,13,65
2024-03-06 23:30:00,7,15,9,3,0,10,4,48
2024-03-06 23:40:00,12,10,7,4,0,5,2,40
2024-03-06 23:50:00,7,7,1,2,0,2,2,21
2024-03-07 00:00:00,2,6,7,1,0,6,2,24
2024-03-07 00:10:00,7,12,2,2,0,4,0,27
2024-03-07 00:20:00,1,5,3,0,0,4,2,15
2024-03-07 00:30:00,5,8,2,1,0,4,3,23
2024-03-07 00:40:00,2,6,2,0,0,2,1,13
2024-03-07 00:50:00,4,5,2,1,0,1,0,13
2024-03-07 01:00:00,3,4,1,3,0,3,2,16
2024-03-07 01:10:00,0,1,4,0,0,0,0,5
2024-03-07 01:20:00,2,5,0,0,0,0,0,7
2024-03-07 01:30:00,1,7,2,0,0,0,1,11
2024-03-07 01:40:00,2,4,1,3,0,0,5,15
2024-03-07 01:50:00,7,0,4,1,0,2,0,14
2024-03-07 02:00:00,10,6,0,0,0,1,0,17
2024-03-07 02:10:00,0,0,2,0,0,1,0,3
2024-03-07 02:20:00,1,2,0,2,0,1,1,7
2024-03-07 02:30:00,0,3,1,0,0,0,0,4
2024-03-07 02:40:00,1,1,2,1,0,1,1,7
2024-03-07 02:50:00,3,4,1,1,0,0,1,10
2024-03-07 03:00:00,0,0,0,1,0,0,1,2
2024-03-07 03:10:00,1,2,0,0,0,0,0,3
2024-03-07 03:20:00,2,3,1,0,0,0,0,6
2024-03-07 03:30:00,0,2,0,1,0,2,0,5
2024-03-07 03:40:00,1,2,3,1,0,2,1,10
2024-03-07 03:50:00,0,3,2,0,0,0,0,5
2024-03-07 04:00:00,0,1,3,0,0,2,0,6
2024-03-07 04:10:00,3,6,2,0,0,2,0,13
2024-03-07 04:20:00,1,1,2,2,0,2,3,11
2024-03-07 04:30:00,2,3,2,1,0,2,0,10
2024-03-07 04:40:00,4,5,3,1,0,8,3,24
2024-03-07 04:50:00,1,4,4,3,0,4,1,17
2024-03-07 05:00:00,3,5,3,5,0,11,3,30
2024-03-07 05:10:00,3,7,14,3,0,9,2,38
2024-03-07 05:20:00,3,10,4,3,0,17,4,41
2024-03-07 05:30:00,4,10,13,8,0,26,9,70
2024-03-07 05:40:00,11,17,29,5,0,32,5,99
2024-03-07 05:50:00,10,15,18,9,0,25,5,82
2024-03-07 06:00:00,7,24,25,10,0,33,22,121
2024-03-07 06:10:00,6,29,21,13,0,48,19,136
2024-03-07 06:20:00,13,25,27,13,0,49,19,146
2024-03-07 06:30:00,6,25,50,17,0,42,23,163
2024-03-07 06:40:00,12,26,57,28,0,58,42,223
2024-03-07 06:50:00,5,27,80,23,0,25,33,193
2024-03-07 07:00:00,5,35,66,29,0,38,45,218
2024-03-07 07:10:00,2,38,61,42,0,43,42,228
2024-03-07 07:20:00,9,46,70,37,0,58,43,263
2024-03-07 07:30:00,10,41,52,24,0,55,39,221
2024-03-07 07:40:00,7,41,71,44,0,51,56,270
2024-03-07 07:50:00,6,35,68,45,0,35,46,235
2024-03-07 08:00:00,10,53,66,38,0,54,44,265
2024-03-07 08:10:00,22,25,71,42,0,50,38,248
2024-03-07 08:20:00,14,31,69,36,0,47,40,237
2024-03-07 08:30:00,14,31,62,37,0,51,48,243
2024-03-07 08:40:00,22,40,65,37,0,53,55,272
2024-03-07 08:50:00,15,28,56,39,0,43,41,222
2024-03-07 09:00:00,20,35,56,30,0,43,55,239
2024-03-07 09:10:00,29,34,56,26,0,49,48,242
2024-03-07 09:20:00,24,38,54,28,0,47,44,235
2024-03-07 09:30:00,24,36,40,28,0,48,39,215
2024-03-07 09:40:00,30,42,46,31,0,69,56,274
2024-03-07 09:50:00,29,46,49,25,0,54,55,258
2024-03-07 10:00:00,23,34,28,30,0,37,35,187
2024-03-07 10:10:00,25,38,41,21,0,37,40,202
2024-03-07 10:20:00,24,31,41,21,0,38,32,187
2024-03-07 10:30:00,28,38,31,26,0,48,42,213
2024-03-07 10:40:00,35,48,35,19,0,55,61,253
2024-03-07 10:50:00,27,58,33,22,0,69,54,263
2024-03-07 11:00:00,25,29,32,16,0,62,52,216
2024-03-07 11:10:00,19,40,31,26,0,39,53,208
2024-03-07 11:20:00,25,37,40,23,0,74,59,258
2024-03-07 11:30:00,20,55,55,26,0,68,61,285
2024-03-07 11:40:00,14,58,32,28,0,83,69,284
2024-03-07 11:50:00,17,56,30,23,0,58,58,242
2024-03-07 12:00:00,17,55,52,31,0,70,59,284
2024-03-07 12:10:00,15,47,50,23,0,72,54,261
2024-03-07 12:20:00,30,31,49,24,0,64,83,281
2024-03-07 12:30:00,22,50,43,21,0,49,58,243
2024-03-07 12:40:00,36,52,41,29,0,76,95,329
2024-03-07 12:50:00,31,48,42,37,0,43,68,269
2024-03-07 13:00:00,30,56,48,23,0,59,55,271
2024-03-07 13:10:00,31,45,51,23,0,40,48,238
2024-03-07 13:20:00,33,49,38,22,0,68,85,295
2024-03-07 13:30:00,27,55,50,40,0,45,51,268
2024-03-07 13:40:00,22,50,48,27,0,43,59,249
2024-03-07 13:50:00,27,49,50,28,0,41,40,235
2024-03-07 14:00:00,26,34,47,28,0,37,81,253
2024-03-07 14:10:00,34,57,38,30,0,52,59,270
2024-03-07 14:20:00,37,40,42,34,0,45,78,276
2024-03-07 14:30:00,28,36,44,24,0,38,62,232
2024-03-07 14:40:00,31,42,49,32,0,39,76,269
2024-03-07 14:50:00,46,45,38,42,0,46,66,283
2024-03-07 15:00:00,36,35,58,32,0,43,68,272
2024-03-07 15:10:00,27,27,50,36,0,62,56,258
2024-03-07 15:20:00,31,33,48,42,0,58,81,293
2024-03-07 15:30:00,24,36,46,37,0,46,72,261
2024-03-07 15:40:00,32,30,40,42,0,56,85,285
2024-03-07 15:50:00,23,33,40,30,0,39,78,243
2024-03-07 16:00:00,24,33,39,26,0,58,51,231
2024-03-07 16:10:00,20,26,48,47,0,32,78,251
2024-03-07 16:20:00,25,36,65,46,0,43,81,296
2024-03-07 16:30:00,29,29,53,40,0,60,84,295
2024-03-07 16:40:00,31,32,43,37,0,44,74,261
2024-03-07 16:50:00,30,29,48,37,0,45,100,289
2024-03-07 17:00:00,30,37,48,37,0,64,82,298
2024-03-07 17:10:00,38,36,39,34,0,54,76,277
2024-03-07 17:20:00,26,36,46,32,0,57,67,264
2024-03-07 17:30:00,28,28,49,38,0,65,71,279
2024-03-07 17:40:00,26,35,50,35,0,48,87,281
2024-03-07 17:50:00,29,34,47,35,0,74,49,268
2024-03-07 18:00:00,29,30,57,22,0,46,64,248
2024-03-07 18:10:00,30,29,41,35,0,47,73,255
2024-03-07 18:20:00,35,34,42,32,0,55,54,252
2024-03-07 18:30:00,30,30,57,37,0,54,76,284
2024-03-07 18:40:00,37,39,35,28,0,66,59,264
2024-03-07 18:50:00,35,41,39,31,0,49,61,256
2024-03-07 19:00:00,21,30,38,26,0,39,33,187
2024-03-07 19:10:00,12,40,33,23,0,47,43,198
2024-03-07 19:20:00,21,46,33,27,0,34,39,200
2024-03-07 19:30:00,10,40,32,12,0,34,28,156
2024-03-07 19:40:00,20,30,35,20,0,43,41,189
2024-03-07 19:50:00,13,39,25,14,0,35,25,151
2024-03-07 20:00:00,9,34,12,12,0,36,33,136
2024-03-07 20:10:00,11,39,23,11,0,21,25,130
2024-03-07 20:20:00,17,31,27,14,0,35,30,154
2024-03-07 20:30:00,8,36,16,17,0,32,23,132
2024-03-07 20:40:00,12,32,11,10,0,19,23,107
2024-03-07 20:50:00,8,25,15,11,0,27,17,103
2024-03-07 21:00:00,17,28,20,13,0,28,24,130
2024-03-07 21:10:00,12,34,26,24,0,24,27,147
2024-03-07 21:20:00,6,40,23,11,0,31,29,140
2024-03-07 21:30:00,9,22,23,6,0,13,14,87
2024-03-07 21:40:00,9,27,18,10,0,24,23,111
2024-03-07 21:50:00,7,23,23,8,0,15,13,89
2024-03-07 22:00:00,9,26,17,6,0,18,21,97
2024-03-07 22:10:00,10,32,15,11,0,16,18,102
2024-03-07 22:20:00,9,24,21,7,0,19,14,94
2024-03-07 22:30:00,11,19,21,12,0,23,19,105
2024-03-07 22:40:00,11,19,13,10,0,10,13,76
2024-03-07 22:50:00,7,19,10,9,0,10,7,62
2024-03-07 23:00:00,8,15,12,5,0,9,9,58
2024-03-07 23:10:00,15,16,13,5,0,7,3,59
2024-03-07 23:20:00,12,17,9,5,0,6,8,57
2024-03-07 23:30:00,7,8,8,3,0,8,3,37
2024-03-07 23:40:00,11,12,6,5,0,4,2,40
2024-03-07 23:50:00,6,12,9,4,0,7,4,42
2024-03-08 00:00:00,3,7,1,2,0,5,5,23
2024-03-08 00:10:00,3,6,4,3,0,11,4,31
2024-03-08 00:20:00,4,5,5,0,0,0,0,14
2024-03-08 00:30:00,7,7,4,2,0,3,2,25
2024-03-08 00:40:00,0,1,5,1,0,2,0,9
2024-03-08 00:50:00,2,7,3,1,0,3,1,17
2024-03-08 01:00:00,9,10,2,0,0,3,2,26
2024-03-08 01:10:00,4,6,3,0,0,0,1,14
2024-03-08 01:20:00,4,4,1,1,0,6,2,18
2024-03-08 01:30:00,2,4,2,3,0,4,4,19
2024-03-08 01:40:00,3,5,0,1,0,1,0,10
2024-03-08 01:50:00,4,8,1,2,0,5,4,24
2024-03-08 02:00:00,2,4,3,0,0,1,0,10
2024-03-08 02:10:00,0,0,3,0,0,3,0,6
2024-03-08 02:20:00,2,4,4,1,0,3,2,16
2024-03-08 02:30:00,0,1,0,1,0,0,0,2
2024-03-08 02:40:00,1,4,0,2,0,2,0,9
2024-03-08 02:50:00,1,1,2,0,0,1,0,5
2024-03-08 03:00:00,0,2,3,1,0,1,1,8
2024-03-08 03:10:00,1,5,2,2,0,2,2,14
2024-03-08 03:20:00,2,5,1,0,0,0,1,9
2024-03-08 03:30:00,1,1,1,1,0,2,3,9
2024-03-08 03:40:00,1,1,1,0,0,0,1,4
2024-03-08 03:50:00,0,1,1,1,0,3,0,6
2024-03-08 04:00:00,4,4,0,1,0,5,0,14
2024-03-08 04:10:00,2,3,1,0,0,6,2,14
2024-03-08 04:20:00,2,2,3,2,0,3,1,13
2024-03-08 04:30:00,4,6,1,1,0,6,2,20
2024-03-08 04:40:00,1,4,2,0,0,7,1,15
2024-03-08 04:50:00,3,4,7,1,0,7,1,23
2024-03-08 05:00:00,3,6,8,4,0,10,6,37
2024-03-08 05:10:00,9,7,6,2,0,19,6,49
2024-03-08 05:20:00,4,8,5,2,0,17,1,37
2024-03-08 05:30:00,6,8,11,6,0,34,7,72
2024-03-08 05:40:00,13,13,19,4,0,22,4,75
2024-03-08 05:50:00,7,12,13,7,0,27,7,73
2024-03-08 06:00:00,8,14,19,8,0,38,15,102
2024-03-08 06:10:00,15,26,20,8,0,27,19,115
2024-03-08 06:20:00,6,24,26,13,0,45,22,136
2024-03-08 06:30:00,9,28,33,26,0,57,29,182
2024-03-08 06:40:00,14,33,47,24,0,42,30,190
2024-03-08 06:50:00,8,34,60,19,0,26,34,181
2024-03-08 07:00:00,6,30,61,18,0,24,27,166
2024-03-08 07:10:00,5,41,58,32,0,43,54,233
2024-03-08 07:20:00,5,41,46,33,0,41,36,202
2024-03-08 07:30:00,6,45,52,32,0,64,56,255
2024-03-08 07:40:00,14,39,54,38,0,45,48,238
2024-03-08 07:50:00,21,34,64,37,0,54,50,260
2024-03-08 08:00:00,20,35,62,31,0,46,44,238
2024-03-08 08:10:00,22,36,55,32,0,64,65,274
2024-03-08 08:20:00,27,35,49,29,0,57,57,254
2024-03-08 08:30:00,22,35,48,33,0,49,45,232
2024-03-08 08:40:00,26,43,40,27,0,47,49,232
2024-03-08 08:50:00,22,37,55,32,0,42,37,225
2024-03-08 09:00:00,24,35,40,19,0,51,49,218
2024-03-08 09:10:00,17,36,34,27,0,47,32,193
2024-03-08 09:20:00,18,36,41,23,0,41,33,192
2024-03-08 09:30:00,21,38,48,20,0,56,48,231
2024-03-08 09:40:00,25,35,45,27,0,62,73,267
2024-03-08 09:50:00,29,55,38,20,0,59,64,265
2024-03-08 10:00:00,26,45,34,26,0,64,65,260
2024-03-08 10:10:00,44,46,46,32,0,68,71,307
2024-03-08 10:20:00,61,40,46,27,0,54,58,286
2024-03-08 10:30:00,21,39,45,22,0,55,54,236
2024-03-08 10:40:00,45,44,35,26,0,57,63,270
2024-03-08 10:50:00,25,57,42,26,0,64,67,281
2024-03-08 11:00:00,27,49,41,24,0,57,70,268
2024-03-08 11:10:00,25,43,42,28,0,80,78,296
2024-03-08 11:20:00,21,63,37,24,0,73,72,290
2024-03-08 11:30:00,18,55,43,30,0,80,76,302
2024-03-08 11:40:00,25,54,60,27,0,73,71,310
2024-03-08 11:50:00,18,70,33,18,0,81,64,284
2024-03-08 12:00:00,21,51,57,36,0,78,62,305
2024-03-08 12:10:00,26,54,40,38,0,96,91,345
2024-03-08 12:20:00,26,52,52,20,0,85,85,320
2024-03-08 12:30:00,25,53,42,30,0,82,79,311
2024-03-08 12:40:00,25,48,58,35,0,83,77,326
2024-03-08 12:50:00,38,49,45,32,0,68,85,317
2024-03-08 13:00:00,30,52,47,33,0,67,118,347
2024-03-08 13:10:00,26,47,48,29,0,60,71,281
2024-03-08 13:20:00,26,53,49,32,0,59,73,292
2024-03-08 13:30:00,30,56,58,46,0,68,97,355
2024-03-08 13:40:00,31,60,51,34,0,70,84,330
2024-03-08 13:50:00,35,58,44,36,0,48,89,310
2024-03-08 14:00:00,24,55,55,37,0,42,99,312
2024-03-08 14:10:00,37,39,54,40,0,52,94,316
2024-03-08 14:20:00,34,45,48,38,0,58,82,305
2024-03-08 14:30:00,36,35,41,32,0,41,73,258
2024-03-08 14:40:00,35,37,55,29,0,37,68,261
2024-03-08 14:50:00,29,33,35,40,0,66,81,284
2024-03-08 15:00:00,33,36,53,36,0,73,72,303
2024-03-08 15:10:00,29,33,44,25,0,97,44,272
2024-03-08 15:20:00,28,29,54,37,0,84,69,301
2024-03-08 15:30:00,32,37,59,44,0,84,63,319
2024-03-08 15:40:00,28,32,45,38,0,110,63,316
2024-03-08 15:50:00,24,42,44,34,0,95,42,281
2024-03-08 16:00:00,25,29,44,32,0,74,42,246
2024-03-08 16:10:00,36,40,44,24,0,94,58,296
2024-03-08 16:20:00,29,36,53,32,0,90,69,309
2024-03-08 16:30:00,36,30,47,25,0,88,60,286
2024-03-08 16:40:00,32,39,50,43,0,69,58,291
2024-03-08 16:50:00,36,29,37,24,0,46,57,229
2024-03-08 17:00:00,26,30,37,30,0,31,43,197
2024-03-08 17:10:00,38,39,34,32,0,48,45,236
2024-03-08 17:20:00,30,34,53,35,0,46,42,240
2024-03-08 17:30:00,31,37,46,30,0,31,44,219
2024-03-08 17:40:00,34,32,38,20,0,27,32,183
2024-03-08 17:50:00,34,26,49,27,0,21,18,175
2024-03-08 18:00:00,24,36,38,33,0,37,47,215
2024-03-08 18:10:00,33,28,42,32,0,28,34,197
2024-03-08 18:20:00,40,38,47,34,0,38,40,237
2024-03-08 18:30:00,33,31,49,22,0,60,53,248
2024-03-08 18:40:00,19,33,37,29,0,48,48,214
2024-03-08 18:50:00,35,43,50,32,0,79,46,285
2024-03-08 19:00:00,28,34,39,33,0,66,45,245
2024-03-08 19:10:00,30,41,45,26,0,52,26,220
2024-03-08 19:20:00,32,38,32,24,0,58,40,224
2024-03-08 19:30:00,15,34,23,16,0,45,31,164
2024-03-08 19:40:00,23,39,25,13,0,43,31,174
2024-03-08 19:50:00,4,35,35,15,0,41,36,166
2024-03-08 20:00:00,10,41,27,20,0,29,34,161
2024-03-08 20:10:00,26,39,23,19,0,45,42,194
2024-03-08 20:20:00,15,41,29,23,0,43,32,183
2024-03-08 20:30:00,10,32,30,12,0,30,30,144
2024-03-08 20:40:00,9,31,18,15,0,29,21,123
2024-03-08 20:50:00,14,38,21,14,0,27,37,151
2024-03-08 21:00:00,11,28,19,12,0,33,19,122
2024-03-08 21:10:00,12,32,21,18,0,29,36,148
2024-03-08 21:20:00,19,31,27,16,0,23,38,154
2024-03-08 21:30:00,12,33,17,15,0,32,35,144
2024-03-08 21:40:00,16,34,19,11,0,17,21,118
2024-03-08 21:50:00,15,33,22,16,0,23,24,133
2024-03-08 22:00:00,17,29,24,14,0,20,25,129
2024-03-08 22:10:00,14,25,21,16,0,32,23,131
2024-03-08 22:20:00,12,32,22,14,0,19,32,131
2024-03-08 22:30:00,20,28,18,21,0,20,28,135
2024-03-08 22:40:00,12,41,15,9,0,15,25,117
2024-03-08 22:50:00,16,31,15,7,0,20,18,107
2024-03-08 23:00:00,12,28,14,17,0,18,19,108
2024-03-08 23:10:00,12,26,18,21,0,31,20,128
2024-03-08 23:20:00,15,28,13,8,0,20,19,103
2024-03-08 23:30:00,14,25,8,9,0,7,14,77
2024-03-08 23:40:00,13,29,12,7,0,15,15,91
2024-03-08 23:50:00,14,26,14,6,0,11,10,81
2024-03-09 00:00:00,10,14,11,9,0,10,6,60
2024-03-09 00:10:00,8,22,7,2,0,10,9,58
2024-03-09 00:20:00,8,19,5,5,0,6,3,46
2024-03-09 00:30:00,11,12,3,2,0,3,1,32
2024-03-09 00:40:00,4,9,4,2,0,9,2,30
2024-03-09 00:50:00,8,11,5,4,0,11,2,41
2024-03-09 01:00:00,12,12,14,5,0,7,7,57
2024-03-09 01:10:00,5,9,1,4,0,8,6,33
2024-03-09 01:20:00,2,17,5,1,0,4,3,32
2024-03-09 01:30:00,4,10,6,3,0,6,5,34
2024-03-09 01:40:00,8,9,2,2,0,5,2,28
2024-03-09 01:50:00,5,8,3,6,0,6,2,30
2024-03-09 02:00:00,3,6,4,0,0,3,2,18
2024-03-09 02:10:00,2,3,4,0,0,1,0,10
2024-03-09 02:20:00,7,8,3,1,0,1,3,23
2024-03-09 02:30:00,1,3,0,1,0,6,0,11
2024-03-09 02:40:00,7,11,1,2,0,1,6,28
2024-03-09 02:50:00,4,6,1,0,0,4,1,16
2024-03-09 03:00:00,2,7,0,3,0,2,4,18
2024-03-09 03:10:00,4,8,1,1,0,3,4,21
2024-03-09 03:20:00,6,8,3,1,0,0,2,20
2024-03-09 03:30:00,1,2,2,1,0,5,1,12
2024-03-09 03:40:00,1,1,3,3,0,3,3,14
2024-03-09 03:50:00,7,8,2,1,0,2,2,22
2024-03-09 04:00:00,3,4,1,0,0,4,1,13
2024-03-09 04:10:00,2,3,3,0,0,5,1,14
2024-03-09 04:20:00,3,5,2,0,0,2,0,12
2024-03-09 04:30:00,2,5,1,0,0,3,5,16
2024-03-09 04:40:00,8,8,0,2,0,6,5,29
2024-03-09 04:50:00,2,2,4,1,0,11,2,22
2024-03-09 05:00:00,5,4,3,1,0,3,0,16
2024-03-09 05:10:00,2,5,2,3,0,6,1,19
2024-03-09 05:20:00,3,5,2,1,0,13,3,27
2024-03-09 05:30:00,3,7,6,1,0,10,1,28
2024-03-09 05:40:00,4,9,8,5,0,16,3,45
2024-03-09 05:50:00,3,8,4,3,0,6,4,28
2024-03-09 06:00:00,4,7,5,1,0,11,3,31
2024-03-09 06:10:00,5,15,2,1,0,15,9,47
2024-03-09 06:20:00,5,11,6,6,0,10,8,46
2024-03-09 06:30:00,6,15,6,10,0,10,12,59
2024-03-09 06:40:00,6,15,7,1,0,8,15,52
2024-03-09 06:50:00,9,20,11,8,0,18,23,89
2024-03-09 07:00:00,6,13,8,3,0,13,17,60
2024-03-09 07:10:00,4,11,13,5,0,13,11,57
2024-03-09 07:20:00,3,11,10,10,0,17,16,67
2024-03-09 07:30:00,6,19,11,10,0,16,18,80
2024-03-09 07:40:00,9,18,10,9,0,18,25,89
2024-03-09 07:50:00,12,14,9,11,0,17,22,85
2024-03-09 08:00:00,6,20,18,6,0,17,16,83
2024-03-09 08:10:00,13,18,16,8,0,20,32,107
2024-03-09 08:20:00,3,8,23,8,0,12,14,68
2024-03-09 08:30:00,9,19,12,8,0,12,14,74
2024-03-09 08:40:00,7,34,21,15,0,33,32,142
2024-03-09 08:50:00,18,26,14,9,0,31,30,128
2024-03-09 09:00:00,14,22,33,18,0,30,35,152
2024-03-09 09:10:00,17,38,22,19,0,30,37,163
2024-03-09 09:20:00,18,22,34,20,0,23,28,145
2024-03-09 09:30:00,18,26,26,25,0,38,44,177
2024-03-09 09:40:00,17,35,38,23,0,37,43,193
2024-03-09 09:50:00,18,26,37,20,0,44,53,198
2024-03-09 10:00:00,22,28,26,26,0,44,57,203
2024-03-09 10:10:00,22,37,44,15,0,48,53,219
2024-03-09 10:20:00,17,34,38,22,0,48,46,205
2024-03-09 10:30:00,28,39,22,27,0,52,53,221
2024-03-09 10:40:00,20,32,41,27,0,68,65,253
2024-03-09 10:50:00,22,41,39,19,0,52,47,220
2024-03-09 11:00:00,22,40,41,21,0,53,52,229
2024-03-09 11:10:00,17,45,38,24,0,63,66,253
2024-03-09 11:20:00,25,47,45,28,0,73,71,289
2024-03-09 11:30:00,24,35,30,27,0,62,53,231
2024-03-09 11:40:00,25,40,37,15,0,59,52,228
2024-03-09 11:50:00,28,44,30,24,0,64,53,243
2024-03-09 12:00:00,24,44,46,23,0,66,43,246
2024-03-09 12:10:00,27,42,41,29,0,70,59,268
2024-03-09 12:20:00,31,53,47,29,0,73,73,306
2024-03-09 12:30:00,33,47,45,32,0,74,64,295
2024-03-09 12:40:00,24,48,46,29,0,56,61,264
2024-03-09 12:50:00,26,35,56,31,0,59,67,274
2024-03-09 13:00:00,38,51,40,39,0,57,76,301
2024-03-09 13:10:00,32,41,56,32,0,39,73,273
2024-03-09 13:20:00,42,44,46,32,0,54,70,288
2024-03-09 13:30:00,24,51,31,27,0,53,53,239
2024-03-09 13:40:00,29,47,37,24,0,38,46,221
2024-03-09 13:50:00,25,43,51,25,0,39,62,245
2024-03-09 14:00:00,29,56,57,18,0,30,88,278
2024-03-09 14:10:00,40,66,43,27,0,36,71,283
2024-03-09 14:20:00,40,42,40,23,0,33,60,238
2024-03-09 14:30:00,39,41,37,26,0,33,67,243
2024-03-09 14:40:00,32,51,39,40,0,42,57,261
2024-03-09 14:50:00,25,43,35,25,0,19,41,188
2024-03-09 15:00:00,28,45,41,24,0,28,62,228
2024-03-09 15:10:00,30,50,44,29,0,36,44,233
2024-03-09 15:20:00,31,40,37,25,0,23,40,196
2024-03-09 15:30:00,27,37,44,25,0,27,51,211
2024-03-09 15:40:00,29,43,36,23,0,54,44,229
2024-03-09 15:50:00,24,46,39,26,0,30,42,207
2024-03-09 16:00:00,23,42,44,22,0,16,51,198
2024-03-09 16:10:00,22,39,35,30,0,32,34,192
2024-03-09 16:20:00,24,45,40,23,0,28,23,183
2024-03-09 16:30:00,27,49,28,24,0,14,37,179
2024-03-09 16:40:00,31,45,38,33,0,21,50,218
2024-03-09 16:50:00,11,52,32,26,0,19,41,181
2024-03-09 17:00:00,0,67,22,26,0,41,49,205
2024-03-09 17:10:00,0,56,33,20,0,31,45,185
2024-03-09 17:20:00,2,52,41,28,0,39,39,201
2024-03-09 17:30:00,2,48,43,25,0,49,55,222
2024-03-09 17:40:00,1,61,41,26,0,16,49,194
2024-03-09 17:50:00,1,73,37,21,0,39,59,230
2024-03-09 18:00:00,4,59,30,17,0,39,51,200
2024-03-09 18:10:00,5,56,36,18,0,39,53,207
2024-03-09 18:20:00,13,48,45,31,0,42,60,239
2024-03-09 18:30:00,30,35,42,27,0,37,45,216
2024-03-09 18:40:00,15,32,38,28,0,56,52,221
2024-03-09 18:50:00,23,37,31,10,0,45,43,189
2024-03-09 19:00:00,15,35,31,28,0,47,43,199
2024-03-09 19:10:00,17,34,36,24,0,48,39,198
2024-03-09 19:20:00,14,37,29,19,0,52,29,180
2024-03-09 19:30:00,16,26,28,27,0,37,46,180
2024-03-09 19:40:00,17,34,32,17,0,49,40,189
2024-03-09 19:50:00,26,43,27,16,0,37,31,180
2024-03-09 20:00:00,16,33,29,15,0,53,28,174
2024-03-09 20:10:00,23,46,29,12,0,35,39,184
2024-03-09 20:20:00,12,38,23,13,0,21,30,137
2024-03-09 20:30:00,7,34,25,12,0,27,22,127
2024-03-09 20:40:00,12,20,16,15,0,27,16,106
2024-03-09 20:50:00,13,39,19,12,0,33,18,134
2024-03-09 21:00:00,23,35,25,13,0,28,23,147
2024-03-09 21:10:00,16,23,12,8,0,26,17,102
2024-03-09 21:20:00,15,30,31,13,0,20,21,130
2024-03-09 21:30:00,10,31,16,14,0,18,23,112
2024-03-09 21:40:00,11,24,15,11,0,25,13,99
2024-03-09 21:50:00,6,26,18,17,0,19,24,110
2024-03-09 22:00:00,10,25,23,7,0,15,15,95
2024-03-09 22:10:00,9,32,18,11,0,28,23,121
2024-03-09 22:20:00,11,26,22,13,0,28,16,116
2024-03-09 22:30:00,16,33,18,14,0,12,20,113
2024-03-09 22:40:00,26,41,34,14,0,14,23,152
2024-03-09 22:50:00,8,27,27,9,0,21,12,104
2024-03-09 23:00:00,10,30,22,12,0,13,18,105
2024-03-09 23:10:00,13,25,11,12,0,12,18,91
2024-03-09 23:20:00,15,26,17,15,0,18,19,110
2024-03-09 23:30:00,10,20,12,12,0,20,13,87
2024-03-09 23:40:00,13,27,13,10,0,15,9,87
2024-03-09 23:50:00,7,19,10,12,0,14,11,73
2024-03-10 00:00:00,6,21,4,7,0,10,6,54
2024-03-10 00:10:00,11,20,5,7,0,10,7,60
2024-03-10 00:20:00,4,13,14,8,0,3,10,52
2024-03-10 00:30:00,10,13,9,5,0,5,4,46
2024-03-10 00:40:00,10,11,9,4,0,12,2,48
2024-03-10 00:50:00,6,19,7,8,0,11,11,62
2024-03-10 01:00:00,13,18,14,8,0,4,6,63
2024-03-10 01:10:00,3,6,7,8,0,8,11,43
2024-03-10 01:20:00,5,10,9,5,0,14,9,52
2024-03-10 01:30:00,7,11,6,4,0,3,4,35
2024-03-10 01:40:00,7,11,7,3,0,9,1,38
2024-03-10 01:50:00,3,10,1,2,0,8,3,27
2024-03-10 02:00:00,6,6,1,1,0,3,1,18
2024-03-10 02:10:00,2,6,1,1,0,7,8,25
2024-03-10 02:20:00,5,10,3,1,0,2,3,24
2024-03-10 02:30:00,4,11,5,4,0,5,7,36
2024-03-10 02:40:00,1,6,2,1,0,3,2,15
2024-03-10 02:50:00,7,9,1,2,0,3,2,24
2024-03-10 03:00:00,5,8,6,0,0,1,0,20
2024-03-10 03:10:00,4,6,2,1,0,3,1,17
2024-03-10 03:20:00,2,3,2,2,0,0,3,12
2024-03-10 03:30:00,5,5,1,2,0,2,2,17
2024-03-10 03:40:00,4,8,1,1,0,3,2,19
2024-03-10 03:50:00,1,4,0,2,0,2,0,9
2024-03-10 04:00:00,5,7,5,1,0,5,3,26
2024-03-10 04:10:00,2,3,7,0,0,2,0,14
2024-03-10 04:20:00,2,6,0,2,0,2,4,16
2024-03-10 04:30:00,1,4,2,2,0,3,2,14
2024-03-10 04:40:00,0,1,6,2,0,0,1,10
2024-03-10 04:50:00,3,3,2,0,0,4,2,14
2024-03-10 05:00:00,2,2,6,3,0,1,1,15
2024-03-10 05:10:00,1,1,4,0,0,5,3,14
2024-03-10 05:20:00,2,4,5,2,0,6,4,23
2024-03-10 05:30:00,4,7,8,1,0,5,3,28
2024-03-10 05:40:00,7,9,3,2,0,5,2,28
2024-03-10 05:50:00,3,10,0,1,0,7,1,22
2024-03-10 06:00:00,6,12,1,2,0,3,1,25
2024-03-10 06:10:00,1,6,2,2,0,3,5,19
2024-03-10 06:20:00,3,8,3,1,0,8,5,28
2024-03-10 06:30:00,2,12,4,1,0,3,4,26
2024-03-10 06:40:00,4,13,3,2,0,5,8,35
2024-03-10 06:50:00,1,10,3,1,0,2,5,22
2024-03-10 07:00:00,2,11,1,0,0,2,9,25
2024-03-10 07:10:00,4,12,2,3,0,5,10,36
2024-03-10 07:20:00,0,6,5,2,0,5,4,22
2024-03-10 07:30:00,1,8,8,3,0,6,11,37
2024-03-10 07:40:00,4,4,5,5,0,5,9,32
2024-03-10 07:50:00,2,6,10,0,0,2,3,23
2024-03-10 08:00:00,0,4,8,2,0,5,6,25
2024-03-10 08:10:00,4,4,10,7,0,9,5,39
2024-03-10 08:20:00,1,8,3,4,0,7,8,31
2024-03-10 08:30:00,1,4,13,6,0,8,6,38
2024-03-10 08:40:00,8,11,10,8,0,9,12,58
2024-03-10 08:50:00,9,14,15,7,0,11,17,73
2024-03-10 09:00:00,5,12,12,6,0,8,13,56
2024-03-10 09:10:00,9,13,12,5,0,11,20,70
2024-03-10 09:20:00,1,14,8,4,0,9,12,48
2024-03-10 09:30:00,7,18,13,6,0,15,25,84
2024-03-10 09:40:00,8,13,12,9,0,19,15,76
2024-03-10 09:50:00,11,22,21,10,0,24,25,113
2024-03-10 10:00:00,10,29,23,9,0,29,34,134
2024-03-10 10:10:00,10,25,28,17,0,25,31,136
2024-03-10 10:20:00,5,25,28,12,0,23,25,118
2024-03-10 10:30:00,13,18,28,12,0,15,21,107
2024-03-10 10:40:00,10,21,27,16,0,26,34,134
2024-03-10 10:50:00,10,21,17,10,0,19,24,101
2024-03-10 11:00:00,13,18,20,18,0,18,34,121
2024-03-10 11:10:00,18,26,23,19,0,32,34,152
2024-03-10 11:20:00,8,28,20,12,0,22,29,119
2024-03-10 11:30:00,15,34,22,20,0,45,36,172
2024-03-10 11:40:00,10,30,33,10,0,32,37,152
2024-03-10 11:50:00,14,31,23,12,0,31,35,146
2024-03-10 12:00:00,13,28,31,14,0,21,31,138
2024-03-10 12:10:00,23,34,28,17,0,49,48,199
2024-03-10 12:20:00,31,36,26,17,0,36,47,193
2024-03-10 12:30:00,20,30,28,15,0,20,28,141
2024-03-10 12:40:00,18,38,20,22,0,29,51,178
2024-03-10 12:50:00,10,22,32,23,0,22,35,144
2024-03-10 13:00:00,15,34,31,13,0,27,42,162
2024-03-10 13:10:00,18,36,39,14,0,26,36,169
2024-03-10 13:20:00,15,37,37,22,0,26,44,181
2024-03-10 13:30:00,20,39,30,20,0,25,45,179
2024-03-10 13:40:00,21,38,38,21,0,30,49,197
2024-03-10 13:50:00,17,33,32,24,0,24,35,165
2024-03-10 14:00:00,16,32,28,27,0,34,51,188
2024-03-10 14:10:00,29,43,32,24,0,48,55,231
2024-03-10 14:20:00,25,45,32,20,0,46,55,223
2024-03-10 14:30:00,19,32,28,25,0,48,38,190
2024-03-10 14:40:00,22,39,26,22,0,36,43,188
2024-03-10 14:50:00,24,30,31,25,0,49,61,220
2024-03-10 15:00:00,22,38,33,27,0,37,43,200
2024-03-10 15:10:00,12,33,30,17,0,42,53,187
2024-03-10 15:20:00,23,46,28,14,0,34,51,196
2024-03-10 15:30:00,19,29,47,18,0,33,40,186
2024-03-10 15:40:00,16,34,37,20,0,40,44,191
2024-03-10 15:50:00,18,41,36,22,0,47,60,224
2024-03-10 16:00:00,19,35,32,23,0,34,52,195
2024-03-10 16:10:00,10,40,33,21,0,31,46,181
2024-03-10 16:20:00,22,32,28,19,0,33,40,174
2024-03-10 16:30:00,19,36,25,19,0,37,47,183
2024-03-10 16:40:00,23,36,28,11,0,18,32,148
2024-03-10 16:50:00,17,30,33,27,0,23,28,158
2024-03-10 17:00:00,17,32,38,19,0,19,40,165
2024-03-10 17:10:00,26,41,29,17,0,37,43,193
2024-03-10 17:20:00,22,26,29,21,0,42,48,188
2024-03-10 17:30:00,20,33,23,25,0,41,42,184
2024-03-10 17:40:00,20,39,34,25,0,44,57,219
2024-03-10 17:50:00,25,32,30,22,0,14,46,169
2024-03-10 18:00:00,18,30,45,23,0,25,31,172
2024-03-10 18:10:00,27,32,28,24,0,27,47,185
2024-03-10 18:20:00,27,36,35,24,0,44,49,215
2024-03-10 18:30:00,24,24,40,19,0,29,18,154
2024-03-10 18:40:00,18,36,26,17,0,33,23,153
2024-03-10 18:50:00,11,26,31,23,0,49,31,171
2024-03-10 19:00:00,8,38,28,16,0,38,27,155
2024-03-10 19:10:00,18,36,33,13,0,34,25,159
2024-03-10 19:20:00,20,34,25,22,0,38,38,177
2024-03-10 19:30:00,13,27,18,17,0,49,25,149
2024-03-10 19:40:00,11,36,25,18,0,41,21,152
2024-03-10 19:50:00,7,26,16,9,0,45,21,124
2024-03-10 20:00:00,11,27,27,18,0,35,27,145
2024-03-10 20:10:00,13,24,30,16,0,36,21,140
2024-03-10 20:20:00,16,30,24,22,0,27,25,144
2024-03-10 20:30:00,14,31,16,15,0,37,24,137
2024-03-10 20:40:00,13,30,20,11,0,18,26,118
2024-03-10 20:50:00,4,27,14,7,0,18,21,91
2024-03-10 21:00:00,10,31,13,14,0,29,21,118
2024-03-10 21:10:00,12,36,12,15,0,18,18,111
2024-03-10 21:20:00,11,35,25,12,0,16,27,126
2024-03-10 21:30:00,18,30,25,12,0,14,26,125
2024-03-10 21:40:00,19,24,17,6,0,14,13,93
2024-03-10 21:50:00,12,26,14,5,0,12,14,83
2024-03-10 22:00:00,8,23,18,8,0,14,13,84
2024-03-10 22:10:00,9,14,15,5,0,14,7,64
2024-03-10 22:20:00,11,21,10,13,0,12,19,86
2024-03-10 22:30:00,10,14,7,2,0,3,5,41
2024-03-10 22:40:00,15,13,9,5,0,6,6,54
2024-03-10 22:50:00,16,16,7,2,0,4,3,48
2024-03-10 23:00:00,12,12,9,3,0,7,4,47
2024-03-10 23:10:00,18,12,5,4,0,4,5,48
2024-03-10 23:20:00,7,8,6,2,0,5,4,32
2024-03-10 23:30:00,7,6,6,4,0,5,2,30
2024-03-10 23:40:00,7,10,5,4,0,2,2,30
2024-03-10 23:50:00,11,9,7,1,0,4,2,34
2024-03-11 00:00:00,8,6,5,1,0,1,1,22
2024-03-11 00:10:00,7,6,4,3,0,2,3,25
2024-03-11 00:20:00,2,1,5,0,0,2,1,11
2024-03-11 00:30:00,5,3,3,0,0,2,2,15
2024-03-11 00:40:00,4,3,2,0,0,2,0,11
2024-03-11 00:50:00,7,6,3,1,0,3,1,21
2024-03-11 01:00:00,6,6,1,1,0,2,2,18
2024-03-11 01:10:00,3,2,2,0,0,2,0,9
2024-03-11 01:20:00,3,2,3,1,0,1,1,11
2024-03-11 01:30:00,5,4,0,1,0,1,2,13
2024-03-11 01:40:00,5,2,1,0,0,1,1,10
2024-03-11 01:50:00,2,2,0,0,0,1,0,5
2024-03-11 02:00:00,2,2,2,2,0,1,0,9
2024-03-11 02:10:00,0,0,0,0,0,0,0,0
2024-03-11 02:20:00,0,0,0,0,0,2,0,2
2024-03-11 02:30:00,5,3,0,0,0,0,0,8
2024-03-11 02:40:00,3,3,0,1,0,2,1,10
2024-03-11 02:50:00,1,1,0,1,0,3,3,9
2024-03-11 03:00:00,1,1,2,2,0,0,0,6
2024-03-11 03:10:00,0,0,4,1,0,0,1,6
2024-03-11 03:20:00,1,1,1,0,0,2,0,5
2024-03-11 03:30:00,2,3,1,0,0,1,0,7
2024-03-11 03:40:00,4,3,1,0,0,0,0,8
2024-03-11 03:50:00,1,1,0,0,0,5,1,8
2024-03-11 04:00:00,1,0,1,0,0,5,1,8
2024-03-11 04:10:00,3,2,1,0,0,1,0,7
2024-03-11 04:20:00,2,2,3,1,0,3,3,14
2024-03-11 04:30:00,2,1,3,2,0,5,0,13
2024-03-11 04:40:00,3,2,3,3,0,14,3,28
2024-03-11 04:50:00,4,5,9,0,0,5,2,25
2024-03-11 05:00:00,10,7,7,2,0,17,0,43
2024-03-11 05:10:00,6,4,8,4,0,20,7,49
2024-03-11 05:20:00,7,5,15,8,0,18,7,60
2024-03-11 05:30:00,9,9,10,9,0,32,10,79
2024-03-11 05:40:00,19,14,22,7,0,40,5,107
2024-03-11 05:50:00,12,14,20,11,0,37,10,104
2024-03-11 06:00:00,15,16,21,9,0,42,16,119
2024-03-11 06:10:00,23,22,29,14,0,36,30,154
2024-03-11 06:20:00,19,16,30,15,0,43,26,149
2024-03-11 06:30:00,20,20,34,22,0,51,36,183
2024-03-11 06:40:00,21,25,35,24,0,41,28,174
2024-03-11 06:50:00,22,22,64,31,0,32,35,206
2024-03-11 07:00:00,21,26,75,42,0,30,39,233
2024-03-11 07:10:00,21,24,65,36,0,35,51,232
2024-03-11 07:20:00,20,29,53,32,0,29,48,211
2024-03-11 07:30:00,19,35,61,31,0,41,50,237
2024-03-11 07:40:00,19,32,78,40,0,48,56,273
2024-03-11 07:50:00,20,28,57,32,0,45,59,241
2024-03-11 08:00:00,23,32,63,36,0,47,50,251
2024-03-11 08:10:00,25,30,69,44,0,48,59,275
2024-03-11 08:20:00,23,32,63,33,0,37,51,239
2024-03-11 08:30:00,25,40,71,39,0,29,48,252
2024-03-11 08:40:00,25,38,66,41,0,31,54,255
2024-03-11 08:50:00,28,26,69,32,0,32,38,225
2024-03-11 09:00:00,18,28,54,36,0,50,56,242
2024-03-11 09:10:00,22,23,52,27,0,28,47,199
2024-03-11 09:20:00,24,34,68,27,0,35,44,232
2024-03-11 09:30:00,26,26,50,26,0,31,46,205
2024-03-11 09:40:00,21,33,46,26,0,20,49,195
2024-03-11 09:50:00,20,37,50,26,0,31,57,221
2024-03-11 10:00:00,22,35,31,14,0,29,47,178
2024-03-11 10:10:00,25,36,44,27,0,26,57,215
2024-03-11 10:20:00,21,33,43,27,0,33,48,205
2024-03-11 10:30:00,28,32,26,15,0,31,59,191
2024-03-11 10:40:00,31,46,41,31,0,46,80,275
2024-03-11 10:50:00,25,40,35,22,0,43,75,240
2024-03-11 11:00:00,36,40,32,20,0,58,71,257
2024-03-11 11:10:00,29,47,19,10,0,58,60,223
2024-03-11 11:20:00,21,39,39,17,0,55,64,235
2024-03-11 11:30:00,28,45,37,18,0,73,69,270
2024-03-11 11:40:00,21,45,37,20,0,66,71,260
2024-03-11 11:50:00,26,43,35,24,0,72,56,256
2024-03-11 12:00:00,20,50,33,27,0,68,62,260
2024-03-11 12:10:00,34,42,27,20,0,55,66,244
2024-03-11 12:20:00,25,43,41,20,0,55,81,265
2024-03-11 12:30:00,34,49,34,26,0,57,67,267
2024-03-11 12:40:00,28,39,57,33,0,74,60,291
2024-03-11 12:50:00,28,44,32,17,0,59,65,245
2024-03-11 13:00:00,30,50,42,22,0,63,93,300
2024-03-11 13:10:00,37,33,37,24,0,60,73,264
2024-03-11 13:20:00,39,63,44,29,0,56,77,308
2024-03-11 13:30:00,26,36,43,23,0,48,47,223
2024-03-11 13:40:00,26,47,43,28,0,53,87,284
2024-03-11 13:50:00,34,37,46,29,0,36,54,236
2024-03-11 14:00:00,27,40,37,28,0,41,62,235
2024-03-11 14:10:00,40,42,42,35,0,43,77,279
2024-03-11 14:20:00,37,45,41,30,0,46,81,280
2024-03-11 14:30:00,33,47,38,16,0,40,76,250
2024-03-11 14:40:00,33,44,46,30,0,68,95,316
2024-03-11 14:50:00,45,42,44,25,0,31,71,258
2024-03-11 15:00:00,41,44,38,33,0,39,50,245
2024-03-11 15:10:00,35,32,42,39,0,36,50,234
2024-03-11 15:20:00,31,33,34,33,0,26,80,237
2024-03-11 15:30:00,31,30,43,38,0,43,73,258
2024-03-11 15:40:00,52,40,40,42,0,61,95,330
2024-03-11 15:50:00,29,34,36,31,0,80,51,261
2024-03-11 16:00:00,29,43,43,37,0,126,115,393
2024-03-11 16:10:00,18,34,50,39,0,61,63,265
2024-03-11 16:20:00,26,27,41,33,0,40,34,201
2024-03-11 16:30:00,18,27,32,32,0,43,37,189
2024-03-11 16:40:00,28,29,42,33,0,41,53,226
2024-03-11 16:50:00,28,29,55,38,0,59,38,247
2024-03-11 17:00:00,35,37,52,32,0,36,45,237
2024-03-11 17:10:00,30,35,36,32,0,43,59,235
2024-03-11 17:20:00,20,32,35,37,0,49,75,248
2024-03-11 17:30:00,25,31,49,42,0,51,53,251
2024-03-11 17:40:00,28,24,40,27,0,25,56,200
2024-03-11 17:50:00,31,30,46,28,0,44,39,218
2024-03-11 18:00:00,26,22,36,17,0,37,40,178
2024-03-11 18:10:00,38,29,39,38,0,40,43,227
2024-03-11 18:20:00,27,33,41,30,0,37,46,214
2024-03-11 18:30:00,43,33,33,33,0,51,37,230
2024-03-11 18:40:00,20,21,39,31,0,53,43,207
2024-03-11 18:50:00,30,28,41,17,0,32,34,182
2024-03-11 19:00:00,21,32,29,11,0,47,30,170
2024-03-11 19:10:00,20,30,26,23,0,40,41,180
2024-03-11 19:20:00,19,29,27,21,0,52,40,188
2024-03-11 19:30:00,16,40,22,16,0,33,27,154
2024-03-11 19:40:00,17,26,22,22,0,48,19,154
2024-03-11 19:50:00,26,33,23,14,0,50,46,192
2024-03-11 20:00:00,10,30,23,9,0,39,25,136
2024-03-11 20:10:00,11,28,21,14,0,35,28,137
2024-03-11 20:20:00,9,32,25,17,0,38,20,141
2024-03-11 20:30:00,9,26,17,11,0,32,18,113
2024-03-11 20:40:00,10,43,12,5,0,20,16,106
2024-03-11 20:50:00,14,38,18,10,0,35,18,133
2024-03-11 21:00:00,17,26,11,9,0,17,24,104
2024-03-11 21:10:00,17,20,25,11,0,28,29,130
2024-03-11 21:20:00,18,26,21,13,0,14,19,111
2024-03-11 21:30:00,9,25,14,8,0,19,22,97
2024-03-11 21:40:00,15,30,17,9,0,20,28,119
2024-03-11 21:50:00,15,20,15,2,0,11,11,74
2024-03-11 22:00:00,6,26,16,14,0,18,18,98
2024-03-11 22:10:00,8,22,13,9,0,19,16,87
2024-03-11 22:20:00,12,21,10,7,0,15,20,85
2024-03-11 22:30:00,12,14,11,11,0,7,9,64
2024-03-11 22:40:00,15,19,9,4,0,5,5,57
2024-03-11 22:50:00,5,11,8,5,0,13,7,49
2024-03-11 23:00:00,7,11,8,3,0,6,2,37
2024-03-11 23:10:00,3,11,13,5,0,5,5,42
2024-03-11 23:20:00,5,15,4,4,0,4,7,39
2024-03-11 23:30:00,6,14,2,1,0,4,6,33
2024-03-11 23:40:00,3,7,6,2,0,3,1,22
2024-03-11 23:50:00,2,7,4,3,0,5,3,24
2024-03-12 00:00:00,4,4,2,2,0,7,2,21
2024-03-12 00:10:00,2,5,3,1,0,4,3,18
2024-03-12 00:20:00,1,4,2,0,0,0,0,7
2024-03-12 00:30:00,5,6,2,0,0,1,1,15
2024-03-12 00:40:00,2,6,1,0,0,1,0,10
2024-03-12 00:50:00,3,1,1,1,0,1,0,7
2024-03-12 01:00:00,1,1,2,1,0,1,1,7
2024-03-12 01:10:00,3,0,0,0,0,1,1,5
2024-03-12 01:20:00,1,5,2,0,0,0,0,8
2024-03-12 01:30:00,1,2,0,0,0,2,0,5
2024-03-12 01:40:00,1,0,1,0,0,0,0,2
2024-03-12 01:50:00,0,1,0,0,0,2,1,4
2024-03-12 02:00:00,0,2,3,1,0,1,0,7
2024-03-12 02:10:00,1,0,1,1,0,1,0,4
2024-03-12 02:20:00,1,2,2,0,0,1,4,10
2024-03-12 02:30:00,1,0,1,0,0,2,2,6
2024-03-12 02:40:00,0,2,0,0,0,0,0,2
2024-03-12 02:50:00,1,3,0,1,0,1,2,8
2024-03-12 03:00:00,0,3,1,0,0,1,1,6
2024-03-12 03:10:00,0,2,2,0,0,2,0,6
2024-03-12 03:20:00,0,3,0,0,0,1,0,4
2024-03-12 03:30:00,1,7,0,0,0,6,4,18
2024-03-12 03:40:00,1,1,0,0,0,1,0,3
2024-03-12 03:50:00,2,3,2,0,0,2,0,9
2024-03-12 04:00:00,1,0,1,0,0,0,0,2
2024-03-12 04:10:00,3,4,1,0,0,1,1,10
2024-03-12 04:20:00,4,4,1,2,0,2,4,17
2024-03-12 04:30:00,0,1,5,0,0,6,1,13
2024-03-12 04:40:00,3,4,2,0,0,10,0,19
2024-03-12 04:50:00,2,6,2,1,0,6,4,21
2024-03-12 05:00:00,1,2,5,3,0,12,3,26
2024-03-12 05:10:00,7,8,5,3,0,12,3,38
2024-03-12 05:20:00,6,12,10,7,0,13,4,52
2024-03-12 05:30:00,16,14,25,9,0,47,10,121
2024-03-12 05:40:00,8,15,13,4,0,35,6,81
2024-03-12 05:50:00,13,21,16,13,0,27,13,103
2024-03-12 06:00:00,3,13,28,8,0,36,13,101
2024-03-12 06:10:00,10,21,38,10,0,37,19,135
2024-03-12 06:20:00,12,26,40,19,0,56,34,187
2024-03-12 06:30:00,8,20,48,24,0,52,33,185
2024-03-12 06:40:00,21,29,62,33,0,56,52,253
2024-03-12 06:50:00,5,36,71,27,0,35,40,214
2024-03-12 07:00:00,11,32,67,29,0,23,30,192
2024-03-12 07:10:00,13,39,65,43,0,38,45,243
2024-03-12 07:20:00,13,44,64,36,0,29,49,235
2024-03-12 07:30:00,6,40,57,35,0,42,51,231
2024-03-12 07:40:00,11,46,62,41,0,56,55,271
2024-03-12 07:50:00,16,44,73,38,0,46,60,277
2024-03-12 08:00:00,17,38,70,35,0,40,55,255
2024-03-12 08:10:00,10,33,63,44,0,50,48,248
2024-03-12 08:20:00,15,39,71,39,0,38,46,248
2024-03-12 08:30:00,14,40,100,13,0,31,41,239
2024-03-12 08:40:00,18,42,80,25,0,44,59,268
2024-03-12 08:50:00,24,30,60,36,0,54,41,245
2024-03-12 09:00:00,18,31,71,41,0,44,47,252
2024-03-12 09:10:00,15,24,68,29,0,31,26,193
2024-03-12 09:20:00,19,26,65,30,0,42,53,235
2024-03-12 09:30:00,29,30,43,21,0,47,47,217
2024-03-12 09:40:00,24,31,55,34,0,45,52,241
2024-03-12 09:50:00,25,32,45,22,0,33,61,218
2024-03-12 10:00:00,28,40,48,30,0,58,49,253
2024-03-12 10:10:00,22,31,39,29,0,43,33,197
2024-03-12 10:20:00,20,36,38,30,0,40,41,205
2024-03-12 10:30:00,25,34,42,26,0,36,52,215
2024-03-12 10:40:00,21,41,39,26,0,57,63,247
2024-03-12 10:50:00,14,44,39,17,0,49,52,215
2024-03-12 11:00:00,11,53,40,25,0,42,70,241
2024-03-12 11:10:00,15,54,37,23,0,47,58,234
2024-03-12 11:20:00,23,34,43,16,0,35,52,203
2024-03-12 11:30:00,25,39,38,16,0,38,59,215
2024-03-12 11:40:00,21,46,36,20,0,53,61,237
2024-03-12 11:50:00,28,43,45,19,0,43,67,245
2024-03-12 12:00:00,32,34,35,26,0,45,58,230
2024-03-12 12:10:00,30,42,35,21,0,57,68,253
2024-03-12 12:20:00,24,46,40,26,0,44,64,244
2024-03-12 12:30:00,35,47,57,21,0,45,69,274
2024-03-12 12:40:00,38,49,40,32,0,55,59,273
2024-03-12 12:50:00,27,42,34,18,0,60,62,243
2024-03-12 13:00:00,30,37,43,20,0,37,59,226
2024-03-12 13:10:00,32,43,58,35,0,39,69,276
2024-03-12 13:20:00,32,48,49,30,0,60,75,294
2024-03-12 13:30:00,25,40,33,31,0,59,66,254
2024-03-12 13:40:00,38,44,40,33,0,67,74,296
2024-03-12 13:50:00,26,46,36,25,0,56,61,250
2024-03-12 14:00:00,36,41,31,30,0,61,69,268
2024-03-12 14:10:00,38,46,45,35,0,68,62,294
2024-03-12 14:20:00,30,49,47,32,0,69,69,296
2024-03-12 14:30:00,31,49,35,42,0,80,91,328
2024-03-12 14:40:00,40,48,43,31,0,76,93,331
2024-03-12 14:50:00,39,53,42,23,0,61,91,309
2024-03-12 15:00:00,33,38,55,34,0,55,72,287
2024-03-12 15:10:00,33,29,50,27,0,43,51,233
2024-03-12 15:20:00,33,36,47,31,0,50,81,278
2024-03-12 15:30:00,24,44,50,29,0,57,79,283
2024-03-12 15:40:00,28,29,43,34,0,41,70,245
2024-03-12 15:50:00,25,28,52,38,0,55,85,283
2024-03-12 16:00:00,32,33,48,32,0,49,88,282
2024-03-12 16:10:00,17,37,54,43,0,67,94,312
2024-03-12 16:20:00,23,30,47,30,0,51,71,252
2024-03-12 16:30:00,25,30,46,36,0,59,93,289
2024-03-12 16:40:00,26,35,56,44,0,67,99,327
2024-03-12 16:50:00,27,30,49,46,0,61,81,294
2024-03-12 17:00:00,18,26,59,41,0,68,98,310
2024-03-12 17:10:00,32,44,44,40,0,54,71,285
2024-03-12 17:20:00,30,34,43,38,0,48,82,275
2024-03-12 17:30:00,24,30,52,41,0,43,68,258
2024-03-12 17:40:00,27,35,42,44,0,55,82,285
2024-03-12 17:50:00,31,33,47,43,0,69,78,301
2024-03-12 18:00:00,30,29,46,38,0,64,92,299
2024-03-12 18:10:00,29,32,49,30,0,61,55,256
2024-03-12 18:20:00,43,30,54,33,0,58,65,283
2024-03-12 18:30:00,21,32,28,28,0,37,52,198
2024-03-12 18:40:00,23,28,32,17,0,49,42,191
2024-03-12 18:50:00,22,27,35,23,0,48,43,198
2024-03-12 19:00:00,37,20,29,19,0,36,30,171
2024-03-12 19:10:00,21,27,37,22,0,50,36,193
2024-03-12 19:20:00,20,27,25,19,0,36,28,155
2024-03-12 19:30:00,17,34,38,21,0,30,24,164
2024-03-12 19:40:00,22,30,23,16,0,49,30,170
2024-03-12 19:50:00,23,29,22,17,0,37,26,154
2024-03-12 20:00:00,20,26,17,17,0,39,29,148
2024-03-12 20:10:00,11,20,19,15,0,43,27,135
2024-03-12 20:20:00,22,32,30,10,0,29,22,145
2024-03-12 20:30:00,10,21,13,8,0,36,26,114
2024-03-12 20:40:00,20,25,13,12,0,28,27,125
2024-03-12 20:50:00,22,22,18,9,0,20,19,110
2024-03-12 21:00:00,24,19,18,15,0,25,23,124
2024-03-12 21:10:00,27,28,19,12,0,18,25,129
2024-03-12 21:20:00,32,25,16,6,0,23,18,120
2024-03-12 21:30:00,24,26,11,8,0,17,20,106
2024-03-12 21:40:00,28,23,24,12,0,18,24,129
2024-03-12 21:50:00,28,20,17,8,0,19,20,112
2024-03-12 22:00:00,14,17,19,14,0,15,19,98
2024-03-12 22:10:00,17,15,16,7,0,21,11,87
2024-03-12 22:20:00,34,28,8,6,0,13,18,107
2024-03-12 22:30:00,17,16,15,11,0,9,13,81
2024-03-12 22:40:00,18,18,7,8,0,8,7,66
2024-03-12 22:50:00,22,21,15,3,0,8,8,77
2024-03-12 23:00:00,14,15,12,3,0,3,3,50
2024-03-12 23:10:00,15,17,9,2,0,8,4,55
2024-03-12 23:20:00,10,6,8,4,0,2,3,33
2024-03-12 23:30:00,9,4,7,1,0,8,2,31
2024-03-12 23:40:00,14,11,6,2,0,5,1,39
2024-03-12 23:50:00,8,5,6,1,0,4,3,27
2024-03-13 00:00:00,11,11,1,2,0,2,4,31
2024-03-13 00:10:00,10,6,6,5,0,5,7,39
2024-03-13 00:20:00,6,5,0,2,0,1,4,18
2024-03-13 00:30:00,4,2,1,0,0,1,1,9
2024-03-13 00:40:00,6,5,1,0,0,1,0,13
2024-03-13 00:50:00,4,2,0,0,0,1,0,7
2024-03-13 01:00:00,4,3,1,1,0,4,2,15
2024-03-13 01:10:00,4,4,3,0,0,1,1,13
2024-03-13 01:20:00,3,3,3,2,0,0,1,12
2024-03-13 01:30:00,2,2,2,0,0,1,1,8
2024-03-13 01:40:00,3,3,0,0,0,0,0,6
2024-03-13 01:50:00,2,2,3,0,0,0,1,8
2024-03-13 02:00:00,3,3,0,0,0,1,2,9
2024-03-13 02:10:00,3,4,2,0,0,1,0,10
2024-03-13 02:20:00,2,1,2,1,0,1,1,8
2024-03-13 02:30:00,0,0,0,0,0,2,0,2
2024-03-13 02:40:00,2,2,1,1,0,4,2,12
2024-03-13 02:50:00,4,3,1,0,0,0,0,8
2024-03-13 03:00:00,3,2,1,2,0,1,2,11
2024-03-13 03:10:00,3,3,0,0,0,0,0,6
2024-03-13 03:20:00,4,4,0,0,0,3,0,11
2024-03-13 03:30:00,2,3,0,2,0,3,4,14
2024-03-13 03:40:00,3,3,0,0,0,1,1,8
2024-03-13 03:50:00,3,2,0,0,0,3,2,10
2024-03-13 04:00:00,2,2,1,0,0,5,0,10
2024-03-13 04:10:00,1,2,4,0,0,2,0,9
2024-03-13 04:20:00,2,3,1,0,0,1,1,8
2024-03-13 04:30:00,5,2,5,3,0,7,1,23
2024-03-13 04:40:00,5,5,4,1,0,4,1,20
2024-03-13 04:50:00,5,5,3,0,0,7,2,22
2024-03-13 05:00:00,5,2,9,1,0,13,1,31
2024-03-13 05:10:00,5,8,1,3,0,13,7,37
2024-03-13 05:20:00,11,6,10,7,0,23,6,63
2024-03-13 05:30:00,12,9,17,6,0,33,6,83
2024-03-13 05:40:00,8,13,24,7,0,45,6,103
2024-03-13 05:50:00,12,17,23,3,0,36,10,101
2024-03-13 06:00:00,19,14,21,14,0,36,20,124
2024-03-13 06:10:00,18,18,28,12,0,40,22,138
2024-03-13 06:20:00,20,19,35,19,0,48,28,169
2024-03-13 06:30:00,17,17,53,21,0,50,39,197
2024-03-13 06:40:00,20,24,53,25,0,46,45,213
2024-03-13 06:50:00,12,19,71,29,0,26,38,195
2024-03-13 07:00:00,20,26,59,26,0,24,37,192
2024-03-13 07:10:00,18,25,68,32,0,28,50,221
2024-03-13 07:20:00,24,26,82,31,0,28,36,227
2024-03-13 07:30:00,10,37,47,29,0,41,44,208
2024-03-13 07:40:00,10,44,73,39,0,39,47,252
2024-03-13 07:50:00,10,34,76,39,0,24,53,236
2024-03-13 08:00:00,12,38,68,38,0,42,49,247
2024-03-13 08:10:00,7,30,72,30,0,34,47,220
2024-03-13 08:20:00,7,42,68,43,0,51,59,270
2024-03-13 08:30:00,10,43,68,35,0,34,50,240
2024-03-13 08:40:00,7,36,69,40,0,42,44,238
2024-03-13 08:50:00,7,40,71,41,0,36,54,249
2024-03-13 09:00:00,6,36,58,31,0,34,49,214
2024-03-13 09:10:00,7,32,63,37,0,38,37,214
2024-03-13 09:20:00,2,44,50,26,0,17,28,167
2024-03-13 09:30:00,12,39,37,19,0,30,48,185
2024-03-13 09:40:00,4,42,58,28,0,25,34,191
2024-03-13 09:50:00,10,42,42,21,0,38,47,200
2024-03-13 10:00:00,6,41,38,19,0,25,50,179
2024-03-13 10:10:00,3,42,43,25,0,27,44,184
2024-03-13 10:20:00,7,52,40,20,0,36,54,209
2024-03-13 10:30:00,9,54,39,22,0,37,59,220
2024-03-13 10:40:00,12,47,41,26,0,36,62,224
2024-03-13 10:50:00,6,52,56,27,0,32,54,227
2024-03-13 11:00:00,9,44,27,12,0,37,56,185
2024-03-13 11:10:00,12,47,37,23,0,36,71,226
2024-03-13 11:20:00,11,49,33,23,0,39,52,207
2024-03-13 11:30:00,11,58,55,23,0,36,57,240
2024-03-13 11:40:00,11,45,44,21,0,25,69,215
2024-03-13 11:50:00,9,50,34,20,0,38,46,197
2024-03-13 12:00:00,10,53,41,31,0,42,67,244
2024-03-13 12:10:00,10,53,50,36,0,45,56,250
2024-03-13 12:20:00,13,58,43,28,0,49,60,251
2024-03-13 12:30:00,11,37,44,22,0,44,83,241
2024-03-13 12:40:00,4,50,47,25,0,59,60,245
2024-03-13 12:50:00,20,61,30,20,0,61,79,271
2024-03-13 13:00:00,13,64,39,25,0,51,81,273
2024-03-13 13:10:00,15,63,59,32,0,57,75,301
2024-03-13 13:20:00,12,52,49,37,0,68,70,288
2024-03-13 13:30:00,11,63,45,22,0,66,76,283
2024-03-13 13:40:00,6,56,44,27,0,55,68,256
2024-03-13 13:50:00,12,51,35,39,0,78,92,307
2024-03-13 14:00:00,9,55,38,22,0,42,65,231
2024-03-13 14:10:00,16,43,47,27,0,57,78,268
2024-03-13 14:20:00,24,50,56,34,0,54,84,302
2024-03-13 14:30:00,10,83,33,24,0,58,104,312
2024-03-13 14:40:00,20,56,45,35,0,47,80,283
2024-03-13 14:50:00,35,49,47,21,0,38,90,280
2024-03-13 15:00:00,39,31,41,31,0,40,68,250
2024-03-13 15:10:00,32,39,44,33,0,40,66,254
2024-03-13 15:20:00,28,35,35,26,0,44,68,236
2024-03-13 15:30:00,33,34,44,27,0,32,57,227
2024-03-13 15:40:00,28,30,38,32,0,37,96,261
2024-03-13 15:50:00,32,34,37,35,0,54,72,264
2024-03-13 16:00:00,27,33,40,29,0,37,96,262
2024-03-13 16:10:00,27,33,46,38,0,44,69,257
2024-03-13 16:20:00,31,33,47,43,0,68,68,290
2024-03-13 16:30:00,21,32,44,31,0,50,75,253
2024-03-13 16:40:00,15,34,41,51,0,65,84,290
2024-03-13 16:50:00,36,32,33,28,0,42,77,248
2024-03-13 17:00:00,32,31,43,33,0,47,60,246
2024-03-13 17:10:00,21,31,45,43,0,61,73,274
2024-03-13 17:20:00,32,39,41,24,0,46,73,255
2024-03-13 17:30:00,29,42,35,38,0,55,83,282
2024-03-13 17:40:00,29,31,38,39,0,36,75,248
2024-03-13 17:50:00,30,38,44,44,0,55,86,297
2024-03-13 18:00:00,35,29,36,23,0,46,96,265
2024-03-13 18:10:00,33,29,44,30,0,41,65,242
2024-03-13 18:20:00,34,35,28,27,0,37,58,219
2024-03-13 18:30:00,23,28,52,26,0,35,47,211
2024-03-13 18:40:00,23,32,40,25,0,41,48,209
2024-03-13 18:50:00,27,35,36,24,0,45,33,200
2024-03-13 19:00:00,27,28,35,25,0,42,33,190
2024-03-13 19:10:00,24,31,30,24,0,49,44,202
2024-03-13 19:20:00,21,27,28,19,0,47,34,176
2024-03-13 19:30:00,21,28,21,14,0,47,31,162
2024-03-13 19:40:00,28,36,27,15,0,47,24,177
2024-03-13 19:50:00,25,27,15,11,0,38,23,139
2024-03-13 20:00:00,23,38,20,13,0,37,34,165
2024-03-13 20:10:00,17,33,26,13,0,23,26,138
2024-03-13 20:20:00,17,24,27,9,0,34,26,137
2024-03-13 20:30:00,20,28,21,18,0,37,17,141
2024-03-13 20:40:00,12,18,23,8,0,26,20,107
2024-03-13 20:50:00,16,21,19,11,0,17,27,111
2024-03-13 21:00:00,18,25,18,11,0,31,31,134
2024-03-13 21:10:00,23,33,14,13,0,25,28,136
2024-03-13 21:20:00,20,28,25,8,0,22,14,117
2024-03-13 21:30:00,30,34,18,15,0,21,36,154
2024-03-13 21:40:00,21,30,23,8,0,10,16,108
2024-03-13 21:50:00,11,22,22,13,0,16,24,108
2024-03-13 22:00:00,14,21,14,8,0,16,17,90
2024-03-13 22:10:00,11,23,21,11,0,22,24,112
2024-03-13 22:20:00,22,26,15,12,0,14,24,113
2024-03-13 22:30:00,25,37,21,17,0,23,29,152
2024-03-13 22:40:00,14,22,13,5,0,15,10,79
2024-03-13 22:50:00,10,16,9,12,0,13,12,72
2024-03-13 23:00:00,13,21,11,4,0,13,6,68
2024-03-13 23:10:00,5,14,11,4,0,12,7,53
2024-03-13 23:20:00,5,14,6,4,0,7,4,40
2024-03-13 23:30:00,5,7,10,5,0,5,2,34
2024-03-13 23:40:00,5,12,7,2,0,4,3,33
2024-03-13 23:50:00,5,7,4,3,0,9,5,33
2024-03-14 00:00:00,6,12,4,1,0,5,4,32
2024-03-14 00:10:00,7,12,9,3,0,4,3,38
2024-03-14 00:20:00,3,3,0,3,0,3,3,15
2024-03-14 00:30:00,5,8,2,2,0,3,5,25
2024-03-14 00:40:00,2,3,2,2,0,1,0,10
2024-03-14 00:50:00,0,1,2,2,0,1,1,7
2024-03-14 01:00:00,2,0,1,0,0,3,1,7
2024-03-14 01:10:00,4,4,1,1,0,1,1,12
2024-03-14 01:20:00,2,0,5,1,0,0,0,8
2024-03-14 01:30:00,0,3,0,0,0,1,1,5
2024-03-14 01:40:00,1,4,1,0,0,0,0,6
2024-03-14 01:50:00,2,1,1,0,0,1,1,6
2024-03-14 02:00:00,1,3,0,2,0,1,2,9
2024-03-14 02:10:00,0,3,1,0,0,0,1,5
2024-03-14 02:20:00,1,5,0,2,0,3,1,12
2024-03-14 02:30:00,1,3,0,1,0,1,0,6
2024-03-14 02:40:00,0,0,2,0,0,2,1,5
2024-03-14 02:50:00,1,2,0,0,0,0,0,3
2024-03-14 03:00:00,0,4,1,0,0,1,3,9
2024-03-14 03:10:00,1,2,2,0,0,2,0,7
2024-03-14 03:20:00,1,2,1,0,0,0,0,4
2024-03-14 03:30:00,1,1,1,2,0,2,3,10
2024-03-14 03:40:00,1,3,2,1,0,1,1,9
2024-03-14 03:50:00,1,2,1,0,0,1,0,5
2024-03-14 04:00:00,1,1,1,0,0,1,0,4
2024-03-14 04:10:00,1,2,0,0,0,0,0,3
2024-03-14 04:20:00,3,1,1,4,0,3,5,17
2024-03-14 04:30:00,2,2,6,0,0,5,1,16
2024-03-14 04:40:00,2,1,4,0,0,9,0,16
2024-03-14 04:50:00,2,3,3,0,0,4,2,14
2024-03-14 05:00:00,3,1,6,3,0,14,4,31
2024-03-14 05:10:00,1,7,3,0,0,17,4,32
2024-03-14 05:20:00,4,5,11,6,0,16,8,50
2024-03-14 05:30:00,10,8,14,9,0,36,8,85
2024-03-14 05:40:00,10,15,20,1,0,29,5,80
2024-03-14 05:50:00,3,10,22,4,0,31,7,77
2024-03-14 06:00:00,8,14,21,6,0,36,11,96
2024-03-14 06:10:00,12,19,31,15,0,34,31,142
2024-03-14 06:20:00,17,22,36,18,0,39,27,159
2024-03-14 06:30:00,10,12,45,28,0,48,36,179
2024-03-14 06:40:00,18,18,65,23,0,32,41,197
2024-03-14 06:50:00,17,21,56,22,0,33,45,194
2024-03-14 07:00:00,15,17,82,36,0,25,30,205
2024-03-14 07:10:00,23,20,66,37,0,32,40,218
2024-03-14 07:20:00,15,28,69,38,0,47,45,242
2024-03-14 07:30:00,5,38,51,33,0,60,53,240
2024-03-14 07:40:00,11,47,61,46,0,59,55,279
2024-03-14 07:50:00,10,41,66,41,0,74,70,302
2024-03-14 08:00:00,6,44,62,44,0,56,51,263
2024-03-14 08:10:00,18,51,66,40,0,50,45,270
2024-03-14 08:20:00,18,43,64,45,0,65,56,291
2024-03-14 08:30:00,16,39,76,32,0,54,34,251
2024-03-14 08:40:00,20,36,66,37,0,47,37,243
2024-03-14 08:50:00,25,36,66,29,0,40,50,246
2024-03-14 09:00:00,32,42,50,28,0,45,49,246
2024-03-14 09:10:00,30,40,44,23,0,42,44,223
2024-03-14 09:20:00,17,53,46,32,0,51,54,253
2024-03-14 09:30:00,25,48,43,23,0,67,54,260
2024-03-14 09:40:00,20,50,39,27,0,63,45,244
2024-03-14 09:50:00,17,43,44,36,0,66,66,272
2024-03-14 10:00:00,10,36,37,21,0,49,50,203
2024-03-14 10:10:00,15,41,46,26,0,57,60,245
2024-03-14 10:20:00,20,47,46,22,0,52,54,241
2024-03-14 10:30:00,11,52,32,20,0,54,44,213
2024-03-14 10:40:00,16,53,36,14,0,54,62,235
2024-03-14 10:50:00,8,48,37,23,0,54,43,213
2024-03-14 11:00:00,12,52,55,26,0,65,65,275
2024-03-14 11:10:00,7,56,35,19,0,71,69,257
2024-03-14 11:20:00,10,48,47,25,0,80,74,284
2024-03-14 11:30:00,9,64,29,18,0,79,66,265
2024-03-14 11:40:00,6,61,32,15,0,64,59,237
2024-03-14 11:50:00,11,54,35,28,0,82,69,279
2024-03-14 12:00:00,7,56,43,43,0,75,61,285
2024-03-14 12:10:00,6,61,35,24,0,60,58,244
2024-03-14 12:20:00,17,62,33,29,0,79,73,293
2024-03-14 12:30:00,12,55,41,23,0,70,63,264
2024-03-14 12:40:00,7,53,52,33,0,58,55,258
2024-03-14 12:50:00,9,47,53,26,0,57,55,247
2024-03-14 13:00:00,11,55,39,29,0,73,53,260
2024-03-14 13:10:00,14,44,48,40,0,66,78,290
2024-03-14 13:20:00,10,55,51,28,0,59,68,271
2024-03-14 13:30:00,14,64,36,31,0,67,76,288
2024-03-14 13:40:00,10,68,39,25,0,56,80,278
2024-03-14 13:50:00,5,55,49,21,0,35,78,243
2024-03-14 14:00:00,10,75,52,23,0,49,80,289
2024-03-14 14:10:00,15,49,37,40,0,51,83,275
2024-03-14 14:20:00,9,56,39,30,0,43,52,229
2024-03-14 14:30:00,11,56,44,34,0,38,82,265
2024-03-14 14:40:00,12,41,48,41,0,44,66,252
2024-03-14 14:50:00,30,44,41,33,0,57,66,271
2024-03-14 15:00:00,30,32,35,39,0,35,61,232
2024-03-14 15:10:00,27,36,42,22,0,52,64,243
2024-03-14 15:20:00,25,34,48,35,0,60,66,268
2024-03-14 15:30:00,29,26,42,33,0,64,68,262
2024-03-14 15:40:00,26,35,39,33,0,52,65,250
2024-03-14 15:50:00,32,34,42,33,0,59,55,255
2024-03-14 16:00:00,29,37,51,35,0,65,48,265
2024-03-14 16:10:00,36,37,44,38,0,137,78,370
2024-03-14 16:20:00,35,37,50,39,0,119,81,361
2024-03-14 16:30:00,35,35,38,31,0,143,79,361
2024-03-14 16:40:00,44,38,53,35,0,90,85,345
2024-03-14 16:50:00,36,35,45,39,0,56,79,290
2024-03-14 17:00:00,25,33,53,34,0,33,55,233
2024-03-14 17:10:00,32,30,51,35,0,52,60,260
2024-03-14 17:20:00,33,34,59,31,0,40,39,236
2024-03-14 17:30:00,33,38,51,42,0,35,59,258
2024-03-14 17:40:00,28,27,45,21,0,26,53,200
2024-03-14 17:50:00,27,24,46,30,0,34,40,201
2024-03-14 18:00:00,24,34,43,42,0,34,50,227
2024-03-14 18:10:00,37,34,52,28,0,40,59,250
2024-03-14 18:20:00,22,29,43,33,0,38,70,235
2024-03-14 18:30:00,30,38,44,30,0,41,70,253
2024-03-14 18:40:00,29,33,35,17,0,42,40,196
2024-03-14 18:50:00,30,23,37,30,0,55,43,218
2024-03-14 19:00:00,28,30,28,22,0,58,46,212
2024-03-14 19:10:00,21,29,37,23,0,35,26,171
2024-03-14 19:20:00,29,29,30,23,0,55,42,208
2024-03-14 19:30:00,6,33,41,16,0,42,23,161
2024-03-14 19:40:00,9,33,27,18,0,39,18,144
2024-03-14 19:50:00,12,43,24,11,0,49,26,165
2024-03-14 20:00:00,8,28,27,14,0,41,22,140
2024-03-14 20:10:00,14,39,21,14,0,25,30,143
2024-03-14 20:20:00,12,32,32,11,0,37,39,163
2024-03-14 20:30:00,10,34,25,10,0,32,17,128
2024-03-14 20:40:00,11,27,14,8,0,24,21,105
2024-03-14 20:50:00,15,28,20,8,0,44,21,136
2024-03-14 21:00:00,5,23,19,12,0,28,16,103
2024-03-14 21:10:00,19,36,33,13,0,24,34,159
2024-03-14 21:20:00,15,38,22,12,0,16,26,129
2024-03-14 21:30:00,7,33,16,12,0,14,29,111
2024-03-14 21:40:00,12,25,16,15,0,10,28,106
2024-03-14 21:50:00,12,32,18,10,0,14,22,108
2024-03-14 22:00:00,6,29,18,14,0,15,15,97
2024-03-14 22:10:00,10,29,19,9,0,14,20,101
2024-03-14 22:20:00,10,30,16,9,0,18,13,96
2024-03-14 22:30:00,16,19,13,10,0,7,18,83
2024-03-14 22:40:00,17,26,11,6,0,9,10,79
2024-03-14 22:50:00,8,21,14,9,0,9,11,72
2024-03-14 23:00:00,17,27,15,8,0,10,11,88
2024-03-14 23:10:00,6,11,11,2,0,9,4,43
2024-03-14 23:20:00,14,12,11,4,0,7,8,56
2024-03-14 23:30:00,6,12,11,4,0,11,4,48
2024-03-14 23:40:00,6,18,4,4,0,8,6,46
2024-03-14 23:50:00,8,13,7,2,0,4,3,37
2024-03-15 00:00:00,7,12,2,0,0,4,1,26
2024-03-15 00:10:00,1,8,3,1,0,5,1,19
2024-03-15 00:20:00,9,9,1,3,0,1,4,27
2024-03-15 00:30:00,0,4,3,0,0,2,1,10
2024-03-15 00:40:00,1,4,4,0,0,1,2,12
2024-03-15 00:50:00,3,3,1,1,0,3,1,12
2024-03-15 01:00:00,4,6,1,0,0,0,0,11
2024-03-15 01:10:00,2,6,0,0,0,2,1,11
2024-03-15 01:20:00,4,7,1,0,0,1,0,13
2024-03-15 01:30:00,0,3,1,0,0,0,3,7
2024-03-15 01:40:00,4,5,0,0,0,1,1,11
2024-03-15 01:50:00,0,0,0,1,0,1,0,2
2024-03-15 02:00:00,2,2,0,0,0,1,1,6
2024-03-15 02:10:00,0,1,3,0,0,0,1,5
2024-03-15 02:20:00,1,2,0,0,0,0,1,4
2024-03-15 02:30:00,2,5,2,0,0,0,1,10
2024-03-15 02:40:00,0,0,0,1,0,0,0,1
2024-03-15 02:50:00,0,1,0,0,0,0,0,1
2024-03-15 03:00:00,1,2,0,0,0,1,1,5
2024-03-15 03:10:00,1,2,2,0,0,0,0,5
2024-03-15 03:20:00,2,4,0,0,0,1,0,7
2024-03-15 03:30:00,2,4,1,0,0,2,0,9
2024-03-15 03:40:00,2,2,0,0,0,1,0,5
2024-03-15 03:50:00,2,4,1,0,0,2,1,10
2024-03-15 04:00:00,1,2,1,1,0,1,2,8
2024-03-15 04:10:00,6,4,5,1,0,3,1,20
2024-03-15 04:20:00,2,4,0,1,0,4,2,13
2024-03-15 04:30:00,1,1,4,1,0,4,2,13
2024-03-15 04:40:00,1,2,1,0,0,4,0,8
2024-03-15 04:50:00,1,2,8,1,0,8,1,21
2024-03-15 05:00:00,6,7,8,1,0,16,4,42
2024-03-15 05:10:00,5,6,5,1,0,14,3,34
2024-03-15 05:20:00,8,10,13,7,0,18,6,62
2024-03-15 05:30:00,13,20,12,7,0,39,10,101
2024-03-15 05:40:00,5,10,20,4,0,30,8,77
2024-03-15 05:50:00,12,17,14,3,0,27,2,75
2024-03-15 06:00:00,5,18,18,9,0,35,16,101
2024-03-15 06:10:00,7,23,21,13,0,35,24,123
2024-03-15 06:20:00,8,24,32,17,0,22,22,125
2024-03-15 06:30:00,6,22,31,20,0,33,32,144
2024-03-15 06:40:00,10,31,44,26,0,37,36,184
2024-03-15 06:50:00,11,38,46,18,0,35,40,188
2024-03-15 07:00:00,4,31,58,22,0,26,35,176
2024-03-15 07:10:00,4,36,56,32,0,40,50,218
2024-03-15 07:20:00,7,39,57,32,0,57,40,232
2024-03-15 07:30:00,7,37,44,33,0,49,55,225
2024-03-15 07:40:00,18,37,73,39,0,64,50,281
2024-03-15 07:50:00,28,35,52,36,0,56,55,262
2024-03-15 08:00:00,25,33,66,36,0,65,51,276
2024-03-15 08:10:00,11,35,50,29,0,41,43,209
2024-03-15 08:20:00,17,40,51,24,0,41,52,225
2024-03-15 08:30:00,9,43,49,33,0,45,38,217
2024-03-15 08:40:00,19,34,54,23,0,61,52,243
2024-03-15 08:50:00,11,39,62,28,0,46,49,235
2024-03-15 09:00:00,10,30,58,29,0,45,50,222
2024-03-15 09:10:00,9,39,36,18,0,37,50,189
2024-03-15 09:20:00,19,37,45,27,0,44,58,230
2024-03-15 09:30:00,23,38,46,21,0,51,59,238
2024-03-15 09:40:00,22,36,48,30,0,36,41,213
2024-03-15 09:50:00,24,35,49,29,0,45,56,238
2024-03-15 10:00:00,8,39,37,26,0,55,62,227
2024-03-15 10:10:00,8,40,37,21,0,43,56,205
2024-03-15 10:20:00,8,54,34,25,0,45,48,214
2024-03-15 10:30:00,0,47,42,25,0,31,53,198
2024-03-15 10:40:00,11,48,41,18,0,44,70,232
2024-03-15 10:50:00,5,51,55,26,0,32,54,223
2024-03-15 11:00:00,11,41,50,23,0,27,55,207
2024-03-15 11:10:00,12,56,46,23,0,25,48,210
2024-03-15 11:20:00,7,41,38,26,0,33,55,200
2024-03-15 11:30:00,7,53,47,23,0,31,49,210
2024-03-15 11:40:00,10,30,36,16,0,42,43,177
2024-03-15 11:50:00,13,50,44,25,0,40,58,230
2024-03-15 12:00:00,10,57,43,27,0,27,55,219
2024-03-15 12:10:00,10,43,47,36,0,31,60,227
2024-03-15 12:20:00,18,48,41,30,0,45,73,255
2024-03-15 12:30:00,21,48,50,41,0,40,50,250
2024-03-15 12:40:00,13,33,51,30,0,40,77,244
2024-03-15 12:50:00,9,51,53,42,0,52,66,273
2024-03-15 13:00:00,11,45,45,25,0,51,56,233
2024-03-15 13:10:00,17,44,46,35,0,44,68,254
2024-03-15 13:20:00,14,44,37,36,0,40,73,244
2024-03-15 13:30:00,31,29,41,34,0,47,56,238
2024-03-15 13:40:00,35,38,45,32,0,35,62,247
2024-03-15 13:50:00,33,26,46,36,0,43,54,238
2024-03-15 14:00:00,37,26,43,23,0,42,46,217
2024-03-15 14:10:00,36,31,40,31,0,51,53,242
2024-03-15 14:20:00,38,35,48,26,0,44,84,275
2024-03-15 14:30:00,34,35,52,29,0,41,63,254
2024-03-15 14:40:00,35,29,56,40,0,36,59,255
2024-03-15 14:50:00,36,34,51,36,0,46,79,282
2024-03-15 15:00:00,28,32,47,36,0,44,81,268
2024-03-15 15:10:00,29,32,29,22,0,47,74,233
2024-03-15 15:20:00,32,31,48,36,0,40,89,276
2024-03-15 15:30:00,27,28,46,41,0,28,65,235
2024-03-15 15:40:00,27,36,49,23,0,24,61,220
2024-03-15 15:50:00,25,34,53,26,0,25,38,201
2024-03-15 16:00:00,33,26,48,29,0,37,52,225
2024-03-15 16:10:00,28,34,52,25,0,31,62,232
2024-03-15 16:20:00,42,32,42,38,0,40,73,267
2024-03-15 16:30:00,29,36,34,34,0,28,68,229
2024-03-15 16:40:00,28,30,49,38,0,23,47,215
2024-03-15 16:50:00,27,34,40,38,0,28,48,215
2024-03-15 17:00:00,29,23,44,35,0,42,50,223
2024-03-15 17:10:00,37,26,45,25,0,37,51,221
2024-03-15 17:20:00,29,36,58,34,0,46,35,238
2024-03-15 17:30:00,34,31,49,44,0,35,56,249
2024-03-15 17:40:00,26,29,41,20,0,37,57,210
2024-03-15 17:50:00,28,32,53,37,0,49,62,261
2024-03-15 18:00:00,22,24,52,27,0,46,65,236
2024-03-15 18:10:00,28,30,47,30,0,42,60,237
2024-03-15 18:20:00,33,39,46,39,0,46,72,275
2024-03-15 18:30:00,35,35,44,25,0,45,67,251
2024-03-15 18:40:00,41,37,43,30,0,45,52,248
2024-03-15 18:50:00,28,35,38,17,0,56,42,216
2024-03-15 19:00:00,20,33,37,26,0,45,43,204
2024-03-15 19:10:00,23,38,34,21,0,40,33,189
2024-03-15 19:20:00,36,30,20,21,0,56,32,195
2024-03-15 19:30:00,14,23,27,20,0,41,31,156
2024-03-15 19:40:00,13,21,32,26,0,46,43,181
2024-03-15 19:50:00,18,22,22,13,0,54,30,159
2024-03-15 20:00:00,17,27,24,17,0,55,23,163
2024-03-15 20:10:00,18,31,27,14,0,36,18,144
2024-03-15 20:20:00,13,31,23,19,0,41,26,153
2024-03-15 20:30:00,17,25,17,14,0,36,26,135
2024-03-15 20:40:00,17,19,27,11,0,28,25,127
2024-03-15 20:50:00,15,26,15,12,0,28,18,114
2024-03-15 21:00:00,11,33,20,13,0,29,30,136
2024-03-15 21:10:00,8,26,20,12,0,33,26,125
2024-03-15 21:20:00,12,36,17,16,0,29,28,138
2024-03-15 21:30:00,9,21,25,9,0,24,20,108
2024-03-15 21:40:00,18,28,21,12,0,18,26,123
2024-03-15 21:50:00,15,27,22,14,0,23,22,123
2024-03-15 22:00:00,15,33,30,15,0,23,25,141
2024-03-15 22:10:00,2,31,23,9,0,23,20,108
2024-03-15 22:20:00,6,28,20,14,0,24,24,116
2024-03-15 22:30:00,9,32,20,18,0,18,26,123
2024-03-15 22:40:00,15,32,16,16,0,23,27,129
2024-03-15 22:50:00,12,24,19,7,0,11,13,86
2024-03-15 23:00:00,25,38,15,14,0,18,21,131
2024-03-15 23:10:00,10,29,17,11,0,15,9,91
2024-03-15 23:20:00,21,31,20,12,0,8,21,113
2024-03-15 23:30:00,10,29,11,10,0,10,14,84
2024-03-15 23:40:00,13,22,14,8,0,6,10,73
2024-03-15 23:50:00,13,21,18,9,0,4,9,74
2024-03-16 00:00:00,8,20,7,6,0,7,5,53
2024-03-16 00:10:00,13,22,7,2,0,5,3,52
2024-03-16 00:20:00,18,23,8,7,0,5,3,64
2024-03-16 00:30:00,14,17,9,5,0,8,8,61
2024-03-16 00:40:00,6,13,12,4,0,7,6,48
2024-03-16 00:50:00,6,17,2,1,0,5,4,35
2024-03-16 01:00:00,7,14,6,4,0,6,7,44
2024-03-16 01:10:00,3,8,2,6,0,7,6,32
2024-03-16 01:20:00,3,7,8,4,0,10,6,38
2024-03-16 01:30:00,3,9,3,2,0,8,1,26
2024-03-16 01:40:00,4,3,2,3,0,4,2,18
2024-03-16 01:50:00,5,7,3,1,0,2,2,20
2024-03-16 02:00:00,13,9,7,2,0,3,0,34
2024-03-16 02:10:00,3,3,3,2,0,0,0,11
2024-03-16 02:20:00,9,12,6,2,0,5,2,36
2024-03-16 02:30:00,5,5,3,2,0,1,2,18
2024-03-16 02:40:00,7,11,5,0,0,2,1,26
2024-03-16 02:50:00,2,2,1,0,0,5,0,10
2024-03-16 03:00:00,3,5,1,0,0,2,1,12
2024-03-16 03:10:00,3,3,2,0,0,0,0,8
2024-03-16 03:20:00,6,6,2,2,0,1,1,18
2024-03-16 03:30:00,5,5,0,1,0,2,3,16
2024-03-16 03:40:00,6,6,1,1,0,0,1,15
2024-03-16 03:50:00,1,1,3,2,0,3,3,13
2024-03-16 04:00:00,4,4,0,0,0,2,1,11
2024-03-16 04:10:00,4,4,4,1,0,7,1,21
2024-03-16 04:20:00,6,6,0,2,0,3,2,19
2024-03-16 04:30:00,4,3,2,0,0,2,1,12
2024-03-16 04:40:00,1,1,4,0,0,2,1,9
2024-03-16 04:50:00,6,6,3,2,0,5,0,22
2024-03-16 05:00:00,4,4,7,2,0,2,4,23
2024-03-16 05:10:00,7,7,10,3,0,5,1,33
2024-03-16 05:20:00,11,11,4,3,0,14,2,45
2024-03-16 05:30:00,9,10,2,2,0,9,3,35
2024-03-16 05:40:00,13,12,7,4,0,6,4,46
2024-03-16 05:50:00,9,9,5,4,0,5,2,34
2024-03-16 06:00:00,3,5,2,3,0,12,6,31
2024-03-16 06:10:00,7,9,7,1,0,11,6,41
2024-03-16 06:20:00,7,8,3,3,0,15,8,44
2024-03-16 06:30:00,4,13,7,5,0,10,8,47
2024-03-16 06:40:00,0,12,3,4,0,9,11,39
2024-03-16 06:50:00,0,10,6,7,0,10,11,44
2024-03-16 07:00:00,0,13,6,5,0,8,14,46
2024-03-16 07:10:00,0,12,8,2,0,4,8,34
2024-03-16 07:20:00,0,19,13,5,0,14,14,65
2024-03-16 07:30:00,0,14,15,10,0,12,22,73
2024-03-16 07:40:00,0,20,7,7,0,14,23,71
2024-03-16 07:50:00,1,17,12,9,0,12,18,69
2024-03-16 08:00:00,0,16,9,4,0,9,10,48
2024-03-16 08:10:00,1,18,12,8,0,9,22,70
2024-03-16 08:20:00,1,25,20,15,0,16,31,108
2024-03-16 08:30:00,2,25,18,17,0,18,22,102
2024-03-16 08:40:00,0,28,17,9,0,19,33,106
2024-03-16 08:50:00,1,41,24,13,0,14,37,130
2024-03-16 09:00:00,0,22,27,12,0,14,28,103
2024-03-16 09:10:00,0,33,31,23,0,18,27,132
2024-03-16 09:20:00,0,34,24,15,0,32,42,147
2024-03-16 09:30:00,2,36,27,21,0,33,47,166
2024-03-16 09:40:00,2,36,28,30,0,25,49,170
2024-03-16 09:50:00,5,38,32,18,0,27,43,163
2024-03-16 10:00:00,1,41,38,21,0,22,41,164
2024-03-16 10:10:00,4,42,31,22,0,34,49,182
2024-03-16 10:20:00,3,35,46,20,0,33,44,181
2024-03-16 10:30:00,1,47,31,26,0,48,46,199
2024-03-16 10:40:00,2,57,43,26,0,43,54,225
2024-03-16 10:50:00,0,51,28,19,0,25,49,172
2024-03-16 11:00:00,4,52,34,18,0,22,42,172
2024-03-16 11:10:00,2,57,23,16,0,17,44,159
2024-03-16 11:20:00,3,47,41,30,0,30,48,199
2024-03-16 11:30:00,6,35,43,16,0,30,51,181
2024-03-16 11:40:00,2,50,33,22,0,39,50,196
2024-03-16 11:50:00,2,47,39,19,0,27,60,194
2024-03-16 12:00:00,2,58,27,22,0,25,52,186
2024-03-16 12:10:00,8,59,42,26,0,35,54,224
2024-03-16 12:20:00,7,49,45,26,0,40,55,222
2024-03-16 12:30:00,2,43,34,22,0,22,41,164
2024-03-16 12:40:00,3,50,35,19,0,28,53,188
2024-03-16 12:50:00,1,50,42,24,0,33,49,199
2024-03-16 13:00:00,4,56,28,19,0,26,58,191
2024-03-16 13:10:00,3,55,40,26,0,27,58,209
2024-03-16 13:20:00,5,64,32,22,0,35,62,220
2024-03-16 13:30:00,7,46,34,20,0,31,51,189
2024-03-16 13:40:00,2,61,35,25,0,44,58,225
2024-03-16 13:50:00,9,49,33,29,0,44,69,233
2024-03-16 14:00:00,7,58,33,26,0,49,67,240
2024-03-16 14:10:00,8,51,27,25,0,74,84,269
2024-03-16 14:20:00,3,58,33,23,0,48,61,226
2024-03-16 14:30:00,8,66,46,30,0,41,56,247
2024-03-16 14:40:00,4,51,36,22,0,35,79,227
2024-03-16 14:50:00,2,61,35,29,0,60,57,244
2024-03-16 15:00:00,10,52,29,25,0,52,73,241
2024-03-16 15:10:00,1,55,33,32,0,40,73,234
2024-03-16 15:20:00,4,58,31,18,0,26,48,185
2024-03-16 15:30:00,7,60,38,27,0,46,54,232
2024-03-16 15:40:00,4,52,37,20,0,46,52,211
2024-03-16 15:50:00,1,54,35,26,0,64,48,228
2024-03-16 16:00:00,3,61,32,21,0,40,59,216
2024-03-16 16:10:00,1,60,45,36,0,43,49,234
2024-03-16 16:20:00,3,45,30,20,0,33,52,183
2024-03-16 16:30:00,3,53,31,24,0,43,47,201
2024-03-16 16:40:00,2,58,34,20,0,38,36,188
2024-03-16 16:50:00,3,53,42,30,0,22,41,191
2024-03-16 17:00:00,12,43,30,16,0,14,53,168
2024-03-16 17:10:00,16,32,54,36,0,32,50,220
2024-03-16 17:20:00,24,40,42,25,0,22,50,203
2024-03-16 17:30:00,22,47,46,32,0,38,61,246
2024-03-16 17:40:00,27,43,45,32,0,27,61,235
2024-03-16 17:50:00,28,42,67,36,0,43,41,257
2024-03-16 18:00:00,27,39,74,53,0,33,42,268
2024-03-16 18:10:00,32,38,58,37,0,32,36,233
2024-03-16 18:20:00,23,30,62,40,0,22,56,233
2024-03-16 18:30:00,27,34,69,31,0,33,46,240
2024-03-16 18:40:00,33,31,63,25,0,42,46,240
2024-03-16 18:50:00,31,29,50,31,0,41,34,216
2024-03-16 19:00:00,31,30,43,18,0,44,36,202
2024-03-16 19:10:00,17,31,28,21,0,42,36,175
2024-03-16 19:20:00,32,44,39,29,0,41,38,223
2024-03-16 19:30:00,23,29,25,17,0,43,25,162
2024-03-16 19:40:00,22,29,38,13,0,45,24,171
2024-03-16 19:50:00,25,30,26,14,0,56,23,174
2024-03-16 20:00:00,17,45,18,9,0,43,23,155
2024-03-16 20:10:00,15,24,21,10,0,38,22,130
2024-03-16 20:20:00,14,24,24,7,0,37,29,135
2024-03-16 20:30:00,20,27,15,9,0,32,20,123
2024-03-16 20:40:00,9,29,35,15,0,21,15,124
2024-03-16 20:50:00,17,22,10,15,0,21,22,107
2024-03-16 21:00:00,19,31,17,11,0,27,34,139
2024-03-16 21:10:00,17,37,25,8,0,34,23,144
2024-03-16 21:20:00,14,27,18,8,0,18,15,100
2024-03-16 21:30:00,13,36,10,8,0,17,19,103
2024-03-16 21:40:00,27,36,23,17,0,27,44,174
2024-03-16 21:50:00,15,23,22,14,0,24,26,124
2024-03-16 22:00:00,17,29,20,16,0,21,24,127
2024-03-16 22:10:00,12,34,24,15,0,23,19,127
2024-03-16 22:20:00,15,35,23,10,0,20,19,122
2024-03-16 22:30:00,12,29,15,12,0,25,19,112
2024-03-16 22:40:00,16,25,23,17,0,25,22,128
2024-03-16 22:50:00,14,27,14,5,0,21,24,105
2024-03-16 23:00:00,6,25,16,12,0,18,19,96
2024-03-16 23:10:00,16,19,20,8,0,16,17,96
2024-03-16 23:20:00,13,25,17,9,0,23,22,109
2024-03-16 23:30:00,12,16,13,8,0,11,13,73
2024-03-16 23:40:00,7,24,13,9,0,16,10,79
2024-03-16 23:50:00,7,21,10,7,0,19,8,72
2024-03-17 00:00:00,6,27,13,9,0,12,5,72
2024-03-17 00:10:00,20,24,10,5,0,13,12,84
2024-03-17 00:20:00,11,19,14,10,0,9,8,71
2024-03-17 00:30:00,14,14,4,6,0,11,8,57
2024-03-17 00:40:00,8,16,8,4,0,9,7,52
2024-03-17 00:50:00,13,16,7,3,0,11,10,60
2024-03-17 01:00:00,13,22,11,6,0,12,6,70
2024-03-17 01:10:00,9,16,10,4,0,4,4,47
2024-03-17 01:20:00,7,13,8,5,0,6,4,43
2024-03-17 01:30:00,8,12,4,7,0,8,5,44
2024-03-17 01:40:00,7,8,5,4,0,4,10,38
2024-03-17 01:50:00,7,14,2,1,0,5,3,32
2024-03-17 02:00:00,6,12,2,3,0,8,2,33
2024-03-17 02:10:00,8,14,4,3,0,4,2,35
2024-03-17 02:20:00,4,13,2,2,0,3,1,25
2024-03-17 02:30:00,5,8,1,3,0,2,3,22
2024-03-17 02:40:00,5,6,4,1,0,5,2,23
2024-03-17 02:50:00,7,10,1,1,0,2,1,22
2024-03-17 03:00:00,4,5,2,2,0,4,3,20
2024-03-17 03:10:00,4,8,2,0,0,2,0,16
2024-03-17 03:20:00,3,5,2,1,0,4,5,20
2024-03-17 03:30:00,5,6,1,1,0,2,1,16
2024-03-17 03:40:00,3,4,0,0,0,2,0,9
2024-03-17 03:50:00,3,5,2,1,0,1,0,12
2024-03-17 04:00:00,4,6,2,1,0,2,3,18
2024-03-17 04:10:00,3,4,2,0,0,3,2,14
2024-03-17 04:20:00,6,8,2,1,0,2,2,21
2024-03-17 04:30:00,2,4,2,1,0,1,3,13
2024-03-17 04:40:00,3,5,2,2,0,2,2,16
2024-03-17 04:50:00,1,1,3,3,0,5,1,14
2024-03-17 05:00:00,6,6,4,1,0,8,0,25
2024-03-17 05:10:00,2,4,2,1,0,3,2,14
2024-03-17 05:20:00,1,6,1,2,0,4,1,15
2024-03-17 05:30:00,4,8,6,0,0,13,3,34
2024-03-17 05:40:00,5,9,3,4,0,5,1,27
2024-03-17 05:50:00,6,6,3,1,0,6,1,23
2024-03-17 06:00:00,1,2,2,2,0,7,0,14
2024-03-17 06:10:00,3,9,2,2,0,6,6,28
2024-03-17 06:20:00,2,8,3,0,0,3,5,21
2024-03-17 06:30:00,1,6,4,4,0,5,5,25
2024-03-17 06:40:00,2,14,4,1,0,9,8,38
2024-03-17 06:50:00,0,8,3,0,0,7,9,27
2024-03-17 07:00:00,1,7,6,0,0,4,6,24
2024-03-17 07:10:00,4,8,7,3,0,7,7,36
2024-03-17 07:20:00,0,8,4,4,0,10,8,34
2024-03-17 07:30:00,1,9,2,0,0,6,8,26
2024-03-17 07:40:00,1,9,6,4,0,6,5,31
2024-03-17 07:50:00,0,5,8,3,0,3,5,24
2024-03-17 08:00:00,3,11,6,1,0,5,10,36
2024-03-17 08:10:00,4,9,16,2,0,2,5,38
2024-03-17 08:20:00,3,7,7,1,0,9,9,36
2024-03-17 08:30:00,5,15,9,4,0,12,13,58
2024-03-17 08:40:00,5,11,22,8,0,14,12,72
2024-03-17 08:50:00,7,18,7,7,0,16,17,72
2024-03-17 09:00:00,6,13,7,11,0,10,11,58
2024-03-17 09:10:00,7,13,15,9,0,13,11,68
2024-03-17 09:20:00,5,9,16,10,0,16,15,71
2024-03-17 09:30:00,11,17,23,18,0,23,17,109
2024-03-17 09:40:00,8,17,9,10,0,34,28,106
2024-03-17 09:50:00,14,22,23,12,0,23,30,124
2024-03-17 10:00:00,8,19,28,11,0,25,27,118
2024-03-17 10:10:00,13,20,25,8,0,27,29,122
2024-03-17 10:20:00,11,15,30,12,0,19,20,107
2024-03-17 10:30:00,6,26,25,16,0,32,24,129
2024-03-17 10:40:00,12,22,28,13,0,27,26,128
2024-03-17 10:50:00,14,27,22,9,0,34,39,145
2024-03-17 11:00:00,9,25,25,20,0,34,40,153
2024-03-17 11:10:00,10,18,26,14,0,31,37,136
2024-03-17 11:20:00,9,32,25,18,0,44,39,167
2024-03-17 11:30:00,12,34,24,13,0,39,32,154
2024-03-17 11:40:00,15,37,28,15,0,45,33,173
2024-03-17 11:50:00,9,35,24,10,0,30,23,131
2024-03-17 12:00:00,14,29,27,14,0,32,36,152
2024-03-17 12:10:00,22,35,24,19,0,41,58,199
2024-03-17 12:20:00,20,39,28,15,0,59,48,209
2024-03-17 12:30:00,18,38,24,20,0,41,40,181
2024-03-17 12:40:00,13,41,30,17,0,56,50,207
2024-03-17 12:50:00,13,30,30,15,0,24,43,155
2024-03-17 13:00:00,24,40,27,13,0,28,33,165
2024-03-17 13:10:00,18,52,29,21,0,36,54,210
2024-03-17 13:20:00,20,37,34,26,0,25,40,182
2024-03-17 13:30:00,12,37,19,22,0,31,38,159
2024-03-17 13:40:00,13,29,29,11,0,13,33,128
2024-03-17 13:50:00,11,29,30,32,0,31,43,176
2024-03-17 14:00:00,19,31,27,19,0,31,41,168
2024-03-17 14:10:00,11,38,26,15,0,35,47,172
2024-03-17 14:20:00,9,29,30,22,0,17,36,143
2024-03-17 14:30:00,19,53,29,21,0,39,65,226
2024-03-17 14:40:00,12,50,33,22,0,35,52,204
2024-03-17 14:50:00,15,45,33,17,0,29,51,190
2024-03-17 15:00:00,19,45,35,18,0,25,48,190
2024-03-17 15:10:00,15,38,24,19,0,37,52,185
2024-03-17 15:20:00,1,37,21,26,0,44,55,184
2024-03-17 15:30:00,1,36,27,18,0,21,42,145
2024-03-17 15:40:00,1,46,27,19,0,34,45,172
2024-03-17 15:50:00,2,42,27,16,0,26,40,153
2024-03-17 16:00:00,0,50,29,14,0,21,32,146
2024-03-17 16:10:00,1,39,31,14,0,20,26,131
2024-03-17 16:20:00,1,46,25,14,0,15,29,130
2024-03-17 16:30:00,1,48,26,19,0,21,19,134
2024-03-17 16:40:00,0,42,30,20,0,16,19,127
2024-03-17 16:50:00,2,46,40,20,0,25,28,161
2024-03-17 17:00:00,1,40,29,15,0,14,23,122
2024-03-17 17:10:00,2,42,40,29,0,26,27,166
2024-03-17 17:20:00,1,39,34,31,0,23,25,153
2024-03-17 17:30:00,0,54,17,27,0,27,39,164
2024-03-17 17:40:00,0,45,37,18,0,10,32,142
2024-03-17 17:50:00,4,45,37,17,0,15,27,145
2024-03-17 18:00:00,2,57,40,27,0,35,48,209
2024-03-17 18:10:00,4,52,30,17,0,28,64,195
2024-03-17 18:20:00,3,41,32,18,0,32,49,175
2024-03-17 18:30:00,6,39,27,19,0,17,19,127
2024-03-17 18:40:00,14,35,16,10,0,25,23,123
2024-03-17 18:50:00,11,23,22,13,0,39,19,127
2024-03-17 19:00:00,18,36,29,23,0,40,31,177
2024-03-17 19:10:00,14,23,30,16,0,26,25,134
2024-03-17 19:20:00,12,25,24,15,0,34,17,127
2024-03-17 19:30:00,8,30,27,28,0,31,32,156
2024-03-17 19:40:00,8,32,23,20,0,45,28,156
2024-03-17 19:50:00,8,28,19,12,0,37,18,122
2024-03-17 20:00:00,10,28,30,12,0,30,21,131
2024-03-17 20:10:00,13,33,27,17,0,26,29,145
2024-03-17 20:20:00,11,33,29,28,0,32,40,173
2024-03-17 20:30:00,10,32,19,16,0,29,25,131
2024-03-17 20:40:00,3,29,13,8,0,27,12,92
2024-03-17 20:50:00,5,28,25,15,0,19,17,109
2024-03-17 21:00:00,10,30,13,13,0,25,23,114
2024-03-17 21:10:00,12,30,25,16,0,20,19,122
2024-03-17 21:20:00,8,28,13,12,0,20,15,96
2024-03-17 21:30:00,12,30,13,11,0,15,26,107
2024-03-17 21:40:00,2,31,15,12,0,18,16,94
2024-03-17 21:50:00,7,26,14,8,0,20,21,96
2024-03-17 22:00:00,9,21,13,8,0,13,8,72
2024-03-17 22:10:00,8,25,12,9,0,21,18,93
2024-03-17 22:20:00,12,19,11,5,0,10,9,66
2024-03-17 22:30:00,11,21,9,7,0,6,7,61
2024-03-17 22:40:00,7,19,8,2,0,12,6,54
2024-03-17 22:50:00,15,25,5,4,0,6,5,60
2024-03-17 23:00:00,12,17,3,1,0,3,6,42
2024-03-17 23:10:00,8,13,7,5,0,8,7,48
2024-03-17 23:20:00,12,15,4,3,0,5,5,44
2024-03-17 23:30:00,9,16,7,2,0,9,6,49
2024-03-17 23:40:00,5,11,0,2,0,5,5,28
2024-03-17 23:50:00,8,14,4,4,0,1,4,35
2024-03-18 00:00:00,4,5,2,3,0,1,1,16
2024-03-18 00:10:00,3,5,0,0,0,4,2,14
2024-03-18 00:20:00,2,8,1,1,0,2,2,16
2024-03-18 00:30:00,2,7,4,1,0,1,3,18
2024-03-18 00:40:00,0,4,0,0,0,6,1,11
2024-03-18 00:50:00,4,5,1,1,0,0,1,12
2024-03-18 01:00:00,3,9,4,0,0,3,5,24
2024-03-18 01:10:00,1,5,1,0,0,0,1,8
2024-03-18 01:20:00,3,11,0,0,0,1,0,15
2024-03-18 01:30:00,0,2,3,1,0,1,2,9
2024-03-18 01:40:00,5,4,2,0,0,1,0,12
2024-03-18 01:50:00,0,0,0,1,0,0,1,2
2024-03-18 02:00:00,3,1,1,0,0,1,1,7
2024-03-18 02:10:00,2,2,1,0,0,2,0,7
2024-03-18 02:20:00,1,2,0,0,0,0,1,4
2024-03-18 02:30:00,4,6,0,1,0,0,2,13
2024-03-18 02:40:00,3,3,1,0,0,0,1,8
2024-03-18 02:50:00,1,3,2,0,0,2,1,9
2024-03-18 03:00:00,0,0,0,0,0,1,0,1
2024-03-18 03:10:00,3,6,0,0,0,1,2,12
2024-03-18 03:20:00,0,1,0,1,0,0,0,2
2024-03-18 03:30:00,2,4,0,0,0,1,0,7
2024-03-18 03:40:00,1,3,0,1,0,2,0,7
2024-03-18 03:50:00,2,3,1,0,0,3,1,10
2024-03-18 04:00:00,1,5,0,0,0,3,1,10
2024-03-18 04:10:00,4,3,3,1,0,7,6,24
2024-03-18 04:20:00,2,3,2,1,0,3,1,12
2024-03-18 04:30:00,1,1,2,1,0,3,0,8
2024-03-18 04:40:00,2,3,2,2,0,5,2,16
2024-03-18 04:50:00,4,6,10,2,0,10,1,33
2024-03-18 05:00:00,8,6,10,4,0,13,5,46
2024-03-18 05:10:00,4,12,7,2,0,7,9,41
2024-03-18 05:20:00,14,16,13,5,0,13,6,67
2024-03-18 05:30:00,14,21,21,7,0,42,11,116
2024-03-18 05:40:00,12,18,19,9,0,52,7,117
2024-03-18 05:50:00,6,14,23,4,0,38,6,91
2024-03-18 06:00:00,12,15,21,11,0,38,14,111
2024-03-18 06:10:00,6,27,29,16,0,48,27,153
2024-03-18 06:20:00,2,24,28,8,0,39,28,129
2024-03-18 06:30:00,7,24,49,28,0,38,39,185
2024-03-18 06:40:00,7,37,52,18,0,43,32,189
2024-03-18 06:50:00,2,26,56,27,0,30,34,175
2024-03-18 07:00:00,5,33,68,35,0,37,45,223
2024-03-18 07:10:00,4,41,59,29,0,39,52,224
2024-03-18 07:20:00,11,35,59,30,0,40,47,222
2024-03-18 07:30:00,3,44,45,18,0,47,45,202
2024-03-18 07:40:00,6,45,50,24,0,50,65,240
2024-03-18 07:50:00,5,52,49,20,0,42,49,217
2024-03-18 08:00:00,7,53,2,33,0,47,23,165
2024-03-18 08:10:00,6,45,65,34,0,43,39,232
2024-03-18 08:20:00,6,46,42,15,0,50,47,206
2024-03-18 08:30:00,5,44,45,23,0,52,42,211
2024-03-18 08:40:00,6,50,52,23,0,52,48,231
2024-03-18 08:50:00,4,49,53,23,0,52,41,222
2024-03-18 09:00:00,9,34,54,18,0,47,48,210
2024-03-18 09:10:00,5,36,38,10,0,39,42,170
2024-03-18 09:20:00,3,56,41,20,0,42,48,210
2024-03-18 09:30:00,5,55,27,18,0,41,56,202
2024-03-18 09:40:00,6,55,35,20,0,39,42,197
2024-03-18 09:50:00,8,39,44,16,0,29,42,178
2024-03-18 10:00:00,2,46,31,11,0,30,65,185
2024-03-18 10:10:00,7,41,30,12,0,21,43,154
2024-03-18 10:20:00,14,42,36,16,0,21,43,172
2024-03-18 10:30:00,18,34,30,15,0,30,43,170
2024-03-18 10:40:00,7,47,27,13,0,32,38,164
2024-03-18 10:50:00,11,43,33,12,0,34,30,163
2024-03-18 11:00:00,14,58,25,11,0,24,54,186
2024-03-18 11:10:00,18,58,27,8,0,38,50,199
2024-03-18 11:20:00,5,53,29,15,0,31,48,181
2024-03-18 11:30:00,10,42,25,12,0,32,55,176
2024-03-18 11:40:00,10,60,32,9,0,44,43,198
2024-03-18 11:50:00,14,48,28,15,0,27,43,175
2024-03-18 12:00:00,29,44,41,19,0,34,56,223
2024-03-18 12:10:00,18,51,26,18,0,37,61,211
2024-03-18 12:20:00,14,45,25,13,0,21,57,175
2024-03-18 12:30:00,15,65,20,8,0,25,77,210
2024-03-18 12:40:00,14,65,21,10,0,29,68,207
2024-03-18 12:50:00,18,53,32,11,0,40,59,213
2024-03-18 13:00:00,23,31,35,20,0,49,73,231
2024-03-18 13:10:00,40,43,36,19,0,41,77,256
2024-03-18 13:20:00,29,49,29,17,0,40,80,244
2024-03-18 13:30:00,33,36,27,10,0,34,65,205
2024-03-18 13:40:00,33,40,22,11,0,29,62,197
2024-03-18 13:50:00,43,51,24,14,0,42,54,228
2024-03-18 14:00:00,21,40,30,13,0,40,55,199
2024-03-18 14:10:00,38,46,34,16,0,47,67,248
2024-03-18 14:20:00,40,51,29,13,0,49,76,258
2024-03-18 14:30:00,37,50,36,20,0,43,76,262
2024-03-18 14:40:00,33,38,33,18,0,40,76,238
2024-03-18 14:50:00,37,48,28,17,0,38,78,246
2024-03-18 15:00:00,38,43,28,21,0,43,70,243
2024-03-18 15:10:00,36,37,30,13,0,42,67,225
2024-03-18 15:20:00,27,29,29,20,0,42,63,210
2024-03-18 15:30:00,25,38,22,25,0,33,69,212
2024-03-18 15:40:00,31,32,27,24,0,51,73,238
2024-03-18 15:50:00,27,32,34,19,0,32,68,212
2024-03-18 16:00:00,31,28,30,26,0,54,60,229
2024-03-18 16:10:00,27,33,36,25,0,46,52,219
2024-03-18 16:20:00,28,37,42,19,0,71,54,251
2024-03-18 16:30:00,25,35,35,23,0,84,61,263
2024-03-18 16:40:00,33,36,30,22,0,71,70,262
2024-03-18 16:50:00,28,34,39,11,0,56,52,220
2024-03-18 17:00:00,29,35,27,22,0,48,46,207
2024-03-18 17:10:00,27,36,30,21,0,52,53,219
2024-03-18 17:20:00,31,32,32,25,0,41,54,215
2024-03-18 17:30:00,30,43,35,22,0,39,56,225
2024-03-18 17:40:00,18,27,30,21,0,45,87,228
2024-03-18 17:50:00,27,32,28,20,0,37,34,178
2024-03-18 18:00:00,27,31,25,20,0,23,42,168
2024-03-18 18:10:00,28,36,35,15,0,41,53,208
2024-03-18 18:20:00,34,33,24,18,0,25,36,170
2024-03-18 18:30:00,47,37,25,15,0,28,44,196
2024-03-18 18:40:00,35,40,25,13,0,36,51,200
2024-03-18 18:50:00,25,25,26,11,0,40,33,160
2024-03-18 19:00:00,22,26,24,15,0,38,36,161
2024-03-18 19:10:00,28,30,24,11,0,43,39,175
2024-03-18 19:20:00,33,39,16,7,0,38,26,159
2024-03-18 19:30:00,25,33,22,12,0,23,31,146
2024-03-18 19:40:00,22,29,21,9,0,47,27,155
2024-03-18 19:50:00,16,28,17,9,0,30,19,119
2024-03-18 20:00:00,20,32,14,7,0,37,23,133
2024-03-18 20:10:00,19,33,15,5,0,37,15,124
2024-03-18 20:20:00,12,30,16,10,0,24,16,108
2024-03-18 20:30:00,10,25,18,6,0,27,15,101
2024-03-18 20:40:00,13,27,8,4,0,26,16,94
2024-03-18 20:50:00,14,24,12,4,0,21,15,90
2024-03-18 21:00:00,18,26,11,5,0,28,24,112
2024-03-18 21:10:00,21,32,11,15,0,30,30,139
2024-03-18 21:20:00,11,28,23,5,0,17,13,97
2024-03-18 21:30:00,18,24,8,5,0,19,22,96
2024-03-18 21:40:00,22,25,3,4,0,20,16,90
2024-03-18 21:50:00,18,27,7,3,0,18,18,91
2024-03-18 22:00:00,15,23,9,4,0,14,14,79
2024-03-18 22:10:00,20,18,11,5,0,18,7,79
2024-03-18 22:20:00,10,21,10,0,0,19,7,67
2024-03-18 22:30:00,17,21,8,3,0,14,11,74
2024-03-18 22:40:00,14,19,8,2,0,13,4,60
2024-03-18 22:50:00,10,11,5,1,0,7,5,39
2024-03-18 23:00:00,16,21,2,2,0,4,4,49
2024-03-18 23:10:00,11,15,8,1,0,6,6,47
2024-03-18 23:20:00,8,14,2,4,0,4,5,37
2024-03-18 23:30:00,11,13,10,1,0,2,0,37
2024-03-18 23:40:00,10,13,4,0,0,1,1,29
2024-03-18 23:50:00,9,11,1,1,0,6,2,30
2024-03-19 00:00:00,8,9,0,1,0,4,2,24
2024-03-19 00:10:00,7,9,4,1,0,4,6,31
2024-03-19 00:20:00,4,7,5,0,0,2,3,21
2024-03-19 00:30:00,6,10,0,1,0,2,3,22
2024-03-19 00:40:00,7,8,1,1,0,2,2,21
2024-03-19 00:50:00,6,6,1,0,0,2,2,17
2024-03-19 01:00:00,0,0,1,0,0,0,0,1
2024-03-19 01:10:00,2,3,1,0,0,1,0,7
2024-03-19 01:20:00,1,4,1,0,0,3,1,10
2024-03-19 01:30:00,5,5,2,0,0,0,0,12
2024-03-19 01:40:00,4,4,2,0,0,1,1,12
2024-03-19 01:50:00,4,5,0,0,0,1,1,11
2024-03-19 02:00:00,3,4,1,0,0,0,1,9
2024-03-19 02:10:00,0,1,0,0,0,0,0,1
2024-03-19 02:20:00,1,5,1,2,0,0,0,9
2024-03-19 02:30:00,2,3,1,0,0,0,2,8
2024-03-19 02:40:00,1,3,0,0,0,0,2,6
2024-03-19 02:50:00,2,4,0,0,0,0,0,6
2024-03-19 03:00:00,0,1,1,0,0,0,0,2
2024-03-19 03:10:00,2,4,1,1,0,1,2,11
2024-03-19 03:20:00,2,7,0,0,0,1,1,11
2024-03-19 03:30:00,0,4,1,0,0,2,1,8
2024-03-19 03:40:00,0,0,0,0,0,1,0,1
2024-03-19 03:50:00,0,1,0,0,0,2,1,4
2024-03-19 04:00:00,0,5,2,0,0,2,1,10
2024-03-19 04:10:00,2,3,0,0,0,2,0,7
2024-03-19 04:20:00,0,3,1,1,0,3,0,8
2024-03-19 04:30:00,1,1,2,0,0,7,1,12
2024-03-19 04:40:00,3,6,2,0,0,7,2,20
2024-03-19 04:50:00,3,7,3,0,0,5,1,19
2024-03-19 05:00:00,8,7,3,2,0,8,1,29
2024-03-19 05:10:00,5,7,8,2,0,15,3,40
2024-03-19 05:20:00,12,15,4,2,0,17,3,53
2024-03-19 05:30:00,9,17,11,1,0,33,3,74
2024-03-19 05:40:00,11,19,16,3,0,39,5,93
2024-03-19 05:50:00,11,15,14,7,0,37,7,91
2024-03-19 06:00:00,1,19,14,4,0,35,13,86
2024-03-19 06:10:00,4,20,20,4,0,25,12,85
2024-03-19 06:20:00,9,26,24,12,0,43,38,152
2024-03-19 06:30:00,9,30,36,12,0,27,36,150
2024-03-19 06:40:00,3,31,37,11,0,28,19,129
2024-03-19 06:50:00,9,37,56,15,0,27,38,182
2024-03-19 07:00:00,6,38,41,24,0,37,47,193
2024-03-19 07:10:00,3,29,43,14,0,20,41,150
2024-03-19 07:20:00,6,40,43,14,0,43,42,188
2024-03-19 07:30:00,4,43,46,13,0,42,43,191
2024-03-19 07:40:00,9,52,40,30,0,54,61,246
2024-03-19 07:50:00,9,52,54,26,0,51,31,223
2024-03-19 08:00:00,8,45,55,21,0,51,53,233
2024-03-19 08:10:00,7,32,57,30,0,46,44,216
2024-03-19 08:20:00,7,41,78,23,0,56,57,262
2024-03-19 08:30:00,9,39,69,29,0,45,54,245
2024-03-19 08:40:00,5,49,65,18,0,50,42,229
2024-03-19 08:50:00,6,44,58,22,0,42,44,216
2024-03-19 09:00:00,6,46,28,18,0,38,44,180
2024-03-19 09:10:00,5,39,34,16,0,42,53,189
2024-03-19 09:20:00,8,55,48,24,0,49,52,236
2024-03-19 09:30:00,7,41,36,16,0,40,52,192
2024-03-19 09:40:00,10,51,31,15,0,36,40,183
2024-03-19 09:50:00,10,47,23,8,0,36,55,179
2024-03-19 10:00:00,4,51,31,10,0,33,50,179
2024-03-19 10:10:00,6,45,25,14,0,34,36,160
2024-03-19 10:20:00,7,53,38,6,0,43,41,188
2024-03-19 10:30:00,6,40,18,12,0,27,33,136
2024-03-19 10:40:00,12,49,34,14,0,42,44,195
2024-03-19 10:50:00,12,48,34,14,0,47,47,202
2024-03-19 11:00:00,20,42,28,11,0,44,48,193
2024-03-19 11:10:00,9,49,26,12,0,63,63,222
2024-03-19 11:20:00,18,55,39,10,0,54,45,221
2024-03-19 11:30:00,23,56,24,11,0,38,51,203
2024-03-19 11:40:00,25,50,22,13,0,41,61,212
2024-03-19 11:50:00,15,49,34,13,0,54,64,229
2024-03-19 12:00:00,27,48,24,12,0,39,38,188
2024-03-19 12:10:00,15,54,29,12,0,39,54,203
2024-03-19 12:20:00,22,60,28,15,0,46,57,228
2024-03-19 12:30:00,18,57,25,16,0,55,62,233
2024-03-19 12:40:00,4,63,31,15,0,69,81,263
2024-03-19 12:50:00,13,45,35,14,0,51,53,211
2024-03-19 13:00:00,22,61,20,14,0,50,69,236
2024-03-19 13:10:00,16,72,31,13,0,34,55,221
2024-03-19 13:20:00,21,59,34,13,0,34,75,236
2024-03-19 13:30:00,26,59,27,12,0,43,66,233
2024-03-19 13:40:00,32,65,31,12,0,43,62,245
2024-03-19 13:50:00,33,51,36,15,0,47,47,229
2024-03-19 14:00:00,20,64,21,13,0,25,67,210
2024-03-19 14:10:00,28,66,26,18,0,33,79,250
2024-03-19 14:20:00,22,60,28,10,0,40,66,226
2024-03-19 14:30:00,20,65,41,19,0,39,51,235
2024-03-19 14:40:00,33,69,32,19,0,34,84,271
2024-03-19 14:50:00,25,58,34,16,0,46,75,254
2024-03-19 15:00:00,25,52,30,18,0,49,68,242
2024-03-19 15:10:00,27,39,35,20,0,50,69,240
2024-03-19 15:20:00,30,33,31,23,0,37,43,197
2024-03-19 15:30:00,36,32,24,23,0,48,46,209
2024-03-19 15:40:00,24,34,36,18,0,33,47,192
2024-03-19 15:50:00,27,21,31,22,0,50,42,193
2024-03-19 16:00:00,20,33,31,22,0,40,49,195
2024-03-19 16:10:00,33,35,39,20,0,45,52,224
2024-03-19 16:20:00,31,38,32,21,0,40,48,210
2024-03-19 16:30:00,29,28,30,17,0,62,55,221
2024-03-19 16:40:00,23,37,32,23,0,74,52,241
2024-03-19 16:50:00,37,32,30,11,0,46,46,202
2024-03-19 17:00:00,28,40,36,20,0,46,34,204
2024-03-19 17:10:00,32,36,30,25,0,38,51,212
2024-03-19 17:20:00,27,27,34,21,0,38,47,194
2024-03-19 17:30:00,34,40,27,25,0,60,31,217
2024-03-19 17:40:00,29,34,28,15,0,63,45,214
2024-03-19 17:50:00,21,27,39,25,0,33,40,185
2024-03-19 18:00:00,26,34,35,26,0,46,53,220
2024-03-19 18:10:00,34,28,33,20,0,38,45,198
2024-03-19 18:20:00,31,39,29,22,0,38,56,215
2024-03-19 18:30:00,44,32,34,17,0,28,40,195
2024-03-19 18:40:00,32,37,27,17,0,55,39,207
2024-03-19 18:50:00,35,35,34,16,0,61,58,239
2024-03-19 19:00:00,15,21,21,13,0,43,25,138
2024-03-19 19:10:00,26,43,24,11,0,42,40,186
2024-03-19 19:20:00,26,31,19,10,0,41,27,154
2024-03-19 19:30:00,26,28,25,9,0,37,20,145
2024-03-19 19:40:00,11,25,14,8,0,35,19,112
2024-03-19 19:50:00,25,25,23,4,0,36,19,132
2024-03-19 20:00:00,23,22,21,10,0,56,21,153
2024-03-19 20:10:00,17,30,24,7,0,34,26,138
2024-03-19 20:20:00,9,36,22,8,0,36,23,134
2024-03-19 20:30:00,17,32,24,7,0,21,15,116
2024-03-19 20:40:00,23,28,14,4,0,41,31,141
2024-03-19 20:50:00,12,29,21,8,0,24,16,110
2024-03-19 21:00:00,16,27,20,9,0,17,21,110
2024-03-19 21:10:00,17,23,16,13,0,26,23,118
2024-03-19 21:20:00,21,24,14,10,0,17,19,105
2024-03-19 21:30:00,17,29,17,10,0,16,21,110
2024-03-19 21:40:00,18,28,10,9,0,10,23,98
2024-03-19 21:50:00,18,32,13,3,0,16,25,107
2024-03-19 22:00:00,12,19,11,6,0,16,11,75
2024-03-19 22:10:00,13,19,12,3,0,12,16,75
2024-03-19 22:20:00,11,18,7,4,0,18,12,70
2024-03-19 22:30:00,11,19,10,6,0,10,10,66
2024-03-19 22:40:00,11,22,5,5,0,10,12,65
2024-03-19 22:50:00,9,15,8,2,0,8,7,49
2024-03-19 23:00:00,10,20,9,3,0,6,7,55
2024-03-19 23:10:00,6,15,5,1,0,6,4,37
2024-03-19 23:20:00,9,13,8,1,0,5,1,37
2024-03-19 23:30:00,8,8,5,2,0,5,3,31
2024-03-19 23:40:00,2,5,1,0,0,1,1,10
2024-03-19 23:50:00,2,15,3,0,0,5,6,31
2024-03-20 00:00:00,0,3,1,0,0,2,1,7
2024-03-20 00:10:00,1,9,2,0,0,2,1,15
2024-03-20 00:20:00,0,1,2,0,0,0,1,4
2024-03-20 00:30:00,3,9,2,1,0,3,4,22
2024-03-20 00:40:00,1,6,3,1,0,6,2,19
2024-03-20 00:50:00,3,3,1,1,0,3,6,17
2024-03-20 01:00:00,1,3,0,0,0,0,3,7
2024-03-20 01:10:00,4,2,2,1,0,3,0,12
2024-03-20 01:20:00,2,2,4,0,0,0,1,9
2024-03-20 01:30:00,2,3,1,0,0,1,1,8
2024-03-20 01:40:00,0,2,0,0,0,1,0,3
2024-03-20 01:50:00,2,0,0,0,0,0,0,2
2024-03-20 02:00:00,1,3,0,0,0,1,1,6
2024-03-20 02:10:00,1,1,0,0,0,0,1,3
2024-03-20 02:20:00,1,1,1,0,0,1,0,4
2024-03-20 02:30:00,1,2,1,1,0,0,0,5
2024-03-20 02:40:00,2,1,0,0,0,2,1,6
2024-03-20 02:50:00,0,5,1,0,0,1,0,7
2024-03-20 03:00:00,1,1,1,0,0,0,0,3
2024-03-20 03:10:00,2,1,1,0,0,1,1,6
2024-03-20 03:20:00,0,3,0,0,0,0,0,3
2024-03-20 03:30:00,0,4,1,1,0,0,0,6
2024-03-20 03:40:00,0,3,2,0,0,1,0,6
2024-03-20 03:50:00,1,1,7,1,0,2,1,13
2024-03-20 04:00:00,2,2,1,0,0,0,0,5
2024-03-20 04:10:00,1,5,3,1,0,3,0,13
2024-03-20 04:20:00,1,0,0,0,0,1,0,2
2024-03-20 04:30:00,1,1,3,0,0,3,3,11
2024-03-20 04:40:00,0,4,1,0,0,5,3,13
2024-03-20 04:50:00,1,5,2,1,0,8,4,21
2024-03-20 05:00:00,5,5,7,0,0,6,2,25
2024-03-20 05:10:00,3,6,4,2,0,10,3,28
2024-03-20 05:20:00,6,7,5,2,0,12,0,32
2024-03-20 05:30:00,9,9,12,1,0,31,2,64
2024-03-20 05:40:00,9,15,15,1,0,39,1,80
2024-03-20 05:50:00,9,12,12,6,0,34,5,78
2024-03-20 06:00:00,8,17,17,4,0,41,16,103
2024-03-20 06:10:00,7,24,14,8,0,34,22,109
2024-03-20 06:20:00,18,18,19,5,0,23,21,104
2024-03-20 06:30:00,17,26,37,19,0,34,40,173
2024-03-20 06:40:00,16,22,47,15,0,25,30,155
2024-03-20 06:50:00,20,22,48,13,0,31,39,173
2024-03-20 07:00:00,34,21,53,20,0,26,25,179
2024-03-20 07:10:00,23,25,45,14,0,31,46,184
2024-03-20 07:20:00,17,35,50,23,0,37,39,201
2024-03-20 07:30:00,11,50,44,21,0,44,60,230
2024-03-20 07:40:00,14,45,42,21,0,53,43,218
2024-03-20 07:50:00,18,50,49,26,0,60,45,248
2024-03-20 08:00:00,26,40,39,21,0,55,48,229
2024-03-20 08:10:00,19,47,47,24,0,48,39,224
2024-03-20 08:20:00,31,49,57,23,0,41,36,237
2024-03-20 08:30:00,28,46,43,21,0,52,47,237
2024-03-20 08:40:00,26,38,38,31,0,70,52,255
2024-03-20 08:50:00,22,40,51,20,0,70,42,245
2024-03-20 09:00:00,21,37,37,15,0,53,40,203
2024-03-20 09:10:00,26,37,39,14,0,40,36,192
2024-03-20 09:20:00,23,48,34,16,0,51,38,210
2024-03-20 09:30:00,25,51,32,15,0,61,50,234
2024-03-20 09:40:00,25,54,21,12,0,45,41,198
2024-03-20 09:50:00,24,51,29,6,0,52,52,214
2024-03-20 10:00:00,21,47,15,8,0,59,57,207
2024-03-20 10:10:00,22,51,25,13,0,59,58,228
2024-03-20 10:20:00,22,44,19,14,0,46,46,191
2024-03-20 10:30:00,19,49,26,9,0,40,37,180
2024-03-20 10:40:00,18,52,27,10,0,42,40,189
2024-03-20 10:50:00,12,55,22,7,0,51,52,199
2024-03-20 11:00:00,17,56,31,12,0,53,47,216
2024-03-20 11:10:00,10,49,27,11,0,57,51,205
2024-03-20 11:20:00,9,61,24,11,0,60,53,218
2024-03-20 11:30:00,9,55,26,12,0,70,70,242
2024-03-20 11:40:00,13,75,28,14,0,65,74,269
2024-03-20 11:50:00,6,59,34,12,0,50,50,211
2024-03-20 12:00:00,11,61,23,15,0,69,56,235
2024-03-20 12:10:00,11,53,29,16,0,67,53,229
2024-03-20 12:20:00,13,64,27,8,0,59,57,228
2024-03-20 12:30:00,9,56,33,16,0,73,64,251
2024-03-20 12:40:00,13,54,29,14,0,46,55,211
2024-03-20 12:50:00,14,61,36,12,0,61,58,242
2024-03-20 13:00:00,15,71,35,14,0,60,72,267
2024-03-20 13:10:00,14,52,36,19,0,56,85,262
2024-03-20 13:20:00,16,67,27,16,0,52,69,247
2024-03-20 13:30:00,10,71,32,17,0,44,74,248
2024-03-20 13:40:00,16,56,34,24,0,34,64,228
2024-03-20 13:50:00,23,58,31,8,0,36,50,206
2024-03-20 14:00:00,20,70,21,10,0,32,61,214
2024-03-20 14:10:00,27,81,32,20,0,36,59,255
2024-03-20 14:20:00,23,64,31,21,0,25,29,193
2024-03-20 14:30:00,35,56,31,17,0,18,121,278
2024-03-20 14:40:00,37,51,33,16,0,24,89,250
2024-03-20 14:50:00,43,54,33,13,0,22,61,226
2024-03-20 15:00:00,36,49,32,17,0,19,56,209
2024-03-20 15:10:00,33,35,39,14,0,26,62,209
2024-03-20 15:20:00,27,35,28,16,0,19,65,190
2024-03-20 15:30:00,37,35,37,26,0,23,61,219
2024-03-20 15:40:00,27,33,25,15,0,25,69,194
2024-03-20 15:50:00,33,39,37,23,0,33,77,242
2024-03-20 16:00:00,31,37,21,19,0,29,67,204
2024-03-20 16:10:00,33,39,38,18,0,37,79,244
2024-03-20 16:20:00,28,33,42,26,0,35,71,235
2024-03-20 16:30:00,37,32,26,22,0,35,83,235
2024-03-20 16:40:00,38,31,34,21,0,22,76,222
2024-03-20 16:50:00,31,33,23,22,0,40,87,236
2024-03-20 17:00:00,22,40,35,23,0,31,72,223
2024-03-20 17:10:00,31,30,33,21,0,25,82,222
2024-03-20 17:20:00,31,27,33,22,0,31,71,215
2024-03-20 17:30:00,34,30,30,18,0,27,79,218
2024-03-20 17:40:00,31,36,34,22,0,31,80,234
2024-03-20 17:50:00,30,33,42,19,0,19,73,216
2024-03-20 18:00:00,26,30,31,19,0,36,70,212
2024-03-20 18:10:00,33,33,38,15,0,32,49,200
2024-03-20 18:20:00,36,44,27,20,0,27,60,214
2024-03-20 18:30:00,44,42,26,12,0,26,50,200
2024-03-20 18:40:00,35,34,23,18,0,25,51,186
2024-03-20 18:50:00,31,30,28,12,0,37,81,219
2024-03-20 19:00:00,23,29,27,16,0,42,75,212
2024-03-20 19:10:00,35,31,27,17,0,29,72,211
2024-03-20 19:20:00,26,34,23,15,0,31,56,185
2024-03-20 19:30:00,30,23,24,7,0,31,55,170
2024-03-20 19:40:00,27,42,21,6,0,29,61,186
2024-03-20 19:50:00,20,35,22,7,0,22,73,179
2024-03-20 20:00:00,14,30,19,7,0,16,61,147
2024-03-20 20:10:00,18,35,23,7,0,18,45,146
2024-03-20 20:20:00,15,29,11,13,0,11,65,144
2024-03-20 20:30:00,7,27,25,4,0,13,47,123
2024-03-20 20:40:00,23,29,13,6,0,14,37,122
2024-03-20 20:50:00,15,34,19,9,0,11,39,127
2024-03-20 21:00:00,19,32,27,6,0,16,45,145
2024-03-20 21:10:00,22,37,17,10,0,15,38,139
2024-03-20 21:20:00,19,33,15,4,0,11,33,115
2024-03-20 21:30:00,21,30,17,1,0,14,36,119
2024-03-20 21:40:00,14,33,17,5,0,10,27,106
2024-03-20 21:50:00,14,30,10,8,0,8,37,107
2024-03-20 22:00:00,14,28,9,6,0,14,19,90
2024-03-20 22:10:00,12,21,10,8,0,23,30,104
2024-03-20 22:20:00,11,24,12,5,0,23,33,108
2024-03-20 22:30:00,6,23,8,7,0,7,22,73
2024-03-20 22:40:00,5,17,4,10,0,3,13,52
2024-03-20 22:50:00,17,24,12,0,0,6,22,81
2024-03-20 23:00:00,7,18,8,3,0,8,14,58
2024-03-20 23:10:00,6,21,4,5,0,6,22,64
2024-03-20 23:20:00,3,17,4,2,0,9,17,52
2024-03-20 23:30:00,9,11,5,2,0,10,13,50
2024-03-20 23:40:00,7,10,4,3,0,4,18,46
2024-03-20 23:50:00,2,6,3,3,0,6,3,23
2024-03-21 00:00:00,2,2,3,1,0,0,7,15
2024-03-21 00:10:00,3,7,2,0,0,2,4,18
2024-03-21 00:20:00,0,5,1,0,0,6,6,18
2024-03-21 00:30:00,0,5,2,2,0,3,5,17
2024-03-21 00:40:00,4,5,0,1,0,1,3,14
2024-03-21 00:50:00,3,5,0,0,0,1,4,13
2024-03-21 01:00:00,4,7,0,0,0,2,3,16
2024-03-21 01:10:00,5,7,1,0,0,0,3,16
2024-03-21 01:20:00,6,7,2,0,0,0,5,20
2024-03-21 01:30:00,4,6,1,0,0,0,8,19
2024-03-21 01:40:00,1,2,1,0,0,2,0,6
2024-03-21 01:50:00,2,2,0,0,0,2,2,8
2024-03-21 02:00:00,1,3,1,0,0,0,2,7
2024-03-21 02:10:00,1,1,0,0,0,2,1,5
2024-03-21 02:20:00,4,6,1,0,0,2,6,19
2024-03-21 02:30:00,1,3,0,1,0,0,1,6
2024-03-21 02:40:00,2,4,2,0,0,3,1,12
2024-03-21 02:50:00,1,2,1,0,0,2,2,8
2024-03-21 03:00:00,3,3,0,1,0,2,0,9
2024-03-21 03:10:00,1,4,0,0,0,1,4,10
2024-03-21 03:20:00,2,3,0,0,0,0,0,5
2024-03-21 03:30:00,2,4,0,0,0,3,0,9
2024-03-21 03:40:00,2,2,0,0,0,0,1,5
2024-03-21 03:50:00,2,3,0,0,0,2,7,14
2024-03-21 04:00:00,2,4,0,0,0,0,5,11
2024-03-21 04:10:00,2,2,2,0,0,0,5,11
2024-03-21 04:20:00,1,0,0,1,0,1,0,3
2024-03-21 04:30:00,5,7,2,0,0,2,7,23
2024-03-21 04:40:00,1,4,0,2,0,0,13,20
2024-03-21 04:50:00,3,6,5,1,0,5,15,35
2024-03-21 05:00:00,4,7,5,0,0,10,26,52
2024-03-21 05:10:00,4,11,5,0,0,11,32,63
2024-03-21 05:20:00,7,12,7,3,0,20,33,82
2024-03-21 05:30:00,6,6,12,2,0,26,63,115
2024-03-21 05:40:00,10,16,14,1,0,41,69,151
2024-03-21 05:50:00,7,13,20,7,0,34,51,132
2024-03-21 06:00:00,7,23,18,6,0,34,56,144
2024-03-21 06:10:00,9,25,17,7,0,41,43,142
2024-03-21 06:20:00,19,33,20,6,0,40,51,169
2024-03-21 06:30:00,21,21,31,10,0,37,60,180
2024-03-21 06:40:00,23,32,51,15,0,57,67,245
2024-03-21 06:50:00,22,28,59,20,0,47,68,244
2024-03-21 07:00:00,17,30,48,13,0,49,82,239
2024-03-21 07:10:00,25,29,55,19,0,56,74,258
2024-03-21 07:20:00,19,27,59,21,0,63,67,256
2024-03-21 07:30:00,23,25,42,21,0,72,93,276
2024-03-21 07:40:00,22,43,42,26,0,63,89,285
2024-03-21 07:50:00,26,30,56,26,0,65,82,285
2024-03-21 08:00:00,19,28,55,16,0,59,78,255
2024-03-21 08:10:00,24,35,56,24,0,58,75,272
2024-03-21 08:20:00,26,39,51,15,0,73,81,285
2024-03-21 08:30:00,22,39,53,20,0,56,103,293
2024-03-21 08:40:00,23,42,46,16,0,59,69,255
2024-03-21 08:50:00,20,36,47,16,0,44,74,237
2024-03-21 09:00:00,23,31,45,20,0,38,69,226
2024-03-21 09:10:00,33,30,38,24,0,46,73,244
2024-03-21 09:20:00,21,37,39,14,0,38,72,221
2024-03-21 09:30:00,28,42,31,15,0,44,77,237
2024-03-21 09:40:00,33,57,34,16,0,33,78,251
2024-03-21 09:50:00,23,42,31,14,0,34,69,213
2024-03-21 10:00:00,20,42,28,6,0,24,74,194
2024-03-21 10:10:00,20,40,31,16,0,21,57,185
2024-03-21 10:20:00,25,50,21,11,0,18,65,190
2024-03-21 10:30:00,23,45,32,14,0,32,63,209
2024-03-21 10:40:00,21,58,17,12,0,32,61,201
2024-03-21 10:50:00,17,50,31,10,0,26,61,195
2024-03-21 11:00:00,15,52,28,10,0,31,56,192
2024-03-21 11:10:00,11,52,25,11,0,21,69,189
2024-03-21 11:20:00,20,55,24,12,0,22,55,188
2024-03-21 11:30:00,17,52,20,10,0,26,62,187
2024-03-21 11:40:00,15,51,32,16,0,30,64,208
2024-03-21 11:50:00,16,54,32,19,0,28,73,222
2024-03-21 12:00:00,7,46,29,11,0,23,55,171
2024-03-21 12:10:00,23,66,36,15,0,33,75,248
2024-03-21 12:20:00,17,48,29,16,0,27,65,202
2024-03-21 12:30:00,14,55,32,17,0,24,64,206
2024-03-21 12:40:00,18,52,25,11,0,24,58,188
2024-03-21 12:50:00,12,50,31,13,0,22,56,184
2024-03-21 13:00:00,14,63,26,16,0,22,82,223
2024-03-21 13:10:00,28,53,36,17,0,24,57,215
2024-03-21 13:20:00,33,43,32,15,0,22,62,207
2024-03-21 13:30:00,32,35,29,14,0,30,65,205
2024-03-21 13:40:00,32,45,38,10,0,17,58,200
2024-03-21 13:50:00,34,36,25,14,0,28,51,188
2024-03-21 14:00:00,43,55,22,15,0,28,75,238
2024-03-21 14:10:00,35,61,20,13,0,27,70,226
2024-03-21 14:20:00,32,53,37,21,0,22,61,226
2024-03-21 14:30:00,48,44,26,18,0,23,69,228
2024-03-21 14:40:00,49,43,35,16,0,36,65,244
2024-03-21 14:50:00,41,52,47,21,0,30,68,259
2024-03-21 15:00:00,39,35,42,21,0,31,56,224
2024-03-21 15:10:00,25,39,32,15,0,36,77,224
2024-03-21 15:20:00,33,32,31,12,0,30,58,196
2024-03-21 15:30:00,34,34,34,18,0,32,70,222
2024-03-21 15:40:00,26,34,38,22,0,32,67,219
2024-03-21 15:50:00,32,34,37,21,0,34,66,224
2024-03-21 16:00:00,32,35,28,24,0,20,63,202
2024-03-21 16:10:00,32,37,32,23,0,2,69,195
2024-03-21 16:20:00,24,36,28,26,0,20,63,197
2024-03-21 16:30:00,29,32,35,24,0,28,63,211
2024-03-21 16:40:00,33,37,32,24,0,25,83,234
2024-03-21 16:50:00,18,32,31,18,0,21,62,182
2024-03-21 17:00:00,30,36,30,24,0,36,76,232
2024-03-21 17:10:00,20,35,30,22,0,36,76,219
2024-03-21 17:20:00,26,36,33,27,0,28,71,221
2024-03-21 17:30:00,26,34,33,16,0,33,75,217
2024-03-21 17:40:00,25,27,33,25,0,27,73,210
2024-03-21 17:50:00,27,28,29,19,0,23,48,174
2024-03-21 18:00:00,28,26,28,15,0,29,63,189
2024-03-21 18:10:00,36,33,33,19,0,29,69,219
2024-03-21 18:20:00,42,37,36,17,0,30,68,230
2024-03-21 18:30:00,47,43,28,25,0,16,62,221
2024-03-21 18:40:00,36,31,20,14,0,22,54,177
2024-03-21 18:50:00,25,25,34,15,0,33,72,204
2024-03-21 19:00:00,27,31,24,17,0,19,59,177
2024-03-21 19:10:00,32,44,27,10,0,28,80,221
2024-03-21 19:20:00,26,37,25,12,0,28,82,210
2024-03-21 19:30:00,19,34,24,11,0,30,58,176
2024-03-21 19:40:00,25,31,13,18,0,15,54,156
2024-03-21 19:50:00,24,26,18,11,0,21,91,191
2024-03-21 20:00:00,18,23,12,6,0,22,85,166
2024-03-21 20:10:00,20,27,12,6,0,12,56,133
2024-03-21 20:20:00,15,23,10,6,0,17,47,118
2024-03-21 20:30:00,31,26,17,10,0,12,39,135
2024-03-21 20:40:00,15,31,22,6,0,11,61,146
2024-03-21 20:50:00,14,30,12,8,0,11,48,123
2024-03-21 21:00:00,14,25,15,6,0,14,47,121
2024-03-21 21:10:00,17,38,20,8,0,5,31,119
2024-03-21 21:20:00,21,29,14,7,0,20,49,140
2024-03-21 21:30:00,13,30,15,11,0,10,19,98
2024-03-21 21:40:00,13,24,10,7,0,17,19,90
2024-03-21 21:50:00,8,35,9,6,0,16,35,109
2024-03-21 22:00:00,15,33,15,8,0,13,38,122
2024-03-21 22:10:00,12,22,14,8,0,16,23,95
2024-03-21 22:20:00,11,25,9,6,0,8,28,87
2024-03-21 22:30:00,9,27,15,5,0,8,29,93
2024-03-21 22:40:00,9,20,9,5,0,6,34,83
2024-03-21 22:50:00,13,23,14,5,0,8,17,80
2024-03-21 23:00:00,10,27,12,2,0,4,17,72
2024-03-21 23:10:00,4,17,10,2,0,2,14,49
2024-03-21 23:20:00,13,12,10,4,0,8,14,61
2024-03-21 23:30:00,12,14,9,2,0,2,15,54
2024-03-21 23:40:00,4,17,6,0,0,1,5,33
2024-03-21 23:50:00,16,16,5,4,0,5,12,58
2024-03-22 00:00:00,12,16,2,1,0,3,3,37
2024-03-22 00:10:00,9,10,1,3,0,1,3,27
2024-03-22 00:20:00,10,10,3,0,0,2,12,37
2024-03-22 00:30:00,9,11,0,0,0,1,6,27
2024-03-22 00:40:00,1,4,2,0,0,0,5,12
2024-03-22 00:50:00,4,7,2,0,0,2,8,23
2024-03-22 01:00:00,2,2,3,0,0,1,3,11
2024-03-22 01:10:00,2,8,1,0,0,3,6,20
2024-03-22 01:20:00,4,8,2,0,0,3,7,24
2024-03-22 01:30:00,1,4,0,0,0,0,3,8
2024-03-22 01:40:00,2,5,1,0,0,2,2,12
2024-03-22 01:50:00,3,4,2,1,0,2,2,14
2024-03-22 02:00:00,3,6,1,0,0,2,2,14
2024-03-22 02:10:00,2,6,0,0,0,0,0,8
2024-03-22 02:20:00,2,3,1,0,0,0,1,7
2024-03-22 02:30:00,5,5,0,0,0,2,4,16
2024-03-22 02:40:00,3,4,0,1,0,0,0,8
2024-03-22 02:50:00,4,7,0,0,0,0,2,13
2024-03-22 03:00:00,0,3,1,0,0,4,5,13
2024-03-22 03:10:00,2,3,1,0,0,0,0,6
2024-03-22 03:20:00,4,6,0,0,0,1,6,17
2024-03-22 03:30:00,0,2,0,1,0,0,0,3
2024-03-22 03:40:00,1,1,0,0,0,3,5,10
2024-03-22 03:50:00,2,6,0,1,0,0,3,12
2024-03-22 04:00:00,0,1,2,0,0,2,2,7
2024-03-22 04:10:00,5,5,4,0,0,3,8,25
2024-03-22 04:20:00,4,3,1,0,0,3,9,20
2024-03-22 04:30:00,0,0,2,2,0,0,11,15
2024-03-22 04:40:00,4,4,0,0,0,0,17,25
2024-03-22 04:50:00,3,7,3,1,0,2,16,32
2024-03-22 05:00:00,4,4,6,0,0,7,25,46
2024-03-22 05:10:00,6,14,5,2,0,7,31,65
2024-03-22 05:20:00,11,16,9,4,0,7,35,82
2024-03-22 05:30:00,4,8,9,0,0,19,56,96
2024-03-22 05:40:00,12,13,14,0,0,24,59,122
2024-03-22 05:50:00,7,23,14,4,0,31,56,135
2024-03-22 06:00:00,3,23,14,3,0,26,53,122
2024-03-22 06:10:00,9,27,14,9,0,20,50,129
2024-03-22 06:20:00,7,31,14,6,0,36,55,149
2024-03-22 06:30:00,9,29,33,12,0,42,56,181
2024-03-22 06:40:00,10,33,31,11,0,39,75,199
2024-03-22 06:50:00,8,26,36,13,0,47,53,183
2024-03-22 07:00:00,12,40,41,15,0,48,58,214
2024-03-22 07:10:00,10,37,35,14,0,52,71,219
2024-03-22 07:20:00,8,34,47,20,0,47,75,231
2024-03-22 07:30:00,11,35,32,26,0,58,75,237
2024-03-22 07:40:00,13,40,49,21,0,48,79,250
2024-03-22 07:50:00,16,44,42,26,0,72,85,285
2024-03-22 08:00:00,10,34,54,21,0,49,53,221
2024-03-22 08:10:00,12,39,41,22,0,59,88,261
2024-03-22 08:20:00,11,47,38,20,0,60,71,247
2024-03-22 08:30:00,6,34,56,23,0,50,66,235
2024-03-22 08:40:00,11,42,49,23,0,51,66,242
2024-03-22 08:50:00,10,30,48,23,0,47,56,214
2024-03-22 09:00:00,7,25,46,15,0,31,62,186
2024-03-22 09:10:00,10,31,45,19,0,34,85,224
2024-03-22 09:20:00,14,45,36,16,0,37,66,214
2024-03-22 09:30:00,6,52,34,18,0,27,73,210
2024-03-22 09:40:00,5,53,42,12,0,28,67,207
2024-03-22 09:50:00,9,58,50,24,0,27,68,236
2024-03-22 10:00:00,6,53,48,22,0,26,56,211
2024-03-22 10:10:00,4,57,34,17,0,24,75,211
2024-03-22 10:20:00,9,45,40,17,0,27,71,209
2024-03-22 10:30:00,11,61,43,20,0,24,76,235
2024-03-22 10:40:00,10,59,39,14,0,29,70,221
2024-03-22 10:50:00,11,56,52,27,0,31,70,247
2024-03-22 11:00:00,15,59,31,23,0,29,65,222
2024-03-22 11:10:00,12,53,39,22,0,25,68,219
2024-03-22 11:20:00,4,54,30,26,0,22,65,201
2024-03-22 11:30:00,11,58,38,21,0,24,68,220
2024-03-22 11:40:00,11,45,41,21,0,23,67,208
2024-03-22 11:50:00,8,70,26,23,0,23,78,228
2024-03-22 12:00:00,6,64,43,38,0,28,65,244
2024-03-22 12:10:00,12,42,37,22,0,30,68,211
2024-03-22 12:20:00,16,60,48,14,0,38,80,256
2024-03-22 12:30:00,17,55,31,25,0,31,63,222
2024-03-22 12:40:00,16,46,42,31,0,32,81,248
2024-03-22 12:50:00,16,59,51,26,0,24,76,252
2024-03-22 13:00:00,11,53,51,19,0,27,67,228
2024-03-22 13:10:00,10,44,41,22,0,24,68,209
2024-03-22 13:20:00,30,52,40,26,0,22,60,230
2024-03-22 13:30:00,28,40,46,36,0,20,65,235
2024-03-22 13:40:00,33,31,48,32,0,27,72,243
2024-03-22 13:50:00,31,34,39,28,0,12,52,196
2024-03-22 14:00:00,33,37,51,34,0,2,97,254
2024-03-22 14:10:00,32,29,40,33,0,2,76,212
2024-03-22 14:20:00,21,40,41,24,0,18,62,206
2024-03-22 14:30:00,16,50,34,31,0,51,61,243
2024-03-22 14:40:00,27,41,44,31,0,35,61,239
2024-03-22 14:50:00,21,49,45,21,0,31,67,234
2024-03-22 15:00:00,29,33,45,29,0,21,66,223
2024-03-22 15:10:00,31,31,41,28,0,16,90,237
2024-03-22 15:20:00,28,33,52,39,0,12,75,239
2024-03-22 15:30:00,31,33,43,19,0,8,74,208
2024-03-22 15:40:00,27,26,40,28,0,19,88,228
2024-03-22 15:50:00,28,29,43,46,0,12,82,240
2024-03-22 16:00:00,34,34,37,24,0,16,73,218
2024-03-22 16:10:00,31,29,37,23,0,19,66,205
2024-03-22 16:20:00,36,31,39,27,0,27,61,221
2024-03-22 16:30:00,27,40,36,24,0,19,68,214
2024-03-22 16:40:00,26,24,47,26,0,17,64,204
2024-03-22 16:50:00,34,24,40,26,0,26,71,221
2024-03-22 17:00:00,27,34,43,28,0,25,64,221
2024-03-22 17:10:00,35,34,49,18,0,30,64,230
2024-03-22 17:20:00,27,35,37,29,0,22,72,222
2024-03-22 17:30:00,32,35,41,33,0,37,72,250
2024-03-22 17:40:00,29,32,44,26,0,42,66,239
2024-03-22 17:50:00,22,32,43,29,0,25,67,218
2024-03-22 18:00:00,26,25,50,21,0,25,66,213
2024-03-22 18:10:00,28,26,38,20,0,29,57,198
2024-03-22 18:20:00,38,33,36,35,0,36,63,241
2024-03-22 18:30:00,16,23,20,18,0,12,31,120
2024-03-22 18:40:00,11,12,19,11,0,10,28,91
2024-03-22 18:50:00,17,18,15,10,0,13,37,110
2024-03-22 19:00:00,17,21,40,25,0,22,61,186
2024-03-22 19:10:00,31,28,26,13,0,31,76,205
2024-03-22 19:20:00,29,28,37,15,0,25,68,202
2024-03-22 19:30:00,21,20,27,22,0,28,74,192
2024-03-22 19:40:00,19,22,29,21,0,22,69,182
2024-03-22 19:50:00,18,28,22,18,0,41,77,204
2024-03-22 20:00:00,13,26,23,14,0,31,62,169
2024-03-22 20:10:00,21,30,30,11,0,12,42,146
2024-03-22 20:20:00,19,35,27,18,0,22,46,167
2024-03-22 20:30:00,16,31,23,15,0,10,66,161
2024-03-22 20:40:00,14,35,22,7,0,9,46,133
2024-03-22 20:50:00,15,42,23,17,0,26,43,166
2024-03-22 21:00:00,14,31,18,12,0,15,35,125
2024-03-22 21:10:00,11,29,22,8,0,11,37,118
2024-03-22 21:20:00,8,32,21,6,0,10,48,125
2024-03-22 21:30:00,15,29,19,12,0,16,24,115
2024-03-22 21:40:00,16,30,14,8,0,9,41,118
2024-03-22 21:50:00,13,31,17,20,0,14,22,117
2024-03-22 22:00:00,14,35,16,10,0,14,27,116
2024-03-22 22:10:00,12,29,30,9,0,17,38,135
2024-03-22 22:20:00,11,24,22,9,0,10,46,122
2024-03-22 22:30:00,10,27,10,6,0,15,31,99
2024-03-22 22:40:00,16,28,14,8,0,2,31,99
2024-03-22 22:50:00,6,30,17,11,0,19,34,117
2024-03-22 23:00:00,19,25,16,15,0,12,27,114
2024-03-22 23:10:00,13,23,14,6,0,7,16,79
2024-03-22 23:20:00,11,28,15,5,0,3,17,79
2024-03-22 23:30:00,10,22,6,9,0,20,31,98
2024-03-22 23:40:00,5,21,12,7,0,7,17,69
2024-03-22 23:50:00,10,18,8,5,0,7,12,60
2024-03-23 00:00:00,7,17,10,10,0,6,24,74
2024-03-23 00:10:00,11,16,8,5,0,10,15,65
2024-03-23 00:20:00,8,12,8,5,0,10,16,59
2024-03-23 00:30:00,8,13,3,2,0,6,21,53
2024-03-23 00:40:00,9,14,2,1,0,13,18,57
2024-03-23 00:50:00,11,18,4,3,0,2,14,52
2024-03-23 01:00:00,12,16,4,5,0,9,6,52
2024-03-23 01:10:00,9,14,7,3,0,3,10,46
2024-03-23 01:20:00,8,12,4,4,0,1,13,42
2024-03-23 01:30:00,3,7,3,3,0,4,11,31
2024-03-23 01:40:00,7,10,3,1,0,7,4,32
2024-03-23 01:50:00,4,9,3,2,0,6,8,32
2024-03-23 02:00:00,1,6,4,2,0,0,3,16
2024-03-23 02:10:00,2,6,5,0,0,2,7,22
2024-03-23 02:20:00,8,9,5,1,0,0,6,29
2024-03-23 02:30:00,9,9,4,0,0,0,1,23
2024-03-23 02:40:00,5,10,2,2,0,0,5,24
2024-03-23 02:50:00,4,4,3,0,0,4,6,21
2024-03-23 03:00:00,0,3,2,0,0,3,6,14
2024-03-23 03:10:00,2,8,1,0,0,6,8,25
2024-03-23 03:20:00,5,8,2,1,0,0,0,16
2024-03-23 03:30:00,3,3,1,1,0,0,1,9
2024-03-23 03:40:00,0,1,0,1,0,0,4,6
2024-03-23 03:50:00,5,7,1,1,0,2,4,20
2024-03-23 04:00:00,4,4,1,2,0,1,3,15
2024-03-23 04:10:00,4,10,5,3,0,0,7,29
2024-03-23 04:20:00,3,2,3,0,0,0,2,10
2024-03-23 04:30:00,2,1,3,0,0,0,11,17
2024-03-23 04:40:00,5,5,3,2,0,1,13,29
2024-03-23 04:50:00,1,4,2,1,0,3,12,23
2024-03-23 05:00:00,4,9,3,2,0,2,11,31
2024-03-23 05:10:00,4,4,4,1,0,3,11,27
2024-03-23 05:20:00,3,9,7,4,0,0,21,44
2024-03-23 05:30:00,6,6,4,0,0,8,20,44
2024-03-23 05:40:00,7,8,2,0,0,20,29,66
2024-03-23 05:50:00,9,9,7,2,0,16,20,63
2024-03-23 06:00:00,4,6,8,5,0,13,14,50
2024-03-23 06:10:00,4,7,5,1,0,8,15,40
2024-03-23 06:20:00,4,9,6,4,0,20,19,62
2024-03-23 06:30:00,9,10,9,2,0,15,15,60
2024-03-23 06:40:00,10,15,5,1,0,22,22,75
2024-03-23 06:50:00,15,24,7,6,0,12,11,75
2024-03-23 07:00:00,9,18,6,3,0,7,16,59
2024-03-23 07:10:00,0,15,7,3,0,6,19,50
2024-03-23 07:20:00,1,16,8,8,0,3,20,56
2024-03-23 07:30:00,0,19,9,3,0,5,29,65
2024-03-23 07:40:00,3,22,7,7,0,7,34,80
2024-03-23 07:50:00,3,23,17,10,0,5,27,85
2024-03-23 08:00:00,2,17,13,9,0,14,22,77
2024-03-23 08:10:00,0,19,12,6,0,8,17,62
2024-03-23 08:20:00,1,22,25,10,0,7,34,99
2024-03-23 08:30:00,2,21,18,9,0,7,22,79
2024-03-23 08:40:00,1,24,28,9,0,11,36,109
2024-03-23 08:50:00,2,20,25,12,0,16,37,112
2024-03-23 09:00:00,5,37,23,11,0,24,36,136
2024-03-23 09:10:00,1,28,17,13,0,14,52,125
2024-03-23 09:20:00,4,47,29,13,0,19,56,168
2024-03-23 09:30:00,14,39,34,19,0,18,53,177
2024-03-23 09:40:00,8,40,26,21,0,22,54,171
2024-03-23 09:50:00,4,38,20,17,0,18,66,163
2024-03-23 10:00:00,19,50,34,17,0,22,54,196
2024-03-23 10:10:00,6,39,31,20,0,8,67,171
2024-03-23 10:20:00,4,40,30,25,0,7,78,184
2024-03-23 10:30:00,5,46,37,21,0,10,73,192
2024-03-23 10:40:00,7,49,43,17,0,25,55,196
2024-03-23 10:50:00,6,37,39,11,0,24,67,184
2024-03-23 11:00:00,4,54,37,26,0,24,56,201
2024-03-23 11:10:00,6,55,31,20,0,24,55,191
2024-03-23 11:20:00,7,46,35,17,0,26,54,185
2024-03-23 11:30:00,7,54,47,21,0,24,54,207
2024-03-23 11:40:00,6,54,36,17,0,31,65,209
2024-03-23 11:50:00,11,61,33,29,0,22,83,239
2024-03-23 12:00:00,4,43,32,27,0,27,65,198
2024-03-23 12:10:00,11,59,37,29,0,30,69,235
2024-03-23 12:20:00,4,46,33,27,0,16,59,185
2024-03-23 12:30:00,4,51,41,23,0,26,54,199
2024-03-23 12:40:00,1,45,40,22,0,31,56,195
2024-03-23 12:50:00,3,59,37,35,0,23,48,205
2024-03-23 13:00:00,7,58,37,19,0,25,49,195
2024-03-23 13:10:00,3,69,31,18,0,28,57,206
2024-03-23 13:20:00,6,48,50,26,0,27,65,222
2024-03-23 13:30:00,3,65,31,20,0,24,61,204
2024-03-23 13:40:00,10,50,38,21,0,26,69,214
2024-03-23 13:50:00,4,59,33,16,0,29,59,200
2024-03-23 14:00:00,9,53,35,28,0,19,67,211
2024-03-23 14:10:00,10,55,37,25,0,28,61,216
2024-03-23 14:20:00,13,45,36,30,0,30,61,215
2024-03-23 14:30:00,8,48,37,27,0,23,58,201
2024-03-23 14:40:00,5,43,49,25,0,26,64,212
2024-03-23 14:50:00,5,55,35,27,0,16,54,192
2024-03-23 15:00:00,5,64,30,31,0,19,58,207
2024-03-23 15:10:00,7,49,42,22,0,22,60,202
2024-03-23 15:20:00,13,57,35,28,0,19,57,209
2024-03-23 15:30:00,26,50,33,21,0,20,39,189
2024-03-23 15:40:00,24,39,35,24,0,16,79,217
2024-03-23 15:50:00,20,36,42,26,0,20,54,198
2024-03-23 16:00:00,21,37,42,23,0,24,47,194
2024-03-23 16:10:00,17,38,28,25,0,20,42,170
2024-03-23 16:20:00,18,51,34,22,0,44,57,226
2024-03-23 16:30:00,19,38,37,24,0,29,59,206
2024-03-23 16:40:00,18,37,28,29,0,23,53,188
2024-03-23 16:50:00,30,36,30,17,0,20,54,187
2024-03-23 17:00:00,26,57,36,20,0,26,45,210
2024-03-23 17:10:00,24,40,40,30,0,21,68,223
2024-03-23 17:20:00,22,39,47,28,0,18,44,198
2024-03-23 17:30:00,22,40,36,24,0,18,50,190
2024-03-23 17:40:00,29,40,28,26,0,36,62,221
2024-03-23 17:50:00,28,26,41,22,0,21,51,189
2024-03-23 18:00:00,23,44,41,24,0,15,29,176
2024-03-23 18:10:00,18,42,42,26,0,20,48,196
2024-03-23 18:20:00,27,39,44,23,0,18,47,198
2024-03-23 18:30:00,12,41,29,25,0,23,48,178
2024-03-23 18:40:00,20,40,27,17,0,23,52,179
2024-03-23 18:50:00,18,32,34,32,0,31,42,189
2024-03-23 19:00:00,22,26,39,22,0,22,49,180
2024-03-23 19:10:00,16,31,26,17,0,36,68,194
2024-03-23 19:20:00,19,31,27,14,0,26,53,170
2024-03-23 19:30:00,15,31,31,26,0,37,66,206
2024-03-23 19:40:00,23,25,21,16,0,32,67,184
2024-03-23 19:50:00,16,32,24,14,0,18,76,180
2024-03-23 20:00:00,15,26,23,17,0,34,90,205
2024-03-23 20:10:00,21,27,22,12,0,21,51,154
2024-03-23 20:20:00,17,32,25,13,0,21,64,172
2024-03-23 20:30:00,22,30,22,19,0,13,70,176
2024-03-23 20:40:00,15,25,15,12,0,23,36,126
2024-03-23 20:50:00,16,26,26,9,0,15,41,133
2024-03-23 21:00:00,15,17,18,11,0,11,36,108
2024-03-23 21:10:00,26,27,19,5,0,16,31,124
2024-03-23 21:20:00,25,26,18,8,0,11,28,116
2024-03-23 21:30:00,18,22,17,14,0,3,37,111
2024-03-23 21:40:00,16,24,16,9,0,21,39,125
2024-03-23 21:50:00,18,25,20,8,0,9,41,121
2024-03-23 22:00:00,12,30,13,12,0,6,25,98
2024-03-23 22:10:00,4,22,22,15,0,11,29,103
2024-03-23 22:20:00,4,27,16,10,0,13,24,94
2024-03-23 22:30:00,8,23,19,12,0,16,22,100
2024-03-23 22:40:00,23,40,22,12,0,12,25,134
2024-03-23 22:50:00,14,31,11,12,0,9,29,106
2024-03-23 23:00:00,14,27,17,11,0,6,30,105
2024-03-23 23:10:00,14,29,11,9,0,13,10,86
2024-03-23 23:20:00,12,35,20,11,0,8,24,110
2024-03-23 23:30:00,25,27,21,20,0,10,19,122
2024-03-23 23:40:00,18,24,19,9,0,14,32,116
2024-03-23 23:50:00,16,22,16,4,0,4,10,72
2024-03-24 00:00:00,12,22,5,9,0,3,12,63
2024-03-24 00:10:00,14,16,13,8,0,10,18,79
2024-03-24 00:20:00,14,18,17,9,0,7,22,87
2024-03-24 00:30:00,19,17,8,3,0,3,14,64
2024-03-24 00:40:00,16,19,9,4,0,10,13,71
2024-03-24 00:50:00,12,14,10,3,0,9,12,60
2024-03-24 01:00:00,11,16,8,4,0,4,15,58
2024-03-24 01:10:00,11,12,8,6,0,4,7,48
2024-03-24 01:20:00,13,10,11,5,0,6,16,61
2024-03-24 01:30:00,5,5,5,3,0,5,8,31
2024-03-24 01:40:00,6,5,7,4,0,5,8,35
2024-03-24 01:50:00,9,8,5,5,0,8,10,45
2024-03-24 02:00:00,4,5,6,1,0,3,3,22
2024-03-24 02:10:00,6,6,3,4,0,5,8,32
2024-03-24 02:20:00,8,8,4,0,0,8,13,41
2024-03-24 02:30:00,13,9,1,1,0,0,8,32
2024-03-24 02:40:00,8,13,3,1,0,4,3,32
2024-03-24 02:50:00,6,6,6,1,0,3,11,33
2024-03-24 03:00:00,2,2,3,1,0,0,0,8
2024-03-24 03:10:00,6,9,0,0,0,2,9,26
2024-03-24 03:20:00,7,8,3,4,0,2,10,34
2024-03-24 03:30:00,7,9,2,1,0,2,6,27
2024-03-24 03:40:00,1,5,1,0,0,0,1,8
2024-03-24 03:50:00,2,4,3,1,0,2,7,19
2024-03-24 04:00:00,4,6,3,0,0,2,1,16
2024-03-24 04:10:00,1,3,0,3,0,0,2,9
2024-03-24 04:20:00,4,4,3,0,0,0,5,16
2024-03-24 04:30:00,2,3,3,0,0,6,7,21
2024-03-24 04:40:00,6,6,4,1,0,0,7,24
2024-03-24 04:50:00,2,3,3,2,0,2,15,27
2024-03-24 05:00:00,3,6,4,0,0,0,6,19
2024-03-24 05:10:00,1,4,4,0,0,2,13,24
2024-03-24 05:20:00,6,11,1,2,0,4,7,31
2024-03-24 05:30:00,2,4,5,1,0,2,15,29
2024-03-24 05:40:00,6,8,7,8,0,2,16,47
2024-03-24 05:50:00,5,9,4,0,0,3,11,32
2024-03-24 06:00:00,1,7,1,4,0,2,10,25
2024-03-24 06:10:00,1,7,3,2,0,3,10,26
2024-03-24 06:20:00,0,11,2,0,0,0,11,24
2024-03-24 06:30:00,2,10,2,0,0,1,3,18
2024-03-24 06:40:00,3,9,5,1,0,2,10,30
2024-03-24 06:50:00,2,9,4,0,0,4,7,26
2024-03-24 07:00:00,0,8,6,1,0,2,4,21
2024-03-24 07:10:00,1,5,1,1,0,1,6,15
2024-03-24 07:20:00,0,3,5,3,0,3,8,22
2024-03-24 07:30:00,1,6,5,2,0,0,7,21
2024-03-24 07:40:00,0,13,3,4,0,1,6,27
2024-03-24 07:50:00,0,3,7,0,0,3,10,23
2024-03-24 08:00:00,0,9,2,3,0,6,9,29
2024-03-24 08:10:00,0,15,8,4,0,6,10,43
2024-03-24 08:20:00,0,16,6,5,0,1,6,34
2024-03-24 08:30:00,0,12,5,4,0,4,13,38
2024-03-24 08:40:00,0,7,7,6,0,3,10,33
2024-03-24 08:50:00,0,14,9,8,0,4,12,47
2024-03-24 09:00:00,3,10,14,7,0,5,16,55
2024-03-24 09:10:00,3,20,14,11,0,6,13,67
2024-03-24 09:20:00,5,13,15,6,0,6,24,69
2024-03-24 09:30:00,8,15,13,6,0,10,26,78
2024-03-24 09:40:00,7,21,20,10,0,11,34,103
2024-03-24 09:50:00,8,19,21,12,0,8,32,100
2024-03-24 10:00:00,7,19,19,15,0,9,35,104
2024-03-24 10:10:00,7,23,15,13,0,13,39,110
2024-03-24 10:20:00,8,22,24,10,0,15,34,113
2024-03-24 10:30:00,11,21,20,13,0,3,34,102
2024-03-24 10:40:00,12,28,21,16,0,8,42,127
2024-03-24 10:50:00,5,32,19,10,0,13,37,116
2024-03-24 11:00:00,10,28,20,14,0,11,33,116
2024-03-24 11:10:00,12,22,23,13,0,6,37,113
2024-03-24 11:20:00,10,28,24,15,0,16,31,124
2024-03-24 11:30:00,6,32,22,14,0,15,34,123
2024-03-24 11:40:00,11,38,19,12,0,7,43,130
2024-03-24 11:50:00,17,38,26,17,0,8,30,136
2024-03-24 12:00:00,12,25,22,12,0,12,56,139
2024-03-24 12:10:00,11,38,12,13,0,17,51,142
2024-03-24 12:20:00,13,35,28,10,0,14,40,140
2024-03-24 12:30:00,11,34,31,18,0,14,40,148
2024-03-24 12:40:00,13,30,19,16,0,10,34,122
2024-03-24 12:50:00,7,34,26,23,0,18,46,154
2024-03-24 13:00:00,11,35,26,16,0,8,32,128
2024-03-24 13:10:00,10,34,26,20,0,7,35,132
2024-03-24 13:20:00,13,34,20,16,0,28,37,148
2024-03-24 13:30:00,13,41,30,16,0,10,33,143
2024-03-24 13:40:00,11,36,31,19,0,18,43,158
2024-03-24 13:50:00,15,26,24,14,0,15,61,155
2024-03-24 14:00:00,19,34,37,12,0,17,42,161
2024-03-24 14:10:00,24,30,23,11,0,20,42,150
2024-03-24 14:20:00,25,25,45,22,0,17,36,170
2024-03-24 14:30:00,16,31,29,20,0,29,63,188
2024-03-24 14:40:00,21,35,36,18,0,14,39,163
2024-03-24 14:50:00,16,30,26,11,0,18,51,152
2024-03-24 15:00:00,14,29,28,22,0,15,37,145
2024-03-24 15:10:00,20,23,28,15,0,16,36,138
2024-03-24 15:20:00,18,23,25,14,0,9,43,132
2024-03-24 15:30:00,18,23,26,10,0,13,40,130
2024-03-24 15:40:00,15,19,31,18,0,19,33,135
2024-03-24 15:50:00,17,27,24,18,0,14,48,148
2024-03-24 16:00:00,15,24,28,15,0,13,43,138
2024-03-24 16:10:00,21,33,33,17,0,18,37,159
2024-03-24 16:20:00,19,37,25,22,0,18,45,166
2024-03-24 16:30:00,13,31,19,16,0,9,46,134
2024-03-24 16:40:00,19,21,30,18,0,12,37,137
2024-03-24 16:50:00,17,31,37,23,0,12,47,167
2024-03-24 17:00:00,20,24,30,13,0,20,46,153
2024-03-24 17:10:00,20,28,36,17,0,23,46,170
2024-03-24 17:20:00,15,34,19,16,0,20,49,153
2024-03-24 17:30:00,24,32,36,29,0,13,49,183
2024-03-24 17:40:00,25,34,30,23,0,20,50,182
2024-03-24 17:50:00,20,36,30,21,0,15,42,164
2024-03-24 18:00:00,17,30,26,23,0,15,44,155
2024-03-24 18:10:00,22,35,36,18,0,6,49,166
2024-03-24 18:20:00,19,34,26,24,0,18,47,168
2024-03-24 18:30:00,23,25,32,23,0,17,47,167
2024-03-24 18:40:00,20,30,27,22,0,29,41,169
2024-03-24 18:50:00,22,28,33,16,0,20,34,153
2024-03-24 19:00:00,11,19,25,8,0,14,38,115
2024-03-24 19:10:00,12,27,26,10,0,13,42,130
2024-03-24 19:20:00,5,33,21,15,0,23,31,128
2024-03-24 19:30:00,9,22,26,10,0,10,38,115
2024-03-24 19:40:00,12,27,13,13,0,17,39,121
2024-03-24 19:50:00,14,34,19,14,0,8,40,129
2024-03-24 20:00:00,11,35,12,14,0,18,50,140
2024-03-24 20:10:00,14,34,38,13,0,22,51,172
2024-03-24 20:20:00,16,33,23,13,0,13,54,152
2024-03-24 20:30:00,12,24,29,17,0,20,43,145
2024-03-24 20:40:00,13,31,21,14,0,20,48,147
2024-03-24 20:50:00,11,33,22,8,0,10,37,121
2024-03-24 21:00:00,11,26,18,9,0,19,43,126
2024-03-24 21:10:00,12,26,18,12,0,7,27,102
2024-03-24 21:20:00,10,28,22,12,0,25,34,131
2024-03-24 21:30:00,14,22,11,5,0,16,23,91
2024-03-24 21:40:00,16,32,16,12,0,16,24,116
2024-03-24 21:50:00,10,24,11,8,0,20,25,98
2024-03-24 22:00:00,9,24,15,6,0,8,16,78
2024-03-24 22:10:00,7,17,9,1,0,12,25,71
2024-03-24 22:20:00,11,17,8,4,0,3,22,65
2024-03-24 22:30:00,8,18,12,6,0,5,19,68
2024-03-24 22:40:00,4,10,10,3,0,6,16,49
2024-03-24 22:50:00,7,15,12,3,0,1,12,50
2024-03-24 23:00:00,1,14,1,3,0,8,25,52
2024-03-24 23:10:00,10,12,7,3,0,3,7,42
2024-03-24 23:20:00,7,12,4,2,0,2,10,37
2024-03-24 23:30:00,2,9,5,2,0,7,10,35
2024-03-24 23:40:00,2,3,4,1,0,2,8,20
2024-03-24 23:50:00,7,12,3,2,0,5,4,33
2024-03-25 00:00:00,2,7,2,1,0,2,3,17
2024-03-25 00:10:00,1,7,2,2,0,4,8,24
2024-03-25 00:20:00,6,6,3,1,0,8,11,35
2024-03-25 00:30:00,3,5,2,0,0,4,7,21
2024-03-25 00:40:00,2,6,4,0,0,0,7,19
2024-03-25 00:50:00,2,3,0,1,0,0,1,7
2024-03-25 01:00:00,2,1,4,0,0,3,3,13
2024-03-25 01:10:00,0,1,2,0,0,2,3,8
2024-03-25 01:20:00,0,1,3,3,0,0,5,12
2024-03-25 01:30:00,1,2,4,1,0,0,0,8
2024-03-25 01:40:00,2,3,3,1,0,1,0,10
2024-03-25 01:50:00,2,3,0,1,0,2,1,9
2024-03-25 02:00:00,2,1,2,2,0,2,0,9
2024-03-25 02:10:00,1,2,1,1,0,0,3,8
2024-03-25 02:20:00,1,4,0,0,0,0,5,10
2024-03-25 02:30:00,0,2,2,2,0,0,0,6
2024-03-25 02:40:00,1,1,0,0,0,0,2,4
2024-03-25 02:50:00,1,4,0,0,0,0,0,5
2024-03-25 03:00:00,1,3,1,1,0,2,4,12
2024-03-25 03:10:00,1,2,0,0,0,2,2,7
2024-03-25 03:20:00,1,3,3,0,0,0,0,7
2024-03-25 03:30:00,0,1,1,0,0,0,0,2
2024-03-25 03:40:00,0,1,0,0,0,0,5,6
2024-03-25 03:50:00,0,1,0,0,0,2,4,7
2024-03-25 04:00:00,1,2,2,0,0,0,7,12
2024-03-25 04:10:00,2,7,1,0,0,0,5,15
2024-03-25 04:20:00,5,4,6,1,0,2,13,31
2024-03-25 04:30:00,1,5,3,1,0,4,12,26
2024-03-25 04:40:00,1,5,2,1,0,2,16,27
2024-03-25 04:50:00,2,4,7,1,0,4,15,33
2024-03-25 05:00:00,2,0,8,1,0,6,19,36
2024-03-25 05:10:00,7,6,4,1,0,12,21,51
2024-03-25 05:20:00,7,13,7,5,0,7,29,68
2024-03-25 05:30:00,8,9,18,10,0,22,56,123
2024-03-25 05:40:00,10,14,24,4,0,17,57,126
2024-03-25 05:50:00,5,7,18,10,0,28,50,118
2024-03-25 06:00:00,6,22,19,7,0,29,53,136
2024-03-25 06:10:00,9,27,26,18,0,22,44,146
2024-03-25 06:20:00,14,20,33,17,0,32,53,169
2024-03-25 06:30:00,11,16,35,15,0,33,53,163
2024-03-25 06:40:00,16,26,52,20,0,53,63,230
2024-03-25 06:50:00,13,28,51,23,0,47,65,227
2024-03-25 07:00:00,24,24,51,19,0,44,74,236
2024-03-25 07:10:00,12,21,57,31,0,38,76,235
2024-03-25 07:20:00,18,28,55,19,0,63,82,265
2024-03-25 07:30:00,17,35,39,23,0,68,83,265
2024-03-25 07:40:00,18,42,46,40,0,62,65,273
2024-03-25 07:50:00,15,35,57,24,0,67,79,277
2024-03-25 08:00:00,31,44,55,38,0,37,67,272
2024-03-25 08:10:00,23,37,65,27,0,47,59,258
2024-03-25 08:20:00,20,37,60,18,0,42,75,252
2024-03-25 08:30:00,39,47,51,35,0,56,73,301
2024-03-25 08:40:00,29,36,46,27,0,61,89,288
2024-03-25 08:50:00,24,48,53,40,0,43,53,261
2024-03-25 09:00:00,21,43,49,32,0,39,60,244
2024-03-25 09:10:00,22,39,49,26,0,41,50,227
2024-03-25 09:20:00,18,34,46,31,0,47,81,257
2024-03-25 09:30:00,29,50,36,25,0,33,77,250
2024-03-25 09:40:00,25,41,53,23,0,29,63,234
2024-03-25 09:50:00,21,43,53,25,0,32,79,253
2024-03-25 10:00:00,25,49,38,19,0,24,76,231
2024-03-25 10:10:00,19,44,37,30,0,22,62,214
2024-03-25 10:20:00,7,50,42,23,0,26,62,210
2024-03-25 10:30:00,15,48,40,22,0,33,68,226
2024-03-25 10:40:00,21,67,31,23,0,32,62,236
2024-03-25 10:50:00,13,62,38,20,0,22,57,212
2024-03-25 11:00:00,14,41,20,13,0,19,53,160
2024-03-25 11:10:00,12,67,37,17,0,22,67,222
2024-03-25 11:20:00,7,55,43,30,0,68,72,275
2024-03-25 11:30:00,6,49,47,30,0,23,54,209
2024-03-25 11:40:00,6,59,37,23,0,21,71,217
2024-03-25 11:50:00,5,50,33,22,0,33,70,213
2024-03-25 12:00:00,9,69,33,30,0,18,57,216
2024-03-25 12:10:00,15,52,37,18,0,18,59,199
2024-03-25 12:20:00,10,65,28,19,0,22,46,190
2024-03-25 12:30:00,10,39,38,18,0,24,57,186
2024-03-25 12:40:00,6,65,37,17,0,25,66,216
2024-03-25 12:50:00,4,50,40,20,0,26,59,199
2024-03-25 13:00:00,6,64,38,30,0,31,69,238
2024-03-25 13:10:00,13,49,46,29,0,18,43,198
2024-03-25 13:20:00,8,64,32,35,0,24,68,231
2024-03-25 13:30:00,13,63,37,30,0,21,54,218
2024-03-25 13:40:00,10,69,38,21,0,33,57,228
2024-03-25 13:50:00,8,63,37,19,0,24,51,202
2024-03-25 14:00:00,12,68,38,23,0,27,61,229
2024-03-25 14:10:00,31,52,36,31,0,22,64,236
2024-03-25 14:20:00,27,54,45,25,0,23,42,216
2024-03-25 14:30:00,39,54,46,27,0,18,75,259
2024-03-25 14:40:00,37,57,44,35,0,25,67,265
2024-03-25 14:50:00,46,42,33,28,0,18,58,225
2024-03-25 15:00:00,27,33,39,27,0,23,59,208
2024-03-25 15:10:00,37,36,37,25,0,32,69,236
2024-03-25 15:20:00,28,29,29,24,0,23,48,181
2024-03-25 15:30:00,37,39,37,34,0,28,66,241
2024-03-25 15:40:00,36,41,45,26,0,23,61,232
2024-03-25 15:50:00,32,34,38,32,0,28,80,244
2024-03-25 16:00:00,30,43,46,35,0,21,60,235
2024-03-25 16:10:00,34,41,54,41,0,28,74,272
2024-03-25 16:20:00,40,41,48,39,0,21,89,278
2024-03-25 16:30:00,35,30,42,29,0,33,81,250
2024-03-25 16:40:00,47,34,45,34,0,24,75,259
2024-03-25 16:50:00,30,30,31,38,0,19,67,215
2024-03-25 17:00:00,38,33,38,34,0,20,52,215
2024-03-25 17:10:00,30,39,36,25,0,17,72,219
2024-03-25 17:20:00,26,34,40,43,0,7,84,234
2024-03-25 17:30:00,33,41,37,30,0,0,75,216
2024-03-25 17:40:00,28,27,35,26,0,1,72,189
2024-03-25 17:50:00,30,31,35,27,0,28,55,206
2024-03-25 18:00:00,28,38,42,33,0,13,65,219
2024-03-25 18:10:00,35,32,40,25,0,25,47,204
2024-03-25 18:20:00,39,40,36,28,0,34,68,245
2024-03-25 18:30:00,35,30,44,28,0,26,44,207
2024-03-25 18:40:00,46,37,27,17,0,23,52,202
2024-03-25 18:50:00,36,25,28,24,0,15,51,179
2024-03-25 19:00:00,33,25,44,26,0,36,64,228
2024-03-25 19:10:00,26,46,38,16,0,20,51,197
2024-03-25 19:20:00,25,27,26,19,0,23,60,180
2024-03-25 19:30:00,14,30,22,15,0,13,47,141
2024-03-25 19:40:00,9,29,24,12,0,11,53,138
2024-03-25 19:50:00,11,41,23,17,0,9,45,146
2024-03-25 20:00:00,12,29,23,12,0,40,75,191
2024-03-25 20:10:00,10,41,29,13,0,12,37,142
2024-03-25 20:20:00,12,35,16,11,0,13,51,138
2024-03-25 20:30:00,12,30,21,10,0,17,41,131
2024-03-25 20:40:00,16,36,24,13,0,8,32,129
2024-03-25 20:50:00,9,32,18,10,0,15,42,126
2024-03-25 21:00:00,8,22,13,12,0,6,23,84
2024-03-25 21:10:00,15,25,16,11,0,13,38,118
2024-03-25 21:20:00,12,25,13,4,0,7,16,77
2024-03-25 21:30:00,9,30,18,7,0,11,22,97
2024-03-25 21:40:00,9,27,15,8,0,8,26,93
2024-03-25 21:50:00,18,37,13,11,0,9,29,117
2024-03-25 22:00:00,7,26,15,9,0,5,40,102
2024-03-25 22:10:00,10,23,22,9,0,0,8,72
2024-03-25 22:20:00,3,22,15,12,0,2,23,77
2024-03-25 22:30:00,11,19,8,3,0,8,12,61
2024-03-25 22:40:00,23,22,17,6,0,6,18,92
2024-03-25 22:50:00,14,24,9,8,0,10,23,88
2024-03-25 23:00:00,15,26,9,7,0,9,23,89
2024-03-25 23:10:00,19,25,12,6,0,1,11,74
2024-03-25 23:20:00,6,15,8,2,0,2,13,46
2024-03-25 23:30:00,4,10,7,7,0,3,24,55
2024-03-25 23:40:00,3,9,4,2,0,4,5,27
2024-03-25 23:50:00,8,10,6,3,0,6,12,45
2024-03-26 00:00:00,4,9,6,1,0,1,8,29
2024-03-26 00:10:00,6,8,9,1,0,0,11,35
2024-03-26 00:20:00,3,6,2,0,0,4,5,20
2024-03-26 00:30:00,1,9,1,1,0,1,4,17
2024-03-26 00:40:00,5,8,0,2,0,3,4,22
2024-03-26 00:50:00,3,6,2,2,0,0,4,17
2024-03-26 01:00:00,4,8,0,0,0,0,4,16
2024-03-26 01:10:00,4,6,1,0,0,1,10,22
2024-03-26 01:20:00,3,7,0,1,0,1,3,15
2024-03-26 01:30:00,2,3,2,1,0,0,3,11
2024-03-26 01:40:00,0,0,3,0,0,1,2,6
2024-03-26 01:50:00,2,4,0,0,0,0,1,7
2024-03-26 02:00:00,2,3,1,3,0,3,2,14
2024-03-26 02:10:00,3,6,0,0,0,0,0,9
2024-03-26 02:20:00,0,3,0,1,0,2,1,7
2024-03-26 02:30:00,1,2,0,0,0,0,0,3
2024-03-26 02:40:00,3,5,0,1,0,0,2,11
2024-03-26 02:50:00,0,3,1,2,0,0,6,12
2024-03-26 03:00:00,3,4,1,0,0,2,0,10
2024-03-26 03:10:00,2,3,2,1,0,1,3,12
2024-03-26 03:20:00,1,4,1,1,0,0,0,7
2024-03-26 03:30:00,0,0,2,1,0,0,0,3
2024-03-26 03:40:00,0,0,1,0,0,1,4,6
2024-03-26 03:50:00,1,1,1,0,0,0,2,5
2024-03-26 04:00:00,1,3,2,0,0,0,3,9
2024-03-26 04:10:00,0,2,1,0,0,0,4,7
2024-03-26 04:20:00,0,1,0,2,0,0,9,12
2024-03-26 04:30:00,2,2,3,1,0,0,7,15
2024-03-26 04:40:00,5,5,3,0,0,1,25,39
2024-03-26 04:50:00,1,4,6,0,0,5,13,29
2024-03-26 05:00:00,7,8,6,1,0,4,22,48
2024-03-26 05:10:00,12,11,4,0,0,15,32,74
2024-03-26 05:20:00,5,10,9,5,0,7,32,68
2024-03-26 05:30:00,5,15,17,6,0,22,56,121
2024-03-26 05:40:00,6,14,23,9,0,25,53,130
2024-03-26 05:50:00,4,19,16,4,0,22,55,120
2024-03-26 06:00:00,3,19,21,10,0,38,49,140
2024-03-26 06:10:00,6,30,23,11,0,33,47,150
2024-03-26 06:20:00,5,32,35,17,0,35,46,170
2024-03-26 06:30:00,1,29,41,20,0,41,40,172
2024-03-26 06:40:00,3,28,56,19,0,52,78,236
2024-03-26 06:50:00,1,32,46,30,0,43,66,218
2024-03-26 07:00:00,4,33,65,30,0,41,57,230
2024-03-26 07:10:00,4,32,56,25,0,47,76,240
2024-03-26 07:20:00,4,30,50,29,0,71,58,242
2024-03-26 07:30:00,2,47,47,33,0,62,76,267
2024-03-26 07:40:00,4,46,60,27,0,58,60,255
2024-03-26 07:50:00,5,36,62,31,0,62,82,278
2024-03-26 08:00:00,14,36,61,34,0,42,60,247
2024-03-26 08:10:00,3,33,52,43,0,65,75,271
2024-03-26 08:20:00,8,42,68,34,0,54,73,279
2024-03-26 08:30:00,6,37,65,46,0,42,65,261
2024-03-26 08:40:00,5,41,65,45,0,58,84,298
2024-03-26 08:50:00,5,37,53,27,0,45,69,236
2024-03-26 09:00:00,4,47,47,30,0,35,81,244
2024-03-26 09:10:00,1,38,47,33,0,41,67,227
2024-03-26 09:20:00,5,35,54,28,0,36,68,226
2024-03-26 09:30:00,7,60,39,24,0,25,74,229
2024-03-26 09:40:00,8,48,41,30,0,31,73,231
2024-03-26 09:50:00,3,51,44,33,0,24,65,220
2024-03-26 10:00:00,7,49,40,37,0,28,73,234
2024-03-26 10:10:00,7,56,37,17,0,24,70,211
2024-03-26 10:20:00,4,47,33,28,0,26,64,202
2024-03-26 10:30:00,2,49,41,13,0,31,65,201
2024-03-26 10:40:00,10,48,52,21,0,34,67,232
2024-03-26 10:50:00,1,51,41,19,0,25,53,190
2024-03-26 11:00:00,6,58,35,16,0,24,55,194
2024-03-26 11:10:00,6,53,42,21,0,25,55,202
2024-03-26 11:20:00,3,60,36,22,0,25,70,216
2024-03-26 11:30:00,3,53,46,31,0,24,54,211
2024-03-26 11:40:00,6,54,37,25,0,31,71,224
2024-03-26 11:50:00,7,47,42,29,0,18,53,196
2024-03-26 12:00:00,5,59,40,22,0,21,58,205
2024-03-26 12:10:00,2,50,42,18,0,23,50,185
2024-03-26 12:20:00,4,85,31,20,0,19,55,214
2024-03-26 12:30:00,3,50,49,22,0,23,64,211
2024-03-26 12:40:00,7,69,33,27,0,11,71,218
2024-03-26 12:50:00,3,53,45,21,0,24,56,202
2024-03-26 13:00:00,4,60,44,22,0,29,68,227
2024-03-26 13:10:00,5,69,42,26,0,23,55,220
2024-03-26 13:20:00,4,62,39,33,0,20,55,213
2024-03-26 13:30:00,7,69,29,19,0,19,60,203
2024-03-26 13:40:00,4,77,31,27,0,31,55,225
2024-03-26 13:50:00,4,55,47,29,0,20,45,200
2024-03-26 14:00:00,7,65,42,27,0,20,60,221
2024-03-26 14:10:00,10,61,50,29,0,13,68,231
2024-03-26 14:20:00,4,67,33,24,0,15,56,199
2024-03-26 14:30:00,10,59,41,24,0,32,52,218
2024-03-26 14:40:00,23,50,43,25,0,22,58,221
2024-03-26 14:50:00,49,51,36,31,0,32,72,271
2024-03-26 15:00:00,34,29,52,31,0,17,60,223
2024-03-26 15:10:00,24,33,55,23,0,20,61,216
2024-03-26 15:20:00,29,32,47,34,0,23,52,217
2024-03-26 15:30:00,32,40,40,37,0,20,54,223
2024-03-26 15:40:00,28,36,54,36,0,21,79,254
2024-03-26 15:50:00,30,30,43,26,0,22,60,211
2024-03-26 16:00:00,33,39,46,44,0,29,49,240
2024-03-26 16:10:00,39,31,45,28,0,31,60,234
2024-03-26 16:20:00,28,30,56,35,0,25,82,256
2024-03-26 16:30:00,29,29,40,30,0,27,63,218
2024-03-26 16:40:00,32,39,53,31,0,26,53,234
2024-03-26 16:50:00,25,33,40,32,0,22,65,217
2024-03-26 17:00:00,20,41,44,32,0,26,54,217
2024-03-26 17:10:00,32,27,33,36,0,23,68,219
2024-03-26 17:20:00,35,34,50,48,0,19,70,256
2024-03-26 17:30:00,26,37,41,33,0,31,71,239
2024-03-26 17:40:00,26,28,39,40,0,20,70,223
2024-03-26 17:50:00,31,34,43,33,0,28,56,225
2024-03-26 18:00:00,24,32,46,32,0,13,56,203
2024-03-26 18:10:00,27,33,44,27,0,22,71,224
2024-03-26 18:20:00,36,27,44,44,0,23,46,220
2024-03-26 18:30:00,33,41,46,44,0,22,57,243
2024-03-26 18:40:00,35,32,31,21,0,19,51,189
2024-03-26 18:50:00,37,28,29,17,0,23,43,177
2024-03-26 19:00:00,32,25,28,21,0,24,49,179
2024-03-26 19:10:00,26,31,25,12,0,11,41,146
2024-03-26 19:20:00,19,22,29,15,0,16,51,152
2024-03-26 19:30:00,17,23,20,10,0,14,43,127
2024-03-26 19:40:00,20,29,16,14,0,17,51,147
2024-03-26 19:50:00,20,25,19,14,0,16,55,149
2024-03-26 20:00:00,16,18,27,11,0,38,84,194
2024-03-26 20:10:00,20,39,19,11,0,14,46,149
2024-03-26 20:20:00,10,33,21,11,0,15,47,137
2024-03-26 20:30:00,5,37,15,11,0,16,57,141
2024-03-26 20:40:00,6,29,19,9,0,21,39,123
2024-03-26 20:50:00,16,26,16,13,0,14,28,113
2024-03-26 21:00:00,11,32,13,8,0,14,29,107
2024-03-26 21:10:00,14,33,15,8,0,9,37,116
2024-03-26 21:20:00,12,24,17,7,0,25,32,117
2024-03-26 21:30:00,5,21,19,8,0,4,33,90
2024-03-26 21:40:00,14,32,11,7,0,7,19,90
2024-03-26 21:50:00,10,29,15,5,0,18,38,115
2024-03-26 22:00:00,11,26,14,11,0,7,31,100
2024-03-26 22:10:00,9,27,11,10,0,8,16,81
2024-03-26 22:20:00,8,24,22,7,0,14,33,108
2024-03-26 22:30:00,9,25,17,6,0,5,13,75
2024-03-26 22:40:00,10,22,8,3,0,6,12,61
2024-03-26 22:50:00,21,23,10,10,0,5,19,88
2024-03-26 23:00:00,11,30,7,3,0,6,22,79
2024-03-26 23:10:00,5,22,13,6,0,3,9,58
2024-03-26 23:20:00,6,15,6,3,0,2,17,49
2024-03-26 23:30:00,11,17,9,6,0,3,13,59
2024-03-26 23:40:00,9,15,7,2,0,6,8,47
2024-03-26 23:50:00,3,14,2,1,0,2,7,29
2024-03-27 00:00:00,6,15,5,3,0,13,12,54
2024-03-27 00:10:00,2,7,4,3,0,2,7,25
2024-03-27 00:20:00,2,6,3,1,0,8,15,35
2024-03-27 00:30:00,4,10,7,2,0,0,6,29
2024-03-27 00:40:00,1,3,2,1,0,5,3,15
2024-03-27 00:50:00,1,4,0,0,0,2,5,12
2024-03-27 01:00:00,0,3,3,0,0,0,8,14
2024-03-27 01:10:00,2,3,4,4,0,2,2,17
2024-03-27 01:20:00,2,2,0,0,0,3,4,11
2024-03-27 01:30:00,1,2,2,1,0,2,6,14
2024-03-27 01:40:00,3,3,0,1,0,0,2,9
2024-03-27 01:50:00,2,3,2,0,0,1,1,9
2024-03-27 02:00:00,2,4,2,2,0,2,1,13
2024-03-27 02:10:00,4,6,3,1,0,0,2,16
2024-03-27 02:20:00,1,4,1,1,0,3,6,16
2024-03-27 02:30:00,2,2,0,0,0,4,3,11
2024-03-27 02:40:00,3,4,6,4,0,2,0,19
2024-03-27 02:50:00,1,1,1,1,0,0,2,6
2024-03-27 03:00:00,2,3,1,1,0,2,5,14
2024-03-27 03:10:00,1,3,1,0,0,2,2,9
2024-03-27 03:20:00,1,3,1,1,0,0,0,6
2024-03-27 03:30:00,4,4,3,0,0,0,4,15
2024-03-27 03:40:00,0,2,0,2,0,1,3,8
2024-03-27 03:50:00,3,5,2,2,0,3,2,17
2024-03-27 04:00:00,1,2,0,0,0,0,3,6
2024-03-27 04:10:00,4,3,2,0,0,1,4,14
2024-03-27 04:20:00,2,1,1,2,0,5,5,16
2024-03-27 04:30:00,1,1,6,1,0,0,7,16
2024-03-27 04:40:00,7,8,8,1,0,6,11,41
2024-03-27 04:50:00,0,0,6,0,0,1,16,23
2024-03-27 05:00:00,4,5,5,0,0,2,22,38
2024-03-27 05:10:00,8,11,7,4,0,10,20,60
2024-03-27 05:20:00,10,11,8,1,0,10,26,66
2024-03-27 05:30:00,9,15,14,3,0,37,37,115
2024-03-27 05:40:00,6,14,26,7,0,20,41,114
2024-03-27 05:50:00,6,14,11,5,0,32,51,119
2024-03-27 06:00:00,5,13,23,14,0,37,43,135
2024-03-27 06:10:00,7,30,23,14,0,29,42,145
2024-03-27 06:20:00,11,26,28,16,0,47,44,172
2024-03-27 06:30:00,10,21,30,17,0,40,56,174
2024-03-27 06:40:00,10,30,55,18,0,36,63,212
2024-03-27 06:50:00,11,31,44,23,0,52,57,218
2024-03-27 07:00:00,11,30,63,23,0,52,64,243
2024-03-27 07:10:00,9,24,38,22,0,36,65,194
2024-03-27 07:20:00,12,24,50,29,0,85,68,268
2024-03-27 07:30:00,12,32,47,30,0,71,68,260
2024-03-27 07:40:00,20,29,60,26,0,46,68,249
2024-03-27 07:50:00,18,39,60,39,0,57,75,288
2024-03-27 08:00:00,9,33,60,22,0,29,73,226
2024-03-27 08:10:00,13,30,57,37,0,73,73,283
2024-03-27 08:20:00,11,40,54,29,0,44,75,253
2024-03-27 08:30:00,14,31,74,33,0,49,80,281
2024-03-27 08:40:00,21,35,62,36,0,48,72,274
2024-03-27 08:50:00,17,29,55,39,0,8,93,241
2024-03-27 09:00:00,11,29,37,30,0,17,80,204
2024-03-27 09:10:00,14,39,49,27,0,29,80,238
2024-03-27 09:20:00,22,32,50,29,0,24,94,251
2024-03-27 09:30:00,16,37,43,31,0,28,82,237
2024-03-27 09:40:00,18,47,34,28,0,22,77,226
2024-03-27 09:50:00,14,61,39,26,0,31,84,255
2024-03-27 10:00:00,13,44,46,22,0,18,75,218
2024-03-27 10:10:00,99,55,37,25,0,22,85,323
2024-03-27 10:20:00,7,43,39,27,0,25,60,201
2024-03-27 10:30:00,26,53,31,24,0,20,79,233
2024-03-27 10:40:00,27,54,40,26,0,23,73,243
2024-03-27 10:50:00,19,42,43,23,0,24,64,215
2024-03-27 11:00:00,23,45,34,26,0,16,56,200
2024-03-27 11:10:00,17,41,22,26,0,16,58,180
2024-03-27 11:20:00,12,47,40,22,0,18,60,199
2024-03-27 11:30:00,20,31,45,21,0,21,74,212
2024-03-27 11:40:00,22,46,38,19,0,7,20,152
2024-03-27 11:50:00,21,39,30,32,0,1,62,185
2024-03-27 12:00:00,31,36,45,24,0,0,62,198
2024-03-27 12:10:00,42,42,48,35,0,1,74,242
2024-03-27 12:20:00,24,54,38,26,0,2,71,215
2024-03-27 12:30:00,22,52,44,17,0,37,74,246
2024-03-27 12:40:00,29,43,49,31,0,21,66,239
2024-03-27 12:50:00,23,50,41,26,0,45,62,247
2024-03-27 13:00:00,32,41,34,17,0,18,62,204
2024-03-27 13:10:00,35,44,31,31,0,22,51,214
2024-03-27 13:20:00,22,38,38,23,0,22,51,194
2024-03-27 13:30:00,33,50,43,26,0,30,60,242
2024-03-27 13:40:00,32,39,36,31,0,36,63,237
2024-03-27 13:50:00,26,43,37,19,0,24,63,212
2024-03-27 14:00:00,31,40,38,24,0,26,55,214
2024-03-27 14:10:00,32,44,31,27,0,29,68,231
2024-03-27 14:20:00,32,47,49,31,0,26,63,248
2024-03-27 14:30:00,32,48,44,21,0,27,56,228
2024-03-27 14:40:00,35,50,36,37,0,36,56,250
2024-03-27 14:50:00,29,47,35,27,0,18,61,217
2024-03-27 15:00:00,29,33,49,29,0,10,49,199
2024-03-27 15:10:00,32,32,48,29,0,22,93,256
2024-03-27 15:20:00,23,35,28,29,0,25,71,211
2024-03-27 15:30:00,29,27,37,27,0,21,57,198
2024-03-27 15:40:00,23,28,41,36,0,33,60,221
2024-03-27 15:50:00,30,38,47,42,0,20,67,244
2024-03-27 16:00:00,21,25,43,32,0,23,68,212
2024-03-27 16:10:00,24,36,42,33,0,19,69,223
2024-03-27 16:20:00,22,32,42,33,0,24,73,226
2024-03-27 16:30:00,30,30,38,36,0,23,78,235
2024-03-27 16:40:00,32,33,45,49,0,19,68,246
2024-03-27 16:50:00,31,27,46,42,0,17,59,222
2024-03-27 17:00:00,27,29,51,38,0,22,57,224
2024-03-27 17:10:00,24,24,43,24,0,11,72,198
2024-03-27 17:20:00,12,25,38,34,0,25,65,199
2024-03-27 17:30:00,19,28,44,38,0,21,67,217
2024-03-27 17:40:00,28,27,52,33,0,18,54,212
2024-03-27 17:50:00,18,30,37,35,0,20,63,203
2024-03-27 18:00:00,23,28,42,19,0,35,62,209
2024-03-27 18:10:00,32,26,45,32,0,50,60,245
2024-03-27 18:20:00,23,28,38,40,0,43,77,249
2024-03-27 18:30:00,34,32,38,39,0,40,40,223
2024-03-27 18:40:00,27,26,45,25,0,35,46,204
2024-03-27 18:50:00,39,29,35,24,0,33,64,224
2024-03-27 19:00:00,17,25,23,16,0,29,56,166
2024-03-27 19:10:00,11,29,29,23,0,32,69,193
2024-03-27 19:20:00,21,29,21,23,0,34,60,188
2024-03-27 19:30:00,16,24,24,18,0,27,51,160
2024-03-27 19:40:00,19,22,25,10,0,35,41,152
2024-03-27 19:50:00,22,21,21,15,0,30,67,176
2024-03-27 20:00:00,15,19,27,16,0,25,56,158
2024-03-27 20:10:00,11,26,27,19,0,27,52,162
2024-03-27 20:20:00,15,18,18,11,0,20,60,142
2024-03-27 20:30:00,7,26,13,6,0,26,44,122
2024-03-27 20:40:00,12,30,16,12,0,26,60,156
2024-03-27 20:50:00,8,20,9,13,0,18,41,109
2024-03-27 21:00:00,13,18,16,7,0,14,42,110
2024-03-27 21:10:00,12,27,21,13,0,20,40,133
2024-03-27 21:20:00,15,29,15,5,0,19,33,116
2024-03-27 21:30:00,18,21,23,10,0,17,29,118
2024-03-27 21:40:00,15,29,19,6,0,11,28,108
2024-03-27 21:50:00,13,21,15,14,0,7,27,97
2024-03-27 22:00:00,13,25,11,9,0,11,31,100
2024-03-27 22:10:00,16,27,11,9,0,10,28,101
2024-03-27 22:20:00,10,33,19,9,0,10,20,101
2024-03-27 22:30:00,10,26,9,5,0,10,20,80
2024-03-27 22:40:00,10,22,9,8,0,11,16,76
2024-03-27 22:50:00,18,24,16,10,0,10,18,96
2024-03-27 23:00:00,12,28,19,7,0,13,20,99
2024-03-27 23:10:00,8,14,14,6,0,3,18,63
2024-03-27 23:20:00,9,14,14,7,0,9,13,66
2024-03-27 23:30:00,6,16,12,6,0,1,12,53
2024-03-27 23:40:00,9,18,2,2,0,3,11,45
2024-03-27 23:50:00,10,10,9,2,0,2,6,39
2024-03-28 00:00:00,3,6,3,1,0,3,10,26
2024-03-28 00:10:00,4,4,4,1,0,3,7,23
2024-03-28 00:20:00,5,6,5,3,0,4,5,28
2024-03-28 00:30:00,9,12,2,3,0,0,5,31
2024-03-28 00:40:00,1,6,2,0,0,2,3,14
2024-03-28 00:50:00,8,10,1,1,0,0,5,25
2024-03-28 01:00:00,3,5,3,0,0,2,4,17
2024-03-28 01:10:00,1,3,1,1,0,3,5,14
2024-03-28 01:20:00,1,1,2,1,0,0,5,10
2024-03-28 01:30:00,3,5,1,1,0,2,3,15
2024-03-28 01:40:00,5,5,1,1,0,2,1,15
2024-03-28 01:50:00,0,0,1,0,0,1,3,5
2024-03-28 02:00:00,0,0,1,2,0,0,0,3
2024-03-28 02:10:00,1,2,0,0,0,2,1,6
2024-03-28 02:20:00,1,3,3,0,0,2,3,12
2024-03-28 02:30:00,0,1,0,0,0,2,4,7
2024-03-28 02:40:00,1,4,0,0,0,2,0,7
2024-03-28 02:50:00,1,5,0,0,0,2,4,12
2024-03-28 03:00:00,2,3,2,0,0,0,5,12
2024-03-28 03:10:00,2,3,2,4,0,0,5,16
2024-03-28 03:20:00,0,3,2,2,0,2,0,9
2024-03-28 03:30:00,0,0,2,0,0,1,1,4
2024-03-28 03:40:00,1,1,0,0,0,0,3,5
2024-03-28 03:50:00,1,3,1,0,0,1,3,9
2024-03-28 04:00:00,1,3,2,0,0,0,5,11
2024-03-28 04:10:00,2,2,1,1,0,0,2,8
2024-03-28 04:20:00,1,1,1,0,0,2,8,13
2024-03-28 04:30:00,2,4,3,3,0,1,2,15
2024-03-28 04:40:00,3,5,1,1,0,2,14,26
2024-03-28 04:50:00,1,2,4,2,0,6,13,28
2024-03-28 05:00:00,4,7,5,1,0,4,25,46
2024-03-28 05:10:00,8,12,2,3,0,11,24,60
2024-03-28 05:20:00,7,13,9,3,0,16,21,69
2024-03-28 05:30:00,9,9,12,7,0,20,36,93
2024-03-28 05:40:00,6,16,21,5,0,27,54,129
2024-03-28 05:50:00,6,13,13,8,0,35,41,116
2024-03-28 06:00:00,5,16,17,10,0,24,50,122
2024-03-28 06:10:00,7,22,21,12,0,27,41,130
2024-03-28 06:20:00,6,23,23,13,0,39,45,149
2024-03-28 06:30:00,4,24,34,16,0,43,49,170
2024-03-28 06:40:00,10,28,50,18,0,51,64,221
2024-03-28 06:50:00,13,37,43,25,0,36,57,211
2024-03-28 07:00:00,20,25,51,22,0,40,67,225
2024-03-28 07:10:00,21,25,41,28,0,36,49,200
2024-03-28 07:20:00,28,32,50,28,0,51,73,262
2024-03-28 07:30:00,19,30,43,27,0,61,69,249
2024-03-28 07:40:00,20,27,63,34,0,51,58,253
2024-03-28 07:50:00,16,25,56,38,0,56,65,256
2024-03-28 08:00:00,17,25,39,23,0,52,59,215
2024-03-28 08:10:00,20,25,47,36,0,38,62,228
2024-03-28 08:20:00,19,22,46,31,0,45,63,226
2024-03-28 08:30:00,17,23,39,26,0,45,54,204
2024-03-28 08:40:00,29,27,57,44,0,51,73,281
2024-03-28 08:50:00,21,26,49,26,0,44,67,233
2024-03-28 09:00:00,18,29,50,30,0,46,64,237
2024-03-28 09:10:00,21,29,57,41,0,35,51,234
2024-03-28 09:20:00,24,24,50,20,0,27,69,214
2024-03-28 09:30:00,21,30,58,31,0,25,69,234
2024-03-28 09:40:00,21,32,56,30,0,28,74,241
2024-03-28 09:50:00,25,30,36,26,0,27,72,216
2024-03-28 10:00:00,21,29,38,26,0,24,55,193
2024-03-28 10:10:00,24,29,46,24,0,27,68,218
2024-03-28 10:20:00,25,26,55,22,0,25,62,215
2024-03-28 10:30:00,18,30,29,18,0,21,55,171
2024-03-28 10:40:00,23,36,34,23,0,36,73,225
2024-03-28 10:50:00,26,42,37,25,0,23,70,223
2024-03-28 11:00:00,39,48,38,30,0,27,74,256
2024-03-28 11:10:00,22,38,39,21,0,25,81,226
2024-03-28 11:20:00,27,43,31,28,0,22,82,233
2024-03-28 11:30:00,24,46,45,25,0,22,47,209
2024-03-28 11:40:00,25,47,47,22,0,25,72,238
2024-03-28 11:50:00,25,38,39,23,0,33,62,220
2024-03-28 12:00:00,32,40,38,24,0,35,64,233
2024-03-28 12:10:00,39,50,34,29,0,20,65,237
2024-03-28 12:20:00,37,42,34,26,0,29,67,235
2024-03-28 12:30:00,32,37,57,28,0,28,60,242
2024-03-28 12:40:00,33,44,37,39,0,27,59,239
2024-03-28 12:50:00,34,34,49,25,0,21,68,231
2024-03-28 13:00:00,37,41,40,33,0,25,66,242
2024-03-28 13:10:00,30,47,45,26,0,18,60,226
2024-03-28 13:20:00,37,36,48,28,0,21,57,227
2024-03-28 13:30:00,34,45,38,21,0,30,75,243
2024-03-28 13:40:00,43,39,30,28,0,22,65,227
2024-03-28 13:50:00,39,43,33,29,0,19,70,233
2024-03-28 14:00:00,41,50,39,32,0,31,69,262
2024-03-28 14:10:00,32,42,53,33,0,27,66,253
2024-03-28 14:20:00,28,45,41,32,0,30,83,259
2024-03-28 14:30:00,39,45,40,35,0,23,71,253
2024-03-28 14:40:00,34,44,44,38,0,23,57,240
2024-03-28 14:50:00,39,43,38,38,0,22,72,252
2024-03-28 15:00:00,35,32,37,30,0,27,61,222
2024-03-28 15:10:00,33,41,44,36,0,43,81,278
2024-03-28 15:20:00,35,40,45,31,0,30,70,251
2024-03-28 15:30:00,39,41,38,28,0,23,63,232
2024-03-28 15:40:00,28,34,40,40,0,25,65,232
2024-03-28 15:50:00,27,27,34,46,0,22,59,215
2024-03-28 16:00:00,29,34,44,31,0,27,69,234
2024-03-28 16:10:00,34,35,51,35,0,38,74,267
2024-03-28 16:20:00,27,32,65,38,0,24,65,251
2024-03-28 16:30:00,33,35,46,43,0,21,55,233
2024-03-28 16:40:00,27,39,52,33,0,19,76,246
2024-03-28 16:50:00,31,37,44,36,0,20,63,231
2024-03-28 17:00:00,45,42,45,42,0,18,73,265
2024-03-28 17:10:00,25,32,45,43,0,25,69,239
2024-03-28 17:20:00,27,31,34,30,0,12,63,197
2024-03-28 17:30:00,31,37,36,33,0,14,65,216
2024-03-28 17:40:00,27,28,44,38,0,19,65,221
2024-03-28 17:50:00,33,31,40,39,0,23,70,236
2024-03-28 18:00:00,28,42,44,23,0,23,72,232
2024-03-28 18:10:00,30,28,62,30,0,29,66,245
2024-03-28 18:20:00,36,40,43,23,0,25,69,236
2024-03-28 18:30:00,40,42,40,26,0,24,64,236
2024-03-28 18:40:00,39,38,44,27,0,22,56,226
2024-03-28 18:50:00,51,33,32,23,0,29,74,242
2024-03-28 19:00:00,31,29,29,19,0,35,69,212
2024-03-28 19:10:00,14,26,31,26,0,16,50,163
2024-03-28 19:20:00,22,27,31,15,0,27,77,199
2024-03-28 19:30:00,32,35,33,27,0,26,82,235
2024-03-28 19:40:00,17,26,42,20,0,19,64,188
2024-03-28 19:50:00,22,35,30,20,0,18,70,195
2024-03-28 20:00:00,19,31,23,14,0,46,76,209
2024-03-28 20:10:00,21,37,24,10,0,16,69,177
2024-03-28 20:20:00,21,34,30,12,0,26,90,213
2024-03-28 20:30:00,19,19,24,14,0,14,54,144
2024-03-28 20:40:00,18,19,24,6,0,24,44,135
2024-03-28 20:50:00,14,27,18,4,0,17,47,127
2024-03-28 21:00:00,13,25,27,16,0,15,56,152
2024-03-28 21:10:00,19,21,25,13,0,15,33,126
2024-03-28 21:20:00,14,26,27,17,0,11,41,136
2024-03-28 21:30:00,18,28,16,13,0,15,22,112
2024-03-28 21:40:00,14,31,31,15,0,8,37,136
2024-03-28 21:50:00,18,32,27,16,0,6,38,137
2024-03-28 22:00:00,14,26,18,6,0,15,45,124
2024-03-28 22:10:00,12,30,19,12,0,10,28,111
2024-03-28 22:20:00,14,33,23,15,0,7,31,123
2024-03-28 22:30:00,10,21,14,10,0,9,28,92
2024-03-28 22:40:00,10,28,11,9,0,6,15,79
2024-03-28 22:50:00,10,19,9,11,0,8,18,75
2024-03-28 23:00:00,14,22,25,12,0,7,22,102
2024-03-28 23:10:00,5,20,13,4,0,5,26,73
2024-03-28 23:20:00,10,20,12,3,0,4,19,68
2024-03-28 23:30:00,9,19,6,4,0,10,18,66
2024-03-28 23:40:00,5,19,6,3,0,6,20,59
2024-03-28 23:50:00,7,12,11,6,0,15,21,72
2024-03-29 00:00:00,12,17,5,0,0,9,19,62
2024-03-29 00:10:00,11,19,7,7,0,4,14,62
2024-03-29 00:20:00,11,18,9,5,0,2,15,60
2024-03-29 00:30:00,7,14,7,4,0,5,19,56
2024-03-29 00:40:00,3,10,10,7,0,10,16,56
2024-03-29 00:50:00,7,11,4,6,0,3,11,42
2024-03-29 01:00:00,7,10,5,4,0,6,9,41
2024-03-29 01:10:00,6,10,4,0,0,0,14,34
2024-03-29 01:20:00,5,10,9,1,0,6,2,33
2024-03-29 01:30:00,7,9,5,4,0,7,11,43
2024-03-29 01:40:00,6,6,4,4,0,2,10,32
2024-03-29 01:50:00,5,3,5,4,0,0,7,24
2024-03-29 02:00:00,1,5,3,2,0,0,6,17
2024-03-29 02:10:00,5,6,1,1,0,0,8,21
2024-03-29 02:20:00,4,8,2,2,0,0,2,18
2024-03-29 02:30:00,1,3,1,1,0,1,4,11
2024-03-29 02:40:00,3,4,4,1,0,0,1,13
2024-03-29 02:50:00,2,5,5,1,0,1,5,19
2024-03-29 03:00:00,2,4,2,1,0,2,2,13
2024-03-29 03:10:00,5,8,4,0,0,0,6,23
2024-03-29 03:20:00,4,4,2,1,0,6,3,20
2024-03-29 03:30:00,3,7,2,0,0,2,6,20
2024-03-29 03:40:00,1,0,2,1,0,4,15,23
2024-03-29 03:50:00,0,3,0,1,0,0,3,7
2024-03-29 04:00:00,3,4,4,0,0,0,4,15
2024-03-29 04:10:00,5,4,3,0,0,2,1,15
2024-03-29 04:20:00,5,6,1,0,0,0,3,15
2024-03-29 04:30:00,2,2,3,0,0,0,7,14
2024-03-29 04:40:00,0,2,2,1,0,0,3,8
2024-03-29 04:50:00,0,2,2,1,0,0,12,17
2024-03-29 05:00:00,2,3,4,1,0,2,16,28
2024-03-29 05:10:00,6,4,4,1,0,0,19,34
2024-03-29 05:20:00,11,10,2,0,0,6,12,41
2024-03-29 05:30:00,11,12,4,2,0,2,19,50
2024-03-29 05:40:00,6,7,2,2,0,13,23,53
2024-03-29 05:50:00,6,7,1,3,0,3,16,36
2024-03-29 06:00:00,3,3,4,1,0,1,4,16
2024-03-29 06:10:00,7,6,3,0,0,2,10,28
2024-03-29 06:20:00,4,5,4,6,0,5,9,33
2024-03-29 06:30:00,6,9,4,4,0,13,15,51
2024-03-29 06:40:00,13,13,5,6,0,7,11,55
2024-03-29 06:50:00,5,7,5,2,0,5,8,32
2024-03-29 07:00:00,13,20,4,0,0,3,6,46
2024-03-29 07:10:00,4,6,4,2,0,1,10,27
2024-03-29 07:20:00,2,7,7,1,0,4,7,28
2024-03-29 07:30:00,1,13,9,8,0,4,17,52
2024-03-29 07:40:00,5,6,7,3,0,1,8,30
2024-03-29 07:50:00,2,6,4,2,0,1,7,22
2024-03-29 08:00:00,1,13,7,7,0,3,9,40
2024-03-29 08:10:00,2,17,10,5,0,2,10,46
2024-03-29 08:20:00,4,11,8,5,0,5,8,41
2024-03-29 08:30:00,0,6,15,12,0,3,6,42
2024-03-29 08:40:00,1,9,16,12,0,3,8,49
2024-03-29 08:50:00,3,9,14,9,0,4,12,51
2024-03-29 09:00:00,3,20,11,1,0,4,7,46
2024-03-29 09:10:00,5,10,14,11,0,6,16,62
2024-03-29 09:20:00,2,10,17,7,0,7,18,61
2024-03-29 09:30:00,3,16,15,9,0,9,26,78
2024-03-29 09:40:00,4,20,21,15,0,8,26,94
2024-03-29 09:50:00,4,22,14,13,0,13,20,86
2024-03-29 10:00:00,6,20,12,9,0,9,20,76
2024-03-29 10:10:00,3,18,25,15,0,13,26,100
2024-03-29 10:20:00,7,17,19,10,0,6,19,78
2024-03-29 10:30:00,5,15,24,9,0,8,12,73
2024-03-29 10:40:00,2,22,22,15,0,10,32,103
2024-03-29 10:50:00,5,22,21,10,0,10,22,90
2024-03-29 11:00:00,4,30,12,14,0,8,20,88
2024-03-29 11:10:00,6,31,18,17,0,9,31,112
2024-03-29 11:20:00,13,22,28,17,0,13,26,119
2024-03-29 11:30:00,12,22,27,11,0,10,23,105
2024-03-29 11:40:00,12,22,21,11,0,10,26,102
2024-03-29 11:50:00,17,28,27,14,0,11,35,132
2024-03-29 12:00:00,18,28,25,14,0,15,36,136
2024-03-29 12:10:00,17,27,24,18,0,18,38,142
2024-03-29 12:20:00,16,26,23,14,0,12,42,133
2024-03-29 12:30:00,10,26,26,11,0,17,42,132
2024-03-29 12:40:00,17,18,20,9,0,16,44,124
2024-03-29 12:50:00,13,28,17,8,0,13,46,125
2024-03-29 13:00:00,11,20,14,9,0,16,47,117
2024-03-29 13:10:00,18,23,22,9,0,17,31,120
2024-03-29 13:20:00,14,22,20,7,0,13,43,119
2024-03-29 13:30:00,24,27,26,11,0,47,28,163
2024-03-29 13:40:00,16,29,25,14,0,18,54,156
2024-03-29 13:50:00,18,19,28,12,0,8,26,111
2024-03-29 14:00:00,19,21,29,11,0,15,42,137
2024-03-29 14:10:00,14,29,27,15,0,7,29,121
2024-03-29 14:20:00,24,26,33,10,0,18,45,156
2024-03-29 14:30:00,22,22,28,16,0,9,45,142
2024-03-29 14:40:00,21,23,25,11,0,14,44,138
2024-03-29 14:50:00,21,24,27,18,0,6,36,132
2024-03-29 15:00:00,19,24,30,17,0,7,36,133
2024-03-29 15:10:00,20,26,19,17,0,9,40,131
2024-03-29 15:20:00,17,20,20,11,0,7,31,106
2024-03-29 15:30:00,16,17,20,9,0,15,33,110
2024-03-29 15:40:00,20,27,29,15,0,13,33,137
2024-03-29 15:50:00,23,24,30,15,0,11,33,136
2024-03-29 16:00:00,15,14,22,9,0,18,41,119
2024-03-29 16:10:00,13,21,29,14,0,9,39,125
2024-03-29 16:20:00,14,22,29,14,0,15,29,123
2024-03-29 16:30:00,18,20,24,20,0,9,41,132
2024-03-29 16:40:00,23,29,33,11,0,14,29,139
2024-03-29 16:50:00,15,25,25,12,0,7,32,116
2024-03-29 17:00:00,15,19,28,12,0,14,32,120
2024-03-29 17:10:00,16,29,21,11,0,12,41,130
2024-03-29 17:20:00,13,26,15,12,0,13,42,121
2024-03-29 17:30:00,12,28,18,12,0,15,26,111
2024-03-29 17:40:00,13,18,29,21,0,13,37,131
2024-03-29 17:50:00,15,28,28,7,0,13,33,124
2024-03-29 18:00:00,11,21,25,11,0,16,41,125
2024-03-29 18:10:00,18,28,28,13,0,19,37,143
2024-03-29 18:20:00,20,28,19,15,0,17,37,136
2024-03-29 18:30:00,18,25,15,11,0,10,44,123
2024-03-29 18:40:00,10,26,27,12,0,9,39,123
2024-03-29 18:50:00,11,25,20,13,0,22,31,122
2024-03-29 19:00:00,25,28,21,11,0,25,33,143
2024-03-29 19:10:00,17,30,18,15,0,28,36,144
2024-03-29 19:20:00,12,22,18,16,0,21,53,142
2024-03-29 19:30:00,7,20,21,6,0,16,35,105
2024-03-29 19:40:00,10,16,22,9,0,25,59,141
2024-03-29 19:50:00,6,22,15,8,0,25,45,121
2024-03-29 20:00:00,7,26,17,13,0,20,55,138
2024-03-29 20:10:00,16,18,16,8,0,24,60,142
2024-03-29 20:20:00,5,20,22,17,0,22,59,145
2024-03-29 20:30:00,7,19,19,9,0,35,52,141
2024-03-29 20:40:00,8,17,23,11,0,19,34,112
2024-03-29 20:50:00,18,27,24,11,0,16,24,120
2024-03-29 21:00:00,14,14,20,6,0,19,39,112
2024-03-29 21:10:00,12,17,14,8,0,22,31,104
2024-03-29 21:20:00,8,17,12,2,0,11,20,70
2024-03-29 21:30:00,11,24,16,13,0,6,29,99
2024-03-29 21:40:00,10,22,8,10,0,11,28,89
2024-03-29 21:50:00,7,20,14,6,0,16,31,94
2024-03-29 22:00:00,15,29,10,10,0,9,17,90
2024-03-29 22:10:00,13,22,15,6,0,14,32,102
2024-03-29 22:20:00,5,21,8,8,0,3,14,59
2024-03-29 22:30:00,12,18,17,11,0,15,24,97
2024-03-29 22:40:00,7,15,12,7,0,9,25,75
2024-03-29 22:50:00,12,26,9,3,0,16,17,83
2024-03-29 23:00:00,10,22,10,4,0,10,25,81
2024-03-29 23:10:00,16,18,13,7,0,4,16,74
2024-03-29 23:20:00,12,16,10,4,0,10,19,71
2024-03-29 23:30:00,10,15,12,6,0,9,22,74
2024-03-29 23:40:00,9,9,10,5,0,8,8,49
2024-03-29 23:50:00,11,12,4,1,0,8,14,50
2024-03-30 00:00:00,12,16,9,2,0,11,20,70
2024-03-30 00:10:00,16,16,7,2,0,6,16,63
2024-03-30 00:20:00,14,19,8,5,0,9,8,63
2024-03-30 00:30:00,13,17,3,3,0,4,14,54
2024-03-30 00:40:00,4,6,6,4,0,4,11,35
2024-03-30 00:50:00,9,13,3,1,0,6,6,38
2024-03-30 01:00:00,14,14,4,0,0,3,6,41
2024-03-30 01:10:00,10,12,2,1,0,5,10,40
2024-03-30 01:20:00,4,7,3,2,0,3,4,23
2024-03-30 01:30:00,7,9,2,2,0,6,9,35
2024-03-30 01:40:00,2,2,4,3,0,4,3,18
2024-03-30 01:50:00,6,6,0,1,0,5,8,26
2024-03-30 02:00:00,3,3,3,3,0,3,4,19
2024-03-30 02:10:00,3,6,3,2,0,0,3,17
2024-03-30 02:20:00,6,6,1,2,0,1,2,18
2024-03-30 02:30:00,7,5,1,1,0,1,3,18
2024-03-30 02:40:00,7,8,1,2,0,4,12,34
2024-03-30 02:50:00,4,6,2,3,0,3,5,23
2024-03-30 03:00:00,2,2,1,1,0,3,6,15
2024-03-30 03:10:00,5,10,2,1,0,4,6,28
2024-03-30 03:20:00,2,2,1,1,0,4,8,18
2024-03-30 03:30:00,4,4,0,0,0,6,8,22
2024-03-30 03:40:00,3,4,2,1,0,1,4,15
2024-03-30 03:50:00,3,4,1,0,0,2,3,13
2024-03-30 04:00:00,6,5,0,0,0,3,5,19
2024-03-30 04:10:00,3,5,3,3,0,2,5,21
2024-03-30 04:20:00,4,3,4,1,0,4,7,23
2024-03-30 04:30:00,3,2,6,1,0,2,7,21
2024-03-30 04:40:00,3,4,3,2,0,6,8,26
2024-03-30 04:50:00,5,6,4,0,0,5,10,30
2024-03-30 05:00:00,4,7,2,2,0,2,6,23
2024-03-30 05:10:00,5,5,6,2,0,8,19,45
2024-03-30 05:20:00,11,10,1,1,0,10,14,47
2024-03-30 05:30:00,9,7,6,1,0,15,20,58
2024-03-30 05:40:00,5,5,5,2,0,17,25,59
2024-03-30 05:50:00,4,12,5,3,0,13,19,56
2024-03-30 06:00:00,2,5,5,3,0,7,11,33
2024-03-30 06:10:00,3,7,2,2,0,3,9,26
2024-03-30 06:20:00,0,7,4,4,0,4,11,30
2024-03-30 06:30:00,0,5,6,4,0,5,17,37
2024-03-30 06:40:00,0,19,9,1,0,2,8,39
2024-03-30 06:50:00,1,15,5,3,0,8,17,49
2024-03-30 07:00:00,0,16,3,4,0,3,9,35
2024-03-30 07:10:00,0,7,5,0,0,2,8,22
2024-03-30 07:20:00,0,19,6,3,0,9,21,58
2024-03-30 07:30:00,0,11,12,9,0,8,16,56
2024-03-30 07:40:00,0,16,7,5,0,7,11,46
2024-03-30 07:50:00,1,19,9,4,0,4,14,51
2024-03-30 08:00:00,0,23,9,9,0,10,22,73
2024-03-30 08:10:00,2,19,6,3,0,3,18,51
2024-03-30 08:20:00,0,17,13,5,0,11,26,72
2024-03-30 08:30:00,2,25,13,5,0,11,21,77
2024-03-30 08:40:00,2,26,13,9,0,15,34,99
2024-03-30 08:50:00,0,19,19,8,0,18,40,104
2024-03-30 09:00:00,0,27,22,12,0,14,27,102
2024-03-30 09:10:00,1,27,30,10,0,11,43,122
2024-03-30 09:20:00,1,33,19,25,0,15,46,139
2024-03-30 09:30:00,3,35,17,15,0,16,38,124
2024-03-30 09:40:00,2,38,30,15,0,14,59,158
2024-03-30 09:50:00,5,46,23,11,0,24,57,166
2024-03-30 10:00:00,1,41,28,21,0,25,60,176
2024-03-30 10:10:00,2,44,25,24,0,30,56,181
2024-03-30 10:20:00,4,48,28,24,0,19,60,183
2024-03-30 10:30:00,2,41,33,22,0,26,60,184
2024-03-30 10:40:00,4,45,42,33,0,37,76,237
2024-03-30 10:50:00,3,55,32,19,0,32,64,205
2024-03-30 11:00:00,3,40,29,13,0,35,56,176
2024-03-30 11:10:00,12,39,30,23,0,30,68,202
2024-03-30 11:20:00,23,46,25,16,0,17,68,195
2024-03-30 11:30:00,20,30,37,21,0,24,63,195
2024-03-30 11:40:00,27,32,56,22,0,18,56,211
2024-03-30 11:50:00,22,31,36,25,0,34,67,215
2024-03-30 12:00:00,20,39,37,22,0,12,52,182
2024-03-30 12:10:00,27,43,29,19,0,14,65,197
2024-03-30 12:20:00,29,41,29,17,0,22,60,198
2024-03-30 12:30:00,27,39,31,26,0,17,61,201
2024-03-30 12:40:00,25,44,43,24,0,25,61,222
2024-03-30 12:50:00,26,32,31,26,0,16,59,190
2024-03-30 13:00:00,29,39,32,21,0,20,53,194
2024-03-30 13:10:00,34,30,33,25,0,17,54,193
2024-03-30 13:20:00,26,33,39,25,0,18,61,202
2024-03-30 13:30:00,24,46,33,26,0,15,50,194
2024-03-30 13:40:00,27,31,35,24,0,18,60,195
2024-03-30 13:50:00,28,41,37,20,0,22,49,197
2024-03-30 14:00:00,21,47,28,23,0,19,54,192
2024-03-30 14:10:00,29,37,36,24,0,23,74,223
2024-03-30 14:20:00,36,47,33,19,0,16,55,206
2024-03-30 14:30:00,28,44,34,20,0,25,44,195
2024-03-30 14:40:00,23,39,39,28,0,26,58,213
2024-03-30 14:50:00,19,46,33,22,0,16,66,202
2024-03-30 15:00:00,22,44,48,28,0,18,52,212
2024-03-30 15:10:00,13,41,36,14,0,14,52,170
2024-03-30 15:20:00,20,48,32,20,0,17,48,185
2024-03-30 15:30:00,19,40,42,18,0,18,46,183
2024-03-30 15:40:00,23,50,43,16,0,26,52,210
2024-03-30 15:50:00,21,43,30,19,0,18,52,183
2024-03-30 16:00:00,24,39,27,24,0,11,30,155
2024-03-30 16:10:00,25,49,35,30,0,11,44,194
2024-03-30 16:20:00,16,42,30,18,0,12,38,156
2024-03-30 16:30:00,21,43,29,21,0,10,47,171
2024-03-30 16:40:00,24,39,24,18,0,22,40,167
2024-03-30 16:50:00,13,46,31,14,0,26,51,181
2024-03-30 17:00:00,16,31,24,17,0,15,52,155
2024-03-30 17:10:00,23,34,35,22,0,11,44,169
2024-03-30 17:20:00,22,41,28,18,0,20,44,173
2024-03-30 17:30:00,19,44,32,21,0,19,42,177
2024-03-30 17:40:00,19,37,20,18,0,23,44,161
2024-03-30 17:50:00,16,44,23,20,0,28,45,176
2024-03-30 18:00:00,19,31,37,24,0,18,47,176
2024-03-30 18:10:00,20,42,32,11,0,12,35,152
2024-03-30 18:20:00,15,45,28,19,0,18,47,172
2024-03-30 18:30:00,20,43,24,23,0,18,38,166
2024-03-30 18:40:00,14,36,25,19,0,24,50,168
2024-03-30 18:50:00,19,40,22,13,0,18,47,159
2024-03-30 19:00:00,29,33,26,15,0,16,40,159
2024-03-30 19:10:00,18,34,25,14,0,25,43,159
2024-03-30 19:20:00,17,36,26,8,0,19,54,160
2024-03-30 19:30:00,11,18,25,14,0,27,60,155
2024-03-30 19:40:00,7,28,19,6,0,3,44,107
2024-03-30 19:50:00,12,22,18,11,0,28,48,139
2024-03-30 20:00:00,7,28,21,15,0,23,61,155
2024-03-30 20:10:00,15,30,24,13,0,19,90,191
2024-03-30 20:20:00,12,31,12,11,0,16,68,150
2024-03-30 20:30:00,14,29,16,11,0,17,62,149
2024-03-30 20:40:00,7,17,16,13,0,19,46,118
2024-03-30 20:50:00,10,14,23,11,0,17,48,123
2024-03-30 21:00:00,13,20,26,10,0,23,30,122
2024-03-30 21:10:00,13,20,21,11,0,11,32,108
2024-03-30 21:20:00,18,19,25,10,0,10,21,103
2024-03-30 21:30:00,10,24,17,11,0,5,29,96
2024-03-30 21:40:00,8,33,16,11,0,14,34,116
2024-03-30 21:50:00,8,34,18,12,0,18,40,130
2024-03-30 22:00:00,16,35,17,4,0,10,29,111
2024-03-30 22:10:00,8,31,19,9,0,11,34,112
2024-03-30 22:20:00,6,23,14,8,0,4,27,82
2024-03-30 22:30:00,12,31,16,6,0,4,22,91
2024-03-30 22:40:00,10,30,18,16,0,9,22,105
2024-03-30 22:50:00,15,25,15,10,0,9,19,93
2024-03-30 23:00:00,17,29,5,3,0,10,15,79
2024-03-30 23:10:00,14,24,7,3,0,8,26,82
2024-03-30 23:20:00,20,24,6,5,0,12,29,96
2024-03-30 23:30:00,5,13,14,10,0,2,11,55
2024-03-30 23:40:00,14,24,5,11,0,4,23,81
2024-03-30 23:50:00,15,15,8,6,0,2,24,70
2024-03-31 00:00:00,9,17,10,5,0,3,18,62
2024-03-31 00:10:00,6,17,12,7,0,5,22,69
2024-03-31 00:20:00,15,19,10,6,0,2,7,59
2024-03-31 00:30:00,10,15,3,2,0,6,27,63
2024-03-31 00:40:00,11,11,5,3,0,12,16,58
2024-03-31 00:50:00,10,18,5,5,0,2,11,51
2024-03-31 01:00:00,6,14,3,2,0,0,19,44
2024-03-31 01:10:00,5,8,5,1,0,3,18,40
2024-03-31 01:20:00,4,7,4,4,0,4,17,40
2024-03-31 01:30:00,12,12,6,2,0,3,10,45
2024-03-31 01:40:00,9,9,4,3,0,2,16,43
2024-03-31 01:50:00,7,8,3,5,0,7,5,35
2024-03-31 02:00:00,0,0,0,0,0,0,0,0
2024-03-31 02:10:00,0,0,0,0,0,0,0,0
2024-03-31 02:20:00,0,0,0,0,0,0,0,0
2024-03-31 02:30:00,0,0,0,0,0,0,0,0
2024-03-31 02:40:00,0,0,0,0,0,0,0,0
2024-03-31 02:50:00,0,0,0,0,0,0,0,0
2024-03-31 03:00:00,5,5,0,2,0,4,8,24
2024-03-31 03:10:00,4,4,4,1,0,5,7,25
2024-03-31 03:20:00,14,13,2,1,0,7,8,45
2024-03-31 03:30:00,15,12,6,3,0,7,9,52
2024-03-31 03:40:00,7,6,1,1,0,16,25,56
2024-03-31 03:50:00,8,9,1,1,0,8,10,37
2024-03-31 04:00:00,8,9,2,1,0,3,4,27
2024-03-31 04:10:00,8,8,5,3,0,8,13,45
2024-03-31 04:20:00,3,4,3,1,0,3,1,15
2024-03-31 04:30:00,8,9,4,0,0,4,7,32
2024-03-31 04:40:00,10,11,6,0,0,6,5,38
2024-03-31 04:50:00,5,7,3,0,0,4,6,25
2024-03-31 05:00:00,13,13,6,0,0,8,11,51
2024-03-31 05:10:00,7,6,3,2,0,13,14,45
2024-03-31 05:20:00,5,7,3,1,0,14,16,46
2024-03-31 05:30:00,6,6,2,2,0,16,23,55
2024-03-31 05:40:00,11,15,3,1,0,14,17,61
2024-03-31 05:50:00,13,14,1,0,0,5,11,44
2024-03-31 06:00:00,8,10,4,1,0,7,7,37
2024-03-31 06:10:00,12,13,4,1,0,13,17,60
2024-03-31 06:20:00,8,8,2,0,0,9,13,40
2024-03-31 06:30:00,9,10,3,0,0,10,9,41
2024-03-31 06:40:00,8,11,5,6,0,5,7,42
2024-03-31 06:50:00,11,11,1,2,0,8,7,40
2024-03-31 07:00:00,4,8,3,1,0,2,2,20
2024-03-31 07:10:00,3,7,3,0,0,1,1,15
2024-03-31 07:20:00,0,5,3,0,0,5,3,16
2024-03-31 07:30:00,2,8,3,0,0,3,7,23
2024-03-31 07:40:00,0,6,3,3,0,2,5,19
2024-03-31 07:50:00,0,8,3,3,0,3,5,22
2024-03-31 08:00:00,0,6,4,0,0,5,7,22
2024-03-31 08:10:00,0,1,8,3,0,2,3,17
2024-03-31 08:20:00,0,14,6,4,0,3,3,30
2024-03-31 08:30:00,0,7,6,4,0,5,8,30
2024-03-31 08:40:00,0,16,12,3,0,3,3,37
2024-03-31 08:50:00,0,14,10,3,0,5,11,43
2024-03-31 09:00:00,1,15,14,4,0,1,9,44
2024-03-31 09:10:00,4,17,4,4,0,5,19,53
2024-03-31 09:20:00,3,14,12,7,0,7,27,70
2024-03-31 09:30:00,4,16,15,11,0,7,22,75
2024-03-31 09:40:00,9,22,13,13,0,8,20,85
2024-03-31 09:50:00,5,16,21,11,0,7,32,92
2024-03-31 10:00:00,9,20,14,8,0,32,25,108
2024-03-31 10:10:00,11,16,26,14,0,6,24,97
2024-03-31 10:20:00,7,15,26,12,0,14,27,101
2024-03-31 10:30:00,8,22,21,15,0,6,28,100
2024-03-31 10:40:00,11,28,21,9,0,14,43,126
2024-03-31 10:50:00,10,22,32,16,0,12,22,114
2024-03-31 11:00:00,7,25,17,18,0,17,23,107
2024-03-31 11:10:00,10,22,22,12,0,12,24,102
2024-03-31 11:20:00,11,26,22,16,0,10,33,118
2024-03-31 11:30:00,15,26,26,18,0,7,28,120
2024-03-31 11:40:00,14,33,21,13,0,14,34,129
2024-03-31 11:50:00,9,42,29,28,0,9,21,138
2024-03-31 12:00:00,15,39,29,17,0,7,30,137
2024-03-31 12:10:00,13,29,16,19,0,11,41,129
2024-03-31 12:20:00,7,35,34,20,0,11,48,155
2024-03-31 12:30:00,9,30,22,17,0,14,42,134
2024-03-31 12:40:00,16,28,22,18,0,10,31,125
2024-03-31 12:50:00,13,27,10,12,0,11,35,108
2024-03-31 13:00:00,10,41,21,10,0,17,22,121
2024-03-31 13:10:00,15,25,32,12,0,8,25,117
2024-03-31 13:20:00,11,42,28,19,0,27,36,163
2024-03-31 13:30:00,7,26,34,15,0,25,35,142
2024-03-31 13:40:00,8,34,24,19,0,10,32,127
2024-03-31 13:50:00,17,35,29,12,0,7,32,132
2024-03-31 14:00:00,13,34,24,21,0,9,36,137
2024-03-31 14:10:00,11,35,35,20,0,15,30,146
2024-03-31 14:20:00,8,35,24,17,0,27,32,143
2024-03-31 14:30:00,9,39,24,16,0,15,41,144
2024-03-31 14:40:00,9,38,24,16,0,19,39,145
2024-03-31 14:50:00,19,34,18,24,0,12,33,140
2024-03-31 15:00:00,9,27,21,10,0,13,39,119
2024-03-31 15:10:00,13,37,20,19,0,19,37,145
2024-03-31 15:20:00,14,25,22,20,0,10,31,122
2024-03-31 15:30:00,13,23,18,16,0,13,32,115
2024-03-31 15:40:00,9,26,18,15,0,9,27,104
2024-03-31 15:50:00,14,29,21,17,0,13,37,131
2024-03-31 16:00:00,13,20,20,14,0,6,36,109
2024-03-31 16:10:00,16,30,25,11,0,7,39,128
2024-03-31 16:20:00,20,24,30,15,0,16,35,140
2024-03-31 16:30:00,20,26,22,15,0,19,35,137
2024-03-31 16:40:00,17,22,23,19,0,10,44,135
2024-03-31 16:50:00,16,22,26,18,0,10,38,130
2024-03-31 17:00:00,11,30,25,8,0,13,40,127
2024-03-31 17:10:00,11,31,19,17,0,9,35,122
2024-03-31 17:20:00,14,25,24,14,0,24,58,159
2024-03-31 17:30:00,21,25,26,18,0,20,42,152
2024-03-31 17:40:00,25,24,20,16,0,9,46,140
2024-03-31 17:50:00,13,24,24,22,0,14,40,137
2024-03-31 18:00:00,11,38,21,15,0,11,33,129
2024-03-31 18:10:00,11,22,21,14,0,17,43,128
2024-03-31 18:20:00,10,32,28,15,0,12,35,132
2024-03-31 18:30:00,9,28,23,21,0,13,44,138
2024-03-31 18:40:00,14,30,26,19,0,8,39,136
2024-03-31 18:50:00,12,19,19,19,0,17,48,134
2024-03-31 19:00:00,16,38,22,26,0,17,37,156
2024-03-31 19:10:00,10,27,21,14,0,14,43,129
2024-03-31 19:20:00,21,27,31,20,0,18,32,149
2024-03-31 19:30:00,17,28,18,18,0,15,44,140
2024-03-31 19:40:00,16,28,19,18,0,10,36,127
2024-03-31 19:50:00,14,28,16,12,0,10,32,112
2024-03-31 20:00:00,13,22,17,20,0,10,33,115
2024-03-31 20:10:00,10,21,21,17,0,12,26,107
2024-03-31 20:20:00,13,24,22,11,0,10,50,130
2024-03-31 20:30:00,11,19,17,13,0,11,59,130
2024-03-31 20:40:00,8,26,22,14,0,3,40,113
2024-03-31 20:50:00,8,20,20,13,0,19,42,122
2024-03-31 21:00:00,13,13,23,10,0,9,62,130
2024-03-31 21:10:00,10,15,15,13,0,21,68,142
2024-03-31 21:20:00,14,20,13,16,0,23,63,149
2024-03-31 21:30:00,26,27,21,10,0,16,37,137
2024-03-31 21:40:00,12,29,16,8,0,10,45,120
2024-03-31 21:50:00,13,20,12,10,0,8,29,92
2024-03-31 22:00:00,13,19,19,5,0,18,22,96
2024-03-31 22:10:00,7,15,14,9,0,8,31,84
2024-03-31 22:20:00,6,31,17,8,0,11,19,92
2024-03-31 22:30:00,8,18,8,4,0,10,24,72
2024-03-31 22:40:00,14,27,9,2,0,5,37,94
2024-03-31 22:50:00,13,22,8,6,0,18,24,91
2024-03-31 23:00:00,22,24,7,5,0,13,32,103
2024-03-31 23:10:00,17,11,8,9,0,6,16,67
2024-03-31 23:20:00,25,19,6,7,0,10,15,82
2024-03-31 23:30:00,17,10,8,7,0,12,24,78
2024-03-31 23:40:00,14,15,9,2,0,11,14,65
2024-03-31 23:50:00,11,11,7,3,0,4,12,48
2024-04-01 00:00:00,10,8,7,3,0,6,8,42
2024-04-01 00:10:00,14,9,3,3,0,12,14,55
2024-04-01 00:20:00,11,9,7,0,0,9,15,51
2024-04-01 00:30:00,8,7,5,3,0,9,14,46
2024-04-01 00:40:00,9,10,3,1,0,5,11,39
2024-04-01 00:50:00,5,8,6,3,0,9,8,39
2024-04-01 01:00:00,10,9,4,0,0,8,13,44
2024-04-01 01:10:00,10,11,1,1,0,4,14,41
2024-04-01 01:20:00,7,7,6,4,0,10,13,47
2024-04-01 01:30:00,0,1,5,0,0,5,7,18
2024-04-01 01:40:00,6,5,3,2,0,6,6,28
2024-04-01 01:50:00,7,7,4,0,0,2,3,23
2024-04-01 02:00:00,11,8,7,1,0,3,2,32
2024-04-01 02:10:00,2,2,4,1,0,8,15,32
2024-04-01 02:20:00,3,1,3,0,0,4,4,15
2024-04-01 02:30:00,7,7,1,1,0,6,13,35
2024-04-01 02:40:00,6,4,1,2,0,3,2,18
2024-04-01 02:50:00,1,1,4,4,0,1,4,15
2024-04-01 03:00:00,2,0,0,1,0,3,6,12
2024-04-01 03:10:00,3,4,0,1,0,2,3,13
2024-04-01 03:20:00,3,2,6,1,0,5,8,25
2024-04-01 03:30:00,3,2,1,0,0,8,8,22
2024-04-01 03:40:00,4,3,2,0,0,4,5,18
2024-04-01 03:50:00,3,3,3,0,0,5,7,21
2024-04-01 04:00:00,4,5,2,0,0,5,6,22
2024-04-01 04:10:00,0,0,2,2,0,1,1,6
2024-04-01 04:20:00,3,2,6,0,0,6,5,22
2024-04-01 04:30:00,3,3,0,0,0,5,8,19
2024-04-01 04:40:00,3,3,4,1,0,3,4,18
2024-04-01 04:50:00,2,0,4,3,0,3,3,15
2024-04-01 05:00:00,4,3,5,0,0,4,8,24
2024-04-01 05:10:00,4,2,3,0,0,6,9,24
2024-04-01 05:20:00,7,4,3,1,0,15,17,47
2024-04-01 05:30:00,7,4,6,2,0,22,25,66
2024-04-01 05:40:00,12,7,3,2,0,11,13,48
2024-04-01 05:50:00,9,8,3,1,0,9,13,43
2024-04-01 06:00:00,6,4,3,0,0,9,7,29
2024-04-01 06:10:00,9,11,2,3,0,14,18,57
2024-04-01 06:20:00,7,3,0,5,0,12,12,39
2024-04-01 06:30:00,9,8,3,2,0,9,11,42
2024-04-01 06:40:00,9,9,3,2,0,5,6,34
2024-04-01 06:50:00,12,9,4,0,0,5,4,34
2024-04-01 07:00:00,8,3,6,1,0,11,11,40
2024-04-01 07:10:00,4,3,1,1,0,5,4,18
2024-04-01 07:20:00,2,2,6,2,0,4,3,19
2024-04-01 07:30:00,6,3,7,3,0,8,9,36
2024-04-01 07:40:00,3,4,5,0,0,9,7,28
2024-04-01 07:50:00,5,8,8,2,0,8,10,41
2024-04-01 08:00:00,1,4,4,0,0,1,4,14
2024-04-01 08:10:00,2,4,5,1,0,6,8,26
2024-04-01 08:20:00,4,4,0,4,0,6,10,28
2024-04-01 08:30:00,6,3,4,7,0,3,6,29
2024-04-01 08:40:00,2,6,10,5,0,2,10,35
2024-04-01 08:50:00,2,6,5,6,0,2,6,27
2024-04-01 09:00:00,4,8,5,1,0,6,15,39
2024-04-01 09:10:00,2,3,12,9,0,6,9,41
2024-04-01 09:20:00,5,6,19,8,0,4,19,61
2024-04-01 09:30:00,6,10,10,7,0,6,20,59
2024-04-01 09:40:00,11,14,3,13,0,4,13,58
2024-04-01 09:50:00,2,8,13,4,0,9,19,55
2024-04-01 10:00:00,9,11,19,10,0,4,20,73
2024-04-01 10:10:00,8,12,13,21,0,10,15,79
2024-04-01 10:20:00,9,11,19,12,0,3,15,69
2024-04-01 10:30:00,8,19,12,6,0,8,27,80
2024-04-01 10:40:00,5,24,14,14,0,9,26,92
2024-04-01 10:50:00,14,24,20,13,0,13,24,108
2024-04-01 11:00:00,10,10,24,9,0,14,32,99
2024-04-01 11:10:00,5,20,21,14,0,12,21,93
2024-04-01 11:20:00,7,15,18,8,0,8,22,78
2024-04-01 11:30:00,12,24,24,9,0,16,35,120
2024-04-01 11:40:00,12,26,21,13,0,18,37,127
2024-04-01 11:50:00,9,23,18,19,0,14,34,117
2024-04-01 12:00:00,9,20,28,14,0,13,30,114
2024-04-01 12:10:00,11,18,30,23,0,15,24,121
2024-04-01 12:20:00,15,31,23,17,0,15,41,142
2024-04-01 12:30:00,15,35,20,17,0,22,26,135
2024-04-01 12:40:00,14,23,27,19,0,17,34,134
2024-04-01 12:50:00,9,23,20,14,0,16,43,125
2024-04-01 13:00:00,12,22,20,12,0,17,36,119
2024-04-01 13:10:00,13,22,27,21,0,8,29,120
2024-04-01 13:20:00,12,24,19,17,0,13,33,118
2024-04-01 13:30:00,10,18,28,26,0,15,36,133
2024-04-01 13:40:00,10,22,21,20,0,19,26,118
2024-04-01 13:50:00,9,23,20,14,0,13,30,109
2024-04-01 14:00:00,13,27,14,19,0,12,32,117
2024-04-01 14:10:00,17,26,26,23,0,26,50,168
2024-04-01 14:20:00,21,32,30,20,0,18,25,146
2024-04-01 14:30:00,15,27,28,22,0,12,35,139
2024-04-01 14:40:00,22,27,17,19,0,20,36,141
2024-04-01 14:50:00,13,26,39,22,0,17,47,164
2024-04-01 15:00:00,14,33,28,30,0,15,39,159
2024-04-01 15:10:00,13,22,31,19,0,15,36,136
2024-04-01 15:20:00,13,27,35,20,0,16,39,150
2024-04-01 15:30:00,18,26,23,13,0,19,37,136
2024-04-01 15:40:00,15,32,25,16,0,13,51,152
2024-04-01 15:50:00,8,25,26,24,0,17,42,142
2024-04-01 16:00:00,14,27,22,14,0,15,44,136
2024-04-01 16:10:00,10,25,27,24,0,16,32,134
2024-04-01 16:20:00,20,26,30,12,0,8,39,135
2024-04-01 16:30:00,16,23,27,15,0,12,34,127
2024-04-01 16:40:00,14,26,24,16,0,12,29,121
2024-04-01 16:50:00,18,26,33,14,0,38,50,179
2024-04-01 17:00:00,14,28,34,12,0,15,36,139
2024-04-01 17:10:00,19,22,34,26,0,16,47,164
2024-04-01 17:20:00,15,31,34,12,0,25,42,159
2024-04-01 17:30:00,17,22,27,17,0,11,40,134
2024-04-01 17:40:00,28,34,23,28,0,15,41,169
2024-04-01 17:50:00,18,27,22,15,0,10,35,127
2024-04-01 18:00:00,15,22,28,19,0,15,33,132
2024-04-01 18:10:00,16,30,30,17,0,4,38,135
2024-04-01 18:20:00,15,23,22,18,0,21,29,128
2024-04-01 18:30:00,12,20,20,17,0,16,37,122
2024-04-01 18:40:00,16,23,31,12,0,13,38,133
2024-04-01 18:50:00,15,29,27,15,0,14,45,145
2024-04-01 19:00:00,17,23,31,17,0,9,41,138
2024-04-01 19:10:00,19,30,18,20,0,15,38,140
2024-04-01 19:20:00,20,27,30,27,0,11,37,152
2024-04-01 19:30:00,22,29,27,15,0,11,39,143
2024-04-01 19:40:00,21,26,18,17,0,20,46,148
2024-04-01 19:50:00,16,18,24,14,0,9,34,115
2024-04-01 20:00:00,20,26,23,8,0,18,41,136
2024-04-01 20:10:00,16,25,25,15,0,12,31,124
2024-04-01 20:20:00,24,21,13,9,0,25,31,123
2024-04-01 20:30:00,24,24,16,16,0,17,43,140
2024-04-01 20:40:00,20,17,17,12,0,17,45,128
2024-04-01 20:50:00,22,23,16,20,0,11,29,121
2024-04-01 21:00:00,18,23,11,18,0,21,55,146
2024-04-01 21:10:00,25,29,21,13,0,27,83,198
2024-04-01 21:20:00,14,23,20,10,0,25,46,138
2024-04-01 21:30:00,13,21,19,7,0,23,52,135
2024-04-01 21:40:00,22,28,17,11,0,16,25,119
2024-04-01 21:50:00,17,21,15,11,0,7,36,107
2024-04-01 22:00:00,12,18,15,16,0,11,33,105
2024-04-01 22:10:00,19,23,8,5,0,12,27,94
2024-04-01 22:20:00,11,11,14,11,0,13,28,88
2024-04-01 22:30:00,12,16,11,3,0,14,31,87
2024-04-01 22:40:00,12,14,10,7,0,6,11,60
2024-04-01 22:50:00,16,14,15,4,0,5,21,75
2024-04-01 23:00:00,21,28,7,7,0,14,20,97
2024-04-01 23:10:00,16,16,10,6,0,10,17,75
2024-04-01 23:20:00,13,9,4,5,0,7,22,60
2024-04-01 23:30:00,8,7,7,1,0,4,26,53
2024-04-01 23:40:00,7,13,5,3,0,2,21,51
2024-04-01 23:50:00,6,13,3,4,0,2,8,36
2024-04-02 00:00:00,11,11,2,4,0,4,5,37
2024-04-02 00:10:00,9,11,1,3,0,4,16,44
2024-04-02 00:20:00,1,8,4,1,0,2,13,29
2024-04-02 00:30:00,3,9,3,2,0,7,3,27
2024-04-02 00:40:00,2,6,0,3,0,3,9,23
2024-04-02 00:50:00,1,7,0,1,0,4,11,24
2024-04-02 01:00:00,6,4,2,1,0,4,5,22
2024-04-02 01:10:00,4,5,2,1,0,2,3,17
2024-04-02 01:20:00,3,1,2,1,0,2,4,13
2024-04-02 01:30:00,1,0,0,0,0,4,5,10
2024-04-02 01:40:00,0,2,0,0,0,2,6,10
2024-04-02 01:50:00,2,6,1,1,0,3,6,19
2024-04-02 02:00:00,0,3,3,2,0,0,4,12
2024-04-02 02:10:00,0,1,3,2,0,2,2,10
2024-04-02 02:20:00,2,5,1,0,0,0,0,8
2024-04-02 02:30:00,1,3,1,4,0,2,3,14
2024-04-02 02:40:00,2,4,0,1,0,3,8,18
2024-04-02 02:50:00,1,1,3,0,0,0,0,5
2024-04-02 03:00:00,1,1,1,0,0,0,4,7
2024-04-02 03:10:00,2,0,1,2,0,0,2,7
2024-04-02 03:20:00,1,3,0,0,0,2,2,8
2024-04-02 03:30:00,0,0,1,0,0,2,1,4
2024-04-02 03:40:00,1,2,0,0,0,3,8,14
2024-04-02 03:50:00,1,2,0,0,0,1,7,11
2024-04-02 04:00:00,2,2,2,0,0,0,0,6
2024-04-02 04:10:00,2,2,2,0,0,2,0,8
2024-04-02 04:20:00,1,3,3,2,0,0,5,14
2024-04-02 04:30:00,2,2,6,1,0,0,15,26
2024-04-02 04:40:00,1,5,4,0,0,1,13,24
2024-04-02 04:50:00,3,4,8,0,0,2,16,33
2024-04-02 05:00:00,3,1,6,2,0,7,24,43
2024-04-02 05:10:00,3,5,3,2,0,11,32,56
2024-04-02 05:20:00,5,5,9,5,0,6,41,71
2024-04-02 05:30:00,3,11,23,3,0,18,51,109
2024-04-02 05:40:00,10,9,15,11,0,24,63,132
2024-04-02 05:50:00,10,13,16,5,0,36,46,126
2024-04-02 06:00:00,9,20,19,4,0,36,63,151
2024-04-02 06:10:00,9,14,27,15,0,30,39,134
2024-04-02 06:20:00,11,21,27,18,0,59,65,201
2024-04-02 06:30:00,11,17,33,20,0,50,65,196
2024-04-02 06:40:00,15,22,41,18,0,77,80,253
2024-04-02 06:50:00,13,16,45,26,0,63,66,229
2024-04-02 07:00:00,9,17,48,19,0,54,72,219
2024-04-02 07:10:00,16,24,50,26,0,37,61,214
2024-04-02 07:20:00,20,25,55,29,0,50,59,238
2024-04-02 07:30:00,21,26,46,20,0,58,76,247
2024-04-02 07:40:00,19,28,45,23,0,47,68,230
2024-04-02 07:50:00,22,26,48,37,0,52,67,252
2024-04-02 08:00:00,15,23,24,24,0,33,64,183
2024-04-02 08:10:00,21,29,58,34,0,54,64,260
2024-04-02 08:20:00,20,22,52,29,0,56,68,247
2024-04-02 08:30:00,21,34,49,27,0,58,56,245
2024-04-02 08:40:00,28,22,51,25,0,108,71,305
2024-04-02 08:50:00,28,23,60,37,0,38,61,247
2024-04-02 09:00:00,15,24,39,18,0,43,66,205
2024-04-02 09:10:00,24,22,36,22,0,30,60,194
2024-04-02 09:20:00,22,35,28,24,0,32,78,219
2024-04-02 09:30:00,17,23,31,13,0,37,74,195
2024-04-02 09:40:00,19,28,47,23,0,24,61,202
2024-04-02 09:50:00,21,26,41,26,0,20,66,200
2024-04-02 10:00:00,17,25,47,20,0,21,60,190
2024-04-02 10:10:00,31,30,43,16,0,28,72,220
2024-04-02 10:20:00,21,32,30,17,0,25,53,178
2024-04-02 10:30:00,29,34,37,14,0,22,67,203
2024-04-02 10:40:00,25,37,38,20,0,28,73,221
2024-04-02 10:50:00,23,33,28,20,0,24,67,195
2024-04-02 11:00:00,25,34,30,20,0,27,67,203
2024-04-02 11:10:00,24,42,37,20,0,23,71,217
2024-04-02 11:20:00,23,34,37,26,0,24,56,200
2024-04-02 11:30:00,25,44,33,15,0,18,52,187
2024-04-02 11:40:00,28,28,42,26,0,26,72,222
2024-04-02 11:50:00,24,31,36,23,0,15,51,180
2024-04-02 12:00:00,26,38,36,18,0,23,47,188
2024-04-02 12:10:00,22,44,34,32,0,20,54,206
2024-04-02 12:20:00,22,41,44,27,0,24,52,210
2024-04-02 12:30:00,29,37,32,15,0,26,60,199
2024-04-02 12:40:00,28,40,34,31,0,23,59,215
2024-04-02 12:50:00,24,37,48,19,0,20,66,214
2024-04-02 13:00:00,25,29,45,13,0,16,57,185
2024-04-02 13:10:00,27,41,44,22,0,19,48,201
2024-04-02 13:20:00,35,36,36,29,0,24,68,228
2024-04-02 13:30:00,38,45,35,19,0,24,62,223
2024-04-02 13:40:00,29,37,37,22,0,17,54,196
2024-04-02 13:50:00,27,31,35,19,0,36,59,207
2024-04-02 14:00:00,26,34,34,21,0,19,47,181
2024-04-02 14:10:00,33,45,30,18,0,25,58,209
2024-04-02 14:20:00,36,41,27,21,0,25,50,200
2024-04-02 14:30:00,33,31,35,28,0,23,46,196
2024-04-02 14:40:00,41,34,39,29,0,30,65,238
2024-04-02 14:50:00,31,38,33,40,0,20,45,207
2024-04-02 15:00:00,35,35,43,33,0,29,67,242
2024-04-02 15:10:00,39,42,34,15,0,28,66,224
2024-04-02 15:20:00,39,50,44,23,0,29,66,251
2024-04-02 15:30:00,41,36,29,24,0,16,60,206
2024-04-02 15:40:00,45,40,57,30,0,20,61,253
2024-04-02 15:50:00,33,36,34,30,0,20,65,218
2024-04-02 16:00:00,34,29,41,26,0,16,58,204
2024-04-02 16:10:00,33,33,49,28,0,27,70,240
2024-04-02 16:20:00,28,30,38,33,0,16,52,197
2024-04-02 16:30:00,29,27,42,33,0,23,70,224
2024-04-02 16:40:00,29,28,42,40,0,27,67,233
2024-04-02 16:50:00,31,39,35,27,0,28,72,232
2024-04-02 17:00:00,27,27,35,31,0,20,53,193
2024-04-02 17:10:00,37,35,59,35,0,20,65,251
2024-04-02 17:20:00,30,30,43,34,0,22,57,216
2024-04-02 17:30:00,35,32,41,33,0,23,59,223
2024-04-02 17:40:00,36,37,47,39,0,23,66,248
2024-04-02 17:50:00,32,33,46,26,0,25,58,220
2024-04-02 18:00:00,31,25,32,19,0,15,49,171
2024-04-02 18:10:00,30,29,28,23,0,12,50,172
2024-04-02 18:20:00,32,26,38,39,0,28,56,219
2024-04-02 18:30:00,34,38,34,26,0,21,39,192
2024-04-02 18:40:00,25,24,37,24,0,16,60,186
2024-04-02 18:50:00,27,27,28,24,0,33,46,185
2024-04-02 19:00:00,25,23,27,24,0,13,36,148
2024-04-02 19:10:00,23,24,27,20,0,12,45,151
2024-04-02 19:20:00,20,28,31,12,0,18,34,143
2024-04-02 19:30:00,28,38,23,21,0,18,33,161
2024-04-02 19:40:00,19,33,25,14,0,12,25,128
2024-04-02 19:50:00,23,39,22,12,0,14,36,146
2024-04-02 20:00:00,18,23,17,10,0,9,25,102
2024-04-02 20:10:00,36,34,18,12,0,13,31,144
2024-04-02 20:20:00,13,28,19,18,0,11,39,128
2024-04-02 20:30:00,21,25,21,13,0,14,38,132
2024-04-02 20:40:00,12,18,18,4,0,10,33,95
2024-04-02 20:50:00,11,22,17,10,0,11,38,109
2024-04-02 21:00:00,14,21,15,4,0,12,42,108
2024-04-02 21:10:00,18,26,22,7,0,21,55,149
2024-04-02 21:20:00,15,30,14,11,0,20,61,151
2024-04-02 21:30:00,8,23,21,9,0,14,62,137
2024-04-02 21:40:00,12,24,16,8,0,7,40,107
2024-04-02 21:50:00,8,23,14,4,0,8,35,92
2024-04-02 22:00:00,4,25,18,6,0,3,34,90
2024-04-02 22:10:00,8,28,11,12,0,12,30,101
2024-04-02 22:20:00,8,29,9,7,0,9,29,91
2024-04-02 22:30:00,13,22,12,6,0,7,13,73
2024-04-02 22:40:00,18,25,12,5,0,6,21,87
2024-04-02 22:50:00,10,29,15,3,0,4,11,72
2024-04-02 23:00:00,12,35,12,8,0,9,20,96
2024-04-02 23:10:00,13,26,11,6,0,1,22,79
2024-04-02 23:20:00,8,18,2,3,0,4,17,52
2024-04-02 23:30:00,9,19,5,6,0,6,5,50
2024-04-02 23:40:00,9,12,7,1,0,7,16,52
2024-04-02 23:50:00,5,14,5,5,0,3,14,46
2024-04-03 00:00:00,3,10,1,4,0,4,7,29
2024-04-03 00:10:00,9,16,9,1,0,0,7,42
2024-04-03 00:20:00,3,5,4,0,0,2,9,23
2024-04-03 00:30:00,3,7,5,2,0,2,6,25
2024-04-03 00:40:00,4,6,5,4,0,2,6,27
2024-04-03 00:50:00,2,4,1,2,0,3,3,15
2024-04-03 01:00:00,4,7,7,3,0,8,6,35
2024-04-03 01:10:00,2,5,2,0,0,2,4,15
2024-04-03 01:20:00,1,0,2,2,0,0,4,9
2024-04-03 01:30:00,6,7,2,0,0,4,7,26
2024-04-03 01:40:00,0,4,0,0,0,0,3,7
2024-04-03 01:50:00,0,1,0,2,0,0,4,7
2024-04-03 02:00:00,2,5,0,2,0,6,3,18
2024-04-03 02:10:00,1,4,1,0,0,2,2,10
2024-04-03 02:20:00,1,4,1,0,0,4,9,19
2024-04-03 02:30:00,0,1,1,2,0,0,5,9
2024-04-03 02:40:00,3,3,1,0,0,0,2,9
2024-04-03 02:50:00,12,3,0,0,0,2,4,21
2024-04-03 03:00:00,1,2,0,1,0,4,2,10
2024-04-03 03:10:00,2,4,0,0,0,3,2,11
2024-04-03 03:20:00,2,4,2,0,0,0,0,8
2024-04-03 03:30:00,2,2,1,0,0,2,8,15
2024-04-03 03:40:00,3,4,0,1,0,2,5,15
2024-04-03 03:50:00,0,1,0,0,0,0,6,7
2024-04-03 04:00:00,0,3,1,1,0,2,3,10
2024-04-03 04:10:00,2,2,1,0,0,4,3,12
2024-04-03 04:20:00,2,2,1,1,0,4,5,15
2024-04-03 04:30:00,4,5,2,1,0,4,4,20
2024-04-03 04:40:00,6,11,2,0,0,1,12,32
2024-04-03 04:50:00,1,1,4,0,0,5,16,27
2024-04-03 05:00:00,5,7,5,1,0,11,17,46
2024-04-03 05:10:00,4,7,9,2,0,12,32,66
2024-04-03 05:20:00,8,12,8,0,0,20,30,78
2024-04-03 05:30:00,13,20,21,6,0,31,57,148
2024-04-03 05:40:00,11,15,22,7,0,23,57,135
2024-04-03 05:50:00,16,15,9,5,0,41,45,131
2024-04-03 06:00:00,11,16,20,6,0,37,42,132
2024-04-03 06:10:00,14,21,28,15,0,42,47,167
2024-04-03 06:20:00,14,28,29,16,0,54,57,198
2024-04-03 06:30:00,10,21,35,18,0,56,73,213
2024-04-03 06:40:00,10,32,31,15,0,58,95,241
2024-04-03 06:50:00,7,28,56,20,0,47,55,213
2024-04-03 07:00:00,2,30,48,23,0,46,61,210
2024-04-03 07:10:00,7,31,37,25,0,54,63,217
2024-04-03 07:20:00,3,39,46,31,0,42,52,213
2024-04-03 07:30:00,6,38,48,26,0,64,70,252
2024-04-03 07:40:00,5,44,60,26,0,58,67,260
2024-04-03 07:50:00,4,33,48,38,0,52,64,239
2024-04-03 08:00:00,7,39,62,39,0,42,48,237
2024-04-03 08:10:00,6,41,67,30,0,51,69,264
2024-04-03 08:20:00,8,36,60,25,0,59,57,245
2024-04-03 08:30:00,11,41,55,32,0,44,64,247
2024-04-03 08:40:00,10,43,56,31,0,52,84,276
2024-04-03 08:50:00,15,33,57,29,0,43,71,248
2024-04-03 09:00:00,7,29,50,23,0,35,61,205
2024-04-03 09:10:00,10,27,45,27,0,23,59,191
2024-04-03 09:20:00,7,39,31,23,0,30,71,201
2024-04-03 09:30:00,14,27,28,16,0,37,74,196
2024-04-03 09:40:00,18,33,45,22,0,37,62,217
2024-04-03 09:50:00,12,34,36,24,0,25,75,206
2024-04-03 10:00:00,21,30,47,19,0,26,63,206
2024-04-03 10:10:00,11,26,39,18,0,24,67,185
2024-04-03 10:20:00,14,36,51,21,0,36,62,220
2024-04-03 10:30:00,15,54,34,24,0,26,74,227
2024-04-03 10:40:00,11,49,34,19,0,21,50,184
2024-04-03 10:50:00,11,49,44,30,0,25,66,225
2024-04-03 11:00:00,11,35,37,21,0,28,62,194
2024-04-03 11:10:00,14,39,41,23,0,24,57,198
2024-04-03 11:20:00,8,59,23,17,0,20,45,172
2024-04-03 11:30:00,14,38,51,22,0,27,84,236
2024-04-03 11:40:00,22,41,30,22,0,21,57,193
2024-04-03 11:50:00,16,47,42,20,0,20,55,200
2024-04-03 12:00:00,10,40,47,23,0,18,53,191
2024-04-03 12:10:00,20,53,46,31,0,16,61,227
2024-04-03 12:20:00,15,52,42,26,0,19,57,211
2024-04-03 12:30:00,19,46,38,30,0,21,59,213
2024-04-03 12:40:00,17,35,43,26,0,25,60,206
2024-04-03 12:50:00,10,51,39,27,0,20,55,202
2024-04-03 13:00:00,14,51,35,25,0,20,55,200
2024-04-03 13:10:00,24,45,33,17,0,28,53,200
2024-04-03 13:20:00,12,51,42,27,0,25,60,217
2024-04-03 13:30:00,13,52,36,20,0,28,62,211
2024-04-03 13:40:00,21,47,29,22,0,19,65,203
2024-04-03 13:50:00,13,48,29,27,0,24,74,215
2024-04-03 14:00:00,19,62,34,23,0,20,56,214
2024-04-03 14:10:00,18,52,28,21,0,21,53,193
2024-04-03 14:20:00,16,54,46,25,0,25,42,208
2024-04-03 14:30:00,23,47,34,21,0,22,54,201
2024-04-03 14:40:00,27,40,50,29,0,23,54,223
2024-04-03 14:50:00,29,31,32,18,0,28,66,204
2024-04-03 15:00:00,31,31,44,29,0,16,52,203
2024-04-03 15:10:00,37,37,45,29,0,23,55,226
2024-04-03 15:20:00,32,34,36,31,0,19,64,216
2024-04-03 15:30:00,38,45,40,31,0,26,53,233
2024-04-03 15:40:00,28,29,42,31,0,34,59,223
2024-04-03 15:50:00,39,36,36,28,0,37,62,238
2024-04-03 16:00:00,35,36,45,36,0,18,76,246
2024-04-03 16:10:00,22,31,44,31,0,19,65,212
2024-04-03 16:20:00,25,29,44,32,0,17,53,200
2024-04-03 16:30:00,23,36,40,21,0,24,77,221
2024-04-03 16:40:00,21,30,38,32,0,34,57,212
2024-04-03 16:50:00,30,32,35,31,0,15,69,212
2024-04-03 17:00:00,35,27,43,30,0,13,53,201
2024-04-03 17:10:00,32,31,46,37,0,23,59,228
2024-04-03 17:20:00,31,30,45,19,0,21,53,199
2024-04-03 17:30:00,28,30,44,31,0,26,65,224
2024-04-03 17:40:00,26,34,29,27,0,29,55,200
2024-04-03 17:50:00,25,31,39,33,0,18,53,199
2024-04-03 18:00:00,22,25,36,25,0,14,59,181
2024-04-03 18:10:00,37,39,53,29,0,26,59,243
2024-04-03 18:20:00,28,32,46,26,0,18,46,196
2024-04-03 18:30:00,33,37,36,27,0,11,48,192
2024-04-03 18:40:00,41,37,32,21,0,20,50,201
2024-04-03 18:50:00,25,43,26,16,0,12,41,163
2024-04-03 19:00:00,1,41,31,17,0,8,48,146
2024-04-03 19:10:00,3,49,31,22,0,13,35,153
2024-04-03 19:20:00,3,53,26,13,0,20,44,159
2024-04-03 19:30:00,1,52,18,19,0,7,42,139
2024-04-03 19:40:00,19,34,25,24,0,11,38,151
2024-04-03 19:50:00,20,33,26,18,0,15,33,145
2024-04-03 20:00:00,21,25,17,6,0,8,24,101
2024-04-03 20:10:00,18,27,30,19,0,14,37,145
2024-04-03 20:20:00,15,13,21,10,0,13,38,110
2024-04-03 20:30:00,14,24,18,6,0,17,38,117
2024-04-03 20:40:00,10,34,25,10,0,17,36,132
2024-04-03 20:50:00,9,31,16,11,0,11,38,116
2024-04-03 21:00:00,9,22,17,6,0,22,39,115
2024-04-03 21:10:00,13,31,12,11,0,23,50,140
2024-04-03 21:20:00,14,34,22,14,0,23,71,178
2024-04-03 21:30:00,10,28,17,8,0,11,53,127
2024-04-03 21:40:00,11,34,13,12,0,9,31,110
2024-04-03 21:50:00,12,30,8,6,0,9,48,113
2024-04-03 22:00:00,20,29,16,7,0,12,25,109
2024-04-03 22:10:00,12,22,14,8,0,13,35,104
2024-04-03 22:20:00,10,24,9,8,0,12,33,96
2024-04-03 22:30:00,21,22,17,6,0,6,29,101
2024-04-03 22:40:00,19,23,12,7,0,6,11,78
2024-04-03 22:50:00,27,30,8,10,0,24,34,133
2024-04-03 23:00:00,13,16,8,11,0,16,20,84
2024-04-03 23:10:00,19,22,9,8,0,11,13,82
2024-04-03 23:20:00,17,18,8,5,0,11,16,75
2024-04-03 23:30:00,14,15,6,3,0,9,13,60
2024-04-03 23:40:00,15,15,5,1,0,7,5,48
2024-04-03 23:50:00,13,17,5,2,0,7,12,56
2024-04-04 00:00:00,9,10,2,1,0,3,9,34
2024-04-04 00:10:00,5,9,8,1,0,4,11,38
2024-04-04 00:20:00,12,12,2,3,0,5,6,40
2024-04-04 00:30:00,6,9,3,3,0,9,11,41
2024-04-04 00:40:00,9,10,3,2,0,3,9,36
2024-04-04 00:50:00,5,5,1,1,0,4,4,20
2024-04-04 01:00:00,8,8,3,1,0,5,11,36
2024-04-04 01:10:00,9,8,4,1,0,2,6,30
2024-04-04 01:20:00,4,4,2,1,0,5,3,19
2024-04-04 01:30:00,2,2,1,1,0,4,5,15
2024-04-04 01:40:00,4,4,0,1,0,6,11,26
2024-04-04 01:50:00,3,6,2,0,0,7,4,22
2024-04-04 02:00:00,5,5,1,2,0,2,4,19
2024-04-04 02:10:00,4,4,0,0,0,0,1,9
2024-04-04 02:20:00,3,4,2,0,0,1,0,10
2024-04-04 02:30:00,3,3,0,2,0,2,4,14
2024-04-04 02:40:00,0,0,1,2,0,0,0,3
2024-04-04 02:50:00,3,3,2,0,0,1,1,10
2024-04-04 03:00:00,3,4,3,0,0,1,5,16
2024-04-04 03:10:00,3,3,2,0,0,0,3,11
2024-04-04 03:20:00,4,5,2,0,0,0,2,13
2024-04-04 03:30:00,3,3,0,0,0,1,2,9
2024-04-04 03:40:00,1,1,0,0,0,0,4,6
2024-04-04 03:50:00,2,2,1,1,0,2,6,14
2024-04-04 04:00:00,1,1,1,1,0,2,4,10
2024-04-04 04:10:00,2,4,1,0,0,6,11,24
2024-04-04 04:20:00,3,3,1,1,0,2,4,14
2024-04-04 04:30:00,3,3,1,1,0,6,15,29
2024-04-04 04:40:00,6,5,1,0,0,4,11,27
2024-04-04 04:50:00,3,4,5,2,0,6,10,30
2024-04-04 05:00:00,6,4,6,0,0,10,21,47
2024-04-04 05:10:00,7,7,9,2,0,17,34,76
2024-04-04 05:20:00,3,3,7,3,0,11,28,55
2024-04-04 05:30:00,12,14,15,5,0,32,49,127
2024-04-04 05:40:00,13,16,13,3,0,35,67,147
2024-04-04 05:50:00,18,17,17,7,0,37,46,142
2024-04-04 06:00:00,13,16,21,10,0,34,31,125
2024-04-04 06:10:00,16,23,23,14,0,44,44,164
2024-04-04 06:20:00,20,20,24,17,0,45,57,183
2024-04-04 06:30:00,18,25,39,12,0,61,45,200
2024-04-04 06:40:00,17,28,43,16,0,72,68,244
2024-04-04 06:50:00,16,22,49,22,0,42,49,200
2024-04-04 07:00:00,17,31,48,23,0,43,55,217
2024-04-04 07:10:00,10,18,53,21,0,38,57,197
2024-04-04 07:20:00,8,36,58,28,0,43,64,237
2024-04-04 07:30:00,12,41,39,31,0,55,83,261
2024-04-04 07:40:00,6,36,52,26,0,47,70,237
2024-04-04 07:50:00,21,31,57,28,0,39,58,234
2024-04-04 08:00:00,9,38,49,34,0,53,59,242
2024-04-04 08:10:00,13,40,65,46,0,53,61,278
2024-04-04 08:20:00,5,32,59,35,0,57,58,246
2024-04-04 08:30:00,9,27,43,24,0,42,71,216
2024-04-04 08:40:00,8,45,66,30,0,54,78,281
2024-04-04 08:50:00,13,34,51,32,0,45,59,234
2024-04-04 09:00:00,4,32,38,20,0,47,67,208
2024-04-04 09:10:00,5,29,45,21,0,27,59,186
2024-04-04 09:20:00,10,37,43,21,0,36,76,223
2024-04-04 09:30:00,4,45,33,16,0,29,70,197
2024-04-04 09:40:00,3,49,45,13,0,27,72,209
2024-04-04 09:50:00,10,49,40,17,0,29,73,218
2024-04-04 10:00:00,7,44,43,16,0,21,68,199
2024-04-04 10:10:00,6,46,35,21,0,26,54,188
2024-04-04 10:20:00,19,49,41,19,0,22,56,206
2024-04-04 10:30:00,9,49,45,28,0,11,59,201
2024-04-04 10:40:00,7,45,31,25,0,63,58,229
2024-04-04 10:50:00,5,51,40,30,0,21,59,206
2024-04-04 11:00:00,10,47,35,27,0,25,64,208
2024-04-04 11:10:00,10,55,31,22,0,18,72,208
2024-04-04 11:20:00,7,64,43,14,0,20,48,196
2024-04-04 11:30:00,10,62,45,19,0,25,56,217
2024-04-04 11:40:00,9,45,37,19,0,28,65,203
2024-04-04 11:50:00,5,48,49,21,0,33,68,224
2024-04-04 12:00:00,9,47,28,31,0,17,55,187
2024-04-04 12:10:00,20,56,37,36,0,23,62,234
2024-04-04 12:20:00,31,36,35,15,0,19,50,186
2024-04-04 12:30:00,29,43,38,26,0,24,61,221
2024-04-04 12:40:00,27,34,37,27,0,21,67,213
2024-04-04 12:50:00,26,27,34,20,0,24,66,197
2024-04-04 13:00:00,28,28,30,13,0,18,59,176
2024-04-04 13:10:00,27,44,42,17,0,21,46,197
2024-04-04 13:20:00,29,41,27,22,0,19,52,190
2024-04-04 13:30:00,33,41,42,27,0,19,73,235
2024-04-04 13:40:00,24,42,38,18,0,49,51,222
2024-04-04 13:50:00,25,43,46,20,0,16,54,204
2024-04-04 14:00:00,30,41,32,19,0,21,58,201
2024-04-04 14:10:00,34,40,41,17,0,26,57,215
2024-04-04 14:20:00,38,43,34,22,0,25,65,227
2024-04-04 14:30:00,36,39,36,22,0,30,53,216
2024-04-04 14:40:00,38,46,44,25,0,25,65,243
2024-04-04 14:50:00,27,23,44,42,0,17,53,206
2024-04-04 15:00:00,28,29,39,34,0,20,61,211
2024-04-04 15:10:00,27,28,52,31,0,25,64,227
2024-04-04 15:20:00,25,31,45,22,0,26,68,217
2024-04-04 15:30:00,32,37,40,36,0,19,62,226
2024-04-04 15:40:00,32,29,37,29,0,25,83,235
2024-04-04 15:50:00,32,29,34,25,0,17,69,206
2024-04-04 16:00:00,37,35,47,26,0,33,54,232
2024-04-04 16:10:00,25,26,44,31,0,16,69,211
2024-04-04 16:20:00,36,36,31,28,0,25,68,224
2024-04-04 16:30:00,37,32,36,31,0,25,32,193
2024-04-04 16:40:00,45,41,50,28,0,27,70,261
2024-04-04 16:50:00,29,33,41,40,0,22,58,223
2024-04-04 17:00:00,28,32,44,26,0,13,50,193
2024-04-04 17:10:00,25,32,33,23,0,25,94,232
2024-04-04 17:20:00,32,34,45,33,0,8,53,205
2024-04-04 17:30:00,31,33,35,38,0,18,55,210
2024-04-04 17:40:00,40,42,42,22,0,26,54,226
2024-04-04 17:50:00,30,30,24,34,0,27,68,213
2024-04-04 18:00:00,31,28,35,29,0,31,62,216
2024-04-04 18:10:00,35,33,56,25,0,18,48,215
2024-04-04 18:20:00,30,30,39,38,0,24,52,213
2024-04-04 18:30:00,42,29,38,32,0,18,45,204
2024-04-04 18:40:00,39,40,38,27,0,16,54,214
2024-04-04 18:50:00,28,31,37,16,0,21,47,180
2024-04-04 19:00:00,40,29,19,19,0,13,42,162
2024-04-04 19:10:00,26,40,40,25,0,16,45,192
2024-04-04 19:20:00,2,48,35,23,0,17,45,170
2024-04-04 19:30:00,9,35,24,25,0,17,41,151
2024-04-04 19:40:00,5,38,30,19,0,12,37,141
2024-04-04 19:50:00,12,34,28,15,0,10,36,135
2024-04-04 20:00:00,5,27,17,14,0,20,25,108
2024-04-04 20:10:00,42,40,28,15,0,22,27,174
2024-04-04 20:20:00,14,28,22,15,0,13,31,123
2024-04-04 20:30:00,13,29,24,8,0,15,42,131
2024-04-04 20:40:00,18,32,17,8,0,13,34,122
2024-04-04 20:50:00,27,33,11,11,0,15,44,141
2024-04-04 21:00:00,20,33,9,6,0,12,41,121
2024-04-04 21:10:00,26,35,15,16,0,20,67,179
2024-04-04 21:20:00,25,27,13,6,0,12,51,134
2024-04-04 21:30:00,19,21,17,8,0,30,34,129
2024-04-04 21:40:00,26,28,18,7,0,31,42,152
2024-04-04 21:50:00,23,27,16,11,0,12,21,110
2024-04-04 22:00:00,24,26,7,10,0,17,24,108
2024-04-04 22:10:00,19,28,13,8,0,15,20,103
2024-04-04 22:20:00,20,26,14,4,0,22,30,116
2024-04-04 22:30:00,26,27,9,9,0,21,33,125
2024-04-04 22:40:00,21,22,16,7,0,16,23,105
2024-04-04 22:50:00,20,24,7,9,0,10,20,90
2024-04-04 23:00:00,17,22,11,12,0,10,12,84
2024-04-04 23:10:00,18,26,16,8,0,21,23,112
2024-04-04 23:20:00,11,13,7,5,0,12,10,58
2024-04-04 23:30:00,16,20,12,3,0,10,12,73
2024-04-04 23:40:00,15,17,11,3,0,16,17,79
2024-04-04 23:50:00,12,15,6,4,0,16,15,68
2024-04-05 00:00:00,10,11,5,4,0,6,13,49
2024-04-05 00:10:00,8,6,5,1,0,5,6,31
2024-04-05 00:20:00,10,12,4,1,0,9,9,45
2024-04-05 00:30:00,13,14,3,3,0,13,14,60
2024-04-05 00:40:00,10,11,3,3,0,3,7,37
2024-04-05 00:50:00,5,5,1,2,0,7,2,22
2024-04-05 01:00:00,5,6,6,2,0,5,8,32
2024-04-05 01:10:00,7,8,4,0,0,3,8,30
2024-04-05 01:20:00,4,5,3,1,0,4,6,23
2024-04-05 01:30:00,1,1,1,1,0,3,3,10
2024-04-05 01:40:00,2,2,2,1,0,4,9,20
2024-04-05 01:50:00,5,5,3,0,0,1,3,17
2024-04-05 02:00:00,0,0,0,0,0,0,0,0
